student 0: 1 39 10 16 31 38 17 29 50 49 21 40 42 46 22 37 8 30 18 24 20 12 23 13 5 3 25 9 45 11 6 27 32 2 44 48 34 35 47 33 26 14 28 19 36 4 41 43 7 15 
student 1: 3 39 11 18 25 36 21 30 48 44 20 45 42 49 19 34 6 28 15 27 22 14 23 10 2 7 29 8 47 13 9 31 33 5 43 50 32 35 46 41 24 17 26 16 38 1 37 40 4 12 
student 2: 1 37 11 14 28 38 21 32 47 45 17 44 41 46 22 35 5 30 18 24 19 16 23 12 3 8 26 9 50 15 10 33 31 6 43 49 29 36 48 34 25 13 27 20 39 2 40 42 4 7 
student 3: 1 39 16 17 27 35 20 31 47 42 15 44 40 50 23 38 9 29 19 24 21 14 22 12 4 8 26 5 49 10 11 30 33 3 45 46 32 34 48 37 25 13 28 18 43 6 36 41 2 7 
student 4: 1 39 10 17 32 36 18 31 46 42 21 35 41 50 20 38 8 26 15 25 22 14 27 11 3 7 30 9 49 13 12 28 33 5 48 47 29 34 45 37 23 16 24 19 40 4 43 44 2 6 
student 5: 1 39 9 14 30 38 21 31 47 46 20 42 41 50 23 35 8 28 16 27 22 17 26 13 2 6 25 7 48 11 12 29 34 4 45 49 37 33 44 32 19 15 24 18 40 3 36 43 5 10 
student 6: 2 45 10 15 29 38 19 26 46 47 22 41 40 49 21 34 7 30 18 25 20 16 24 14 3 5 28 11 44 13 9 32 31 6 43 50 33 36 48 35 23 8 27 17 37 4 39 42 1 12 
student 7: 5 36 10 16 27 43 19 29 44 47 17 41 38 50 24 35 6 37 18 21 22 14 23 11 1 8 28 7 49 13 12 33 32 3 46 45 31 34 48 30 26 15 25 20 39 4 42 40 2 9 
student 8: 4 41 11 15 28 37 16 29 49 44 12 43 40 50 23 33 10 19 17 26 21 20 24 13 2 6 30 3 47 14 8 31 34 7 45 48 35 36 46 32 25 18 27 22 38 5 39 42 1 9 
student 9: 1 43 10 18 29 37 21 31 46 45 19 39 41 50 23 35 8 25 17 24 20 14 22 13 2 7 30 9 49 15 11 27 36 4 47 48 34 33 42 32 28 12 26 16 44 5 38 40 3 6 
student 10: 1 40 12 11 29 37 20 30 46 44 17 39 41 47 22 36 8 26 18 27 23 15 21 14 2 7 28 10 48 9 13 31 32 6 49 50 33 34 45 35 25 16 24 19 38 4 42 43 5 3 
student 11: 1 38 11 16 30 37 19 33 48 43 17 44 40 50 20 35 6 26 18 23 21 15 25 12 2 5 29 8 49 13 10 32 31 4 45 47 27 36 46 34 24 14 28 22 39 9 42 41 3 7 
student 12: 2 41 13 16 29 36 18 32 47 46 11 44 42 48 23 37 7 28 19 25 22 14 24 10 8 5 27 6 50 15 9 30 33 1 39 49 34 31 45 35 21 17 26 20 38 4 40 43 3 12 
student 13: 2 38 14 18 28 37 19 30 50 46 17 42 45 48 24 36 8 29 20 25 21 15 22 13 1 7 26 9 43 10 11 33 32 5 39 49 34 31 47 35 23 12 27 16 40 4 41 44 3 6 
student 14: 3 41 10 14 28 35 21 31 48 39 20 44 38 46 26 36 7 29 16 24 22 15 19 12 2 5 25 6 49 13 11 33 32 4 45 50 30 43 47 34 23 17 27 18 37 8 40 42 1 9 
student 15: 3 38 13 15 30 29 22 32 47 46 20 43 41 49 18 39 10 24 17 26 23 14 19 12 1 6 31 8 48 7 11 28 34 5 44 50 33 36 45 35 25 16 27 21 40 4 37 42 2 9 
student 16: 2 38 9 16 29 37 21 31 47 42 19 44 40 48 20 33 6 28 17 26 22 15 23 12 1 5 27 11 50 13 8 30 32 3 43 49 35 39 46 34 24 14 25 18 36 10 41 45 4 7 
student 17: 4 40 15 14 27 37 22 30 48 41 18 43 44 50 25 35 5 29 16 26 23 12 20 17 1 11 28 7 45 10 9 31 32 3 46 49 33 36 47 34 21 13 24 19 38 6 39 42 2 8 
student 18: 1 38 10 15 29 37 17 30 47 43 16 44 40 49 24 36 5 27 21 22 19 14 23 13 3 4 28 9 48 12 11 31 33 7 46 50 32 34 45 35 25 20 26 18 39 2 41 42 6 8 
student 19: 1 37 10 16 31 38 20 34 47 43 17 44 41 49 21 36 3 25 18 30 22 15 26 13 2 8 28 5 48 12 11 32 33 7 39 50 27 29 45 35 23 14 24 19 40 6 42 46 4 9 
student 20: 2 39 8 16 32 37 22 30 46 43 17 44 41 45 24 36 3 28 18 23 21 14 20 9 1 7 27 13 48 12 11 29 35 10 47 49 33 34 50 31 25 15 26 19 38 5 40 42 6 4 
student 21: 5 38 10 18 29 42 25 30 46 41 13 45 40 49 22 34 7 28 16 26 20 15 19 12 2 4 27 8 50 14 11 32 33 3 43 48 37 35 47 31 23 17 24 21 36 6 39 44 1 9 
student 22: 3 34 4 17 29 38 16 30 46 42 14 44 41 47 21 37 8 24 20 27 22 11 23 13 1 5 28 9 48 12 18 31 33 6 45 50 32 36 49 35 25 15 26 19 39 7 40 43 2 10 
student 23: 1 40 11 15 28 38 22 33 48 44 18 43 39 49 23 34 3 31 24 25 17 14 20 16 2 4 27 8 46 10 9 29 35 7 45 50 30 32 47 36 21 13 26 19 37 5 41 42 6 12 
student 24: 2 40 14 15 28 39 20 31 47 42 17 43 41 50 22 36 10 26 19 27 21 16 24 8 5 9 29 6 48 12 7 32 34 1 45 49 30 35 46 33 25 13 23 18 38 4 37 44 3 11 
student 25: 1 40 13 19 29 35 22 33 46 45 14 43 41 49 20 38 7 28 17 26 21 12 24 16 2 6 25 8 44 11 10 31 32 5 48 50 30 37 47 34 23 15 27 18 36 4 39 42 3 9 
student 26: 4 39 11 19 29 37 18 30 48 43 17 45 44 49 16 36 7 26 22 21 23 14 24 13 3 2 27 8 42 12 10 32 34 6 47 50 35 33 46 31 28 15 25 20 38 1 40 41 5 9 
student 27: 1 43 12 17 30 36 21 31 44 47 16 46 40 48 22 34 6 28 19 23 18 14 25 13 2 7 26 10 45 9 11 27 33 5 42 50 32 37 49 35 24 15 29 20 38 4 39 41 3 8 
student 28: 1 46 11 16 32 38 18 30 49 44 17 42 40 50 20 34 6 28 21 27 24 14 23 13 3 4 25 8 48 12 10 29 33 5 43 45 31 37 47 35 22 15 26 19 36 2 39 41 7 9 
student 29: 1 39 7 16 30 29 22 32 47 45 17 42 43 49 20 38 9 27 28 25 19 12 21 15 2 4 26 11 48 10 8 31 34 5 44 50 35 36 46 33 23 18 24 13 37 6 40 41 3 14 
student 30: 1 39 10 17 28 36 18 30 47 46 23 42 40 48 21 37 7 31 20 27 19 15 26 12 2 3 25 11 50 13 9 29 33 6 43 49 32 35 44 34 24 16 22 14 38 5 45 41 4 8 
student 31: 1 36 13 15 32 38 20 34 44 45 17 42 43 50 25 35 3 29 19 28 21 16 24 14 2 6 26 7 48 11 9 27 31 4 46 47 30 33 49 37 23 12 22 18 40 5 41 39 10 8 
student 32: 5 38 8 15 25 37 16 30 46 43 19 44 41 49 20 39 9 29 24 22 21 13 23 17 1 4 28 7 48 11 12 32 31 6 45 50 33 34 47 35 27 14 26 18 36 2 40 42 3 10 
student 33: 1 39 13 15 31 37 20 32 48 44 16 43 41 49 22 38 7 21 17 28 23 12 27 18 2 6 26 5 45 11 10 29 34 8 47 50 30 35 46 33 24 14 25 19 36 4 40 42 3 9 
student 34: 4 31 10 15 30 38 23 29 47 45 16 42 37 48 21 41 7 27 18 26 19 14 24 13 2 9 25 8 49 12 11 33 32 6 46 50 34 36 43 35 22 17 28 20 39 3 40 44 1 5 
student 35: 3 38 8 14 26 35 21 31 49 47 18 42 43 48 22 36 9 27 20 24 23 13 19 15 1 7 28 10 46 12 6 30 33 5 45 50 32 34 44 39 25 16 29 17 37 2 40 41 4 11 
student 36: 2 38 11 16 27 36 15 31 45 43 18 42 41 50 25 35 9 29 19 26 21 13 20 17 5 7 28 8 48 12 10 32 30 4 46 49 33 34 47 37 23 14 24 22 39 3 40 44 1 6 
student 37: 5 39 8 16 28 35 17 31 47 45 19 44 41 50 24 37 9 29 18 23 22 11 25 14 1 7 26 10 48 13 12 30 32 4 43 49 34 40 46 33 21 15 27 20 36 2 38 42 3 6 
student 38: 2 41 11 17 32 35 19 30 48 45 18 44 40 50 23 37 8 29 21 25 20 16 24 9 1 5 26 10 49 7 15 28 36 6 47 46 34 33 42 31 27 14 22 12 39 4 38 43 3 13 
student 39: 3 34 8 18 28 37 19 31 49 44 13 47 41 45 21 40 7 27 15 26 22 14 23 12 1 9 29 5 46 16 10 35 33 6 50 48 30 38 43 32 25 17 24 20 36 2 39 42 4 11 
student 40: 2 40 16 14 24 39 18 31 43 45 20 44 33 50 22 37 5 25 21 28 19 12 26 13 1 7 30 8 47 11 10 29 34 6 46 49 32 35 48 36 23 17 27 15 38 4 42 41 3 9 
student 41: 3 40 11 18 30 37 17 33 46 43 16 47 38 48 22 35 6 27 21 25 24 12 20 7 2 9 28 8 49 13 14 31 32 5 44 50 29 36 45 34 23 15 26 19 39 4 42 41 1 10 
student 42: 3 41 13 16 31 37 23 32 48 46 20 43 40 50 21 34 8 28 17 24 18 12 22 11 1 10 26 7 45 14 6 30 36 4 44 49 29 38 47 33 25 15 27 19 35 5 39 42 2 9 
student 43: 1 32 11 13 33 42 26 30 41 45 16 44 40 50 24 36 12 27 19 23 20 18 22 14 2 5 28 8 48 9 10 29 34 6 47 49 31 35 46 38 21 17 25 15 39 4 37 43 3 7 
student 44: 4 38 8 15 27 39 20 28 49 45 16 40 35 48 21 36 11 32 17 26 22 14 23 10 2 3 30 7 47 13 12 25 34 6 44 50 33 37 46 31 24 19 29 18 43 1 41 42 5 9 
student 45: 2 39 13 15 29 38 17 33 47 43 20 41 44 50 21 34 8 30 18 26 19 11 23 10 4 5 27 9 46 16 6 25 35 7 45 49 31 32 48 37 24 12 28 22 36 1 42 40 3 14 
student 46: 1 36 12 13 29 34 19 30 48 43 16 40 46 49 23 39 5 28 21 22 20 15 27 17 2 6 26 8 47 9 11 32 35 7 44 50 33 37 45 31 25 14 24 18 38 4 41 42 3 10 
student 47: 2 42 12 14 30 34 15 29 50 46 20 44 40 45 24 28 7 31 16 27 19 21 23 13 1 4 26 9 48 10 8 32 33 6 43 49 35 41 47 37 22 18 25 17 36 3 38 39 5 11 
student 48: 1 42 10 15 34 38 18 32 47 43 16 41 44 50 19 37 6 30 17 27 23 14 24 12 2 9 20 5 48 13 11 33 28 4 45 49 26 36 46 31 25 21 29 22 40 8 35 39 3 7 
student 49: 4 41 10 16 30 34 21 29 45 43 17 42 36 46 15 39 9 28 19 25 22 13 23 11 1 3 27 7 50 18 12 31 35 6 47 48 32 38 49 33 24 14 26 20 40 2 44 37 5 8 
student 50: 4 42 11 19 34 39 16 29 47 50 17 44 35 49 26 36 9 25 18 24 21 10 27 13 1 8 28 6 48 14 12 31 33 2 45 46 32 30 43 37 22 15 23 20 38 5 40 41 3 7 
student 51: 2 41 11 16 27 36 20 34 46 47 17 42 44 48 22 37 8 30 15 25 21 18 23 14 3 6 28 7 40 12 10 29 32 4 49 50 31 33 45 35 24 13 26 19 39 1 43 38 5 9 
student 52: 3 39 13 17 40 36 20 28 45 43 18 41 42 50 21 34 8 26 15 25 24 12 27 16 4 5 23 9 47 10 11 30 31 2 48 49 32 35 46 33 19 14 29 22 44 1 37 38 6 7 
student 53: 3 37 19 12 27 39 22 32 47 41 20 43 46 50 16 35 8 31 14 24 25 15 23 13 4 7 28 9 48 10 11 29 30 5 45 49 33 38 44 34 21 17 26 18 36 2 40 42 1 6 
student 54: 3 39 11 18 32 41 17 28 47 43 20 44 40 49 21 37 7 26 16 24 22 14 23 12 2 1 27 9 48 13 10 30 33 5 46 50 34 31 45 35 25 15 29 19 36 4 38 42 8 6 
student 55: 2 38 11 17 31 36 24 27 47 44 15 42 41 48 20 34 6 29 18 19 22 13 23 14 1 8 26 3 50 12 10 30 33 7 45 49 32 35 46 37 28 16 21 25 39 5 40 43 4 9 
student 56: 7 39 12 17 31 37 19 30 47 45 11 41 42 49 22 35 6 26 18 24 23 14 27 13 1 5 29 8 50 15 10 33 32 4 44 48 28 38 46 34 20 16 25 21 36 2 40 43 3 9 
student 57: 2 40 11 17 29 41 20 30 46 39 18 44 42 50 21 36 8 33 19 26 23 15 22 13 1 5 25 7 49 12 10 31 27 4 43 45 32 37 48 35 24 16 28 14 34 6 38 47 3 9 
student 58: 1 39 10 19 30 36 18 26 48 47 15 44 40 49 23 35 8 28 22 17 20 14 24 16 3 4 29 7 46 13 11 31 32 2 41 50 33 37 45 34 27 12 25 21 38 6 42 43 5 9 
student 59: 1 39 9 16 27 36 22 31 49 50 20 41 40 46 21 34 6 29 15 25 26 18 19 12 2 5 24 10 45 13 11 30 33 7 47 48 35 32 43 38 23 17 28 14 37 4 42 44 3 8 
student 60: 3 42 10 15 32 39 20 31 49 45 17 44 41 47 22 37 7 30 16 25 23 19 21 14 1 6 29 8 46 12 11 27 33 5 48 50 28 34 43 35 24 13 26 18 36 2 38 40 4 9 
student 61: 1 42 10 20 29 43 18 31 48 41 14 44 38 49 23 36 7 28 17 22 21 12 25 13 3 4 26 8 50 15 9 30 32 2 46 47 35 34 45 33 24 16 27 19 37 5 40 39 6 11 
student 62: 1 38 12 15 31 34 25 29 48 45 20 37 39 50 16 33 8 28 18 23 22 17 26 14 2 6 27 10 49 9 5 30 32 4 47 44 35 41 46 36 21 13 24 19 40 7 42 43 3 11 
student 63: 4 41 12 16 35 38 21 31 46 44 20 40 42 50 23 37 1 28 18 25 19 14 24 11 2 7 26 10 48 13 8 30 32 6 43 49 29 33 45 34 22 15 27 17 39 5 36 47 3 9 
student 64: 3 39 10 15 31 36 17 28 50 43 16 44 40 47 19 37 9 29 20 26 25 14 22 13 1 5 27 7 48 12 11 24 34 6 45 49 32 35 46 33 23 18 30 21 38 4 42 41 2 8 
student 65: 1 39 11 14 30 37 22 33 46 45 16 43 36 50 18 40 6 28 19 25 23 15 20 8 9 7 26 3 47 13 4 29 34 5 44 49 31 35 48 32 24 17 27 21 38 12 41 42 2 10 
student 66: 2 38 11 12 29 33 18 31 47 45 15 42 39 50 21 40 7 28 16 26 20 17 23 14 1 3 24 8 48 13 10 30 35 5 46 49 32 36 44 34 25 19 27 22 37 4 41 43 6 9 
student 67: 5 37 10 15 29 39 22 32 47 46 20 42 40 49 21 38 8 27 16 25 19 13 23 14 1 6 26 7 44 12 9 31 33 3 48 50 30 35 43 34 28 18 24 17 36 4 41 45 2 11 
student 68: 4 36 6 16 29 35 20 32 46 43 19 47 41 49 23 34 10 27 14 26 21 18 24 15 3 8 30 1 48 12 13 28 33 7 44 50 31 37 45 38 22 9 25 17 39 2 40 42 5 11 
student 69: 2 42 16 19 29 34 18 32 48 49 15 38 41 50 21 39 6 27 17 25 22 11 24 14 1 5 28 10 40 9 12 30 33 7 46 47 31 36 45 35 26 13 23 20 37 4 43 44 3 8 
student 70: 3 37 7 15 31 35 22 30 48 45 16 43 41 47 24 44 8 28 19 25 21 11 23 17 1 2 27 10 50 13 9 33 32 5 46 49 34 36 40 29 26 14 18 20 38 6 39 42 4 12 
student 71: 2 39 12 16 29 34 28 32 48 45 17 43 41 49 24 36 7 27 19 26 18 14 22 13 1 6 25 9 46 11 8 31 30 5 44 50 33 35 47 37 23 15 20 21 38 4 40 42 3 10 
student 72: 3 34 10 19 31 33 15 26 47 39 18 41 42 49 17 43 5 29 21 24 22 14 20 12 1 4 28 9 48 13 7 35 32 8 45 50 30 37 46 36 27 16 25 23 38 6 40 44 2 11 
student 73: 5 39 12 15 29 34 16 32 45 40 17 46 41 48 27 38 1 22 19 25 18 23 20 14 2 9 28 6 50 11 8 30 33 7 44 49 35 31 47 37 24 13 26 21 36 4 42 43 3 10 
student 74: 4 40 13 12 31 38 17 32 43 47 18 46 42 48 25 36 8 29 20 24 21 14 22 9 1 6 27 10 49 7 15 28 33 5 39 50 30 34 45 35 23 16 26 19 37 2 41 44 3 11 
student 75: 2 41 11 19 28 32 15 31 49 40 17 43 42 47 22 38 9 26 13 23 24 20 29 14 1 3 27 6 50 16 10 30 36 4 44 48 34 37 45 33 18 12 25 21 39 7 35 46 5 8 
student 76: 2 40 7 16 26 36 22 31 46 44 17 43 38 49 23 35 8 30 18 29 21 15 24 10 1 5 28 9 48 12 13 27 33 6 45 50 32 39 47 34 20 14 25 19 37 3 41 42 4 11 
student 77: 3 43 15 19 27 35 21 32 48 46 14 45 40 47 18 38 5 28 20 31 22 12 24 16 1 7 23 9 49 10 11 29 30 6 41 50 33 34 44 36 26 13 25 17 37 2 39 42 4 8 
student 78: 2 37 12 17 29 38 22 30 48 46 16 43 42 49 21 36 8 25 18 28 20 14 27 11 1 6 26 7 47 13 10 31 35 3 45 50 33 34 44 32 23 15 24 19 40 5 39 41 4 9 
student 79: 3 37 13 18 27 39 22 32 47 46 15 44 40 48 24 33 6 31 16 26 21 11 19 14 1 4 28 7 45 10 8 29 30 9 42 49 34 36 50 35 23 17 25 20 38 5 43 41 2 12 
student 80: 5 36 12 15 29 42 20 28 45 43 19 41 39 49 22 37 2 30 16 24 21 13 23 8 1 6 27 9 48 10 17 31 32 7 46 50 34 35 47 33 25 14 26 18 38 4 44 40 3 11 
student 81: 4 40 10 14 28 34 21 30 47 45 17 48 44 42 23 37 8 26 19 22 20 16 24 11 1 12 29 5 49 15 9 32 33 6 39 50 31 36 46 35 27 13 25 18 38 3 41 43 2 7 
student 82: 3 38 10 14 28 37 17 30 48 44 22 42 41 50 19 34 9 26 23 21 18 12 20 13 1 8 29 11 47 7 4 32 35 5 43 49 33 36 46 31 24 16 27 25 40 2 39 45 6 15 
student 83: 1 39 11 18 29 35 21 32 45 46 15 44 42 50 22 36 8 27 17 26 20 13 25 12 2 6 28 10 48 14 9 30 31 5 43 49 38 34 47 33 23 16 24 19 37 4 40 41 3 7 
student 84: 4 39 5 16 30 37 19 32 43 47 17 45 41 46 21 34 8 29 20 24 22 14 25 10 1 11 26 7 50 12 13 28 36 6 48 49 31 35 42 33 23 15 27 18 38 3 40 44 2 9 
student 85: 3 40 11 16 31 32 19 30 44 45 20 42 43 47 25 37 4 28 18 27 21 15 22 14 1 6 26 7 48 13 10 29 34 5 49 50 33 35 46 36 24 12 23 17 38 9 41 39 2 8 
student 86: 4 39 1 17 27 38 21 36 47 43 16 41 42 50 22 32 5 29 25 24 18 14 23 13 3 11 26 8 48 10 12 30 33 2 46 49 37 35 44 31 28 15 20 19 34 9 40 45 6 7 
student 87: 3 39 9 19 28 36 16 32 50 43 18 47 42 48 25 34 7 30 17 23 22 15 21 14 2 5 27 10 46 12 11 29 35 4 49 45 38 33 40 31 24 13 26 20 37 6 41 44 1 8 
student 88: 2 40 13 17 29 37 24 33 47 43 15 45 41 49 20 34 11 26 21 27 22 16 19 8 1 4 30 5 48 12 10 28 31 7 44 50 32 38 46 35 23 14 25 18 36 6 39 42 3 9 
student 89: 2 39 13 14 30 37 22 33 48 42 16 44 43 47 21 36 9 28 17 26 20 15 23 12 1 7 27 3 45 11 10 34 35 8 46 50 29 31 49 32 24 19 25 18 38 4 40 41 5 6 
student 90: 3 34 11 16 37 39 18 30 44 45 19 41 42 47 25 35 6 28 21 23 20 13 26 12 1 9 27 8 50 10 7 29 31 5 46 49 33 36 48 32 22 14 24 17 38 4 40 43 2 15 
student 91: 3 40 12 17 26 35 20 31 49 45 13 43 42 48 24 38 8 30 19 25 22 15 21 14 2 5 29 10 47 11 9 32 34 6 46 50 27 36 44 33 23 16 28 18 37 4 41 39 1 7 
student 92: 4 38 11 17 30 37 19 36 47 45 16 44 39 48 22 35 9 28 18 25 20 13 21 12 1 7 26 8 49 14 6 31 32 2 43 50 29 41 46 34 24 15 27 23 33 3 42 40 5 10 
student 93: 5 39 10 17 28 38 21 36 46 43 16 45 40 47 18 34 4 32 20 26 23 14 22 11 1 6 27 8 50 13 12 29 31 7 48 49 30 35 44 33 24 15 25 19 37 3 41 42 2 9 
student 94: 4 40 9 18 30 37 24 31 46 47 20 45 41 49 19 38 7 28 15 23 16 12 22 14 3 6 26 10 48 11 13 29 32 2 43 50 33 34 44 35 25 17 27 21 36 5 39 42 1 8 
student 95: 1 42 9 16 28 33 17 31 44 46 15 43 39 49 21 40 8 27 22 25 20 13 23 10 5 4 29 12 47 11 18 30 34 7 45 50 32 35 48 36 24 14 26 19 37 3 38 41 6 2 
student 96: 2 40 13 17 31 38 20 33 47 43 16 42 45 49 22 36 7 28 19 25 21 11 23 14 1 5 27 8 48 10 9 29 35 12 39 50 32 30 46 34 24 15 26 18 37 4 44 41 3 6 
student 97: 1 38 11 16 28 32 17 26 47 44 19 42 43 48 18 39 7 29 20 30 21 13 22 12 3 5 25 8 49 10 9 31 34 6 45 50 33 36 46 35 24 14 27 23 37 4 40 41 2 15 
student 98: 2 39 10 16 31 35 20 29 48 44 18 47 41 49 22 37 6 27 19 25 21 14 24 13 3 4 23 7 46 12 9 30 33 5 43 50 32 34 45 36 26 17 28 15 40 1 42 38 8 11 
student 99: 2 35 10 18 28 40 22 33 50 44 17 41 42 48 24 36 7 29 19 23 16 14 20 13 1 6 27 8 47 12 9 30 34 3 45 49 32 31 46 39 26 15 25 21 38 4 37 43 5 11 
student 100: 3 36 17 15 25 38 22 28 47 43 16 41 42 50 23 37 2 27 18 30 20 14 26 10 1 6 31 8 48 7 11 35 29 5 45 49 34 33 46 32 24 12 21 19 40 13 44 39 4 9 
student 101: 3 37 10 19 28 36 14 35 47 43 15 45 42 50 23 39 8 24 18 21 22 16 26 11 1 7 29 12 48 17 9 30 33 2 44 49 31 34 46 32 25 13 27 20 41 6 38 40 4 5 
student 102: 3 39 11 16 27 35 17 33 46 42 19 43 41 47 22 24 8 30 18 23 29 13 21 15 1 7 25 9 48 12 10 31 38 6 45 50 34 32 49 36 26 14 28 20 40 5 37 44 2 4 
student 103: 9 38 24 19 25 29 17 33 47 44 18 40 42 49 22 36 7 27 15 30 20 14 21 5 2 6 28 10 48 12 8 31 39 4 45 50 34 32 46 35 23 13 26 16 37 3 41 43 1 11 
student 104: 3 40 11 16 32 36 21 27 47 45 17 39 38 50 22 42 6 30 18 29 20 12 24 13 1 7 23 9 49 14 10 26 34 5 44 46 33 31 48 35 25 15 28 19 37 2 43 41 4 8 
student 105: 3 37 12 13 28 35 18 32 49 46 20 44 41 47 25 39 5 29 16 24 17 14 21 19 2 6 26 8 48 11 10 27 33 7 43 50 31 36 45 34 23 15 30 22 38 1 42 40 4 9 
student 106: 1 38 11 16 33 36 20 27 47 42 19 43 40 48 23 32 6 24 18 26 21 14 22 13 2 8 29 7 50 12 10 28 30 4 45 49 31 37 46 35 25 15 34 17 39 5 41 44 3 9 
student 107: 3 39 11 16 31 37 20 30 46 44 19 42 41 50 23 36 6 32 17 27 22 14 25 12 1 8 26 7 47 13 10 28 34 4 45 49 33 35 48 29 21 15 24 18 40 5 38 43 2 9 
student 108: 1 42 9 16 30 33 21 31 45 44 13 41 38 50 22 36 19 27 20 24 15 12 23 14 2 3 28 11 47 10 4 29 34 7 46 48 32 37 49 35 26 17 25 18 39 6 40 43 5 8 
student 109: 3 39 9 15 26 38 19 31 46 44 14 42 43 50 20 34 6 27 23 21 17 22 24 16 1 7 28 8 48 12 11 30 32 5 47 49 36 33 45 37 25 13 29 18 35 4 41 40 2 10 
student 110: 1 44 11 18 29 33 21 30 47 46 19 42 43 50 22 35 8 27 20 25 17 13 24 12 2 3 28 6 48 15 10 38 36 5 41 49 31 32 40 34 23 14 26 16 39 7 37 45 4 9 
student 111: 3 41 10 16 26 38 18 31 49 43 17 45 37 46 20 35 7 29 19 23 21 12 27 14 1 4 30 8 47 13 11 28 33 5 44 50 32 34 48 36 22 15 24 25 40 6 39 42 2 9 
student 112: 4 37 11 21 28 35 14 31 49 44 18 41 42 48 23 39 7 25 20 29 16 15 24 13 1 5 27 6 47 12 10 30 34 9 43 50 33 38 46 32 22 17 26 19 36 3 40 45 2 8 
student 113: 3 38 8 17 30 36 18 28 44 47 16 43 42 50 21 39 9 27 19 25 22 13 24 12 1 6 32 7 45 10 11 33 31 4 46 48 29 35 49 34 23 14 26 20 37 5 40 41 2 15 
student 114: 1 38 12 17 30 33 18 28 46 45 13 40 37 49 22 36 6 29 19 26 21 15 25 14 3 8 27 7 48 11 9 32 31 4 44 47 35 39 42 34 23 16 24 20 41 5 43 50 2 10 
student 115: 5 40 10 12 28 36 22 32 48 45 19 44 43 49 20 35 8 29 15 24 17 18 21 14 2 7 27 13 42 11 9 30 39 1 38 50 33 34 47 31 26 16 25 23 46 4 37 41 3 6 
student 116: 1 43 12 14 29 34 19 30 46 44 18 45 37 50 22 38 7 31 20 24 21 17 23 13 3 5 26 10 47 11 9 32 28 6 48 49 33 36 42 35 25 15 27 16 39 2 41 40 4 8 
student 117: 1 40 10 14 31 37 22 32 44 46 15 47 39 48 29 36 7 27 17 26 21 16 23 12 2 5 24 13 49 11 8 28 33 4 45 50 30 35 42 34 19 18 25 20 38 6 41 43 3 9 
student 118: 2 36 11 17 30 28 22 37 46 45 20 43 41 48 25 35 6 31 19 26 18 16 21 15 1 5 24 8 47 12 10 32 29 7 44 50 34 38 49 33 23 13 27 14 39 4 40 42 3 9 
student 119: 5 39 13 23 21 37 16 33 47 44 15 43 38 49 18 36 8 30 19 24 27 14 22 12 2 11 25 4 46 20 7 28 34 3 45 48 31 35 50 32 26 10 29 17 41 6 40 42 1 9 
student 120: 4 39 11 16 30 38 19 34 44 45 17 43 40 49 24 37 7 28 20 25 21 18 9 15 1 2 26 12 47 14 8 27 31 5 46 50 32 36 48 33 22 10 29 23 35 6 41 42 3 13 
student 121: 5 37 12 13 29 34 19 33 47 43 16 41 42 49 22 39 1 28 17 27 18 15 23 14 2 10 26 7 48 11 9 30 32 4 46 50 31 36 45 35 25 20 24 21 38 6 40 44 3 8 
student 122: 1 38 11 16 31 37 19 34 50 43 18 45 39 47 20 35 7 28 14 24 22 17 25 13 2 6 27 9 46 12 8 32 33 10 44 48 29 30 49 36 26 21 23 15 41 3 42 40 4 5 
student 123: 3 39 8 17 27 37 23 35 46 43 18 41 42 50 24 36 9 30 19 25 21 12 22 10 2 7 28 11 49 14 13 29 34 1 47 48 32 33 44 31 26 15 20 16 38 5 40 45 4 6 
student 124: 5 36 10 13 31 30 26 29 46 44 15 40 39 48 16 37 11 27 22 24 21 14 20 17 1 7 28 8 50 12 4 35 33 6 45 49 32 34 47 41 23 18 25 19 38 2 42 43 3 9 
student 125: 1 37 9 16 29 36 23 31 50 46 24 42 40 45 17 35 6 28 20 22 18 13 19 14 2 4 26 8 44 10 12 30 34 5 47 48 32 43 49 33 21 15 25 27 39 11 38 41 3 7 
student 126: 2 40 10 18 27 36 20 29 42 45 16 46 39 50 24 30 9 22 19 25 15 13 26 12 1 5 32 8 44 11 17 28 38 6 47 49 31 35 48 34 23 14 33 21 37 4 41 43 3 7 
student 127: 4 40 10 19 32 38 21 34 45 42 16 44 37 48 23 35 7 26 17 24 18 14 28 13 1 9 22 6 50 11 12 30 31 5 47 49 27 36 41 33 29 15 25 20 39 3 43 46 2 8 
student 128: 1 42 14 16 28 35 20 29 48 41 17 43 39 50 23 37 6 30 26 27 22 15 25 12 2 8 24 10 49 11 5 31 32 4 47 46 33 36 45 34 21 13 19 18 38 3 40 44 7 9 
student 129: 4 37 9 14 29 39 26 33 48 44 16 43 40 50 20 36 7 27 19 24 22 11 21 10 1 5 25 8 47 13 15 30 32 6 45 49 28 34 46 35 23 17 31 18 38 3 42 41 2 12 
student 130: 3 39 11 15 29 36 17 32 44 47 16 45 42 48 22 37 7 31 19 24 21 14 20 12 1 6 25 8 49 13 10 28 34 5 46 50 33 26 40 35 27 18 30 23 38 4 41 43 2 9 
student 131: 1 38 10 17 29 37 16 32 48 43 23 44 39 46 15 35 4 26 20 27 18 14 19 12 2 6 28 8 49 21 11 30 36 9 45 50 33 31 47 42 22 13 25 24 34 5 40 41 3 7 
student 132: 1 40 10 13 28 35 14 31 48 44 22 43 37 49 23 36 7 33 19 24 15 12 25 17 2 5 26 8 46 16 9 29 30 4 45 50 32 34 47 42 20 18 27 21 39 11 41 38 3 6 
student 133: 4 38 10 16 30 36 21 32 46 45 17 44 40 49 22 35 8 29 19 28 20 18 24 13 3 5 25 6 47 12 11 31 33 7 42 50 26 37 48 34 23 15 27 14 39 2 41 43 1 9 
student 134: 4 35 8 16 30 39 24 31 47 43 14 45 41 48 21 32 7 29 17 23 20 15 22 12 1 9 25 2 50 13 11 28 34 5 46 49 33 38 44 36 26 19 27 18 40 6 37 42 3 10 
student 135: 6 40 11 17 28 34 27 36 50 46 12 44 42 48 23 38 7 31 18 25 19 16 20 13 4 5 24 3 47 15 9 29 32 2 41 49 26 37 45 33 22 21 30 14 35 10 43 39 1 8 
student 136: 2 35 11 17 29 39 21 33 46 45 18 43 38 50 23 36 8 28 15 22 20 16 26 13 1 4 27 6 49 12 7 30 32 5 44 48 31 37 47 34 24 14 25 19 41 3 40 42 9 10 
student 137: 1 39 17 20 30 40 22 29 47 44 13 42 43 50 21 33 8 27 16 26 23 14 24 11 2 5 19 3 46 12 10 32 34 6 48 49 31 37 45 35 25 15 28 18 38 4 36 41 7 9 
student 138: 2 39 11 22 33 37 20 32 48 42 19 43 40 49 25 34 7 27 15 28 13 16 21 14 1 5 18 8 47 12 10 29 35 6 46 50 30 36 44 31 23 17 26 24 38 4 41 45 3 9 
student 139: 2 39 9 17 32 35 19 31 44 45 16 42 41 48 26 36 8 28 23 21 18 14 24 11 1 6 27 10 47 13 12 34 33 4 46 50 30 37 49 29 22 15 25 20 38 5 40 43 3 7 
student 140: 3 39 10 18 24 38 23 33 49 48 16 44 42 43 21 41 6 28 20 25 19 13 22 15 2 1 30 9 46 12 11 35 32 7 34 50 29 36 47 31 27 14 26 17 37 5 40 45 4 8 
student 141: 2 41 11 15 29 39 20 31 45 48 17 40 43 47 28 35 7 26 18 24 21 9 22 13 1 5 25 10 49 12 8 30 42 4 44 50 32 33 46 34 23 16 27 19 37 3 36 38 6 14 
student 142: 1 42 13 12 29 40 21 30 45 47 16 44 41 50 23 35 9 25 19 24 20 17 22 10 2 8 26 4 48 14 11 31 36 3 43 49 32 33 46 34 27 15 28 18 37 7 38 39 5 6 
student 143: 2 41 11 12 31 37 19 30 48 44 13 43 42 49 24 36 6 23 20 22 21 18 26 15 1 7 28 8 47 16 14 32 33 5 40 50 25 35 46 34 27 10 29 17 39 3 38 45 4 9 
student 144: 5 41 14 13 30 37 24 34 46 40 16 43 42 50 19 31 4 29 20 26 21 12 22 6 1 10 27 11 49 18 8 28 32 3 44 48 33 36 47 35 25 15 23 17 38 2 45 39 7 9 
student 145: 3 38 15 12 32 37 22 30 49 42 17 43 41 47 21 35 7 26 20 27 18 11 24 9 2 6 29 8 50 19 13 28 31 5 45 48 34 36 46 33 23 16 25 14 39 4 44 40 1 10 
student 146: 1 38 13 26 28 36 19 31 48 45 17 41 40 46 21 37 5 29 15 24 20 14 22 12 2 6 25 9 50 11 10 30 32 4 47 49 33 35 42 34 23 16 27 18 43 7 39 44 3 8 
student 147: 2 40 11 13 29 39 23 32 50 42 20 41 46 49 21 34 5 26 18 28 17 15 25 14 1 8 24 9 47 12 10 35 31 7 44 48 30 36 43 33 22 16 27 19 37 4 38 45 3 6 
student 148: 1 41 11 16 27 37 18 33 45 44 17 43 40 48 25 32 7 29 20 26 24 14 21 13 3 2 28 8 50 12 10 30 31 6 46 49 35 34 47 36 22 15 23 19 38 4 39 42 5 9 
student 149: 8 37 13 15 27 40 14 35 46 44 19 41 38 49 23 34 5 30 17 22 18 20 24 12 2 4 26 6 48 10 11 29 32 3 45 50 31 39 47 33 25 16 28 21 36 1 42 43 7 9 
student 150: 2 38 12 17 28 41 14 33 47 44 22 43 50 48 23 34 8 29 18 19 21 9 24 13 1 7 26 11 49 16 10 30 37 6 42 45 31 35 46 32 25 15 27 20 36 5 39 40 3 4 
student 151: 2 38 11 18 28 36 16 30 50 41 20 44 39 48 22 37 8 31 21 25 19 14 23 13 1 5 26 9 46 12 10 29 32 3 43 49 33 35 45 34 27 15 24 17 42 7 40 47 6 4 
student 152: 1 39 14 17 27 37 21 28 47 44 18 45 38 48 22 35 8 29 20 26 19 13 23 11 3 6 25 7 49 12 10 31 33 5 42 50 32 34 46 36 24 15 30 16 41 4 43 40 2 9 
student 153: 3 44 11 16 30 37 22 27 46 45 17 40 42 50 26 36 1 29 18 28 21 14 25 13 2 6 24 8 48 12 9 31 34 10 43 49 32 35 47 33 19 15 23 20 38 5 41 39 4 7 
student 154: 6 41 11 17 29 40 19 32 44 45 16 43 37 49 25 34 8 28 21 20 22 14 24 13 2 3 23 5 50 12 10 33 35 4 47 46 30 36 48 31 27 15 26 18 39 7 42 38 1 9 
student 155: 7 35 12 21 36 38 23 30 47 45 15 44 40 50 24 37 3 28 18 20 19 13 22 14 1 9 26 6 49 11 10 27 32 5 46 48 31 34 43 33 25 16 29 17 39 8 42 41 2 4 
student 156: 3 38 10 17 28 36 18 30 45 43 19 42 41 49 22 37 7 33 14 27 23 15 26 13 1 5 25 8 48 11 12 29 32 4 46 50 31 35 47 34 24 16 21 20 40 6 39 44 2 9 
student 157: 2 37 11 17 21 34 19 36 50 45 18 41 40 47 22 33 8 26 23 25 27 14 29 12 1 5 28 6 42 9 13 31 39 4 46 49 30 38 43 32 24 15 20 16 35 7 44 48 3 10 
student 158: 2 41 10 14 32 37 18 30 44 46 17 45 40 49 21 36 8 31 16 26 20 15 23 13 1 5 27 9 47 12 11 28 39 6 43 50 29 34 48 33 24 19 25 22 35 4 38 42 3 7 
student 159: 1 36 8 15 28 35 22 32 47 41 18 44 42 48 23 39 6 27 16 26 21 17 19 12 2 9 25 7 49 13 11 30 40 4 46 50 31 34 45 33 24 14 29 20 37 5 43 38 3 10 
student 160: 1 39 17 20 31 38 18 30 47 45 13 43 41 49 19 36 8 28 21 26 22 11 23 14 2 6 27 5 46 15 9 29 34 3 44 50 35 37 48 33 25 12 24 16 32 7 40 42 4 10 
student 161: 1 40 10 12 28 38 22 29 48 42 15 44 36 49 21 37 8 31 18 25 23 16 19 14 4 6 24 7 45 11 13 30 33 5 46 50 32 35 47 34 27 17 26 20 39 3 43 41 2 9 
student 162: 4 37 15 19 32 38 23 33 46 43 16 42 41 49 24 34 7 29 17 26 20 13 21 12 1 5 30 9 48 14 11 28 31 6 47 50 27 35 45 36 25 10 22 18 39 2 40 44 3 8 
student 163: 1 39 12 18 26 37 19 31 48 46 21 45 40 49 17 34 8 30 22 25 23 14 20 15 2 6 27 9 44 10 11 28 35 5 47 50 33 36 41 32 24 13 29 16 38 4 43 42 3 7 
student 164: 2 41 13 14 29 39 19 32 46 43 16 40 44 48 24 34 8 27 18 26 21 11 23 10 1 5 30 12 47 17 9 28 35 6 45 50 33 36 49 31 22 15 25 20 38 3 42 37 4 7 
student 165: 8 41 12 9 28 32 19 30 44 43 14 39 38 46 21 40 6 31 20 27 26 16 23 15 1 5 25 7 49 13 11 33 34 4 48 50 29 37 47 35 24 17 22 18 36 3 42 45 2 10 
student 166: 1 40 13 17 28 38 19 32 48 46 10 44 42 50 21 35 9 27 23 24 20 14 25 18 2 8 31 11 47 12 7 29 30 6 45 49 33 36 43 34 22 16 26 15 37 5 39 41 3 4 
student 167: 1 43 10 13 26 39 20 31 49 45 18 42 41 47 23 34 7 27 16 28 22 15 19 14 2 5 29 12 48 11 6 30 32 9 46 50 36 38 44 33 24 17 25 21 35 4 40 37 3 8 
student 168: 2 40 8 14 29 37 20 30 47 48 17 43 34 45 24 38 7 28 18 26 21 16 25 12 3 1 27 10 49 9 11 31 32 6 44 50 36 35 46 33 22 15 23 19 39 5 41 42 4 13 
student 169: 2 39 12 13 29 35 20 30 46 43 15 48 41 47 22 37 4 25 18 26 21 11 23 16 1 10 28 6 44 14 7 32 31 8 45 49 33 36 50 34 27 17 24 19 38 3 40 42 5 9 
student 170: 4 38 12 15 32 36 18 30 43 44 17 45 42 47 24 37 8 31 20 26 19 13 21 16 1 5 28 6 49 7 9 33 35 3 46 50 34 27 48 23 25 14 29 22 41 2 40 39 10 11 
student 171: 1 39 11 16 31 38 20 34 47 46 18 45 42 50 25 37 7 29 15 24 22 13 21 14 4 10 28 6 48 12 9 30 32 5 43 49 26 33 41 35 23 17 27 19 40 3 36 44 2 8 
student 172: 3 37 8 17 28 39 20 27 50 43 13 44 42 46 24 38 9 31 21 25 15 18 22 14 1 6 26 10 48 11 7 32 33 5 47 49 30 34 40 35 23 16 29 19 36 4 41 45 2 12 
student 173: 6 38 10 17 34 37 18 31 45 47 15 40 44 50 22 35 9 26 19 21 20 11 27 13 1 5 28 7 48 8 12 30 29 4 41 49 33 36 46 32 23 16 24 25 39 3 42 43 2 14 
student 174: 3 39 11 15 29 37 16 30 48 45 17 42 41 47 23 36 5 28 22 25 19 14 21 18 1 6 27 9 43 13 10 33 34 2 49 50 31 32 46 35 24 12 26 20 38 7 40 44 4 8 
student 175: 5 38 14 13 30 37 20 28 47 46 16 45 41 48 21 35 7 29 18 24 25 12 22 17 2 4 27 8 50 11 10 32 33 1 42 49 31 34 43 36 23 15 26 19 39 6 40 44 3 9 
student 176: 2 40 10 16 25 37 20 33 49 44 13 43 39 47 26 36 9 32 24 22 17 15 21 14 1 7 28 12 46 11 6 30 31 4 48 50 29 34 45 35 27 18 23 19 38 5 42 41 3 8 
student 177: 2 40 13 12 31 37 26 34 49 46 16 45 41 47 20 29 7 27 17 25 22 18 21 15 1 9 28 5 50 6 11 32 33 8 44 48 30 36 43 35 23 14 24 19 39 3 38 42 4 10 
student 178: 2 37 8 20 27 38 18 31 46 41 19 40 44 48 22 39 7 25 16 21 24 13 23 11 1 5 26 12 47 10 15 30 32 6 50 49 34 33 43 35 28 14 29 17 36 3 42 45 4 9 
student 179: 5 40 6 16 32 35 24 26 46 42 19 44 41 48 21 37 8 34 17 20 13 14 25 10 4 7 28 12 49 11 9 29 31 2 45 50 27 36 47 33 30 22 23 18 38 3 39 43 1 15 
student 180: 2 34 6 14 27 40 20 29 48 37 17 44 43 49 21 38 12 30 19 25 24 15 23 10 1 8 31 5 47 13 11 28 35 7 45 50 32 39 46 33 22 16 26 18 36 4 42 41 3 9 
student 181: 3 41 14 20 29 36 19 31 48 43 16 45 39 49 18 30 7 24 17 26 21 12 23 11 2 1 28 8 47 13 10 33 34 4 44 50 35 38 46 32 25 15 27 22 37 6 40 42 5 9 
student 182: 1 44 10 22 29 37 18 30 46 41 17 48 42 49 21 34 8 28 20 25 19 13 24 11 2 6 27 3 45 12 15 31 33 4 43 50 32 35 47 36 23 16 26 14 38 5 40 39 7 9 
student 183: 6 39 5 19 28 36 16 34 45 44 12 46 40 47 21 37 8 29 18 24 22 14 25 15 2 10 26 7 50 13 11 31 32 4 43 49 30 35 48 33 27 17 23 20 41 1 42 38 3 9 
student 184: 5 37 11 16 28 38 24 31 43 45 18 42 41 48 20 36 3 30 17 26 19 15 21 13 1 8 23 9 50 12 10 32 33 2 46 49 29 34 47 35 25 14 27 22 39 6 44 40 4 7 
student 185: 3 39 10 17 28 36 20 34 47 44 11 45 42 50 26 38 8 29 15 27 22 18 23 16 2 6 25 13 46 14 9 32 31 1 48 49 30 35 41 33 21 12 24 19 37 7 40 43 5 4 
student 186: 3 41 10 16 28 35 20 32 45 43 17 46 39 49 23 38 7 29 18 22 24 14 27 13 1 6 26 9 48 12 11 31 33 4 44 50 30 36 47 34 21 15 25 19 37 5 40 42 2 8 
student 187: 3 37 11 18 23 36 20 29 44 45 15 46 41 48 26 35 2 28 17 25 22 13 21 14 5 1 30 8 43 9 12 34 39 7 47 49 32 31 50 33 24 16 27 19 40 6 38 42 4 10 
student 188: 5 39 10 18 29 34 20 33 47 46 17 45 41 44 23 37 12 28 16 25 21 11 24 13 2 4 22 7 49 14 9 30 31 3 48 50 35 36 42 32 26 15 27 19 38 6 40 43 1 8 
student 189: 4 39 11 15 33 37 17 32 45 46 18 40 42 50 22 35 8 28 20 27 19 16 23 13 1 6 24 7 47 12 10 36 30 5 49 48 29 31 44 34 26 14 25 21 38 3 41 43 2 9 
student 190: 1 40 13 12 29 36 18 27 47 44 16 43 42 50 25 37 4 28 19 24 23 17 21 14 2 7 26 10 48 3 11 32 35 5 45 49 31 34 46 33 22 15 30 20 38 6 39 41 8 9 
student 191: 2 38 13 8 27 30 19 33 44 42 20 43 40 50 22 37 5 32 17 25 21 16 24 11 1 3 23 12 48 14 7 31 29 6 47 49 34 35 46 36 26 15 28 18 39 4 45 41 10 9 
student 192: 3 39 12 17 31 38 19 35 48 41 16 43 42 50 27 36 8 33 20 23 18 14 24 10 1 5 28 9 46 13 7 29 30 4 47 49 21 34 45 32 25 15 26 22 37 6 40 44 2 11 
student 193: 2 39 10 14 29 36 16 30 47 43 15 42 46 49 21 37 5 25 18 27 24 11 23 17 1 7 22 8 48 13 12 31 33 6 45 50 32 35 44 34 26 20 28 19 38 3 40 41 4 9 
student 194: 1 39 13 14 30 37 19 31 47 49 18 45 42 50 27 35 5 29 15 23 22 12 25 16 2 9 21 10 48 11 8 28 34 6 44 46 32 36 43 33 20 24 26 17 38 4 40 41 7 3 
student 195: 1 40 11 16 30 36 24 31 46 45 15 49 37 50 18 38 7 28 20 23 26 14 17 12 5 3 27 9 47 13 10 29 34 6 44 48 32 35 43 33 19 21 25 22 39 2 41 42 4 8 
student 196: 1 43 12 16 27 37 22 29 48 44 18 46 42 50 20 38 4 28 15 26 23 13 21 8 3 9 24 10 41 14 7 32 34 6 47 49 31 33 45 36 25 17 30 19 35 2 40 39 5 11 
student 197: 4 39 21 13 29 42 19 30 47 45 14 37 40 46 20 34 5 26 15 24 22 18 23 12 7 3 31 6 49 10 8 35 32 11 44 50 27 33 48 36 25 17 28 16 38 2 41 43 1 9 
student 198: 4 40 14 17 28 37 19 30 48 41 16 42 43 47 23 36 5 26 18 25 21 15 22 11 1 12 29 6 44 10 7 31 33 3 46 50 32 34 49 35 24 13 27 20 39 8 45 38 2 9 
student 199: 1 40 11 17 31 37 19 27 47 39 20 44 43 50 23 36 8 30 14 28 21 12 22 15 2 6 26 7 46 13 10 29 33 3 45 49 32 34 48 35 24 16 25 18 38 5 41 42 4 9 
student 200: 2 42 9 16 25 32 19 29 49 43 17 41 40 50 21 30 1 31 20 28 26 13 18 15 3 6 27 7 48 11 10 33 36 12 44 47 34 37 46 35 23 14 24 22 39 5 38 45 4 8 
student 201: 2 37 12 16 29 38 21 31 46 40 18 45 42 48 23 35 8 27 17 26 19 14 22 15 1 6 30 13 47 9 10 28 36 5 44 50 33 34 49 32 25 11 24 20 43 3 39 41 4 7 
student 202: 1 37 7 21 35 34 19 31 47 41 12 45 42 50 26 39 3 28 18 25 22 13 20 17 4 8 24 9 49 15 11 29 36 2 43 48 30 38 46 33 23 14 27 16 32 6 40 44 10 5 
student 203: 3 40 11 21 28 43 15 33 47 46 16 45 39 49 19 35 7 27 18 26 22 13 23 14 1 5 25 8 48 12 9 29 31 2 44 50 30 34 42 37 32 17 24 20 36 6 38 41 4 10 
student 204: 5 36 9 13 33 39 21 30 49 44 16 42 37 48 26 35 8 25 18 27 19 17 23 15 2 7 22 12 45 10 11 29 32 3 46 50 31 38 47 34 24 14 28 20 41 1 40 43 6 4 
student 205: 3 39 10 14 35 33 22 36 48 45 18 41 42 46 16 34 8 28 19 24 23 17 29 11 2 7 25 5 49 13 9 26 38 6 47 50 30 31 44 32 21 15 27 20 37 4 40 43 1 12 
student 206: 2 37 11 19 26 39 21 32 49 45 16 42 41 48 20 33 6 22 23 27 18 13 24 12 1 7 29 8 47 10 14 30 34 5 46 50 31 40 43 36 25 15 28 17 35 4 38 44 3 9 
student 207: 5 37 8 16 27 39 22 30 43 47 18 42 40 50 19 36 9 32 17 24 21 15 26 13 1 6 23 7 45 12 11 29 34 3 46 49 28 35 48 33 25 14 31 20 41 4 38 44 2 10 
student 208: 2 40 9 19 26 38 20 31 46 44 16 42 41 45 18 37 5 29 23 25 21 13 24 14 1 4 28 8 48 12 10 33 34 7 49 50 30 36 43 35 22 15 27 17 32 6 47 39 3 11 
student 209: 3 37 13 17 25 31 19 32 43 48 20 44 41 50 22 38 10 29 16 26 23 15 21 5 1 7 28 9 45 12 11 30 35 6 49 47 34 36 46 33 24 14 27 18 40 4 39 42 2 8 
student 210: 3 41 11 18 29 36 21 30 35 46 15 44 39 47 20 34 4 25 17 28 22 13 23 9 1 12 33 6 49 8 14 32 37 7 45 50 31 40 48 24 26 16 27 19 38 2 42 43 5 10 
student 211: 1 40 11 15 31 41 20 32 48 43 18 46 44 38 22 33 14 29 19 28 16 10 25 13 2 5 27 7 49 12 8 23 34 6 47 50 30 35 45 37 21 17 26 24 39 4 36 42 3 9 
student 212: 2 39 13 16 29 31 21 36 48 42 15 44 41 49 20 34 6 32 18 26 23 11 24 14 1 5 22 4 47 10 12 27 35 8 45 50 28 33 46 37 30 17 25 19 38 3 40 43 7 9 
student 213: 3 41 11 16 30 35 21 31 42 45 15 39 40 49 19 36 8 29 20 26 23 12 22 13 1 4 28 7 50 14 10 27 33 6 48 47 32 38 46 34 24 17 25 18 37 2 43 44 5 9 
student 214: 3 37 21 13 29 35 18 31 46 44 17 42 41 48 22 38 7 28 16 24 23 15 20 12 1 9 27 11 49 10 5 30 32 6 45 50 34 33 47 36 25 14 26 19 40 4 39 43 2 8 
student 215: 3 38 9 14 27 36 21 30 44 40 19 43 41 49 22 37 4 29 18 34 23 17 25 13 2 7 26 8 48 10 12 28 32 6 46 50 33 39 47 31 24 15 20 16 35 5 45 42 1 11 
student 216: 5 40 7 18 33 28 17 30 46 47 19 43 41 50 23 36 11 29 21 25 20 12 24 14 4 3 26 8 49 13 10 34 37 1 44 48 35 32 45 31 27 15 22 16 38 6 39 42 2 9 
student 217: 1 37 11 16 31 39 21 38 47 45 15 44 40 49 18 34 7 30 20 26 22 17 23 14 2 3 28 8 46 12 10 27 33 5 48 50 32 29 43 36 25 13 24 19 35 6 42 41 4 9 
student 218: 6 39 11 20 29 37 19 30 48 42 21 41 40 49 16 34 9 28 17 25 22 14 23 13 2 8 27 5 46 12 10 31 33 3 43 50 32 36 47 35 24 15 26 18 38 1 44 45 4 7 
student 219: 2 38 12 18 30 36 23 32 50 43 14 42 41 45 22 35 9 27 17 26 20 10 21 15 1 6 28 11 48 13 8 29 33 7 46 49 31 40 47 34 24 16 25 19 39 3 37 44 5 4 
student 220: 4 40 11 16 29 37 21 31 45 43 17 44 38 49 26 36 10 28 18 22 23 15 19 12 1 2 27 6 47 7 13 30 34 8 48 50 32 35 46 33 24 14 25 20 39 5 42 41 3 9 
student 221: 2 42 12 9 27 38 18 33 48 40 17 44 41 49 26 36 7 29 19 21 22 13 24 16 1 3 28 10 47 15 11 32 31 8 45 50 30 35 46 34 23 14 25 20 37 6 39 43 4 5 
student 222: 2 39 15 16 24 35 22 31 46 45 18 42 41 47 23 38 6 32 19 27 17 14 25 13 1 5 26 8 49 11 10 30 33 7 48 50 29 36 44 34 20 9 28 21 37 4 40 43 3 12 
student 223: 2 42 9 18 30 37 20 32 47 38 17 46 40 50 25 43 7 29 16 27 22 13 23 15 1 4 26 8 49 12 10 28 33 6 41 48 36 35 45 34 24 14 21 19 31 5 39 44 3 11 
student 224: 1 39 8 15 31 37 26 30 41 44 18 46 40 48 20 32 5 28 19 16 23 17 21 14 6 4 24 10 49 12 7 27 36 2 45 50 33 35 47 34 25 13 29 22 38 9 42 43 3 11 
student 225: 1 39 14 16 29 34 19 33 47 43 17 41 40 49 24 37 9 25 20 27 21 13 23 11 3 4 22 8 48 12 10 31 32 7 46 50 36 35 44 30 26 15 28 18 38 5 42 45 2 6 
student 226: 3 38 12 16 28 36 20 30 50 43 14 44 41 47 26 37 7 34 17 23 24 10 21 18 4 2 25 8 45 15 11 33 31 6 46 48 29 35 49 32 22 13 27 19 40 1 39 42 5 9 
student 227: 2 40 13 14 30 34 18 32 46 45 20 48 39 47 21 36 5 27 17 24 26 15 22 19 1 7 28 8 50 10 9 29 31 6 38 49 33 35 41 37 23 12 25 16 42 3 43 44 4 11 
student 228: 2 39 11 17 28 35 20 33 48 43 18 41 42 47 24 38 6 29 14 25 22 16 21 10 1 9 27 7 50 15 8 30 32 3 44 49 31 36 45 34 23 13 26 19 37 5 40 46 4 12 
student 229: 3 41 12 15 27 30 20 29 49 44 17 39 42 46 21 35 6 33 18 24 22 14 28 13 1 7 26 8 48 11 10 31 36 4 45 50 32 37 47 34 23 16 25 19 38 5 40 43 2 9 
student 230: 3 41 8 14 30 37 21 31 46 43 16 48 42 50 23 36 9 26 19 28 20 18 22 12 1 7 24 6 49 13 11 27 34 4 44 47 33 38 45 32 25 15 29 17 35 2 39 40 5 10 
student 231: 1 39 10 19 33 37 22 31 45 43 12 46 41 47 26 40 8 27 16 25 23 17 21 11 3 7 28 13 48 14 9 30 29 5 49 50 32 35 42 34 24 15 18 20 36 4 38 44 2 6 
student 232: 2 42 13 16 28 40 19 33 47 44 17 43 39 50 32 36 9 25 23 22 21 15 20 12 1 7 27 8 48 11 10 29 34 4 46 49 30 31 41 35 24 14 26 18 37 5 38 45 3 6 
student 233: 1 36 10 17 26 39 13 29 47 44 14 42 43 49 20 35 4 30 19 25 22 18 24 15 8 9 27 6 50 12 11 31 33 5 45 48 32 38 46 34 23 16 28 21 40 3 37 41 2 7 
student 234: 5 34 14 16 33 36 19 29 50 43 17 44 42 46 25 39 7 28 15 24 21 13 23 12 2 3 22 8 47 11 9 30 35 6 45 49 31 32 48 37 26 18 27 20 40 4 38 41 1 10 
student 235: 3 41 12 18 34 38 20 33 50 42 16 43 44 46 22 35 9 28 17 23 19 15 27 11 2 8 26 7 48 13 10 30 32 5 49 47 29 31 45 37 25 14 21 24 36 4 40 39 1 6 
student 236: 1 40 7 17 28 38 18 30 48 47 16 43 42 50 19 37 5 29 21 25 22 14 23 13 2 11 27 8 45 10 12 31 33 6 44 49 32 36 46 35 24 15 26 20 41 4 34 39 3 9 
student 237: 5 40 10 16 32 37 19 30 45 46 18 42 43 47 23 36 6 29 11 24 21 9 22 14 3 13 28 12 49 17 8 27 33 7 44 50 31 34 48 35 25 15 26 20 39 2 41 38 1 4 
student 238: 2 41 17 15 28 37 22 32 49 44 19 38 46 48 27 36 9 29 20 24 25 12 18 11 1 6 23 7 45 13 8 30 35 3 43 50 31 42 47 34 21 16 26 14 33 10 40 39 5 4 
student 239: 3 37 12 15 28 40 31 36 48 42 16 45 41 49 22 38 8 34 18 25 20 13 21 17 1 7 26 5 44 14 9 30 33 4 43 50 27 32 47 29 23 11 24 19 35 2 39 46 6 10 
student 240: 3 39 15 14 30 37 19 32 43 42 16 45 40 49 23 35 6 28 17 27 25 12 20 13 1 4 26 8 46 7 11 29 33 5 48 50 31 34 47 36 24 21 22 18 38 10 44 41 2 9 
student 241: 1 38 13 18 32 36 17 31 46 45 16 44 41 47 23 35 12 30 20 25 21 7 22 11 3 9 26 10 49 15 2 29 33 6 43 50 28 34 48 37 24 14 27 19 39 5 40 42 4 8 
student 242: 2 39 8 18 28 34 20 30 48 43 16 45 41 47 24 37 6 29 17 23 21 12 25 13 1 5 27 9 50 14 10 32 38 4 46 49 35 33 44 31 22 15 26 19 42 7 36 40 3 11 
student 243: 2 39 9 18 29 36 20 32 49 44 16 40 42 47 25 38 5 28 19 24 23 13 14 12 1 11 27 6 46 17 7 30 35 10 45 50 31 33 48 34 22 15 26 21 37 4 41 43 8 3 
student 244: 2 38 9 16 25 37 22 34 43 42 17 41 39 49 23 36 7 27 19 24 18 15 20 13 1 6 26 12 47 11 10 33 31 3 46 50 30 32 48 35 28 14 29 21 40 4 45 44 5 8 
student 245: 3 37 13 17 33 38 18 30 48 40 19 43 42 50 20 31 9 27 15 21 22 10 24 14 1 8 29 6 47 12 7 28 32 11 46 49 34 36 45 35 26 16 25 23 39 5 41 44 4 2 
student 246: 2 41 11 18 22 37 17 32 47 45 16 43 42 49 24 36 9 30 19 26 21 12 23 15 1 5 29 7 48 10 14 27 34 4 46 50 31 33 44 35 25 13 28 20 38 6 40 39 3 8 
student 247: 3 38 11 16 30 37 19 26 48 44 17 39 42 47 24 35 7 29 21 22 20 15 25 13 1 6 28 8 49 9 12 31 32 5 45 50 36 34 46 33 23 14 27 18 40 2 41 43 4 10 
student 248: 3 37 11 14 32 25 19 30 47 41 17 46 43 48 26 38 7 29 21 22 23 15 20 10 2 5 28 8 49 13 12 33 34 6 44 50 31 36 45 35 24 16 27 18 42 1 39 40 4 9 
student 249: 4 38 11 15 32 39 22 27 48 43 21 42 40 50 16 36 8 29 19 28 24 17 20 13 1 7 25 9 49 12 3 31 35 5 45 47 30 34 46 33 26 14 23 18 37 6 41 44 2 10 
student 250: 2 37 9 17 31 36 21 29 48 41 15 44 40 50 23 35 10 28 19 25 26 12 20 11 1 6 24 8 46 13 5 30 32 7 47 49 33 38 45 34 22 14 27 18 39 3 42 43 4 16 
student 251: 3 38 13 10 29 35 25 31 48 46 14 44 41 40 22 42 5 27 18 28 20 16 23 12 1 7 24 8 50 15 11 30 33 6 47 49 36 32 45 34 19 17 26 21 37 4 43 39 2 9 
student 252: 1 36 9 21 24 35 20 37 50 39 13 45 41 48 22 32 8 34 18 23 19 10 27 12 5 7 28 2 47 17 14 29 40 4 46 49 31 30 42 33 26 16 25 15 43 6 38 44 3 11 
student 253: 3 39 15 12 25 37 20 32 47 44 13 41 40 45 23 42 8 35 18 26 21 14 22 10 4 9 30 6 50 16 11 29 33 5 46 49 27 34 48 31 24 17 28 19 36 2 38 43 1 7 
student 254: 3 40 14 12 27 36 22 30 49 42 15 44 41 46 24 33 10 34 16 25 23 13 18 21 1 2 28 7 47 11 8 31 29 6 45 50 32 35 48 38 20 17 26 19 37 4 39 43 5 9 
student 255: 3 42 7 11 29 36 21 30 48 41 18 34 46 49 23 40 1 26 16 22 20 19 27 10 2 6 33 12 45 9 14 28 35 8 47 50 32 37 44 31 25 15 24 17 38 5 39 43 4 13 
student 256: 5 37 8 17 30 35 19 34 47 45 14 44 42 49 22 38 11 27 23 24 20 16 21 15 2 4 26 7 48 10 9 29 31 6 43 50 32 36 46 33 25 13 28 18 40 3 39 41 1 12 
student 257: 3 39 12 22 26 33 17 30 47 44 18 43 41 46 20 38 4 28 21 27 19 13 23 15 2 8 24 5 50 11 10 29 34 7 45 49 32 36 48 35 25 16 31 14 37 6 40 42 1 9 
student 258: 1 42 12 16 31 36 20 33 48 44 18 43 39 49 22 38 9 28 15 24 27 14 23 13 2 4 26 6 46 11 8 29 35 7 45 50 30 34 47 32 21 17 25 19 37 5 40 41 3 10 
student 259: 1 47 11 15 28 37 21 29 46 42 17 45 40 48 23 38 9 27 18 25 22 14 19 13 3 2 26 8 43 10 12 34 35 5 49 50 31 32 41 36 24 16 30 20 33 6 39 44 4 7 
student 260: 2 35 13 16 29 39 20 30 48 42 17 44 50 49 22 37 9 28 18 25 21 14 23 12 1 4 27 8 47 11 10 31 34 6 45 46 32 33 41 38 26 15 24 19 36 5 40 43 3 7 
student 261: 3 36 5 21 27 35 22 32 48 47 11 40 42 46 23 41 7 28 18 25 20 15 26 13 2 12 29 6 50 4 16 33 37 1 43 49 31 34 45 30 19 14 24 17 39 10 38 44 9 8 
student 262: 1 38 14 12 32 37 20 29 48 42 19 40 43 50 18 36 7 27 16 31 22 15 24 13 2 6 25 8 47 10 11 28 30 4 45 49 33 34 46 35 23 17 26 21 39 5 41 44 3 9 
student 263: 6 36 10 18 28 44 17 32 47 46 16 45 39 50 21 37 8 27 14 25 19 15 23 12 1 5 29 7 48 20 11 30 34 3 43 49 33 38 41 35 24 13 26 22 42 4 31 40 2 9 
student 264: 3 39 12 21 29 33 16 32 46 47 18 43 38 48 22 34 5 25 15 23 19 14 27 11 1 6 26 8 49 13 10 28 35 4 44 50 31 37 45 36 24 17 30 20 40 2 41 42 7 9 
student 265: 2 40 11 13 29 33 22 31 49 45 16 44 41 48 21 39 10 27 18 25 20 17 24 14 1 5 28 6 47 12 7 30 34 4 46 50 35 37 43 32 23 15 26 19 36 8 38 42 3 9 
student 266: 1 38 8 13 29 36 18 30 46 48 17 40 41 50 23 47 7 28 19 27 22 12 24 15 3 6 25 10 45 14 11 31 34 5 44 49 32 35 43 33 21 16 26 20 37 2 39 42 4 9 
student 267: 1 38 10 18 31 39 21 30 43 44 19 41 45 48 22 35 6 28 13 25 20 15 23 16 3 7 14 9 47 12 11 29 36 5 46 49 32 34 50 37 27 17 26 24 33 2 40 42 4 8 
student 268: 3 37 12 18 29 36 21 30 50 46 13 41 43 48 22 34 6 28 16 24 20 15 26 11 2 5 27 4 45 14 10 33 32 9 44 49 31 39 47 35 23 17 25 19 40 7 42 38 1 8 
student 269: 5 38 13 15 29 40 19 32 47 46 17 42 41 49 22 35 4 30 18 23 21 16 24 12 2 7 28 9 48 8 11 27 31 6 45 50 33 36 44 34 25 14 26 20 37 3 39 43 1 10 
student 270: 1 35 14 17 32 39 21 31 43 42 18 44 41 48 15 37 8 28 19 26 24 13 25 10 3 6 27 9 50 16 12 29 30 7 47 49 36 34 46 33 23 5 22 20 40 4 38 45 2 11 
student 271: 1 38 10 15 29 42 17 31 48 44 18 43 39 46 23 35 7 21 19 27 20 16 24 13 2 4 26 9 49 14 11 30 33 5 45 50 32 34 47 37 25 12 28 22 36 3 40 41 6 8 
student 272: 3 39 11 13 29 37 22 32 48 44 16 45 41 46 23 36 8 27 20 24 28 14 18 12 1 7 26 15 49 10 9 31 35 4 47 50 30 34 43 33 21 19 25 17 38 6 40 42 2 5 
student 273: 2 40 11 18 32 39 20 28 48 45 15 43 42 49 14 37 3 31 22 27 21 13 26 16 1 7 29 10 47 12 9 24 30 5 44 50 35 36 46 33 25 17 19 23 34 6 41 38 4 8 
student 274: 1 43 10 17 32 37 20 28 46 41 14 47 39 49 21 36 7 30 16 26 25 18 22 15 2 12 33 8 48 11 9 27 34 4 44 50 35 31 45 29 24 13 23 19 40 3 38 42 6 5 
student 275: 2 38 12 16 26 36 21 32 47 44 17 42 40 49 20 37 3 27 18 31 22 15 23 14 1 8 28 7 48 10 11 30 34 6 46 50 29 35 45 33 25 13 24 19 39 5 41 43 4 9 
student 276: 3 37 13 12 26 41 19 30 46 42 20 39 44 47 23 35 5 25 16 27 22 14 24 17 2 7 31 10 49 9 11 28 34 8 48 50 32 36 45 33 21 15 29 18 40 4 38 43 1 6 
student 277: 2 45 13 15 32 37 20 33 46 41 19 43 40 49 21 39 6 30 17 27 18 12 23 16 1 9 28 7 48 11 8 25 29 3 44 50 34 36 47 31 24 14 26 22 35 5 38 42 4 10 
student 278: 2 41 13 14 30 37 20 31 47 42 17 46 39 49 19 35 7 28 18 25 22 16 21 12 1 5 27 6 48 15 10 29 33 8 45 50 34 36 44 32 24 11 26 23 38 4 40 43 3 9 
student 279: 3 40 12 18 27 35 17 31 47 44 15 43 42 50 20 37 10 26 19 24 21 16 23 13 1 5 29 6 48 7 11 30 34 4 45 49 33 32 46 36 25 14 28 22 39 8 41 38 2 9 
student 280: 2 41 9 20 28 38 19 24 44 46 15 43 42 45 23 36 7 26 17 27 21 12 22 14 1 5 32 8 50 10 11 30 29 4 49 48 34 37 47 33 25 16 31 18 39 3 40 35 6 13 
student 281: 1 38 9 15 28 36 23 31 47 45 21 42 40 48 24 35 10 30 17 20 22 14 19 16 2 5 27 6 49 11 13 29 33 8 44 50 32 37 46 34 25 12 26 18 39 4 41 43 3 7 
student 282: 3 41 12 16 29 40 18 31 48 46 17 43 42 50 21 39 9 28 22 27 20 10 24 14 1 5 25 6 45 13 11 30 37 8 44 49 32 34 47 33 23 15 26 19 38 4 36 35 2 7 
student 283: 1 39 11 18 29 42 20 31 47 44 13 43 38 49 22 34 5 28 17 24 21 15 23 14 2 3 27 8 48 12 10 30 32 7 45 50 33 37 46 35 25 16 26 19 41 6 36 40 4 9 
student 284: 3 39 9 15 27 36 18 33 44 46 17 41 50 47 19 35 4 29 20 21 22 16 23 11 1 2 32 5 48 14 13 28 34 8 42 49 31 30 43 37 26 12 25 24 38 7 45 40 6 10 
student 285: 2 42 11 17 26 37 21 30 50 44 16 41 39 46 22 31 8 24 14 27 19 13 23 12 1 7 34 9 47 18 10 35 28 5 48 49 33 32 45 36 25 15 29 20 40 4 43 38 3 6 
student 286: 3 38 12 15 29 36 19 31 49 43 16 40 42 47 21 33 7 28 20 27 22 13 24 14 1 6 25 8 50 10 11 37 35 5 46 48 32 34 45 30 23 17 26 18 39 4 41 44 2 9 
student 287: 3 42 10 13 30 38 19 29 47 44 17 43 40 49 21 37 11 27 14 24 23 16 25 15 2 5 28 9 48 12 7 31 34 4 45 50 33 35 46 36 22 20 26 18 32 8 39 41 1 6 
student 288: 1 39 11 16 31 40 15 23 46 47 20 42 43 50 25 36 7 28 18 24 22 13 21 12 2 5 29 8 45 14 9 30 32 6 44 48 34 37 49 35 27 17 26 19 38 4 41 33 3 10 
student 289: 3 40 14 15 33 39 20 26 49 45 19 44 41 46 17 36 9 28 21 23 22 12 25 11 1 5 27 10 48 13 7 30 32 6 37 50 31 35 47 34 24 16 29 18 38 4 42 43 2 8 
student 290: 4 39 9 17 28 36 20 32 49 45 14 44 43 48 24 33 10 29 15 25 19 18 23 11 3 6 27 13 47 12 7 34 35 1 42 50 30 37 46 31 22 16 26 21 38 5 41 40 2 8 
student 291: 2 49 10 14 28 38 18 32 47 45 19 41 40 48 22 34 4 30 20 21 23 11 25 13 1 7 27 8 46 15 12 29 31 6 43 50 33 36 44 35 24 16 26 17 37 5 39 42 3 9 
student 292: 1 38 12 15 29 37 18 32 46 44 19 43 42 49 20 31 7 28 21 25 22 16 23 13 3 6 27 9 45 10 8 35 39 4 47 50 30 36 48 34 24 17 26 14 40 5 33 41 2 11 
student 293: 5 39 7 16 28 34 19 30 49 42 17 43 45 48 25 38 10 27 20 24 21 15 22 13 3 6 26 8 44 12 9 29 33 4 47 50 32 36 46 35 23 14 31 18 37 2 40 41 1 11 
student 294: 2 39 15 16 28 37 22 32 50 43 18 41 42 45 23 35 9 29 17 26 19 12 24 14 1 6 27 7 48 11 10 31 30 4 46 49 33 34 44 36 20 13 25 21 38 3 40 47 5 8 
student 295: 3 37 9 15 30 36 21 27 46 44 16 42 45 48 20 38 8 25 17 26 23 13 22 14 4 5 29 11 47 12 6 32 33 10 50 49 31 35 43 34 24 18 28 19 40 1 39 41 2 7 
student 296: 7 36 9 18 30 35 20 32 47 46 16 42 41 50 23 37 8 28 17 27 21 15 22 11 6 4 26 5 48 14 12 31 33 3 43 45 29 38 49 34 24 13 25 19 39 1 40 44 2 10 
student 297: 2 43 10 15 31 38 16 30 49 47 17 44 39 50 23 34 7 27 20 22 21 12 32 18 3 5 26 8 46 11 14 29 35 4 42 48 28 36 45 33 25 13 24 19 40 6 37 41 1 9 
student 298: 1 39 11 17 29 36 21 27 47 44 19 43 40 50 18 35 9 26 20 24 22 15 23 12 2 6 31 7 48 13 8 30 34 3 45 49 32 33 46 37 25 14 28 16 38 5 41 42 4 10 
student 299: 3 39 12 14 27 36 19 33 48 43 17 40 44 49 21 35 6 29 20 25 22 11 23 15 1 7 26 8 47 13 10 31 32 5 45 50 30 34 46 37 24 16 28 18 38 4 41 42 2 9 
student 300: 3 39 14 15 30 33 19 29 50 44 21 42 40 48 23 37 8 28 18 26 20 12 22 11 1 5 27 9 46 13 10 31 32 2 47 49 38 36 43 35 24 16 25 17 45 7 34 41 4 6 
student 301: 4 39 14 15 29 36 21 31 45 44 17 43 41 50 25 37 6 26 20 24 19 12 18 13 1 5 28 8 46 10 11 30 33 7 42 48 32 34 47 35 23 16 27 22 38 3 40 49 2 9 
student 302: 2 36 15 19 31 38 22 30 47 46 20 41 43 50 17 37 8 28 16 27 18 11 23 9 1 6 25 13 48 12 10 29 32 4 44 49 33 34 45 35 24 14 26 21 39 3 40 42 5 7 
student 303: 2 38 11 18 29 31 25 28 47 41 17 43 42 46 19 36 7 32 15 27 20 13 22 16 1 6 26 8 50 12 10 34 33 5 45 49 30 37 48 35 24 14 23 21 40 4 44 39 3 9 
student 304: 3 37 11 16 32 31 19 30 46 45 20 41 42 49 22 38 7 28 18 26 23 12 21 17 1 6 27 8 43 10 13 29 35 4 44 50 33 34 47 36 24 15 25 14 40 5 39 48 2 9 
student 305: 1 38 16 15 31 35 19 33 46 41 17 44 43 48 21 36 8 27 13 23 20 9 24 11 3 6 29 14 47 10 22 28 30 5 45 50 34 32 49 40 25 12 26 18 39 2 37 42 4 7 
student 306: 2 39 9 17 28 37 19 35 48 42 18 43 40 50 23 36 8 26 15 27 20 14 25 13 1 7 30 12 47 11 10 29 31 4 46 49 32 34 44 33 22 16 24 21 38 3 41 45 5 6 
student 307: 2 41 15 14 29 39 19 35 49 40 17 46 45 48 25 34 6 31 18 24 22 11 23 13 1 7 30 8 47 12 10 27 28 5 44 50 32 33 43 37 20 16 26 21 36 3 42 38 4 9 
student 308: 1 40 12 11 27 39 19 32 46 47 18 43 38 49 23 35 8 30 16 25 20 6 24 15 3 7 29 13 48 14 10 28 33 4 41 50 31 34 45 37 22 17 26 21 36 5 42 44 2 9 
student 309: 4 38 10 17 27 34 20 31 49 45 16 43 44 48 24 39 8 29 18 25 22 14 21 13 2 7 26 12 50 11 9 33 30 5 42 47 32 36 46 35 23 15 28 19 37 3 41 40 1 6 
student 310: 5 38 10 16 27 39 19 31 47 44 17 43 42 50 24 36 9 22 18 25 21 14 26 13 2 6 28 8 49 12 11 34 30 3 46 48 32 33 45 35 23 15 29 20 40 4 41 37 1 7 
student 311: 1 40 11 15 28 37 21 30 47 44 8 43 39 48 22 35 9 27 19 23 25 13 18 17 2 5 29 7 49 14 12 33 31 6 46 50 34 38 45 32 24 16 26 20 36 4 42 41 3 10 
student 312: 2 38 12 17 25 39 24 32 45 44 15 43 41 50 13 35 7 30 19 31 18 8 22 16 1 6 26 9 47 14 10 33 36 5 46 49 29 27 48 34 20 23 28 21 37 3 40 42 4 11 
student 313: 1 37 10 21 28 39 18 33 43 46 15 42 47 49 20 36 8 29 19 27 23 13 22 12 4 7 25 9 48 11 14 31 34 3 44 50 32 35 45 30 24 16 26 17 41 2 38 40 6 5 
student 314: 2 40 11 14 29 34 20 30 47 44 16 43 38 50 23 39 7 26 18 25 21 15 22 13 1 5 28 3 48 10 9 31 35 12 45 49 32 33 46 36 24 17 27 19 37 6 41 42 4 8 
student 315: 1 36 11 17 28 39 20 30 41 45 12 42 40 49 21 35 4 29 18 25 22 15 26 13 2 5 27 8 47 14 10 31 32 7 48 50 33 37 46 34 23 16 24 19 38 6 44 43 3 9 
student 316: 1 39 15 18 29 36 19 34 46 43 24 41 44 49 20 30 8 31 14 27 17 11 21 16 3 5 26 7 47 10 9 32 33 4 48 50 35 37 45 28 25 13 23 22 42 6 38 40 2 12 
student 317: 5 40 10 17 28 38 18 32 45 41 15 44 43 49 19 37 6 30 16 26 23 14 22 20 1 7 21 8 47 13 12 31 34 4 46 50 29 35 42 33 25 11 27 24 36 3 39 48 2 9 
student 318: 1 40 11 15 28 39 21 30 45 42 16 43 37 49 22 35 7 31 17 23 25 13 24 12 3 9 29 2 46 14 10 26 34 6 47 50 33 36 48 32 19 20 27 18 38 5 41 44 4 8 
student 319: 4 41 14 15 29 36 23 33 49 44 13 40 43 47 21 37 9 31 18 25 19 12 22 16 6 7 26 2 48 11 10 27 30 3 45 50 32 35 46 34 24 17 28 20 39 1 38 42 5 8 
student 320: 4 37 7 17 38 35 19 32 47 46 20 43 41 48 23 34 11 28 18 21 22 15 25 13 2 3 27 5 49 12 10 30 24 8 44 50 31 40 45 33 26 14 29 16 39 6 36 42 1 9 
student 321: 1 40 11 13 31 32 18 28 48 43 21 46 41 49 20 36 4 27 25 24 19 16 22 17 7 5 29 10 47 12 9 30 35 3 44 50 38 34 45 33 23 14 26 15 39 8 42 37 2 6 
student 322: 2 38 8 15 28 37 19 31 47 42 18 44 41 49 29 33 7 27 20 22 21 14 23 13 3 1 26 5 48 9 11 30 34 6 45 50 32 36 46 35 24 16 25 17 39 4 40 43 10 12 
student 323: 2 38 10 17 30 37 22 34 50 43 18 45 44 47 19 36 3 28 14 25 21 15 27 12 1 6 29 8 48 13 11 26 33 7 41 49 32 35 46 31 23 16 24 20 39 5 40 42 4 9 
student 324: 2 41 10 14 29 38 16 33 47 42 15 40 39 49 22 37 6 28 19 25 20 17 21 11 7 5 24 8 48 13 12 30 35 4 45 50 31 32 46 34 23 26 27 18 43 3 36 44 1 9 
student 325: 1 40 11 17 29 36 20 28 47 42 16 43 44 49 21 38 6 30 19 24 18 13 23 12 2 4 27 7 48 14 10 32 31 3 45 50 34 35 46 33 25 15 26 22 37 8 39 41 5 9 
student 326: 2 39 14 17 28 38 21 31 44 45 15 40 43 49 23 33 10 29 20 24 18 13 25 12 1 7 27 8 48 11 9 26 34 4 46 50 35 37 47 32 22 16 30 19 41 3 36 42 5 6 
student 327: 2 34 10 16 29 36 19 28 48 46 18 42 43 45 23 33 7 21 20 24 22 14 27 13 1 6 26 5 47 11 12 38 31 8 44 49 30 35 50 39 25 15 32 17 37 4 41 40 3 9 
student 328: 2 42 11 16 28 38 21 24 46 47 17 45 39 48 25 37 5 31 15 26 22 18 20 12 1 7 27 8 49 14 9 30 33 6 43 50 32 35 41 34 23 13 29 19 36 4 40 44 3 10 
student 329: 2 36 11 10 31 41 19 29 47 44 20 43 42 49 23 33 7 30 17 25 18 16 24 15 1 5 26 9 48 12 8 34 37 4 45 50 32 39 46 28 27 14 22 21 35 6 38 40 3 13 
student 330: 3 38 8 17 30 36 26 32 46 45 18 42 44 49 21 37 11 27 20 19 22 14 24 15 2 4 25 6 48 10 5 31 34 7 43 50 28 35 47 33 29 13 23 16 40 9 39 41 1 12 
student 331: 3 36 8 19 28 38 21 32 46 44 16 43 40 47 23 30 6 29 22 25 17 14 24 15 1 9 27 10 48 11 12 31 39 5 45 49 33 34 50 37 18 13 26 20 35 2 41 42 7 4 
student 332: 3 40 11 17 29 33 21 30 46 39 20 44 41 48 25 37 13 28 18 24 22 14 23 12 1 8 26 6 50 10 9 31 34 2 45 47 32 36 49 38 27 15 19 16 35 5 42 43 4 7 
student 333: 2 39 3 15 29 36 20 32 42 38 16 43 41 50 22 34 6 27 18 24 21 17 23 13 5 8 28 4 49 11 10 31 30 1 47 48 33 37 44 35 26 14 25 19 40 9 46 45 7 12 
student 334: 4 40 10 16 29 38 21 30 50 42 20 46 44 45 23 34 12 26 19 27 18 13 24 11 1 5 35 6 48 9 14 31 28 2 43 49 33 36 47 32 25 15 22 17 37 8 39 41 3 7 
student 335: 2 43 12 8 28 36 18 32 47 46 17 40 38 49 22 37 6 25 19 27 21 15 24 14 1 9 26 10 48 13 11 30 31 5 45 50 34 39 44 33 23 16 29 20 35 3 41 42 4 7 
student 336: 9 38 12 15 29 41 16 31 48 43 20 42 40 50 18 35 7 26 19 25 22 13 23 17 2 5 28 6 49 10 8 32 34 1 44 46 33 36 47 30 24 14 27 21 37 3 39 45 4 11 
student 337: 2 40 12 14 30 35 19 32 43 46 13 41 42 50 21 36 6 23 17 25 20 15 22 18 1 3 29 9 45 10 11 28 37 5 47 49 31 34 48 33 24 16 27 26 39 4 38 44 8 7 
student 338: 2 38 10 16 30 37 23 26 49 32 17 45 42 48 21 39 4 33 15 24 20 12 22 14 1 6 25 8 43 11 9 29 35 3 47 50 31 36 41 34 27 19 28 18 40 5 44 46 7 13 
student 339: 3 43 11 15 32 35 21 31 47 45 17 40 41 48 20 36 8 28 19 24 16 18 22 13 1 4 27 6 49 12 10 38 30 5 44 50 29 34 46 33 23 14 26 25 42 7 37 39 2 9 
student 340: 4 36 12 11 31 45 19 30 49 41 17 42 38 47 23 34 9 29 28 25 22 14 21 13 1 7 26 8 50 15 10 27 33 6 44 48 40 32 46 35 20 16 24 18 37 5 39 43 2 3 
student 341: 2 36 12 18 25 37 21 32 46 45 16 44 41 49 22 34 7 19 20 27 26 13 23 15 1 6 29 10 48 8 11 30 31 5 43 50 33 35 47 38 28 14 24 17 39 4 40 42 3 9 
student 342: 2 32 11 13 30 38 19 33 46 43 17 48 42 49 24 31 9 29 20 25 23 15 16 14 1 6 26 4 45 12 10 28 34 5 44 50 35 37 47 36 22 18 27 21 39 7 40 41 3 8 
student 343: 1 41 12 18 29 37 19 31 46 45 21 42 44 47 23 36 6 27 14 25 20 15 24 11 2 5 28 10 49 8 16 33 35 9 40 50 32 34 48 30 26 13 22 17 38 3 39 43 4 7 
student 344: 2 39 8 18 30 33 19 31 47 44 15 42 46 49 21 34 5 26 16 24 20 12 23 13 1 9 29 11 48 14 10 28 36 6 45 50 35 37 43 32 25 17 27 22 40 3 38 41 4 7 
student 345: 2 41 11 21 29 36 23 31 46 47 14 45 42 50 22 37 7 19 17 26 20 13 24 15 1 3 28 10 44 8 5 30 32 6 48 49 33 35 40 34 25 16 27 18 39 9 38 43 4 12 
student 346: 1 38 13 15 29 39 22 31 44 48 16 43 41 49 20 36 4 28 18 25 23 14 24 11 2 6 27 7 50 12 10 30 32 5 47 46 37 33 45 35 21 17 26 19 34 3 40 42 9 8 
student 347: 1 40 11 20 31 38 19 32 47 44 17 43 42 50 23 36 5 25 21 26 28 9 22 14 3 7 24 8 48 13 12 29 35 6 45 49 30 34 46 37 18 15 27 16 39 4 41 33 2 10 
student 348: 4 41 9 17 26 34 19 31 46 43 18 45 40 49 16 38 8 28 24 30 20 14 23 13 1 3 27 7 48 11 12 33 32 6 44 50 29 37 47 35 25 15 22 21 36 5 39 42 2 10 
student 349: 2 37 11 15 32 39 20 31 46 41 18 44 43 50 19 35 7 29 23 22 26 14 21 13 1 5 25 8 49 12 10 30 28 6 42 47 36 34 48 33 24 16 27 17 40 4 38 45 3 9 
student 350: 2 39 14 13 29 38 19 31 47 45 17 40 41 50 22 36 8 26 18 27 20 10 23 12 1 3 21 4 48 16 11 30 35 7 46 49 33 34 42 32 25 15 28 24 37 6 43 44 5 9 
student 351: 2 38 12 16 30 37 20 34 47 43 18 46 40 49 22 36 7 29 19 27 21 11 23 13 1 5 24 6 48 14 10 31 33 9 45 50 25 32 44 35 26 15 28 17 39 4 42 41 3 8 
student 352: 1 43 13 11 29 36 20 30 46 40 16 49 41 47 22 37 6 27 18 31 19 17 23 14 5 8 25 7 50 10 12 28 33 4 45 48 32 35 44 34 21 15 26 24 39 3 38 42 2 9 
student 353: 8 36 13 23 26 33 22 38 50 47 11 40 39 49 18 44 5 31 16 21 20 19 24 12 1 7 29 9 46 14 10 30 28 3 43 48 32 42 45 34 25 15 27 17 35 2 37 41 4 6 
student 354: 1 37 9 17 31 35 24 32 46 41 18 47 39 49 22 38 4 29 21 20 19 13 27 16 2 5 28 7 43 10 15 33 34 8 44 50 30 45 48 23 12 14 25 26 36 6 42 40 3 11 
student 355: 4 35 11 16 26 38 19 30 46 47 15 39 42 49 21 33 10 28 17 25 22 12 23 14 1 7 29 5 48 8 13 36 34 3 43 50 31 32 44 37 24 18 27 20 41 2 40 45 6 9 
student 356: 1 38 8 15 28 37 21 31 47 43 18 44 42 45 19 36 7 25 17 26 22 13 23 12 3 11 27 6 49 16 10 30 32 5 46 48 33 39 50 34 24 14 29 20 35 4 40 41 2 9 
student 357: 4 38 8 15 29 37 21 31 47 43 18 45 34 48 23 36 6 26 19 24 20 13 22 12 2 7 25 9 49 14 16 30 32 5 44 50 35 39 46 33 28 10 27 17 40 1 42 41 3 11 
student 358: 1 39 10 19 27 32 23 33 46 45 18 44 41 50 21 40 3 31 14 30 15 16 22 12 2 7 26 8 47 13 11 28 34 6 48 49 29 38 43 35 24 17 25 20 36 5 37 42 4 9 
student 359: 1 38 12 16 28 37 24 30 47 44 18 45 42 49 21 39 2 25 17 20 26 15 23 14 3 8 31 6 46 9 11 29 35 5 48 50 32 40 43 33 27 13 22 19 34 10 41 36 4 7 
student 360: 1 39 11 15 24 37 23 29 47 45 17 43 40 48 21 35 8 28 18 26 20 13 25 14 2 5 30 7 49 10 9 32 34 4 44 50 31 36 46 33 22 16 27 19 38 3 41 42 6 12 
student 361: 2 40 12 15 30 38 19 29 48 41 17 44 42 49 20 36 7 28 22 25 26 14 23 13 1 6 27 8 45 10 9 32 33 4 46 50 31 34 47 35 21 18 24 16 39 5 37 43 3 11 
student 362: 2 41 9 13 28 36 19 34 45 40 16 44 39 49 24 35 10 29 18 22 20 17 27 14 5 7 26 6 48 15 8 30 31 1 47 50 32 37 46 33 21 11 25 23 38 4 42 43 3 12 
student 363: 3 38 9 15 28 39 22 30 47 44 17 43 41 48 23 36 8 32 18 31 20 14 21 13 2 7 24 11 49 4 10 29 27 5 45 50 35 34 46 33 25 16 26 19 37 6 40 42 1 12 
student 364: 4 41 8 16 32 38 19 30 47 46 17 43 34 48 27 35 7 26 20 21 23 18 22 12 1 6 25 9 50 13 11 28 33 3 45 49 31 39 44 37 24 15 29 14 36 5 40 42 2 10 
student 365: 11 37 10 18 30 39 19 38 47 49 17 43 40 48 22 36 5 27 20 23 21 14 24 15 3 6 29 7 46 12 9 32 34 2 44 50 28 35 45 31 26 13 25 16 33 4 41 42 1 8 
student 366: 2 37 18 17 28 40 21 30 47 46 16 44 38 49 23 39 8 29 14 25 20 15 24 11 1 6 26 4 43 12 10 31 34 5 45 50 32 35 48 33 22 13 27 19 42 7 41 36 3 9 
student 367: 1 41 10 15 29 37 24 32 43 46 16 44 39 48 20 40 9 27 19 22 18 14 25 12 6 4 28 5 50 13 11 30 36 7 45 49 31 34 47 33 26 17 23 21 35 2 38 42 3 8 
student 368: 2 38 9 17 28 34 21 30 48 45 18 42 37 50 22 36 6 31 20 26 19 13 24 15 1 8 27 10 49 11 12 32 39 7 47 46 33 41 43 29 23 16 25 14 35 5 40 44 3 4 
student 369: 4 42 11 17 28 37 21 30 48 43 16 44 39 46 20 33 10 29 19 26 23 13 22 14 1 5 27 3 50 12 9 31 32 8 47 49 34 38 41 35 25 15 24 18 36 2 40 45 6 7 
student 370: 1 36 11 16 28 37 23 32 48 42 18 43 44 49 19 35 3 26 21 30 27 14 22 13 2 8 25 9 45 12 10 29 33 7 46 50 31 38 47 34 20 15 24 17 40 5 39 41 4 6 
student 371: 3 35 17 19 28 39 21 30 43 45 15 42 41 49 23 38 7 26 18 25 16 8 22 14 2 6 36 10 47 11 12 29 31 5 48 50 33 32 46 34 24 13 27 20 37 4 40 44 1 9 
student 372: 3 39 10 15 28 35 25 31 47 43 17 45 41 50 24 36 9 29 19 23 20 16 18 11 2 8 27 5 49 13 12 30 32 4 44 48 33 34 46 37 21 14 26 22 38 7 40 42 1 6 
student 373: 3 37 13 15 25 39 18 30 49 44 17 45 40 48 22 34 6 29 16 19 20 14 23 12 2 8 27 9 47 11 10 31 32 1 41 50 33 38 46 36 26 24 28 21 35 5 42 43 4 7 
student 374: 2 41 12 17 25 37 20 32 47 43 18 44 40 48 23 36 5 28 19 26 21 15 24 13 1 7 29 6 50 11 10 30 35 8 46 49 31 34 45 33 22 14 27 16 38 3 39 42 4 9 
student 375: 1 40 9 16 29 37 23 32 46 42 15 45 41 48 22 36 6 28 18 26 20 14 19 12 2 7 25 11 50 13 10 30 31 4 44 49 33 35 47 34 21 17 27 24 38 5 39 43 3 8 
student 376: 3 40 13 15 32 39 21 30 48 42 18 43 37 49 22 35 9 25 17 26 19 8 23 14 2 6 29 10 46 11 7 27 33 5 45 50 31 34 47 36 24 16 28 20 41 4 44 38 1 12 
student 377: 4 35 11 17 30 43 24 31 46 41 18 42 45 48 21 37 8 22 16 27 23 15 25 14 1 2 26 6 49 12 10 36 32 5 44 50 28 33 47 34 19 13 29 20 39 7 38 40 3 9 
student 378: 2 40 11 16 30 34 18 37 46 43 19 45 39 50 22 35 9 27 14 28 21 7 24 15 1 5 29 12 47 17 6 25 32 8 44 49 31 33 48 36 26 13 23 20 38 4 41 42 3 10 
student 379: 4 39 11 13 25 35 23 31 48 43 14 38 41 46 21 37 3 24 20 26 22 15 16 17 2 8 27 10 49 12 7 30 32 6 47 50 36 33 45 34 29 18 28 19 40 1 44 42 5 9 
student 380: 2 39 9 14 27 38 20 32 47 44 16 46 41 50 24 36 6 29 17 25 22 11 19 15 1 4 28 10 48 8 5 30 34 12 43 49 33 35 45 31 23 18 26 21 37 7 42 40 3 13 
student 381: 4 41 18 17 31 39 14 32 50 42 20 40 44 47 23 36 11 29 13 25 24 12 26 6 2 3 30 5 48 10 9 22 28 8 43 49 33 37 46 35 27 16 19 21 34 1 38 45 7 15 
student 382: 2 39 11 15 25 37 23 31 47 45 16 44 41 49 24 34 6 29 17 28 19 10 20 13 1 7 27 14 43 12 9 30 35 4 46 50 32 36 48 33 21 18 26 22 40 3 38 42 8 5 
student 383: 2 37 12 16 30 41 21 28 44 45 15 42 40 47 20 36 8 29 18 27 22 10 23 17 1 4 25 9 49 14 11 33 32 6 48 50 35 31 46 34 24 13 26 19 38 5 39 43 3 7 
student 384: 1 38 13 15 27 42 19 30 48 46 17 39 40 49 21 35 6 36 24 29 23 11 20 16 2 4 26 8 47 12 10 28 31 7 44 45 34 33 50 32 22 14 25 18 37 3 41 43 5 9 
student 385: 3 39 15 14 28 38 19 33 48 45 16 44 40 49 22 35 8 30 17 25 20 18 23 12 4 6 27 9 42 10 11 29 31 5 46 50 36 34 47 32 24 13 26 21 37 2 43 41 1 7 
student 386: 2 42 8 15 30 37 21 32 47 46 16 45 44 48 19 36 7 28 20 24 25 14 22 11 1 6 27 9 49 10 13 29 34 5 41 50 33 35 43 31 23 17 26 18 40 4 38 39 3 12 
student 387: 1 38 10 16 30 37 24 32 49 45 19 42 43 44 23 34 4 28 17 25 21 14 20 13 2 8 27 11 46 12 9 31 39 6 48 50 29 33 47 35 22 15 26 18 36 5 40 41 3 7 
student 388: 2 39 8 13 29 36 23 33 48 45 24 43 41 47 16 38 6 28 18 21 20 17 22 14 1 7 25 10 49 11 9 30 34 5 44 50 31 37 46 35 26 12 27 19 32 4 40 42 3 15 
student 389: 1 39 7 16 27 37 24 28 47 43 17 44 42 49 21 38 10 33 20 29 18 13 23 9 3 5 26 11 48 14 12 30 31 8 45 50 36 35 46 32 22 15 25 19 34 4 40 41 2 6 
student 390: 9 39 11 16 27 36 20 33 47 46 17 43 41 50 21 34 2 28 18 25 22 13 24 14 3 5 26 7 45 12 8 30 35 6 48 49 32 37 44 31 23 15 29 19 38 4 40 42 1 10 
student 391: 4 40 8 17 29 37 22 32 46 47 18 42 30 44 23 38 7 28 19 21 20 13 25 15 3 5 27 9 50 12 11 31 34 2 49 48 33 35 43 36 26 16 24 14 39 6 41 45 1 10 
student 392: 2 41 12 16 32 38 19 30 47 40 17 44 39 48 24 35 6 28 18 27 21 15 23 13 1 7 25 9 50 11 8 31 36 3 46 49 33 34 45 29 22 14 26 20 37 4 43 42 5 10 
student 393: 1 42 11 14 25 35 19 31 45 48 16 44 43 47 24 37 6 29 17 26 20 13 21 22 2 5 33 8 50 12 10 30 32 7 41 49 34 36 46 28 23 15 27 18 38 4 39 40 3 9 
student 394: 2 37 10 17 25 38 21 27 46 47 18 43 39 49 26 36 11 30 20 23 22 13 19 15 1 8 28 9 40 12 4 31 33 3 48 50 32 35 45 34 24 14 29 16 41 6 42 44 5 7 
student 395: 4 39 9 17 31 35 20 28 45 44 18 41 42 49 27 36 10 26 15 25 21 16 22 11 3 5 29 6 47 13 8 30 32 7 48 50 37 34 46 33 23 14 24 19 40 2 38 43 1 12 
student 396: 1 37 13 19 30 41 21 29 48 45 16 44 42 46 20 34 7 27 14 28 23 15 24 17 2 5 26 9 49 11 10 31 33 6 43 50 32 35 47 38 25 12 22 18 39 3 36 40 4 8 
student 397: 4 39 10 17 30 38 23 29 46 42 15 45 41 48 26 36 7 28 21 27 24 16 20 14 1 6 25 8 50 12 11 31 32 2 44 49 35 37 47 33 18 13 22 19 34 5 40 43 3 9 
student 398: 2 40 9 14 26 43 21 29 46 45 17 33 41 49 25 39 11 32 18 23 19 16 24 13 4 5 28 7 48 12 8 30 36 1 47 50 35 34 44 31 22 15 27 20 38 3 37 42 6 10 
student 399: 3 44 10 15 27 36 20 34 46 42 18 45 43 49 22 35 7 30 17 24 23 12 21 16 2 11 28 8 48 14 9 29 32 4 40 50 31 33 47 37 25 13 26 19 38 5 39 41 1 6 
student 400: 2 40 13 17 28 36 22 24 45 42 18 41 39 49 25 32 8 21 19 27 20 9 15 14 1 6 33 10 47 11 7 30 34 4 48 50 31 35 46 38 29 16 26 23 37 5 43 44 3 12 
student 401: 5 42 11 13 29 38 21 31 47 48 17 43 41 45 19 39 7 27 20 26 23 15 22 14 1 6 28 8 49 12 9 30 34 4 44 46 32 33 50 37 25 16 24 18 35 3 36 40 2 10 
student 402: 5 41 10 17 27 36 23 31 48 40 20 44 43 49 21 34 3 28 16 22 24 13 18 12 2 7 29 11 47 14 9 32 30 1 46 50 37 33 45 39 25 15 26 19 38 6 42 35 4 8 
student 403: 1 38 9 17 26 37 23 32 46 44 16 41 40 49 22 36 8 28 20 27 21 12 25 15 2 5 29 7 50 14 10 30 33 3 48 47 31 35 45 34 19 11 24 18 39 6 42 43 4 13 
student 404: 1 41 12 18 26 37 22 31 48 43 16 44 38 47 23 34 8 30 15 25 27 14 20 13 2 7 24 11 49 10 6 28 35 5 46 50 33 36 45 32 17 21 29 19 40 4 39 42 3 9 
student 405: 6 36 12 19 30 41 21 33 45 46 17 38 43 49 23 35 7 29 18 24 22 15 16 13 1 3 28 5 50 10 11 31 26 8 47 48 34 39 42 32 25 14 27 20 37 2 40 44 4 9 
student 406: 6 38 14 15 27 37 19 29 49 45 18 44 41 48 25 34 8 24 17 26 21 13 23 12 1 5 30 9 50 10 11 31 33 3 42 47 32 35 43 36 22 16 28 20 39 4 40 46 2 7 
student 407: 2 44 10 14 35 32 18 31 48 45 8 42 40 50 22 39 9 26 15 25 20 21 24 16 1 5 29 13 47 17 12 27 28 7 41 49 33 37 43 36 23 11 30 19 34 4 38 46 3 6 
student 408: 3 39 13 17 27 38 21 34 47 42 19 41 40 48 22 44 6 28 16 24 18 15 23 8 2 7 29 9 49 10 14 33 30 5 45 50 31 32 46 35 26 12 25 20 36 4 37 43 1 11 
student 409: 3 42 15 18 29 37 21 31 46 44 12 47 41 45 19 36 8 27 22 28 24 13 20 14 1 6 25 11 49 7 10 30 34 4 43 48 32 33 50 35 23 17 26 16 38 2 39 40 5 9 
student 410: 6 38 13 20 30 37 19 31 43 46 15 44 39 50 21 36 5 28 17 25 22 11 23 12 2 7 26 10 48 8 9 29 34 3 49 47 32 35 45 33 24 14 27 16 40 1 41 42 4 18 
student 411: 3 39 10 16 28 36 20 35 49 42 18 44 41 48 22 31 6 26 17 27 21 13 24 15 1 5 34 4 47 14 11 33 30 2 43 50 29 38 46 32 25 12 23 19 37 8 40 45 7 9 
student 412: 4 38 9 15 36 37 18 28 50 43 23 46 41 49 20 34 12 27 17 24 21 14 26 13 3 6 29 7 47 10 11 32 35 5 45 48 30 33 44 31 22 16 25 19 40 1 39 42 2 8 
student 413: 3 39 8 14 25 40 18 31 46 38 17 45 42 47 22 37 5 29 19 23 21 13 24 15 2 10 27 6 49 12 11 30 34 4 44 50 32 33 48 35 28 16 26 20 36 7 41 43 1 9 
student 414: 3 41 13 16 36 34 19 30 47 48 17 37 42 49 20 39 8 29 18 27 24 15 21 12 1 7 28 6 46 14 11 26 31 2 45 50 32 35 43 33 25 9 22 23 38 4 40 44 5 10 
student 415: 2 44 11 22 26 31 23 33 46 45 18 40 41 47 20 37 5 29 13 27 17 14 24 16 1 4 25 9 49 12 10 32 34 8 43 50 30 36 48 35 21 15 28 19 38 3 42 39 6 7 
student 416: 4 42 8 16 30 36 14 31 45 44 17 40 43 50 20 37 19 26 21 28 24 18 25 10 1 11 27 15 46 7 5 29 33 6 48 47 32 35 49 34 23 13 22 12 38 3 39 41 2 9 
student 417: 1 37 11 15 32 38 21 29 48 44 17 41 42 50 20 40 9 30 18 28 25 8 22 14 4 6 27 10 49 7 13 31 33 3 45 47 26 36 46 35 24 16 23 19 39 5 34 43 2 12 
student 418: 2 36 10 15 29 37 22 32 42 48 18 44 40 49 20 34 9 27 17 28 19 16 23 13 1 7 25 6 46 11 8 30 33 4 47 50 35 45 43 31 24 14 26 21 38 3 39 41 5 12 
student 419: 1 42 8 18 27 39 20 31 49 44 17 43 41 48 24 36 6 30 19 29 23 14 21 13 2 3 28 10 47 12 11 32 33 7 46 50 34 35 45 26 22 15 25 16 37 5 38 40 4 9 
student 420: 5 40 10 19 26 38 18 30 47 37 14 46 39 50 22 34 9 28 16 25 20 15 23 17 1 4 29 7 48 13 8 32 36 6 43 49 33 35 45 31 27 12 24 21 42 3 44 41 2 11 
student 421: 3 38 12 13 33 39 14 31 44 45 18 43 41 47 23 37 9 28 20 24 21 17 22 15 2 7 27 11 46 10 4 29 34 6 50 49 30 35 48 32 25 16 26 19 36 1 42 40 5 8 
student 422: 1 41 13 11 27 32 20 31 46 43 15 44 42 49 25 35 5 30 18 21 23 14 22 16 2 7 29 10 47 3 12 34 24 8 45 50 33 37 48 36 26 17 28 19 39 6 38 40 4 9 
student 423: 2 39 11 18 31 38 21 26 45 44 17 41 42 48 27 36 3 28 16 20 24 14 25 13 1 7 30 6 49 12 10 32 35 5 46 50 29 34 47 33 22 15 23 19 37 8 40 43 4 9 
student 424: 3 39 9 13 30 38 20 31 47 43 17 42 41 49 23 36 8 28 18 26 22 12 25 16 1 7 27 5 48 10 14 29 33 6 45 50 32 35 46 34 24 15 19 21 37 4 40 44 2 11 
student 425: 6 39 11 16 29 35 21 30 48 43 19 44 41 46 25 36 7 28 18 23 17 12 22 14 2 4 27 9 49 13 10 32 33 1 47 50 31 37 45 34 24 15 26 20 38 3 42 40 5 8 
student 426: 3 39 11 15 28 38 20 31 47 45 18 44 43 50 23 34 6 29 16 24 25 12 22 17 1 8 27 5 49 14 9 32 33 2 42 48 30 37 46 35 26 13 21 19 36 4 40 41 7 10 
student 427: 4 39 14 17 27 34 18 35 41 46 13 48 44 49 24 37 10 30 19 25 23 15 26 7 1 5 22 8 45 12 11 32 33 9 47 50 29 31 43 36 21 16 28 20 38 3 40 42 2 6 
student 428: 2 45 10 17 28 37 15 32 43 42 18 41 38 50 23 36 6 21 20 22 19 14 27 13 1 7 26 8 47 11 12 31 34 4 48 49 33 35 44 30 29 16 25 24 40 3 39 46 5 9 
student 429: 1 40 11 15 29 36 20 32 48 43 17 41 42 49 21 39 7 25 18 26 23 12 24 13 3 9 22 8 46 14 6 31 33 5 47 50 30 34 45 35 27 16 28 19 38 4 37 44 2 10 
student 430: 5 38 7 18 30 34 21 32 47 44 15 42 40 49 22 35 8 28 20 24 16 13 23 17 1 6 27 9 48 12 11 31 36 3 45 50 33 39 46 29 25 14 26 19 37 2 43 41 4 10 
student 431: 2 37 13 16 26 40 23 32 45 46 19 43 39 47 22 33 9 29 17 25 21 15 20 12 1 5 28 10 49 6 8 30 34 7 44 50 31 36 48 35 24 14 27 18 41 4 38 42 3 11 
student 432: 4 39 6 15 29 32 20 31 48 46 22 43 40 50 21 35 8 27 17 26 18 16 24 10 1 11 23 12 45 13 9 33 30 5 47 49 36 37 44 34 25 14 28 19 42 3 38 41 2 7 
student 433: 2 38 12 13 30 42 17 29 48 45 18 39 43 47 23 37 5 27 16 25 21 15 22 14 1 7 28 8 49 11 10 34 32 4 44 50 36 31 46 33 26 20 24 19 35 6 40 41 3 9 
student 434: 2 40 10 15 34 36 19 31 46 44 20 42 41 47 23 35 7 27 18 25 21 17 24 12 1 9 28 11 48 13 4 29 37 3 49 50 32 33 45 30 22 16 26 14 38 8 39 43 5 6 
student 435: 5 37 11 16 28 36 21 33 45 44 17 42 41 49 23 38 6 27 18 24 19 14 20 13 1 8 31 7 50 9 12 29 32 2 46 48 30 35 47 34 22 15 26 25 40 4 39 43 3 10 
student 436: 3 37 10 15 32 36 20 23 44 47 16 42 38 49 25 31 8 29 18 26 24 13 21 14 2 17 28 9 48 11 7 33 30 6 45 50 34 39 46 35 22 12 27 19 40 1 41 43 5 4 
student 437: 5 37 10 17 30 39 22 33 49 45 14 44 42 48 19 36 8 27 18 25 21 11 23 15 1 4 28 7 43 13 12 32 29 3 46 50 31 35 47 34 24 16 26 20 38 6 40 41 2 9 
student 438: 1 34 16 15 29 36 22 35 47 45 18 40 41 50 20 33 2 27 19 26 17 13 25 11 3 4 24 7 43 12 9 32 38 6 48 49 30 31 46 39 23 14 28 21 37 8 42 44 5 10 
student 439: 2 39 15 17 28 37 21 32 47 44 16 49 41 46 22 36 8 30 19 27 23 13 25 12 1 6 26 9 45 10 7 29 33 5 43 50 31 35 48 34 18 14 24 20 38 4 40 42 3 11 
student 440: 1 38 11 16 26 37 22 28 48 43 15 44 41 45 23 36 5 33 21 29 19 12 17 14 2 4 30 8 47 7 9 35 31 6 49 50 27 34 46 32 24 18 25 20 39 13 40 42 3 10 
student 441: 3 38 12 15 27 37 20 31 48 39 18 46 45 49 24 40 7 29 16 26 21 14 23 13 1 6 28 8 44 11 9 34 32 2 42 50 30 36 47 33 25 17 22 19 43 5 35 41 4 10 
student 442: 1 38 13 19 27 40 21 32 44 41 15 39 45 50 22 36 5 26 17 24 23 14 18 11 2 9 29 8 48 12 10 31 30 6 47 49 33 34 43 35 28 16 25 20 37 4 42 46 3 7 
student 443: 2 37 6 20 28 41 22 30 47 42 17 43 39 49 23 29 5 32 18 25 15 14 21 16 1 8 27 11 48 12 10 31 35 9 45 50 33 38 46 34 24 13 26 19 36 4 40 44 3 7 
student 444: 4 37 9 17 28 31 21 34 50 39 18 45 41 48 23 42 8 29 14 20 26 13 22 15 2 6 25 10 46 11 12 30 27 1 44 49 33 38 47 36 24 16 32 19 35 5 40 43 3 7 
student 445: 4 41 11 19 28 36 17 27 48 44 15 43 38 50 23 39 7 31 16 24 22 14 20 12 1 6 29 3 45 13 8 30 32 9 46 47 34 33 49 35 26 18 25 21 37 5 40 42 2 10 
student 446: 8 36 13 18 28 38 19 34 49 44 17 42 43 50 23 37 6 25 15 29 22 14 26 12 2 1 24 7 45 11 9 30 32 4 47 46 27 33 48 35 21 16 31 20 39 3 40 41 5 10 
student 447: 3 41 14 18 30 36 20 31 47 44 16 39 42 49 21 35 9 28 17 25 22 15 23 10 1 8 27 11 48 12 5 32 34 7 45 50 29 33 46 38 24 13 26 19 37 6 40 43 2 4 
student 448: 2 37 10 15 26 35 20 32 47 46 18 43 40 49 23 38 4 28 16 25 22 14 24 8 1 6 27 13 48 7 12 30 34 3 45 50 33 31 44 36 21 19 29 17 42 9 39 41 5 11 
student 449: 3 40 10 19 31 35 21 30 47 44 13 38 43 49 22 39 2 26 20 27 18 15 25 11 1 7 28 9 50 17 8 33 32 6 45 48 29 34 46 37 23 14 24 16 36 5 41 42 4 12 
student 450: 5 39 7 18 29 37 12 32 45 44 20 41 40 46 22 36 10 27 21 24 19 15 23 14 2 4 33 13 50 9 11 26 31 8 48 47 30 35 49 34 28 16 25 17 38 1 42 43 3 6 
student 451: 3 37 13 18 30 36 23 31 46 44 16 42 43 47 25 32 7 26 17 24 20 14 19 12 1 6 27 9 50 11 8 28 35 5 45 48 34 38 49 29 22 15 33 21 40 2 39 41 4 10 
student 452: 1 39 13 17 27 37 20 30 45 47 18 40 41 42 22 35 5 28 15 26 19 14 24 12 2 7 25 10 49 11 8 29 36 6 48 50 32 34 43 33 21 16 31 23 46 4 44 38 3 9 
student 453: 1 38 10 16 29 37 17 32 47 44 21 42 39 49 28 36 7 27 18 23 22 11 24 13 3 6 20 8 50 14 12 30 31 5 45 48 33 35 46 34 26 15 25 19 41 4 40 43 2 9 
student 454: 8 41 5 16 29 40 20 34 38 43 18 42 39 49 23 35 6 28 15 21 22 13 26 17 1 7 27 10 46 12 9 32 31 4 44 50 30 37 45 33 24 14 25 19 36 3 48 47 2 11 
student 455: 1 40 8 14 30 37 20 29 48 46 17 43 38 47 21 36 4 28 18 27 22 13 24 15 2 11 23 9 49 12 7 31 34 6 45 50 35 32 44 33 26 16 25 19 39 3 41 42 5 10 
student 456: 1 40 11 18 27 38 21 31 47 44 17 42 43 48 20 39 8 29 14 26 22 15 24 10 2 5 28 7 49 12 9 30 34 4 45 50 32 36 46 35 23 13 25 19 33 3 37 41 6 16 
student 457: 2 41 10 12 31 39 17 28 47 43 16 38 42 50 27 36 7 26 15 20 23 14 24 11 1 8 25 9 46 18 13 32 30 5 45 49 33 34 44 35 22 19 29 21 37 4 40 48 3 6 
student 458: 5 40 11 17 35 37 20 36 47 46 13 44 41 50 22 34 9 28 18 29 21 15 23 12 1 3 24 10 48 14 8 31 26 7 43 49 30 33 45 32 25 16 27 19 38 2 39 42 6 4 
student 459: 1 38 11 20 31 39 19 32 46 44 17 43 42 50 28 36 9 25 14 24 18 15 22 10 3 6 27 7 48 13 8 30 23 4 47 49 29 34 45 33 35 16 26 21 37 5 40 41 2 12 
student 460: 3 36 11 20 27 40 19 31 49 44 14 42 37 47 23 35 6 30 18 28 21 15 22 13 2 5 24 8 48 12 10 29 33 7 46 50 41 32 45 34 25 16 26 17 38 4 39 43 1 9 
student 461: 2 40 6 14 29 38 21 30 50 44 22 43 41 48 23 36 9 28 18 19 17 16 24 13 1 8 26 10 46 15 4 31 32 7 42 49 34 37 47 33 25 11 27 20 35 5 39 45 3 12 
student 462: 1 37 5 13 29 35 21 32 45 46 15 40 43 47 17 38 7 30 19 27 24 18 22 14 2 3 28 10 44 12 11 25 31 4 49 48 34 36 50 33 23 16 26 20 39 8 42 41 6 9 
student 463: 3 41 11 14 29 39 22 30 46 47 17 42 43 45 24 37 7 34 18 25 20 15 21 16 1 5 31 8 49 13 10 27 28 2 38 50 35 33 48 32 23 12 26 19 36 6 40 44 4 9 
student 464: 2 36 11 15 28 38 19 31 45 46 18 43 39 49 26 37 6 29 16 25 21 14 22 12 3 1 24 7 50 13 10 30 34 5 44 48 35 33 47 32 23 17 27 20 40 8 41 42 4 9 
student 465: 4 40 11 13 31 34 16 32 47 44 19 39 42 49 22 37 7 27 20 24 18 17 26 14 5 3 29 8 48 12 10 35 28 6 46 50 30 36 45 33 23 15 25 21 38 1 41 43 2 9 
student 466: 2 39 11 15 28 36 16 33 44 46 17 43 41 49 20 38 7 30 22 25 23 18 24 13 1 6 26 9 48 12 8 27 35 4 42 50 31 32 47 37 21 14 29 19 34 5 40 45 3 10 
student 467: 4 38 11 14 29 35 21 28 47 45 17 44 41 49 19 34 6 32 22 25 20 13 23 12 1 7 27 5 48 15 8 30 33 10 43 50 37 31 46 36 24 18 26 16 40 3 39 42 2 9 
student 468: 2 36 11 18 32 37 20 29 45 44 17 46 42 49 24 41 8 26 19 27 21 14 22 15 1 3 28 9 47 13 10 30 33 6 40 50 31 35 48 34 23 12 25 16 38 5 39 43 4 7 
student 469: 3 38 14 17 31 36 16 27 50 46 22 44 45 49 21 35 6 28 11 26 20 13 29 12 2 9 25 7 48 15 8 30 32 5 42 47 33 39 43 34 24 18 23 19 40 1 41 37 4 10 
student 470: 1 38 12 14 29 39 20 31 45 44 17 42 41 49 27 37 7 22 19 28 24 15 21 11 2 6 26 8 47 16 10 30 32 4 48 50 33 36 46 34 23 13 25 18 35 5 40 43 3 9 
student 471: 3 38 15 16 30 37 17 31 48 46 18 43 39 47 21 36 4 28 19 26 23 11 24 14 1 9 25 6 50 13 8 29 32 7 44 49 34 35 45 33 27 12 22 20 42 5 40 41 2 10 
student 472: 5 38 11 18 34 37 17 35 48 44 16 42 40 50 22 33 4 29 19 24 21 12 25 14 3 8 28 9 47 13 7 26 31 6 41 49 30 36 45 32 23 15 27 20 43 2 39 46 1 10 
student 473: 1 38 16 15 29 40 20 31 47 49 17 42 39 48 22 44 6 28 19 23 18 14 27 11 7 5 24 10 45 12 9 30 33 3 46 50 32 37 43 35 25 13 26 21 36 4 34 41 2 8 
student 474: 3 34 13 15 28 35 18 33 46 42 16 50 38 47 24 39 8 26 20 32 19 14 21 12 2 4 25 11 48 10 9 29 30 6 44 49 31 36 45 37 27 17 23 22 40 5 41 43 1 7 
student 475: 2 39 14 17 29 36 20 30 49 44 13 43 37 45 21 38 7 28 18 24 25 9 26 15 1 5 22 8 46 12 11 31 34 3 48 50 33 35 47 32 23 16 27 19 40 6 41 42 4 10 
student 476: 2 42 10 16 29 35 20 31 48 45 25 41 43 50 21 36 5 26 18 24 17 11 28 8 1 14 23 6 49 13 12 30 32 3 46 47 33 38 44 34 27 15 22 19 37 9 39 40 4 7 
student 477: 2 38 8 15 28 36 20 33 46 43 19 42 44 48 23 34 6 29 16 25 21 9 22 17 1 5 26 10 49 12 7 31 41 4 45 50 30 35 47 32 24 14 27 18 37 13 39 40 3 11 
student 478: 1 40 12 16 31 37 20 30 50 43 17 45 42 47 24 35 5 28 18 23 21 13 22 14 4 3 29 9 44 10 11 27 32 6 49 48 33 38 46 34 26 15 25 19 36 7 41 39 2 8 
student 479: 4 41 12 16 28 39 21 32 47 46 17 40 42 50 20 38 6 29 18 26 22 14 23 13 1 9 27 7 48 8 10 30 34 5 45 49 35 31 44 33 24 15 25 19 36 2 37 43 3 11 
student 480: 2 34 11 14 29 37 26 31 47 44 17 45 40 50 21 38 8 28 19 24 20 13 23 15 1 5 25 7 49 12 9 30 33 4 43 48 32 36 46 35 22 16 27 18 41 6 42 39 3 10 
student 481: 1 34 12 9 29 40 21 30 49 47 18 43 42 45 20 38 6 33 17 26 22 14 23 15 2 5 25 10 50 13 8 28 36 11 44 46 31 37 48 32 24 16 27 19 39 3 35 41 4 7 
student 482: 2 36 13 15 31 35 22 33 47 45 16 44 41 50 24 34 8 29 18 25 20 10 21 14 1 7 23 9 49 11 12 30 27 5 38 48 37 32 46 39 26 17 28 19 43 4 42 40 3 6 
student 483: 2 39 11 15 27 36 20 33 47 45 17 42 40 50 19 38 8 29 23 25 22 14 26 13 3 6 28 5 49 12 10 30 31 1 44 48 35 34 46 32 24 16 21 18 37 4 41 43 7 9 
student 484: 5 40 6 16 30 36 21 33 48 43 17 38 42 47 24 35 7 28 20 25 22 13 18 14 2 9 23 11 50 1 12 27 34 3 44 49 31 37 45 32 29 15 26 19 39 10 41 46 4 8 
student 485: 1 36 11 15 30 37 22 32 45 43 19 42 44 49 24 35 5 29 18 25 20 14 21 13 2 9 26 6 47 7 12 28 38 8 46 50 31 33 48 34 27 16 23 17 40 3 39 41 4 10 
student 486: 3 42 11 16 28 34 19 33 46 43 20 44 41 49 23 32 8 27 17 26 25 14 21 12 2 7 30 6 48 13 9 29 35 5 45 50 31 38 47 36 22 15 24 18 37 1 40 39 4 10 
student 487: 5 39 10 15 29 36 20 32 49 45 17 42 41 48 25 35 4 30 18 26 22 16 21 11 1 7 28 2 47 13 12 24 31 9 44 50 33 38 46 34 23 14 27 19 37 3 40 43 6 8 
student 488: 3 40 12 18 27 37 23 31 48 45 21 39 43 50 24 33 7 28 16 20 17 15 25 13 2 6 26 8 49 11 9 32 34 1 42 47 35 36 46 30 22 14 29 19 38 5 41 44 4 10 
student 489: 3 37 11 19 24 42 23 31 46 43 15 36 41 47 22 39 7 28 16 27 21 12 25 14 2 6 33 8 50 13 9 26 32 5 49 48 30 34 45 38 29 17 20 18 35 4 40 44 1 10 
student 490: 2 39 12 15 30 37 18 31 48 44 16 43 42 50 24 36 7 28 19 25 20 14 21 11 3 6 26 10 45 13 9 29 35 5 47 49 32 33 46 34 23 17 27 22 40 1 38 41 4 8 
student 491: 6 42 14 12 28 39 21 29 49 47 18 41 38 50 20 36 4 31 17 26 22 15 25 13 3 9 27 5 46 8 11 33 34 10 45 48 30 35 43 32 23 16 24 19 40 2 44 37 1 7 
student 492: 3 43 12 15 29 37 20 30 48 44 18 41 40 49 22 36 4 28 21 24 17 14 23 6 1 7 27 9 47 13 8 31 34 5 45 50 32 39 46 33 25 16 26 19 35 10 42 38 2 11 
student 493: 7 39 8 15 29 36 19 34 46 44 14 41 42 50 23 37 11 31 18 25 20 13 16 21 1 6 26 2 49 12 5 27 33 4 45 47 30 35 48 32 28 17 24 22 38 9 40 43 3 10 
student 494: 5 39 11 13 27 38 20 30 48 41 16 45 46 49 22 36 7 29 18 23 21 17 24 15 1 3 26 9 43 10 12 35 32 6 47 50 31 34 44 33 25 14 28 19 37 4 40 42 2 8 
student 495: 2 40 7 16 30 34 20 32 46 43 21 42 37 50 25 39 4 26 22 23 17 13 18 11 1 8 29 10 45 14 12 28 36 5 44 49 31 35 47 33 19 15 27 24 38 6 41 48 3 9 
student 496: 1 39 8 16 31 40 21 29 46 43 15 41 44 49 22 38 7 28 18 27 20 13 23 11 2 5 25 9 47 12 10 32 34 6 37 50 30 33 48 35 24 17 26 19 36 3 45 42 4 14 
student 497: 2 40 10 14 27 35 20 31 46 45 18 44 41 48 23 36 8 29 17 24 21 15 22 13 1 5 28 7 49 12 6 30 33 11 43 50 32 37 47 34 26 16 25 19 38 4 39 42 3 9 
student 498: 4 39 14 13 29 34 21 33 47 45 15 43 42 49 22 37 9 28 19 24 17 12 26 8 2 7 27 16 48 11 10 32 31 3 46 50 30 36 44 35 25 18 23 20 38 5 41 40 1 6 
student 499: 2 38 11 16 32 39 20 29 45 43 14 44 41 50 24 35 8 26 17 27 23 15 22 12 1 3 21 6 47 13 9 36 31 7 49 48 30 37 46 34 25 19 28 18 33 5 40 42 4 10 
