student 0: 6 39 32 9 42 22 48 35 45 36 47 46 12 17 16 50 24 13 1 27 21 33 14 3 23 4 31 38 2 5 49 19 8 10 28 29 37 44 15 34 20 11 26 30 18 7 40 25 43 41 
student 1: 2 43 33 16 37 19 49 30 44 38 47 42 13 29 15 48 18 9 3 31 11 26 17 4 23 1 34 41 7 8 50 20 14 12 22 32 35 39 6 40 24 10 25 28 21 5 45 27 46 36 
student 2: 7 37 34 17 40 20 45 33 49 50 39 44 10 22 12 48 24 13 2 30 18 28 15 5 23 3 31 36 1 4 46 16 9 8 25 32 38 42 14 41 19 11 26 29 21 6 43 27 47 35 
student 3: 8 40 35 17 37 21 47 36 45 42 49 41 11 23 12 50 27 19 2 29 20 33 14 6 24 3 28 39 1 5 48 15 4 9 22 31 32 43 13 38 18 10 30 26 16 7 46 25 44 34 
student 4: 8 38 30 18 37 19 50 34 44 40 42 46 12 26 13 48 21 15 2 29 16 31 17 4 22 3 32 45 1 6 49 23 9 11 24 36 33 43 7 35 14 10 28 27 20 5 47 25 39 41 
student 5: 14 40 32 12 37 18 50 33 47 42 48 41 16 22 11 46 25 15 3 30 21 34 17 6 20 2 31 39 1 7 49 13 5 9 26 27 35 43 8 36 19 10 24 28 23 4 44 29 45 38 
student 6: 9 42 33 16 40 24 50 37 46 39 47 43 12 25 14 49 22 13 4 29 21 30 17 5 20 2 31 38 3 7 48 15 8 6 23 34 32 41 11 36 19 10 26 28 18 1 45 27 44 35 
student 7: 8 43 32 17 37 19 47 40 45 36 46 42 11 26 16 48 20 15 1 25 21 38 13 4 24 3 35 39 6 2 49 14 9 12 23 30 31 41 5 34 18 10 27 29 22 7 44 28 50 33 
student 8: 8 41 31 17 38 19 48 33 47 43 45 36 13 26 12 49 24 15 6 25 20 30 14 7 23 3 32 40 1 2 50 16 5 9 21 35 39 46 10 34 18 11 29 28 22 4 42 27 44 37 
student 9: 5 40 35 18 38 19 47 34 46 42 49 44 9 24 15 50 22 10 3 31 17 28 13 2 21 4 33 39 1 6 48 20 11 12 26 30 37 45 14 36 16 8 29 27 23 7 41 25 43 32 
student 10: 11 41 35 15 38 19 47 34 49 42 46 45 18 25 12 48 23 13 2 29 17 33 16 6 22 3 32 39 1 8 50 14 5 9 24 30 36 43 7 31 20 10 27 28 21 4 44 26 40 37 
student 11: 9 44 31 15 40 22 49 34 46 42 48 39 12 25 14 50 23 13 4 27 19 30 18 6 21 3 33 38 2 7 45 20 1 11 29 28 36 47 5 35 16 8 26 32 17 10 41 24 43 37 
student 12: 4 41 34 15 37 19 48 33 44 42 43 45 12 23 14 50 25 13 2 31 20 29 16 9 21 3 32 39 1 5 49 17 8 6 27 30 35 40 11 36 18 7 26 28 22 10 46 24 47 38 
student 13: 8 34 33 16 39 18 47 37 49 40 45 41 13 22 14 48 23 15 4 27 20 30 17 1 25 6 31 43 2 7 50 19 3 9 26 32 35 42 10 36 11 12 29 24 21 5 44 28 46 38 
student 14: 8 43 33 14 38 20 49 35 41 40 44 45 11 28 15 48 25 13 1 34 19 29 17 2 21 4 32 42 3 7 50 16 6 9 23 31 30 39 12 36 18 10 24 27 22 5 46 26 47 37 
student 15: 7 40 33 14 39 21 48 34 47 44 45 42 12 22 17 49 24 13 2 29 18 31 15 4 20 3 30 38 1 5 50 19 9 8 26 32 35 43 11 36 16 10 25 28 23 6 41 27 46 37 
student 16: 9 44 33 15 40 29 43 32 46 39 47 41 11 30 13 50 20 14 2 26 17 28 18 3 23 4 31 38 1 6 48 21 8 5 22 34 35 42 12 36 19 10 24 25 16 7 45 27 49 37 
student 17: 7 41 36 15 38 19 48 33 45 42 47 43 10 21 14 50 24 12 4 31 22 28 18 3 23 1 30 39 2 6 49 16 9 11 26 34 35 40 8 37 17 13 25 29 20 5 44 27 46 32 
student 18: 7 38 33 11 40 21 46 34 45 43 47 44 13 24 15 49 23 14 2 32 17 27 19 4 20 3 31 39 1 6 50 16 5 8 26 29 35 42 9 37 18 12 30 25 22 10 41 28 48 36 
student 19: 7 37 25 18 35 22 47 36 41 42 46 43 10 24 16 50 23 12 4 29 19 31 15 2 21 5 34 39 3 1 48 13 6 9 27 33 32 44 11 40 17 14 20 30 26 8 49 28 45 38 
student 20: 6 42 34 16 40 18 48 35 45 39 46 44 13 28 15 49 24 11 1 29 21 27 14 4 19 3 33 41 2 5 47 17 7 8 20 32 31 36 10 37 22 12 30 25 23 9 43 26 50 38 
student 21: 10 37 34 14 39 21 46 35 44 42 45 41 12 29 15 50 22 13 1 26 20 30 16 4 27 3 32 40 2 7 49 17 5 6 24 31 33 48 9 38 18 11 28 23 19 8 43 25 47 36 
student 22: 10 44 30 16 42 24 50 36 41 39 47 48 11 22 12 49 23 19 2 29 18 32 14 3 20 1 28 37 4 5 43 15 7 9 26 33 34 45 6 35 17 13 27 25 21 8 40 31 46 38 
student 23: 8 34 33 15 39 18 46 36 45 43 50 42 12 27 14 48 24 13 1 30 20 32 16 5 23 2 31 40 3 4 47 19 7 9 22 28 37 41 10 35 17 11 25 29 21 6 44 26 49 38 
student 24: 8 41 33 17 36 20 46 34 44 40 45 43 12 28 14 48 24 13 3 27 22 30 16 2 21 5 32 38 1 4 49 15 6 9 29 31 35 42 10 37 19 11 23 25 18 7 50 26 47 39 
student 25: 8 41 33 17 45 19 50 35 43 37 48 40 12 23 15 49 22 14 2 28 18 29 13 1 21 6 32 39 3 7 47 20 10 4 27 30 34 42 5 38 16 11 26 31 24 9 44 25 46 36 
student 26: 10 39 38 12 41 19 47 35 45 44 46 48 11 24 15 50 20 14 2 28 18 30 17 5 23 4 29 37 1 6 49 21 7 3 26 32 34 40 9 36 16 13 27 25 22 8 42 31 43 33 
student 27: 9 44 34 16 39 22 47 29 46 42 49 43 12 25 14 50 24 13 1 31 19 32 15 3 23 4 28 38 2 5 41 18 6 10 21 33 35 37 11 36 20 8 26 30 17 7 45 27 48 40 
student 28: 8 40 34 17 33 16 46 31 48 42 47 43 12 26 15 49 23 18 2 32 14 30 13 5 21 1 36 39 4 6 50 19 3 10 24 28 35 41 9 37 20 11 25 29 22 7 44 27 45 38 
student 29: 11 41 37 12 36 22 49 34 44 39 45 46 15 21 6 50 24 14 4 25 18 28 17 3 23 2 31 40 1 7 48 19 5 10 26 32 33 42 13 35 16 8 27 30 20 9 43 29 47 38 
student 30: 9 38 33 16 41 21 44 34 49 42 46 43 12 24 13 48 19 14 3 30 20 29 15 2 23 4 32 39 1 5 50 22 6 10 25 31 35 45 7 37 17 11 27 28 18 8 40 26 47 36 
student 31: 1 43 36 11 35 19 49 34 44 37 48 46 14 26 13 50 25 15 2 30 21 29 16 3 22 6 33 41 4 5 39 18 12 10 23 31 38 47 9 42 17 7 27 24 20 8 45 28 40 32 
student 32: 6 40 32 16 41 20 50 34 45 42 46 44 13 24 11 47 22 12 4 31 19 26 15 3 23 2 30 37 1 14 48 17 5 9 28 35 33 39 7 38 18 10 27 29 21 8 49 25 43 36 
student 33: 9 39 33 15 45 23 46 34 47 40 48 42 13 22 11 50 27 14 1 26 20 31 18 6 17 3 32 38 2 4 49 16 5 8 24 29 36 43 12 35 21 10 28 25 19 7 41 30 44 37 
student 34: 10 43 33 16 39 19 49 34 46 40 42 41 14 25 11 47 21 8 7 28 20 29 15 4 24 2 32 35 1 3 50 17 9 12 30 31 36 44 5 37 18 13 26 22 23 6 45 27 48 38 
student 35: 7 38 31 15 42 20 49 36 43 41 46 44 14 26 19 45 21 10 2 30 17 32 13 5 23 3 33 40 1 4 50 18 6 12 25 29 34 39 8 35 16 9 27 28 22 11 47 24 48 37 
student 36: 8 40 35 18 36 19 44 33 47 42 48 43 10 24 16 50 25 14 3 26 20 30 15 4 21 2 32 38 1 5 49 17 7 6 28 31 34 41 11 39 13 9 27 23 22 12 46 29 45 37 
student 37: 8 40 33 13 39 20 48 32 47 43 50 46 10 28 16 49 24 14 3 29 22 31 15 4 21 1 36 35 2 5 44 19 11 9 25 30 34 45 7 38 17 12 23 26 18 6 37 27 42 41 
student 38: 8 45 33 13 41 20 48 35 47 37 46 43 14 26 15 50 23 12 3 29 19 30 18 2 21 5 32 42 1 4 49 16 7 9 24 31 34 39 10 36 17 11 25 28 22 6 40 27 44 38 
student 39: 7 40 32 15 39 19 47 34 45 41 48 42 12 25 14 50 24 13 1 33 20 28 17 4 23 2 31 37 3 9 49 16 8 10 26 27 36 43 6 38 18 11 30 21 22 5 44 29 46 35 
student 40: 8 40 32 15 38 18 46 34 48 41 50 45 14 26 12 49 24 13 3 31 19 29 16 6 22 4 33 39 2 7 47 17 1 9 23 30 36 42 11 35 20 10 28 27 21 5 43 25 44 37 
student 41: 2 39 33 10 38 20 47 35 48 40 46 45 13 21 15 49 19 16 4 29 18 27 14 5 23 3 34 41 1 6 50 24 7 9 32 28 36 42 11 31 17 12 26 30 22 8 43 25 44 37 
student 42: 8 38 35 14 40 25 49 31 45 41 48 46 12 23 13 47 21 16 2 27 22 30 24 4 19 3 33 42 1 5 50 17 7 9 26 32 36 39 11 34 20 10 28 29 18 6 44 15 43 37 
student 43: 9 43 33 14 37 21 50 34 46 38 47 45 12 24 13 49 23 15 2 28 20 29 16 4 25 3 32 40 1 6 48 17 8 10 22 30 36 41 5 35 19 11 26 31 18 7 42 27 44 39 
student 44: 8 40 32 16 38 22 49 36 46 44 47 41 15 24 13 50 23 14 2 28 17 29 20 5 19 4 31 39 1 3 48 11 6 12 25 30 34 42 9 35 18 10 26 33 21 7 45 27 43 37 
student 45: 9 41 33 11 39 23 49 34 45 43 47 46 15 25 12 50 21 14 8 28 18 32 17 1 22 3 38 40 2 5 48 16 4 7 24 31 36 42 10 37 19 13 26 29 20 6 35 27 44 30 
student 46: 8 38 33 15 43 22 49 34 46 39 47 42 12 19 13 50 23 16 1 29 21 32 18 7 20 3 28 41 2 4 48 5 9 11 31 30 37 44 10 35 17 14 24 27 25 6 40 26 45 36 
student 47: 8 43 28 14 35 18 47 33 45 38 46 40 16 24 12 50 23 9 3 29 19 30 20 6 21 2 32 41 1 4 49 17 5 7 27 31 37 42 15 39 13 11 26 34 22 10 44 25 48 36 
student 48: 9 38 35 14 33 21 50 34 44 39 49 45 8 23 12 46 24 13 2 27 18 30 16 4 20 6 32 41 1 3 48 17 7 10 28 31 36 42 15 40 19 5 29 26 22 11 47 25 43 37 
student 49: 2 44 32 16 38 19 46 33 48 43 49 42 12 23 14 47 24 13 1 28 20 30 15 5 22 4 31 39 7 10 50 17 6 8 25 34 35 40 9 36 18 11 27 26 21 3 41 29 45 37 
student 50: 9 38 29 17 36 20 47 37 49 39 46 43 12 25 13 50 22 14 4 26 19 28 18 3 23 2 34 41 1 5 48 15 7 8 24 31 35 44 10 33 16 11 27 32 21 6 45 30 42 40 
student 51: 13 38 35 14 41 22 48 37 47 43 46 44 10 25 19 49 16 11 3 28 17 27 20 6 18 4 29 40 1 5 50 21 2 7 30 33 32 42 9 34 15 12 23 31 24 8 45 26 39 36 
student 52: 6 41 33 16 39 25 48 28 44 43 50 46 11 23 13 49 20 14 2 27 18 31 15 4 22 3 34 38 1 7 45 17 9 8 26 32 35 42 12 37 19 10 24 30 21 5 40 29 47 36 
student 53: 11 43 33 13 38 20 45 34 44 36 48 46 14 23 12 49 28 15 3 30 19 32 17 4 22 2 27 42 1 6 50 18 8 9 26 31 37 39 7 41 16 10 24 29 21 5 40 25 47 35 
student 54: 8 41 33 15 35 19 48 37 45 44 47 43 10 24 13 49 22 12 1 30 20 26 16 3 23 6 34 38 5 2 50 17 7 4 27 32 31 39 11 42 18 9 25 28 21 14 40 29 46 36 
student 55: 13 35 40 15 37 19 50 32 44 45 46 41 9 29 14 48 25 12 3 30 18 27 17 1 21 2 36 43 4 6 49 16 5 7 22 26 34 39 11 31 23 10 28 24 20 8 42 38 47 33 
student 56: 6 41 34 15 37 19 48 36 44 40 47 43 11 25 14 50 23 13 4 30 17 31 18 5 24 3 32 39 1 2 49 21 9 12 22 27 35 42 10 33 16 8 26 29 20 7 46 28 45 38 
student 57: 9 39 33 17 36 18 50 35 46 42 47 43 10 23 14 48 28 13 2 27 19 30 15 7 20 4 31 40 1 3 49 16 6 11 25 32 37 41 8 34 21 12 24 29 22 5 45 26 44 38 
student 58: 9 40 30 14 39 17 44 35 46 38 50 42 13 23 7 48 25 16 2 33 15 27 19 6 22 3 34 41 1 4 47 20 12 8 24 29 32 43 11 36 18 10 26 28 21 5 45 31 49 37 
student 59: 8 38 33 13 37 24 43 34 45 44 48 40 10 29 15 49 19 17 2 28 23 31 11 6 21 3 32 41 1 4 50 16 5 7 25 26 36 46 14 35 18 9 27 30 20 12 47 22 42 39 
student 60: 9 36 31 14 39 20 48 34 41 45 43 42 15 26 13 50 22 12 4 30 19 27 16 5 21 1 32 44 3 8 49 17 7 6 25 33 35 37 10 38 18 11 29 28 23 2 46 24 47 40 
student 61: 8 40 35 15 39 19 48 34 43 47 46 44 13 22 16 50 23 14 3 27 9 30 17 5 24 2 31 37 1 6 49 18 4 11 33 32 38 41 12 28 21 10 25 29 20 7 42 26 45 36 
student 62: 9 40 34 15 37 22 48 36 50 43 45 44 12 21 13 49 23 11 2 29 19 30 14 4 24 3 32 38 5 8 47 18 7 16 27 31 39 42 6 33 17 10 28 25 20 1 46 26 41 35 
student 63: 14 43 33 16 37 20 49 29 46 42 47 39 10 22 13 48 26 11 4 30 18 31 17 1 24 8 34 41 2 5 50 15 3 6 23 28 35 38 9 36 21 12 25 32 19 7 44 27 45 40 
student 64: 10 42 34 14 36 20 47 33 46 40 44 41 13 23 9 49 25 18 1 27 17 28 15 4 24 5 32 39 3 6 48 16 2 8 21 31 38 43 12 35 19 11 29 30 22 7 45 26 50 37 
student 65: 8 41 34 17 36 21 46 32 47 42 48 40 11 27 13 49 25 12 2 23 18 31 16 5 22 1 30 38 6 3 50 15 7 9 24 29 35 43 10 37 19 14 26 28 20 4 44 33 45 39 
student 66: 8 43 34 16 41 23 42 33 46 37 49 47 15 28 13 50 22 11 4 27 20 31 14 3 21 2 32 40 1 7 48 19 9 10 24 30 35 38 6 39 17 12 25 29 18 5 44 26 45 36 
student 67: 8 39 31 16 38 15 47 37 46 41 49 44 10 24 13 50 22 9 2 34 20 28 17 5 25 3 35 40 1 4 48 18 6 12 23 29 33 42 11 36 14 19 26 30 21 7 43 27 45 32 
student 68: 10 39 33 15 37 16 42 35 48 40 46 45 14 24 13 50 23 11 2 29 21 28 20 4 19 3 32 44 1 5 49 18 6 7 26 31 36 41 9 38 17 12 25 30 22 8 47 27 43 34 
student 69: 8 49 32 13 39 21 46 33 43 40 45 42 15 30 14 50 24 12 3 27 18 31 17 2 23 5 34 38 1 6 47 19 7 9 20 25 36 48 11 35 16 10 28 26 22 4 44 29 41 37 
student 70: 5 38 32 15 42 20 49 35 43 40 45 47 8 24 14 50 23 11 6 30 22 33 9 7 21 3 29 37 1 16 48 18 2 13 25 31 34 41 12 36 17 10 28 27 19 4 44 26 46 39 
student 71: 10 38 37 15 33 21 47 32 48 42 45 41 12 20 14 50 24 13 5 27 19 28 17 2 22 3 35 40 1 6 49 18 8 9 25 29 36 43 4 30 16 11 34 31 23 7 44 26 46 39 
student 72: 8 40 33 14 37 18 46 35 48 43 49 42 12 26 15 50 22 13 1 29 19 28 20 4 21 2 30 39 3 5 47 16 10 6 24 25 34 41 11 38 23 9 27 32 17 7 44 31 45 36 
student 73: 10 41 31 18 37 20 50 34 44 43 45 39 14 25 15 47 23 12 4 27 17 30 13 5 29 2 33 40 1 7 49 16 6 9 22 32 36 38 3 35 19 11 28 26 21 8 48 24 46 42 
student 74: 6 41 22 16 35 20 47 34 42 39 46 45 12 26 13 50 24 15 1 32 18 31 17 3 23 2 33 38 4 7 48 14 8 9 27 30 37 44 10 43 19 11 28 25 21 5 49 29 40 36 
student 75: 12 42 35 13 41 17 50 29 48 39 49 43 10 26 20 47 25 11 6 28 18 30 19 1 22 3 31 38 2 4 46 15 8 7 24 33 34 40 9 36 16 14 23 32 21 5 44 27 45 37 
student 76: 7 38 34 15 41 19 49 36 42 43 45 46 12 20 21 50 24 14 2 27 18 29 13 6 23 3 32 37 1 4 47 16 8 9 25 33 35 40 10 39 17 11 26 30 22 5 48 28 44 31 
student 77: 8 37 33 20 43 17 39 35 49 41 50 44 12 24 16 47 23 15 3 29 18 28 14 6 22 2 32 40 1 4 48 13 5 9 27 31 34 42 10 38 19 11 26 30 21 7 45 25 46 36 
student 78: 3 37 33 5 34 21 49 45 43 39 48 42 12 25 14 50 20 15 7 32 23 27 16 1 19 4 30 38 2 6 46 17 10 11 26 31 35 41 8 36 18 13 28 24 22 9 44 29 47 40 
student 79: 8 40 39 12 41 18 49 34 48 37 43 38 10 24 13 46 22 16 4 29 20 30 15 3 25 2 32 42 1 6 50 17 5 9 23 31 33 44 14 35 19 11 27 28 21 7 45 26 47 36 
student 80: 10 39 33 16 45 19 49 36 46 40 47 42 14 21 15 48 23 12 5 30 18 29 13 7 25 2 32 38 1 4 50 20 6 8 24 31 34 41 11 35 17 9 27 26 22 3 43 28 44 37 
student 81: 8 44 34 14 37 20 50 33 45 39 46 47 13 24 11 49 26 15 1 30 21 32 17 2 16 4 31 38 5 3 48 18 12 7 27 29 36 41 9 35 19 10 25 28 22 6 43 23 42 40 
student 82: 8 39 32 14 41 22 48 34 46 42 49 44 12 19 15 47 26 13 3 28 16 30 21 5 24 4 31 43 2 7 50 17 6 11 25 29 36 40 9 38 18 10 27 20 23 1 45 33 35 37 
student 83: 4 40 34 12 39 21 41 36 47 44 50 45 13 24 15 49 27 14 5 31 19 26 16 6 22 7 33 35 1 2 46 17 8 10 23 30 32 48 9 38 18 11 25 29 20 3 42 28 43 37 
student 84: 7 41 32 11 38 18 47 34 45 40 48 43 12 24 16 50 23 14 1 33 20 31 15 3 22 4 30 37 2 5 49 17 9 13 26 28 35 42 8 36 19 10 27 29 21 6 44 25 46 39 
student 85: 8 42 33 14 37 20 48 34 46 39 47 41 13 24 16 50 22 10 1 27 26 31 15 6 21 2 32 38 4 3 49 17 5 11 28 23 36 44 12 40 18 9 29 30 19 7 43 25 45 35 
student 86: 6 40 33 16 39 19 48 34 45 41 46 44 10 24 14 47 21 13 2 28 18 31 17 5 23 3 29 37 4 1 49 15 8 9 26 32 35 43 11 36 22 12 25 30 20 7 42 27 50 38 
student 87: 6 39 31 15 38 20 48 36 47 42 44 43 13 26 12 50 23 14 3 27 18 32 16 5 22 1 28 35 2 11 49 17 4 10 25 34 37 41 8 33 19 9 24 30 21 7 45 29 46 40 
student 88: 4 40 32 17 39 22 48 35 42 44 49 46 13 25 15 50 23 11 3 30 19 29 14 5 21 2 33 38 1 6 41 18 8 12 26 31 34 45 9 36 16 10 24 28 20 7 47 27 43 37 
student 89: 10 38 33 19 39 18 49 35 44 40 45 43 8 24 17 47 25 12 3 28 16 29 13 1 22 4 32 41 2 6 50 15 7 9 23 31 36 42 14 34 21 11 27 30 20 5 48 26 46 37 
student 90: 7 35 31 16 33 19 44 37 45 40 48 46 11 24 15 50 28 13 5 32 22 27 14 3 23 1 30 41 2 4 49 17 9 12 25 34 38 43 8 36 18 10 29 26 20 6 47 21 42 39 
student 91: 9 38 34 12 29 22 46 36 47 40 48 43 15 26 13 50 21 14 3 25 20 30 17 6 18 2 32 41 1 4 49 23 5 7 24 31 39 44 10 37 16 11 27 33 19 8 42 28 45 35 
student 92: 6 38 35 15 41 16 47 36 46 39 49 43 14 24 17 48 20 12 4 26 22 30 18 2 23 3 29 34 1 8 50 11 5 7 28 33 32 42 10 40 19 13 25 31 21 9 44 27 45 37 
student 93: 3 41 33 12 38 16 46 29 49 42 43 44 11 24 15 48 21 10 2 30 22 31 23 4 20 1 32 40 9 6 50 17 5 8 25 36 34 39 13 35 18 14 26 28 19 7 45 27 47 37 
student 94: 14 39 32 16 36 22 50 34 46 44 47 43 11 25 10 49 24 13 4 28 18 29 12 1 19 5 33 41 3 2 48 17 15 8 26 31 35 42 7 38 20 9 23 30 21 6 45 27 40 37 
student 95: 13 41 35 9 39 24 42 36 47 40 43 46 12 22 16 44 23 14 5 32 19 28 15 3 21 2 31 38 1 7 50 18 8 10 26 29 37 48 11 34 20 4 25 30 17 6 45 27 49 33 
student 96: 7 38 32 12 42 20 48 37 43 41 47 44 10 25 14 49 21 13 2 28 17 33 19 6 23 4 31 40 9 1 50 18 5 8 29 26 35 39 11 34 15 16 24 30 22 3 46 27 45 36 
student 97: 8 38 36 16 37 21 50 33 48 39 46 44 10 25 15 47 24 12 5 30 18 29 14 3 19 1 31 42 2 7 49 17 6 9 23 32 35 43 11 34 22 13 26 27 20 4 40 28 45 41 
student 98: 6 40 32 16 44 20 49 36 45 43 48 46 13 21 14 47 25 15 1 28 18 33 12 7 22 2 31 35 5 9 50 19 4 8 24 30 34 42 10 38 17 11 27 26 29 3 39 23 41 37 
student 99: 8 40 35 16 38 23 49 33 46 42 47 41 12 27 14 50 21 13 4 30 20 31 17 6 18 2 29 39 1 7 48 19 5 9 25 32 34 43 10 36 15 11 26 28 22 3 44 24 45 37 
student 100: 7 44 33 19 40 22 45 35 46 36 48 41 14 24 15 50 23 13 1 31 18 27 12 4 21 3 32 42 2 5 49 17 9 11 25 29 34 43 8 39 20 10 28 30 16 6 47 26 38 37 
student 101: 5 41 31 12 37 21 46 34 49 42 45 39 13 24 17 50 18 15 2 27 22 30 14 3 25 7 32 40 1 4 48 16 10 8 26 33 35 44 9 38 19 11 23 28 20 6 43 29 47 36 
student 102: 8 38 34 11 37 19 50 36 49 41 44 46 12 25 20 48 23 14 2 30 18 35 15 4 22 3 32 40 1 5 47 16 7 9 24 28 31 39 10 33 17 13 27 26 21 6 43 29 45 42 
student 103: 9 38 32 16 39 20 49 37 44 40 48 43 13 26 14 46 23 12 2 28 17 30 15 4 22 1 33 42 3 6 50 21 5 10 24 31 35 41 8 36 18 11 27 25 19 7 45 29 47 34 
student 104: 6 36 34 10 40 20 48 35 47 41 45 44 14 23 15 49 26 13 7 28 19 30 16 5 22 1 32 39 2 4 50 17 8 9 24 31 33 43 11 38 18 12 25 27 21 3 42 29 46 37 
student 105: 7 42 32 15 38 17 48 34 46 43 47 44 12 28 14 50 21 13 2 27 18 33 20 4 23 3 31 37 1 5 49 16 11 8 29 30 35 40 9 36 19 10 24 26 22 6 41 25 45 39 
student 106: 7 40 33 15 35 20 48 34 45 41 47 43 12 26 14 49 23 13 2 31 18 25 16 3 22 4 32 38 1 5 50 19 8 9 24 29 36 46 11 39 17 10 27 30 21 6 42 28 44 37 
student 107: 5 43 31 10 37 20 48 36 47 41 44 40 14 24 15 50 23 13 1 27 19 32 16 2 22 4 33 38 8 3 49 17 6 9 30 29 35 45 11 34 18 12 25 26 21 7 46 28 42 39 
student 108: 10 42 37 11 33 20 48 39 45 44 46 41 15 24 13 50 36 16 1 27 21 28 14 4 19 3 32 40 2 5 49 18 6 8 31 30 34 38 7 29 17 12 22 26 23 9 47 25 43 35 
student 109: 7 41 33 15 38 20 47 34 50 44 48 45 12 24 14 46 21 13 1 29 17 30 16 2 26 4 32 37 3 8 49 18 6 11 23 31 36 42 5 35 19 10 25 27 22 9 43 28 40 39 
student 110: 8 40 33 19 36 20 47 31 50 43 46 41 16 24 11 49 21 14 7 28 18 30 13 1 23 4 34 44 3 2 48 17 6 12 25 32 39 38 9 35 15 10 26 29 22 5 42 27 45 37 
student 111: 12 39 33 9 40 19 43 34 46 37 49 41 7 22 16 50 28 14 1 29 23 31 17 3 21 2 32 47 5 4 48 20 6 8 26 30 36 44 11 38 15 13 24 27 18 10 42 25 45 35 
student 112: 7 44 35 11 37 22 48 31 41 38 46 42 12 23 16 50 21 13 2 29 18 28 19 3 20 4 30 40 1 6 47 15 5 8 25 33 34 43 9 39 17 14 27 32 24 10 45 26 49 36 
student 113: 6 35 30 15 38 18 46 37 45 43 47 44 14 24 13 49 20 12 2 29 19 31 21 1 23 3 32 40 5 7 50 17 4 10 26 33 34 41 11 39 16 8 27 28 22 9 48 25 42 36 
student 114: 4 40 33 17 36 19 46 34 44 42 48 47 12 20 13 50 24 14 2 29 22 30 15 7 23 5 32 38 1 3 49 18 8 9 25 31 35 41 11 37 16 10 27 28 21 6 45 26 43 39 
student 115: 8 35 29 15 40 17 48 34 44 42 47 43 14 23 10 50 20 16 3 26 21 36 13 2 24 4 31 33 1 5 49 18 7 9 28 32 37 41 12 38 19 11 25 27 22 6 45 30 46 39 
student 116: 7 42 37 12 38 19 50 36 45 43 47 39 14 20 15 46 24 13 1 28 18 33 16 4 23 2 30 41 3 5 49 22 8 11 26 31 35 40 9 32 21 10 25 29 17 6 44 27 48 34 
student 117: 8 37 34 16 38 18 48 35 45 43 49 41 12 23 14 50 22 11 2 26 24 29 17 4 20 3 31 42 1 5 47 15 7 9 27 32 33 39 13 36 19 10 30 28 21 6 44 25 46 40 
student 118: 9 39 32 19 36 20 48 33 45 41 47 43 15 24 13 50 21 7 2 29 23 30 14 10 18 3 34 40 1 8 49 16 4 5 26 28 35 46 12 38 17 6 25 31 22 11 44 27 42 37 
student 119: 9 40 33 17 39 19 49 36 47 43 46 41 12 23 15 48 24 6 2 32 21 28 14 7 20 5 31 38 1 3 50 16 10 8 25 29 34 44 11 37 18 13 26 30 22 4 42 27 45 35 
student 120: 5 40 33 18 38 21 47 35 45 43 48 41 12 22 14 50 25 15 1 28 13 30 17 4 23 9 34 42 2 3 49 16 8 6 24 31 32 39 10 36 19 11 26 27 20 7 44 29 46 37 
student 121: 9 37 32 14 39 24 49 35 47 40 46 43 15 28 16 50 21 8 2 31 19 27 18 3 25 4 30 42 1 6 48 11 7 12 22 33 34 45 13 38 17 10 29 23 20 5 41 26 44 36 
student 122: 8 45 39 14 35 22 47 32 44 40 46 48 16 29 13 50 21 9 3 27 18 31 20 5 23 6 36 37 1 2 49 17 7 10 25 30 38 41 11 33 15 12 24 28 19 4 42 26 43 34 
student 123: 5 38 32 19 39 24 49 35 43 41 48 45 12 23 13 50 25 10 2 27 20 29 16 4 26 3 33 40 1 6 47 14 8 9 28 22 34 42 15 36 17 11 31 30 21 7 46 18 44 37 
student 124: 6 36 31 17 40 15 47 35 45 39 48 44 13 25 14 50 21 12 3 29 20 30 18 9 22 2 34 42 1 4 49 16 11 8 23 32 33 41 10 38 19 7 24 28 27 5 43 26 46 37 
student 125: 7 41 33 15 37 20 49 40 47 36 43 45 13 25 17 48 22 12 2 23 24 32 14 4 21 6 30 39 1 3 50 16 10 5 26 29 34 42 9 35 18 11 31 28 19 8 38 27 46 44 
student 126: 7 43 34 14 46 19 48 32 45 37 50 41 16 24 15 49 25 13 4 30 18 28 22 3 23 6 29 40 2 1 47 11 5 12 26 33 35 39 9 36 17 8 27 31 20 10 42 21 44 38 
student 127: 5 39 33 13 36 16 49 32 45 41 46 44 14 26 12 47 24 15 2 30 19 25 17 3 21 4 35 42 1 6 50 18 9 8 23 31 34 40 11 37 20 10 27 29 22 7 48 28 43 38 
student 128: 5 42 34 17 39 22 48 28 47 40 44 43 15 21 13 50 23 12 3 31 18 33 14 7 20 1 30 38 2 9 49 16 10 6 24 32 35 41 8 36 19 11 25 29 27 4 45 26 46 37 
student 129: 8 32 34 15 45 26 48 38 44 39 46 42 16 19 13 50 22 14 3 29 23 31 11 7 27 1 30 40 4 2 49 18 5 9 21 33 35 37 10 36 20 12 24 25 17 6 47 28 43 41 
student 130: 10 38 28 17 41 21 47 33 48 43 49 42 15 24 13 45 23 12 5 25 19 27 14 1 22 2 30 36 8 3 50 18 6 4 29 31 34 40 11 32 16 9 26 37 20 7 44 35 46 39 
student 131: 11 43 30 14 38 19 49 34 46 40 47 42 12 23 16 48 24 13 2 29 20 31 18 6 22 3 35 39 1 4 50 17 7 9 26 32 33 41 8 36 15 10 28 27 21 5 45 25 44 37 
student 132: 12 39 28 13 35 21 48 37 45 40 49 42 14 26 16 44 22 9 1 29 20 32 15 4 23 3 34 41 2 5 50 17 7 11 27 31 36 46 6 33 18 10 25 30 19 8 47 24 43 38 
student 133: 3 42 32 13 38 23 48 35 43 40 46 45 8 22 18 49 17 16 2 29 26 31 15 4 19 7 30 39 1 6 50 20 10 11 24 33 34 37 12 36 21 5 25 27 14 9 47 28 44 41 
student 134: 3 40 34 16 37 22 46 33 48 39 47 41 12 24 13 49 23 17 7 30 15 32 14 4 21 2 31 43 1 5 50 20 8 9 25 28 38 42 11 35 19 10 29 27 18 6 44 26 45 36 
student 135: 6 37 31 15 33 22 49 28 45 42 48 44 12 26 13 50 24 14 4 32 19 30 16 1 23 3 36 39 2 9 47 17 7 8 25 34 35 40 10 38 18 11 21 29 20 5 43 27 46 41 
student 136: 10 35 32 16 39 13 47 34 46 41 48 44 12 25 14 50 23 15 4 31 18 28 22 3 20 2 30 40 1 5 49 17 6 7 26 33 36 43 8 38 19 11 27 24 21 9 37 29 45 42 
student 137: 8 39 32 21 38 19 48 37 45 43 49 44 10 24 12 50 18 11 5 28 20 31 16 3 25 4 33 40 1 2 47 17 6 13 26 30 34 41 9 35 14 15 27 29 22 7 46 23 42 36 
student 138: 7 39 32 12 41 20 47 34 46 42 48 38 15 23 13 49 22 14 2 29 19 28 17 5 24 4 31 36 1 3 50 16 9 8 25 33 35 45 11 37 18 10 26 27 21 6 43 30 44 40 
student 139: 7 40 27 17 39 19 48 32 46 36 47 43 13 24 16 50 23 15 1 29 18 31 14 5 20 4 34 42 2 6 49 9 3 8 25 33 37 45 11 35 21 12 26 30 22 10 41 28 44 38 
student 140: 8 39 31 12 38 19 47 35 43 42 48 46 11 25 13 49 23 15 1 29 18 30 16 2 22 4 34 40 3 7 50 17 9 6 24 32 33 41 10 36 21 14 28 26 20 5 44 27 45 37 
student 141: 7 38 37 18 35 22 48 33 46 41 47 42 12 25 15 50 24 13 2 31 21 28 17 11 19 4 32 40 1 3 49 16 6 9 20 26 36 45 10 34 14 8 27 29 23 5 43 30 44 39 
student 142: 8 42 33 19 39 18 40 35 47 43 50 44 11 21 14 49 16 13 1 28 23 30 15 5 24 2 29 38 3 6 48 20 4 10 25 32 36 41 9 34 17 12 26 27 22 7 45 31 46 37 
student 143: 8 37 35 16 47 18 46 33 45 39 49 41 11 24 15 48 25 13 1 30 19 31 17 7 23 2 32 38 3 4 50 14 6 10 22 29 34 42 9 40 20 12 26 27 21 5 43 28 44 36 
student 144: 7 40 33 15 42 22 49 32 46 38 48 44 12 23 16 41 21 14 1 30 20 29 13 3 17 2 37 36 4 5 50 19 6 11 28 31 34 43 10 35 18 9 25 27 24 8 45 26 47 39 
student 145: 7 42 28 12 39 21 49 35 48 37 46 44 14 25 15 47 23 13 1 30 19 29 18 2 20 4 40 32 3 5 50 16 8 11 24 36 34 41 9 33 17 10 27 31 22 6 43 26 45 38 
student 146: 8 39 35 14 41 25 48 34 47 42 46 40 10 27 12 50 21 15 3 28 19 30 16 4 23 5 32 38 1 2 49 20 7 13 24 31 33 44 11 36 17 9 29 18 22 6 45 26 43 37 
student 147: 9 42 34 14 38 19 44 35 49 43 48 45 16 22 13 50 26 12 6 31 23 29 15 1 25 4 33 40 3 2 39 18 7 5 24 32 30 41 10 36 17 11 27 28 20 8 47 21 46 37 
student 148: 9 37 34 15 36 20 48 32 47 38 46 43 16 24 13 49 21 11 1 29 23 31 14 4 19 3 33 41 2 5 50 17 7 12 25 26 35 45 6 40 18 10 27 30 22 8 42 28 44 39 
student 149: 7 40 38 14 37 15 47 33 48 41 43 42 17 26 11 50 23 10 5 27 21 28 19 4 22 2 32 39 1 3 44 16 9 8 24 31 35 45 12 34 20 13 29 30 18 6 46 25 49 36 
student 150: 7 40 32 16 38 21 47 34 46 41 49 43 13 22 14 48 19 10 1 26 20 29 18 6 24 3 31 39 2 4 50 17 5 11 30 35 36 42 8 33 15 12 27 28 23 9 44 25 45 37 
student 151: 8 37 32 15 40 23 47 26 46 41 48 43 12 22 18 50 19 14 2 31 17 33 13 3 25 4 34 39 1 7 49 16 9 6 24 30 35 42 10 36 21 11 28 29 20 5 44 27 45 38 
student 152: 3 40 33 16 39 28 50 34 49 37 45 43 14 21 15 47 24 12 2 29 18 31 20 5 22 4 32 42 1 6 44 13 8 9 23 30 35 41 10 36 17 11 26 27 19 7 46 25 48 38 
student 153: 7 41 32 15 38 19 45 39 44 40 48 47 9 25 13 49 23 14 5 30 21 31 17 3 22 6 27 37 1 4 46 16 8 11 24 34 33 43 10 35 18 12 26 29 20 2 42 28 50 36 
student 154: 6 40 34 12 36 16 47 32 48 41 50 42 14 27 13 49 24 21 2 33 22 23 15 8 20 5 31 38 1 3 46 17 10 7 25 30 39 43 9 35 18 11 26 28 19 4 44 29 45 37 
student 155: 7 38 33 15 39 21 49 30 45 42 47 41 10 25 14 50 22 12 1 29 18 32 17 5 23 4 31 40 2 8 48 16 6 11 26 36 35 44 13 37 19 9 27 24 20 3 43 28 46 34 
student 156: 9 44 33 16 38 18 48 34 46 40 47 42 13 24 12 50 20 14 2 32 19 31 15 5 23 3 30 35 1 4 49 22 6 7 25 27 36 41 10 37 17 11 26 29 21 8 43 28 45 39 
student 157: 11 40 29 17 39 23 47 33 46 41 49 43 12 22 16 48 18 19 5 27 24 30 13 2 21 1 34 38 3 4 50 20 6 7 28 31 37 42 10 36 14 9 26 25 15 8 44 32 45 35 
student 158: 9 42 33 16 40 19 50 36 47 43 45 44 14 23 20 48 25 11 2 29 18 30 12 4 21 3 31 37 1 5 49 15 6 7 24 32 34 39 8 35 17 13 26 28 22 10 41 27 46 38 
student 159: 9 45 36 13 42 20 50 38 49 44 46 34 12 22 14 48 24 15 2 33 19 29 17 3 23 1 30 40 5 7 47 16 6 11 27 31 35 43 10 32 18 8 26 25 21 4 41 28 39 37 
student 160: 7 38 42 18 37 24 50 32 46 43 48 44 14 22 15 49 21 13 4 29 17 34 16 5 20 1 31 39 2 3 41 10 6 9 25 30 33 40 11 35 19 12 26 28 23 8 45 27 47 36 
student 161: 7 44 33 17 30 18 47 35 43 40 48 41 15 25 16 50 22 11 2 32 20 28 19 3 24 5 23 37 1 4 49 12 13 9 27 34 36 42 6 38 14 10 26 31 21 8 45 29 46 39 
student 162: 9 40 38 20 36 21 45 33 48 41 46 42 12 24 15 50 19 13 3 27 17 35 16 2 22 4 30 39 1 5 49 14 6 10 25 29 32 43 11 37 26 7 23 31 28 8 44 18 47 34 
student 163: 10 37 33 16 38 18 49 34 46 42 48 41 13 23 15 50 28 12 2 31 14 29 19 7 17 3 30 39 1 4 47 21 6 5 25 32 35 43 8 40 22 11 26 27 20 9 44 24 45 36 
student 164: 7 39 34 15 38 20 48 32 47 41 50 42 11 25 14 49 21 12 3 31 18 28 17 4 23 1 35 43 2 5 46 22 8 10 24 30 33 40 13 36 16 9 26 27 19 6 44 29 45 37 
student 165: 8 35 34 16 43 20 46 31 49 40 50 41 11 23 14 48 27 12 4 28 19 24 15 5 22 2 32 38 1 6 47 18 7 9 25 30 36 44 10 37 17 13 29 26 21 3 42 33 45 39 
student 166: 9 39 33 16 40 20 48 36 47 43 46 45 13 26 15 50 22 14 2 31 19 23 8 5 24 3 32 38 1 4 49 17 10 7 28 30 35 41 11 37 18 12 29 25 21 6 42 27 44 34 
student 167: 7 40 34 18 39 19 49 35 47 41 48 45 10 24 15 50 22 13 2 30 21 32 14 6 23 3 27 38 1 9 42 16 8 5 25 33 31 46 11 36 20 12 28 29 17 4 43 26 44 37 
student 168: 6 41 33 16 35 23 49 36 44 42 48 43 12 26 14 50 24 9 5 27 20 30 15 3 18 1 32 40 2 7 45 17 8 10 29 34 31 39 11 38 19 13 28 25 21 4 46 22 47 37 
student 169: 9 43 32 14 42 16 48 33 46 45 47 40 11 23 20 49 25 8 1 31 22 30 18 4 21 3 34 37 2 5 50 17 13 7 24 29 35 39 10 38 15 12 26 27 19 6 44 28 41 36 
student 170: 8 37 32 13 40 20 49 35 46 42 48 43 14 24 11 50 23 19 2 28 15 30 17 3 21 4 33 39 1 5 47 16 7 9 26 31 34 41 10 36 18 12 29 25 22 6 45 27 44 38 
student 171: 7 42 34 15 33 18 48 36 47 40 46 44 13 21 12 50 25 16 4 30 19 31 11 1 23 2 28 41 3 5 49 22 9 8 26 32 35 38 14 43 17 10 27 24 20 6 39 29 45 37 
student 172: 9 39 35 15 34 19 47 33 46 41 49 43 13 22 11 44 18 14 1 29 20 30 16 2 27 3 32 40 4 5 50 17 7 10 25 31 38 45 12 36 21 8 23 28 24 6 42 26 48 37 
student 173: 3 40 34 15 39 19 48 42 47 36 46 41 11 24 14 50 21 13 5 30 22 28 16 1 23 6 26 37 2 4 49 20 9 8 25 33 32 43 10 35 18 12 27 31 17 7 44 29 45 38 
student 174: 8 40 32 14 44 20 48 33 50 42 45 39 13 24 12 49 23 15 4 29 18 35 17 2 19 5 31 37 1 7 47 22 3 9 25 30 38 41 10 34 16 11 26 28 21 6 43 27 46 36 
student 175: 6 40 36 14 39 24 49 32 48 42 45 43 12 23 15 50 22 16 8 27 17 30 19 2 21 3 33 38 1 5 47 9 4 10 25 31 35 41 11 37 20 13 29 28 18 7 44 26 46 34 
student 176: 13 36 35 18 39 20 49 33 48 40 47 45 11 25 12 50 21 14 1 29 19 30 16 4 23 2 31 34 9 3 46 22 6 7 24 28 37 43 10 41 15 8 27 26 17 5 42 32 44 38 
student 177: 10 39 34 17 40 20 45 37 49 41 47 43 16 28 14 50 22 12 1 29 21 30 19 2 25 3 31 36 4 9 48 15 6 7 23 32 38 44 8 33 13 11 24 27 18 5 42 26 46 35 
student 178: 5 42 37 15 40 22 49 32 48 45 47 36 14 27 13 46 23 12 4 31 20 28 16 10 21 6 30 41 1 2 50 17 9 7 19 26 39 38 11 35 18 8 24 33 25 3 44 29 43 34 
student 179: 7 34 32 16 39 19 47 36 45 42 48 43 9 23 13 50 25 15 2 29 18 31 21 4 22 1 33 38 3 6 49 17 8 10 24 30 35 40 14 41 11 12 27 28 20 5 44 26 46 37 
student 180: 14 39 35 16 36 19 49 33 45 42 48 43 8 23 13 50 24 12 2 29 21 28 15 4 25 5 32 38 3 7 47 18 1 9 26 34 31 41 11 37 17 10 22 27 20 6 46 30 44 40 
student 181: 10 40 32 15 39 23 48 38 44 41 47 45 11 22 13 50 24 16 2 27 18 28 17 4 21 3 33 37 1 8 49 14 5 6 26 31 34 42 12 35 19 9 29 25 20 7 43 30 46 36 
student 182: 7 42 34 15 38 20 49 35 46 45 47 41 12 23 13 48 21 14 6 30 18 29 16 4 24 3 31 40 1 2 50 19 11 8 25 32 33 39 9 37 17 10 26 28 22 5 43 27 44 36 
student 183: 9 35 32 15 33 20 49 34 44 42 47 41 6 23 13 50 22 14 2 25 19 30 17 8 24 3 36 40 1 4 46 16 7 10 27 31 37 48 12 38 18 11 26 29 21 5 43 28 45 39 
student 184: 8 38 34 14 35 20 45 33 48 42 49 41 10 22 17 50 25 13 2 32 19 29 15 5 23 3 31 40 1 7 47 16 4 9 28 30 36 43 12 37 21 11 26 27 18 6 44 24 46 39 
student 185: 7 38 33 12 43 21 47 35 46 42 45 48 11 26 16 50 24 9 3 29 19 31 14 8 22 1 34 36 2 4 49 17 5 13 23 30 32 41 6 39 18 15 25 27 20 10 40 28 44 37 
student 186: 9 42 35 17 41 22 49 34 45 37 48 39 8 19 16 50 25 15 1 29 18 27 11 6 21 2 31 40 3 5 46 20 7 10 26 32 33 43 14 38 12 13 28 30 24 4 44 23 47 36 
student 187: 6 40 33 13 36 18 44 38 47 41 48 49 12 22 16 50 20 14 2 29 21 27 17 5 19 4 32 37 1 7 46 15 3 9 25 31 34 43 10 39 23 11 24 28 26 8 42 30 45 35 
student 188: 9 39 33 12 43 18 49 36 47 42 46 44 10 27 16 48 23 14 1 29 20 30 19 4 21 2 34 38 5 3 50 17 8 11 28 31 32 45 7 35 15 13 26 24 25 6 40 22 41 37 
student 189: 8 41 30 12 39 22 46 37 42 40 45 49 13 20 10 50 26 15 2 34 19 32 16 1 24 3 31 38 4 7 48 21 6 11 25 29 33 47 9 35 18 14 27 23 17 5 44 28 43 36 
student 190: 9 37 33 16 39 19 47 34 46 41 48 42 13 24 15 50 23 11 4 28 18 29 14 5 22 1 31 40 2 3 49 20 8 7 25 30 36 43 12 35 17 10 26 32 21 6 45 27 44 38 
student 191: 7 43 36 13 33 20 49 38 45 37 46 42 12 26 15 50 22 14 2 31 19 29 18 4 23 3 32 41 1 8 48 16 6 10 25 34 35 40 9 30 17 11 24 27 21 5 44 28 47 39 
student 192: 10 35 33 15 34 19 49 30 45 40 46 43 13 23 12 50 24 7 2 31 20 32 14 3 21 11 29 41 1 4 47 17 5 16 28 38 36 42 8 37 18 9 27 26 22 6 48 25 44 39 
student 193: 8 40 34 19 39 18 47 31 46 43 48 42 12 23 14 50 24 15 2 25 20 30 16 5 21 3 35 38 1 4 49 17 7 9 26 29 36 44 11 32 13 10 27 33 22 6 41 28 45 37 
student 194: 15 42 27 16 36 23 49 34 46 45 47 43 11 22 14 50 25 12 2 29 21 33 17 5 19 4 32 40 3 1 48 13 10 7 28 31 39 38 9 35 18 8 26 24 20 6 41 30 44 37 
student 195: 8 39 31 16 40 21 45 37 47 42 48 43 10 22 15 50 27 13 3 32 19 29 18 4 20 2 30 33 1 5 49 12 7 11 26 35 34 41 9 36 17 14 25 28 23 6 46 24 44 38 
student 196: 8 41 34 17 38 18 47 31 46 40 50 45 12 24 11 49 22 15 1 28 20 29 16 4 23 3 33 39 2 5 48 19 6 9 30 32 35 43 10 36 13 14 25 27 21 7 42 26 44 37 
student 197: 12 39 38 14 37 19 48 32 45 41 47 44 10 26 17 50 23 15 6 30 18 34 11 2 21 3 29 40 1 4 49 20 8 9 22 31 33 42 5 35 16 13 25 27 24 7 43 28 46 36 
student 198: 9 40 37 15 38 21 49 32 47 42 44 41 12 22 13 48 24 16 3 30 18 29 14 5 23 2 36 35 1 7 50 17 6 8 25 31 33 43 11 34 19 10 26 28 20 4 45 27 46 39 
student 199: 11 42 34 10 35 22 48 38 45 39 46 44 13 25 12 49 21 14 5 28 20 26 16 3 23 2 30 41 1 6 50 15 4 9 29 32 33 40 8 37 18 17 31 24 19 7 47 27 43 36 
student 200: 9 39 34 17 40 19 48 33 45 43 47 44 13 24 15 50 23 11 5 28 20 31 12 3 27 6 32 38 1 4 49 18 2 8 25 29 37 41 10 35 16 14 22 30 21 7 42 26 46 36 
student 201: 5 37 34 20 41 18 47 32 48 42 49 40 12 23 14 50 21 13 1 33 28 29 15 4 22 3 31 39 6 2 46 17 8 7 24 30 38 44 10 36 16 11 26 27 19 9 43 25 45 35 
student 202: 7 37 33 22 38 19 47 32 45 40 48 44 13 23 15 50 20 14 2 31 18 26 17 3 27 5 34 43 1 4 49 12 6 10 25 29 36 41 9 35 16 11 28 30 24 8 42 21 46 39 
student 203: 8 39 34 16 37 18 48 32 44 38 49 43 12 22 13 50 21 15 2 29 17 33 14 4 20 3 28 41 1 6 47 19 7 10 25 30 35 42 9 36 23 11 31 26 24 5 46 27 45 40 
student 204: 7 38 37 16 40 20 49 32 45 44 47 46 14 22 13 50 24 12 2 27 19 28 15 5 23 3 33 42 1 10 39 17 6 8 25 29 35 43 9 36 18 11 26 31 21 4 41 30 48 34 
student 205: 8 42 37 19 36 18 50 31 48 41 46 45 11 24 12 47 23 14 2 29 17 28 22 1 21 3 33 38 5 4 49 13 7 9 25 32 35 40 10 39 16 15 27 26 20 6 43 30 44 34 
student 206: 7 39 32 16 31 18 47 35 45 40 49 43 11 24 14 50 25 13 5 28 20 30 15 6 22 1 34 42 2 3 46 17 4 10 26 33 38 41 9 36 19 12 29 23 21 8 48 27 44 37 
student 207: 7 46 32 16 37 17 45 31 49 35 41 48 10 28 12 50 21 14 1 29 19 36 20 3 25 4 33 40 2 9 47 15 5 8 23 30 34 42 11 39 18 13 26 27 22 6 44 24 43 38 
student 208: 7 40 33 15 37 21 46 38 49 43 48 44 8 16 14 50 17 13 1 27 19 31 18 2 24 4 29 39 3 5 47 22 9 11 30 32 34 45 12 35 20 10 26 28 25 6 41 23 42 36 
student 209: 10 39 31 14 37 19 49 34 46 44 50 38 6 25 16 48 24 12 4 28 20 26 15 3 23 2 32 42 1 7 47 17 5 11 22 30 35 45 9 36 18 13 27 33 21 8 41 29 43 40 
student 210: 9 37 30 17 40 19 49 36 46 44 47 42 8 26 12 50 21 13 1 28 22 34 14 4 20 3 32 41 2 5 48 16 7 11 25 35 31 43 10 39 18 15 24 29 23 6 38 27 45 33 
student 211: 8 41 33 15 40 19 48 37 46 39 44 45 12 24 14 49 23 13 2 29 20 28 16 3 22 1 31 35 5 4 50 17 7 9 30 32 34 43 10 36 18 11 26 27 21 6 47 25 42 38 
student 212: 7 37 33 14 39 22 48 34 45 42 49 46 13 23 12 50 21 15 1 25 20 26 16 5 24 2 32 41 3 9 47 18 6 10 27 30 35 40 11 36 17 8 28 31 19 4 43 29 44 38 
student 213: 8 38 30 6 35 21 49 33 47 42 46 41 15 23 13 50 24 14 3 31 19 28 16 2 20 5 32 39 1 9 45 17 4 10 25 29 37 48 12 36 18 11 34 27 22 7 43 26 44 40 
student 214: 5 39 40 15 36 19 48 32 49 41 45 43 11 22 14 46 16 13 1 28 20 30 18 4 24 2 31 38 3 6 50 17 9 8 25 33 34 42 10 35 21 12 27 29 23 7 44 26 47 37 
student 215: 6 42 32 15 36 17 48 35 44 43 47 41 2 24 13 49 22 12 4 29 20 33 16 7 21 1 27 40 3 9 50 18 5 10 30 31 37 38 11 34 19 14 28 26 23 8 45 25 46 39 
student 216: 8 41 33 10 38 20 49 36 47 40 48 44 12 23 16 45 28 14 2 32 19 25 15 4 21 3 31 39 1 5 50 17 6 9 26 30 34 42 13 35 18 11 22 29 24 7 43 27 46 37 
student 217: 7 41 34 15 37 18 46 33 47 42 48 43 12 23 14 50 20 17 2 30 21 24 13 5 25 3 29 40 1 6 49 16 9 8 26 31 35 39 10 36 19 11 27 28 22 4 45 32 44 38 
student 218: 4 39 32 14 37 16 49 36 47 42 48 43 10 23 15 50 21 12 2 30 19 31 17 1 24 5 34 40 3 6 46 18 8 11 25 28 38 41 9 35 20 13 29 27 22 7 44 26 45 33 
student 219: 9 39 34 11 35 21 43 31 45 40 48 41 14 24 15 50 23 13 3 29 19 32 18 4 22 2 33 46 1 5 49 16 8 7 25 30 36 44 10 37 17 12 28 27 20 6 42 26 47 38 
student 220: 5 40 32 16 35 19 50 36 44 41 48 42 13 23 14 49 24 12 4 30 20 33 15 7 22 2 34 39 1 3 47 17 10 6 26 25 37 46 11 29 18 9 28 27 21 8 43 31 45 38 
student 221: 9 42 33 15 39 21 49 31 48 40 44 46 11 23 17 50 24 14 3 28 19 32 16 8 22 2 29 37 1 5 45 13 6 12 25 34 38 41 7 35 18 10 26 30 20 4 43 27 47 36 
student 222: 7 34 35 20 39 17 49 32 45 41 44 43 16 23 12 50 25 13 3 29 15 30 14 5 21 2 33 42 1 4 48 22 11 8 26 31 36 40 9 37 18 10 24 28 19 6 46 27 47 38 
student 223: 5 38 30 14 39 16 46 34 44 41 47 42 12 23 17 50 25 11 4 28 20 31 18 3 22 2 33 40 1 7 48 19 8 10 24 32 36 43 6 35 15 13 26 29 21 9 45 27 49 37 
student 224: 10 39 37 15 34 20 46 36 49 42 45 41 13 25 7 50 22 16 3 29 21 30 17 4 23 1 33 40 2 5 48 19 6 9 24 35 31 43 11 32 14 12 26 28 18 8 47 27 44 38 
student 225: 7 39 32 15 36 22 46 35 50 42 41 43 13 26 11 48 21 16 2 29 14 33 17 3 19 4 31 38 1 6 49 18 5 10 23 30 37 44 8 34 20 12 25 28 24 9 45 27 47 40 
student 226: 7 40 36 16 38 20 48 33 47 41 42 43 11 24 13 49 23 12 2 30 19 32 18 4 21 1 31 39 3 8 50 14 5 10 25 27 34 44 9 37 17 15 26 29 22 6 45 28 46 35 
student 227: 2 39 32 15 36 20 49 35 47 37 46 43 12 24 14 48 29 9 8 26 19 27 18 13 22 3 30 44 1 6 50 16 10 7 23 34 38 42 4 33 17 11 25 31 21 5 45 28 41 40 
student 228: 6 41 34 16 40 20 49 33 47 42 46 43 12 22 14 50 23 13 2 29 18 35 15 5 21 3 32 38 1 4 48 17 7 10 24 31 30 39 9 36 19 11 26 28 27 8 45 25 44 37 
student 229: 12 40 33 22 38 19 44 36 47 41 48 43 11 27 14 50 23 13 1 28 20 31 15 4 21 3 30 39 2 6 49 17 7 8 24 32 34 42 9 37 16 10 26 25 18 5 45 29 46 35 
student 230: 9 40 31 13 37 23 49 32 47 39 48 42 14 26 11 44 22 15 3 27 19 35 16 5 20 4 28 41 1 2 50 18 8 6 33 30 34 45 10 36 17 12 25 29 21 7 43 24 46 38 
student 231: 9 41 28 14 40 22 47 31 48 42 45 44 15 23 6 50 21 13 1 32 19 29 17 7 25 2 33 36 3 4 49 16 8 11 26 34 38 39 10 35 18 12 24 30 20 5 43 27 46 37 
student 232: 8 39 33 14 43 16 47 35 46 41 45 48 11 23 17 50 24 15 1 29 21 31 20 3 18 10 26 37 2 5 49 13 6 7 27 32 38 44 9 36 19 12 28 30 22 4 42 25 40 34 
student 233: 8 42 33 17 37 21 47 38 48 40 50 44 10 24 15 41 22 12 1 28 19 31 14 4 23 3 32 39 2 5 49 16 9 7 25 30 34 43 11 35 18 13 27 29 20 6 45 26 46 36 
student 234: 6 42 33 14 41 22 47 34 45 38 46 40 12 21 15 50 26 16 2 30 20 29 13 3 23 4 32 39 1 5 49 17 7 9 24 31 35 43 10 37 18 11 28 27 19 8 44 25 48 36 
student 235: 8 39 33 15 38 21 48 35 43 41 46 44 14 24 10 50 25 12 1 28 20 34 16 4 22 3 32 42 2 5 49 18 6 13 26 31 30 40 11 36 17 9 27 29 23 7 47 19 45 37 
student 236: 7 40 34 15 38 20 50 33 46 41 49 43 16 24 17 47 23 12 4 28 19 29 14 2 22 3 32 35 1 5 45 18 11 8 25 30 39 42 10 36 13 9 26 27 21 6 44 31 48 37 
student 237: 4 43 31 13 37 22 47 33 46 40 49 45 12 27 15 50 24 14 6 30 20 29 17 7 19 3 34 39 2 1 48 21 5 10 18 32 35 42 11 38 23 8 25 28 16 9 41 26 44 36 
student 238: 3 40 34 16 35 17 49 32 43 41 45 47 14 24 11 48 23 15 2 28 21 31 12 5 22 4 33 39 1 6 50 18 7 13 25 30 36 42 9 38 19 10 26 27 20 8 44 29 46 37 
student 239: 7 41 32 16 44 20 46 35 50 38 48 43 13 21 15 45 27 9 3 31 19 30 14 5 25 2 34 39 1 6 49 18 8 10 22 24 36 42 12 33 17 11 29 28 23 4 47 26 40 37 
student 240: 9 45 33 15 38 20 50 34 40 41 47 46 13 26 16 49 21 14 3 29 19 27 10 4 22 1 31 39 2 5 48 17 7 6 23 32 36 44 12 35 18 11 25 30 24 8 43 28 42 37 
student 241: 5 43 35 13 39 20 46 32 45 44 49 41 16 25 11 48 24 15 3 31 14 28 17 6 22 1 29 37 2 7 50 19 9 8 26 34 33 40 10 36 18 12 30 27 21 4 42 23 47 38 
student 242: 10 40 31 13 36 19 49 34 46 38 47 45 15 25 14 50 22 12 2 30 23 32 17 5 21 1 33 39 3 6 48 16 4 9 24 29 35 41 8 37 18 11 27 28 20 7 42 26 44 43 
student 243: 9 37 32 15 39 21 47 33 44 42 48 45 4 24 12 50 20 13 3 29 17 31 14 6 22 2 38 34 1 5 49 18 7 11 25 27 35 40 8 41 19 16 30 28 23 10 43 26 46 36 
student 244: 5 43 35 19 37 20 48 33 44 39 47 46 12 26 14 50 23 13 3 31 16 28 15 6 22 2 32 38 1 4 49 18 10 9 25 29 41 45 11 34 17 8 24 27 21 7 40 30 42 36 
student 245: 7 40 32 16 37 21 47 34 44 41 48 42 12 23 15 50 26 14 2 25 20 28 17 6 22 8 38 39 1 10 49 13 3 9 33 29 36 43 11 35 18 5 30 24 19 4 45 27 46 31 
student 246: 11 39 28 19 40 18 47 31 46 41 48 45 12 22 15 50 24 14 1 29 20 33 16 3 23 7 32 37 2 4 49 17 9 5 25 34 35 42 10 38 13 8 26 30 21 6 44 27 43 36 
student 247: 12 41 33 13 38 24 49 37 45 43 46 40 7 23 16 48 22 11 1 28 18 29 14 4 20 2 32 39 3 5 50 19 8 10 26 30 34 42 15 35 17 9 25 27 21 6 44 31 47 36 
student 248: 8 42 32 17 35 18 48 33 46 39 47 43 14 26 13 50 23 12 2 29 20 30 15 5 22 4 31 37 1 3 49 16 7 10 24 36 41 40 11 34 19 9 28 27 21 6 44 25 45 38 
student 249: 7 41 36 12 37 22 49 31 42 45 48 40 11 23 13 50 24 9 2 32 19 30 18 1 21 3 26 39 4 5 44 16 8 15 25 33 35 43 10 34 17 14 29 28 20 6 46 27 47 38 
student 250: 8 40 29 15 38 19 49 32 47 43 44 41 13 24 14 50 21 9 1 30 18 31 17 3 23 5 33 39 2 6 48 16 7 11 26 34 36 42 10 35 20 12 25 27 22 4 45 28 46 37 
student 251: 5 41 33 14 35 18 48 38 46 42 47 39 11 23 16 50 24 13 2 28 22 29 15 3 20 4 31 37 1 6 49 19 7 8 26 30 36 45 9 34 17 12 25 27 21 10 43 32 44 40 
student 252: 7 40 32 15 38 22 50 37 48 39 45 47 13 20 14 49 24 12 1 28 19 36 17 4 21 3 25 41 2 5 46 16 8 9 26 27 35 42 10 31 18 11 33 30 23 6 43 29 44 34 
student 253: 11 42 37 18 36 22 43 30 48 40 46 41 15 19 12 50 25 17 6 31 20 32 14 4 23 1 28 38 2 7 47 16 3 9 26 34 35 49 10 33 13 8 27 29 21 5 44 24 45 39 
student 254: 8 39 35 18 40 20 49 34 47 41 50 44 11 24 14 48 19 12 1 32 22 30 13 16 23 2 28 37 4 3 46 15 5 7 25 31 36 42 9 38 17 10 29 27 26 6 45 21 43 33 
student 255: 10 42 28 13 39 21 46 35 47 37 48 45 11 25 17 49 22 12 2 26 18 32 15 4 23 3 33 40 1 6 50 16 7 8 24 36 34 41 9 30 19 14 27 31 20 5 43 29 44 38 
student 256: 9 39 30 16 38 19 48 32 46 44 47 42 13 24 11 50 23 14 4 29 18 31 17 3 21 2 34 40 1 6 49 15 5 8 26 33 35 43 10 36 20 12 25 27 22 7 41 28 45 37 
student 257: 10 39 34 18 41 23 47 37 46 35 49 42 4 26 13 50 14 12 3 29 20 31 22 5 25 1 28 38 2 8 48 17 7 9 19 32 33 44 11 40 16 15 27 24 21 6 45 30 43 36 
student 258: 8 40 32 14 34 19 50 38 45 41 46 43 13 24 12 49 23 15 2 26 20 28 16 5 21 3 33 36 1 6 47 17 4 10 31 30 37 44 9 35 18 11 27 29 22 7 42 25 48 39 
student 259: 8 42 34 16 38 18 49 32 39 43 44 45 14 25 13 50 21 12 1 27 15 31 17 2 22 5 30 40 3 6 46 20 10 7 28 33 35 48 11 36 23 9 26 29 19 4 47 24 41 37 
student 260: 9 42 38 14 35 20 49 34 43 37 45 40 13 24 15 50 23 16 4 28 18 31 17 3 22 2 33 36 1 5 47 12 8 6 26 29 41 44 10 32 19 11 25 27 21 7 48 30 46 39 
student 261: 10 44 33 17 36 21 48 38 43 40 47 42 12 22 6 50 27 13 1 28 19 29 18 4 23 2 34 37 8 3 49 16 9 11 24 32 31 46 7 39 14 15 26 30 20 5 41 25 45 35 
student 262: 7 40 29 19 34 18 48 36 47 41 46 42 12 25 13 49 21 16 4 26 22 28 15 5 20 3 33 38 1 6 50 14 9 8 27 32 35 43 10 37 17 11 31 24 23 2 44 30 45 39 
student 263: 7 40 34 13 38 18 48 33 47 43 46 41 12 22 17 50 26 15 2 29 23 30 14 4 19 3 32 37 1 9 49 11 6 8 24 31 35 45 10 36 21 16 25 28 20 5 44 27 42 39 
student 264: 6 41 32 15 38 18 49 33 48 43 50 44 12 27 13 47 22 16 4 29 21 34 14 3 19 2 30 40 1 5 46 17 8 7 26 31 35 39 10 36 20 11 28 23 24 9 45 25 42 37 
student 265: 9 42 35 16 39 17 48 33 44 40 47 45 12 24 14 49 23 13 4 27 19 32 18 3 22 2 34 36 1 5 50 15 6 10 25 31 30 43 7 38 20 11 29 26 21 8 46 28 41 37 
student 266: 9 40 35 13 34 18 47 37 43 44 49 48 12 22 17 46 25 11 2 29 21 30 14 3 23 5 41 39 1 7 50 16 6 10 26 31 33 42 8 32 19 15 24 28 20 4 36 27 45 38 
student 267: 9 41 33 13 36 23 49 38 47 39 46 43 12 20 21 50 18 15 3 27 19 30 14 6 25 2 28 40 1 5 48 16 4 8 22 35 31 42 10 34 17 11 32 26 29 7 44 24 45 37 
student 268: 6 38 34 14 37 20 48 29 44 41 47 45 10 22 16 50 24 15 2 31 19 33 13 12 25 11 32 40 1 7 49 17 4 5 26 30 36 42 8 35 18 9 23 28 21 3 43 27 46 39 
student 269: 13 39 34 12 42 22 47 36 48 40 45 41 14 19 15 50 27 11 3 28 16 31 17 4 23 5 33 37 1 2 49 18 9 7 24 30 38 43 8 32 20 10 25 26 21 6 46 29 44 35 
student 270: 12 41 33 18 37 21 50 31 44 42 47 45 10 27 14 49 26 16 2 23 19 30 13 3 22 4 32 36 1 5 48 17 7 8 24 39 34 38 9 35 15 11 25 28 20 6 46 29 43 40 
student 271: 8 37 40 9 38 21 48 36 43 44 42 41 12 28 13 50 23 14 3 26 17 31 16 1 22 6 33 35 2 4 49 18 7 10 25 29 32 46 11 39 19 15 27 30 20 5 45 24 47 34 
student 272: 11 42 30 14 40 19 48 34 45 43 47 46 13 24 16 49 20 18 2 31 17 29 12 4 21 5 33 35 1 3 50 23 9 10 25 36 37 39 6 32 15 8 26 27 22 7 41 28 44 38 
student 273: 2 38 34 16 39 19 48 32 45 40 49 43 15 25 14 50 22 11 4 26 13 31 17 7 23 3 29 36 1 6 47 18 9 10 27 33 35 42 8 37 20 12 24 30 21 5 44 28 46 41 
student 274: 7 38 30 13 39 19 47 33 48 40 46 42 11 25 15 50 22 16 3 29 20 31 14 4 21 1 34 41 2 5 49 18 9 10 23 32 35 43 12 36 17 8 26 28 24 6 44 27 45 37 
student 275: 11 40 32 18 35 16 48 34 46 37 44 47 10 27 14 49 23 13 3 25 22 33 15 4 21 2 28 39 1 5 50 17 8 9 29 31 41 42 6 36 19 12 24 30 20 7 45 26 43 38 
student 276: 11 41 35 14 36 19 47 34 48 40 46 43 13 28 15 49 22 12 2 26 18 29 16 1 21 3 31 39 4 5 50 17 9 6 27 33 32 42 10 37 20 7 24 25 23 8 44 30 45 38 
student 277: 1 41 33 15 37 20 46 36 50 44 47 43 9 21 18 49 28 12 2 27 25 30 19 5 22 4 32 40 3 6 48 14 7 8 23 31 34 39 11 35 16 13 24 26 17 10 42 29 45 38 
student 278: 9 42 32 12 39 21 50 34 46 41 48 45 6 25 15 49 23 13 3 30 19 31 16 7 22 1 29 40 2 4 47 17 8 10 27 33 37 36 11 38 20 14 24 26 18 5 43 28 44 35 
student 279: 7 41 34 15 37 16 42 36 49 44 46 43 10 21 19 50 28 17 2 27 18 29 14 5 23 6 32 39 1 3 48 13 4 11 25 33 35 40 12 38 20 9 24 30 22 8 47 26 45 31 
student 280: 7 45 34 21 36 16 46 37 43 41 38 44 10 24 9 48 20 18 3 29 17 31 14 6 23 5 30 40 1 2 50 13 4 11 26 32 33 42 12 39 25 15 27 22 19 8 49 28 47 35 
student 281: 8 39 31 14 37 20 48 33 46 43 47 41 11 15 18 49 24 16 3 32 21 28 13 7 23 6 29 40 1 2 50 17 4 9 27 30 34 45 10 38 19 12 26 25 22 5 44 35 42 36 
student 282: 9 43 35 16 36 17 48 38 47 40 45 41 11 24 14 49 26 12 3 32 22 34 19 1 18 5 30 39 4 2 50 20 6 8 23 29 37 42 10 27 15 13 25 33 21 7 46 28 44 31 
student 283: 7 39 36 11 37 20 47 33 40 44 48 43 14 22 13 50 24 12 1 30 19 29 16 2 23 6 32 38 3 4 49 18 5 9 25 31 41 42 10 34 17 15 26 28 21 8 45 27 46 35 
student 284: 7 37 31 15 42 24 46 32 48 38 49 43 14 26 12 50 22 16 3 28 20 30 13 1 21 2 35 36 4 5 44 19 10 8 25 33 34 40 9 41 18 11 23 29 17 6 45 27 47 39 
student 285: 8 41 34 14 36 25 46 33 47 39 48 42 13 26 16 50 22 19 5 28 15 29 17 3 21 2 30 37 1 7 49 20 10 9 27 32 35 43 11 38 12 6 31 24 18 4 44 23 45 40 
student 286: 8 36 34 15 38 22 48 30 40 41 49 44 10 25 13 47 24 12 1 32 21 29 16 4 23 3 33 42 2 7 50 17 6 9 19 31 35 43 11 39 18 20 26 27 14 5 46 28 45 37 
student 287: 7 42 37 16 35 19 49 33 47 41 44 43 12 24 14 48 23 13 3 26 20 31 15 4 21 2 30 38 1 6 50 17 5 9 25 28 34 40 10 36 18 11 27 29 22 8 45 32 46 39 
student 288: 10 40 29 14 38 21 48 36 46 41 49 47 12 24 13 50 23 16 1 33 20 28 17 4 19 5 30 37 2 6 44 15 3 7 26 32 35 45 9 39 18 11 27 31 22 8 43 25 42 34 
student 289: 9 41 35 15 38 20 48 31 47 42 44 43 13 24 14 50 25 12 3 30 18 33 17 2 23 4 34 39 1 6 49 16 7 8 26 29 32 45 11 36 19 10 22 27 21 5 40 28 46 37 
student 290: 8 31 34 16 37 18 49 38 48 42 47 44 13 22 14 50 24 17 4 30 15 33 11 3 28 6 29 39 1 2 46 20 7 9 23 25 35 41 10 36 21 12 26 27 19 5 43 32 45 40 
student 291: 8 41 31 15 37 19 48 32 50 44 43 42 13 23 14 47 22 12 1 30 16 35 17 4 25 6 33 39 2 7 49 18 3 9 24 29 34 40 10 38 20 11 26 28 21 5 45 27 46 36 
student 292: 6 41 29 16 38 20 44 35 49 40 48 46 10 24 14 47 23 13 4 30 12 33 18 5 21 2 27 39 1 3 50 17 11 7 25 32 34 42 8 36 19 15 31 28 22 9 43 26 45 37 
student 293: 10 43 33 16 37 20 48 34 44 41 45 42 13 25 19 47 23 11 2 24 18 29 15 12 21 6 31 39 1 3 50 17 4 7 26 32 35 40 8 36 14 9 28 30 22 5 49 27 46 38 
student 294: 8 41 30 14 37 20 47 35 44 40 46 45 9 31 18 50 25 12 1 33 17 27 15 3 23 5 32 39 2 4 49 19 6 10 22 28 38 42 11 36 16 13 26 24 21 7 43 29 48 34 
student 295: 8 37 33 16 35 29 45 31 49 40 47 46 13 22 11 50 23 12 3 30 19 24 17 4 21 1 34 41 2 6 48 15 5 9 26 32 36 42 10 38 18 14 25 27 20 7 44 28 43 39 
student 296: 11 43 33 20 42 21 48 34 44 39 46 45 13 27 9 49 26 14 2 23 16 31 15 5 19 3 30 38 1 7 50 18 6 12 24 32 35 40 10 36 17 8 22 28 25 4 47 29 41 37 
student 297: 6 38 33 15 40 17 46 34 48 45 47 42 9 26 16 49 25 13 1 31 18 29 14 2 22 3 30 37 4 5 50 21 8 7 27 32 36 41 11 39 19 12 24 23 20 10 44 28 43 35 
student 298: 7 46 32 16 40 19 49 34 44 39 45 43 15 28 14 50 21 12 1 29 22 33 17 5 23 2 31 38 4 3 48 18 6 10 26 30 37 42 9 35 13 11 24 25 20 8 41 27 47 36 
student 299: 8 36 31 17 40 20 46 34 45 41 48 44 11 25 14 49 27 12 1 29 18 30 15 2 19 6 35 38 3 4 47 21 9 5 24 32 37 42 10 33 16 13 22 28 23 7 50 26 43 39 
student 300: 7 43 32 18 35 20 48 37 45 44 46 40 11 27 14 50 25 13 3 22 21 29 15 1 17 2 33 39 6 4 49 19 8 10 30 31 38 41 9 34 16 12 24 28 23 5 42 26 47 36 
student 301: 7 37 34 18 40 20 49 35 43 45 47 39 11 27 13 50 25 14 2 21 19 29 16 4 22 3 33 44 1 10 48 17 5 12 26 31 32 41 8 38 15 9 24 28 23 6 42 30 46 36 
student 302: 10 39 31 15 42 21 49 32 45 40 47 43 13 23 14 48 22 11 6 29 20 30 16 3 24 4 34 37 1 8 50 17 2 7 26 33 36 41 9 38 18 12 27 25 19 5 44 28 46 35 
student 303: 8 43 31 16 46 19 48 37 49 39 44 41 11 26 15 47 24 14 6 25 17 33 23 2 20 1 34 35 4 5 50 18 7 12 22 30 32 40 10 36 13 9 27 29 21 3 45 28 42 38 
student 304: 10 42 32 19 39 18 50 33 49 40 46 43 13 20 12 48 22 15 1 31 21 29 11 5 27 3 30 37 2 4 47 17 7 9 23 36 35 41 14 34 16 8 24 26 25 6 44 28 45 38 
student 305: 6 41 33 14 39 24 45 34 50 40 47 44 12 25 13 49 22 15 1 28 19 36 16 10 21 2 31 37 3 4 48 18 7 9 23 30 35 43 11 38 17 8 26 27 20 5 42 29 46 32 
student 306: 10 43 31 16 39 21 48 32 47 40 44 46 9 26 14 49 24 13 1 34 19 25 15 7 23 3 33 37 2 8 50 18 6 12 22 28 35 41 4 38 17 11 27 30 20 5 42 29 45 36 
student 307: 10 38 34 15 39 20 42 30 49 36 47 46 11 26 12 50 21 14 2 33 19 29 16 7 23 3 31 35 1 4 45 18 5 6 24 32 37 44 13 40 17 9 28 27 22 8 41 25 48 43 
student 308: 10 38 33 14 37 20 46 32 47 44 43 42 12 25 15 50 22 11 1 30 19 27 16 5 21 8 34 40 7 2 45 23 6 3 29 31 35 41 9 39 17 13 24 28 18 4 48 26 49 36 
student 309: 5 40 38 13 39 19 46 32 44 42 49 45 12 26 15 50 23 14 7 30 16 31 17 3 22 2 37 35 1 6 47 20 8 10 24 29 33 41 11 34 18 9 25 28 21 4 43 27 48 36 
student 310: 14 39 35 18 38 23 47 33 44 41 49 45 8 22 9 50 21 13 4 25 17 27 16 5 24 2 30 40 1 7 48 15 10 6 26 31 36 42 12 34 19 11 28 32 20 3 43 29 46 37 
student 311: 6 42 36 16 39 18 49 34 48 43 46 38 9 22 13 50 21 15 1 27 19 33 14 5 28 3 32 41 2 7 47 17 4 8 26 30 31 40 11 37 20 12 25 29 23 10 44 24 45 35 
student 312: 10 43 35 15 36 18 49 33 47 40 46 44 12 23 13 50 20 14 5 28 22 30 16 4 25 2 32 39 1 3 48 19 8 9 26 31 38 41 7 34 17 11 24 29 21 6 42 27 45 37 
student 313: 10 43 30 15 38 19 49 33 46 42 47 41 12 24 13 50 22 14 4 31 21 28 18 3 23 1 35 40 2 6 48 16 9 8 25 32 34 39 5 37 17 11 27 26 20 7 44 29 45 36 
student 314: 8 40 34 15 38 21 47 35 42 43 48 41 10 19 16 50 23 14 2 31 20 33 17 3 22 7 30 29 1 4 49 18 6 9 24 32 39 44 11 36 13 12 26 28 25 5 46 27 45 37 
student 315: 10 38 29 13 41 22 46 37 47 39 45 43 14 21 16 49 23 11 3 31 19 30 15 4 20 2 33 42 1 7 50 18 5 8 24 32 34 40 12 36 17 9 26 28 25 6 44 27 48 35 
student 316: 9 40 32 12 41 20 47 35 45 37 48 43 11 23 19 49 26 14 2 27 16 30 15 4 22 3 31 36 1 5 50 17 6 8 25 34 33 46 10 38 18 13 28 29 21 7 42 24 44 39 
student 317: 8 37 33 18 39 19 48 32 47 40 45 42 11 23 15 49 25 13 1 34 16 30 20 6 22 3 31 41 5 4 50 14 2 9 26 28 36 44 10 38 17 12 24 29 21 7 43 27 46 35 
student 318: 8 39 32 14 37 20 47 33 48 43 49 42 11 23 13 50 19 12 4 31 22 28 16 1 29 2 34 38 3 5 46 17 9 7 25 30 35 45 15 40 18 10 24 26 21 6 44 27 41 36 
student 319: 6 41 33 15 40 20 45 35 48 42 46 47 11 24 16 49 23 14 2 29 18 31 13 4 22 3 32 37 1 8 50 17 12 7 25 30 34 39 10 38 19 9 26 28 21 5 43 27 44 36 
student 320: 11 39 33 16 38 20 47 34 43 40 44 48 8 22 5 50 24 15 1 35 17 25 18 3 23 6 32 41 4 7 49 14 2 12 27 26 30 45 13 37 19 9 31 28 21 10 42 29 46 36 
student 321: 10 41 29 20 36 17 50 35 42 38 46 43 14 22 13 48 25 12 3 31 21 32 15 4 18 2 28 44 1 6 49 16 8 7 26 34 37 40 11 39 23 9 24 30 19 5 47 27 45 33 
student 322: 13 37 32 10 41 17 47 34 46 38 48 42 12 25 14 50 24 16 2 27 15 29 18 4 22 3 36 39 1 5 49 19 7 11 30 31 33 43 9 35 20 6 26 21 23 8 44 28 45 40 
student 323: 11 42 34 13 38 19 49 32 43 44 48 39 14 25 10 50 24 9 1 35 18 29 20 6 21 5 31 41 2 3 47 16 4 15 26 30 33 46 12 37 17 8 27 28 22 7 45 23 40 36 
student 324: 8 43 32 15 40 22 48 34 47 39 46 42 10 24 13 50 20 14 2 29 16 26 17 4 23 3 33 38 1 5 49 21 9 11 25 31 36 41 7 35 19 12 27 30 18 6 44 28 45 37 
student 325: 9 36 34 16 41 21 42 32 46 39 49 43 13 24 15 50 22 12 3 27 20 30 14 7 18 2 33 40 1 4 47 17 5 6 25 31 37 44 11 35 19 10 26 29 23 8 48 28 45 38 
student 326: 10 43 31 11 41 18 48 34 45 44 50 37 12 24 16 47 23 13 1 29 19 33 15 2 22 4 30 38 5 3 39 20 6 8 27 32 35 42 9 40 17 14 25 28 21 7 49 26 46 36 
student 327: 4 43 33 16 42 21 47 35 46 38 48 44 11 18 15 49 24 14 3 29 27 31 12 1 20 5 32 40 6 2 50 17 13 10 23 30 36 39 8 37 19 9 25 26 22 7 45 28 41 34 
student 328: 10 40 37 9 36 24 48 32 47 41 44 43 15 26 13 50 21 14 2 31 19 30 16 5 20 7 33 35 1 3 49 18 4 11 23 29 34 42 8 39 17 12 25 28 22 6 46 27 45 38 
student 329: 9 41 36 16 38 22 50 37 44 42 46 45 12 26 13 49 23 15 3 31 19 29 14 6 18 4 34 39 1 7 48 17 8 2 27 30 35 40 11 32 21 5 24 25 20 10 43 28 47 33 
student 330: 7 37 24 17 38 21 48 32 44 39 47 45 16 23 14 49 20 13 3 30 19 31 12 2 25 4 34 40 1 6 50 15 9 8 26 33 36 43 11 41 18 10 28 27 22 5 42 29 46 35 
student 331: 9 38 34 12 35 20 48 33 46 42 47 43 18 23 13 50 24 14 4 29 17 30 22 5 16 2 32 39 1 3 49 15 7 10 25 31 37 40 11 41 19 8 27 28 21 6 45 26 44 36 
student 332: 14 42 28 16 40 17 45 35 50 41 47 36 10 27 13 48 25 12 2 31 18 30 15 7 21 4 32 39 1 3 49 22 8 9 23 34 37 46 5 33 20 11 26 24 19 6 43 29 44 38 
student 333: 8 42 33 17 37 16 49 38 46 36 48 43 15 26 13 50 25 12 1 31 14 32 19 4 21 5 30 40 2 3 47 18 7 9 24 29 35 41 10 34 23 11 22 28 20 6 44 27 45 39 
student 334: 8 40 33 13 41 20 50 39 47 38 44 49 12 23 14 48 24 17 2 28 16 30 18 6 21 3 34 36 1 4 46 19 7 9 22 32 26 42 10 35 15 11 31 29 25 5 43 27 45 37 
student 335: 8 40 36 14 39 23 47 32 43 41 45 44 10 24 12 50 19 13 2 25 20 31 15 4 21 1 33 38 3 7 48 17 5 6 22 30 37 46 16 34 18 9 26 29 27 11 49 28 42 35 
student 336: 10 36 32 13 40 20 47 34 46 41 49 38 12 24 14 48 26 15 3 30 16 31 17 4 22 2 33 42 1 5 50 18 6 7 23 29 35 44 11 37 19 9 28 27 21 8 45 25 43 39 
student 337: 7 37 31 14 36 20 48 33 47 41 44 45 13 23 12 50 25 18 4 28 15 30 16 5 21 1 34 42 3 2 49 19 10 8 27 32 35 40 6 39 17 11 22 29 24 9 43 26 46 38 
student 338: 9 43 27 18 38 15 47 34 46 40 48 37 6 24 19 49 17 13 2 30 20 32 22 3 21 8 33 39 1 4 50 14 7 10 28 31 35 41 11 42 12 16 26 25 23 5 45 29 44 36 
student 339: 8 41 34 14 35 22 47 31 44 38 49 43 13 21 10 48 23 15 2 32 17 27 16 7 24 3 30 36 1 4 50 18 6 12 25 29 37 46 9 39 20 11 26 28 19 5 45 33 42 40 
student 340: 9 40 31 14 38 20 47 32 45 41 50 42 13 27 11 48 23 15 5 28 16 34 17 3 22 1 33 39 2 8 49 19 6 7 24 30 35 43 10 37 18 12 25 29 21 4 44 26 46 36 
student 341: 7 38 32 12 39 19 44 33 45 48 46 41 11 22 16 49 18 15 2 28 23 30 17 6 20 3 37 42 1 4 47 21 5 10 24 31 34 40 13 35 14 8 26 27 25 9 43 29 50 36 
student 342: 7 39 35 16 41 21 48 37 45 40 46 44 10 23 14 49 24 13 1 30 17 29 19 6 22 3 33 36 2 4 50 15 8 9 25 32 38 43 11 31 18 12 27 28 20 5 42 26 47 34 
student 343: 8 42 31 12 38 17 45 34 49 39 47 44 11 23 14 46 24 10 6 32 20 29 16 5 25 7 33 41 1 2 50 19 15 9 22 28 36 40 13 35 18 4 27 30 21 3 48 26 43 37 
student 344: 8 40 29 15 38 17 48 31 46 41 47 43 12 26 20 50 23 14 2 28 19 30 13 4 25 3 36 34 1 7 49 22 6 10 27 32 39 42 11 33 16 9 21 35 18 5 44 24 45 37 
student 345: 8 43 33 15 39 21 47 34 46 36 48 41 10 27 16 50 24 14 2 29 20 31 13 1 22 4 32 38 11 6 49 17 3 9 23 30 35 42 12 37 18 5 25 28 19 7 44 26 45 40 
student 346: 8 41 32 17 37 20 47 36 43 42 49 39 11 23 15 50 22 13 2 31 18 27 14 5 24 3 30 35 1 4 48 16 9 7 25 33 34 44 10 40 19 12 26 29 21 6 46 28 45 38 
student 347: 7 39 32 15 40 18 49 35 48 42 43 44 12 24 16 47 22 13 4 29 17 26 14 5 23 1 33 37 2 3 50 21 8 9 27 30 38 45 11 34 20 10 28 25 19 6 41 31 46 36 
student 348: 7 43 36 13 37 23 48 35 46 40 47 39 11 21 16 50 20 14 1 30 18 29 17 5 22 3 34 41 2 8 49 15 6 12 27 31 32 44 9 38 19 10 28 25 26 4 42 24 45 33 
student 349: 8 39 32 13 38 21 48 31 49 42 45 47 9 24 17 50 19 16 2 26 20 28 12 3 23 4 35 41 1 5 46 18 6 10 25 29 34 43 11 36 14 15 30 33 22 7 44 27 40 37 
student 350: 6 39 32 15 35 17 49 33 44 45 48 46 11 24 14 47 25 13 1 27 19 28 16 2 21 5 31 38 3 7 50 18 4 9 30 29 36 41 12 37 20 8 23 34 22 10 43 26 42 40 
student 351: 10 41 37 13 39 18 48 34 44 40 47 46 14 27 16 49 25 12 1 33 21 23 15 4 20 7 36 32 2 3 50 19 6 9 24 30 31 43 5 35 17 11 26 29 22 8 42 28 45 38 
student 352: 9 42 33 13 39 20 48 35 47 38 44 45 12 24 15 50 22 14 2 34 19 30 16 3 25 6 29 40 1 4 49 18 7 8 27 31 36 43 10 32 17 11 23 26 21 5 46 28 41 37 
student 353: 12 40 30 17 37 21 50 33 45 41 46 43 15 24 13 49 23 14 2 26 16 29 20 5 19 3 35 39 1 6 48 11 4 10 25 32 34 42 8 36 18 9 27 31 22 7 44 28 47 38 
student 354: 13 39 34 14 38 19 45 33 44 43 48 40 9 22 15 50 27 10 4 26 17 28 16 3 23 2 32 41 1 7 49 18 6 8 24 31 36 46 11 35 20 12 29 30 21 5 42 25 47 37 
student 355: 16 42 32 17 36 11 48 33 46 40 45 41 9 23 14 50 25 15 3 29 19 30 13 4 22 1 34 38 2 5 49 18 7 6 24 31 35 43 12 37 20 10 26 27 21 8 44 28 47 39 
student 356: 8 42 31 13 35 19 45 32 47 38 48 41 11 24 14 49 23 15 2 27 18 30 16 3 21 4 33 43 1 6 50 17 7 12 26 36 34 39 10 40 22 9 25 29 20 5 44 28 46 37 
student 357: 6 36 30 14 40 23 46 32 47 42 48 41 12 20 15 50 25 13 2 29 21 31 18 9 17 1 39 45 3 5 49 16 4 7 27 33 34 35 8 37 19 11 24 28 22 10 43 26 44 38 
student 358: 9 37 35 16 34 20 48 38 45 42 47 44 12 19 15 50 23 13 1 31 18 32 14 4 27 3 30 36 2 5 49 21 6 10 25 29 33 41 7 39 17 11 24 26 22 8 43 28 46 40 
student 359: 6 41 32 14 39 25 45 34 43 44 46 38 11 21 15 49 24 12 1 29 18 35 16 4 23 3 31 40 2 5 50 17 8 10 22 30 36 42 9 33 20 13 27 28 19 7 47 26 48 37 
student 360: 6 42 33 13 38 18 50 31 44 46 49 39 16 25 17 45 21 11 3 28 15 32 22 7 20 2 34 41 5 10 48 14 4 8 26 30 35 43 9 36 23 12 24 29 19 1 47 27 40 37 
student 361: 5 39 32 14 35 24 47 34 46 40 44 45 12 25 13 48 21 15 1 29 19 30 20 4 23 3 33 42 2 6 50 18 8 9 22 31 36 41 10 38 16 11 28 27 17 7 43 26 49 37 
student 362: 6 39 32 17 38 19 47 33 46 41 49 43 12 23 16 50 24 13 5 29 22 31 20 3 21 2 34 45 1 4 48 10 11 8 27 28 35 40 15 36 14 9 25 30 18 7 42 26 44 37 
student 363: 9 39 30 15 36 24 50 38 48 40 45 47 13 20 14 49 21 10 2 32 18 27 19 6 25 4 34 42 1 3 44 16 8 11 28 29 33 43 7 37 17 12 23 31 22 5 41 26 46 35 
student 364: 9 39 34 18 38 19 47 32 48 43 45 40 13 25 15 50 21 14 4 30 22 31 16 5 20 3 33 41 2 1 49 12 6 7 26 28 35 42 11 36 17 10 24 27 23 8 44 29 46 37 
student 365: 7 40 34 20 37 18 43 33 49 41 48 46 12 24 14 50 19 13 2 27 17 30 11 5 21 3 32 38 1 4 47 16 8 10 25 31 35 44 9 36 22 15 26 28 23 6 45 29 42 39 
student 366: 9 38 36 15 35 20 43 33 49 42 46 44 11 21 13 50 23 14 4 30 18 32 16 2 22 3 31 48 1 7 47 17 12 6 25 29 37 40 10 34 19 8 26 28 24 5 45 27 41 39 
student 367: 9 40 32 10 38 19 45 35 47 41 48 46 12 28 14 49 24 13 2 30 16 29 17 4 23 3 34 39 1 5 50 22 8 15 21 31 37 42 11 33 18 7 26 25 20 6 43 27 44 36 
student 368: 11 42 34 19 37 23 47 32 46 39 48 44 10 25 13 50 20 14 3 30 21 29 16 4 24 2 33 41 1 7 49 15 8 12 18 31 36 40 6 38 22 9 27 28 17 5 43 26 45 35 
student 369: 4 43 31 19 36 21 47 37 46 40 45 44 14 24 12 49 20 13 1 29 18 30 16 6 22 2 32 39 3 5 50 17 9 8 23 35 33 41 10 34 15 11 25 28 26 7 42 27 48 38 
student 370: 4 39 34 18 37 20 49 35 43 41 47 42 16 23 17 48 25 10 6 27 21 30 13 2 22 3 33 45 1 8 50 14 7 11 26 29 32 44 12 36 19 9 28 31 15 5 40 24 46 38 
student 371: 9 40 31 17 36 20 48 37 46 44 47 43 14 24 15 50 22 12 2 32 18 27 11 4 23 3 35 38 1 5 49 16 6 10 29 30 33 42 8 39 19 13 26 25 21 7 41 28 45 34 
student 372: 12 40 33 14 39 18 48 34 42 43 46 45 13 25 15 50 27 10 6 29 19 26 22 2 20 1 32 38 7 3 49 16 5 4 21 31 37 41 9 36 17 11 23 30 24 8 44 28 47 35 
student 373: 10 38 29 17 39 19 49 36 43 40 47 42 12 23 14 50 20 13 1 33 25 27 18 6 21 3 28 46 2 4 48 15 7 8 24 26 35 41 9 37 16 11 30 31 22 5 44 32 45 34 
student 374: 1 39 36 14 34 18 48 32 47 41 46 42 16 24 15 49 23 12 6 26 19 31 17 2 20 5 33 44 4 3 50 21 8 10 25 30 35 40 11 37 13 9 27 29 22 7 45 28 43 38 
student 375: 9 40 34 13 37 20 47 35 50 41 43 46 16 24 14 49 23 12 3 26 19 29 15 5 21 4 32 33 1 7 44 17 8 2 28 31 36 48 11 39 18 6 25 30 22 10 45 27 38 42 
student 376: 7 41 33 13 40 19 49 32 47 42 48 38 9 23 16 44 26 15 2 29 21 31 18 5 22 3 30 36 1 4 50 14 6 8 25 34 35 43 11 45 17 12 24 28 20 10 39 27 46 37 
student 377: 7 40 35 13 37 21 43 31 42 41 48 47 14 22 10 49 24 15 2 29 16 30 18 3 23 4 34 39 1 5 50 17 6 9 28 32 33 44 11 38 19 12 25 27 20 8 45 26 46 36 
student 378: 7 47 27 15 42 17 45 34 36 41 48 43 13 25 14 49 23 12 2 29 21 31 18 5 20 4 33 40 1 3 50 16 8 6 24 30 37 38 9 35 19 11 28 26 22 10 44 32 46 39 
student 379: 8 40 39 17 37 22 49 35 46 41 48 43 15 21 12 50 23 14 7 29 19 28 20 6 25 1 30 38 2 3 47 11 5 9 26 34 32 42 13 33 16 10 24 31 18 4 44 27 45 36 
student 380: 10 41 33 14 36 20 49 34 48 37 47 43 9 24 15 50 25 8 3 27 22 31 13 5 21 2 26 38 1 4 45 18 7 12 23 32 42 39 11 35 19 16 28 29 17 6 44 30 46 40 
student 381: 8 40 35 16 37 22 50 32 45 42 46 43 9 21 15 47 24 13 5 29 19 26 14 2 23 12 34 38 1 6 49 17 3 7 27 30 39 41 10 36 18 11 31 28 20 4 44 25 48 33 
student 382: 7 43 33 17 38 18 48 34 47 39 46 42 11 23 14 49 25 13 2 28 21 31 15 8 20 3 30 41 1 5 50 19 6 12 22 29 35 40 9 36 16 10 26 32 24 4 44 27 45 37 
student 383: 9 38 25 12 39 20 45 34 46 40 48 43 14 24 16 50 23 10 2 28 17 30 15 5 19 3 33 47 1 4 49 18 6 8 29 32 37 41 11 36 21 13 26 31 22 7 42 27 44 35 
student 384: 8 43 34 14 36 21 46 30 49 38 45 41 11 23 18 48 22 13 1 26 15 31 19 4 24 3 33 39 2 5 50 9 7 10 25 32 35 40 12 42 20 17 27 29 16 6 47 28 44 37 
student 385: 6 38 34 17 36 21 47 35 48 41 45 39 10 24 13 50 18 14 2 31 23 29 19 4 22 3 33 40 1 8 49 15 7 9 25 27 37 43 12 42 20 11 30 28 16 5 44 26 46 32 
student 386: 7 45 38 15 37 19 50 34 47 41 46 42 11 20 14 49 23 8 3 29 21 31 16 4 26 2 33 39 1 5 48 17 9 12 24 32 27 40 10 36 18 13 25 30 22 6 43 28 44 35 
student 387: 7 43 31 14 33 21 45 39 47 41 48 40 15 23 13 49 25 11 2 32 19 35 16 4 24 3 30 36 1 5 50 17 6 9 26 29 34 42 12 37 18 10 28 27 22 8 46 20 44 38 
student 388: 7 37 36 18 44 17 50 34 48 39 49 40 11 26 13 47 23 12 2 29 19 30 15 3 21 4 32 46 1 6 45 16 8 10 20 31 35 43 9 33 22 14 27 25 28 5 41 24 42 38 
student 389: 5 42 33 14 38 17 48 35 46 43 47 44 11 24 16 50 23 15 2 31 19 30 20 7 22 3 32 39 1 4 49 18 10 6 25 28 36 40 12 34 13 9 27 29 21 8 45 26 41 37 
student 390: 9 42 34 19 36 23 47 44 49 39 45 41 13 25 12 50 27 14 4 33 22 26 18 2 20 8 29 37 1 3 48 15 6 5 21 31 32 43 10 35 16 11 24 28 17 7 40 30 46 38 
student 391: 7 41 35 14 38 19 47 33 44 48 45 42 12 26 15 49 21 11 2 32 17 23 16 6 24 5 31 39 1 3 50 18 4 8 29 28 36 40 10 34 22 9 30 27 20 13 43 25 46 37 
student 392: 10 39 34 14 36 16 46 35 47 44 48 40 13 23 18 45 22 11 4 30 21 32 17 1 24 3 31 38 2 7 50 15 6 8 25 29 33 49 9 41 19 12 27 28 20 5 42 26 43 37 
student 393: 10 32 31 17 46 20 48 35 45 41 47 42 8 26 15 50 23 14 5 30 21 34 16 3 22 1 27 38 2 4 49 13 11 7 28 37 33 40 9 36 18 12 25 29 19 6 43 24 44 39 
student 394: 8 40 32 17 41 23 46 34 49 42 48 37 12 24 13 50 28 14 4 29 19 31 16 6 21 2 33 39 1 3 47 15 7 9 26 30 35 43 10 36 18 11 25 27 22 5 44 20 45 38 
student 395: 7 41 33 13 39 20 45 35 48 40 47 43 11 27 15 50 23 14 3 30 17 28 18 1 21 4 32 38 5 2 49 19 6 10 26 31 36 44 8 34 16 12 25 29 22 9 42 24 46 37 
student 396: 12 39 35 13 38 16 48 34 44 41 47 43 14 25 8 50 22 17 4 31 19 27 15 5 20 3 32 40 6 2 49 21 11 7 23 30 33 42 10 36 18 9 26 29 24 1 46 28 45 37 
student 397: 8 40 38 15 33 18 48 31 45 39 46 41 12 22 14 50 26 13 4 25 20 32 17 3 19 2 34 43 1 5 49 16 7 10 27 30 35 44 9 36 21 11 24 29 23 6 47 28 42 37 
student 398: 7 40 34 12 36 17 47 35 49 42 41 45 8 24 15 50 23 13 4 29 20 32 16 9 19 3 31 37 1 11 46 18 6 5 25 30 33 43 10 38 21 14 26 28 22 2 44 27 48 39 
student 399: 8 42 31 13 38 19 48 33 47 39 46 43 12 24 15 49 22 14 1 32 17 28 16 2 23 3 34 41 6 5 50 18 4 10 25 29 36 40 9 37 20 11 27 30 21 7 45 26 44 35 
student 400: 9 38 29 15 39 21 47 35 49 42 45 43 11 24 14 48 22 12 5 32 18 34 17 1 20 2 33 40 3 7 50 16 6 13 23 30 36 41 8 31 19 10 25 27 26 4 44 28 46 37 
student 401: 6 42 34 10 39 20 47 30 48 43 44 38 13 25 15 49 24 12 1 33 17 31 16 4 21 3 29 40 2 5 50 19 14 9 26 32 36 41 7 35 18 11 27 28 22 8 45 23 46 37 
student 402: 6 41 35 13 43 20 48 33 45 38 46 40 9 22 18 49 26 14 3 28 16 31 17 4 24 2 29 37 1 5 47 19 7 8 23 32 34 42 10 36 12 11 25 30 21 15 44 27 50 39 
student 403: 7 34 33 14 40 22 49 36 48 42 45 46 9 24 13 50 23 12 2 30 18 29 15 4 21 6 31 41 1 3 47 19 8 10 26 32 35 43 11 37 16 17 25 28 20 5 44 27 39 38 
student 404: 7 44 37 12 36 17 46 35 49 41 39 48 11 25 14 50 24 13 2 28 21 32 16 3 22 5 30 38 1 6 47 18 8 9 20 29 31 34 15 42 23 10 26 27 19 4 43 33 45 40 
student 405: 8 41 33 16 38 15 49 34 43 42 48 45 12 27 13 50 23 14 1 30 20 29 17 4 21 6 31 37 2 3 47 19 10 9 26 32 40 39 7 35 18 11 28 24 22 5 44 25 46 36 
student 406: 4 34 32 14 39 20 49 35 46 41 47 42 16 21 12 50 26 8 6 22 19 30 13 3 25 1 36 43 2 5 48 18 9 11 24 31 38 40 15 33 17 10 27 29 23 7 44 28 45 37 
student 407: 6 37 29 17 40 18 45 34 46 38 47 42 12 26 11 50 25 13 3 28 20 33 15 2 23 4 32 43 1 5 48 22 10 9 30 31 39 44 14 35 16 7 19 24 21 8 49 27 41 36 
student 408: 9 41 34 17 39 15 45 31 43 44 47 46 11 24 16 50 21 12 3 30 22 32 14 2 20 5 36 38 1 6 49 19 7 10 26 25 33 42 8 35 18 13 27 28 23 4 48 29 40 37 
student 409: 7 39 33 13 42 20 46 32 44 41 48 47 10 23 15 45 25 12 1 29 19 30 16 9 22 3 34 38 2 5 50 17 4 11 24 31 36 40 8 35 18 14 27 28 21 6 43 26 49 37 
student 410: 6 39 31 15 37 22 45 38 48 40 49 47 13 25 14 46 23 17 1 30 19 28 16 3 21 4 27 41 2 5 50 18 7 9 24 35 32 44 10 36 12 11 26 33 20 8 42 29 43 34 
student 411: 10 41 32 13 37 19 49 38 47 39 44 45 14 25 15 50 24 11 4 33 17 31 21 3 23 2 30 43 1 7 48 16 6 8 28 26 34 36 9 40 20 12 27 29 18 5 42 22 46 35 
student 412: 10 39 33 16 40 19 50 35 44 43 45 48 15 25 13 49 21 12 2 28 26 31 14 5 18 3 34 37 1 4 47 17 8 9 22 29 36 42 11 32 23 6 27 30 20 7 46 24 41 38 
student 413: 6 38 28 12 35 20 48 33 45 41 47 46 13 26 14 50 24 17 4 25 19 32 16 3 21 5 40 39 2 1 49 23 11 7 22 31 37 43 9 34 15 10 30 29 18 8 42 27 44 36 
student 414: 11 42 31 14 37 19 49 35 45 44 48 41 9 22 13 50 25 16 2 29 21 27 15 3 24 4 34 40 1 5 47 18 8 7 23 33 32 43 10 36 17 12 26 30 20 6 39 28 46 38 
student 415: 5 40 35 16 39 18 49 37 45 41 48 43 11 25 12 50 23 14 2 28 21 34 15 3 19 6 31 32 1 4 47 17 7 9 22 26 33 42 10 38 20 13 29 27 24 8 46 30 44 36 
student 416: 7 41 35 13 47 21 46 33 44 37 48 43 11 23 15 50 25 14 2 28 19 30 16 3 20 5 31 36 1 4 49 17 6 9 26 29 38 42 8 34 18 12 27 24 22 10 40 32 45 39 
student 417: 5 42 32 11 37 20 48 34 49 39 45 44 13 25 16 50 23 15 1 30 17 33 18 4 22 2 31 38 3 7 47 19 8 9 24 29 36 43 10 35 14 12 27 28 21 6 41 26 46 40 
student 418: 9 45 34 16 36 20 46 37 44 39 50 49 12 25 14 48 22 15 2 28 26 31 13 3 23 5 30 42 1 6 47 17 7 10 27 32 38 40 11 33 19 8 29 24 21 4 43 18 41 35 
student 419: 4 39 31 17 36 24 46 32 49 41 47 44 12 33 15 48 25 14 5 26 20 28 13 3 27 2 38 40 1 6 50 16 8 9 21 30 37 42 10 35 18 11 22 29 19 7 45 23 43 34 
student 420: 8 41 37 16 39 20 50 38 46 44 48 42 9 24 11 49 23 15 1 27 19 30 14 6 22 3 29 36 2 4 47 17 7 10 25 32 34 40 12 35 18 13 31 28 21 5 43 26 45 33 
student 421: 7 41 35 18 36 19 48 33 46 38 47 39 11 28 15 50 20 10 2 29 21 31 14 5 23 4 34 42 1 3 49 17 8 13 24 30 32 44 9 40 16 12 26 25 22 6 43 27 45 37 
student 422: 8 44 33 15 36 18 48 34 46 41 49 40 9 21 14 50 23 11 1 32 22 30 16 5 20 3 31 43 2 6 47 17 7 10 26 29 38 45 12 35 19 13 25 28 24 4 39 27 42 37 
student 423: 13 41 35 18 36 20 47 33 43 44 48 42 11 19 17 50 21 15 2 26 16 30 12 4 23 3 32 37 1 5 49 14 10 8 25 31 38 39 9 34 22 6 27 29 24 7 46 28 45 40 
student 424: 4 37 33 17 38 20 46 34 49 40 47 44 15 23 16 50 22 14 3 26 19 31 13 9 24 2 30 36 1 7 43 11 6 10 25 32 39 42 5 41 18 12 27 28 21 8 45 29 48 35 
student 425: 1 40 29 14 37 20 47 33 46 43 45 44 13 25 15 50 23 11 2 31 18 30 16 6 22 5 34 38 3 4 49 17 8 10 26 32 35 41 9 39 19 12 24 28 21 7 48 27 42 36 
student 426: 9 42 31 13 36 21 46 34 47 40 48 39 11 24 15 49 22 14 4 32 18 30 16 5 19 6 33 37 1 2 50 17 8 10 20 28 38 43 7 41 26 12 25 29 23 3 44 27 45 35 
student 427: 8 40 35 19 39 16 44 33 50 46 42 43 10 24 17 48 20 13 1 27 18 32 14 5 22 2 31 36 4 3 47 15 7 11 25 30 34 41 12 37 23 9 26 28 21 6 45 29 49 38 
student 428: 7 43 36 16 40 21 45 33 44 41 48 42 9 24 11 49 22 14 2 31 18 26 20 1 23 4 32 35 3 5 50 15 10 12 25 30 34 38 13 37 17 8 27 28 19 6 46 29 47 39 
student 429: 9 44 34 15 39 21 49 32 47 48 43 46 10 22 13 50 19 16 3 28 23 31 14 7 18 4 33 42 1 5 41 20 11 8 24 30 38 40 12 36 17 2 26 27 25 6 45 29 35 37 
student 430: 8 39 32 15 38 21 47 33 41 43 48 40 11 23 14 50 20 12 5 37 19 28 17 7 22 2 30 42 1 3 49 16 13 6 26 31 34 44 9 35 18 10 25 27 24 4 45 29 46 36 
student 431: 8 37 33 15 39 22 48 34 45 40 44 43 14 26 13 50 24 10 1 32 20 28 16 4 21 3 29 42 2 7 49 17 6 5 27 31 35 38 12 41 18 11 23 30 19 9 46 25 47 36 
student 432: 11 42 35 13 40 21 47 34 45 41 48 43 14 24 17 50 23 10 4 28 20 32 18 5 22 1 30 36 3 2 49 19 9 6 25 31 37 39 12 33 15 8 27 26 16 7 44 29 46 38 
student 433: 9 43 33 15 40 18 50 34 41 39 47 45 14 25 12 49 24 13 3 23 21 31 16 2 22 5 28 36 1 7 48 19 6 8 27 30 35 42 10 37 17 11 32 26 20 4 44 29 46 38 
student 434: 10 41 34 14 38 15 49 39 46 40 47 43 11 24 18 50 23 13 2 30 20 31 16 5 22 4 32 36 1 7 48 17 6 3 25 29 35 42 9 33 19 12 26 28 21 8 44 27 45 37 
student 435: 7 41 30 15 36 22 50 35 47 43 46 44 12 24 16 42 21 14 4 34 17 33 11 8 23 5 29 38 1 2 49 19 3 9 25 28 31 39 13 37 20 10 32 26 18 6 45 27 48 40 
student 436: 5 41 32 16 38 20 49 34 48 40 47 44 17 28 18 46 22 12 6 26 15 30 13 4 23 3 33 37 2 1 50 19 7 10 24 31 36 43 8 35 14 11 29 27 21 9 42 25 45 39 
student 437: 10 42 34 8 37 22 50 35 44 39 45 43 12 23 14 49 27 13 3 30 19 32 16 4 24 2 33 40 1 5 48 18 7 9 17 31 36 41 11 29 20 15 21 28 26 6 47 25 46 38 
student 438: 9 41 32 19 38 17 49 34 47 43 48 42 8 23 15 50 22 13 4 26 14 28 21 2 27 6 30 40 1 5 45 20 7 11 24 31 35 39 10 36 16 12 25 33 18 3 46 29 44 37 
student 439: 6 37 30 13 38 21 47 34 45 41 46 44 11 23 15 50 20 9 1 27 25 28 17 4 24 3 35 43 2 12 49 16 5 7 22 29 33 42 10 40 18 14 31 26 19 8 39 32 48 36 
student 440: 11 39 35 15 40 20 50 32 46 37 47 43 14 23 13 48 25 9 1 26 18 30 16 6 22 4 33 41 2 3 49 17 8 10 24 31 34 42 12 36 19 5 28 29 21 7 44 27 45 38 
student 441: 6 38 35 10 37 19 48 32 47 44 46 42 14 24 15 50 23 13 3 27 18 31 16 5 20 4 33 39 1 2 49 17 8 11 26 30 40 41 9 36 21 12 25 29 22 7 43 28 45 34 
student 442: 8 41 34 16 37 24 50 36 47 40 49 42 11 23 13 48 21 14 3 27 18 32 15 2 20 6 30 44 1 5 45 17 4 9 28 31 33 43 10 35 19 12 25 26 22 7 46 29 38 39 
student 443: 4 44 34 16 35 23 47 33 45 38 48 42 13 24 15 50 26 8 2 27 19 30 14 5 21 3 32 37 1 6 49 17 9 11 22 31 36 43 10 40 18 12 29 28 20 7 41 25 46 39 
student 444: 12 40 34 17 39 20 46 35 47 42 44 43 14 26 15 50 23 16 1 29 18 30 13 5 22 2 31 33 4 6 49 10 3 9 24 32 36 41 7 37 19 11 27 25 21 8 45 28 48 38 
student 445: 11 42 33 15 36 18 49 34 45 39 48 41 12 25 14 46 22 9 1 27 21 30 19 4 20 3 32 38 2 7 50 16 5 6 24 31 35 47 8 37 17 13 26 29 23 10 44 28 43 40 
student 446: 8 41 34 17 39 19 48 38 45 42 47 40 12 32 15 46 23 14 2 29 16 28 13 4 22 3 33 36 1 7 50 18 6 5 24 31 35 43 11 30 20 10 25 27 21 9 44 26 49 37 
student 447: 5 40 33 13 37 18 42 32 49 41 46 43 16 25 21 50 22 11 2 29 17 31 12 3 20 4 34 39 1 6 48 19 8 9 28 30 38 45 10 36 15 14 26 27 23 7 47 24 44 35 
student 448: 9 39 32 14 33 24 49 35 47 40 48 44 13 22 16 50 17 11 4 26 21 34 20 1 25 2 29 38 5 3 46 15 8 7 27 31 36 37 12 41 18 10 28 30 23 6 43 19 45 42 
student 449: 6 37 33 16 39 21 49 36 47 42 46 44 12 26 13 48 25 10 2 27 19 31 15 1 22 4 32 40 9 8 50 17 7 14 28 30 34 43 5 38 18 11 24 23 20 3 45 29 41 35 
student 450: 11 38 36 14 37 24 50 31 46 41 47 43 12 20 16 49 21 7 3 32 18 30 17 9 23 6 29 39 1 2 48 19 4 8 27 34 33 42 10 40 15 13 28 22 25 5 45 26 44 35 
student 451: 9 43 36 12 39 20 46 32 50 40 45 42 15 24 16 49 23 11 1 33 18 29 14 3 22 5 31 37 2 6 47 17 7 8 25 30 38 41 10 34 19 13 27 28 21 4 44 26 48 35 
student 452: 9 40 33 15 38 21 46 35 49 41 48 44 13 25 14 50 19 12 3 29 22 31 16 4 20 2 32 39 1 5 47 17 6 11 23 27 34 43 7 36 18 10 28 30 24 8 45 26 42 37 
student 453: 7 41 32 13 40 23 45 28 48 39 47 43 15 27 11 50 21 14 2 33 19 22 17 4 20 5 31 38 1 3 49 16 8 10 29 34 36 42 12 37 18 9 30 26 25 6 44 24 46 35 
student 454: 6 41 34 14 35 21 49 33 47 40 46 42 10 26 15 50 23 13 2 28 19 31 16 7 24 5 32 39 1 3 48 17 8 9 20 30 36 45 11 37 18 12 29 27 22 4 44 25 43 38 
student 455: 10 42 33 17 40 21 50 34 47 41 49 44 15 22 16 48 23 13 3 31 19 29 12 2 20 4 30 39 1 9 46 14 6 7 26 32 35 43 11 36 18 8 24 28 25 5 37 27 45 38 
student 456: 14 43 34 16 39 22 49 32 47 37 42 44 15 21 12 50 24 11 1 28 18 30 17 2 23 5 31 45 3 4 48 19 10 7 25 33 35 41 8 36 13 9 27 29 20 6 46 26 38 40 
student 457: 9 42 33 16 40 20 46 32 47 39 50 45 10 24 11 48 23 12 1 29 18 30 15 7 22 2 34 38 3 4 49 17 6 8 25 31 35 41 13 36 21 14 27 28 19 5 43 26 44 37 
student 458: 2 41 32 13 37 20 43 35 48 39 42 45 12 24 15 50 25 16 3 33 18 28 14 5 27 4 31 40 1 7 49 17 6 10 26 29 34 44 11 36 19 9 22 23 21 8 46 30 47 38 
student 459: 13 45 32 16 36 20 50 35 47 40 48 39 7 24 15 49 26 14 3 27 19 29 10 4 23 1 33 34 2 9 46 17 11 6 22 30 37 43 5 38 18 12 25 28 21 8 44 31 41 42 
student 460: 7 42 33 13 36 21 49 32 47 40 46 45 14 24 15 48 22 11 5 29 18 31 17 6 23 2 30 39 1 4 50 16 9 8 25 35 37 43 10 38 19 12 27 26 20 3 41 28 44 34 
student 461: 11 40 34 14 38 20 45 35 44 41 46 43 10 28 8 49 22 13 4 31 21 27 16 2 18 5 32 39 1 7 48 19 9 15 25 29 33 42 6 37 17 12 24 26 23 3 47 30 50 36 
student 462: 10 39 28 23 31 17 46 36 48 40 47 41 9 25 18 50 24 12 2 33 16 29 19 1 21 6 34 44 4 3 49 14 8 5 20 32 35 43 13 38 15 11 27 30 22 7 42 26 45 37 
student 463: 6 40 35 12 36 20 47 33 46 41 50 43 14 25 13 49 21 22 2 31 19 29 15 3 26 1 30 38 4 8 48 16 10 9 23 32 34 42 7 37 17 11 27 28 18 5 45 24 44 39 
student 464: 6 39 29 15 41 20 48 34 46 43 47 40 14 21 11 50 24 13 5 31 18 32 16 2 23 7 33 42 1 3 49 17 10 12 25 27 38 37 8 35 19 9 30 28 22 4 45 26 44 36 
student 465: 6 43 30 20 35 18 48 31 50 42 49 41 14 25 15 47 23 12 2 29 19 33 17 3 21 4 36 37 1 5 44 22 8 11 28 27 38 40 10 34 13 9 32 26 16 7 45 24 46 39 
student 466: 6 36 34 15 39 22 47 33 46 44 49 42 11 25 14 50 23 12 4 31 19 28 17 2 21 3 29 40 1 7 48 18 8 9 24 32 37 41 10 35 16 13 26 30 20 5 43 27 45 38 
student 467: 11 42 33 15 36 20 48 32 46 39 47 43 12 23 13 50 24 14 3 28 19 29 16 4 26 1 30 41 2 8 49 18 9 7 22 35 37 40 6 38 17 10 31 25 21 5 44 27 45 34 
student 468: 9 38 35 17 41 20 46 32 50 40 47 45 8 24 14 48 22 13 5 26 15 34 18 2 23 3 31 39 1 4 49 19 6 7 28 30 33 44 10 36 16 12 25 29 21 11 42 27 43 37 
student 469: 8 40 30 15 41 22 49 33 47 37 48 43 11 23 10 45 26 18 3 32 20 35 13 1 21 5 31 39 2 4 50 19 12 6 24 27 36 42 7 34 17 14 25 28 16 9 46 29 44 38 
student 470: 11 40 34 14 30 18 46 33 48 43 45 42 13 23 16 50 25 12 1 29 20 31 19 6 22 2 32 39 3 7 49 17 5 8 24 35 36 41 10 37 15 9 27 28 21 4 47 26 44 38 
student 471: 7 40 31 18 37 19 48 32 47 41 44 42 15 26 12 49 22 14 1 28 17 33 13 4 25 2 36 39 3 5 50 20 9 8 29 30 34 43 10 38 16 11 23 24 21 6 45 27 46 35 
student 472: 5 43 32 15 40 19 49 35 44 37 50 47 12 24 20 48 23 13 2 33 16 28 14 4 22 3 31 41 1 6 46 18 7 10 29 30 34 42 11 39 21 9 25 27 17 8 38 26 45 36 
student 473: 7 40 30 16 36 20 44 32 45 47 50 43 11 25 14 49 22 12 3 33 19 37 15 2 24 5 31 41 1 4 46 17 10 9 23 29 34 42 13 35 18 8 27 28 21 6 39 26 48 38 
student 474: 7 40 30 14 39 18 49 34 45 42 47 41 10 26 13 48 24 17 2 31 19 33 15 5 22 4 27 37 1 6 50 16 8 9 25 36 35 43 11 32 21 12 20 29 23 3 44 28 46 38 
student 475: 8 40 31 16 38 20 49 36 43 46 47 42 12 27 14 48 21 13 1 29 18 32 17 2 24 6 33 34 4 7 50 15 3 9 23 30 35 41 11 37 22 10 25 28 19 5 45 26 44 39 
student 476: 8 41 33 16 40 25 48 32 45 38 44 42 11 26 12 50 21 14 5 27 18 29 17 3 23 2 31 39 1 6 47 15 7 10 20 30 34 49 13 37 22 9 24 28 19 4 46 35 43 36 
student 477: 8 38 32 16 37 22 44 34 41 40 48 42 19 24 12 50 26 11 5 28 18 31 14 2 20 3 30 43 7 6 49 17 4 9 23 36 35 47 10 39 21 13 25 29 15 1 46 27 45 33 
student 478: 8 44 33 12 39 18 47 34 45 40 48 38 11 27 17 50 25 13 3 24 21 32 16 6 23 2 31 42 1 9 49 15 5 4 26 30 37 41 14 36 22 10 20 28 19 7 43 29 46 35 
student 479: 8 44 39 20 37 16 49 31 42 38 45 43 11 24 17 48 22 13 1 35 19 27 12 2 23 6 30 40 3 5 50 15 7 9 28 29 36 41 14 32 18 10 26 25 21 4 46 33 47 34 
student 480: 9 41 32 17 38 14 50 35 48 40 49 43 13 27 15 45 24 12 1 31 21 28 16 4 23 3 29 39 2 6 46 18 8 7 22 33 37 42 10 34 19 11 25 30 20 5 44 26 47 36 
student 481: 10 42 34 15 38 20 43 33 45 44 50 39 13 25 14 49 23 9 3 29 19 32 16 6 22 2 31 41 1 5 47 18 8 7 24 30 36 46 11 35 17 12 26 27 21 4 40 28 48 37 
student 482: 10 40 28 14 36 24 44 32 47 41 45 42 13 22 15 50 23 12 3 34 18 30 16 5 21 2 31 38 1 4 49 17 7 9 26 33 37 48 8 35 20 11 25 29 19 6 46 27 43 39 
student 483: 9 42 37 14 36 20 45 29 49 43 47 41 13 26 15 48 25 10 2 32 19 33 18 4 22 5 31 39 1 3 50 16 8 11 23 30 35 40 6 38 17 12 28 27 21 7 46 24 44 34 
student 484: 8 42 34 15 43 24 48 35 50 39 45 46 13 21 20 49 26 12 2 29 18 30 16 6 17 3 33 38 1 4 47 22 7 9 23 32 31 40 10 36 14 11 25 28 19 5 41 27 44 37 
student 485: 5 39 32 17 37 18 47 30 48 41 46 44 11 26 12 50 27 15 4 29 19 34 14 2 23 1 31 40 3 6 49 16 9 8 21 35 38 43 10 33 24 13 22 28 20 7 42 25 45 36 
student 486: 11 41 34 19 39 17 50 32 48 35 43 44 10 24 15 46 23 13 2 29 14 33 16 5 22 3 30 40 1 7 49 18 8 12 26 28 38 42 4 37 20 9 25 27 21 6 45 31 47 36 
student 487: 9 41 31 15 40 20 46 33 48 42 45 47 13 25 17 50 24 14 2 29 16 28 12 10 23 5 32 38 1 6 49 18 4 8 22 34 35 43 7 36 19 11 26 30 21 3 44 27 39 37 
student 488: 7 40 33 15 36 22 45 35 49 41 50 43 13 26 14 47 18 9 2 29 20 30 16 3 24 5 34 37 1 4 46 19 8 11 21 31 38 42 12 32 17 10 27 28 23 6 44 25 48 39 
student 489: 7 40 29 14 37 24 47 33 48 41 45 43 12 25 17 50 20 15 5 23 19 30 18 6 22 2 34 39 1 4 49 16 8 9 26 32 35 42 10 36 13 11 31 27 21 3 46 28 44 38 
student 490: 10 39 30 13 37 20 48 41 46 38 47 42 7 25 11 49 23 12 2 31 17 27 19 8 22 3 33 45 1 4 50 15 6 9 26 29 34 40 16 35 18 14 24 32 21 5 44 28 43 36 
student 491: 4 41 38 18 37 20 48 34 43 40 47 42 6 23 14 49 24 13 1 29 22 25 15 8 19 5 32 45 3 2 50 16 9 12 26 31 33 39 10 35 17 11 27 30 21 7 44 28 46 36 
student 492: 7 41 32 15 37 25 49 34 48 42 39 44 11 23 18 50 16 14 1 30 17 31 20 3 24 4 35 40 2 5 46 13 6 10 28 27 33 43 12 36 19 8 22 26 21 9 45 29 47 38 
student 493: 7 42 33 12 38 21 49 35 47 41 46 44 20 24 13 48 17 15 1 26 19 31 14 2 25 4 30 37 3 6 50 16 5 10 23 28 36 39 9 40 18 11 27 32 22 8 43 29 45 34 
student 494: 7 44 26 12 35 19 48 40 47 38 45 42 11 24 18 49 29 15 2 21 17 33 16 4 23 3 30 36 1 5 50 20 8 9 27 32 37 41 10 39 13 14 28 25 22 6 43 31 46 34 
student 495: 9 41 37 22 39 27 46 34 49 40 45 43 10 20 13 48 21 15 3 30 18 25 14 8 23 1 31 38 4 5 50 16 6 11 24 32 33 42 12 35 17 7 28 29 19 2 47 26 44 36 
student 496: 7 38 32 15 37 18 48 34 47 44 46 43 10 22 14 50 23 11 3 28 19 33 17 4 26 6 29 40 2 9 49 16 1 5 24 31 39 41 8 35 20 13 27 30 21 12 42 25 45 36 
student 497: 7 41 39 14 38 17 45 35 48 42 47 43 18 23 12 50 22 13 2 28 19 32 16 6 25 3 33 37 1 4 49 24 5 10 21 30 29 40 8 34 15 11 26 31 20 9 44 27 46 36 
student 498: 8 41 32 13 35 22 50 36 45 40 46 43 14 25 10 49 21 15 4 29 20 31 16 3 23 1 33 39 2 5 48 17 9 11 24 27 34 42 12 38 18 6 26 30 19 7 44 28 47 37 
student 499: 9 40 38 8 39 20 47 35 50 41 46 43 12 23 16 49 25 14 3 28 17 31 18 1 22 5 30 37 2 6 48 15 4 10 24 34 36 42 11 33 26 13 21 27 19 7 44 29 45 32 
