student 0: 27 47 5 10 49 41 42 25 13 26 8 16 40 31 38 50 21 22 6 46 45 19 44 39 3 2 17 48 18 30 12 29 24 33 43 1 37 14 7 11 34 28 35 20 9 32 4 15 36 23 
student 1: 27 49 4 7 50 43 41 25 13 28 10 15 36 33 39 45 20 17 11 48 44 16 42 29 2 3 19 47 21 31 14 30 24 37 46 1 40 18 5 9 38 26 35 22 8 34 6 12 32 23 
student 2: 29 50 2 6 47 42 38 27 12 28 10 14 35 30 44 49 22 17 11 48 46 16 41 33 1 5 20 45 19 26 13 31 18 37 43 3 39 21 9 7 36 25 32 24 8 34 4 15 40 23 
student 3: 29 48 4 9 50 43 41 22 19 27 10 17 38 25 40 49 21 15 12 45 42 11 44 35 2 14 18 46 23 31 7 32 24 36 47 1 37 26 6 8 33 28 34 20 5 30 3 13 39 16 
student 4: 28 47 7 11 44 43 40 27 12 26 8 15 36 30 42 50 25 17 13 49 45 16 41 35 1 3 24 48 19 31 9 29 20 39 46 2 38 18 5 10 34 23 33 21 6 32 4 14 37 22 
student 5: 28 49 6 10 50 39 41 24 14 25 9 15 36 32 43 46 23 16 12 48 47 17 42 35 3 4 22 45 18 31 11 30 26 38 44 1 40 19 2 8 34 27 29 20 5 33 7 13 37 21 
student 6: 21 48 5 10 50 39 38 29 7 24 11 16 44 26 42 49 23 17 8 45 46 13 41 34 4 2 20 47 19 28 15 31 30 36 43 1 37 18 9 12 40 27 35 22 6 32 3 14 33 25 
student 7: 27 50 4 9 49 40 41 22 12 26 11 10 36 32 38 46 23 19 13 48 42 16 43 34 2 3 20 47 18 33 15 28 25 37 45 1 39 17 8 5 35 30 31 21 6 29 7 14 44 24 
student 8: 29 50 2 13 49 48 40 25 12 27 10 16 37 33 38 47 23 18 9 46 45 15 41 35 1 5 21 44 19 28 14 31 24 36 43 4 42 17 3 8 34 26 30 22 7 32 6 11 39 20 
student 9: 29 48 2 7 49 40 39 25 11 27 14 16 36 32 42 50 19 18 9 47 45 15 44 33 1 5 21 46 20 26 12 30 28 37 43 3 41 17 8 10 34 23 31 22 4 35 6 13 38 24 
student 10: 29 50 5 18 48 44 39 26 11 24 8 15 37 31 41 45 25 17 9 47 49 14 42 34 2 4 20 46 19 27 10 28 23 36 43 1 38 16 12 7 35 32 33 21 6 30 3 13 40 22 
student 11: 31 50 4 8 46 39 41 25 16 28 10 17 35 32 44 49 23 14 12 47 45 13 42 34 7 1 20 48 19 27 15 29 24 37 43 2 40 18 5 9 36 26 30 21 6 33 3 11 38 22 
student 12: 30 49 4 9 50 44 36 23 12 24 11 15 35 34 41 48 22 20 10 45 42 16 43 38 2 5 19 47 17 28 14 27 29 33 46 1 37 18 6 8 39 26 32 21 3 31 7 13 40 25 
student 13: 27 50 7 10 44 47 43 24 13 25 12 17 35 32 41 49 23 22 5 48 45 15 40 31 2 4 20 46 16 29 11 34 26 36 42 1 39 18 9 8 38 28 33 21 6 30 3 14 37 19 
student 14: 27 48 1 11 49 39 43 24 12 29 7 17 35 30 44 50 23 16 13 42 46 15 41 34 9 3 22 45 18 28 10 31 21 37 47 6 40 19 5 8 36 26 33 20 4 32 2 14 38 25 
student 15: 28 50 6 11 48 45 41 23 10 26 8 15 38 33 42 49 21 18 9 43 46 16 39 36 2 3 17 47 19 30 12 29 25 34 44 1 40 20 4 5 31 27 32 22 13 35 7 14 37 24 
student 16: 26 50 4 12 49 42 38 28 11 27 8 16 36 32 39 48 24 17 13 46 43 15 45 35 1 3 18 47 21 30 10 29 22 37 44 2 40 20 6 9 34 25 33 19 5 31 7 14 41 23 
student 17: 30 49 8 11 47 43 41 25 10 26 9 16 35 33 40 46 22 18 13 50 48 15 44 34 2 3 17 45 20 28 14 29 27 38 42 1 39 19 7 6 36 24 32 21 5 31 4 12 37 23 
student 18: 27 45 5 7 49 43 40 25 10 32 16 15 35 30 46 48 23 17 14 47 50 13 42 34 1 4 19 39 20 33 8 29 26 37 44 2 41 18 3 12 36 24 28 22 11 31 6 9 38 21 
student 19: 25 50 6 9 49 42 43 27 12 26 8 21 38 34 41 46 23 16 11 48 44 17 39 36 2 3 15 47 19 30 13 28 31 32 45 1 40 18 4 10 35 24 29 20 7 33 5 14 37 22 
student 20: 27 49 6 14 45 42 43 23 11 28 3 15 37 31 35 48 20 25 9 46 44 17 41 30 2 4 18 50 19 32 12 29 26 39 47 1 40 16 8 10 34 24 33 21 7 36 5 13 38 22 
student 21: 27 49 3 13 50 42 34 22 11 30 10 17 35 31 43 47 21 19 9 48 45 16 41 36 2 6 20 46 18 28 12 26 23 38 44 1 40 14 7 8 32 24 33 25 4 37 5 15 39 29 
student 22: 27 50 8 10 49 43 42 24 14 28 12 16 40 30 45 46 25 17 6 48 47 13 44 33 1 3 21 41 18 23 9 29 26 36 38 2 39 19 7 5 34 31 35 20 11 32 4 15 37 22 
student 23: 28 50 4 5 48 45 41 24 11 27 14 19 37 31 39 49 23 20 10 46 44 13 40 34 2 6 18 43 16 30 15 29 26 38 47 1 42 17 9 3 33 25 32 21 7 35 8 12 36 22 
student 24: 29 50 3 10 41 43 38 27 11 26 12 15 35 30 40 49 25 18 9 48 46 19 47 34 5 7 20 45 22 31 13 28 23 42 44 1 39 17 4 8 36 24 32 21 2 33 6 14 37 16 
student 25: 30 50 6 10 48 42 40 24 12 28 7 16 29 35 41 49 23 17 13 46 47 15 44 34 1 2 22 43 19 33 11 25 26 37 45 4 39 18 9 8 36 27 32 20 3 31 5 14 38 21 
student 26: 29 50 8 6 48 43 38 30 16 27 10 14 34 31 39 47 25 18 13 49 46 15 42 35 2 4 19 45 17 33 12 28 22 40 44 1 37 21 5 9 32 23 36 24 7 26 3 11 41 20 
student 27: 28 50 5 11 48 44 40 25 12 26 8 15 34 31 42 47 18 16 17 49 45 13 41 32 1 4 20 43 22 33 10 29 23 37 46 3 36 14 6 9 38 27 30 21 7 35 2 19 39 24 
student 28: 29 50 6 12 49 42 41 25 8 28 11 16 34 36 47 48 22 17 10 45 46 15 40 32 2 3 20 44 19 30 14 33 27 37 43 1 39 18 7 9 35 21 31 24 4 26 5 13 38 23 
student 29: 28 49 5 10 50 41 39 26 13 27 7 18 37 30 44 48 22 16 11 46 45 15 40 35 1 2 20 47 19 31 12 29 24 36 43 3 42 17 6 8 34 25 33 21 9 32 4 14 38 23 
student 30: 30 49 5 3 50 45 44 18 11 25 12 15 33 29 42 48 27 17 9 47 43 16 37 35 2 4 20 46 19 31 14 28 26 36 40 1 41 21 10 8 38 23 32 22 6 34 7 13 39 24 
student 31: 31 50 1 9 48 44 38 19 12 28 10 16 37 27 41 47 20 17 11 45 46 13 39 34 3 2 22 49 24 29 14 26 32 36 43 5 40 21 7 8 30 25 35 15 6 33 4 18 42 23 
student 32: 24 50 4 13 46 43 36 28 8 29 9 11 38 32 44 49 20 15 14 45 47 21 41 35 1 2 22 40 18 30 17 27 25 42 48 3 37 16 10 6 33 19 31 23 7 34 5 12 39 26 
student 33: 29 47 6 14 46 41 42 22 10 26 5 16 35 31 44 50 23 21 12 49 43 11 37 32 4 9 19 48 17 28 13 30 25 33 45 2 40 15 3 7 39 27 34 20 8 36 1 18 38 24 
student 34: 20 48 3 11 49 45 39 24 9 17 13 18 36 31 40 50 22 12 10 47 44 14 43 29 5 2 19 46 26 32 21 28 30 37 42 1 41 15 8 7 34 27 35 23 6 33 4 16 38 25 
student 35: 28 49 6 9 45 44 39 24 14 27 10 15 35 31 41 50 21 17 11 43 46 16 40 33 2 5 19 48 18 30 12 29 26 36 47 1 38 22 4 8 34 25 32 20 3 37 7 13 42 23 
student 36: 30 50 3 7 48 43 40 24 12 28 8 14 35 32 42 46 21 17 10 49 44 13 39 36 5 2 18 47 19 31 15 27 25 38 45 1 41 23 6 9 34 26 33 20 11 29 4 16 37 22 
student 37: 29 50 2 9 47 41 39 24 10 27 11 17 37 31 36 45 20 18 14 49 42 16 40 35 8 4 21 48 15 28 12 30 25 43 46 1 44 19 6 7 34 26 32 23 3 33 5 13 38 22 
student 38: 29 47 2 8 50 46 35 21 9 27 11 15 39 31 42 49 16 18 13 45 48 17 40 36 1 3 19 44 20 28 12 30 22 41 43 5 33 23 7 10 37 25 38 24 6 34 4 14 32 26 
student 39: 28 48 3 20 50 49 39 24 9 30 10 14 34 32 40 46 21 15 8 47 44 13 41 35 1 4 22 45 17 29 11 26 27 43 42 2 38 16 18 7 37 23 33 25 5 31 6 12 36 19 
student 40: 25 49 2 11 50 44 41 27 12 29 9 16 35 33 36 46 26 17 10 47 48 15 42 32 4 1 20 45 18 30 13 28 23 39 43 3 40 19 8 7 37 24 34 22 5 31 6 14 38 21 
student 41: 24 48 5 10 49 39 42 22 13 29 8 17 41 32 38 50 20 18 12 47 46 15 45 35 1 4 21 44 19 30 11 26 27 36 43 3 37 16 7 9 33 28 34 23 2 31 6 14 40 25 
student 42: 28 49 7 9 44 42 41 25 11 27 8 17 33 31 43 50 23 16 13 48 46 14 40 39 3 2 20 47 19 30 12 29 22 34 45 1 37 18 10 5 38 26 35 21 6 32 4 15 36 24 
student 43: 27 45 5 8 50 44 42 23 12 29 11 13 40 31 37 47 26 16 9 41 49 17 43 36 2 4 21 48 19 30 14 28 25 38 46 1 35 18 6 10 34 24 32 20 7 33 3 15 39 22 
student 44: 27 49 5 10 48 43 42 24 14 28 8 12 34 30 41 44 16 19 11 45 50 17 46 36 4 1 20 39 18 31 13 29 25 35 47 2 40 21 9 7 37 26 32 23 6 33 3 15 38 22 
student 45: 26 49 6 9 48 42 39 24 13 27 7 20 36 30 41 47 21 18 10 46 50 19 43 34 4 2 17 45 14 29 12 31 23 38 44 1 40 15 8 11 35 28 32 22 5 33 3 16 37 25 
student 46: 28 49 7 8 50 42 39 26 17 25 11 14 35 32 41 47 22 16 15 48 44 13 40 37 5 1 21 45 18 30 10 29 23 43 46 4 36 20 3 9 38 27 31 24 6 33 2 12 34 19 
student 47: 31 50 6 14 47 44 39 23 7 28 9 16 34 33 42 49 24 21 13 48 43 15 41 35 2 3 18 45 19 29 12 30 26 36 46 1 38 17 8 11 37 25 32 20 5 27 4 10 40 22 
student 48: 26 50 2 9 48 44 38 30 11 29 10 19 35 31 43 42 20 17 4 46 47 15 41 33 5 7 21 49 14 28 16 27 25 37 45 1 39 18 8 6 36 23 34 22 13 32 3 12 40 24 
student 49: 32 50 6 8 45 47 41 26 12 25 11 17 34 35 48 49 23 15 9 46 43 14 42 31 2 5 20 44 19 29 18 28 27 36 40 1 38 21 7 10 33 24 30 16 3 39 4 13 37 22 
student 50: 28 50 3 8 43 42 40 23 12 26 10 17 37 30 44 48 24 15 13 47 46 16 41 33 1 4 20 49 19 29 11 36 27 38 45 2 34 18 7 6 35 25 32 21 9 31 5 14 39 22 
student 51: 32 48 6 4 50 44 40 25 10 35 14 15 36 27 43 49 21 18 11 47 46 17 41 33 3 2 19 45 22 29 12 28 26 37 42 5 39 16 8 9 34 24 31 20 7 30 1 13 38 23 
student 52: 21 50 6 9 48 42 35 25 11 26 10 13 36 32 46 44 24 17 12 47 49 14 41 37 4 1 20 45 18 31 15 30 28 38 43 2 40 22 3 8 27 29 33 19 7 34 5 16 39 23 
student 53: 27 50 6 8 48 46 39 24 12 26 11 16 36 28 41 47 21 17 10 49 45 13 42 35 1 5 22 44 18 29 14 30 23 33 43 2 40 19 4 7 37 25 34 20 9 32 3 15 38 31 
student 54: 28 50 2 6 49 38 41 26 13 27 7 17 42 30 37 47 24 18 9 48 45 14 43 35 3 8 21 46 16 32 12 20 23 36 44 1 34 19 10 11 39 29 40 22 4 31 5 15 33 25 
student 55: 25 48 2 4 50 43 38 26 11 29 9 17 36 31 42 47 21 20 14 49 46 13 41 34 3 6 18 45 19 27 12 30 28 35 44 1 40 16 7 8 37 22 32 23 10 33 5 15 39 24 
student 56: 29 47 13 5 50 41 40 26 12 25 6 16 38 31 46 49 21 11 10 48 44 15 42 33 2 4 20 45 19 30 14 28 24 37 43 1 39 18 7 9 34 27 32 22 8 35 3 17 36 23 
student 57: 30 49 10 9 48 42 44 24 11 19 5 16 38 35 40 47 26 17 12 50 45 15 43 37 3 2 23 41 21 28 13 20 25 33 46 1 39 18 4 8 32 27 34 29 7 31 6 14 36 22 
student 58: 30 47 3 10 50 45 39 23 12 29 11 21 37 31 40 49 24 16 8 46 43 15 42 34 6 1 19 48 18 28 13 26 25 35 44 2 41 14 7 9 33 27 32 20 4 36 5 17 38 22 
student 59: 32 48 5 8 50 44 43 27 12 25 9 19 36 28 38 47 23 17 11 46 42 15 41 31 2 1 21 49 18 29 14 30 22 37 45 3 39 20 10 7 33 24 35 16 6 34 4 13 40 26 
student 60: 27 49 1 12 48 43 37 24 9 33 10 17 31 34 39 47 22 16 11 50 45 15 42 35 3 2 20 46 19 29 14 28 23 41 44 4 40 18 8 6 36 26 32 21 7 30 5 13 38 25 
student 61: 30 49 3 9 45 42 37 22 11 27 10 12 36 29 41 48 19 15 13 50 47 17 44 33 2 4 23 43 20 28 14 25 26 39 46 1 40 18 8 7 35 31 34 21 6 32 5 16 38 24 
student 62: 26 50 6 9 48 41 42 25 11 33 10 15 38 30 45 49 21 17 12 47 43 13 40 35 5 1 22 46 16 29 14 28 23 39 44 3 37 20 4 7 36 24 31 19 8 32 2 18 34 27 
student 63: 27 49 9 12 50 44 35 22 7 29 13 16 38 31 39 48 24 17 6 47 45 15 42 40 5 3 23 46 19 33 11 30 28 32 43 2 41 18 8 10 37 25 34 20 4 26 1 14 36 21 
student 64: 29 50 4 10 44 42 39 25 15 28 6 16 32 31 45 49 24 18 13 43 48 12 41 38 3 7 19 47 20 30 11 27 22 35 46 1 40 14 9 5 34 26 37 21 2 33 8 17 36 23 
student 65: 31 50 2 9 49 45 43 26 11 30 12 16 35 32 42 48 22 17 6 47 46 14 41 37 4 3 19 44 20 25 15 24 28 38 36 1 40 18 8 10 34 27 29 21 5 33 7 13 39 23 
student 66: 33 50 4 9 48 43 42 24 13 28 10 14 36 29 44 49 23 18 12 46 45 16 39 31 3 7 21 47 17 20 11 30 26 35 40 2 41 19 8 1 34 27 32 22 6 37 5 15 38 25 
student 67: 28 50 2 10 46 43 38 23 13 27 12 17 35 30 40 49 25 14 11 45 44 15 42 36 3 6 19 48 20 31 9 29 26 34 47 1 41 18 5 8 37 24 33 21 7 32 4 16 39 22 
student 68: 23 49 2 13 47 42 40 24 11 28 9 16 35 30 41 46 21 17 10 44 45 12 43 34 3 4 20 50 18 31 15 29 25 37 48 1 39 19 8 5 36 26 32 22 7 33 6 14 38 27 
student 69: 26 49 5 9 50 45 42 25 11 28 10 17 37 35 40 48 22 15 13 47 43 16 38 36 3 4 20 46 18 30 12 29 24 41 44 1 34 19 8 7 33 27 32 21 6 31 2 14 39 23 
student 70: 29 50 3 12 49 44 39 30 14 24 8 21 32 28 43 48 22 15 9 47 41 13 40 35 2 6 23 46 19 31 17 27 20 36 45 1 42 16 7 11 34 26 33 18 4 37 5 10 38 25 
student 71: 27 50 5 10 49 43 44 26 12 29 6 18 39 34 42 46 23 14 9 47 45 16 40 31 4 2 20 48 17 30 13 25 19 35 41 1 37 21 3 8 36 24 33 22 11 32 7 15 38 28 
student 72: 30 49 4 9 50 41 43 22 12 27 8 18 35 31 40 47 24 17 11 48 44 13 42 34 3 2 20 46 23 29 15 28 25 38 45 1 39 19 7 10 37 26 33 16 5 32 6 14 36 21 
student 73: 31 50 2 4 49 42 38 24 10 20 11 15 39 30 43 48 18 17 12 46 47 19 40 33 3 7 16 45 23 37 8 28 27 34 44 1 41 22 5 13 36 25 29 21 6 32 9 14 35 26 
student 74: 26 49 3 10 48 41 36 27 14 30 6 13 33 32 42 46 22 16 7 50 45 23 44 35 5 8 21 47 18 28 12 29 20 38 43 1 40 17 4 11 34 24 37 25 2 31 9 15 39 19 
student 75: 27 50 2 10 49 46 40 24 12 29 5 15 35 34 44 48 23 17 8 47 43 16 42 33 1 9 19 45 18 30 13 31 26 36 37 7 41 20 3 4 39 25 32 21 14 28 6 11 38 22 
student 76: 23 50 3 8 49 43 40 20 13 28 10 15 36 32 41 45 24 17 11 48 46 16 42 34 2 7 19 47 21 31 12 29 27 38 44 1 37 18 9 5 30 26 35 22 4 33 6 14 39 25 
student 77: 28 48 2 9 50 40 42 22 11 26 10 14 35 30 38 49 24 17 12 47 43 13 46 34 4 1 18 45 21 27 19 31 25 36 44 5 41 16 7 6 37 29 33 20 8 32 3 15 39 23 
student 78: 27 50 7 12 49 41 43 24 10 28 11 18 35 33 40 48 23 13 6 45 44 17 47 32 2 1 21 46 19 30 14 29 26 37 42 3 39 15 9 8 36 25 34 22 4 31 5 16 38 20 
student 79: 29 49 3 10 46 44 37 25 15 26 11 14 36 30 43 48 22 16 6 50 42 13 41 38 2 7 19 45 18 31 12 28 20 34 47 1 40 23 8 9 39 21 33 24 5 32 4 17 35 27 
student 80: 29 49 4 12 50 44 42 24 5 27 9 17 36 30 40 47 23 13 11 46 43 14 41 34 2 7 19 45 20 32 16 28 26 39 48 1 38 18 10 6 35 25 33 22 8 31 3 15 37 21 
student 81: 28 49 8 9 50 45 42 23 13 24 10 15 31 33 37 41 18 17 11 44 47 19 43 30 1 2 22 46 16 36 14 32 26 39 35 4 40 21 5 7 38 27 34 25 6 29 3 12 48 20 
student 82: 27 48 3 9 50 40 42 23 11 24 13 12 33 30 44 49 18 14 10 47 45 19 43 32 2 1 20 46 28 25 15 31 22 34 41 6 38 16 8 5 39 26 36 21 7 37 4 17 35 29 
student 83: 31 50 5 9 49 44 41 21 10 30 12 20 37 36 42 46 18 15 11 45 47 14 43 33 2 4 22 40 17 27 13 29 23 39 48 1 38 19 3 6 35 28 32 25 8 26 7 16 34 24 
student 84: 27 46 5 9 48 43 42 25 11 24 12 16 33 31 39 50 22 15 10 47 44 18 37 34 1 2 29 49 20 30 13 28 23 36 45 3 41 17 8 7 38 26 35 21 6 32 4 14 40 19 
student 85: 28 50 8 7 49 44 43 23 14 27 9 16 37 31 41 48 22 17 11 45 46 15 40 35 1 4 19 47 21 29 13 33 26 38 42 2 39 18 3 10 36 25 30 20 5 32 6 12 34 24 
student 86: 28 49 2 8 48 41 37 24 14 26 10 12 43 32 39 45 22 17 11 46 44 16 38 31 3 6 19 50 21 33 13 29 25 36 47 1 40 18 7 9 35 27 30 20 5 34 4 15 42 23 
student 87: 29 49 4 9 48 41 39 26 14 30 11 16 37 31 46 50 19 17 13 47 44 12 42 32 2 3 21 45 15 28 10 27 22 38 43 1 35 20 6 8 36 25 34 24 7 33 5 18 40 23 
student 88: 26 50 1 10 49 43 39 23 14 28 13 15 33 30 42 48 20 18 12 47 44 17 37 32 3 6 19 46 22 36 9 29 27 41 45 2 35 16 5 8 34 24 38 21 7 31 4 11 40 25 
student 89: 26 50 5 10 48 43 39 24 14 28 9 16 37 32 44 49 22 19 11 47 45 18 42 34 2 4 20 46 21 29 12 31 25 36 41 1 40 13 3 6 33 27 35 15 8 30 7 17 38 23 
student 90: 23 49 3 10 47 45 40 26 12 28 11 16 36 32 41 46 22 15 7 50 43 14 44 34 5 4 21 42 19 35 13 30 25 33 48 1 38 18 8 9 37 27 31 20 6 29 2 17 39 24 
student 91: 28 48 3 9 49 41 35 25 12 27 10 14 37 32 45 47 22 17 11 43 44 16 40 30 1 5 21 50 18 34 15 29 26 38 46 2 42 24 8 6 36 23 33 19 7 31 4 13 39 20 
student 92: 27 50 8 9 48 42 41 25 12 26 11 13 36 31 39 47 20 18 10 45 44 17 49 35 4 5 22 46 16 30 14 28 24 37 43 1 40 21 7 6 34 29 33 19 3 32 2 15 38 23 
student 93: 27 50 4 10 48 43 39 25 16 24 8 12 35 32 42 47 22 17 11 45 46 15 41 33 1 3 20 49 18 31 14 30 26 34 44 2 40 19 5 9 29 28 36 21 7 37 6 13 38 23 
student 94: 27 50 7 10 49 41 38 26 14 28 9 13 36 29 44 48 25 21 11 47 45 15 43 33 3 1 18 46 23 31 12 30 20 37 42 2 39 17 4 8 35 22 32 24 6 34 5 19 40 16 
student 95: 30 49 3 10 48 44 40 23 11 28 9 17 36 31 43 50 22 16 13 46 45 14 42 34 2 5 20 47 19 27 12 29 26 38 41 1 39 18 6 7 35 24 32 21 8 33 4 15 37 25 
student 96: 27 50 6 12 49 43 39 26 11 28 7 16 38 34 42 48 21 19 10 44 46 14 41 35 1 4 24 47 20 31 15 29 23 37 45 2 40 18 3 9 33 25 30 17 8 32 5 13 36 22 
student 97: 27 49 4 6 48 46 39 24 12 28 9 13 38 31 41 50 17 16 14 44 42 15 37 33 1 3 23 47 20 32 11 29 25 35 43 2 40 21 5 10 36 26 34 18 8 30 7 19 45 22 
student 98: 30 50 1 14 49 48 39 26 12 27 10 20 40 31 42 47 22 17 11 46 44 16 41 34 4 8 21 43 19 28 7 29 25 36 45 3 37 15 5 9 33 23 38 18 2 32 6 13 35 24 
student 99: 27 49 3 14 47 43 39 24 17 23 10 16 35 36 42 50 25 13 9 45 46 12 41 34 2 5 22 48 15 30 21 29 28 40 44 1 33 18 8 6 37 26 31 19 7 32 4 11 38 20 
student 100: 29 47 4 7 50 46 40 24 11 28 10 15 36 27 43 49 17 16 12 48 44 19 42 33 1 3 22 45 21 35 13 32 25 38 41 2 37 18 9 8 34 26 31 20 6 30 5 14 39 23 
student 101: 23 48 4 12 49 45 35 24 11 29 9 26 36 30 44 50 22 15 10 43 46 13 40 32 5 3 18 47 19 33 14 28 20 39 41 2 42 17 8 7 38 27 37 25 6 31 1 16 34 21 
student 102: 29 48 6 11 49 45 40 20 15 26 10 16 36 31 41 50 25 17 12 47 44 9 46 32 1 2 21 42 19 30 13 24 23 39 43 5 38 18 8 7 35 28 33 22 3 34 4 14 37 27 
student 103: 27 45 4 14 50 40 43 24 15 28 11 16 34 30 41 48 23 17 18 49 46 12 44 35 2 6 21 42 19 32 8 29 25 38 47 1 39 13 5 7 36 26 33 20 9 31 3 10 37 22 
student 104: 28 48 4 11 49 42 35 24 13 26 10 16 36 31 43 45 23 19 8 47 46 15 41 34 1 3 20 50 18 30 12 29 25 40 44 2 39 17 9 7 37 27 32 21 5 33 6 14 38 22 
student 105: 25 47 6 8 50 45 38 22 13 30 12 18 42 34 43 49 23 16 10 48 46 15 41 36 3 2 19 44 24 26 11 28 27 35 40 1 37 17 4 9 39 29 32 21 5 31 7 14 33 20 
student 106: 29 47 2 9 50 48 39 25 12 27 11 14 36 30 41 46 23 19 10 45 49 16 42 33 5 4 21 44 20 28 13 35 24 34 43 1 38 18 6 8 40 26 31 22 7 32 3 15 37 17 
student 107: 29 50 2 8 48 44 37 22 14 27 9 13 40 35 42 49 26 25 12 46 45 15 41 34 1 4 18 47 16 30 17 28 24 38 43 3 36 21 10 7 32 23 33 19 5 31 6 11 39 20 
student 108: 30 50 4 5 48 47 38 24 12 31 9 13 36 32 41 49 21 19 11 46 42 16 40 29 1 3 22 45 20 28 14 27 26 37 43 2 44 17 8 10 34 25 35 18 6 33 7 15 39 23 
student 109: 29 50 2 5 48 44 32 23 18 25 10 14 39 31 42 46 22 16 12 49 47 11 40 37 3 6 17 41 20 30 13 27 28 38 45 1 43 19 7 9 36 26 35 21 8 33 4 15 34 24 
student 110: 27 50 9 10 49 42 40 24 11 31 5 16 35 30 43 47 19 18 8 48 46 15 41 33 7 4 23 45 20 29 14 25 26 36 44 1 38 17 12 6 34 28 37 22 3 32 2 13 39 21 
student 111: 28 50 4 7 48 43 42 23 13 24 9 16 37 31 41 47 21 14 12 49 45 20 39 34 1 2 19 46 17 27 11 30 26 38 44 3 36 18 10 8 33 29 35 22 6 32 5 15 40 25 
student 112: 27 50 2 9 48 44 39 23 11 28 10 17 35 33 43 49 22 20 12 47 46 14 41 34 1 3 16 42 19 29 13 32 25 37 45 4 36 15 5 6 31 24 30 21 8 38 7 18 40 26 
student 113: 28 50 4 10 48 41 43 23 12 25 8 13 35 26 38 49 22 19 11 45 44 17 42 36 2 3 21 47 16 32 14 30 24 40 46 1 39 18 5 9 34 29 33 20 7 31 6 15 37 27 
student 114: 28 50 7 2 48 42 39 24 15 30 8 17 37 29 44 47 21 18 13 49 45 14 41 40 5 3 19 46 20 33 11 27 23 36 43 1 38 16 10 9 32 25 34 22 4 31 6 12 35 26 
student 115: 27 47 7 5 50 41 38 23 10 26 13 15 39 32 33 48 19 17 14 46 44 16 43 35 4 6 18 49 22 29 9 28 25 40 45 1 42 20 12 8 36 31 34 21 3 30 2 11 37 24 
student 116: 25 49 6 8 47 44 40 24 10 27 13 16 34 37 43 50 22 18 9 46 42 15 41 35 4 3 20 48 23 33 11 32 19 36 45 2 39 17 1 12 31 30 28 21 5 29 7 14 38 26 
student 117: 28 50 3 9 49 46 35 24 16 26 8 19 36 32 38 47 23 17 12 45 43 14 42 34 4 2 15 44 22 30 11 29 25 39 48 1 41 21 6 10 40 27 33 18 7 37 5 13 31 20 
student 118: 28 50 4 10 48 42 39 22 11 27 13 15 35 29 41 47 21 17 9 49 45 16 43 33 6 2 19 46 20 30 12 32 25 37 44 1 40 18 7 8 36 26 31 24 5 34 3 14 38 23 
student 119: 28 50 3 7 49 38 41 21 14 27 11 17 39 33 42 47 23 15 9 48 44 12 43 36 2 5 20 45 22 30 13 31 25 40 46 1 34 19 10 6 37 26 32 16 4 29 8 18 35 24 
student 120: 31 50 5 13 48 43 41 27 9 24 12 15 36 33 49 47 23 16 10 45 44 17 40 32 1 2 20 46 18 28 11 30 21 39 42 3 37 22 6 8 35 25 34 26 7 29 4 14 38 19 
student 121: 29 47 3 10 45 42 48 30 12 25 9 19 32 36 44 50 22 17 11 49 43 14 40 35 2 4 20 46 26 27 13 28 24 37 41 1 34 16 5 8 38 23 33 18 7 31 6 15 39 21 
student 122: 24 50 2 10 46 41 38 29 11 27 12 16 32 31 48 49 25 17 9 47 44 14 42 37 1 3 18 45 20 33 15 30 22 39 43 4 40 19 5 7 34 26 28 21 8 36 6 13 35 23 
student 123: 29 49 4 9 50 42 39 23 13 24 10 22 34 31 41 47 20 18 11 46 45 15 44 38 3 1 19 48 21 26 12 33 27 35 43 2 40 16 5 6 32 28 37 25 8 30 7 14 36 17 
student 124: 28 49 4 9 50 44 38 22 13 27 12 14 31 33 39 47 23 18 11 48 41 15 43 37 3 5 20 45 25 32 10 29 26 35 42 1 46 17 2 8 40 24 34 19 6 30 7 16 36 21 
student 125: 28 47 5 10 50 46 39 22 15 26 12 13 34 35 42 45 24 17 14 49 44 19 40 33 2 3 23 48 16 30 11 27 29 38 43 1 41 20 9 6 31 21 37 18 8 32 4 7 36 25 
student 126: 30 48 8 9 50 46 41 22 11 27 10 19 36 37 39 49 25 16 13 47 44 15 43 28 3 5 20 45 18 33 14 29 23 35 42 1 38 17 4 6 31 24 32 26 2 34 7 12 40 21 
student 127: 25 49 5 10 50 42 44 27 11 30 8 13 36 31 40 48 17 15 12 47 43 18 37 29 3 4 26 46 20 34 16 32 22 39 45 2 41 19 7 6 33 24 35 21 9 28 1 14 38 23 
student 128: 28 49 7 8 45 46 40 27 11 25 9 13 34 32 39 50 20 17 12 48 43 15 44 35 3 2 19 47 21 31 16 29 24 36 41 1 42 18 6 10 37 26 33 23 4 30 5 14 38 22 
student 129: 33 50 4 11 49 44 41 22 12 28 9 17 36 35 43 48 21 16 10 47 46 14 42 30 8 3 26 40 18 25 13 24 27 37 45 2 39 20 6 7 31 29 38 19 5 34 1 15 32 23 
student 130: 28 46 3 6 48 43 38 24 17 29 11 20 37 31 41 50 21 13 10 45 44 15 36 35 4 2 18 47 16 30 12 27 25 39 49 1 42 23 5 7 34 26 32 19 9 33 8 14 40 22 
student 131: 30 49 2 10 46 42 44 27 12 29 11 13 36 28 40 45 22 16 9 43 48 14 39 32 4 3 15 50 17 34 20 25 23 38 47 1 35 19 7 8 37 24 33 21 6 31 5 18 41 26 
student 132: 33 50 3 8 49 41 40 27 9 26 16 15 31 36 42 47 21 17 13 46 44 10 43 34 5 4 22 45 19 28 12 29 20 37 48 1 38 18 6 11 35 25 30 24 2 32 7 14 39 23 
student 133: 26 47 11 9 50 45 40 22 16 29 10 14 32 30 44 48 21 17 12 46 42 15 41 35 2 4 23 49 19 27 8 34 28 38 43 1 37 18 3 7 36 25 33 24 6 31 5 13 39 20 
student 134: 28 49 1 4 50 44 45 26 13 33 9 21 35 31 40 48 22 17 11 46 43 14 39 36 3 5 20 47 18 25 16 30 23 37 42 2 41 19 8 10 34 27 32 15 7 29 6 12 38 24 
student 135: 30 49 10 8 50 40 41 22 9 29 11 18 31 33 43 48 20 16 12 47 46 13 42 39 3 5 21 45 17 28 14 25 27 36 44 2 38 19 7 1 35 24 34 23 4 32 6 15 37 26 
student 136: 27 47 4 9 50 46 39 24 15 30 12 19 35 33 42 49 26 17 14 44 43 13 41 34 3 1 21 45 20 32 7 28 23 29 48 2 40 16 8 10 37 25 36 22 6 31 5 11 38 18 
student 137: 26 48 3 11 49 43 44 23 10 28 7 14 34 31 42 46 22 19 13 50 45 16 40 35 8 2 21 47 20 33 12 27 25 37 41 1 39 17 6 4 36 24 32 18 9 30 5 15 38 29 
student 138: 26 49 6 9 50 45 42 22 15 29 10 16 35 32 41 48 21 17 11 43 44 14 40 31 1 3 28 47 20 30 12 27 24 37 46 2 38 19 7 8 34 25 36 18 4 33 5 13 39 23 
student 139: 24 47 3 7 50 43 44 20 11 29 14 18 36 33 40 48 26 16 10 46 45 15 42 34 1 2 21 49 19 30 9 25 27 38 41 4 39 17 12 8 32 28 31 22 5 35 6 13 37 23 
student 140: 34 50 1 10 49 43 41 26 11 25 7 19 36 30 42 47 22 18 12 45 46 15 40 31 2 6 17 44 16 29 14 28 27 32 48 3 39 21 8 4 38 24 35 23 5 33 9 13 37 20 
student 141: 34 48 5 7 49 45 35 25 12 27 11 21 39 30 41 46 22 18 13 43 47 16 42 37 3 2 19 50 15 28 10 31 24 40 44 1 38 17 9 8 36 23 32 20 4 29 6 14 33 26 
student 142: 29 50 3 12 49 43 38 22 11 28 8 16 36 27 41 45 19 18 13 47 44 15 46 34 5 1 24 48 20 26 10 30 33 37 40 2 32 21 9 6 42 23 31 17 7 35 4 14 39 25 
student 143: 27 50 4 8 49 43 36 25 16 26 14 17 38 32 42 47 23 18 12 46 44 11 41 33 1 3 22 48 20 31 13 29 24 28 45 2 40 15 10 7 35 30 34 19 5 37 6 9 39 21 
student 144: 28 47 5 10 49 41 40 22 15 25 13 16 39 32 43 48 21 18 7 50 45 14 42 34 4 1 24 46 19 31 11 30 27 36 44 2 38 17 6 8 35 20 33 23 3 29 9 12 37 26 
student 145: 29 50 6 3 48 39 40 24 9 27 14 17 37 34 47 45 23 19 11 46 41 10 44 32 4 2 21 42 18 31 13 26 22 36 49 1 38 16 15 7 33 25 43 20 5 28 8 12 35 30 
student 146: 29 50 5 8 49 42 38 23 12 25 9 20 34 33 44 47 24 15 13 46 43 14 41 35 3 4 17 48 21 31 11 30 26 39 45 1 37 16 10 7 28 27 32 19 6 36 2 18 40 22 
student 147: 26 47 4 8 48 41 40 20 15 27 13 16 32 33 42 50 24 17 10 44 45 12 43 36 2 5 23 49 21 29 14 30 25 35 46 1 39 18 3 9 38 28 34 19 7 31 6 11 37 22 
student 148: 28 50 3 8 49 39 41 31 11 26 12 14 35 27 44 47 20 16 10 45 46 13 42 34 4 2 23 48 19 29 17 32 24 36 43 1 38 18 6 7 40 22 33 21 9 30 5 15 37 25 
student 149: 26 50 3 9 47 41 39 25 12 30 11 18 37 29 44 48 22 16 10 46 49 14 43 31 6 1 21 45 19 33 13 28 23 34 42 2 36 17 8 5 38 27 35 20 7 32 4 15 40 24 
student 150: 26 46 3 12 49 44 40 25 9 37 10 13 33 30 43 48 19 18 11 50 45 17 42 29 1 4 21 41 15 28 16 31 23 36 47 2 39 20 8 5 32 27 35 24 7 34 6 14 38 22 
student 151: 26 50 3 6 49 45 40 24 14 30 13 16 35 31 41 46 22 18 11 47 44 15 43 33 2 5 20 48 19 29 7 27 25 36 42 1 39 17 8 10 37 28 34 23 4 32 9 12 38 21 
student 152: 32 50 5 11 49 42 40 28 12 27 10 18 37 30 43 48 22 21 6 47 46 16 41 33 2 7 17 44 19 26 13 29 24 39 45 4 38 15 9 8 36 25 34 20 1 31 3 14 35 23 
student 153: 30 48 4 7 49 42 39 24 14 23 8 17 33 34 38 50 25 16 9 46 44 13 41 32 2 6 20 47 19 35 11 26 27 36 45 1 40 18 12 3 37 28 29 21 5 31 10 15 43 22 
student 154: 25 50 9 8 49 39 42 26 13 22 10 18 37 29 46 48 24 17 11 41 47 14 43 34 1 2 21 45 19 30 12 27 28 36 44 4 38 15 7 6 35 32 33 20 5 31 3 16 40 23 
student 155: 29 50 5 9 49 44 43 26 11 27 10 18 36 31 40 48 22 16 13 46 45 15 38 34 2 3 21 47 20 35 14 28 25 41 42 1 39 19 6 8 33 24 30 23 7 32 4 12 37 17 
student 156: 28 50 5 12 49 43 42 22 10 27 2 16 36 32 41 46 23 20 11 47 45 14 40 31 3 4 19 48 18 30 13 29 24 37 44 1 39 17 7 9 34 25 33 21 8 35 6 15 38 26 
student 157: 30 50 6 8 49 34 42 27 11 25 10 16 35 38 46 47 18 19 12 48 45 15 43 33 3 2 22 44 20 31 14 28 23 36 40 1 39 17 7 9 41 24 26 21 5 32 4 13 37 29 
student 158: 27 48 6 9 50 43 40 24 11 26 10 20 39 31 44 49 21 17 12 47 46 18 41 32 1 4 22 45 16 29 14 30 25 35 42 2 38 15 5 7 37 28 34 19 8 33 3 13 36 23 
student 159: 26 50 2 7 48 39 49 24 15 27 9 14 37 32 44 47 20 19 12 45 43 17 41 35 3 4 18 46 21 29 13 30 25 38 42 1 40 16 8 10 36 28 31 22 5 33 11 6 34 23 
student 160: 33 50 7 10 48 43 41 23 13 27 12 16 38 32 42 49 15 17 9 45 47 19 40 31 2 3 25 44 20 28 14 24 26 36 46 1 35 18 5 6 37 29 30 22 8 34 4 11 39 21 
student 161: 29 50 7 9 48 44 40 28 17 27 10 16 37 31 41 49 24 11 14 47 42 15 43 38 2 4 21 45 20 25 12 30 23 36 46 1 35 18 5 8 32 26 34 19 3 33 6 13 39 22 
student 162: 27 50 6 10 49 38 43 25 12 22 8 18 36 29 42 46 24 20 11 47 40 14 44 34 1 4 17 48 19 32 13 30 23 37 45 3 39 15 2 7 35 26 31 21 9 33 5 16 41 28 
student 163: 32 50 8 5 49 41 40 23 14 27 6 19 34 26 39 48 20 17 10 42 47 15 44 35 2 3 22 46 16 28 13 29 30 37 45 1 43 21 9 11 36 24 33 18 4 31 7 12 38 25 
student 164: 28 50 5 9 48 40 39 25 14 30 11 15 41 31 43 49 21 17 10 47 44 13 42 32 2 4 23 45 20 29 7 27 22 34 46 3 36 18 6 8 33 26 35 19 12 37 1 16 38 24 
student 165: 30 50 2 14 49 39 42 25 13 26 9 19 33 28 37 47 24 17 6 45 48 15 41 36 3 5 18 46 21 31 8 27 23 38 44 1 40 16 10 12 32 29 35 22 7 34 4 11 43 20 
student 166: 26 50 5 10 49 44 41 25 11 32 12 16 36 28 43 48 22 17 6 47 45 13 38 33 4 1 20 46 19 27 15 30 23 42 40 2 39 18 8 3 35 29 34 21 9 31 7 14 37 24 
student 167: 25 50 3 7 46 43 41 27 11 26 12 16 35 30 38 44 22 17 10 49 45 15 42 36 9 6 18 48 19 28 14 34 23 37 47 2 40 21 5 8 31 29 33 20 4 32 1 13 39 24 
student 168: 29 49 6 7 50 42 37 24 9 20 5 16 36 27 44 48 21 26 12 47 46 15 39 40 4 1 17 43 19 30 13 35 25 34 45 3 41 22 8 11 33 23 32 18 10 31 2 14 38 28 
student 169: 24 50 4 6 49 45 41 22 11 25 10 18 36 33 44 48 19 16 13 47 46 15 37 35 3 2 20 43 29 27 12 26 28 38 42 1 40 17 5 7 31 23 34 21 8 30 9 14 39 32 
student 170: 27 49 4 7 50 43 40 22 17 25 5 10 33 28 42 46 20 18 12 48 47 15 41 35 2 1 26 45 14 29 13 30 32 37 44 3 36 19 6 9 38 23 31 21 8 34 11 16 39 24 
student 171: 25 50 6 11 48 43 38 23 12 30 10 17 37 32 41 49 21 19 9 39 42 14 46 34 3 4 20 47 18 29 13 28 26 40 45 2 44 16 5 8 35 24 33 22 1 31 7 15 36 27 
student 172: 26 50 5 8 49 41 44 29 11 25 12 18 40 31 39 43 24 17 10 47 45 14 38 42 2 3 16 48 21 30 13 28 22 35 46 1 37 20 7 9 34 23 32 19 6 33 4 15 36 27 
student 173: 29 49 3 9 50 45 40 23 10 25 11 15 36 30 41 47 20 17 12 48 44 14 43 32 1 7 21 46 19 31 13 28 27 34 42 2 39 18 4 5 35 24 37 26 8 33 6 16 38 22 
student 174: 27 49 4 13 50 46 42 23 14 28 9 18 35 32 43 48 22 15 10 45 44 8 41 34 2 3 19 47 12 29 16 30 24 36 40 1 39 17 5 6 38 26 33 21 7 31 11 20 37 25 
student 175: 30 50 3 6 49 42 35 23 12 28 10 11 36 26 41 46 21 17 14 48 44 16 40 37 5 4 20 47 19 32 13 29 25 38 45 1 43 18 8 9 34 27 31 22 7 33 2 15 39 24 
student 176: 30 50 5 11 47 41 38 24 12 27 13 14 36 32 45 48 22 16 8 43 44 17 46 33 2 4 21 49 19 31 7 28 25 39 42 1 40 20 10 9 35 26 29 18 6 34 3 15 37 23 
student 177: 29 47 3 11 50 41 38 18 9 25 10 13 37 30 42 46 23 16 12 43 48 21 45 33 1 7 22 39 20 31 15 34 24 36 49 2 44 17 6 8 35 28 32 19 5 26 4 14 40 27 
student 178: 28 49 3 6 48 42 38 27 14 26 10 15 33 36 44 46 25 18 11 50 43 12 40 35 2 1 17 47 22 32 16 30 24 37 45 5 41 20 8 9 34 21 31 23 7 29 4 13 39 19 
student 179: 26 49 8 5 50 39 40 24 16 28 6 17 31 34 38 48 22 18 10 47 44 12 45 30 2 4 20 46 19 32 14 29 25 41 42 1 43 15 11 7 37 27 36 21 9 33 3 13 35 23 
student 180: 25 50 4 10 49 44 43 26 12 27 11 15 36 31 41 46 22 14 9 48 45 19 40 35 6 1 20 47 18 30 13 29 28 39 42 2 37 16 7 5 34 24 32 21 8 33 3 17 38 23 
student 181: 28 48 5 15 42 41 37 26 8 27 11 20 34 31 47 50 22 18 10 46 45 14 40 33 2 4 13 49 19 29 12 30 24 38 43 3 44 16 1 9 36 25 35 23 7 32 6 17 39 21 
student 182: 27 46 4 6 50 44 42 23 12 25 10 15 29 32 41 48 20 18 11 47 43 16 39 38 2 3 19 49 17 28 13 30 26 35 45 1 37 21 5 9 36 34 31 22 7 33 8 14 40 24 
student 183: 28 46 3 10 49 41 42 23 14 24 9 15 37 31 43 48 19 17 11 50 47 12 39 33 1 5 20 45 22 29 16 30 26 40 44 2 36 18 8 6 34 27 32 21 7 35 4 13 38 25 
student 184: 29 49 8 9 50 41 47 27 7 25 3 16 32 30 39 46 22 17 11 48 44 15 38 42 2 1 19 43 18 31 13 26 28 36 45 5 37 20 6 14 40 24 35 21 12 33 4 10 34 23 
student 185: 26 49 1 9 50 40 34 24 16 28 10 14 37 32 45 46 23 17 11 47 43 12 42 35 5 3 18 48 19 29 13 27 25 39 44 2 41 20 7 8 36 30 33 21 6 31 4 15 38 22 
student 186: 29 50 1 11 48 41 47 26 10 28 8 14 36 27 40 49 20 17 13 45 42 12 43 35 5 3 21 46 18 32 15 30 24 37 44 2 39 19 6 7 34 25 31 23 9 33 4 16 38 22 
student 187: 28 49 5 6 50 43 42 23 14 31 9 16 38 27 44 48 21 17 11 47 45 12 34 32 3 1 22 46 20 30 10 35 25 37 41 2 40 18 8 15 33 26 36 19 7 29 4 13 39 24 
student 188: 25 50 3 9 49 44 42 21 11 26 10 16 37 34 43 48 18 20 12 46 40 15 41 36 2 1 24 45 19 31 13 29 27 38 47 4 39 17 8 5 32 28 35 22 6 30 7 14 33 23 
student 189: 28 49 3 10 48 44 41 21 12 25 11 18 35 30 42 46 23 19 6 50 43 17 38 36 2 4 15 47 20 33 13 29 24 37 45 1 39 16 7 9 34 27 32 26 8 31 5 14 40 22 
student 190: 28 49 5 10 46 43 37 24 14 26 11 13 35 29 42 50 22 17 9 48 45 16 41 33 1 4 19 47 20 30 15 32 27 36 44 2 40 18 6 8 38 25 34 21 7 31 3 12 39 23 
student 191: 31 49 4 12 50 42 41 24 15 29 8 20 37 30 45 48 23 16 10 47 43 13 39 34 2 3 19 46 18 28 11 27 25 35 44 1 38 17 7 9 36 26 32 22 6 33 5 14 40 21 
student 192: 29 50 4 8 47 41 40 25 13 28 11 17 35 27 42 48 22 18 10 49 45 14 43 38 2 3 15 46 20 30 12 33 24 36 44 1 39 21 7 9 34 26 32 23 6 31 5 16 37 19 
student 193: 27 50 3 10 48 43 38 30 11 24 9 17 41 29 46 45 23 18 15 47 42 16 39 33 7 2 22 49 14 28 12 35 25 36 44 4 37 19 6 8 34 26 32 21 5 31 1 13 40 20 
student 194: 24 47 7 11 49 41 40 22 15 30 8 16 34 29 39 48 28 17 10 46 45 12 43 37 3 4 21 44 18 31 13 25 26 38 50 1 35 20 6 9 36 27 33 19 5 32 2 14 42 23 
student 195: 28 48 8 9 47 40 42 25 12 29 10 15 33 34 36 50 22 17 11 49 44 16 43 37 3 5 19 45 26 30 13 27 23 38 46 2 39 18 1 7 41 24 32 20 6 31 4 14 35 21 
student 196: 28 50 5 8 49 46 41 26 10 25 13 16 39 32 42 37 22 21 7 45 48 14 43 36 3 2 19 47 15 30 12 27 29 34 44 1 40 17 9 11 33 24 35 20 6 31 4 18 38 23 
student 197: 27 50 4 11 49 40 41 20 13 26 9 16 36 32 45 47 21 17 12 48 44 14 39 35 1 3 22 46 19 29 10 30 23 42 43 2 38 18 5 8 34 28 33 24 7 31 6 15 37 25 
student 198: 27 50 4 9 46 44 39 24 10 28 11 16 33 29 41 47 22 14 12 43 48 18 40 30 3 2 21 49 17 34 13 32 26 37 45 1 42 20 7 8 36 25 31 19 6 35 5 15 38 23 
student 199: 22 49 4 8 50 44 35 23 12 28 10 15 36 31 41 48 20 16 11 42 46 18 37 39 2 3 25 47 21 29 13 30 24 33 45 1 43 19 7 9 40 27 32 17 5 34 6 14 38 26 
student 200: 28 48 5 8 50 43 42 23 16 25 12 13 35 31 41 44 24 21 11 49 47 15 40 34 3 1 22 45 18 30 10 29 26 36 46 2 39 17 6 9 38 27 32 19 7 33 4 14 37 20 
student 201: 29 50 4 9 48 46 38 26 11 25 8 18 36 30 41 49 22 16 12 47 45 15 44 34 3 1 20 43 19 28 14 32 24 40 42 2 39 17 10 7 35 27 33 21 6 31 5 13 37 23 
student 202: 29 49 5 8 50 44 40 20 13 23 12 15 38 32 41 47 26 18 10 48 45 14 37 33 3 2 21 46 19 30 17 25 28 39 42 1 34 16 7 11 35 27 36 22 4 31 6 9 43 24 
student 203: 27 49 5 11 48 43 38 24 12 29 9 14 40 32 41 47 22 17 10 46 44 15 42 34 1 3 20 50 19 31 16 26 25 36 45 2 39 18 8 4 35 28 33 21 6 30 7 13 37 23 
student 204: 29 46 6 7 50 44 39 22 11 26 14 17 35 30 43 45 20 18 12 48 41 15 42 33 2 1 19 49 21 31 13 27 24 37 47 3 40 16 8 4 36 25 32 23 5 34 9 10 38 28 
student 205: 28 50 4 6 49 48 40 23 10 24 9 18 30 32 43 44 22 12 13 47 42 17 41 37 1 2 21 46 20 25 14 35 26 31 45 3 38 16 11 8 39 27 34 19 5 33 7 15 36 29 
student 206: 29 46 5 8 49 38 40 22 12 28 10 17 36 27 41 48 23 19 9 50 44 16 45 34 3 4 20 47 18 30 13 31 26 39 42 1 43 15 11 6 32 24 33 21 7 35 2 14 37 25 
student 207: 31 49 3 9 50 43 40 24 15 26 10 18 33 32 42 44 23 16 11 48 46 14 39 35 1 2 20 47 17 29 12 28 25 37 45 6 41 19 8 7 36 27 34 22 4 30 5 13 38 21 
student 208: 28 50 4 11 48 41 40 25 6 27 12 18 36 32 44 46 21 17 13 47 49 15 42 35 2 3 19 45 14 31 7 29 22 39 43 1 38 20 9 10 34 26 30 24 8 33 5 16 37 23 
student 209: 25 48 2 10 50 43 39 27 13 29 9 18 37 33 42 49 23 17 12 45 46 14 41 35 1 3 16 47 22 30 15 26 28 32 44 4 40 20 5 8 36 24 31 19 6 34 7 11 38 21 
student 210: 31 49 3 10 48 44 36 23 6 27 11 16 39 29 42 47 19 20 12 46 50 13 38 34 7 1 18 45 22 28 14 30 25 41 43 2 40 17 9 8 35 26 32 21 4 37 5 15 33 24 
student 211: 33 48 6 12 50 46 39 24 8 25 9 16 32 31 40 49 21 20 7 47 41 13 43 34 2 3 19 44 17 30 14 28 27 36 45 1 42 18 10 11 35 26 37 23 4 29 5 15 38 22 
student 212: 23 50 4 10 49 44 38 27 14 24 8 17 33 34 46 45 19 15 12 48 43 16 40 35 2 3 25 47 22 28 11 30 26 39 42 1 41 18 9 7 36 31 29 21 5 32 6 13 37 20 
student 213: 33 49 4 10 50 40 41 25 12 29 9 18 37 31 44 48 23 15 11 47 46 17 36 34 2 3 22 45 21 28 14 24 26 42 43 1 39 16 8 7 38 27 32 20 6 30 5 13 35 19 
student 214: 27 50 5 6 48 49 35 21 12 25 8 14 39 30 44 46 24 19 11 47 45 13 42 37 4 1 20 36 16 34 18 29 26 33 41 2 43 17 9 10 40 28 32 22 3 31 7 15 38 23 
student 215: 24 50 5 9 47 42 40 25 11 29 10 17 35 30 43 49 19 16 12 44 46 15 41 32 4 2 20 48 22 33 13 27 26 37 45 1 39 18 8 7 36 28 34 23 6 31 3 14 38 21 
student 216: 26 49 1 9 44 40 42 23 16 28 12 19 36 30 45 50 22 17 10 48 47 14 41 33 2 4 21 43 18 31 13 29 25 35 46 3 37 11 8 6 38 24 32 20 5 34 7 15 39 27 
student 217: 30 47 4 9 50 40 41 20 13 27 12 16 36 26 42 45 24 17 8 49 48 14 44 35 5 2 18 46 21 33 11 32 23 37 43 1 39 19 7 10 34 28 31 22 6 29 3 15 38 25 
student 218: 25 47 3 9 48 44 41 23 12 27 10 15 34 30 35 42 21 17 11 50 45 14 43 32 2 5 20 49 18 29 13 28 24 39 46 1 40 22 6 8 37 31 36 19 4 33 7 16 38 26 
student 219: 28 50 7 6 46 41 43 22 11 25 9 18 37 30 40 47 23 16 13 44 49 15 48 36 2 4 17 45 20 32 14 27 26 35 42 1 39 21 10 3 34 29 33 19 8 31 5 12 38 24 
student 220: 27 49 4 8 47 45 43 24 11 28 10 17 40 32 42 50 19 14 13 48 44 16 41 31 2 3 18 46 21 29 12 30 26 34 39 1 36 20 6 9 37 23 33 22 7 35 5 15 38 25 
student 221: 26 50 3 9 49 41 42 27 13 28 8 18 33 30 43 47 21 12 11 44 46 14 40 32 2 5 23 48 16 31 15 29 22 35 45 1 38 19 6 10 37 24 39 20 4 34 7 17 36 25 
student 222: 27 49 4 10 50 42 39 24 11 22 6 15 34 29 44 48 23 17 16 47 45 13 40 33 3 1 20 46 19 30 12 26 28 41 43 5 37 21 7 9 36 31 35 18 8 32 2 14 38 25 
student 223: 28 42 7 11 50 41 40 26 13 23 9 16 38 33 39 48 22 19 12 47 46 14 45 36 4 2 18 49 17 30 3 29 25 35 43 1 44 21 10 8 34 27 32 20 6 31 5 15 37 24 
student 224: 29 49 6 4 48 45 40 26 14 27 11 19 34 30 42 46 21 13 12 47 44 10 41 31 1 5 18 50 17 32 16 23 20 35 43 3 38 24 9 8 36 28 37 22 2 33 7 15 39 25 
student 225: 27 49 4 6 50 42 40 28 12 30 14 16 37 32 44 46 19 17 9 48 45 15 41 34 1 3 23 47 21 31 10 25 24 39 43 2 36 20 7 11 35 26 29 18 8 33 5 13 38 22 
student 226: 30 49 5 9 50 42 40 25 13 28 10 16 39 24 41 48 20 17 15 47 46 18 45 36 3 2 23 44 22 33 11 32 26 35 43 1 37 14 8 7 29 27 34 19 6 31 4 12 38 21 
student 227: 26 49 3 5 50 40 41 28 14 25 12 18 37 29 43 46 20 16 7 48 47 15 42 34 11 4 22 44 19 32 10 31 24 36 45 2 38 17 8 9 35 23 33 30 1 27 6 13 39 21 
student 228: 26 50 5 7 49 43 39 20 17 25 9 18 36 29 42 48 24 12 15 45 46 22 40 41 2 3 21 47 16 28 14 27 32 35 44 1 38 11 8 10 33 30 34 23 4 31 6 13 37 19 
student 229: 26 47 4 13 49 46 37 24 10 29 14 17 39 28 43 50 22 20 8 48 40 16 44 34 3 1 19 45 15 31 12 30 23 32 42 2 35 18 7 9 36 27 41 21 5 33 6 11 38 25 
student 230: 29 49 5 7 50 40 38 24 12 25 11 16 33 28 48 47 23 19 9 46 43 15 45 32 1 3 17 41 20 36 13 31 26 39 44 2 37 14 8 10 35 27 34 22 4 30 6 18 42 21 
student 231: 26 49 4 12 50 42 40 24 14 27 8 19 35 29 43 48 18 17 9 46 44 15 41 34 6 2 21 45 23 31 11 28 25 36 47 1 39 20 3 10 37 30 33 16 5 32 7 13 38 22 
student 232: 23 50 3 7 49 42 41 27 8 29 13 15 35 34 44 48 24 18 11 47 45 16 39 36 1 2 22 46 20 31 12 28 21 37 43 6 38 19 5 9 32 26 33 17 10 30 4 14 40 25 
student 233: 29 50 6 8 45 46 42 21 12 26 11 18 37 33 41 48 22 14 10 49 47 17 35 36 4 2 20 43 19 32 16 30 28 38 44 1 39 15 7 9 34 25 31 23 3 27 5 13 40 24 
student 234: 22 50 7 8 48 43 38 28 10 29 17 14 39 30 42 49 21 16 6 46 45 12 41 35 2 4 18 47 19 31 15 27 24 36 44 1 37 20 5 11 32 25 34 23 9 33 3 13 40 26 
student 235: 27 50 4 10 48 44 40 24 9 29 11 17 37 31 43 49 23 16 12 47 45 15 42 34 3 2 20 46 19 33 13 30 22 36 41 1 38 18 8 7 35 26 32 21 6 28 5 14 39 25 
student 236: 29 49 1 8 48 42 39 25 10 27 7 18 35 32 44 50 26 17 15 43 46 16 36 34 2 6 21 45 13 28 14 30 23 38 47 3 41 19 9 5 33 24 40 20 4 31 12 11 37 22 
student 237: 28 50 6 10 49 43 40 24 14 27 11 19 38 32 44 46 22 17 9 42 47 13 41 34 3 1 21 48 20 30 12 29 23 37 45 2 39 16 4 8 36 26 33 18 5 31 7 15 35 25 
student 238: 28 48 9 7 50 44 42 26 12 27 11 17 37 33 43 49 20 18 10 47 46 15 40 35 2 5 21 45 19 31 16 30 24 38 41 1 39 14 4 6 34 23 32 25 8 29 3 13 36 22 
student 239: 26 49 7 8 44 41 47 22 14 28 9 15 37 32 42 46 25 17 11 43 48 13 40 33 2 4 20 50 19 30 16 29 23 36 45 1 39 18 6 12 35 27 34 21 3 31 5 10 38 24 
student 240: 29 49 5 10 48 41 38 22 11 27 12 15 37 31 43 44 25 17 9 50 45 16 42 34 2 1 21 46 20 26 13 30 28 39 47 4 40 19 7 6 32 23 35 24 8 33 3 14 36 18 
student 241: 28 50 4 5 47 38 41 23 9 26 14 17 36 33 42 48 27 15 11 45 49 18 43 37 3 2 21 44 13 30 12 29 25 39 46 1 40 20 7 8 34 24 31 19 6 32 10 16 35 22 
student 242: 28 49 9 7 50 46 43 22 13 25 12 17 35 31 45 47 23 18 10 48 40 15 37 33 2 3 26 44 16 30 14 32 27 36 42 1 38 19 5 8 34 24 29 21 6 41 4 11 39 20 
student 243: 28 50 4 9 49 43 40 25 11 26 10 15 37 31 46 48 21 16 12 42 45 17 41 33 2 3 20 47 19 30 14 29 24 39 44 1 36 18 7 8 35 27 32 23 6 34 5 13 38 22 
student 244: 26 50 3 11 49 42 34 27 6 29 9 14 38 31 43 48 19 22 12 47 46 17 41 33 1 5 23 45 18 30 13 28 21 36 44 7 40 16 2 10 37 25 32 20 4 35 8 15 39 24 
student 245: 28 50 7 14 49 41 42 24 11 25 10 18 37 33 43 48 22 17 9 44 45 15 39 36 2 4 19 47 20 31 12 29 26 34 46 1 38 16 3 8 32 27 35 21 5 30 6 13 40 23 
student 246: 32 50 4 11 49 42 40 26 12 23 10 15 34 31 45 48 24 18 13 47 41 17 44 35 3 2 19 43 20 30 14 29 28 39 46 1 37 5 9 7 36 22 33 21 6 27 8 16 38 25 
student 247: 27 47 4 9 46 43 40 24 12 28 11 15 35 32 42 50 20 18 10 48 44 17 41 31 6 1 16 45 21 29 13 30 25 36 49 3 37 19 7 5 39 26 34 23 8 33 2 14 38 22 
student 248: 27 50 6 11 49 43 40 25 10 26 9 14 35 31 42 47 19 16 13 48 46 12 37 34 2 3 17 45 18 30 21 29 28 36 44 1 41 20 4 7 39 24 33 22 8 32 5 15 38 23 
student 249: 28 50 3 10 49 39 40 23 5 27 13 18 38 33 43 48 20 16 14 45 47 12 42 35 1 6 21 46 19 29 9 30 26 34 44 2 36 17 7 11 37 25 32 22 8 31 4 15 41 24 
student 250: 26 49 6 12 47 42 41 24 5 25 13 17 36 30 45 50 21 19 10 46 48 14 44 34 2 3 20 37 18 32 11 29 27 38 43 1 39 16 7 8 35 28 33 23 9 31 4 15 40 22 
student 251: 32 49 2 10 48 43 40 19 13 30 8 15 36 33 44 50 26 17 9 47 45 16 41 31 3 4 21 46 25 27 14 24 20 37 42 1 38 18 7 11 35 28 34 22 6 29 5 12 39 23 
student 252: 31 50 5 11 49 44 42 23 10 26 7 18 38 30 40 47 24 17 12 46 45 13 43 34 2 3 19 48 16 28 14 32 27 36 41 1 39 20 8 9 35 25 29 22 4 33 6 15 37 21 
student 253: 29 49 4 11 50 46 40 23 10 25 9 14 30 33 41 48 28 18 17 45 42 15 44 35 3 1 20 47 21 31 12 27 26 39 43 2 34 16 6 7 37 24 32 19 8 36 5 13 38 22 
student 254: 29 50 9 8 48 47 42 24 10 26 11 16 36 31 44 49 23 14 15 46 43 18 39 34 5 1 19 45 17 30 12 27 28 37 40 2 33 20 6 7 38 22 35 21 4 32 3 13 41 25 
student 255: 29 50 5 7 49 45 40 24 13 28 12 18 36 32 43 48 20 15 9 47 46 17 39 34 3 2 21 44 19 30 14 26 25 38 42 1 37 16 8 11 35 27 33 22 6 31 4 10 41 23 
student 256: 28 46 2 8 50 43 42 24 12 26 10 15 35 31 44 41 21 16 13 47 49 19 40 36 4 3 20 48 18 30 14 29 27 37 45 1 39 17 11 6 34 25 32 22 5 33 7 9 38 23 
student 257: 29 50 5 9 47 42 41 23 12 28 10 15 34 32 49 48 22 20 13 46 44 14 40 35 3 4 21 45 18 30 16 31 25 39 43 2 37 17 8 1 38 27 26 19 7 33 6 11 36 24 
student 258: 28 49 2 12 50 39 43 23 7 32 9 18 36 31 44 47 19 10 13 48 42 14 46 35 4 6 17 45 21 29 16 27 24 37 41 1 40 22 8 11 34 26 33 20 3 30 5 15 38 25 
student 259: 29 50 4 8 46 43 39 23 15 25 10 18 36 28 42 49 14 16 11 47 45 13 40 37 2 3 22 48 21 31 20 32 26 35 44 1 41 17 5 9 30 27 34 19 7 33 6 12 38 24 
student 260: 27 48 4 8 44 43 40 17 11 28 9 13 35 32 38 50 21 19 14 45 47 12 42 36 1 3 18 49 23 29 15 31 25 37 46 2 41 20 6 5 33 26 34 22 7 30 10 16 39 24 
student 261: 26 48 3 7 47 39 40 23 13 35 10 19 41 31 43 46 20 15 11 44 45 14 50 32 4 1 24 49 18 28 12 27 25 34 42 2 38 21 5 9 33 29 36 16 8 30 6 17 37 22 
student 262: 25 50 1 7 48 43 40 27 11 29 9 15 34 30 47 44 22 20 6 45 46 17 41 36 8 4 19 42 21 31 12 28 24 38 49 3 39 16 10 14 33 26 32 18 2 35 5 13 37 23 
student 263: 29 49 3 10 50 38 41 27 13 28 7 16 37 31 44 46 22 17 9 48 45 15 43 36 2 4 20 47 18 26 12 30 25 32 42 11 40 19 6 8 39 24 33 21 5 34 1 14 35 23 
student 264: 29 50 6 10 49 43 40 23 13 25 9 7 38 28 41 48 22 17 11 47 46 16 44 35 1 2 20 45 19 30 15 31 26 37 42 3 39 18 8 5 32 24 34 21 12 33 4 14 36 27 
student 265: 24 49 5 12 48 44 41 25 11 27 7 14 34 32 40 46 23 16 8 47 45 15 36 35 3 2 20 50 18 28 13 30 29 42 43 1 37 17 6 10 38 26 33 21 9 31 4 19 39 22 
student 266: 26 50 5 9 49 40 42 29 11 27 10 16 38 34 31 48 19 20 12 47 43 15 46 33 1 3 21 45 18 32 13 28 25 39 44 2 41 17 6 8 35 24 30 22 7 36 4 14 37 23 
student 267: 34 50 4 9 49 46 42 23 14 26 11 13 36 32 41 45 16 19 10 48 43 17 38 33 2 3 21 44 18 28 15 29 25 40 47 1 37 20 8 7 39 30 27 24 6 31 5 12 35 22 
student 268: 27 50 4 9 48 43 41 25 13 26 10 20 40 31 38 49 22 16 11 45 44 12 42 35 3 2 19 47 17 28 14 30 24 36 46 1 37 18 8 7 34 29 33 21 6 32 5 15 39 23 
student 269: 28 50 1 8 49 42 40 25 10 23 13 16 38 31 41 48 21 14 12 46 45 18 43 36 3 4 19 47 22 32 11 30 26 34 44 2 37 17 9 7 33 29 35 24 5 27 6 15 39 20 
student 270: 30 50 4 10 46 43 39 25 13 27 9 14 36 29 49 48 24 17 11 47 44 21 42 38 7 3 20 45 16 31 12 23 19 40 41 1 33 18 6 8 35 28 34 22 2 32 5 15 37 26 
student 271: 29 50 3 9 45 44 39 28 12 26 7 16 37 31 43 47 22 17 11 49 46 14 42 36 2 4 20 48 18 27 15 30 21 38 41 1 40 19 10 5 34 24 33 25 6 32 8 13 35 23 
student 272: 27 49 3 7 50 44 39 24 11 25 9 19 36 28 42 46 20 17 10 47 45 15 43 35 2 4 21 48 22 30 14 31 26 40 41 1 38 18 5 13 34 29 33 16 8 32 6 12 37 23 
student 273: 22 49 1 9 50 43 38 19 12 26 10 16 36 30 41 48 21 17 11 47 46 15 42 34 3 4 28 45 20 29 14 31 25 37 44 2 39 18 6 7 35 27 32 23 8 33 5 13 40 24 
student 274: 28 48 5 7 50 41 42 21 9 27 13 15 38 30 44 49 23 20 14 47 45 16 40 34 1 2 19 46 18 36 10 31 26 39 43 4 37 17 8 6 35 25 32 22 12 29 3 11 33 24 
student 275: 27 48 5 11 50 42 46 25 12 29 8 16 37 30 41 43 23 19 13 47 39 15 40 34 2 3 22 44 20 32 10 28 26 38 49 1 36 17 6 9 35 18 33 21 7 31 4 14 45 24 
student 276: 27 49 4 7 45 44 40 24 11 28 9 15 36 32 43 48 21 17 14 47 46 16 42 35 2 1 23 50 20 30 13 29 26 38 41 3 39 19 8 10 34 25 33 18 6 31 5 12 37 22 
student 277: 27 50 1 9 45 44 42 23 12 28 11 19 38 33 41 49 21 17 10 43 46 13 40 29 2 7 24 47 22 34 16 31 26 37 48 3 32 15 8 4 36 25 35 18 6 30 5 14 39 20 
student 278: 28 49 5 8 50 44 41 22 10 29 13 16 34 36 42 45 21 19 9 48 46 17 38 31 2 4 23 47 12 26 15 30 27 37 43 1 35 18 11 3 32 25 39 20 6 33 7 14 40 24 
student 279: 25 49 2 9 47 44 41 22 5 28 10 16 34 31 43 50 24 18 11 48 45 15 42 35 1 4 19 46 23 30 14 29 26 38 40 3 37 17 6 8 36 27 33 21 7 32 12 13 39 20 
student 280: 24 50 2 8 49 40 39 26 11 28 9 13 38 31 41 47 22 19 12 46 43 17 48 34 4 1 20 45 14 30 15 29 25 35 44 3 42 18 6 7 36 27 33 23 5 32 10 16 37 21 
student 281: 27 47 5 11 50 41 40 26 12 23 9 16 35 31 45 48 22 15 10 49 44 17 42 34 3 2 20 46 19 30 14 29 25 37 43 1 39 18 8 7 36 28 32 21 4 33 6 13 38 24 
student 282: 24 49 6 10 48 43 41 22 16 27 9 15 40 33 35 50 26 18 13 46 45 14 42 36 1 2 20 47 19 31 12 30 23 38 44 3 37 17 7 8 32 28 34 21 4 29 5 11 39 25 
student 283: 27 50 1 6 48 41 36 22 8 25 10 16 37 33 43 49 24 20 13 47 46 14 44 34 2 5 17 45 21 29 15 31 26 38 42 3 40 18 9 12 35 28 30 23 7 32 4 11 39 19 
student 284: 27 50 3 9 48 42 37 22 12 26 10 16 35 30 41 46 18 17 11 49 47 15 43 40 2 5 23 44 25 28 13 19 33 36 45 1 39 20 4 8 34 29 32 24 7 31 6 14 38 21 
student 285: 31 48 3 8 49 43 40 26 14 27 12 18 35 32 41 50 20 15 5 46 47 10 42 34 2 4 21 45 17 28 13 29 24 36 44 1 38 19 9 11 37 25 30 22 7 33 6 16 39 23 
student 286: 28 49 1 5 50 41 39 21 9 27 12 16 36 32 44 48 25 19 10 43 46 17 42 33 2 8 22 47 15 29 13 30 24 40 45 3 37 20 4 11 35 26 34 18 7 31 6 14 38 23 
student 287: 28 50 5 6 49 41 39 27 11 26 3 18 38 30 46 47 23 15 10 48 45 17 40 33 2 14 19 44 20 32 12 31 22 34 43 1 36 16 8 9 37 25 29 21 4 35 7 13 42 24 
student 288: 29 50 6 9 48 43 41 26 14 25 8 13 37 31 42 49 22 16 11 47 44 15 40 36 7 3 20 45 19 30 12 27 28 34 46 1 39 18 5 10 32 24 35 21 4 33 2 17 38 23 
student 289: 27 49 12 8 50 42 40 26 11 30 10 14 36 29 41 48 21 16 13 47 46 15 45 38 3 4 18 44 23 31 17 28 24 37 43 1 34 19 2 7 33 22 35 25 5 32 6 9 39 20 
student 290: 29 50 3 7 48 43 40 26 13 27 9 16 37 32 42 49 24 17 10 46 45 14 41 35 1 4 20 47 19 31 12 34 25 38 44 2 39 18 8 6 28 23 33 21 5 30 15 11 36 22 
student 291: 31 46 6 10 49 40 41 19 11 25 13 16 37 32 43 50 23 17 9 47 48 15 42 36 2 3 27 45 20 29 14 28 22 38 44 1 39 18 4 7 33 26 35 21 8 30 5 12 34 24 
student 292: 29 50 3 8 45 43 40 21 9 28 11 14 37 32 47 48 20 17 16 49 46 15 41 33 4 5 18 44 19 27 13 31 26 36 42 2 39 24 7 10 35 23 34 22 1 30 6 12 38 25 
student 293: 26 49 5 9 50 42 39 24 10 22 11 14 37 32 41 48 21 17 12 46 47 16 44 31 2 3 18 45 19 27 13 29 28 34 43 1 40 25 7 8 38 30 33 20 6 36 4 15 35 23 
student 294: 28 49 3 11 47 41 39 23 10 26 9 16 38 30 43 50 22 20 12 48 45 13 42 35 1 4 18 46 21 32 14 29 24 36 44 2 40 17 7 8 31 27 34 25 6 33 5 15 37 19 
student 295: 29 48 2 5 49 44 40 27 13 24 9 17 36 31 41 47 20 15 11 50 43 14 42 35 4 1 21 46 22 30 12 28 23 37 45 6 38 18 8 10 34 25 33 19 7 32 3 16 39 26 
student 296: 25 49 5 11 47 41 37 24 16 28 15 17 29 32 43 50 21 19 10 46 45 14 40 36 2 3 23 48 18 30 12 31 26 34 44 1 38 13 7 4 35 27 39 20 8 33 6 9 42 22 
student 297: 29 50 1 10 48 40 42 27 13 28 7 15 37 32 46 49 21 12 11 45 44 14 39 35 3 6 18 47 23 30 19 25 24 36 43 2 41 17 5 16 34 20 31 22 4 33 8 9 38 26 
student 298: 26 48 6 12 50 45 39 24 9 25 7 17 35 29 40 49 23 18 16 47 42 14 43 34 2 3 15 44 22 28 11 31 20 37 46 1 41 19 4 5 38 30 33 27 8 32 10 13 36 21 
student 299: 26 48 12 9 49 41 39 24 14 30 6 16 32 29 42 50 21 17 10 47 43 13 46 38 5 2 19 44 23 33 11 27 25 37 45 1 35 22 8 4 36 28 34 18 7 31 3 15 40 20 
student 300: 29 48 4 9 50 42 41 25 13 27 10 16 36 30 40 47 21 17 12 45 43 15 39 34 2 6 18 49 19 33 14 26 31 37 46 1 35 23 7 5 38 24 32 20 3 28 8 11 44 22 
student 301: 27 48 4 8 49 45 40 22 13 37 10 15 32 28 39 47 23 16 12 50 43 9 38 33 1 2 20 46 17 30 14 25 26 42 44 5 41 19 7 11 35 29 34 21 6 31 3 18 36 24 
student 302: 28 45 3 8 50 48 42 22 11 27 10 12 34 31 41 49 25 18 13 46 43 15 39 35 4 1 19 44 21 30 16 29 26 37 47 2 40 17 6 7 36 24 33 20 9 32 5 14 38 23 
student 303: 27 50 2 10 49 41 38 23 11 21 8 16 37 34 43 48 25 17 9 46 47 15 42 36 3 7 22 45 20 32 13 28 26 39 44 1 40 18 5 14 35 30 31 19 6 33 4 12 29 24 
student 304: 26 50 3 10 47 44 38 27 13 23 11 17 34 31 43 49 22 18 9 48 45 12 41 35 2 6 20 46 19 29 14 28 25 37 42 1 40 16 7 8 39 30 33 24 4 32 5 15 36 21 
student 305: 30 46 6 8 49 44 40 25 13 27 11 12 38 32 42 50 22 18 7 47 45 17 41 34 9 2 21 48 19 31 15 28 26 36 43 1 39 14 10 4 33 23 35 20 5 29 3 16 37 24 
student 306: 31 50 6 8 49 43 40 25 11 28 9 16 37 29 42 48 22 10 14 47 45 21 41 35 4 2 20 46 19 32 12 27 24 39 44 1 30 18 7 15 36 26 33 17 3 34 5 13 38 23 
student 307: 32 50 4 9 49 43 40 26 12 25 10 19 38 30 37 48 18 14 11 44 46 16 42 35 2 7 21 47 17 28 13 29 27 33 45 1 41 20 8 3 34 23 31 22 6 36 5 15 39 24 
student 308: 28 50 4 11 49 42 46 24 9 27 8 15 37 32 41 47 18 19 12 48 44 16 43 29 5 3 23 45 17 30 14 33 25 38 40 1 35 20 7 10 34 26 36 21 6 31 2 13 39 22 
student 309: 29 48 4 9 50 41 43 25 15 28 11 13 35 30 40 42 22 17 12 47 49 16 45 34 1 3 20 44 21 31 14 27 24 36 46 2 39 18 8 7 37 26 33 19 6 32 5 10 38 23 
student 310: 27 49 4 8 48 45 40 24 11 25 9 17 37 33 42 50 23 18 13 46 35 15 39 34 3 1 20 44 16 31 12 30 28 36 47 2 43 19 7 10 38 22 32 21 6 29 5 14 41 26 
student 311: 28 49 8 7 50 44 40 26 12 22 11 20 35 30 41 48 24 15 10 43 42 13 47 38 3 2 21 45 19 31 14 29 27 37 46 1 39 16 4 9 33 23 34 18 6 32 5 17 36 25 
student 312: 29 50 3 7 48 42 38 26 12 20 11 15 33 30 39 44 23 13 10 47 43 18 41 40 1 8 21 49 19 28 17 35 22 34 45 2 46 16 6 9 37 27 32 24 5 31 4 14 36 25 
student 313: 25 48 4 7 50 41 37 23 12 29 10 15 39 30 42 49 22 16 11 47 45 17 43 35 2 6 21 46 19 31 13 26 28 36 44 1 38 18 5 8 34 24 33 27 9 32 3 14 40 20 
student 314: 26 50 6 8 47 44 39 23 11 30 9 18 36 32 41 49 19 16 10 48 43 14 37 34 1 2 21 42 17 28 13 27 29 40 46 4 38 22 7 12 35 25 33 24 5 31 3 15 45 20 
student 315: 30 43 4 12 49 45 44 23 11 29 7 17 34 27 42 50 21 14 9 48 46 16 41 35 1 3 18 47 20 31 15 28 25 37 40 2 38 19 10 5 36 24 32 22 6 33 8 13 39 26 
student 316: 27 50 5 8 49 43 40 21 11 28 9 16 36 31 41 48 23 14 12 46 45 17 39 35 2 3 18 47 19 29 13 30 26 34 44 1 38 20 10 4 37 22 33 24 7 32 6 15 42 25 
student 317: 24 48 6 12 50 43 41 23 4 27 14 15 36 32 44 47 20 9 11 45 46 13 42 33 1 3 18 39 21 29 16 30 25 37 49 2 40 19 8 10 35 28 34 26 7 31 5 17 38 22 
student 318: 28 46 6 8 50 42 40 22 11 25 12 17 36 30 39 49 20 15 10 48 47 16 43 34 2 3 23 44 21 29 18 32 26 35 45 5 37 13 7 9 41 27 33 19 4 31 1 14 38 24 
student 319: 28 50 3 6 49 42 36 24 12 27 9 13 38 30 43 48 20 15 10 46 45 11 41 33 1 17 22 47 19 35 18 29 25 39 44 7 40 14 5 8 31 26 34 21 4 37 2 16 32 23 
student 320: 25 46 4 10 49 44 41 26 14 28 8 16 34 35 42 47 24 17 12 50 43 15 40 36 2 3 19 48 18 30 13 29 23 38 45 1 37 20 6 7 32 27 33 21 5 31 9 11 39 22 
student 321: 28 50 2 9 47 43 42 20 18 23 10 15 36 37 41 48 27 17 11 49 45 14 32 34 3 5 24 46 16 29 13 33 26 39 44 1 38 19 7 8 35 21 30 22 4 31 6 12 40 25 
student 322: 29 50 5 8 48 43 35 25 11 28 4 18 37 27 42 49 22 15 12 47 46 14 41 32 1 3 20 45 19 31 13 30 26 38 44 2 39 17 9 10 34 24 33 21 7 36 6 16 40 23 
student 323: 24 50 3 8 49 45 41 23 12 34 10 18 36 29 44 47 27 15 11 43 42 14 39 33 1 9 21 48 16 32 13 30 25 40 46 2 37 19 4 7 35 26 31 20 6 28 5 17 38 22 
student 324: 30 50 4 7 49 45 44 21 13 25 8 16 38 28 43 46 26 17 12 48 47 11 35 33 10 2 20 41 19 29 14 32 24 40 36 1 42 18 9 5 34 27 37 22 3 31 6 15 39 23 
student 325: 26 48 6 10 49 42 40 22 9 32 8 17 31 29 47 50 24 19 11 45 46 13 41 35 4 1 23 44 15 30 12 28 25 38 43 3 36 20 5 14 34 27 33 18 2 37 7 16 39 21 
student 326: 33 50 8 7 48 43 42 26 10 30 15 11 37 31 41 49 20 18 9 46 47 19 40 35 3 5 24 44 17 29 14 28 23 36 45 4 38 16 2 12 34 25 32 21 1 27 6 13 39 22 
student 327: 29 47 6 9 48 41 42 23 11 25 8 17 36 34 40 50 22 20 10 45 43 16 46 32 3 4 19 44 18 30 12 28 27 35 49 1 39 14 13 5 37 26 33 21 7 31 2 15 38 24 
student 328: 28 50 4 12 48 43 39 25 13 30 11 17 34 31 42 49 22 18 7 47 46 16 41 35 1 3 19 44 14 29 10 27 24 38 45 2 40 21 6 8 37 26 32 20 9 33 5 15 36 23 
student 329: 28 50 7 9 48 42 37 23 15 26 12 17 35 32 41 45 20 16 14 49 44 13 40 39 1 3 22 46 19 30 10 29 24 43 47 2 36 18 4 6 34 25 31 21 8 33 5 11 38 27 
student 330: 26 50 5 9 49 40 41 24 15 30 10 16 37 29 43 47 23 18 11 48 45 13 42 33 3 4 19 44 21 31 12 28 22 38 46 1 39 17 6 8 35 27 34 20 7 32 2 14 36 25 
student 331: 27 49 9 5 50 43 38 30 7 24 6 16 34 31 39 48 19 20 11 47 45 14 41 36 8 1 21 46 25 29 12 28 22 37 44 2 42 17 4 13 35 26 33 18 10 32 3 15 40 23 
student 332: 27 50 5 11 49 41 42 24 10 33 6 12 36 28 38 48 21 18 14 45 44 17 43 34 1 3 22 47 19 29 13 30 25 37 46 2 40 16 7 8 35 26 32 20 4 31 9 15 39 23 
student 333: 27 50 5 13 44 42 45 23 18 25 14 20 34 30 40 48 22 7 11 49 47 16 46 37 1 3 19 43 15 33 12 32 24 36 41 2 39 17 4 8 38 29 28 21 10 31 6 9 35 26 
student 334: 27 49 5 9 50 46 45 26 11 28 13 19 37 32 38 48 24 12 10 42 47 17 41 34 4 3 23 43 20 29 14 31 22 39 44 1 40 16 6 8 35 25 33 18 2 30 7 15 36 21 
student 335: 25 50 2 10 48 43 41 26 13 30 8 17 29 33 42 46 22 15 11 49 44 16 39 40 7 9 23 47 21 31 14 28 27 37 45 1 38 18 4 6 35 19 32 20 3 34 5 12 36 24 
student 336: 29 49 6 10 50 42 40 22 5 27 12 17 35 26 44 48 23 13 11 45 47 18 43 37 4 2 20 46 19 25 14 32 30 36 41 1 38 16 8 9 33 24 34 21 7 31 3 15 39 28 
student 337: 28 50 4 10 48 45 39 23 11 31 9 19 40 33 42 49 24 14 12 44 47 16 41 32 3 2 20 46 18 29 13 27 25 34 43 1 37 15 7 8 36 26 35 21 6 30 5 17 38 22 
student 338: 27 50 8 12 49 41 42 34 11 23 9 16 38 31 43 48 20 17 10 47 46 15 40 28 2 3 24 44 18 32 14 29 26 36 45 1 39 22 7 5 35 25 33 19 6 30 4 13 37 21 
student 339: 28 50 4 10 49 43 39 22 7 27 14 17 36 30 44 46 21 18 9 48 45 15 42 34 5 1 24 47 20 31 12 29 23 37 41 2 38 19 8 13 35 26 33 16 6 32 3 11 40 25 
student 340: 25 45 3 9 49 43 38 28 17 30 14 15 37 35 40 48 23 19 10 47 46 13 42 32 2 1 20 50 16 34 11 29 27 39 44 5 41 18 7 8 33 22 31 21 4 26 6 12 36 24 
student 341: 30 49 2 8 48 42 40 22 13 27 11 14 36 29 41 46 21 16 12 47 45 19 38 32 3 4 20 50 18 28 7 33 23 39 44 1 37 17 10 6 35 26 34 24 9 31 5 15 43 25 
student 342: 25 47 4 9 48 40 42 26 14 28 10 17 37 33 43 50 22 13 12 45 49 20 41 32 3 2 19 44 16 30 11 29 27 35 46 1 38 18 7 8 36 23 34 21 6 31 5 15 39 24 
student 343: 27 48 2 7 50 47 40 28 11 26 14 16 36 34 43 46 22 21 9 49 41 15 42 35 1 5 23 45 18 33 13 29 19 38 44 4 37 17 6 3 31 25 32 20 10 30 8 12 39 24 
student 344: 24 50 3 10 48 45 39 27 11 30 12 18 36 32 46 47 23 16 8 49 42 19 44 26 5 1 20 43 13 28 22 34 25 38 41 2 40 15 7 9 35 31 33 21 4 29 6 14 37 17 
student 345: 25 49 1 10 48 39 44 23 13 28 9 18 35 29 43 50 20 16 11 47 42 15 45 34 3 4 17 46 19 32 14 30 26 36 41 2 38 21 5 8 40 27 33 22 6 31 7 12 37 24 
student 346: 28 50 5 8 44 47 40 24 16 34 10 14 38 27 42 49 23 17 12 48 45 15 41 30 3 1 19 46 21 29 13 31 22 33 43 2 39 18 7 9 37 26 35 20 6 32 4 11 36 25 
student 347: 29 49 4 8 47 43 37 24 11 26 10 17 38 28 39 44 19 16 15 48 45 13 42 34 2 3 21 50 18 31 12 30 25 36 41 1 46 20 7 9 35 23 33 22 5 32 6 14 40 27 
student 348: 29 50 2 7 49 41 42 25 8 28 11 17 37 33 45 48 23 16 15 47 44 14 39 40 4 6 20 46 21 34 12 30 24 36 43 1 38 18 10 3 31 26 32 19 5 27 9 13 35 22 
student 349: 28 50 5 6 49 40 38 23 7 27 12 16 34 31 44 48 25 17 14 46 45 19 42 33 4 1 22 47 15 30 8 29 26 35 43 2 37 18 3 10 39 21 32 20 11 36 9 13 41 24 
student 350: 21 50 5 9 45 37 41 23 12 28 16 18 35 31 42 49 22 17 11 46 43 14 39 40 2 3 19 44 24 32 13 29 27 36 48 1 47 10 4 8 30 26 34 20 7 33 6 15 38 25 
student 351: 27 50 8 13 49 44 42 20 14 26 9 18 36 32 43 45 24 16 11 47 46 10 41 35 3 4 19 48 17 33 12 30 25 34 40 1 37 22 6 7 39 28 29 21 5 31 2 15 38 23 
student 352: 22 50 7 10 47 35 42 26 14 21 12 16 32 33 49 48 23 17 9 45 43 15 46 30 3 5 20 44 19 31 6 27 28 40 39 1 37 18 8 11 36 29 38 24 4 34 2 13 41 25 
student 353: 29 45 3 9 48 46 40 27 11 26 12 15 36 31 42 49 25 18 16 50 47 13 38 33 5 2 20 43 19 30 14 32 24 34 41 1 39 17 6 8 44 23 28 22 4 35 7 10 37 21 
student 354: 29 50 3 11 44 49 40 24 13 25 7 18 33 31 39 47 22 17 12 48 43 15 42 37 5 8 21 45 19 28 14 27 26 35 46 2 38 16 1 9 36 30 34 20 6 32 4 10 41 23 
student 355: 29 50 5 6 47 46 42 24 13 25 9 18 34 36 41 48 21 15 10 45 49 16 40 37 4 2 17 43 23 31 14 28 27 35 44 1 39 19 8 7 30 26 33 20 12 32 3 11 38 22 
student 356: 30 50 3 9 44 39 41 25 10 27 14 19 36 31 43 46 22 15 11 48 47 13 42 32 5 1 18 49 20 29 16 28 24 37 45 2 38 21 8 6 35 26 34 17 4 33 7 12 40 23 
student 357: 29 50 3 10 44 42 39 25 13 27 11 18 36 31 32 48 21 17 12 41 47 15 45 37 6 2 19 49 20 30 9 28 24 38 46 1 43 16 5 7 40 26 34 22 8 33 4 14 35 23 
student 358: 28 50 5 10 49 43 37 24 13 27 11 16 36 33 42 47 22 15 12 48 46 14 40 34 2 3 18 45 20 29 9 30 25 38 44 1 39 21 4 6 35 26 32 19 8 31 7 17 41 23 
student 359: 27 48 5 12 50 43 40 25 11 29 2 16 35 32 42 47 23 17 10 49 45 15 41 37 1 4 22 46 20 31 13 28 24 38 44 3 36 18 8 9 34 26 33 19 6 30 7 14 39 21 
student 360: 29 47 3 11 49 50 37 25 12 28 8 15 39 33 41 46 23 22 10 48 40 17 36 35 4 1 19 45 16 30 13 27 24 42 44 2 34 18 7 6 32 26 38 21 9 31 5 14 43 20 
student 361: 28 50 2 6 49 41 44 24 12 27 10 17 36 33 42 45 20 14 11 48 47 13 38 32 1 4 19 46 22 30 16 29 26 35 43 3 37 18 7 9 39 25 34 21 8 31 5 15 40 23 
student 362: 29 49 5 9 48 41 39 25 12 21 11 13 34 31 43 46 16 20 10 50 44 18 40 32 4 1 22 45 19 24 14 30 26 36 47 2 38 17 8 6 42 27 37 28 7 33 3 15 35 23 
student 363: 30 49 1 9 50 43 41 21 11 28 10 17 33 34 40 44 18 19 13 47 46 16 42 35 3 4 23 48 15 29 12 25 27 37 45 2 39 20 6 8 36 22 32 24 7 31 5 14 38 26 
student 364: 28 50 3 6 49 43 45 26 12 24 10 11 36 32 42 48 21 22 15 47 46 17 38 35 2 4 19 41 18 30 13 29 23 37 44 1 39 16 8 7 31 27 33 20 9 34 5 14 40 25 
student 365: 29 50 3 6 49 42 37 24 13 26 10 14 38 28 44 47 22 18 11 48 46 16 43 34 2 5 17 45 20 32 15 31 27 39 41 1 40 19 9 12 35 25 33 21 8 30 4 7 36 23 
student 366: 29 50 5 2 49 42 40 28 14 25 11 9 37 31 43 48 21 16 10 47 46 15 41 36 3 4 20 45 24 30 12 27 23 39 44 1 35 17 13 7 34 26 32 19 8 33 6 18 38 22 
student 367: 30 49 4 11 47 40 41 28 13 27 9 16 37 31 45 48 22 17 8 50 46 14 42 34 3 7 20 44 18 24 15 29 26 36 43 1 39 19 5 10 35 21 33 23 6 32 2 12 38 25 
student 368: 29 50 1 9 47 43 39 25 7 27 10 13 37 31 42 46 23 19 11 49 45 17 41 34 4 3 18 48 20 30 15 32 26 38 44 2 40 16 8 12 35 28 33 22 6 24 5 14 36 21 
student 369: 26 50 10 6 48 44 40 24 12 30 11 15 35 33 43 49 22 19 9 47 46 18 41 38 3 2 21 42 16 29 13 28 27 36 45 1 37 17 8 5 34 25 31 20 7 32 4 14 39 23 
student 370: 27 49 2 11 47 42 36 15 12 28 10 16 37 30 41 45 24 14 9 50 44 17 43 34 3 5 22 48 20 29 13 32 25 39 46 1 40 19 6 8 38 26 31 23 4 33 7 18 35 21 
student 371: 33 50 4 11 48 49 39 24 9 27 10 13 38 23 40 43 22 14 19 47 46 20 44 32 3 2 16 45 17 35 15 31 25 36 42 1 37 21 7 8 34 26 30 28 6 29 5 12 41 18 
student 372: 28 50 6 9 48 44 38 24 10 25 11 19 39 30 45 46 23 15 7 49 47 14 41 34 1 5 22 43 17 32 18 29 26 37 42 2 40 20 4 13 33 21 35 16 8 31 3 12 36 27 
student 373: 29 50 5 11 48 42 40 24 10 25 9 12 38 30 41 49 28 13 17 46 44 18 39 33 1 3 22 47 20 31 14 26 27 36 43 2 45 16 4 7 35 21 32 19 8 34 6 15 37 23 
student 374: 26 49 5 6 50 45 38 25 15 29 9 12 37 27 42 48 24 14 8 44 43 16 39 34 1 2 22 47 18 30 17 31 21 35 46 3 40 19 13 4 36 20 33 23 11 32 7 10 41 28 
student 375: 28 47 3 14 46 43 44 24 11 32 10 17 30 31 40 49 23 19 8 50 48 15 41 34 2 5 20 45 16 33 13 29 26 37 42 1 39 22 7 4 35 25 36 18 6 27 9 12 38 21 
student 376: 37 49 5 8 42 45 43 22 15 27 6 21 34 32 41 50 25 14 11 48 44 13 47 35 3 4 18 46 17 24 16 31 33 38 40 1 36 23 7 10 39 20 28 19 2 30 9 12 29 26 
student 377: 32 48 7 8 49 43 44 25 10 31 13 15 36 27 40 50 21 20 11 46 45 14 38 30 2 1 18 47 19 29 12 28 24 37 42 3 35 17 6 9 39 26 34 22 4 33 5 16 41 23 
student 378: 28 49 3 4 50 42 38 25 13 27 12 15 37 35 41 47 22 21 6 45 44 10 43 34 2 5 18 48 20 29 14 30 24 40 46 1 39 17 7 9 36 26 32 19 11 31 8 16 33 23 
student 379: 28 50 4 7 49 45 40 24 10 29 11 16 37 34 42 47 22 21 12 48 44 13 38 30 1 3 20 46 18 32 14 26 27 39 41 2 43 17 9 8 31 25 33 19 6 35 5 15 36 23 
student 380: 29 48 4 7 46 41 42 24 13 27 8 17 40 31 44 50 22 19 12 47 49 14 39 35 1 5 25 43 21 26 11 30 23 36 45 3 38 18 9 10 33 28 34 15 6 32 2 16 37 20 
student 381: 28 50 5 11 48 45 38 22 13 27 10 12 34 30 46 47 25 18 7 43 41 16 40 33 4 2 20 49 19 31 14 29 24 37 44 1 39 17 8 9 35 26 36 21 6 32 3 15 42 23 
student 382: 27 49 4 8 48 45 38 28 12 23 11 17 35 33 40 50 20 22 13 47 44 15 41 32 1 3 18 46 16 30 14 29 21 34 42 2 43 26 5 7 39 25 36 19 9 31 6 10 37 24 
student 383: 28 47 4 7 50 45 41 27 5 25 12 17 36 32 42 48 18 19 11 49 43 16 39 34 2 1 24 44 20 31 13 30 21 37 46 3 38 14 10 9 35 26 33 23 6 29 8 15 40 22 
student 384: 28 50 5 10 49 44 41 26 13 27 7 16 38 30 42 48 24 19 17 47 46 15 40 32 2 6 18 45 20 29 9 35 22 37 43 1 34 14 3 11 36 25 33 21 8 31 4 12 39 23 
student 385: 25 50 1 7 49 45 39 23 12 31 10 17 36 29 42 47 22 19 8 48 44 14 41 33 2 9 24 46 15 30 16 27 26 40 43 3 37 20 11 6 34 28 32 18 5 35 4 13 38 21 
student 386: 35 50 7 6 48 45 39 22 10 28 12 17 34 29 42 46 26 23 11 49 43 14 40 36 1 5 20 47 18 30 13 27 24 37 44 2 41 16 8 9 31 25 33 19 4 32 3 15 38 21 
student 387: 27 50 6 2 49 46 38 24 10 25 11 14 33 31 44 48 22 16 12 47 42 15 39 41 1 5 20 40 18 29 13 30 28 43 45 4 37 17 8 9 35 23 32 21 3 34 7 19 36 26 
student 388: 25 49 5 9 47 43 41 24 13 28 11 16 37 30 45 44 21 17 7 50 46 15 40 35 1 4 27 48 19 31 14 29 26 38 42 3 36 23 6 10 34 22 33 18 2 32 8 12 39 20 
student 389: 31 50 4 12 49 40 39 22 8 23 10 14 35 30 45 44 24 17 15 48 47 16 43 26 2 3 18 46 21 32 11 29 25 38 42 1 41 20 5 7 37 28 33 19 6 34 9 13 36 27 
student 390: 28 50 7 8 48 42 43 24 9 26 14 15 38 32 41 49 21 11 12 47 45 18 39 33 1 4 27 46 19 29 13 30 22 36 44 5 40 16 3 10 34 25 35 20 6 31 2 17 37 23 
student 391: 30 49 2 9 50 44 38 23 25 31 11 14 36 28 40 45 21 17 12 47 48 15 42 33 7 5 20 46 19 29 13 26 27 37 43 1 41 16 4 6 35 24 34 18 8 32 3 10 39 22 
student 392: 29 47 5 10 50 46 38 24 14 25 9 17 36 28 39 40 23 12 11 49 45 15 43 30 1 4 20 48 18 31 13 32 27 41 44 2 42 22 6 8 34 26 33 21 7 35 3 16 37 19 
student 393: 22 49 5 9 50 43 38 24 12 26 10 16 37 33 45 47 23 19 13 48 44 17 40 35 2 4 21 46 14 28 15 29 27 39 41 1 34 18 7 8 32 30 31 20 3 36 6 11 42 25 
student 394: 27 50 1 10 48 42 41 23 13 28 11 14 35 34 40 49 24 16 9 47 46 19 43 33 6 3 17 44 21 32 12 29 26 37 45 2 39 20 4 7 38 25 31 22 8 30 5 15 36 18 
student 395: 27 49 3 9 48 45 39 17 16 32 10 20 33 30 43 50 23 18 13 47 36 14 44 40 5 2 15 38 21 29 11 28 25 35 46 1 42 19 7 8 37 26 31 22 4 34 6 12 41 24 
student 396: 24 50 5 9 49 43 40 31 13 22 7 18 38 30 42 48 23 16 14 45 46 15 41 34 2 4 20 44 17 29 12 28 27 36 47 1 37 19 3 10 35 26 33 21 8 32 6 11 39 25 
student 397: 29 48 2 9 49 45 35 21 11 25 14 17 40 32 41 47 24 15 10 50 42 13 39 33 3 4 20 44 19 28 12 31 23 37 46 1 38 18 7 6 36 27 34 22 5 30 8 16 43 26 
student 398: 27 50 7 10 48 40 43 21 13 29 1 14 33 31 35 49 25 16 12 46 44 15 42 32 5 3 18 45 22 28 11 37 26 41 47 2 39 19 6 8 34 24 38 20 9 30 4 17 36 23 
student 399: 28 50 3 6 49 43 40 26 15 29 8 16 38 30 42 45 19 14 13 47 46 17 41 35 4 1 21 48 20 31 10 24 25 39 44 2 33 18 11 9 36 27 34 23 5 32 7 12 37 22 
student 400: 28 48 5 9 50 47 43 25 11 27 10 16 37 31 40 46 20 17 13 44 45 14 32 35 3 1 22 49 18 30 12 29 26 38 42 2 41 19 8 7 36 23 34 21 6 33 4 15 39 24 
student 401: 27 50 2 9 49 46 41 23 4 28 13 15 33 31 47 48 21 20 11 44 42 16 40 32 5 10 24 43 17 30 12 29 22 38 45 1 37 18 6 8 36 26 34 19 3 35 7 14 39 25 
student 402: 28 48 8 13 49 43 36 21 9 26 12 14 38 29 42 50 24 20 7 46 45 15 41 34 3 4 18 47 19 30 16 32 25 37 44 1 39 17 10 6 35 27 33 22 2 31 5 11 40 23 
student 403: 27 50 4 13 49 45 39 25 6 22 12 17 31 32 38 48 29 18 11 46 41 16 43 35 2 3 19 44 10 28 14 33 21 37 47 1 40 20 9 8 36 26 34 24 5 30 7 15 42 23 
student 404: 29 50 3 9 46 48 40 23 13 28 7 18 36 33 43 45 19 14 12 47 41 16 42 35 2 4 22 49 20 32 11 26 27 30 44 1 37 17 6 10 38 25 34 24 5 31 8 15 39 21 
student 405: 29 48 5 10 50 44 41 24 14 28 11 16 38 30 46 45 19 21 9 49 39 12 42 37 1 3 23 47 22 27 15 31 26 36 43 2 40 17 7 8 33 25 32 18 6 35 4 13 34 20 
student 406: 30 48 2 12 50 41 36 24 14 25 6 13 37 35 43 44 22 17 9 49 46 11 39 33 7 1 19 47 20 26 10 32 23 38 45 5 42 18 8 16 34 28 31 21 3 29 4 15 40 27 
student 407: 28 47 4 9 50 44 40 24 13 25 8 14 37 30 41 46 22 18 11 49 42 17 43 35 1 3 21 45 19 29 12 31 26 38 48 2 39 15 10 7 33 27 34 23 5 32 6 16 36 20 
student 408: 29 45 7 6 50 44 42 21 13 27 9 16 35 32 41 49 23 17 10 46 47 14 39 33 1 2 19 48 18 30 12 28 24 38 43 3 40 20 11 5 36 26 31 22 4 34 8 15 37 25 
student 409: 29 50 3 10 49 42 39 24 11 25 7 16 37 32 43 48 23 18 13 46 47 14 40 34 1 2 19 45 20 28 12 31 26 38 44 4 36 17 8 9 35 27 30 21 5 33 6 15 41 22 
student 410: 28 49 4 9 45 41 42 25 13 27 12 17 38 31 43 50 23 16 10 48 44 11 35 37 3 1 21 47 19 34 14 26 24 39 46 2 40 18 6 8 33 29 30 22 5 32 7 15 36 20 
student 411: 29 49 3 9 50 42 37 18 12 24 10 15 39 31 45 46 25 17 13 48 43 16 40 34 6 2 23 47 19 33 11 30 21 36 44 7 41 22 1 8 35 27 28 20 5 32 4 14 38 26 
student 412: 28 50 2 10 47 43 38 25 12 27 7 16 37 31 40 48 22 20 9 44 45 15 39 34 4 5 23 42 18 30 19 29 26 36 49 1 46 14 11 8 35 24 32 17 3 33 6 13 41 21 
student 413: 26 50 4 7 49 45 43 24 13 28 11 14 36 31 41 48 23 20 8 47 44 16 40 32 1 2 18 46 17 30 15 29 25 37 42 3 38 21 9 10 35 27 34 19 5 33 6 12 39 22 
student 414: 28 44 4 10 50 41 36 25 8 26 11 16 39 31 38 49 21 18 12 47 46 13 45 37 1 3 23 48 14 33 15 30 29 40 43 2 34 19 9 6 32 24 35 20 7 27 5 17 42 22 
student 415: 27 49 5 4 46 38 42 21 11 29 10 16 37 30 43 50 23 18 15 45 47 17 39 32 2 3 22 48 8 28 12 35 25 36 44 1 41 20 9 14 33 24 34 19 7 31 6 13 40 26 
student 416: 30 49 3 11 44 46 40 24 12 27 8 18 36 31 42 50 20 15 10 48 47 16 45 34 4 1 17 43 19 29 14 25 22 33 41 2 38 23 9 7 39 28 35 26 6 32 5 13 37 21 
student 417: 30 48 6 7 49 39 41 24 12 26 9 15 35 29 42 50 20 18 11 45 46 16 43 34 1 3 17 44 22 31 13 27 25 36 47 2 40 19 5 8 37 28 33 23 10 32 4 14 38 21 
student 418: 27 50 4 8 46 49 42 24 13 26 12 15 35 29 43 47 23 17 14 44 45 10 40 34 5 7 22 41 18 28 6 31 25 38 48 2 37 19 9 11 36 30 33 16 3 32 1 21 39 20 
student 419: 28 50 6 9 49 44 40 29 13 25 10 20 37 30 45 42 24 21 14 46 41 18 43 36 2 4 19 47 17 31 11 26 27 38 48 1 39 16 8 5 35 12 32 22 7 33 3 15 34 23 
student 420: 30 50 5 9 48 46 40 24 13 25 10 16 35 33 42 45 22 19 12 47 49 14 41 36 3 7 17 44 20 29 11 27 26 38 43 2 37 18 8 6 34 28 32 21 4 31 1 15 39 23 
student 421: 29 50 6 7 45 42 43 27 18 28 8 16 32 30 47 49 26 19 9 44 46 14 41 34 11 1 20 48 21 33 12 23 22 37 35 3 40 15 5 10 39 24 31 17 4 36 2 13 38 25 
student 422: 28 50 3 9 49 44 39 25 15 30 11 17 38 27 43 47 22 20 10 45 46 12 36 34 2 4 19 48 21 32 13 31 26 40 42 1 41 16 5 7 35 24 33 18 8 29 6 14 37 23 
student 423: 32 49 3 10 50 43 40 24 11 27 6 16 35 31 42 48 21 18 12 47 44 14 41 33 1 5 22 46 17 29 13 28 25 38 45 4 39 19 8 7 34 26 30 20 9 36 2 15 37 23 
student 424: 31 47 5 8 50 41 39 25 11 24 9 17 38 34 43 49 21 16 13 45 44 14 42 37 2 4 19 48 22 27 15 29 20 33 46 1 40 18 6 10 35 28 30 23 7 32 3 12 36 26 
student 425: 30 48 6 7 50 40 42 27 13 25 10 17 35 32 41 49 14 16 12 45 46 20 44 38 2 4 19 47 21 28 11 31 23 36 43 1 37 18 9 8 34 24 29 22 3 33 5 15 39 26 
student 426: 28 47 3 8 49 48 39 23 9 26 11 18 37 31 41 50 22 15 12 46 44 14 43 35 2 4 19 45 13 30 16 27 24 40 42 1 36 20 10 7 34 33 29 21 5 32 6 17 38 25 
student 427: 24 50 6 10 46 40 33 25 15 28 9 19 36 31 41 48 22 12 13 49 47 16 44 37 1 3 20 45 18 29 14 27 30 42 43 2 39 17 5 8 38 26 32 21 4 35 7 11 34 23 
student 428: 29 47 2 6 48 45 42 24 15 26 9 18 34 30 40 50 23 16 12 43 49 14 41 35 1 3 22 46 19 33 13 28 25 38 44 8 36 17 5 7 37 27 32 21 10 31 4 11 39 20 
student 429: 23 50 2 8 47 37 41 25 11 29 10 19 38 32 42 46 24 16 9 48 44 17 43 35 1 4 20 49 21 30 15 31 28 33 45 5 39 13 6 7 36 27 34 18 3 26 12 14 40 22 
student 430: 27 50 2 13 49 45 39 24 11 28 10 12 37 30 36 48 23 15 9 47 40 17 43 33 4 1 21 44 19 29 16 31 25 38 46 3 42 18 7 8 35 26 32 20 6 34 5 14 41 22 
student 431: 31 49 5 10 46 38 41 23 7 27 6 16 36 29 43 48 24 17 11 45 47 15 44 34 4 3 18 50 20 28 14 25 32 37 42 1 40 19 9 12 35 26 33 21 8 30 2 13 39 22 
student 432: 27 49 7 10 48 44 41 21 8 28 16 15 37 33 40 50 24 20 11 45 43 17 42 32 3 2 22 47 14 31 12 29 23 39 46 1 38 19 6 4 34 26 35 18 5 30 9 13 36 25 
student 433: 28 50 5 8 46 40 39 22 14 26 21 16 36 32 38 48 20 17 11 49 43 10 41 35 2 3 18 47 13 30 15 29 25 31 45 1 44 24 7 9 37 27 34 19 6 33 4 12 42 23 
student 434: 31 50 9 8 48 42 40 19 14 28 11 13 35 32 41 49 23 17 12 47 44 20 43 33 2 3 21 45 26 29 15 27 24 37 46 1 39 16 6 7 36 25 30 18 5 34 4 10 38 22 
student 435: 26 50 5 8 49 48 40 23 16 32 11 13 36 24 42 47 22 14 10 46 45 18 41 34 1 2 19 43 20 25 12 29 27 37 44 4 38 15 7 9 35 30 33 21 3 31 6 17 39 28 
student 436: 28 49 5 12 45 41 37 22 13 25 10 15 39 36 46 50 18 17 4 48 47 16 42 34 2 3 20 43 21 30 11 32 26 35 44 1 38 19 9 8 31 27 33 23 7 29 6 14 40 24 
student 437: 29 49 6 11 48 44 38 25 10 27 12 15 34 33 43 50 20 23 8 47 46 13 41 35 2 3 21 45 16 32 14 30 24 37 42 1 40 19 7 9 28 26 36 18 4 31 5 17 39 22 
student 438: 26 50 3 10 49 42 36 23 12 27 11 17 38 29 44 47 25 16 8 46 45 14 41 34 4 2 20 43 15 32 18 28 30 35 48 1 40 19 9 6 31 24 33 21 5 37 7 13 39 22 
student 439: 28 49 7 15 50 43 41 25 12 27 8 17 37 34 42 46 21 19 10 44 47 16 40 35 2 3 23 48 14 31 11 29 26 39 45 1 36 18 9 4 32 24 33 20 6 30 5 13 38 22 
student 440: 26 49 5 3 46 42 40 23 12 25 11 20 36 33 44 50 22 16 8 47 45 15 41 34 2 4 21 48 17 28 14 27 24 35 43 1 38 18 10 9 37 29 32 19 7 30 6 13 39 31 
student 441: 31 47 3 11 49 40 38 25 14 27 10 16 35 34 42 50 23 17 13 48 44 12 43 36 5 1 21 46 19 29 15 28 20 37 45 2 41 18 7 9 32 26 33 22 6 30 4 8 39 24 
student 442: 26 49 4 9 48 41 40 24 13 30 6 16 39 31 43 47 23 17 11 46 50 12 44 33 3 2 20 45 19 28 15 29 25 36 42 1 38 18 8 10 35 27 34 21 7 32 5 14 37 22 
student 443: 26 49 2 10 48 45 39 24 11 31 9 20 38 33 42 50 15 18 12 46 44 17 41 32 5 4 22 43 19 27 14 29 28 36 47 1 37 13 8 6 35 25 34 21 7 30 3 16 40 23 
student 444: 24 50 6 4 49 44 40 26 10 25 13 19 35 32 41 48 15 17 9 47 43 16 42 33 3 5 22 45 20 30 14 31 27 36 46 1 39 18 8 11 37 28 29 23 7 34 2 12 38 21 
student 445: 28 48 3 7 50 44 40 23 10 27 12 8 36 37 41 47 22 16 15 46 49 17 42 35 2 5 21 43 18 30 13 29 25 38 45 1 39 19 9 11 33 26 32 20 4 31 6 14 34 24 
student 446: 30 48 2 14 49 44 43 25 11 27 9 15 42 33 40 50 24 19 10 46 45 12 34 35 7 5 21 47 23 29 16 26 22 31 41 1 39 13 4 8 38 28 37 20 6 32 3 17 36 18 
student 447: 28 49 3 7 48 45 41 24 14 27 8 12 33 32 42 43 22 15 11 50 46 13 39 34 6 1 21 47 17 30 16 29 26 35 44 2 38 19 9 10 40 25 37 20 4 31 5 18 36 23 
student 448: 23 50 5 7 49 44 40 26 9 29 8 18 38 34 41 47 20 14 11 48 45 17 42 33 4 1 21 46 16 31 13 32 24 39 43 2 37 19 6 12 35 27 28 22 10 30 3 15 36 25 
student 449: 30 50 5 9 46 41 40 23 7 27 15 14 39 25 44 45 24 16 10 49 47 13 42 36 1 3 28 48 17 31 19 29 22 32 43 2 37 20 6 12 35 26 34 18 8 33 4 11 38 21 
student 450: 25 50 3 7 48 41 39 26 14 28 8 18 37 30 42 45 21 20 11 47 43 15 40 34 2 4 23 49 19 31 9 29 24 36 46 1 44 13 12 6 35 27 33 17 10 32 5 16 38 22 
student 451: 29 49 4 8 50 45 40 25 15 27 9 16 35 38 41 47 21 17 12 46 44 14 42 33 2 3 22 48 19 28 11 30 26 37 43 1 36 18 5 6 34 23 31 20 10 32 7 13 39 24 
student 452: 27 46 2 8 50 47 40 23 13 24 10 16 34 39 42 49 22 18 12 44 45 15 41 32 4 3 19 48 20 30 14 26 29 38 43 1 36 17 11 6 31 28 33 21 7 35 5 9 37 25 
student 453: 26 50 7 5 47 45 40 23 10 28 12 15 36 32 43 44 25 21 14 48 46 16 41 31 3 6 22 49 18 30 13 29 19 38 42 1 39 17 8 9 34 27 33 24 2 35 4 11 37 20 
student 454: 26 50 1 9 49 43 40 27 14 24 8 18 36 28 45 48 22 20 10 44 46 11 41 33 4 5 16 47 17 34 13 30 23 37 42 3 39 25 12 7 35 29 32 19 6 31 2 15 38 21 
student 455: 28 48 3 8 50 41 38 21 14 27 10 25 34 31 45 49 23 17 9 46 44 12 42 35 7 2 19 47 18 32 13 29 22 39 43 1 40 15 4 11 37 26 33 20 5 30 6 16 36 24 
student 456: 25 50 5 6 45 44 37 24 12 32 9 17 36 30 42 46 21 15 11 49 48 16 41 34 2 3 22 47 18 31 14 29 26 39 43 1 40 20 8 10 35 28 33 23 7 27 4 13 38 19 
student 457: 26 48 3 7 50 45 40 25 14 17 9 19 30 35 44 49 22 16 10 47 46 15 41 27 5 2 24 43 21 33 12 32 29 36 42 1 39 13 11 4 37 31 34 20 6 28 8 18 38 23 
student 458: 24 50 2 9 48 43 38 25 12 27 10 17 33 29 42 46 20 14 11 47 44 15 49 37 1 6 21 45 18 36 16 28 23 40 39 3 41 19 8 7 35 30 32 22 4 31 5 13 34 26 
student 459: 28 50 9 11 48 43 40 30 10 26 7 18 35 27 42 49 22 19 12 47 44 14 39 34 3 2 25 46 15 29 13 32 23 38 45 1 37 21 5 8 36 24 33 17 4 31 6 16 41 20 
student 460: 32 49 4 10 50 42 39 21 8 27 13 19 38 29 41 48 23 16 11 46 43 15 44 34 2 3 17 47 20 31 14 30 26 36 45 1 37 22 7 9 35 24 33 18 6 28 5 12 40 25 
student 461: 26 49 1 8 47 43 39 23 12 25 7 16 36 31 44 50 24 18 13 46 45 15 42 40 3 11 21 48 20 28 17 30 27 37 41 4 38 14 6 5 34 29 35 19 9 32 2 10 33 22 
student 462: 28 45 1 10 50 41 39 25 13 29 12 14 35 31 43 49 24 19 6 47 48 15 44 34 4 7 17 40 18 32 16 26 27 37 46 2 42 21 11 9 36 20 33 22 3 30 5 8 38 23 
student 463: 31 50 4 10 44 41 39 24 13 27 12 17 38 33 46 48 22 18 6 45 43 14 40 32 2 3 16 49 21 29 15 28 25 47 42 1 37 19 7 8 34 26 30 20 11 35 5 9 36 23 
student 464: 29 49 3 10 50 47 40 25 11 26 8 17 35 31 44 48 19 16 12 45 42 14 41 34 5 2 20 46 24 30 15 27 22 37 43 1 39 18 6 9 36 28 33 21 4 32 7 13 38 23 
student 465: 27 50 5 10 49 40 39 24 7 31 11 13 36 32 43 47 22 17 12 48 46 14 41 30 2 6 20 44 21 29 15 34 25 33 45 1 42 18 9 4 35 26 38 19 3 28 8 16 37 23 
student 466: 30 45 5 8 50 43 40 25 11 27 13 14 35 29 42 49 21 17 10 48 46 16 39 33 1 3 24 47 19 31 15 28 22 41 44 2 37 18 7 9 36 26 38 20 6 32 4 12 34 23 
student 467: 29 49 5 8 47 46 42 27 12 26 11 18 31 30 41 45 19 10 14 44 50 16 40 36 2 3 20 38 21 33 13 28 22 35 48 1 39 17 6 9 37 24 32 25 4 34 7 15 43 23 
student 468: 30 50 4 7 46 49 38 24 12 29 10 15 36 28 44 48 22 17 11 47 43 14 41 33 6 2 21 45 20 31 13 26 25 35 42 1 37 18 8 9 39 27 32 19 5 34 3 16 40 23 
student 469: 28 50 6 8 47 41 40 26 11 36 12 17 37 31 43 49 22 16 9 48 45 18 42 33 4 3 21 46 15 27 13 29 25 38 44 2 39 19 7 10 35 24 30 20 5 34 1 14 32 23 
student 470: 29 50 4 6 48 39 42 25 13 24 10 18 35 30 44 49 17 19 8 47 46 15 41 33 2 3 14 45 21 31 12 28 27 37 43 1 40 23 5 11 36 26 32 20 9 34 7 16 38 22 
student 471: 26 49 5 7 50 43 40 27 11 25 9 15 35 30 42 47 24 20 13 48 46 14 41 36 1 3 19 45 17 31 12 29 23 37 44 2 39 16 6 8 33 34 32 21 4 28 10 18 38 22 
student 472: 28 50 5 11 49 39 41 25 10 27 9 15 40 31 43 47 22 19 13 46 44 14 42 34 3 2 20 48 18 29 6 30 24 35 45 1 38 16 8 17 36 26 33 21 4 32 7 12 37 23 
student 473: 30 50 5 11 47 44 40 24 8 29 13 18 36 27 43 49 22 21 12 48 45 14 41 33 2 4 16 46 19 28 9 32 26 38 42 3 37 17 7 10 34 25 35 20 6 31 1 15 39 23 
student 474: 27 50 4 17 49 44 40 25 9 31 6 15 36 29 46 48 24 16 13 45 41 14 42 34 3 8 19 47 20 32 10 28 26 38 43 1 39 18 11 2 33 21 35 22 7 30 5 12 37 23 
student 475: 31 46 6 11 50 43 40 24 15 28 10 14 34 30 42 48 21 16 9 49 45 13 41 35 2 3 20 47 19 32 17 26 27 38 44 1 39 18 5 8 36 25 33 23 4 29 7 12 37 22 
student 476: 27 50 5 7 46 45 39 21 13 28 10 15 37 29 43 48 26 17 12 49 47 14 40 34 1 2 16 44 23 31 18 25 24 41 42 3 38 22 11 9 36 30 32 19 6 33 4 8 35 20 
student 477: 26 50 4 9 47 46 45 22 11 34 10 19 36 28 38 49 29 18 13 44 41 16 42 37 6 2 17 48 15 33 14 27 25 32 43 1 40 20 8 5 39 24 30 21 7 31 3 12 35 23 
student 478: 32 50 3 7 48 43 38 20 8 27 11 21 36 29 45 47 26 13 14 49 42 15 39 30 2 6 19 46 17 28 12 33 24 34 44 1 41 16 9 10 37 25 35 22 5 31 4 18 40 23 
student 479: 30 50 6 13 48 39 37 27 8 24 10 16 34 32 38 49 21 18 15 46 45 12 47 31 2 3 23 42 22 33 9 26 28 41 44 1 43 20 11 7 35 25 40 14 4 29 5 17 36 19 
student 480: 27 45 6 8 50 37 42 25 12 26 11 14 40 24 44 49 21 19 9 47 46 17 39 35 5 3 22 48 20 31 13 30 28 36 43 2 41 18 4 10 33 29 34 15 7 32 1 16 38 23 
student 481: 28 49 4 9 48 44 37 24 13 27 12 16 35 30 42 46 22 18 6 45 43 10 41 34 3 2 20 50 19 31 15 29 26 38 47 1 39 17 11 8 36 25 33 21 5 32 7 14 40 23 
student 482: 27 49 6 9 50 45 40 25 12 26 8 17 36 31 43 48 23 19 11 47 44 16 38 32 3 5 21 46 20 30 15 29 28 37 42 1 39 13 7 10 35 24 33 22 4 34 2 14 41 18 
student 483: 25 48 4 6 46 43 41 26 14 27 13 15 37 30 39 50 23 11 9 49 45 17 42 34 2 3 19 44 18 32 20 28 24 38 47 1 40 16 12 8 35 29 31 21 7 33 5 10 36 22 
student 484: 28 48 4 9 50 38 42 26 12 27 8 17 36 31 43 49 20 22 10 47 46 15 41 32 2 1 19 45 18 30 14 29 25 37 44 3 40 16 13 7 35 21 34 24 6 33 5 11 39 23 
student 485: 32 49 4 9 48 43 38 24 13 28 11 18 33 31 41 50 22 19 14 47 44 15 42 34 2 3 20 45 10 30 12 26 25 39 46 1 40 17 6 8 35 29 27 21 5 36 7 16 37 23 
student 486: 28 49 8 10 48 41 42 24 12 31 9 16 35 30 38 50 22 18 11 47 45 15 43 32 2 3 20 46 19 26 13 29 25 39 44 1 40 17 5 7 36 27 33 23 6 34 4 14 37 21 
student 487: 34 50 4 12 49 43 41 22 9 28 6 16 39 30 37 47 21 17 10 44 46 13 36 33 2 3 23 45 20 29 15 27 25 38 40 1 48 18 8 11 35 26 32 19 5 31 7 14 42 24 
student 488: 30 50 5 11 48 46 43 24 13 28 9 12 38 31 41 49 22 21 14 47 42 17 39 34 3 2 15 45 19 29 10 26 25 40 44 1 35 20 7 8 37 27 33 18 6 32 4 16 36 23 
student 489: 25 48 5 6 46 41 39 27 9 28 8 16 38 32 43 50 19 18 12 45 44 15 42 31 1 4 17 47 21 30 13 29 26 37 49 2 40 22 11 3 34 24 33 20 10 35 7 14 36 23 
student 490: 29 49 5 9 46 42 39 24 18 28 8 15 37 30 50 48 17 16 11 45 47 14 40 35 1 3 20 44 21 31 12 27 25 41 43 2 38 19 7 4 34 26 33 23 10 32 6 13 36 22 
student 491: 28 49 3 12 48 43 39 23 11 27 7 13 40 32 41 50 20 18 10 46 45 14 42 34 2 6 21 47 19 29 15 30 25 35 44 1 38 16 5 8 36 26 33 22 9 31 4 17 37 24 
student 492: 28 45 6 8 49 42 40 23 11 24 13 12 31 29 44 50 20 16 15 47 46 10 41 34 2 3 21 48 19 32 17 30 27 35 43 1 39 22 9 7 36 25 33 18 5 37 4 14 38 26 
student 493: 31 49 6 5 50 43 40 23 13 28 11 16 38 27 42 47 21 19 9 48 44 14 41 34 3 2 20 45 17 29 12 24 26 36 46 1 39 18 4 10 35 30 32 22 8 33 7 15 37 25 
student 494: 30 50 2 8 46 45 39 23 12 27 11 17 38 29 43 48 22 18 9 49 44 15 42 34 1 7 16 47 19 31 13 28 24 35 40 3 41 20 4 5 32 26 37 21 10 33 6 14 36 25 
student 495: 28 49 10 4 46 44 39 24 11 23 8 14 37 31 42 50 22 17 12 48 45 13 43 35 5 1 19 40 20 29 16 33 26 36 47 2 38 18 9 6 32 30 34 21 3 27 7 15 41 25 
student 496: 26 50 2 9 46 43 37 23 13 30 10 18 34 32 44 48 20 17 15 49 47 16 38 35 4 3 19 45 24 28 12 29 25 39 42 1 40 22 6 7 36 27 31 21 8 33 5 11 41 14 
student 497: 27 47 1 10 50 42 43 26 11 29 8 16 35 30 41 49 21 18 14 46 48 13 40 33 2 5 22 45 17 28 12 31 25 38 44 3 36 19 7 9 37 20 34 23 4 32 6 15 39 24 
student 498: 29 48 6 10 49 44 40 25 9 28 11 14 36 31 42 43 24 17 13 50 45 18 41 35 1 5 22 47 16 30 15 26 23 37 46 2 39 21 7 8 33 27 34 19 4 32 3 12 38 20 
student 499: 28 50 5 13 49 39 47 24 11 23 10 20 37 32 40 45 22 15 6 42 48 17 46 34 3 4 18 43 21 30 12 29 25 36 44 2 38 16 9 7 35 27 31 19 8 33 1 14 41 26 
