student 0: 18 13 14 8 33 48 36 10 6 2 49 1 30 21 46 4 28 23 40 27 41 7 29 5 3 16 32 37 50 31 11 22 17 45 35 25 26 43 39 19 38 42 12 24 20 9 47 34 15 44 
student 1: 18 11 16 7 37 47 32 4 5 2 50 1 34 17 46 10 24 22 42 31 39 6 33 9 3 15 30 35 49 28 13 23 20 40 26 29 27 44 38 19 36 45 8 25 21 14 48 41 12 43 
student 2: 15 13 11 7 33 48 31 6 10 1 49 2 34 26 43 5 21 20 39 25 41 8 28 4 3 12 35 36 50 32 9 24 18 40 30 22 27 44 38 23 45 46 14 29 19 17 47 37 16 42 
student 3: 18 14 15 5 31 47 34 10 6 7 50 4 36 19 45 3 24 23 43 30 41 9 32 1 2 12 33 35 49 27 8 20 21 44 29 26 28 46 38 17 42 39 13 25 22 11 48 37 16 40 
student 4: 18 12 14 10 34 49 35 6 7 1 50 4 33 23 45 5 24 21 30 26 39 9 32 3 2 11 36 37 46 29 13 22 19 47 31 25 28 40 43 20 42 48 8 27 17 15 44 38 16 41 
student 5: 16 15 13 8 31 44 35 7 6 5 49 4 34 20 47 3 24 21 38 25 41 9 33 2 1 11 32 37 50 30 12 18 26 48 28 22 29 42 43 23 36 45 19 27 17 10 46 39 14 40 
student 6: 18 14 16 10 33 46 31 7 6 5 47 2 34 21 44 4 26 25 40 30 38 8 32 3 1 15 35 37 50 28 11 22 19 41 24 27 23 48 42 17 36 45 9 29 20 13 49 39 12 43 
student 7: 15 11 17 8 33 42 32 6 7 2 49 4 35 21 46 5 24 22 38 26 44 12 31 3 1 13 34 36 50 30 14 27 18 41 28 23 29 47 39 20 40 45 10 25 16 9 48 37 19 43 
student 8: 14 15 16 10 36 45 34 8 4 5 48 3 33 21 50 6 26 23 35 27 40 7 31 1 2 17 32 37 49 29 11 22 19 44 30 24 25 46 39 13 41 42 9 28 20 12 43 38 18 47 
student 9: 24 12 16 10 35 47 31 9 6 2 48 3 27 15 45 4 19 22 36 32 39 5 30 7 1 14 34 37 50 29 8 21 17 41 28 33 26 46 40 18 38 43 13 23 25 11 49 42 20 44 
student 10: 18 16 14 7 37 50 30 4 6 3 44 2 41 21 46 5 24 22 35 27 33 13 31 11 1 12 32 38 47 29 10 23 19 42 36 25 26 48 40 15 34 43 8 28 20 9 49 39 17 45 
student 11: 13 19 14 6 32 45 34 10 8 4 49 1 35 21 43 5 26 23 37 27 41 7 31 3 2 15 36 38 50 28 9 16 22 42 30 29 24 47 40 18 33 46 12 25 20 11 48 39 17 44 
student 12: 19 13 15 9 33 47 34 6 5 8 48 3 32 18 44 2 23 21 36 25 41 10 29 4 1 12 43 35 50 31 7 20 22 45 30 28 26 46 40 24 38 42 14 27 16 11 49 37 17 39 
student 13: 17 13 16 4 36 49 29 9 6 5 50 2 33 18 44 3 26 21 37 23 38 14 30 8 1 12 32 35 48 28 7 22 15 41 34 24 31 45 42 20 40 43 10 27 25 11 47 39 19 46 
student 14: 21 12 17 9 37 45 29 7 5 3 48 1 33 19 49 8 26 23 36 24 42 10 25 6 2 16 34 35 50 30 4 22 13 46 32 27 31 44 40 14 43 41 15 28 18 11 47 38 20 39 
student 15: 18 14 13 5 29 48 30 8 2 4 49 1 34 22 44 6 35 21 40 31 45 9 33 7 3 12 32 37 50 28 10 24 19 41 25 23 26 46 39 20 36 43 16 27 15 11 47 38 17 42 
student 16: 18 17 15 6 33 48 32 5 3 4 47 2 35 22 44 9 28 19 36 24 42 7 31 10 1 14 34 39 50 26 8 23 16 41 30 27 25 45 40 20 38 43 11 29 21 13 49 37 12 46 
student 17: 14 13 17 9 33 45 34 8 2 4 50 5 35 21 42 10 22 23 37 27 38 3 29 7 1 11 32 36 48 28 12 25 18 39 31 24 30 46 47 19 41 43 15 26 20 6 49 40 16 44 
student 18: 17 13 14 7 35 44 30 4 6 8 47 5 33 22 37 2 24 23 39 29 40 9 32 3 1 12 34 36 50 27 10 21 16 42 31 26 28 49 41 18 43 45 15 25 20 11 48 38 19 46 
student 19: 16 20 14 9 32 48 31 8 6 3 47 1 34 19 44 7 24 22 37 28 40 5 33 4 2 11 35 36 50 29 10 23 18 43 30 26 27 46 41 17 39 45 12 25 21 13 49 38 15 42 
student 20: 16 14 17 4 37 49 30 8 7 1 50 2 36 21 45 6 23 22 40 26 35 10 29 3 5 13 33 38 48 31 11 25 19 42 32 24 28 46 39 18 41 44 9 27 20 12 47 34 15 43 
student 21: 18 14 15 3 32 49 31 1 8 7 50 2 36 17 45 6 26 19 37 25 39 12 28 5 4 16 35 34 47 33 9 22 20 41 30 24 27 46 38 23 43 42 10 29 21 13 48 40 11 44 
student 22: 16 11 14 8 31 46 32 5 9 4 48 2 36 19 44 7 23 20 37 27 38 6 28 3 1 15 35 34 50 33 10 25 21 39 30 24 29 47 42 18 40 45 12 26 22 13 49 41 17 43 
student 23: 18 16 13 6 33 46 32 9 5 3 50 2 35 23 47 7 25 15 40 27 38 8 29 4 1 17 34 37 49 28 10 22 19 41 30 24 26 45 36 21 42 44 11 31 20 12 48 39 14 43 
student 24: 17 13 18 7 32 48 30 8 3 4 49 6 34 24 45 2 25 21 33 26 43 9 37 5 1 16 35 36 50 29 11 28 20 41 31 22 27 44 40 19 39 42 10 23 14 15 47 38 12 46 
student 25: 14 13 12 9 33 48 32 6 11 5 49 2 35 18 47 1 24 20 40 21 41 10 31 4 3 16 34 36 50 29 7 25 17 45 28 26 27 38 42 19 39 44 15 30 23 8 46 37 22 43 
student 26: 17 14 15 11 33 50 30 6 3 7 49 1 38 21 45 5 25 20 37 28 36 9 32 8 2 13 34 35 48 27 4 23 22 42 29 24 26 46 41 18 39 43 10 31 19 12 47 40 16 44 
student 27: 15 13 14 8 32 44 33 9 7 1 47 3 35 20 46 4 21 24 36 26 40 12 29 5 2 11 34 39 48 27 6 22 18 42 31 25 30 45 37 17 41 50 10 28 23 16 49 38 19 43 
student 28: 16 17 14 10 31 48 35 5 9 2 50 3 30 22 45 6 26 25 37 23 38 7 33 4 1 13 34 36 49 24 11 21 20 42 28 27 29 46 41 19 39 43 8 32 18 15 44 40 12 47 
student 29: 14 16 21 4 30 50 33 6 7 8 49 1 34 18 46 5 24 19 39 27 36 9 37 2 3 13 38 32 47 29 10 22 15 44 28 25 31 48 41 20 35 42 12 26 23 11 45 40 17 43 
student 30: 18 16 17 9 30 49 33 6 8 2 48 3 35 19 45 5 26 24 38 27 37 7 31 4 1 15 34 36 50 28 12 21 14 42 29 25 32 46 41 20 40 43 13 23 22 10 47 39 11 44 
student 31: 16 11 12 14 29 41 33 3 7 1 49 6 35 20 48 5 24 21 36 26 40 8 31 4 2 15 34 37 50 30 13 25 22 43 32 23 28 47 42 19 46 44 9 27 18 10 45 38 17 39 
student 32: 19 15 14 8 32 45 33 4 5 2 49 11 31 24 46 10 25 21 37 27 38 7 30 3 1 12 36 34 50 35 9 23 20 42 29 22 28 47 43 17 39 41 13 26 18 6 48 40 16 44 
student 33: 16 14 15 13 30 49 35 6 7 3 48 1 33 19 43 4 23 21 37 26 40 8 28 5 2 10 32 34 47 27 9 25 17 41 36 24 31 46 44 20 42 45 12 29 22 11 50 38 18 39 
student 34: 18 14 16 6 30 41 33 11 8 3 50 1 35 22 46 5 23 24 40 28 39 7 31 4 2 13 36 38 47 29 9 19 21 45 32 27 25 49 42 15 37 44 10 26 17 12 48 34 20 43 
student 35: 15 14 12 4 31 47 29 7 9 1 49 5 30 20 44 3 24 23 39 28 38 8 26 6 2 17 33 34 50 35 11 27 16 45 37 21 32 46 41 18 40 43 10 25 22 13 48 36 19 42 
student 36: 17 13 15 5 34 47 31 9 7 3 45 2 36 16 46 4 27 23 35 25 39 8 32 6 1 10 33 38 50 29 12 26 20 42 30 28 24 43 40 21 41 49 19 22 18 11 48 37 14 44 
student 37: 17 15 16 7 33 47 35 3 5 6 50 1 36 22 43 11 23 21 34 28 39 8 30 4 2 13 32 37 48 27 9 26 19 44 31 24 25 46 41 18 40 45 12 29 20 10 49 38 14 42 
student 38: 20 17 14 6 33 46 32 8 4 3 49 2 38 19 45 5 23 22 41 28 37 11 31 7 1 12 35 36 50 25 9 24 15 42 30 26 29 47 39 18 34 43 13 27 21 10 48 40 16 44 
student 39: 17 13 15 4 34 45 32 7 5 1 48 3 35 21 44 8 26 19 37 25 38 10 29 2 6 14 31 33 50 28 12 22 20 42 40 24 30 47 39 18 41 46 9 27 23 11 49 36 16 43 
student 40: 16 15 14 10 35 49 34 8 7 2 43 3 33 20 48 4 24 22 36 26 39 5 30 6 1 9 37 31 50 29 11 23 17 44 32 25 28 47 40 19 41 45 13 27 21 12 46 38 18 42 
student 41: 13 17 18 8 32 44 33 7 4 2 49 5 30 20 40 6 26 22 37 25 39 9 36 3 1 10 35 34 48 31 12 24 15 41 27 23 29 50 43 19 46 45 11 28 21 14 47 38 16 42 
student 42: 18 16 13 10 30 45 29 8 6 5 49 2 35 19 48 4 20 23 37 25 42 7 34 3 1 14 32 36 47 28 15 27 17 46 33 26 31 44 40 24 39 41 9 21 12 11 50 38 22 43 
student 43: 20 13 12 9 31 46 36 6 5 2 47 3 35 21 48 4 22 23 38 26 39 11 33 8 1 10 32 37 50 30 7 24 15 42 29 25 28 45 43 19 34 44 17 27 16 14 49 40 18 41 
student 44: 16 15 17 8 33 48 31 7 6 5 44 2 35 23 46 4 25 20 37 26 41 9 32 3 1 14 34 39 45 29 11 24 19 42 30 22 28 47 38 18 36 50 13 27 21 10 49 40 12 43 
student 45: 16 12 15 10 32 45 30 1 5 4 47 3 34 23 39 9 22 21 36 28 41 8 29 6 2 14 33 37 50 31 7 24 20 44 27 25 35 49 40 17 42 48 13 26 19 11 46 38 18 43 
student 46: 18 11 19 7 30 47 28 10 5 1 50 6 36 14 40 3 24 23 34 32 38 15 35 4 2 9 31 37 48 29 8 27 16 44 33 21 26 46 41 17 42 45 12 25 20 13 49 39 22 43 
student 47: 15 14 18 9 32 45 31 7 6 4 49 2 33 20 47 5 24 23 37 26 38 11 35 3 1 13 34 36 50 28 10 22 21 42 29 27 25 46 39 19 41 43 12 30 17 8 48 40 16 44 
student 48: 16 14 15 8 34 45 30 7 6 5 49 2 35 21 44 10 24 22 33 28 38 3 31 4 1 12 37 39 50 29 13 23 18 42 32 25 26 47 41 20 40 46 11 27 19 9 48 36 17 43 
student 49: 19 15 14 11 34 46 33 5 7 1 49 4 35 22 45 2 25 18 38 26 42 8 32 6 3 13 36 31 50 28 9 24 17 40 30 23 29 47 41 21 39 44 10 27 20 12 48 37 16 43 
student 50: 17 16 15 11 31 41 30 7 6 2 47 3 34 23 45 5 24 18 39 27 42 9 33 4 1 14 35 36 50 28 8 21 19 44 32 25 29 48 43 20 38 49 13 26 22 10 46 37 12 40 
student 51: 18 15 17 9 31 46 37 5 6 2 45 3 34 22 43 4 26 20 39 24 36 10 28 8 1 13 33 35 49 29 14 23 19 42 30 25 27 47 38 16 41 44 12 32 21 7 48 40 11 50 
student 52: 21 15 14 5 29 43 28 8 7 2 50 1 36 17 46 6 26 22 37 23 41 11 32 3 4 12 33 35 48 34 9 25 16 42 27 30 31 49 39 24 40 44 10 18 19 13 47 38 20 45 
student 53: 17 15 14 6 31 47 29 7 4 2 49 5 34 20 44 8 22 25 41 27 39 10 32 3 1 12 33 36 50 30 11 26 16 40 28 23 24 46 38 19 45 42 9 37 21 13 48 35 18 43 
student 54: 17 10 16 7 35 46 34 9 8 3 48 1 37 20 42 6 23 24 38 32 31 13 30 4 2 15 28 36 49 29 5 21 18 44 33 25 27 47 39 19 40 43 12 26 22 11 50 41 14 45 
student 55: 16 11 14 6 33 47 30 5 7 3 50 2 35 18 43 8 24 21 36 25 39 10 32 4 1 19 34 37 48 26 9 22 20 44 31 28 29 45 42 17 40 46 13 27 23 15 49 38 12 41 
student 56: 16 9 11 7 36 46 29 6 10 3 48 2 37 23 49 8 25 19 35 27 31 5 33 4 1 13 34 38 50 30 12 24 17 40 32 22 28 44 41 20 43 42 14 26 21 15 47 39 18 45 
student 57: 18 13 16 6 32 47 33 7 8 2 50 3 34 20 44 5 26 22 38 30 41 14 27 4 1 11 35 36 49 29 9 23 15 43 28 24 25 45 40 19 39 46 17 31 21 10 48 37 12 42 
student 58: 20 14 15 9 33 46 34 4 7 1 48 5 35 22 45 3 25 19 38 30 40 10 32 6 2 13 31 36 49 29 11 23 17 43 28 24 27 47 41 21 39 44 12 26 18 8 50 37 16 42 
student 59: 17 15 14 8 34 48 32 5 7 3 49 1 35 22 43 2 23 21 36 27 41 10 29 6 4 12 33 38 50 31 9 24 18 40 30 25 26 47 44 19 39 45 11 28 20 13 46 42 16 37 
student 60: 18 12 14 8 33 45 30 6 7 3 48 2 34 22 43 4 24 23 36 25 39 10 28 5 1 9 35 37 50 29 11 20 15 40 32 31 27 41 44 19 42 47 13 26 21 17 46 38 16 49 
student 61: 18 15 17 8 33 49 31 7 4 3 50 1 35 22 43 6 21 23 40 25 39 9 27 5 2 14 34 36 47 32 10 24 20 38 30 29 26 46 42 16 41 44 11 28 19 12 45 37 13 48 
student 62: 17 8 14 5 34 47 31 9 3 2 49 4 35 22 46 7 21 25 37 26 38 10 32 6 1 13 33 36 50 28 16 23 15 42 30 24 29 45 43 20 39 40 11 27 18 12 48 41 19 44 
student 63: 18 13 14 8 36 47 34 4 7 5 50 1 35 21 46 3 28 24 30 27 38 9 31 6 2 12 33 39 48 32 10 22 20 41 26 25 29 43 42 17 40 45 16 23 19 11 49 37 15 44 
student 64: 15 11 14 3 31 47 32 8 6 5 46 2 34 21 48 7 25 24 35 28 38 10 33 4 1 22 36 40 49 30 9 23 17 44 27 26 29 43 42 18 39 41 12 19 20 13 50 37 16 45 
student 65: 17 15 13 8 32 49 33 7 5 3 44 2 34 23 43 10 26 20 36 25 39 6 28 4 1 14 40 35 50 31 9 22 19 42 27 24 30 46 41 16 38 48 12 29 21 11 47 37 18 45 
student 66: 16 15 18 7 35 49 27 8 6 4 48 3 38 20 46 2 26 24 37 28 39 10 23 5 1 12 34 36 44 32 11 21 17 43 31 25 29 47 42 22 40 45 9 30 19 13 50 33 14 41 
student 67: 14 15 21 11 35 47 29 9 3 4 48 2 30 20 45 6 23 18 39 26 42 8 34 5 1 12 33 37 49 28 10 22 17 41 32 24 27 46 38 19 40 44 13 25 31 7 50 36 16 43 
student 68: 18 14 17 9 31 48 30 7 6 3 49 1 32 16 42 4 26 22 35 25 36 8 29 5 2 13 38 37 50 28 10 24 21 41 34 23 33 46 40 19 39 44 11 27 20 12 47 43 15 45 
student 69: 13 14 16 7 35 47 30 10 6 2 49 1 36 21 45 5 24 22 37 25 40 11 34 4 3 12 31 38 50 33 8 23 17 42 29 26 27 43 41 19 39 44 15 28 18 9 48 32 20 46 
student 70: 17 13 15 9 32 49 31 6 8 3 47 1 36 22 44 4 24 23 37 25 41 10 30 7 2 14 35 38 50 27 11 28 18 42 26 29 21 45 40 19 39 46 5 33 20 12 48 34 16 43 
student 71: 20 10 13 8 31 47 32 11 5 3 48 1 36 22 45 7 27 17 37 26 38 12 34 6 2 16 35 33 50 29 4 23 19 41 28 24 25 49 40 18 39 44 9 30 21 14 46 42 15 43 
student 72: 14 13 15 8 32 49 37 6 7 5 45 4 33 24 44 3 21 20 42 25 35 9 27 2 1 12 31 36 50 29 10 23 18 43 34 28 30 47 40 22 38 46 17 26 19 11 48 39 16 41 
student 73: 20 15 13 7 34 47 36 11 8 4 49 3 39 21 46 5 23 27 32 22 40 6 33 2 1 10 29 38 50 24 12 28 18 43 31 30 25 45 41 17 37 44 9 26 19 16 48 35 14 42 
student 74: 23 15 13 7 36 47 31 3 6 4 50 2 34 18 45 9 21 26 35 19 41 10 30 5 1 17 32 37 49 25 11 27 14 44 28 29 20 46 42 22 40 38 8 33 24 12 48 39 16 43 
student 75: 21 12 16 7 30 47 34 3 8 5 49 4 35 23 48 6 25 17 40 28 39 9 33 1 2 13 31 36 50 32 10 20 18 45 29 27 26 44 37 15 42 43 14 22 24 11 46 38 19 41 
student 76: 17 15 16 5 33 48 32 9 8 4 47 3 34 21 46 7 26 23 35 27 38 10 30 2 1 12 37 43 49 31 6 22 20 42 29 24 25 45 39 19 41 44 13 28 18 11 50 36 14 40 
student 77: 15 11 14 9 32 47 31 7 6 2 49 1 33 23 46 8 24 22 36 26 42 5 28 4 3 17 34 37 50 27 10 21 19 40 35 25 30 45 39 18 43 44 12 29 20 13 48 38 16 41 
student 78: 16 14 15 8 34 48 33 7 5 4 47 3 35 18 43 6 25 19 37 27 42 9 26 2 1 11 36 32 49 30 10 22 21 44 31 24 28 45 41 23 38 46 13 29 17 12 50 39 20 40 
student 79: 12 18 13 14 31 47 33 6 9 2 50 5 38 22 43 4 23 21 39 26 32 10 35 3 1 11 29 44 48 27 15 24 17 41 34 25 28 45 40 19 37 46 7 30 20 8 49 36 16 42 
student 80: 17 15 14 7 32 48 29 5 4 3 50 2 35 21 47 6 25 22 31 26 41 8 28 12 1 13 37 39 45 34 9 23 18 40 33 30 24 44 42 19 36 46 11 27 20 10 49 38 16 43 
student 81: 16 12 17 9 31 47 36 7 6 2 48 3 33 23 44 5 25 20 38 21 32 8 30 4 1 15 37 34 50 35 10 24 18 42 28 26 27 43 45 14 40 46 13 29 22 11 49 39 19 41 
student 82: 19 11 13 8 32 47 30 9 12 6 48 1 38 21 49 5 22 26 36 25 39 10 31 2 3 15 34 35 50 29 4 23 18 41 33 24 28 43 40 17 42 44 7 27 20 14 46 37 16 45 
student 83: 19 14 15 7 33 49 36 6 11 1 50 2 34 21 44 3 25 22 35 24 38 8 31 5 4 13 32 37 46 30 12 23 20 43 29 28 27 48 41 16 42 47 9 26 17 10 45 39 18 40 
student 84: 18 15 11 6 33 47 30 7 8 4 49 2 36 20 42 5 23 19 39 27 44 13 31 3 1 14 34 37 48 29 9 24 16 43 32 25 28 46 38 21 40 45 10 26 22 12 50 35 17 41 
student 85: 18 14 15 8 26 44 32 7 5 4 49 3 34 21 47 6 30 22 37 23 45 10 29 2 1 13 33 39 50 28 12 25 17 41 36 24 31 46 38 19 43 40 9 27 20 11 48 35 16 42 
student 86: 19 15 13 7 31 42 32 5 6 3 47 2 34 20 44 8 23 22 37 27 39 10 43 4 1 14 33 35 49 28 9 24 16 36 30 29 26 46 40 17 41 50 11 25 18 12 48 38 21 45 
student 87: 16 14 15 4 39 49 28 9 8 3 48 2 32 19 44 5 20 29 40 24 35 11 33 7 1 12 37 36 50 30 10 26 17 43 27 23 31 45 41 22 38 42 13 25 21 6 47 34 18 46 
student 88: 18 14 15 9 35 48 32 8 5 7 49 3 30 23 45 2 19 17 37 26 39 10 33 4 1 13 34 36 50 31 11 29 21 41 27 22 28 47 43 20 38 44 12 25 24 6 46 40 16 42 
student 89: 16 15 14 7 34 48 29 12 9 3 47 2 33 24 45 5 23 20 37 22 39 11 31 4 1 13 36 35 49 28 6 25 21 42 30 26 27 46 40 17 41 44 10 32 19 8 50 38 18 43 
student 90: 17 14 16 6 30 50 29 7 8 1 44 4 36 22 49 5 23 20 39 27 40 10 32 2 3 11 35 34 48 26 9 24 18 42 33 25 28 45 38 19 41 43 12 31 21 13 47 37 15 46 
student 91: 17 14 15 8 34 45 30 7 5 1 50 3 36 23 49 6 19 20 37 27 39 9 29 4 2 12 35 38 48 24 13 25 16 43 33 26 28 42 41 22 44 46 11 31 21 10 47 32 18 40 
student 92: 14 15 19 9 30 43 39 7 11 2 49 1 34 21 47 4 22 25 36 32 37 12 31 3 5 16 33 35 50 29 6 20 17 46 28 24 26 45 42 18 40 44 13 27 23 8 48 38 10 41 
student 93: 16 13 20 9 32 42 37 7 4 5 48 1 33 23 50 6 25 21 35 27 39 8 30 3 2 12 34 36 49 29 14 22 17 45 31 26 28 43 41 19 38 47 10 24 18 11 46 40 15 44 
student 94: 19 15 14 10 35 49 31 7 4 3 48 1 39 21 41 6 25 24 37 28 33 9 34 5 2 13 36 32 47 29 8 22 16 38 30 23 27 46 44 20 42 45 11 26 18 12 50 40 17 43 
student 95: 18 12 15 7 32 44 33 9 4 5 49 3 30 20 43 6 25 21 38 24 40 8 36 2 1 13 35 37 50 31 11 23 22 41 28 27 26 47 45 17 34 48 10 29 19 14 46 39 16 42 
student 96: 15 11 17 10 32 46 33 8 7 1 49 2 36 22 45 4 24 21 37 28 34 5 29 3 6 12 35 39 50 25 9 23 18 38 30 27 26 48 41 19 40 44 13 31 20 14 47 42 16 43 
student 97: 18 13 14 8 33 47 32 7 6 3 49 4 43 23 48 5 19 24 36 28 38 10 26 2 1 12 34 35 46 29 11 22 16 42 30 25 31 44 41 20 40 45 15 27 21 9 50 37 17 39 
student 98: 16 14 17 5 30 46 32 10 8 7 50 2 38 20 41 4 19 23 40 25 37 9 33 3 1 11 34 35 49 27 6 24 18 43 29 28 26 47 39 22 36 45 13 31 21 12 48 42 15 44 
student 99: 17 13 14 7 33 47 32 8 6 4 50 2 35 20 48 5 23 24 31 28 37 9 34 3 1 10 39 36 49 29 12 22 18 42 30 26 27 46 38 21 41 44 16 25 19 11 45 40 15 43 
student 100: 16 13 18 8 31 48 34 7 6 3 46 1 38 23 44 4 27 24 39 25 37 10 32 5 2 12 35 33 50 30 11 20 19 45 29 21 28 47 36 22 40 41 14 26 17 9 49 42 15 43 
student 101: 16 14 17 4 33 45 32 6 7 2 49 1 35 21 50 5 24 22 39 25 36 11 31 8 3 10 34 37 47 26 12 23 18 43 30 27 29 44 41 19 40 48 13 28 20 9 46 38 15 42 
student 102: 19 17 14 8 34 48 31 6 7 3 49 2 38 18 44 5 24 22 36 26 39 10 33 4 1 13 32 37 50 29 11 23 20 43 30 25 28 41 42 16 40 47 9 27 21 12 45 35 15 46 
student 103: 18 13 14 9 32 47 28 7 6 4 49 3 36 22 44 5 24 23 38 25 39 11 34 1 2 15 33 37 50 30 8 21 19 45 31 26 29 46 42 20 40 48 10 27 17 12 43 35 16 41 
student 104: 17 10 14 11 33 48 32 7 6 2 44 4 35 20 45 3 25 18 36 26 37 8 31 5 1 15 34 39 49 27 9 24 21 42 28 19 30 47 41 22 38 46 12 29 23 13 50 40 16 43 
student 105: 20 12 16 9 34 46 33 7 3 4 50 2 37 21 48 5 23 17 36 27 38 10 29 8 1 11 35 39 49 32 6 22 24 42 25 26 30 47 41 19 31 44 13 28 18 15 45 40 14 43 
student 106: 19 16 11 7 33 45 32 6 8 3 49 2 34 21 46 4 24 22 40 28 41 9 31 5 1 15 35 37 50 30 10 25 17 38 29 20 26 48 43 18 42 39 12 27 23 13 47 36 14 44 
student 107: 18 15 12 14 33 50 31 7 6 1 46 4 40 21 45 3 22 23 38 27 37 9 29 5 2 11 35 36 48 28 10 24 19 41 34 30 26 47 42 16 39 44 13 25 20 8 49 32 17 43 
student 108: 19 14 15 4 31 47 33 9 7 5 48 2 35 22 42 6 24 23 34 28 46 8 32 3 1 12 36 37 49 30 13 26 16 38 29 25 27 40 41 21 44 45 11 20 18 10 50 39 17 43 
student 109: 17 14 16 11 37 48 34 6 9 4 49 2 40 24 46 1 21 18 36 32 33 10 30 5 3 8 35 42 50 26 12 25 19 41 29 22 28 44 39 20 38 43 13 27 23 7 47 31 15 45 
student 110: 17 16 15 7 32 48 31 8 6 3 49 1 37 22 43 5 23 21 35 29 39 11 26 4 2 14 34 36 50 30 9 24 19 42 33 27 25 45 41 18 38 44 12 28 20 13 47 40 10 46 
student 111: 19 20 14 10 31 48 29 7 6 1 50 2 33 17 42 5 21 18 35 26 40 8 34 3 4 13 36 38 49 27 9 24 22 43 32 25 28 41 39 23 44 47 11 30 15 12 46 37 16 45 
student 112: 18 14 15 8 32 42 30 6 5 7 50 2 35 21 45 4 24 31 39 25 43 10 29 3 1 12 33 37 49 28 11 23 19 44 36 17 27 46 40 20 38 47 13 26 22 9 48 34 16 41 
student 113: 18 15 16 9 30 45 33 6 5 8 49 2 28 19 47 3 24 23 37 25 38 7 35 1 4 13 36 34 50 32 10 20 21 43 31 26 29 42 44 17 40 46 11 27 22 14 48 39 12 41 
student 114: 17 9 12 8 32 46 34 7 6 3 50 2 33 20 47 5 24 21 35 25 38 14 31 4 1 16 36 39 49 30 11 22 18 41 27 26 28 45 42 19 40 43 10 29 23 13 48 37 15 44 
student 115: 19 13 15 7 33 47 39 4 8 3 48 2 34 21 43 5 26 22 36 25 37 11 29 6 1 10 32 35 50 31 12 23 16 40 30 27 24 46 44 18 41 45 14 28 20 9 49 38 17 42 
student 116: 20 13 14 6 33 49 32 9 5 1 50 3 34 17 44 8 25 24 37 26 39 7 35 4 2 19 31 36 47 28 12 21 16 42 30 22 27 48 40 18 41 43 10 29 23 11 46 38 15 45 
student 117: 16 12 15 7 33 50 35 3 4 2 48 1 34 17 49 6 23 24 41 27 37 10 29 5 11 13 32 36 45 30 8 19 22 42 31 25 28 46 40 20 38 44 14 26 21 9 47 39 18 43 
student 118: 18 10 19 8 33 47 31 7 4 6 50 2 38 17 46 3 27 21 35 24 37 11 32 5 1 9 36 34 49 26 14 23 15 44 29 25 30 45 41 20 40 43 12 28 22 13 48 39 16 42 
student 119: 19 12 17 5 28 50 30 9 4 6 48 2 34 23 46 3 29 20 40 31 41 7 26 8 1 16 36 37 49 33 10 21 15 42 35 25 27 47 39 18 32 43 13 24 22 11 45 38 14 44 
student 120: 18 13 15 8 33 46 32 5 6 2 50 3 35 23 43 7 24 21 40 31 42 10 30 4 1 12 37 39 49 28 9 22 16 34 29 25 27 45 41 20 36 47 11 26 19 17 48 38 14 44 
student 121: 18 14 17 8 31 47 35 5 4 2 48 6 34 20 46 3 23 25 33 26 42 10 29 7 1 11 36 39 49 32 9 22 21 40 28 24 27 45 38 19 41 44 12 30 16 13 50 37 15 43 
student 122: 18 12 16 13 36 43 32 6 4 5 46 2 35 21 49 3 22 23 31 27 38 7 34 10 1 14 33 37 50 28 8 25 17 42 30 24 29 47 41 20 40 45 9 26 19 11 48 39 15 44 
student 123: 15 16 13 9 36 48 31 8 7 1 47 4 35 24 41 6 23 21 33 26 37 11 34 5 3 12 32 38 49 30 10 22 18 42 28 25 29 46 44 19 40 45 2 27 20 14 50 39 17 43 
student 124: 15 14 17 9 33 46 34 6 5 2 48 3 29 18 40 7 25 21 36 27 39 11 31 4 1 12 37 35 42 28 8 24 19 41 32 22 30 50 45 16 38 49 10 26 23 13 47 43 20 44 
student 125: 9 14 16 13 32 49 31 11 5 2 48 6 35 21 46 3 24 23 37 27 41 8 28 7 1 12 34 39 50 30 4 22 17 45 33 25 26 47 42 19 36 40 15 29 18 10 43 44 20 38 
student 126: 17 15 13 8 31 44 36 7 6 3 50 2 29 22 48 5 20 23 33 27 37 9 35 4 1 10 34 38 46 30 14 24 18 45 28 26 32 47 42 19 40 43 11 25 21 12 49 41 16 39 
student 127: 16 10 17 11 33 49 31 5 4 3 50 2 35 21 44 1 26 22 40 24 38 9 29 8 7 13 32 37 48 30 6 20 18 42 34 28 27 47 41 23 39 43 12 25 19 14 45 36 15 46 
student 128: 18 16 15 9 33 44 32 7 6 4 46 2 38 20 45 5 28 25 37 24 36 8 30 1 3 13 34 35 48 26 12 23 17 41 31 29 22 50 40 19 42 47 10 27 21 11 49 39 14 43 
student 129: 17 14 15 6 30 45 31 11 7 3 46 2 34 19 47 5 20 23 26 24 37 9 38 4 1 13 32 35 49 44 10 25 18 42 33 28 29 48 40 16 39 41 8 27 21 12 50 36 22 43 
student 130: 16 15 14 4 34 39 33 8 6 2 48 3 36 20 46 9 23 25 41 27 31 5 30 7 1 12 35 37 50 28 13 22 19 42 29 26 32 45 38 17 40 47 11 24 21 10 49 43 18 44 
student 131: 19 14 15 9 35 49 29 4 8 6 50 2 36 18 44 7 24 23 37 25 39 12 32 1 3 13 33 34 48 27 5 26 17 47 30 21 31 46 41 22 38 43 11 28 20 10 45 42 16 40 
student 132: 18 14 17 8 34 42 31 5 1 6 49 4 36 20 38 7 23 21 33 25 40 9 27 3 2 12 35 39 50 30 10 24 16 37 32 28 29 48 46 19 43 44 11 26 22 13 47 41 15 45 
student 133: 18 11 12 1 33 47 32 13 5 4 49 3 35 24 45 7 26 19 36 27 40 8 34 6 2 14 25 37 50 30 9 22 23 46 31 21 29 44 42 15 38 43 10 28 17 16 48 39 20 41 
student 134: 13 16 15 9 32 46 33 4 6 5 47 3 35 20 50 7 27 22 36 23 40 8 31 2 1 12 34 38 48 29 10 26 19 39 30 25 24 45 41 18 44 42 11 28 21 14 49 37 17 43 
student 135: 17 15 20 8 34 45 33 9 3 2 50 4 37 19 43 6 24 21 38 27 41 7 31 5 1 13 32 36 47 30 11 23 22 40 28 25 29 48 42 16 35 46 12 26 18 10 49 39 14 44 
student 136: 16 13 15 9 36 49 31 7 4 5 46 2 35 17 44 8 23 21 38 25 34 10 32 3 1 14 33 37 50 27 6 19 20 41 30 26 28 48 42 22 40 43 11 29 24 12 45 39 18 47 
student 137: 18 14 12 8 35 48 32 3 5 6 47 2 31 21 45 7 25 17 34 27 40 11 33 4 1 13 38 39 50 28 9 23 24 42 29 22 30 46 44 20 37 43 16 26 19 10 49 36 15 41 
student 138: 16 13 12 4 33 47 31 5 3 2 49 7 35 21 43 9 24 22 37 27 40 6 25 8 1 17 38 36 50 30 11 23 19 42 32 26 29 46 39 18 44 45 14 28 20 10 48 34 15 41 
student 139: 22 14 16 7 33 47 31 9 6 3 50 1 35 20 45 4 23 21 38 25 37 12 34 5 2 11 32 36 48 29 10 26 18 41 30 24 28 44 40 17 43 46 13 27 19 8 49 42 15 39 
student 140: 16 18 15 8 26 48 33 7 5 6 49 1 34 20 45 4 27 21 35 25 39 10 32 3 2 13 36 37 50 30 11 24 14 38 31 22 29 47 42 19 43 46 9 28 23 12 41 40 17 44 
student 141: 15 13 19 17 32 48 38 4 7 3 50 2 34 23 46 6 25 18 36 24 41 9 29 5 1 10 31 35 49 30 12 26 21 42 33 28 27 47 43 22 37 44 11 14 16 8 45 39 20 40 
student 142: 16 15 10 4 35 47 33 9 1 11 48 3 36 22 43 14 17 21 38 27 37 7 26 6 2 12 30 41 50 28 5 29 18 44 32 31 25 46 39 20 40 45 8 23 24 13 49 34 19 42 
student 143: 17 15 14 7 36 45 33 8 9 3 50 2 34 23 42 4 21 22 37 24 39 5 32 6 1 13 31 35 49 29 10 20 28 41 27 30 26 43 44 18 40 48 11 25 19 12 46 38 16 47 
student 144: 17 16 15 5 38 47 30 9 8 3 50 2 34 18 40 6 29 22 37 26 41 7 27 4 1 14 32 35 49 28 10 24 19 42 33 25 21 45 36 23 43 39 12 31 20 11 46 44 13 48 
student 145: 17 14 15 8 32 48 29 7 5 4 50 3 41 24 43 6 23 19 38 26 36 11 31 1 2 13 33 35 45 30 9 18 12 39 34 25 28 47 40 22 37 46 10 27 16 20 49 44 21 42 
student 146: 16 14 13 7 32 46 31 9 6 2 43 3 38 20 44 5 25 21 39 24 36 10 30 4 1 11 34 33 49 35 8 23 17 40 29 26 28 50 42 19 37 45 18 27 22 12 47 41 15 48 
student 147: 15 14 16 6 30 47 35 10 9 4 48 1 34 24 45 3 22 20 40 25 36 7 28 5 2 13 37 33 50 27 8 23 18 43 31 26 29 46 44 19 39 42 12 32 21 11 49 38 17 41 
student 148: 16 14 15 6 34 44 33 5 3 7 50 4 32 24 47 9 25 19 38 26 40 10 30 2 1 13 35 37 46 31 11 21 20 41 29 22 27 49 42 18 36 45 8 28 23 12 48 39 17 43 
student 149: 15 16 14 6 27 50 33 8 9 3 46 2 40 22 47 4 26 24 36 19 37 10 25 5 1 7 34 35 49 32 13 29 21 41 30 28 23 43 39 18 42 45 12 31 20 11 48 38 17 44 
student 150: 14 16 15 8 32 48 31 9 3 5 50 7 38 19 41 4 23 20 36 26 39 10 29 2 1 13 35 33 49 30 6 21 25 43 34 24 28 46 40 18 37 44 11 27 22 12 47 42 17 45 
student 151: 19 12 7 8 39 47 33 4 6 1 45 5 34 26 43 3 20 23 40 21 37 10 31 9 2 18 32 35 49 29 13 22 14 38 30 25 28 46 44 24 41 50 11 27 16 15 48 36 17 42 
student 152: 17 15 16 2 34 47 32 8 13 5 48 3 36 23 39 6 25 19 40 26 43 7 30 4 1 14 33 35 49 28 12 22 18 41 31 24 29 45 38 21 37 44 10 27 20 9 46 42 11 50 
student 153: 14 15 17 10 33 48 31 6 4 3 50 7 35 19 43 9 28 20 38 21 39 5 30 2 1 8 34 37 49 32 11 25 22 41 24 27 26 46 42 23 40 45 12 29 18 13 47 36 16 44 
student 154: 14 16 18 7 35 49 34 6 10 3 47 1 31 17 45 5 23 24 36 25 32 8 28 4 2 12 37 38 50 30 9 22 20 41 29 26 33 44 39 21 43 46 11 27 19 13 48 40 15 42 
student 155: 16 17 13 8 34 49 32 6 10 3 50 1 35 22 47 5 24 15 39 25 37 14 31 4 2 7 33 36 48 27 11 23 20 40 30 26 29 45 44 19 38 43 9 28 21 12 46 41 18 42 
student 156: 18 15 16 9 34 49 33 7 6 3 50 1 36 23 43 5 27 24 38 30 44 11 31 4 2 12 35 32 47 26 8 25 19 39 29 21 22 46 40 17 37 42 10 28 20 13 45 41 14 48 
student 157: 18 12 14 13 37 49 30 7 5 4 47 1 31 21 45 6 23 24 35 22 36 9 33 3 2 10 34 41 48 27 8 26 17 40 32 29 28 46 43 19 39 42 16 25 20 11 50 38 15 44 
student 158: 16 21 14 15 33 45 32 7 6 2 49 3 34 20 44 10 23 24 36 26 39 4 31 5 1 8 35 37 50 29 9 27 18 42 30 22 28 48 41 19 40 47 12 25 17 11 46 38 13 43 
student 159: 28 12 18 10 31 45 34 7 5 6 50 1 33 19 47 4 25 21 37 24 40 9 32 2 3 13 36 38 49 29 15 23 14 42 30 22 27 48 43 17 41 39 11 26 20 8 46 35 16 44 
student 160: 15 18 14 8 34 45 27 5 6 1 50 2 35 24 42 7 25 17 37 30 38 10 26 4 3 12 33 36 49 29 9 20 22 41 32 28 31 47 40 21 39 43 16 23 19 11 46 44 13 48 
student 161: 19 16 17 6 34 46 28 8 9 1 49 3 35 26 42 5 23 20 37 24 38 7 32 4 2 14 31 36 50 25 11 22 15 40 33 30 29 47 45 18 39 44 13 27 12 10 48 43 21 41 
student 162: 12 14 15 10 32 47 33 4 9 5 50 2 37 19 40 7 25 24 38 20 41 11 31 3 1 22 34 36 49 29 6 21 17 42 28 30 26 46 39 18 43 45 13 27 23 8 48 35 16 44 
student 163: 19 12 13 6 34 47 31 7 5 4 49 2 32 22 46 8 23 21 38 30 39 10 26 3 1 14 35 37 50 29 9 24 20 42 33 25 27 45 41 18 40 44 11 28 16 15 48 36 17 43 
student 164: 18 11 10 9 43 48 32 7 5 2 49 1 29 21 44 6 24 15 38 26 36 12 33 3 4 16 34 35 50 30 8 23 22 37 31 25 27 47 40 19 41 42 13 28 20 14 45 39 17 46 
student 165: 18 19 10 8 33 49 30 7 6 3 50 1 37 22 46 5 23 20 36 26 38 11 34 4 2 14 31 35 47 27 13 28 17 40 32 24 25 48 43 16 41 42 12 29 21 9 44 39 15 45 
student 166: 17 16 14 9 33 47 32 10 4 5 49 2 35 21 40 3 24 22 36 26 39 7 28 6 1 13 37 34 50 29 12 19 20 43 30 27 31 45 42 18 41 46 8 25 23 11 48 38 15 44 
student 167: 14 15 13 9 31 45 32 7 6 2 48 4 36 21 50 3 22 24 37 27 38 5 29 8 1 20 35 39 49 28 10 23 17 42 30 25 34 47 40 19 41 44 11 26 18 12 46 33 16 43 
student 168: 19 14 15 5 29 49 40 8 9 7 47 2 35 20 45 6 23 22 37 27 34 4 32 3 1 11 33 36 50 30 10 21 16 44 31 24 26 46 38 25 39 41 12 28 18 13 48 42 17 43 
student 169: 16 13 14 7 35 46 33 5 8 4 50 3 34 21 47 2 23 22 37 24 41 12 32 6 1 10 31 36 49 29 9 26 18 40 30 28 25 43 45 19 44 42 11 27 20 17 48 38 15 39 
student 170: 21 17 14 8 35 47 31 6 9 2 48 1 39 24 44 5 22 25 40 23 42 7 32 4 3 10 30 36 49 26 12 27 19 45 33 20 28 46 38 15 34 43 11 29 16 13 50 37 18 41 
student 171: 18 14 15 6 31 46 33 5 8 1 49 3 35 21 43 9 22 24 38 23 39 7 34 4 2 11 32 36 50 28 12 26 19 40 30 25 29 44 45 20 41 47 10 27 17 13 48 37 16 42 
student 172: 16 14 15 5 31 46 36 6 10 7 50 3 33 29 44 9 23 21 42 28 37 8 32 2 1 12 38 35 48 26 4 22 18 34 30 25 27 49 41 19 43 45 11 24 20 13 47 39 17 40 
student 173: 17 18 16 10 32 48 37 9 3 4 47 2 34 21 43 7 23 25 36 28 38 13 31 8 1 14 33 35 50 29 12 24 20 41 30 22 27 46 42 11 40 44 6 26 19 5 49 39 15 45 
student 174: 13 14 18 9 31 48 27 6 8 1 49 4 33 21 46 5 22 23 37 28 40 7 35 3 2 16 32 36 50 29 12 24 19 43 30 26 25 45 41 17 38 42 10 34 20 11 47 39 15 44 
student 175: 16 12 17 9 34 46 33 6 7 3 45 2 35 20 50 4 25 22 38 27 36 8 32 5 1 13 29 37 49 28 10 24 18 43 31 23 30 47 39 19 41 44 15 26 21 11 48 40 14 42 
student 176: 18 15 14 8 33 46 32 10 6 3 50 1 35 21 48 5 24 22 40 23 37 9 28 4 2 13 34 36 47 27 11 26 17 43 31 25 30 44 42 19 41 45 7 29 20 12 49 38 16 39 
student 177: 17 14 19 6 31 46 33 2 11 3 45 4 36 21 49 5 22 23 38 29 40 8 34 7 1 12 35 37 50 32 13 24 15 44 28 26 27 47 41 18 39 43 9 25 20 10 48 30 16 42 
student 178: 18 14 15 7 34 50 32 6 8 3 42 1 36 20 45 5 25 24 38 26 37 9 31 4 2 13 30 33 49 27 12 22 17 44 29 28 35 46 43 21 40 47 10 23 19 11 48 39 16 41 
student 179: 23 15 9 10 29 45 33 4 7 6 48 2 34 21 49 5 27 22 35 24 37 8 31 3 1 14 36 38 47 28 11 20 17 41 32 25 26 46 40 18 39 44 13 30 19 12 50 42 16 43 
student 180: 18 14 15 16 36 50 33 4 8 2 41 3 31 21 47 6 26 22 37 25 40 7 34 5 1 13 29 35 49 32 10 24 19 44 27 23 30 45 42 17 43 39 11 28 20 9 48 38 12 46 
student 181: 17 12 15 9 33 47 27 7 6 3 50 5 37 20 48 1 24 22 35 29 38 11 36 4 2 14 32 34 44 30 10 23 19 45 31 25 26 46 42 18 39 41 8 28 21 16 49 40 13 43 
student 182: 15 18 14 10 30 49 34 8 6 7 46 1 36 25 48 2 26 24 35 29 39 4 32 3 5 20 33 38 50 27 12 16 17 41 31 19 23 47 42 21 40 45 9 28 22 11 44 37 13 43 
student 183: 15 7 16 10 32 46 34 5 12 2 48 4 35 21 44 3 28 23 37 26 39 14 27 6 1 11 33 36 50 29 9 24 18 42 31 22 30 45 41 20 40 47 13 25 19 8 49 38 17 43 
student 184: 19 12 16 4 36 48 34 14 6 3 49 2 32 25 44 7 23 20 40 24 39 11 28 5 1 17 30 37 50 29 9 22 13 42 31 26 27 45 41 21 35 46 10 33 15 8 47 38 18 43 
student 185: 16 14 20 8 32 48 33 12 6 5 47 2 34 22 46 3 25 23 36 26 39 10 31 4 1 9 35 37 50 29 7 24 19 42 30 21 27 43 41 17 40 45 11 28 18 13 49 38 15 44 
student 186: 20 13 17 8 34 46 30 7 6 3 49 2 37 19 47 5 26 21 36 27 39 11 31 4 1 15 32 35 50 28 9 22 18 41 29 25 33 45 40 14 43 44 10 24 23 12 48 38 16 42 
student 187: 18 14 15 8 33 46 35 10 6 3 49 2 32 25 45 5 23 21 38 26 39 7 30 4 1 9 34 36 50 29 12 22 16 43 31 24 28 48 40 19 42 44 11 27 20 13 47 37 17 41 
student 188: 18 12 13 8 35 45 33 5 7 4 49 2 36 23 47 3 25 21 37 22 40 14 30 6 1 17 32 34 50 27 9 24 15 44 29 26 28 43 46 19 39 42 10 31 20 11 48 38 16 41 
student 189: 20 14 15 5 34 48 32 10 7 1 45 4 37 22 41 3 23 24 35 26 40 11 30 2 8 13 33 38 50 28 6 19 21 36 31 25 27 46 42 18 43 44 12 29 17 9 49 39 16 47 
student 190: 17 13 16 7 34 48 37 9 6 1 49 3 31 22 45 5 24 21 38 26 39 8 33 4 2 14 30 35 50 27 10 25 19 42 32 23 29 47 41 18 40 44 11 28 20 12 46 36 15 43 
student 191: 17 14 15 13 32 49 29 7 9 5 47 1 34 21 44 4 25 26 38 28 41 6 33 3 2 12 35 36 50 30 10 22 16 37 31 23 24 45 46 20 43 42 8 27 19 11 48 40 18 39 
student 192: 17 15 20 11 33 47 30 1 2 7 48 5 35 22 46 8 27 26 37 24 40 6 34 3 4 12 31 36 50 28 13 21 16 44 29 23 32 43 41 18 39 42 9 25 19 10 49 38 14 45 
student 193: 18 14 15 5 34 47 31 8 13 3 49 2 32 19 46 4 25 22 36 27 40 9 38 6 1 16 35 33 50 29 7 23 17 41 30 26 28 45 39 20 44 43 12 24 21 10 48 37 11 42 
student 194: 19 13 14 5 29 46 34 8 7 6 49 3 35 21 47 1 24 23 32 26 38 10 31 4 2 15 33 39 50 28 9 22 18 44 30 25 27 41 42 16 40 45 12 37 20 11 48 36 17 43 
student 195: 19 14 12 8 37 48 31 7 4 1 49 2 35 21 43 6 25 23 40 27 38 10 33 5 3 11 32 34 50 26 13 22 16 41 30 24 29 47 39 20 46 44 9 28 17 15 45 36 18 42 
student 196: 18 16 14 10 33 49 32 7 5 1 50 2 35 20 48 6 24 22 37 30 39 9 29 4 3 13 34 36 47 28 11 23 19 43 27 26 31 45 41 15 40 42 8 25 21 12 46 38 17 44 
student 197: 18 15 16 10 33 47 32 4 9 2 44 1 35 27 46 3 20 25 38 30 41 6 31 5 7 13 34 37 49 29 12 22 23 40 26 24 21 48 45 19 39 43 11 28 14 8 50 36 17 42 
student 198: 17 13 16 8 33 49 34 6 5 1 47 2 39 22 44 3 26 20 37 25 40 10 27 7 4 12 31 35 48 29 9 23 19 43 32 24 30 46 42 21 36 45 15 28 18 11 50 38 14 41 
student 199: 16 9 15 5 35 49 32 3 2 7 47 4 37 22 45 6 24 21 36 26 38 10 34 8 1 13 31 33 50 29 12 23 20 43 28 25 30 46 39 19 41 42 18 27 17 11 44 40 14 48 
student 200: 18 19 15 8 33 48 28 2 6 3 49 1 35 21 44 5 24 22 42 26 40 11 32 7 4 14 34 38 50 29 10 23 20 43 27 25 30 45 39 13 37 41 12 31 17 9 46 36 16 47 
student 201: 16 15 12 9 33 48 32 4 6 3 47 2 37 21 46 5 24 23 38 25 41 7 28 8 1 17 34 36 49 29 11 19 18 35 31 26 27 42 39 20 43 45 10 30 22 14 50 40 13 44 
student 202: 20 13 17 9 34 49 31 8 7 2 46 1 35 18 41 4 22 23 32 27 40 5 33 3 6 12 36 38 47 29 10 24 21 43 30 26 28 44 39 16 37 45 11 25 19 14 50 42 15 48 
student 203: 17 15 19 7 32 48 33 6 11 4 50 3 34 18 45 5 24 22 38 26 35 9 29 2 1 10 37 36 49 28 8 23 21 40 31 25 27 46 42 20 39 43 14 30 16 12 47 41 13 44 
student 204: 17 13 14 11 34 44 27 9 8 1 45 2 37 18 49 4 26 22 36 29 38 5 30 3 6 7 31 35 50 28 10 21 19 39 33 23 32 46 41 20 42 43 12 24 25 15 47 40 16 48 
student 205: 7 12 15 5 33 49 34 10 9 4 47 3 32 25 45 8 26 18 36 23 40 6 31 2 1 14 35 37 50 29 11 28 20 43 30 22 27 48 39 19 42 44 13 24 21 16 46 38 17 41 
student 206: 18 14 16 12 34 44 31 3 7 4 50 1 35 20 46 6 24 23 38 26 39 13 32 5 2 11 36 37 47 30 9 25 22 40 27 21 29 48 43 15 42 45 8 28 19 10 49 33 17 41 
student 207: 16 15 14 12 34 47 32 6 7 4 50 2 38 20 45 3 25 22 36 28 40 9 30 8 1 10 35 33 48 24 11 23 18 39 29 27 31 46 37 21 41 43 5 26 19 13 49 44 17 42 
student 208: 15 16 14 9 32 47 29 8 4 6 48 3 35 23 44 7 24 18 41 25 36 5 30 2 1 10 34 38 50 28 12 20 21 49 31 26 33 45 40 22 39 43 11 27 17 13 46 37 19 42 
student 209: 13 15 16 7 34 45 32 8 6 3 48 2 35 25 47 5 17 21 37 27 40 10 31 4 1 14 33 38 49 28 9 26 19 42 29 20 22 46 39 23 41 50 12 30 24 11 44 36 18 43 
student 210: 17 14 15 8 31 37 33 7 9 1 49 3 36 21 45 5 26 24 35 25 43 11 32 2 4 12 34 38 50 28 6 23 19 40 30 22 29 48 39 20 44 42 13 27 18 10 46 41 16 47 
student 211: 17 13 18 9 33 48 32 10 7 4 49 2 34 21 46 6 23 22 35 24 41 5 29 1 3 12 38 36 50 31 11 27 15 42 30 28 26 45 39 20 40 44 16 25 19 8 47 37 14 43 
student 212: 17 12 16 6 34 49 29 9 4 7 43 1 35 25 48 5 21 23 38 27 39 8 26 2 3 14 32 36 50 31 11 20 18 40 33 24 28 47 45 22 44 46 13 30 19 10 42 37 15 41 
student 213: 14 18 15 9 32 48 31 11 7 3 49 2 37 20 46 5 25 23 34 27 41 8 30 4 1 6 36 33 50 24 12 26 16 38 28 22 35 47 40 19 42 44 13 29 21 10 45 39 17 43 
student 214: 15 13 18 6 32 44 30 8 7 2 46 1 33 23 47 5 24 19 37 31 39 12 29 4 3 11 36 34 49 26 10 22 20 38 28 25 35 48 42 17 41 45 9 27 21 14 50 40 16 43 
student 215: 16 14 15 8 33 50 32 7 6 2 48 5 35 21 42 4 24 22 36 26 39 9 30 3 1 13 34 37 49 28 10 25 20 47 31 23 29 44 43 19 40 45 11 27 18 12 46 38 17 41 
student 216: 17 15 14 8 35 43 32 7 6 2 50 3 38 24 46 5 21 25 34 23 41 9 30 4 1 11 37 33 49 31 10 27 18 45 29 28 22 47 42 20 39 36 12 26 19 13 48 40 16 44 
student 217: 16 15 17 5 35 44 31 10 8 4 50 2 34 23 46 3 27 22 40 25 39 7 32 6 1 13 33 36 48 29 9 21 18 42 30 24 26 43 41 19 45 47 11 28 20 12 49 38 14 37 
student 218: 15 14 11 7 33 47 30 5 9 3 49 2 35 23 45 6 20 24 38 26 40 16 32 4 1 13 34 36 50 31 12 19 17 39 25 28 27 44 41 18 42 46 10 29 21 8 48 37 22 43 
student 219: 16 14 15 7 32 47 35 8 6 5 48 2 38 18 43 3 22 20 39 25 37 9 31 4 1 13 33 34 50 30 12 28 19 41 29 24 27 46 44 23 40 45 11 26 21 10 49 36 17 42 
student 220: 19 14 16 7 34 47 30 6 10 9 49 5 37 18 43 4 22 26 41 25 38 8 32 2 1 12 35 33 50 28 3 20 15 42 31 24 27 46 44 17 39 45 11 29 21 13 48 36 23 40 
student 221: 19 14 15 7 32 46 31 4 8 6 49 5 37 21 48 3 25 24 33 26 39 13 35 1 2 11 36 34 50 29 9 20 18 44 30 22 28 42 43 17 41 45 10 27 23 12 47 38 16 40 
student 222: 15 14 11 6 36 48 31 2 7 8 49 1 34 22 44 5 26 21 41 28 38 9 32 4 3 19 40 33 50 25 10 23 17 35 27 24 30 43 42 18 39 45 12 29 20 13 47 37 16 46 
student 223: 14 15 16 10 34 42 31 7 8 4 50 3 36 20 41 2 29 17 37 26 40 13 32 9 1 11 33 35 49 28 6 25 21 44 30 19 27 48 43 24 39 46 5 23 22 12 47 38 18 45 
student 224: 16 17 20 6 30 46 37 8 7 2 43 3 32 21 44 5 24 22 39 25 41 10 34 4 1 15 31 38 50 33 9 23 18 42 27 26 29 36 40 19 45 48 13 28 12 11 47 35 14 49 
student 225: 16 7 15 10 33 48 31 6 5 4 50 3 34 24 44 1 23 20 36 26 41 9 27 8 2 14 37 35 46 29 12 22 19 47 32 25 28 45 42 21 39 40 11 30 18 13 49 38 17 43 
student 226: 20 16 12 9 31 46 32 7 3 2 48 4 35 24 47 6 25 19 38 26 37 11 30 5 1 13 33 36 49 34 10 23 18 44 29 27 21 45 42 17 41 40 8 28 22 14 50 39 15 43 
student 227: 17 20 11 7 33 45 31 10 8 5 50 1 37 21 38 6 25 22 42 26 35 9 29 2 4 14 34 36 49 30 3 23 18 41 32 24 28 47 44 19 40 43 13 27 16 12 48 39 15 46 
student 228: 17 16 15 6 32 47 34 5 4 9 48 2 36 21 45 7 22 25 39 24 38 8 31 3 1 13 35 37 49 28 10 23 19 46 30 26 29 41 43 18 42 40 11 27 20 12 50 33 14 44 
student 229: 18 12 15 10 32 46 33 8 3 2 50 1 36 26 44 7 24 21 34 28 37 6 30 4 5 13 35 38 49 27 11 20 19 43 29 25 31 48 42 17 40 45 9 23 22 14 47 39 16 41 
student 230: 19 15 16 5 29 48 32 12 4 2 49 1 38 20 47 6 27 22 34 24 37 7 36 3 8 13 33 35 45 26 10 28 18 39 30 23 25 46 43 21 42 44 11 31 17 9 50 41 14 40 
student 231: 21 14 16 12 31 49 32 8 5 4 50 1 36 24 42 7 25 19 37 22 41 6 33 2 3 11 34 35 48 28 10 23 15 39 30 26 29 43 38 18 44 45 9 27 20 13 46 40 17 47 
student 232: 18 16 12 8 34 47 33 6 7 2 49 3 35 21 45 5 26 22 38 24 41 10 30 4 1 13 32 36 50 28 9 20 19 43 31 25 29 46 39 23 40 44 15 27 11 14 48 37 17 42 
student 233: 17 18 19 4 29 46 38 8 7 3 47 2 34 23 45 6 25 21 39 26 41 10 32 5 1 14 33 35 49 30 9 22 20 43 24 31 28 50 37 15 40 44 11 27 16 13 48 36 12 42 
student 234: 17 19 14 10 34 44 33 8 2 5 50 3 29 20 47 6 23 22 36 25 42 9 32 7 1 12 30 39 49 31 4 24 16 40 35 28 27 45 46 18 38 41 11 26 21 13 48 37 15 43 
student 235: 17 16 13 8 33 45 31 7 5 2 49 3 36 21 46 6 28 20 37 26 39 11 32 4 1 14 34 35 50 27 9 23 19 42 29 25 30 47 38 22 41 44 10 24 18 12 48 43 15 40 
student 236: 17 13 14 9 32 46 34 8 5 3 50 2 35 22 47 4 21 20 37 26 38 10 30 6 1 15 33 36 49 31 11 23 19 40 29 25 28 45 41 18 42 43 12 27 24 7 48 39 16 44 
student 237: 18 14 10 9 33 46 32 8 4 3 49 6 34 22 44 5 20 24 38 25 40 11 31 2 1 13 36 37 50 26 16 23 17 43 30 27 28 45 42 19 41 47 7 29 21 12 48 35 15 39 
student 238: 16 14 15 10 33 48 36 7 4 6 49 2 35 26 47 3 22 19 37 24 39 13 31 1 5 12 38 32 50 27 8 23 17 42 28 25 30 45 41 21 40 44 9 29 20 11 46 34 18 43 
student 239: 15 16 14 8 31 47 28 4 7 2 49 3 34 19 45 5 25 20 38 23 35 9 32 6 1 12 37 39 50 29 10 24 21 43 33 26 27 48 41 22 40 42 13 30 18 11 46 36 17 44 
student 240: 19 17 14 7 30 44 32 6 5 3 49 1 36 12 48 4 22 15 40 24 37 9 29 8 2 18 31 35 47 28 10 23 21 46 34 25 26 50 39 20 38 43 11 33 27 13 45 41 16 42 
student 241: 19 14 15 4 31 47 32 11 6 3 49 1 37 20 46 9 30 22 38 24 39 7 34 5 2 13 33 35 50 26 12 23 18 44 29 27 25 48 42 16 40 45 10 28 21 8 43 36 17 41 
student 242: 20 15 13 10 34 48 32 8 7 4 50 2 36 21 44 6 25 19 38 26 35 5 30 3 1 12 33 37 49 28 14 22 17 43 31 23 29 46 41 18 40 45 11 27 24 9 47 42 16 39 
student 243: 17 13 11 9 35 49 32 6 5 2 47 1 36 21 42 7 25 19 41 26 38 10 30 4 3 15 34 33 48 29 8 24 18 43 31 27 28 44 40 20 39 45 12 22 23 14 50 37 16 46 
student 244: 20 11 16 8 34 48 32 6 10 7 45 4 33 22 40 5 15 23 37 24 41 3 31 1 2 9 35 36 50 29 12 25 19 47 30 28 27 44 43 18 39 46 13 26 21 14 49 38 17 42 
student 245: 15 14 17 5 31 46 33 7 3 6 48 4 36 22 43 8 25 21 37 32 40 9 29 1 2 10 35 38 49 30 12 23 16 41 24 27 28 47 44 19 39 42 11 26 20 13 50 34 18 45 
student 246: 17 15 16 5 33 47 32 8 9 6 49 4 36 22 43 2 25 18 39 27 38 7 30 1 3 12 34 37 50 26 10 24 14 44 31 23 29 42 41 20 40 46 13 28 21 11 48 35 19 45 
student 247: 17 15 13 6 34 46 28 7 8 4 47 3 33 21 45 1 23 22 37 31 40 9 32 5 2 12 35 36 50 27 10 26 19 41 30 29 24 48 39 20 43 42 14 25 18 11 49 38 16 44 
student 248: 16 14 18 9 33 47 32 3 6 5 49 1 28 20 45 7 27 23 38 25 39 8 29 4 2 13 34 35 50 36 10 22 17 41 31 24 26 46 40 19 42 44 12 30 21 11 48 37 15 43 
student 249: 18 16 17 6 33 46 29 7 9 2 49 4 37 20 43 5 23 21 39 26 32 10 38 3 1 13 34 35 50 28 12 25 15 47 31 24 30 48 42 19 40 44 11 27 22 8 45 36 14 41 
student 250: 18 15 13 6 33 49 31 3 10 2 37 5 38 22 47 7 24 19 39 25 40 9 35 4 1 14 34 29 50 30 11 23 21 41 32 27 28 46 42 20 44 45 8 26 17 12 48 36 16 43 
student 251: 17 16 15 7 33 47 32 9 6 3 46 2 35 21 45 5 24 22 40 28 39 11 30 4 1 14 36 37 50 31 8 23 18 44 29 27 25 49 41 19 38 42 12 26 20 10 48 34 13 43 
student 252: 18 12 20 8 38 47 34 7 2 4 48 3 32 23 50 5 22 19 36 26 40 9 33 6 1 14 31 35 46 28 10 25 16 37 30 24 29 43 41 17 49 44 11 27 21 15 45 39 13 42 
student 253: 19 13 14 16 32 47 34 8 4 5 49 1 38 21 45 11 25 22 36 24 37 9 30 3 2 7 35 33 48 29 6 26 18 40 31 23 28 42 50 20 44 46 12 27 17 10 43 39 15 41 
student 254: 16 12 14 7 32 48 29 5 6 10 49 1 35 19 44 3 20 22 38 28 39 8 33 4 2 15 34 37 47 30 9 26 18 43 31 23 25 46 42 24 40 41 11 27 21 13 50 36 17 45 
student 255: 17 15 14 11 34 47 31 7 6 3 46 2 36 20 45 4 22 24 41 26 38 8 33 5 1 13 35 30 48 32 12 23 19 40 25 27 28 42 44 18 37 43 10 29 21 9 50 39 16 49 
student 256: 22 11 12 6 30 49 27 7 5 2 50 3 34 20 46 4 25 23 36 28 33 14 31 8 1 16 38 37 48 32 9 21 17 42 35 26 24 45 44 18 39 41 15 29 19 10 47 40 13 43 
student 257: 18 12 17 9 33 47 30 6 7 4 50 3 34 21 43 2 23 20 35 27 41 8 29 5 1 11 32 39 49 25 10 24 19 40 37 26 31 45 38 16 42 44 14 28 22 15 46 36 13 48 
student 258: 16 14 15 8 33 42 32 10 6 4 49 5 36 20 47 3 24 23 39 28 40 7 31 2 1 13 34 35 50 29 9 22 19 44 27 25 26 45 41 21 37 46 11 30 18 12 48 38 17 43 
student 259: 18 15 12 6 33 48 32 4 3 11 49 5 36 21 45 7 23 19 35 25 40 14 30 1 2 10 34 39 50 27 8 28 20 42 29 24 31 46 38 22 41 43 9 26 16 13 47 37 17 44 
student 260: 17 14 18 8 33 46 32 4 3 2 48 5 39 21 44 7 29 23 36 24 40 9 31 6 1 13 34 35 50 27 11 22 19 42 28 25 30 49 41 16 37 45 10 26 20 12 47 38 15 43 
student 261: 18 15 16 14 33 47 32 6 5 2 50 4 35 20 46 3 26 23 37 29 44 11 30 8 1 13 34 36 49 27 12 21 9 41 31 24 28 45 40 19 39 43 7 22 25 10 48 38 17 42 
student 262: 15 14 16 13 33 47 34 7 5 1 50 6 35 17 45 4 24 21 37 29 38 10 32 2 3 11 27 36 49 31 12 26 18 42 28 22 25 46 41 20 39 43 8 30 23 9 48 40 19 44 
student 263: 16 10 14 6 37 45 31 7 8 1 46 2 36 20 49 4 30 19 40 27 35 13 28 5 3 15 34 32 50 29 9 23 18 44 24 25 26 47 43 17 41 42 12 33 22 11 48 38 21 39 
student 264: 19 13 12 8 33 48 31 6 5 7 47 1 35 20 46 2 27 18 39 26 36 9 32 3 4 14 34 37 50 30 10 24 16 42 29 22 25 44 41 17 40 43 15 28 23 11 49 38 21 45 
student 265: 17 15 13 8 31 48 30 9 4 5 49 2 34 19 45 3 24 20 38 27 39 11 33 6 1 12 35 36 50 29 7 22 18 41 32 25 28 46 40 23 37 44 10 26 21 14 47 42 16 43 
student 266: 16 15 12 5 33 48 31 10 11 2 47 4 38 17 45 3 21 22 39 26 40 7 30 6 1 14 34 35 50 28 8 24 18 41 32 25 29 46 43 23 37 44 9 27 20 13 49 36 19 42 
student 267: 17 15 14 6 33 48 31 7 4 3 50 1 35 21 44 10 22 23 37 32 39 8 30 5 2 11 34 36 49 27 13 24 18 43 29 26 28 46 40 19 41 47 9 25 20 12 45 38 16 42 
student 268: 18 14 16 5 32 47 33 8 4 1 49 2 34 24 44 7 25 13 38 26 41 9 31 6 3 11 35 37 50 29 10 21 20 42 30 28 27 45 43 22 39 46 15 23 19 12 48 36 17 40 
student 269: 17 15 13 12 34 48 30 11 7 5 46 3 35 20 41 2 23 24 42 28 39 4 33 9 1 14 32 37 50 29 6 19 18 43 27 25 31 47 45 21 38 40 10 26 22 8 49 36 16 44 
student 270: 18 11 12 9 40 48 28 2 7 5 49 4 34 14 45 3 26 21 37 25 38 17 31 6 1 13 35 36 50 32 15 22 16 39 30 24 27 46 33 19 43 44 8 29 23 10 47 41 20 42 
student 271: 18 15 14 10 35 46 33 6 8 4 50 1 34 17 45 3 21 22 30 25 39 7 32 2 5 12 38 37 49 29 9 23 19 42 31 27 28 47 41 20 40 44 11 26 24 13 48 36 16 43 
student 272: 16 9 14 11 35 48 32 3 6 4 50 2 36 21 46 7 25 24 37 27 40 10 30 5 1 17 33 34 49 31 12 22 19 41 29 26 28 43 44 18 38 45 8 23 20 13 47 39 15 42 
student 273: 16 15 13 14 33 47 32 6 7 3 48 2 35 17 46 5 26 20 37 28 43 8 30 4 1 12 34 36 50 25 9 23 19 40 31 24 27 44 41 18 39 45 10 29 22 11 49 38 21 42 
student 274: 17 14 15 8 32 49 35 10 5 1 48 2 33 22 43 7 23 25 37 31 38 12 27 3 4 13 34 36 50 29 11 24 19 47 30 21 28 44 41 20 40 45 6 26 18 9 46 39 16 42 
student 275: 17 11 13 5 32 46 28 8 6 2 48 4 35 22 45 7 27 19 29 25 41 10 33 3 1 15 34 37 50 30 9 23 18 44 36 24 31 49 39 21 38 42 12 26 20 16 47 43 14 40 
student 276: 23 13 14 12 40 47 34 7 9 1 49 3 35 20 45 6 21 24 37 26 38 4 31 5 2 10 32 36 50 29 8 25 18 43 28 22 30 44 41 19 33 42 11 27 17 15 48 39 16 46 
student 277: 16 13 14 7 32 46 29 4 8 6 49 2 34 21 44 5 25 22 36 27 37 10 35 3 1 15 42 38 50 30 11 23 17 43 31 24 26 47 40 20 39 45 9 28 19 12 48 33 18 41 
student 278: 17 15 13 9 34 47 31 3 7 6 48 4 35 20 45 2 24 23 40 28 37 12 30 5 1 10 33 38 50 25 11 21 16 44 32 26 29 46 41 18 39 43 8 27 22 14 49 36 19 42 
student 279: 20 18 14 11 35 47 33 6 7 2 50 3 34 24 48 5 22 19 39 29 42 8 31 4 1 16 32 36 49 26 9 28 12 43 27 25 30 45 41 17 38 44 10 23 21 13 46 37 15 40 
student 280: 16 15 17 4 38 44 31 9 6 8 49 1 34 20 43 5 27 24 36 26 37 10 33 2 3 14 32 40 45 28 12 21 18 47 30 22 25 48 39 23 41 42 7 29 19 11 50 35 13 46 
student 281: 16 17 13 11 38 45 27 7 3 4 48 2 33 14 49 5 24 22 34 28 37 9 29 6 1 20 30 35 50 36 8 23 19 43 32 26 25 46 42 15 41 44 10 31 18 12 47 40 21 39 
student 282: 14 15 16 8 31 46 36 10 6 1 49 2 35 22 45 4 25 23 37 27 41 9 33 5 3 12 32 34 50 29 7 18 19 42 30 24 28 47 43 20 39 44 11 26 21 13 48 38 17 40 
student 283: 14 11 18 8 31 47 34 9 7 2 50 1 38 22 46 3 25 21 37 28 40 16 30 5 4 13 32 35 48 33 6 23 19 42 29 26 27 49 43 15 36 44 10 24 20 12 45 39 17 41 
student 284: 14 13 18 8 34 49 32 6 3 5 48 2 40 23 45 7 25 15 36 26 37 9 31 4 1 11 33 35 50 27 10 20 21 43 30 24 28 47 41 19 38 46 12 29 22 17 44 39 16 42 
student 285: 23 14 12 4 34 50 32 13 8 7 47 5 36 18 40 3 26 25 37 24 39 9 28 2 1 6 33 35 48 30 10 20 17 45 31 22 29 49 43 19 41 44 15 27 21 11 46 38 16 42 
student 286: 16 9 17 5 32 50 33 7 8 2 49 6 34 26 47 3 24 21 38 23 42 12 36 4 1 13 29 35 45 31 11 22 18 41 28 25 30 43 40 19 37 48 10 27 20 14 46 39 15 44 
student 287: 17 14 16 7 39 47 33 10 6 3 48 2 30 19 46 4 26 22 36 24 38 8 29 5 1 13 32 35 49 27 9 23 20 43 34 25 31 45 42 15 37 40 11 28 21 12 50 41 18 44 
student 288: 14 16 15 8 33 43 30 13 7 2 50 1 35 21 44 5 23 26 37 25 40 10 29 4 3 12 34 38 47 31 6 24 19 42 32 22 28 48 41 20 39 45 9 27 18 11 49 36 17 46 
student 289: 16 11 17 12 32 45 34 6 10 4 49 1 33 20 44 2 25 22 35 23 41 5 31 7 3 14 37 39 50 27 8 24 19 38 30 26 29 47 40 18 42 46 9 28 21 13 48 36 15 43 
student 290: 18 12 14 8 30 47 27 9 1 4 48 2 34 22 44 7 21 24 40 26 37 5 31 6 3 13 32 39 50 33 11 29 15 42 25 23 35 45 36 19 38 46 10 28 20 16 49 41 17 43 
student 291: 15 14 18 5 34 49 29 10 7 3 48 1 35 24 45 9 26 20 37 25 39 8 32 4 2 12 33 38 50 30 11 22 17 43 31 23 28 46 41 19 40 44 6 27 21 13 47 36 16 42 
student 292: 18 12 15 11 33 40 28 7 5 3 45 2 34 21 43 6 20 25 36 29 39 8 31 4 1 13 35 37 48 27 9 19 17 44 30 23 32 49 42 22 38 47 10 24 26 14 50 41 16 46 
student 293: 10 15 16 7 31 48 36 2 8 3 49 5 34 24 44 4 23 22 41 26 37 12 27 6 1 9 32 35 46 33 11 21 17 50 28 25 30 42 40 18 38 45 13 29 19 14 47 39 20 43 
student 294: 16 12 15 2 34 50 33 9 5 4 47 3 35 21 48 7 26 25 39 24 38 10 27 6 1 19 32 36 49 29 13 22 20 41 31 23 30 45 42 17 40 44 14 28 18 8 46 37 11 43 
student 295: 17 13 18 10 37 47 31 6 2 7 50 1 35 21 46 8 23 20 32 26 36 5 34 4 3 11 33 38 48 27 9 24 16 44 30 25 29 45 40 19 39 43 14 28 22 12 49 42 15 41 
student 296: 19 16 14 8 40 46 33 7 5 3 49 2 39 21 45 6 24 22 35 29 37 10 31 4 1 12 32 34 50 27 11 28 18 42 26 23 30 47 41 17 36 43 9 25 20 13 48 38 15 44 
student 297: 18 16 13 6 33 48 31 8 9 2 49 3 34 19 46 4 21 22 37 26 38 10 29 5 1 11 32 36 50 35 12 25 20 42 30 24 27 45 41 17 40 43 14 28 23 7 47 39 15 44 
student 298: 20 15 16 12 33 41 31 6 2 7 50 5 32 23 45 1 24 21 37 28 38 8 34 4 3 10 36 35 49 30 13 25 17 40 29 22 27 47 42 18 44 46 14 26 19 9 48 39 11 43 
student 299: 17 15 12 9 33 48 31 6 7 4 45 2 34 20 46 5 23 21 36 24 39 8 35 3 1 14 32 37 50 29 10 22 18 41 27 25 30 47 43 26 40 44 13 28 19 11 49 38 16 42 
student 300: 18 13 15 7 37 48 33 8 6 2 49 5 34 22 43 3 24 23 39 26 38 9 31 4 1 16 30 35 50 32 11 21 17 40 28 27 29 47 41 19 42 44 10 25 20 12 45 36 14 46 
student 301: 18 14 15 7 33 47 31 6 3 4 50 8 36 19 45 5 22 23 38 27 39 10 32 2 1 12 34 35 49 26 11 24 17 41 30 29 28 43 40 20 46 44 13 25 21 9 48 37 16 42 
student 302: 19 13 16 6 33 45 34 7 4 2 49 1 32 24 47 5 22 21 39 25 36 9 35 8 3 12 30 37 50 31 10 26 15 42 27 23 29 43 40 18 44 41 14 28 20 11 48 38 17 46 
student 303: 19 17 13 14 30 48 42 5 12 8 49 2 33 16 44 1 22 21 31 25 37 4 27 3 6 11 32 36 50 35 9 24 18 41 29 28 34 45 40 20 39 47 7 26 23 10 46 38 15 43 
student 304: 16 14 15 10 30 50 33 7 4 6 48 3 32 22 43 8 19 25 40 26 37 9 28 2 1 13 35 36 49 34 5 27 18 39 31 23 29 44 42 20 38 46 11 24 21 12 47 45 17 41 
student 305: 19 14 18 8 35 48 30 7 6 2 45 4 31 23 47 3 25 21 38 28 36 9 22 5 1 12 37 34 50 27 10 20 17 44 33 26 32 46 40 16 41 43 11 29 24 13 49 39 15 42 
student 306: 19 12 17 8 32 42 33 6 13 1 49 5 36 20 47 4 21 23 34 25 39 7 31 3 2 15 35 40 50 30 9 24 18 38 27 28 26 48 41 14 44 43 11 29 22 10 45 37 16 46 
student 307: 17 12 16 7 34 49 37 6 5 2 48 1 31 23 45 8 24 21 36 26 38 13 32 4 3 14 35 33 50 27 9 29 19 44 28 22 30 42 39 18 40 47 10 25 15 11 46 41 20 43 
student 308: 15 16 17 7 31 49 33 5 8 6 48 3 38 21 44 4 22 23 36 24 37 10 28 2 1 13 34 35 50 29 9 19 18 43 32 26 30 45 40 25 41 47 12 27 20 11 46 39 14 42 
student 309: 16 14 18 7 34 47 32 9 4 1 50 5 40 21 44 6 24 20 38 26 37 8 31 2 3 12 35 33 49 28 11 23 19 43 30 25 29 46 39 17 41 42 15 27 22 10 48 36 13 45 
student 310: 15 13 12 7 34 48 36 8 3 5 47 2 33 19 44 4 22 21 38 24 39 9 32 6 1 16 35 31 50 29 14 25 17 43 30 27 28 46 41 20 40 42 10 26 23 11 49 37 18 45 
student 311: 14 15 17 10 31 47 28 8 6 3 48 1 35 22 43 4 27 23 37 21 42 12 33 5 2 7 34 36 50 30 9 24 20 44 32 26 29 41 40 18 39 45 13 25 19 16 49 38 11 46 
student 312: 18 15 12 5 35 48 34 8 6 3 50 1 29 21 44 9 24 23 37 26 39 7 32 4 2 13 33 36 49 25 10 20 16 41 31 30 28 47 42 22 40 43 11 27 17 14 46 38 19 45 
student 313: 13 16 17 7 33 49 26 8 5 3 44 4 37 21 41 6 23 25 38 27 43 9 34 2 1 14 32 35 50 24 11 28 20 42 31 29 22 48 36 19 39 40 10 30 18 12 45 46 15 47 
student 314: 19 14 16 9 33 47 32 8 6 4 48 2 39 21 45 5 25 20 38 30 40 7 28 3 1 15 36 37 50 29 10 22 17 35 27 23 31 46 41 18 44 42 11 26 24 13 49 34 12 43 
student 315: 17 14 15 9 33 49 37 8 5 4 47 2 35 21 45 6 26 22 31 24 38 12 29 3 1 11 34 36 50 28 7 18 20 41 32 27 30 48 42 16 40 44 10 25 23 13 46 39 19 43 
student 316: 15 13 18 8 33 47 31 7 5 4 50 2 38 21 43 3 23 24 36 27 39 12 29 6 1 14 34 35 49 32 9 22 20 42 28 26 30 48 37 19 41 45 16 25 17 11 46 40 10 44 
student 317: 17 12 14 7 33 48 35 15 6 3 49 2 36 22 46 5 24 23 37 27 39 9 32 4 1 13 34 31 50 29 8 21 19 42 30 25 26 45 41 20 40 44 11 28 18 10 47 38 16 43 
student 318: 23 14 16 6 33 46 32 9 8 1 50 4 35 25 43 5 22 21 37 26 39 7 29 3 2 13 34 36 48 31 11 20 18 42 30 24 28 47 40 17 38 45 12 27 19 10 49 41 15 44 
student 319: 17 12 13 7 34 46 32 11 9 2 49 4 33 20 43 3 24 22 36 27 41 6 31 5 1 15 40 35 50 30 8 25 18 44 29 23 28 45 47 19 38 42 10 26 21 14 48 37 16 39 
student 320: 19 14 15 10 35 49 33 7 5 4 47 3 34 16 46 1 22 23 39 24 38 11 32 6 2 9 29 36 50 27 8 25 20 43 31 26 30 45 41 21 40 44 13 28 18 12 48 37 17 42 
student 321: 21 13 15 10 34 42 32 6 5 3 49 1 36 19 47 8 24 20 38 29 43 9 28 4 2 12 33 37 50 26 7 23 16 40 31 27 30 45 46 18 44 41 11 25 22 14 48 35 17 39 
student 322: 12 16 18 6 35 49 31 7 9 4 43 2 39 21 45 3 23 22 34 27 37 11 29 5 1 14 36 33 50 32 8 24 15 42 30 25 26 47 41 20 38 44 10 28 17 13 48 40 19 46 
student 323: 16 15 18 9 35 48 37 3 4 6 49 2 32 22 44 7 27 19 34 25 41 8 29 5 1 14 33 36 50 28 10 23 20 47 30 24 26 45 42 17 40 43 11 31 21 12 46 39 13 38 
student 324: 15 14 17 9 32 46 33 7 6 3 50 2 34 20 44 4 25 24 38 27 37 11 26 5 1 13 35 36 47 31 8 23 19 45 30 21 29 48 40 22 42 43 12 28 16 10 49 41 18 39 
student 325: 16 15 14 7 32 46 35 8 5 3 49 2 36 21 47 6 24 23 37 27 34 10 30 4 1 12 41 42 50 29 11 26 20 40 31 19 28 44 39 17 38 45 13 25 22 18 48 33 9 43 
student 326: 20 7 15 6 28 45 33 10 4 3 49 2 38 22 44 8 19 23 39 26 35 11 31 5 1 16 34 37 50 30 12 25 17 41 29 32 27 48 43 21 36 46 13 24 18 9 47 40 14 42 
student 327: 20 15 9 8 30 50 33 16 7 2 47 1 34 19 48 6 23 25 35 31 44 10 27 3 4 12 36 37 49 26 5 22 17 42 29 24 32 45 40 18 38 46 11 28 21 14 43 39 13 41 
student 328: 18 13 16 12 32 44 35 7 5 2 49 1 34 24 43 4 27 22 38 26 37 8 33 6 3 15 31 36 50 29 9 25 14 42 30 23 28 46 41 19 39 47 10 21 20 11 48 40 17 45 
student 329: 17 12 15 10 33 48 32 8 5 4 45 3 34 20 41 7 23 24 39 22 42 13 31 1 2 9 35 36 47 28 6 27 18 43 30 25 29 49 40 19 38 44 11 26 21 14 50 37 16 46 
student 330: 18 14 16 8 32 43 27 6 7 2 50 3 35 21 45 5 23 22 39 30 38 9 33 4 1 12 36 37 48 24 10 19 17 42 28 29 34 47 40 20 41 46 11 26 25 13 49 31 15 44 
student 331: 20 15 17 9 30 47 33 8 5 4 50 3 34 19 46 6 18 23 37 25 39 12 27 1 2 11 35 36 48 32 7 24 14 42 26 29 31 44 40 21 38 43 10 28 22 13 49 41 16 45 
student 332: 16 15 13 11 32 46 34 7 5 4 49 3 37 22 50 2 23 21 33 25 39 10 31 6 1 8 38 36 47 27 9 29 19 35 30 24 28 43 45 17 40 41 12 26 20 14 48 42 18 44 
student 333: 18 11 16 7 32 46 33 6 4 1 49 2 36 20 43 9 23 24 40 27 39 10 31 5 3 12 35 34 50 29 8 25 17 44 30 22 28 48 42 19 37 41 13 26 21 14 47 38 15 45 
student 334: 21 15 16 7 33 48 34 6 4 3 46 2 35 18 45 9 26 22 40 27 44 8 31 5 1 12 32 38 50 25 11 23 14 41 29 24 30 43 47 17 39 42 13 28 19 20 49 37 10 36 
student 335: 20 14 15 8 32 45 33 7 4 2 48 1 36 21 46 5 28 23 30 24 37 10 35 3 6 12 34 38 50 29 9 25 17 43 31 26 27 47 41 19 40 44 11 22 18 13 49 39 16 42 
student 336: 12 14 16 5 34 50 32 6 8 2 46 4 35 19 45 3 23 22 36 27 40 10 29 7 1 15 33 39 49 30 11 26 18 48 31 25 28 43 37 20 41 42 9 24 21 13 47 38 17 44 
student 337: 18 13 17 9 32 46 30 6 4 3 49 2 36 19 44 5 23 27 37 24 41 7 34 8 1 15 33 35 50 28 10 22 20 39 31 29 25 43 45 21 38 47 11 26 16 12 48 40 14 42 
student 338: 18 15 17 8 30 49 35 5 9 1 48 3 31 22 46 6 24 21 37 26 41 11 33 2 4 12 34 36 50 28 10 23 19 44 32 25 27 45 39 16 40 42 7 29 20 13 47 38 14 43 
student 339: 16 11 18 8 33 45 32 7 4 6 49 2 34 19 43 5 21 25 38 27 37 12 30 3 1 13 35 36 50 28 9 22 17 44 31 26 24 47 42 20 41 40 10 29 23 15 48 39 14 46 
student 340: 19 14 13 8 35 47 33 5 11 2 48 1 36 27 46 7 20 23 39 26 38 6 34 3 4 18 31 37 50 29 9 16 17 41 28 25 30 44 45 21 32 43 10 24 22 12 49 40 15 42 
student 341: 19 11 16 6 35 48 34 9 5 3 49 1 39 21 45 4 32 18 37 27 41 14 33 7 2 10 30 31 50 24 8 26 20 40 29 22 28 46 42 23 38 43 15 25 17 13 47 36 12 44 
student 342: 18 16 13 9 36 46 34 6 15 2 48 4 39 19 43 5 23 20 35 25 40 3 30 7 1 11 33 32 49 24 10 26 14 41 28 22 29 47 37 21 45 44 8 31 27 12 50 38 17 42 
student 343: 19 13 15 7 30 49 32 3 8 1 50 5 36 14 46 4 25 20 39 23 45 10 29 6 2 12 33 34 48 24 11 26 16 43 28 27 35 44 42 21 40 41 17 31 22 9 47 37 18 38 
student 344: 12 17 16 10 33 45 32 7 5 3 49 2 34 22 46 4 27 18 38 23 36 9 31 6 1 8 37 39 50 28 11 24 19 42 29 26 30 47 40 21 41 44 13 25 20 14 48 35 15 43 
student 345: 17 14 15 9 37 46 32 5 6 3 47 1 38 18 45 11 21 25 36 26 42 7 27 4 2 13 31 33 50 30 8 23 19 41 35 24 29 48 44 20 34 43 10 28 22 12 49 39 16 40 
student 346: 18 14 15 9 33 48 31 8 5 3 49 1 40 23 44 6 25 22 35 32 39 10 30 4 2 13 34 37 50 26 12 24 20 41 29 21 28 45 43 11 38 47 7 27 19 16 46 36 17 42 
student 347: 19 13 17 5 37 47 32 6 7 2 49 3 33 21 44 8 25 22 35 28 40 11 30 4 1 15 34 36 50 29 12 26 16 41 31 18 27 46 43 23 39 42 10 24 20 9 48 38 14 45 
student 348: 17 14 20 7 33 42 34 9 5 4 48 2 35 21 41 6 25 22 38 27 36 15 29 3 1 13 32 37 49 24 10 23 16 45 31 26 30 46 43 18 40 47 8 28 19 12 50 39 11 44 
student 349: 18 16 14 13 31 49 37 8 6 3 50 2 34 21 43 5 28 26 35 22 42 9 32 4 1 11 33 38 48 24 10 25 19 41 29 27 30 46 44 15 39 45 12 23 20 7 47 36 17 40 
student 350: 18 16 12 8 33 50 35 5 9 2 46 4 31 25 45 6 22 20 38 26 39 7 32 1 3 14 34 37 47 24 10 23 15 44 30 27 29 49 41 21 40 42 11 28 19 13 48 36 17 43 
student 351: 18 12 16 9 35 48 32 6 7 2 50 4 34 21 45 5 25 22 36 24 37 10 30 3 1 13 33 39 49 26 8 23 17 44 31 27 29 46 42 19 40 43 14 28 20 11 47 38 15 41 
student 352: 15 14 20 9 35 47 33 4 8 5 50 3 31 24 42 7 25 21 40 23 43 6 32 2 1 10 36 34 49 30 11 22 16 44 27 26 28 45 39 19 38 41 12 29 18 13 48 37 17 46 
student 353: 20 15 12 11 35 46 33 9 5 3 48 2 36 21 39 6 23 22 34 25 38 14 32 4 1 13 30 37 49 27 7 24 17 43 29 31 26 50 42 19 40 47 8 28 16 10 44 41 18 45 
student 354: 16 14 18 6 30 48 32 11 5 4 49 3 37 21 45 10 23 24 36 27 40 7 33 1 2 12 34 35 50 29 8 22 20 44 31 25 28 46 39 19 38 41 9 26 17 13 47 43 15 42 
student 355: 17 20 11 8 35 45 31 7 6 4 50 2 33 21 42 5 23 22 36 16 40 10 34 3 1 9 30 39 47 28 12 26 25 43 29 24 32 48 37 18 41 44 13 27 19 15 49 38 14 46 
student 356: 19 14 16 7 31 49 30 6 5 4 47 2 34 21 45 3 27 23 37 29 41 17 33 8 1 12 35 36 50 26 11 25 15 40 32 28 24 43 38 20 42 46 9 22 18 10 48 39 13 44 
student 357: 14 15 17 3 37 47 34 8 7 4 49 2 35 22 46 6 25 21 38 23 39 9 33 5 1 12 36 30 50 29 10 24 19 40 27 26 31 45 41 20 42 44 11 28 16 13 48 32 18 43 
student 358: 18 14 17 12 34 45 32 5 7 2 47 4 30 23 48 6 26 22 42 27 36 9 33 3 1 8 35 37 50 29 15 20 16 43 31 19 28 46 39 21 40 44 10 25 24 11 49 38 13 41 
student 359: 11 15 16 12 34 48 32 10 6 2 50 5 35 21 44 3 23 25 37 24 39 9 26 4 1 14 30 36 49 28 7 20 17 45 33 27 31 46 43 18 38 42 8 29 22 13 41 40 19 47 
student 360: 14 12 16 8 31 43 33 6 5 4 49 3 37 22 48 7 24 23 38 27 39 10 32 2 1 15 36 35 45 30 9 20 19 47 26 25 29 46 44 17 41 42 13 28 21 11 50 34 18 40 
student 361: 12 14 15 7 34 49 37 8 2 10 50 3 33 24 42 1 23 21 35 26 40 5 30 6 4 17 32 38 46 31 13 28 20 44 29 25 27 39 48 18 41 45 9 22 19 11 47 36 16 43 
student 362: 17 11 13 9 33 46 32 5 3 2 48 4 36 22 47 7 28 21 37 24 40 10 31 6 1 14 34 35 50 27 16 23 15 42 30 25 29 44 41 19 38 45 12 26 20 8 49 39 18 43 
student 363: 16 17 15 5 35 45 27 8 7 1 50 2 34 18 41 6 23 24 36 26 40 9 33 3 4 14 31 37 49 30 10 29 19 42 32 22 25 48 39 21 43 44 12 28 20 13 47 38 11 46 
student 364: 20 12 13 6 33 46 32 9 8 3 47 1 35 19 45 2 24 21 36 27 43 7 29 4 5 11 34 38 50 26 14 22 17 39 28 25 31 44 42 18 40 48 10 30 23 15 49 37 16 41 
student 365: 16 17 14 7 33 45 34 6 8 2 49 1 41 20 47 5 25 21 35 23 38 9 32 4 3 15 37 29 50 28 11 22 18 43 31 27 30 46 40 24 42 44 10 26 19 12 48 36 13 39 
student 366: 14 12 16 8 31 47 29 7 5 3 43 1 33 23 49 4 27 24 46 25 39 6 32 10 2 13 35 37 50 34 9 17 19 44 30 22 28 45 40 18 42 38 15 26 20 11 48 36 21 41 
student 367: 13 14 19 9 35 44 30 6 3 4 49 2 31 24 42 8 27 20 38 29 36 7 32 5 1 17 34 40 46 26 10 23 16 45 28 25 33 48 43 21 39 47 11 18 22 12 50 37 15 41 
student 368: 13 11 16 7 34 46 31 6 8 4 47 3 35 21 45 5 27 23 36 25 38 10 26 2 1 15 33 39 50 29 12 28 18 41 32 24 30 48 43 17 40 42 9 20 22 14 49 37 19 44 
student 369: 23 12 15 8 31 45 33 7 5 4 49 2 32 21 46 3 22 20 37 34 39 10 29 6 1 13 36 35 50 28 11 25 17 42 30 26 27 47 41 19 40 44 9 24 18 14 48 38 16 43 
student 370: 17 14 12 8 34 45 29 7 6 4 48 2 38 19 44 3 25 22 35 27 37 11 33 5 1 9 31 41 50 30 10 24 16 46 32 23 28 49 42 20 39 43 18 26 21 13 47 36 15 40 
student 371: 15 12 18 8 31 47 32 5 6 7 49 2 34 22 46 11 20 23 41 24 43 13 30 3 1 17 37 35 50 29 4 25 19 38 33 27 28 42 45 16 44 40 10 26 21 9 48 36 14 39 
student 372: 16 10 15 12 33 48 32 5 7 2 49 3 35 20 40 4 26 22 38 24 42 8 27 1 6 14 34 36 50 30 9 23 18 45 31 25 28 41 37 19 47 46 11 29 21 13 43 44 17 39 
student 373: 15 14 18 7 34 47 33 8 5 2 50 3 35 22 45 10 23 24 36 27 39 6 29 4 1 16 30 41 48 31 11 21 17 42 32 26 28 43 40 19 37 49 13 25 20 9 46 38 12 44 
student 374: 14 13 15 8 31 48 34 9 5 1 47 2 37 17 45 6 24 16 38 29 32 12 33 4 3 11 35 36 50 25 10 22 26 39 30 23 28 49 40 20 42 43 19 27 21 7 46 41 18 44 
student 375: 16 13 14 4 36 48 33 9 12 2 50 3 34 22 41 6 20 24 35 25 43 7 29 5 1 15 32 38 49 30 8 31 21 42 26 28 27 47 40 17 44 46 10 23 18 11 45 39 19 37 
student 376: 21 16 20 9 36 50 31 6 7 1 46 3 34 24 42 2 17 25 35 27 38 12 32 5 8 13 33 37 48 30 4 19 14 43 29 23 26 49 39 22 41 44 11 28 18 10 47 40 15 45 
student 377: 17 13 16 10 32 45 35 7 6 3 47 2 39 22 42 5 28 24 34 20 38 8 31 4 1 14 37 33 50 30 9 23 18 43 27 26 29 46 40 19 41 48 11 25 21 12 49 36 15 44 
student 378: 21 12 14 10 33 50 31 8 5 3 48 2 40 22 47 6 20 25 36 26 42 4 32 7 1 18 34 35 49 28 9 19 17 41 27 24 29 45 39 15 38 44 11 30 23 13 46 37 16 43 
student 379: 16 13 22 7 33 48 32 8 6 3 50 2 39 28 43 5 31 19 45 25 38 11 30 4 1 15 34 35 49 27 9 23 18 41 29 21 26 44 40 17 37 46 12 24 20 10 47 36 14 42 
student 380: 16 12 17 5 31 48 32 7 8 2 50 6 34 28 45 3 27 21 42 24 38 11 35 4 1 10 33 36 49 30 9 22 20 41 25 29 23 47 40 18 39 43 13 26 19 14 46 37 15 44 
student 381: 19 13 18 7 34 48 32 5 8 3 49 6 35 20 46 1 25 26 36 27 39 12 33 4 2 10 28 41 50 31 9 17 22 45 29 24 30 44 40 14 42 38 15 23 21 11 47 37 16 43 
student 382: 17 16 14 9 32 47 35 6 8 2 49 4 33 21 45 3 26 22 42 24 40 5 31 10 1 15 36 34 50 29 11 23 18 43 27 25 30 46 39 19 38 41 7 28 20 13 48 37 12 44 
student 383: 23 13 19 9 35 44 33 5 2 7 50 6 32 21 40 4 25 22 37 27 38 10 31 3 1 8 36 34 49 30 12 24 17 41 28 20 29 46 43 18 42 48 14 26 16 15 47 39 11 45 
student 384: 13 20 12 9 31 47 30 8 6 2 49 3 34 21 44 5 24 19 36 28 37 7 33 4 1 15 38 35 50 25 11 27 16 42 26 23 32 46 41 17 40 45 10 29 22 14 48 39 18 43 
student 385: 18 12 16 7 35 40 28 10 4 3 49 1 36 20 43 11 25 22 34 26 33 6 32 5 2 14 38 37 50 31 8 23 17 42 29 27 30 46 41 21 47 44 9 24 19 13 48 39 15 45 
student 386: 15 14 19 8 32 48 31 7 6 3 45 2 35 21 42 5 26 22 41 27 38 10 33 4 1 13 34 37 50 30 12 23 18 43 28 24 29 44 36 20 47 40 9 25 16 11 49 39 17 46 
student 387: 16 17 13 11 33 45 31 6 7 4 48 3 35 18 47 2 26 22 39 23 38 10 29 8 1 20 34 37 50 28 5 30 19 42 32 25 27 49 41 14 40 43 9 24 21 12 46 36 15 44 
student 388: 15 13 17 9 31 46 32 4 7 3 49 2 34 21 44 6 22 23 36 28 39 10 30 5 1 16 35 38 50 26 12 24 18 43 33 27 25 48 42 19 40 41 8 29 20 11 47 37 14 45 
student 389: 17 13 15 10 29 43 34 5 4 2 46 3 35 19 49 7 25 23 36 26 39 8 31 6 1 9 33 37 47 28 12 24 18 44 30 27 22 48 41 20 40 42 11 32 21 14 50 38 16 45 
student 390: 19 15 14 5 37 45 33 6 8 1 49 3 35 23 47 4 25 16 40 28 41 9 30 7 2 12 34 36 50 27 11 24 21 42 31 22 29 44 39 17 38 43 10 26 20 13 48 32 18 46 
student 391: 17 15 14 11 29 50 32 8 7 1 48 4 35 23 47 5 30 21 42 26 38 10 31 3 2 13 34 37 49 28 9 25 18 40 33 22 27 46 39 19 43 45 6 24 20 12 44 36 16 41 
student 392: 19 13 15 8 31 45 32 12 5 4 47 2 35 24 46 9 22 21 37 25 38 6 33 3 1 14 34 36 49 29 7 23 17 44 30 28 27 48 42 18 40 41 10 26 20 11 50 39 16 43 
student 393: 15 14 18 8 30 50 36 7 5 3 49 4 34 20 44 6 24 21 33 27 41 10 28 1 2 11 32 38 47 29 9 23 17 42 31 25 35 45 40 19 46 43 12 26 22 13 48 39 16 37 
student 394: 18 12 16 7 34 48 31 9 5 4 49 3 32 17 47 6 22 25 37 24 40 8 28 1 2 15 33 35 50 36 11 23 21 41 30 26 27 44 38 19 46 43 13 29 20 10 45 39 14 42 
student 395: 17 15 13 7 33 48 31 6 9 5 50 3 34 22 45 2 27 21 39 24 36 8 29 4 1 14 35 37 49 30 10 25 18 44 32 23 26 43 41 19 40 46 11 28 20 12 47 38 16 42 
student 396: 17 14 15 8 33 48 31 6 7 4 50 1 34 21 43 3 28 20 40 26 39 10 29 5 2 12 35 36 47 27 9 24 16 42 32 22 25 44 38 19 41 46 13 30 23 11 49 37 18 45 
student 397: 19 13 15 9 32 50 30 8 6 3 49 2 35 23 45 5 26 22 36 28 39 7 27 4 1 11 34 37 48 29 14 21 17 42 31 24 33 47 41 20 40 43 10 25 18 12 46 38 16 44 
student 398: 18 15 16 7 33 49 31 8 4 3 50 2 35 23 42 5 22 21 34 26 43 9 30 6 1 13 36 37 45 29 10 25 14 40 32 24 28 47 41 20 38 46 11 27 19 12 48 39 17 44 
student 399: 21 14 16 7 32 45 34 4 9 2 49 6 35 19 42 8 23 22 38 26 39 10 28 3 1 13 33 36 50 30 5 24 17 41 31 25 27 46 37 15 43 44 11 29 18 12 47 40 20 48 
student 400: 16 13 18 10 32 48 33 9 6 3 47 4 38 23 45 5 22 24 36 27 42 7 31 1 2 8 35 34 44 29 11 21 17 39 28 26 30 46 41 20 40 49 12 25 19 15 50 37 14 43 
student 401: 19 12 14 7 32 45 34 5 8 2 49 3 39 24 44 4 27 23 35 26 37 10 33 6 1 13 31 38 50 30 9 22 18 43 29 21 28 47 40 20 42 46 11 25 17 15 48 36 16 41 
student 402: 18 16 15 6 33 45 31 7 5 3 49 1 36 24 47 8 21 22 41 25 38 13 30 4 2 11 34 35 50 32 14 26 19 44 29 28 17 46 42 23 40 43 9 27 20 10 48 37 12 39 
student 403: 17 11 12 7 33 49 34 5 1 4 50 3 35 19 44 8 26 20 37 23 43 10 30 6 2 16 31 36 48 25 14 24 18 47 32 28 27 46 39 21 38 42 9 29 22 13 45 41 15 40 
student 404: 18 12 13 9 34 48 33 14 6 4 49 3 37 21 43 2 27 19 38 24 39 8 29 5 1 15 30 35 50 31 7 22 23 45 32 25 28 46 41 20 40 42 10 26 17 11 47 36 16 44 
student 405: 18 11 14 8 31 47 32 6 4 3 49 1 42 21 45 7 25 23 37 27 35 12 33 2 5 13 34 36 50 29 9 22 20 38 30 26 28 46 40 16 39 44 10 24 19 15 48 41 17 43 
student 406: 18 16 17 9 33 43 29 7 3 5 46 4 34 22 45 1 25 19 37 27 39 10 31 6 2 8 35 36 49 28 11 23 15 41 32 24 30 42 48 20 38 40 12 26 21 13 50 44 14 47 
student 407: 19 14 16 7 34 46 31 3 11 2 48 6 32 17 38 1 26 15 37 23 36 8 30 10 5 4 40 35 50 27 9 25 20 43 33 29 22 49 41 24 39 47 12 28 21 13 44 42 18 45 
student 408: 18 14 13 7 34 46 33 6 8 1 47 3 38 23 43 4 21 24 41 26 39 11 32 5 2 9 36 29 50 28 15 19 17 45 27 25 31 44 42 22 40 48 12 30 20 10 49 35 16 37 
student 409: 22 17 13 8 32 46 34 4 7 6 45 2 35 21 42 5 25 19 36 24 38 11 31 1 3 12 33 40 50 28 10 23 15 44 29 26 30 48 43 16 39 41 14 27 20 9 47 37 18 49 
student 410: 24 17 13 4 38 47 35 11 5 1 50 6 37 20 46 2 21 22 39 26 40 10 30 9 3 12 32 33 49 29 7 23 15 41 31 25 28 45 43 16 34 42 8 27 18 14 48 36 19 44 
student 411: 15 16 11 9 37 48 28 5 4 3 49 2 35 21 44 12 25 23 40 20 38 7 34 6 1 13 31 33 50 29 14 24 18 45 32 30 27 47 41 19 39 46 8 26 22 10 43 36 17 42 
student 412: 18 13 22 6 32 47 30 7 11 3 50 2 35 17 48 5 19 20 38 25 40 12 24 4 1 10 34 36 49 28 8 26 15 41 29 31 33 45 42 16 39 46 9 27 23 21 44 37 14 43 
student 413: 16 14 15 6 32 39 35 10 7 4 50 3 36 23 46 2 24 21 40 25 38 8 37 5 1 13 31 33 45 28 12 22 17 41 29 26 30 48 43 19 42 47 9 27 20 11 49 34 18 44 
student 414: 14 15 16 12 31 46 35 8 5 1 50 3 32 21 44 4 26 25 37 24 38 7 30 6 2 11 33 36 48 28 9 19 17 42 34 22 27 47 41 20 40 45 10 29 23 13 49 39 18 43 
student 415: 15 14 16 6 32 45 35 7 10 2 47 3 36 24 44 5 25 26 38 19 41 8 34 4 1 13 30 33 50 31 9 18 23 39 28 29 27 46 40 20 42 43 12 22 21 11 49 37 17 48 
student 416: 14 12 17 8 33 48 32 4 7 3 45 1 34 16 44 6 23 24 37 25 39 9 31 5 2 10 35 41 49 28 13 29 22 46 30 20 27 47 36 18 43 40 15 26 21 11 50 38 19 42 
student 417: 18 12 16 8 33 47 31 3 7 5 50 1 35 22 44 4 26 19 39 25 34 11 32 6 2 15 36 37 49 30 9 24 14 41 28 29 23 46 42 21 38 45 10 27 20 13 48 40 17 43 
student 418: 13 15 16 11 32 42 33 9 5 3 49 2 34 17 48 6 23 20 37 27 40 8 26 4 1 12 35 36 50 30 10 24 21 39 29 25 28 44 45 18 41 46 7 31 22 14 47 38 19 43 
student 419: 16 14 18 8 34 50 31 6 7 2 49 1 43 21 45 5 24 23 29 25 35 9 32 3 4 13 33 36 48 39 10 22 20 41 30 27 26 44 42 19 38 46 11 28 17 12 47 37 15 40 
student 420: 13 15 11 5 32 47 31 9 6 3 50 2 35 19 45 7 26 27 37 25 40 8 33 4 1 16 34 36 49 29 10 20 18 39 28 23 30 46 42 22 43 44 14 24 21 12 48 38 17 41 
student 421: 21 15 20 10 31 47 32 4 6 2 48 7 37 19 45 3 23 24 36 28 39 8 33 1 5 14 34 35 50 30 12 25 17 42 27 22 29 46 41 16 40 44 13 26 18 9 49 38 11 43 
student 422: 12 13 15 6 32 47 28 9 7 4 49 2 35 20 45 5 25 22 37 19 40 14 33 1 3 11 34 39 50 30 8 24 23 42 31 27 29 46 41 18 38 43 16 26 21 10 48 36 17 44 
student 423: 18 15 16 9 30 47 34 8 4 1 48 3 36 23 45 7 22 21 39 35 37 6 29 5 2 13 32 31 50 33 10 24 17 41 28 27 26 46 42 19 40 44 12 25 20 11 49 38 14 43 
student 424: 19 18 17 8 32 47 30 7 6 2 48 3 34 11 42 4 25 23 38 29 44 9 33 5 1 15 37 41 50 28 10 21 24 45 31 26 27 49 40 14 36 46 12 22 20 16 43 35 13 39 
student 425: 20 10 17 11 34 49 32 3 6 13 45 4 35 22 42 5 16 25 39 28 36 7 31 1 2 14 33 38 50 29 9 26 19 40 30 23 27 46 48 18 41 43 8 24 21 15 47 37 12 44 
student 426: 17 15 16 8 35 46 30 6 5 3 50 2 42 21 44 9 23 20 36 25 38 12 34 4 1 13 33 32 48 26 10 24 14 39 29 31 28 47 43 22 40 41 7 27 18 11 49 37 19 45 
student 427: 17 13 15 7 33 47 36 4 8 6 48 3 37 20 44 1 23 24 38 25 35 11 32 5 2 12 34 31 49 30 9 22 18 41 29 26 28 50 39 21 40 42 16 27 19 10 46 43 14 45 
student 428: 20 13 16 7 34 42 29 8 6 2 48 1 32 21 49 5 23 25 35 26 41 9 31 4 3 14 36 33 50 30 12 22 17 40 37 24 28 47 43 19 38 44 11 27 18 10 46 39 15 45 
student 429: 15 13 16 8 34 46 33 3 4 7 49 5 35 20 42 6 25 21 37 31 41 9 28 1 2 17 30 36 50 32 10 23 19 44 24 26 29 47 40 18 43 45 11 27 22 12 48 38 14 39 
student 430: 18 14 15 7 31 46 33 9 4 1 48 6 36 21 45 3 26 23 38 24 39 8 30 5 2 13 34 35 50 29 10 22 19 43 32 25 27 47 41 17 40 44 11 28 20 12 49 37 16 42 
student 431: 16 13 14 6 33 48 32 7 8 1 49 4 34 21 45 2 28 23 36 26 39 11 29 5 3 12 35 37 50 27 9 22 18 41 30 24 31 47 44 19 40 42 10 25 20 15 46 38 17 43 
student 432: 17 14 15 7 32 45 31 6 9 3 48 1 34 22 40 5 20 25 36 26 43 10 37 4 2 13 33 35 50 29 8 19 18 47 30 23 28 44 38 21 41 49 11 27 24 12 46 42 16 39 
student 433: 15 12 20 4 35 47 30 8 7 5 49 3 32 23 46 2 25 21 34 31 42 11 33 6 1 9 36 39 50 28 10 24 17 43 29 22 27 45 38 19 37 44 13 26 18 14 48 40 16 41 
student 434: 15 14 13 11 34 47 31 10 3 2 50 1 36 16 45 6 27 22 37 25 39 7 29 5 4 21 33 35 49 28 8 19 18 43 30 26 32 46 41 20 40 44 12 24 23 9 48 38 17 42 
student 435: 21 13 16 9 33 47 37 3 6 2 50 4 35 22 46 5 27 25 34 23 31 7 32 10 1 8 42 38 49 28 11 26 19 41 30 18 29 43 36 17 45 44 12 24 20 14 48 39 15 40 
student 436: 17 16 14 5 33 42 36 7 6 3 49 1 34 21 45 4 24 22 35 25 41 8 30 2 9 12 32 37 50 31 10 27 19 43 26 23 29 47 40 20 39 44 13 28 18 11 48 38 15 46 
student 437: 14 16 17 10 33 48 31 8 6 2 50 3 32 23 46 7 20 22 37 26 39 12 29 4 1 11 35 36 47 28 5 24 21 42 34 25 30 45 43 15 41 44 9 27 18 13 49 38 19 40 
student 438: 17 12 16 7 34 47 32 3 10 5 50 2 36 21 45 9 23 22 41 26 39 8 31 4 1 15 35 33 48 29 11 25 18 42 30 24 28 46 38 19 40 44 6 27 20 14 49 37 13 43 
student 439: 15 13 17 6 39 46 31 4 7 5 44 2 36 21 43 9 23 22 37 30 35 8 29 3 1 14 34 32 49 28 11 27 18 41 33 24 25 45 40 16 42 48 10 26 20 12 50 38 19 47 
student 440: 19 11 14 6 33 49 32 9 5 8 50 3 36 22 45 4 27 21 40 30 42 7 29 2 1 18 35 34 48 26 10 23 16 41 28 24 25 47 39 15 37 43 12 31 20 17 46 38 13 44 
student 441: 17 14 18 5 32 49 35 8 6 2 47 3 30 22 46 7 29 21 37 27 38 9 31 4 1 13 34 36 50 28 10 20 15 42 33 25 26 48 41 19 40 43 11 24 23 12 45 39 16 44 
student 442: 19 14 21 10 33 46 31 11 7 6 50 4 34 20 36 2 17 22 40 26 39 12 29 3 1 9 35 38 49 28 5 23 18 42 30 25 27 44 43 24 41 47 8 32 16 13 48 37 15 45 
student 443: 14 13 17 9 35 48 34 8 6 1 49 2 40 20 45 4 25 18 39 22 36 10 32 5 3 16 37 33 50 27 7 24 23 42 29 30 28 47 38 21 41 44 11 26 19 12 46 31 15 43 
student 444: 20 18 14 4 37 48 29 5 8 7 49 3 33 17 47 2 26 21 27 28 38 10 31 6 1 11 39 36 50 32 9 24 16 42 34 23 30 46 41 19 40 44 13 25 22 12 43 35 15 45 
student 445: 15 12 16 9 33 47 35 6 7 3 49 2 31 20 44 4 25 23 41 26 42 10 29 5 1 14 34 36 50 28 8 22 17 40 32 27 24 45 38 19 37 43 11 30 21 13 48 39 18 46 
student 446: 24 16 19 8 36 48 34 6 4 5 49 2 33 17 47 7 22 20 38 26 35 11 31 3 1 14 32 37 50 29 10 25 15 39 30 28 23 45 44 13 41 43 9 27 21 12 46 40 18 42 
student 447: 17 13 16 5 32 45 29 8 12 3 49 1 37 23 44 6 25 21 39 22 42 7 30 4 2 11 38 36 50 28 9 24 18 41 34 27 31 46 33 19 40 47 10 26 20 14 48 35 15 43 
student 448: 17 20 15 8 32 47 36 6 9 4 50 1 33 22 46 7 23 19 37 30 35 5 31 3 2 14 34 40 48 27 11 24 16 43 29 26 28 45 39 21 41 44 10 25 18 12 49 38 13 42 
student 449: 11 13 17 10 33 46 32 6 12 5 48 1 35 20 43 9 26 22 37 25 38 7 28 3 2 16 34 36 50 30 4 23 19 42 31 24 27 44 41 18 40 49 8 29 21 14 47 39 15 45 
student 450: 17 12 16 13 38 48 30 6 2 5 47 3 41 21 45 4 24 22 36 25 43 8 35 7 1 11 29 32 49 28 9 23 19 39 27 26 33 50 37 18 34 44 10 31 20 14 46 42 15 40 
student 451: 17 16 20 9 34 49 31 8 7 3 48 2 32 19 44 5 26 23 35 27 36 4 33 6 1 13 38 39 50 29 10 22 18 43 28 21 30 47 41 25 37 45 11 24 15 12 46 40 14 42 
student 452: 17 12 16 9 33 47 30 6 3 5 50 2 34 23 45 11 21 22 35 31 38 8 27 4 1 7 37 40 48 32 10 25 18 42 29 24 26 46 41 15 39 43 14 28 19 20 49 36 13 44 
student 453: 19 12 16 7 32 46 28 13 4 2 47 6 34 23 44 9 24 21 39 22 38 8 29 3 1 17 35 36 48 33 11 25 15 40 27 31 26 49 42 14 41 45 5 30 18 10 50 37 20 43 
student 454: 16 12 14 8 33 49 30 6 5 4 50 2 34 21 46 3 25 22 36 28 40 7 31 13 1 17 32 38 47 29 10 19 23 41 35 24 27 48 42 20 39 45 9 26 18 11 43 37 15 44 
student 455: 19 15 16 6 33 49 29 9 1 8 44 4 35 20 42 5 23 21 38 25 39 7 30 3 2 13 37 31 50 32 11 24 17 45 34 26 28 48 40 22 43 47 10 27 18 12 46 36 14 41 
student 456: 17 14 15 6 34 48 29 9 5 3 50 1 32 21 46 2 24 23 38 26 40 10 33 8 4 11 35 36 47 28 7 22 18 45 31 25 30 49 39 19 41 43 12 27 20 13 44 37 16 42 
student 457: 16 14 18 4 33 50 35 8 9 1 48 3 32 21 49 7 26 23 38 22 40 2 30 6 5 13 37 36 47 28 10 25 19 44 31 24 27 46 43 17 42 39 12 29 20 11 41 34 15 45 
student 458: 18 16 11 2 35 47 31 9 7 3 49 5 33 24 46 4 28 20 37 22 39 12 29 6 1 8 34 36 50 26 13 27 15 41 32 19 25 43 44 23 40 45 14 30 21 10 48 38 17 42 
student 459: 16 13 15 5 33 47 27 6 12 2 49 3 36 17 45 4 25 20 38 24 37 8 32 7 1 14 34 35 50 30 9 29 19 41 31 22 28 46 44 21 40 42 10 26 23 11 48 39 18 43 
student 460: 19 11 14 10 31 49 32 7 8 1 48 6 36 21 42 3 23 22 37 28 41 4 34 5 2 13 35 33 50 30 12 24 16 43 29 25 27 47 40 17 39 46 9 26 20 15 45 38 18 44 
student 461: 14 16 19 9 34 43 33 7 5 2 49 3 30 17 48 6 24 20 38 26 40 13 32 4 1 12 36 37 50 29 10 23 18 41 31 25 27 47 35 21 42 46 8 28 22 11 45 39 15 44 
student 462: 15 16 13 8 34 46 33 7 5 2 49 3 37 21 45 6 23 20 31 25 35 9 30 4 1 11 36 43 50 28 10 22 19 41 32 24 27 47 40 17 38 42 12 29 26 14 48 39 18 44 
student 463: 18 13 12 8 32 47 34 7 6 3 48 1 39 19 43 4 25 21 40 27 36 9 22 5 2 11 30 35 49 33 10 24 23 44 31 26 28 42 41 20 37 50 14 29 17 16 46 38 15 45 
student 464: 15 14 13 7 34 47 32 9 6 3 49 2 33 22 44 5 24 20 37 28 40 11 35 4 1 19 31 36 50 29 8 23 21 41 27 25 30 46 45 16 39 43 10 26 18 12 48 38 17 42 
student 465: 20 12 14 9 31 49 32 7 6 2 50 4 34 25 42 5 24 22 36 17 40 10 33 3 1 13 35 37 48 28 11 19 16 41 30 26 29 46 38 23 39 45 8 27 21 18 47 43 15 44 
student 466: 16 11 14 7 35 48 31 8 6 5 50 2 37 18 45 4 24 21 40 25 36 9 29 3 1 15 34 32 49 33 10 23 22 39 30 27 28 46 41 19 42 43 13 26 20 12 47 38 17 44 
student 467: 9 13 19 7 36 46 29 11 6 3 49 2 34 18 45 5 22 23 37 24 39 10 31 4 1 15 33 35 50 30 8 21 14 44 25 26 27 47 43 20 41 42 12 28 32 17 48 38 16 40 
student 468: 19 14 17 7 33 49 32 9 6 4 47 1 37 20 42 3 24 21 35 29 38 8 31 5 2 13 36 34 50 23 12 22 18 48 28 25 30 46 41 26 40 44 10 27 15 11 45 39 16 43 
student 469: 14 18 12 7 30 49 35 10 6 1 50 2 36 19 43 5 24 20 37 26 41 9 33 4 3 15 32 34 48 29 11 25 21 40 28 23 27 47 39 17 42 45 8 31 22 13 46 38 16 44 
student 470: 16 15 19 11 31 44 33 8 7 2 48 1 35 21 43 4 23 22 41 29 36 3 32 6 5 10 42 34 50 30 12 26 18 40 28 25 27 49 39 17 38 46 9 24 20 14 47 37 13 45 
student 471: 18 13 16 6 32 46 34 7 2 5 49 4 39 23 45 9 24 21 36 25 35 8 31 1 3 10 37 33 50 29 12 22 15 44 26 27 30 47 43 19 41 42 14 28 20 11 48 38 17 40 
student 472: 18 16 14 7 34 45 32 6 4 3 48 2 35 22 43 9 21 26 38 29 40 10 31 5 1 13 33 36 50 25 11 19 15 44 30 23 28 49 41 20 39 42 8 27 17 12 47 37 24 46 
student 473: 19 12 17 2 34 47 33 7 6 3 50 5 35 20 42 8 23 22 39 26 40 9 32 4 1 18 31 36 48 29 10 24 15 44 30 25 28 45 37 16 41 43 11 27 21 13 49 38 14 46 
student 474: 18 14 17 8 33 48 32 6 3 1 49 4 37 23 43 9 21 20 39 27 38 12 30 2 5 13 34 35 50 28 7 25 19 41 29 22 31 47 42 15 40 46 11 26 24 10 45 36 16 44 
student 475: 16 14 19 5 32 47 31 3 8 2 48 4 37 24 42 7 25 27 40 20 44 11 35 6 1 12 33 34 50 28 9 21 22 39 29 23 30 46 38 17 36 45 10 26 18 13 49 41 15 43 
student 476: 16 15 11 5 31 46 30 9 6 4 50 1 34 24 47 3 20 25 37 32 38 7 33 10 2 13 35 39 48 28 8 21 19 44 36 26 29 43 42 18 40 45 12 23 22 14 49 27 17 41 
student 477: 18 14 13 12 32 49 33 7 6 3 46 1 34 22 47 4 25 20 38 24 37 8 30 5 2 11 31 36 50 26 15 23 16 42 28 27 35 48 41 21 40 44 9 29 17 10 45 39 19 43 
student 478: 18 10 15 9 35 50 31 6 7 4 45 2 33 21 48 5 22 24 36 25 40 11 34 3 1 13 32 38 49 28 8 19 20 42 30 23 29 44 46 17 39 43 14 27 26 12 47 37 16 41 
student 479: 15 13 19 10 32 50 36 5 7 3 48 2 33 21 45 6 27 16 34 23 41 8 31 4 1 12 38 35 49 28 9 22 18 42 29 25 30 46 44 24 37 39 14 26 20 11 47 40 17 43 
student 480: 17 13 15 10 34 46 31 5 6 2 48 3 35 19 45 4 25 23 37 26 41 11 33 8 1 9 32 39 50 30 7 22 20 42 28 24 29 43 40 16 38 47 12 27 21 14 49 36 18 44 
student 481: 14 15 16 8 32 48 33 7 5 6 49 2 34 19 45 4 26 21 40 24 44 9 30 1 3 13 35 36 50 28 10 23 22 38 27 25 31 46 41 17 37 43 11 29 20 12 47 39 18 42 
student 482: 16 13 18 8 31 41 33 7 6 3 49 1 36 19 47 4 28 24 40 25 42 9 34 5 2 12 32 35 50 30 10 23 15 43 26 22 27 45 38 21 37 44 11 29 20 17 46 39 14 48 
student 483: 16 10 15 7 34 47 33 11 5 2 49 1 36 17 45 3 22 26 41 25 37 9 31 8 4 13 32 39 50 30 12 24 23 43 27 20 28 48 40 19 44 38 18 29 21 6 46 35 14 42 
student 484: 17 14 16 10 34 45 33 7 5 1 47 3 31 21 46 4 22 24 37 28 40 9 29 6 2 11 35 36 50 30 13 23 18 39 32 25 27 42 44 19 41 48 12 26 20 8 49 38 15 43 
student 485: 18 17 14 8 34 48 31 6 4 2 43 3 36 20 45 5 29 21 38 23 40 11 32 9 1 13 37 35 47 27 7 24 16 42 30 26 28 49 46 15 44 41 10 25 19 12 50 39 22 33 
student 486: 16 19 15 12 35 48 31 8 7 4 46 2 37 21 47 1 18 25 38 24 36 11 33 6 3 10 32 34 49 29 5 22 17 40 30 27 26 45 43 20 39 44 9 28 23 14 50 41 13 42 
student 487: 17 15 13 8 33 46 32 6 4 2 49 3 35 24 41 5 25 20 37 29 36 9 31 7 1 14 34 47 48 26 10 23 19 42 30 22 27 44 38 18 39 45 11 28 21 12 50 40 16 43 
student 488: 14 15 13 5 35 45 32 19 8 3 49 4 36 20 44 6 26 25 34 28 43 9 31 1 2 12 38 30 50 29 11 23 17 41 33 22 27 47 39 18 37 42 7 24 21 10 48 40 16 46 
student 489: 19 12 16 10 31 48 34 9 3 6 46 1 39 22 45 8 23 21 37 28 40 7 32 5 2 14 36 33 50 27 4 24 17 35 30 25 26 47 42 20 38 44 11 29 18 13 49 41 15 43 
student 490: 15 19 16 9 34 46 32 8 4 7 48 3 33 23 47 6 26 21 37 25 39 2 30 5 1 14 38 35 49 27 12 24 18 44 29 31 22 45 41 17 40 43 10 28 20 11 50 36 13 42 
student 491: 18 17 14 11 33 48 36 7 2 4 49 3 34 23 44 5 25 20 41 24 37 8 31 6 1 13 35 32 50 27 9 21 16 42 30 26 29 46 43 19 39 45 10 28 22 12 47 38 15 40 
student 492: 19 13 14 3 40 48 31 8 1 4 49 5 27 20 43 7 24 21 37 26 38 9 34 6 2 11 30 36 47 33 10 25 16 44 29 23 28 46 39 17 42 41 12 32 22 18 50 35 15 45 
student 493: 17 12 15 4 33 47 30 10 9 6 50 1 35 21 44 8 26 20 37 24 38 7 31 3 2 11 34 36 45 29 5 18 23 43 32 25 28 46 41 19 39 40 16 27 22 13 48 49 14 42 
student 494: 16 14 12 8 33 49 38 10 9 5 48 2 34 22 44 6 25 18 39 26 37 3 31 4 1 15 32 36 50 28 7 24 17 46 30 23 29 45 42 19 41 40 11 27 21 13 47 35 20 43 
student 495: 17 14 16 10 31 38 34 7 3 2 45 6 35 23 43 5 24 21 36 26 39 13 32 4 1 11 33 37 49 28 9 22 18 41 30 25 29 50 46 19 42 48 12 27 20 8 44 40 15 47 
student 496: 17 16 18 8 31 49 32 7 6 3 44 2 36 19 47 4 24 22 34 26 41 9 35 5 1 12 33 39 50 27 10 23 15 38 29 28 30 46 42 21 40 43 11 25 20 13 48 37 14 45 
student 497: 17 19 15 11 34 45 31 7 5 3 48 2 35 21 46 6 23 20 37 25 36 12 29 4 1 10 33 38 50 30 8 24 18 43 32 26 28 47 42 13 41 44 14 27 16 9 49 39 22 40 
student 498: 17 14 16 10 32 46 31 8 5 2 50 1 35 22 44 9 24 20 38 25 37 3 29 6 4 13 34 36 48 33 7 23 18 42 28 27 30 45 41 19 40 43 11 26 21 12 49 39 15 47 
student 499: 15 17 16 9 35 47 34 8 5 1 49 3 38 19 44 6 27 22 33 28 48 7 29 4 2 11 36 32 46 31 10 20 18 43 30 24 26 45 41 21 39 42 12 25 23 13 50 37 14 40 
