student 0: 31 47 29 15 30 18 32 23 7 14 10 19 35 36 33 37 41 25 12 40 20 46 42 43 9 16 13 17 8 39 4 21 5 22 2 48 26 3 28 50 24 6 45 1 49 38 27 34 44 11 
student 1: 30 48 23 12 31 18 33 25 5 17 6 13 38 36 27 37 49 20 15 44 28 43 39 40 10 16 14 21 3 35 2 22 8 19 4 50 32 1 29 47 24 9 45 7 46 41 26 34 42 11 
student 2: 31 49 22 11 33 21 28 27 9 15 10 18 34 37 32 36 43 24 14 42 26 46 41 40 8 19 17 16 7 38 5 13 3 20 1 47 30 6 25 44 23 4 45 2 50 39 29 35 48 12 
student 3: 30 50 25 9 31 18 33 24 12 15 8 19 35 37 29 39 45 23 14 42 26 47 41 38 5 13 16 17 10 40 3 22 2 20 1 44 32 4 27 48 21 7 46 6 49 36 28 34 43 11 
student 4: 28 47 24 8 32 16 34 30 9 17 12 18 37 36 29 35 45 23 15 41 26 42 40 43 1 14 11 21 5 39 10 19 7 20 4 48 31 2 25 50 22 6 46 3 49 38 27 33 44 13 
student 5: 29 42 20 9 33 17 30 25 14 18 10 19 36 38 32 40 48 28 12 41 22 45 37 43 7 15 13 16 8 34 2 23 1 21 3 47 31 6 27 46 24 5 49 4 50 39 26 35 44 11 
student 6: 28 47 18 11 32 19 33 26 10 15 7 21 39 36 30 38 45 20 13 46 23 43 40 44 8 17 14 16 9 35 6 22 5 24 2 48 31 1 27 49 25 3 42 4 50 37 29 34 41 12 
student 7: 32 48 19 11 29 18 35 25 13 17 9 20 33 38 28 37 45 24 15 41 27 44 43 46 8 10 16 14 7 40 3 23 4 21 1 50 34 5 30 47 22 6 42 2 49 39 26 36 31 12 
student 8: 29 48 22 9 33 18 30 27 12 16 8 21 36 35 31 41 44 26 14 37 25 46 40 42 7 13 15 17 10 39 2 20 5 24 1 49 32 6 19 47 23 3 45 4 50 38 28 34 43 11 
student 9: 33 42 21 10 35 20 30 26 11 16 9 18 36 39 32 38 47 23 12 43 25 44 31 40 8 15 14 17 7 41 6 19 2 22 1 45 28 3 27 49 24 5 48 4 50 37 29 34 46 13 
student 10: 32 44 23 11 35 21 33 25 12 17 8 19 39 34 26 40 46 14 10 42 28 45 36 41 6 13 20 16 7 38 9 18 1 22 2 49 30 4 27 48 24 3 47 5 50 37 29 31 43 15 
student 11: 31 49 22 15 30 19 34 27 14 17 9 20 35 38 28 42 44 24 16 39 25 46 40 43 5 10 18 12 7 36 6 21 4 23 2 48 33 3 26 45 13 8 47 1 50 37 29 32 41 11 
student 12: 28 48 14 7 31 24 35 20 15 17 9 21 38 36 34 39 44 26 12 40 25 46 41 42 10 16 13 19 6 37 3 22 1 18 4 50 30 5 27 49 23 8 47 2 45 33 29 32 43 11 
student 13: 26 45 20 13 33 21 30 23 9 17 7 18 36 37 29 38 47 24 11 39 25 40 42 44 8 16 12 14 6 35 1 19 2 22 3 48 32 5 28 49 27 10 46 4 50 41 31 34 43 15 
student 14: 31 44 29 11 30 23 32 24 9 16 8 19 35 36 28 41 46 22 14 47 25 48 40 39 4 13 15 18 12 42 5 17 6 20 2 49 33 7 27 45 21 3 43 1 50 38 26 34 37 10 
student 15: 29 47 22 11 32 18 34 27 10 14 8 19 36 35 30 40 42 24 13 45 20 41 39 43 7 16 15 17 9 37 2 21 5 23 1 48 33 4 28 50 25 6 46 3 49 38 26 31 44 12 
student 16: 33 48 24 10 37 17 30 26 14 15 6 18 35 34 29 40 45 25 9 41 23 43 39 42 8 16 13 20 11 36 4 21 3 19 1 47 32 2 27 49 22 7 46 5 50 38 28 31 44 12 
student 17: 27 48 25 9 42 19 31 24 5 14 8 20 34 33 30 38 45 22 15 43 29 44 37 40 10 13 16 17 7 39 3 18 11 21 1 46 36 4 26 49 23 6 47 2 50 35 28 32 41 12 
student 18: 27 48 21 15 34 20 30 25 6 17 12 18 33 36 29 40 47 22 8 46 24 44 41 39 5 13 16 11 7 37 3 31 14 19 1 49 26 4 28 45 23 9 43 2 50 38 32 35 42 10 
student 19: 22 47 24 9 32 19 33 23 12 16 10 18 36 37 29 44 43 26 13 42 30 39 38 45 8 15 14 17 7 40 1 20 3 21 2 50 31 4 27 46 25 5 41 6 49 34 28 35 48 11 
student 20: 28 44 20 11 30 15 34 29 12 18 7 22 32 36 31 39 45 24 10 42 27 41 40 48 9 16 14 17 8 38 5 23 1 19 3 49 35 4 26 47 21 6 46 2 50 33 25 37 43 13 
student 21: 29 49 21 8 30 17 36 27 9 16 10 20 34 35 26 46 43 23 12 45 25 38 42 40 14 19 13 11 7 41 5 18 3 24 1 47 33 6 32 48 22 4 37 2 50 39 31 28 44 15 
student 22: 27 46 22 11 33 18 34 26 12 19 9 24 32 35 31 39 44 25 13 40 23 42 43 41 6 17 14 15 7 38 4 20 5 16 2 48 30 3 28 45 21 10 50 1 49 37 29 36 47 8 
student 23: 29 49 24 10 31 17 32 26 12 15 8 19 35 36 30 39 46 22 14 41 23 44 40 42 6 18 13 16 9 38 4 20 3 25 1 47 33 5 28 45 21 7 48 2 50 37 27 34 43 11 
student 24: 30 47 21 11 31 19 32 24 12 17 9 16 38 39 33 41 46 23 13 44 26 43 42 35 8 18 14 15 4 40 3 25 6 20 2 50 29 5 27 48 22 7 45 1 49 36 28 34 37 10 
student 25: 30 46 22 7 32 16 34 29 8 15 10 18 35 37 31 40 41 23 13 42 25 48 36 43 6 9 17 20 11 38 3 19 4 21 2 47 24 5 26 49 28 14 45 1 50 39 27 33 44 12 
student 26: 29 46 28 9 32 20 33 24 14 22 11 18 35 39 30 40 45 23 12 44 26 42 36 41 7 15 13 16 6 37 4 17 8 21 2 50 31 3 25 49 19 5 47 1 48 38 27 34 43 10 
student 27: 29 47 22 11 31 19 33 25 10 13 9 21 35 36 32 40 45 23 18 39 30 44 42 43 6 16 14 17 8 37 4 20 3 15 2 48 24 5 28 49 26 7 46 1 50 38 27 34 41 12 
student 28: 30 45 23 9 33 17 32 26 13 15 7 21 36 34 29 42 46 24 12 38 28 43 39 44 6 19 14 16 10 41 5 18 2 20 1 49 31 3 27 50 22 8 47 4 48 40 25 35 37 11 
student 29: 26 47 22 8 29 15 39 32 12 16 11 17 35 34 33 37 45 27 10 43 20 44 40 42 9 18 14 19 7 38 3 24 4 23 2 49 31 5 21 48 25 6 46 1 50 36 28 30 41 13 
student 30: 29 44 23 13 32 17 36 28 10 18 9 20 33 34 26 37 45 24 12 41 27 46 40 43 7 15 14 16 8 39 3 21 4 22 1 50 30 5 25 48 19 6 47 2 49 35 31 38 42 11 
student 31: 29 46 22 12 35 16 31 25 14 15 9 18 34 36 30 37 42 26 13 41 24 45 43 38 5 17 11 19 7 39 4 20 1 21 2 48 27 8 28 47 23 6 49 3 50 40 33 32 44 10 
student 32: 28 44 25 10 31 14 35 24 13 16 11 20 30 34 32 39 46 22 12 41 27 45 40 42 7 18 15 19 9 38 5 21 4 23 2 49 33 3 26 47 17 6 50 1 48 37 29 36 43 8 
student 33: 27 41 23 10 33 17 34 28 13 14 9 20 30 37 29 39 45 21 12 42 24 47 38 43 8 16 15 18 7 40 3 19 2 25 1 46 32 5 26 48 22 6 49 4 50 35 31 36 44 11 
student 34: 29 48 20 11 30 18 33 28 10 17 9 22 37 38 27 41 43 25 12 47 26 40 44 39 3 15 14 16 8 36 6 23 4 19 1 49 31 2 32 46 21 5 45 7 50 35 24 34 42 13 
student 35: 33 45 22 6 31 18 34 24 9 15 11 19 32 36 28 39 49 27 16 43 25 44 40 42 8 14 13 17 10 38 2 20 3 21 4 48 29 5 26 47 23 7 46 1 50 37 30 35 41 12 
student 36: 31 48 26 9 32 15 33 24 12 17 10 18 35 38 25 39 44 23 13 42 22 45 37 41 7 16 14 20 8 40 4 19 3 21 1 50 29 5 28 49 27 6 47 2 46 36 30 34 43 11 
student 37: 28 48 23 9 31 18 33 27 12 17 10 19 34 37 32 47 44 25 8 40 22 43 39 42 7 15 14 20 11 35 4 16 5 21 2 49 30 3 26 45 24 6 46 1 50 38 29 36 41 13 
student 38: 30 47 21 10 36 20 34 26 11 17 9 23 33 42 28 37 46 24 14 40 25 45 38 43 7 15 13 16 8 39 2 18 1 19 3 48 31 4 27 49 22 5 44 6 50 35 29 32 41 12 
student 39: 31 44 22 10 32 20 34 27 9 19 8 21 35 36 26 40 49 18 13 42 25 45 39 41 6 14 12 16 15 38 7 17 5 24 3 47 30 1 28 46 23 2 50 4 48 37 29 33 43 11 
student 40: 28 46 23 11 30 20 34 25 10 18 9 17 35 36 29 38 47 19 13 41 27 49 42 39 1 14 16 15 6 40 7 21 4 22 3 50 33 5 24 45 26 8 43 2 48 37 32 31 44 12 
student 41: 32 48 22 13 30 18 33 20 11 17 10 19 34 38 29 39 43 28 12 41 25 46 37 44 8 5 14 16 9 42 2 21 1 23 4 49 31 7 26 45 24 3 47 6 50 36 27 35 40 15 
student 42: 24 47 23 10 32 19 35 27 12 14 9 20 36 39 31 40 45 22 13 43 26 44 41 34 5 16 15 17 8 38 6 18 4 21 2 48 28 7 29 49 25 1 46 3 50 37 30 33 42 11 
student 43: 30 45 10 4 31 17 33 22 13 25 12 20 35 34 28 37 44 18 15 40 26 46 41 42 11 6 16 19 9 39 7 21 2 24 1 50 32 3 27 49 23 5 47 8 48 38 29 36 43 14 
student 44: 28 46 19 12 30 16 32 25 10 15 9 22 35 37 27 39 49 20 13 41 26 42 40 47 8 17 14 18 7 36 4 23 1 21 3 45 29 5 33 48 24 6 44 2 50 38 31 34 43 11 
student 45: 27 46 26 10 35 18 33 29 11 16 9 25 32 37 28 38 49 22 13 40 23 44 42 41 6 19 12 15 7 39 5 17 3 21 2 45 31 4 30 48 20 8 47 1 50 36 24 34 43 14 
student 46: 31 45 21 8 30 22 34 25 9 18 10 19 35 36 29 39 49 32 12 41 24 48 40 43 11 13 15 16 7 38 4 20 2 17 1 47 28 5 26 44 23 6 46 3 50 37 27 33 42 14 
student 47: 30 45 20 11 32 16 31 25 8 22 4 23 35 37 29 40 47 28 13 36 24 44 41 46 10 15 14 17 9 39 3 21 5 19 1 50 34 6 26 49 18 7 43 2 48 38 27 33 42 12 
student 48: 36 48 21 10 29 18 34 28 12 16 11 20 39 35 30 38 47 27 8 46 25 43 42 41 5 14 13 17 9 37 7 19 3 22 2 40 32 6 23 49 24 4 44 1 50 33 31 26 45 15 
student 49: 31 49 22 12 33 19 32 26 9 13 7 17 37 34 27 43 45 24 15 42 23 41 39 44 8 14 16 18 6 36 4 20 3 21 1 47 35 5 29 48 25 10 46 2 50 38 30 28 40 11 
student 50: 29 46 28 11 36 21 32 25 8 16 10 17 34 37 31 35 50 20 13 48 24 43 41 42 7 15 14 19 6 40 3 22 2 18 1 45 30 9 26 47 23 5 44 4 49 38 27 33 39 12 
student 51: 31 44 17 12 33 20 35 28 10 16 13 14 34 36 27 38 45 24 18 41 25 42 40 43 8 15 11 19 9 39 5 21 6 22 1 48 32 7 26 49 23 3 47 2 50 37 30 29 46 4 
student 52: 29 49 23 7 32 16 34 26 9 20 11 14 37 33 31 40 45 24 15 42 28 41 39 46 8 17 13 18 12 43 5 19 1 21 2 44 30 4 25 48 22 6 47 3 50 38 27 36 35 10 
student 53: 29 45 26 11 33 17 31 25 12 19 7 15 39 36 30 42 46 18 14 40 23 44 32 43 8 16 13 20 9 38 5 21 3 22 2 48 34 4 27 47 24 6 50 1 49 37 28 35 41 10 
student 54: 31 50 21 11 36 19 32 26 8 17 9 18 34 38 28 42 43 25 13 44 22 46 37 41 7 16 14 15 6 35 4 23 3 20 1 49 30 10 27 45 24 5 48 2 47 40 29 33 39 12 
student 55: 27 49 21 13 33 16 32 25 6 14 11 18 35 38 30 41 47 23 10 37 26 42 40 43 5 17 15 22 9 39 3 19 2 24 1 45 31 8 28 48 20 7 46 4 50 34 29 36 44 12 
student 56: 29 49 21 11 31 22 33 25 9 16 7 19 34 35 32 39 45 26 15 37 23 44 41 42 6 17 14 13 10 40 4 20 2 18 1 46 36 5 27 47 24 8 48 3 50 38 28 30 43 12 
student 57: 29 48 23 11 35 17 31 26 9 14 8 19 37 34 33 41 42 22 12 44 25 43 40 39 6 15 13 18 7 38 10 21 3 20 1 47 30 5 27 49 24 4 46 2 50 36 28 32 45 16 
student 58: 30 49 23 13 27 19 32 24 12 14 8 21 36 33 34 37 45 28 11 42 25 43 38 44 7 16 17 15 6 40 5 18 4 20 1 50 31 9 29 46 22 2 47 3 48 39 26 35 41 10 
student 59: 30 49 21 9 29 17 33 26 11 15 8 20 35 36 27 41 46 23 14 39 24 45 37 44 10 13 16 19 7 38 4 18 1 25 2 48 32 5 28 47 22 6 43 3 50 40 31 34 42 12 
student 60: 32 46 22 11 28 17 33 27 9 18 7 19 37 38 31 36 47 23 14 39 30 45 43 42 10 15 13 16 6 35 3 20 2 21 1 49 24 12 26 48 25 5 40 4 50 41 29 34 44 8 
student 61: 28 47 23 8 31 22 34 25 11 17 10 19 37 35 33 38 44 24 18 40 27 46 42 41 9 15 13 14 7 36 5 16 2 20 1 49 30 4 26 48 21 6 45 3 50 39 29 32 43 12 
student 62: 30 46 25 10 31 17 34 22 13 20 9 24 33 35 29 41 44 21 14 40 28 43 39 42 7 16 11 15 8 37 4 18 3 19 1 48 32 6 27 50 23 5 47 2 49 38 26 36 45 12 
student 63: 31 47 18 9 34 12 32 29 14 19 4 17 36 41 30 38 37 25 15 45 27 44 39 40 11 13 16 20 7 42 3 22 6 23 1 49 26 5 24 48 21 8 46 2 50 33 28 35 43 10 
student 64: 28 44 18 12 32 20 35 27 8 17 7 19 36 34 31 40 42 23 14 43 26 46 39 41 10 15 13 16 1 38 3 21 4 22 5 47 30 6 24 48 25 9 49 2 50 37 29 33 45 11 
student 65: 27 45 21 5 32 19 30 24 8 15 11 22 35 37 31 38 40 26 12 42 25 46 41 43 9 16 13 17 10 36 7 18 1 20 2 50 33 4 28 49 23 6 47 3 48 39 29 34 44 14 
student 66: 31 49 22 9 33 19 36 25 10 14 11 20 32 34 29 40 47 24 16 41 23 44 43 39 7 13 15 18 8 37 5 17 2 21 1 48 30 4 27 46 26 6 42 3 50 35 28 38 45 12 
student 67: 30 50 27 13 33 19 34 21 9 18 7 17 35 36 31 41 45 22 15 37 26 44 47 40 11 14 12 16 8 38 6 23 5 20 1 49 29 2 24 48 25 3 42 4 46 39 28 32 43 10 
student 68: 27 41 22 5 26 18 31 29 10 15 9 20 36 37 32 39 47 24 13 42 25 45 40 43 7 16 14 17 11 38 1 19 4 21 2 50 34 8 30 46 23 6 48 3 49 35 28 33 44 12 
student 69: 28 43 19 10 33 18 35 25 11 20 9 16 31 38 30 39 49 22 15 44 29 36 40 46 7 14 13 17 8 37 4 24 3 21 1 48 34 5 27 47 23 6 45 2 50 41 26 32 42 12 
student 70: 26 46 24 11 36 13 31 27 14 16 10 18 34 35 28 39 45 23 12 41 25 43 40 44 4 21 15 17 8 37 6 19 3 20 1 50 30 9 29 49 22 7 48 2 47 38 32 33 42 5 
student 71: 27 46 22 10 30 16 35 24 11 15 9 21 32 31 34 40 47 23 13 44 33 45 41 39 8 14 20 17 5 38 3 19 6 18 1 50 29 7 25 49 28 4 42 2 48 37 26 36 43 12 
student 72: 31 45 20 9 32 22 34 25 11 17 10 18 37 35 29 39 47 26 13 43 23 46 42 40 5 15 14 16 8 36 3 19 4 21 1 41 28 6 27 49 24 7 48 2 50 38 30 33 44 12 
student 73: 28 39 23 7 33 22 32 31 11 16 10 18 41 35 29 36 46 24 15 47 25 44 42 40 8 13 12 17 6 37 9 19 3 21 2 48 30 4 27 49 20 5 45 1 50 38 26 34 43 14 
student 74: 30 47 24 12 34 17 31 25 13 14 10 19 36 32 35 39 44 23 15 42 26 45 37 41 8 11 16 20 6 40 2 18 1 21 3 50 38 4 27 49 22 5 48 7 46 33 28 29 43 9 
student 75: 26 49 23 5 30 17 34 28 13 20 10 14 32 37 24 40 36 21 12 42 27 45 39 41 4 16 15 18 11 38 7 19 3 22 1 47 33 6 29 48 25 9 46 2 50 43 31 35 44 8 
student 76: 29 47 23 11 36 18 32 27 12 17 9 19 35 37 26 39 45 24 10 41 25 44 43 42 6 16 14 15 7 33 4 20 3 22 2 48 30 5 28 50 21 8 46 1 49 38 31 34 40 13 
student 77: 24 48 18 10 31 20 33 26 9 15 8 25 36 34 30 40 43 27 13 49 23 46 42 44 7 16 12 19 11 37 6 21 4 17 2 50 32 3 28 45 22 5 39 1 47 38 29 35 41 14 
student 78: 27 48 22 11 33 19 34 30 12 16 8 21 35 42 28 36 40 24 14 43 29 44 39 41 6 10 13 17 9 38 3 18 5 20 1 50 26 7 25 47 23 4 45 2 49 37 31 32 46 15 
student 79: 30 48 24 12 33 22 31 26 11 15 7 20 32 36 29 37 46 21 13 41 25 45 38 42 6 14 16 17 10 43 4 18 3 19 1 44 35 8 28 47 23 5 50 2 49 40 27 34 39 9 
student 80: 31 49 22 12 36 17 32 29 10 15 8 19 33 34 30 39 42 24 13 38 25 47 44 43 9 20 14 16 7 37 5 21 4 18 1 46 28 2 27 45 23 6 48 3 50 40 26 35 41 11 
student 81: 25 50 23 12 33 20 32 28 10 15 8 18 34 35 31 38 48 24 11 40 27 47 41 43 6 17 16 13 9 39 4 19 5 21 1 46 29 7 26 49 22 3 42 2 45 37 30 36 44 14 
student 82: 32 47 22 8 30 20 35 27 13 17 10 14 33 36 28 40 45 23 12 42 26 41 39 44 5 16 15 19 9 37 2 18 3 21 4 49 34 7 29 48 24 6 46 1 50 38 25 31 43 11 
student 83: 26 48 24 10 29 19 35 25 14 16 3 21 36 32 31 40 45 27 11 42 17 44 37 43 9 13 15 18 7 39 6 20 5 23 2 50 33 1 28 47 22 8 46 4 49 38 30 34 41 12 
student 84: 27 46 23 10 30 19 31 22 15 12 7 21 37 40 33 41 42 25 18 34 26 48 38 43 9 14 13 17 8 39 2 16 5 20 1 49 28 4 29 47 24 6 44 3 50 35 32 36 45 11 
student 85: 27 41 22 11 32 20 33 30 14 16 6 21 38 36 28 42 46 26 12 37 23 45 40 43 9 13 15 17 7 39 3 18 2 19 4 47 29 5 31 50 25 8 48 1 49 35 24 34 44 10 
student 86: 31 46 20 16 35 17 33 24 11 15 9 23 34 36 28 37 41 22 14 43 25 45 38 49 4 13 12 21 7 39 6 18 3 19 1 44 29 8 27 50 26 5 48 2 47 42 30 32 40 10 
student 87: 26 48 21 13 33 18 35 27 10 16 9 19 36 37 32 40 46 24 14 42 23 44 41 43 6 15 11 17 7 39 4 20 3 22 2 49 28 5 31 45 25 8 47 1 50 34 29 30 38 12 
student 88: 28 45 22 11 32 18 31 25 14 15 9 19 35 38 34 43 46 24 16 42 26 44 40 47 6 13 12 17 8 36 5 21 1 20 2 50 29 3 30 48 23 7 41 4 49 37 27 33 39 10 
student 89: 30 49 25 9 33 21 36 31 11 18 7 17 35 37 29 41 46 23 10 43 26 40 38 45 8 16 12 14 13 39 5 20 3 19 1 48 32 4 27 47 22 6 42 2 50 34 24 28 44 15 
student 90: 31 47 22 14 35 19 33 25 9 10 11 16 36 38 30 40 42 27 15 43 23 45 37 44 4 18 13 17 7 34 2 24 8 20 1 49 32 5 28 46 21 6 48 3 50 39 26 29 41 12 
student 91: 27 48 21 10 33 15 34 22 11 19 7 18 37 35 29 39 43 30 12 40 24 44 41 47 13 16 14 23 8 38 2 17 4 20 3 42 31 6 28 49 25 5 50 1 46 36 26 32 45 9 
student 92: 29 45 23 12 30 14 33 27 10 17 11 22 37 35 32 40 46 24 8 38 26 47 41 42 6 18 13 15 7 39 2 19 4 20 1 49 34 5 28 43 21 9 48 3 50 36 25 31 44 16 
student 93: 31 47 22 10 37 19 32 25 11 16 7 18 30 33 28 44 41 24 13 38 26 49 39 45 6 14 15 17 9 36 8 21 3 23 1 50 35 2 27 48 20 5 46 4 43 34 29 42 40 12 
student 94: 30 45 28 10 32 20 35 25 11 17 3 18 38 36 26 42 48 29 13 34 22 41 40 43 7 15 14 19 9 39 6 23 4 21 2 49 31 1 27 47 16 8 46 5 50 37 24 33 44 12 
student 95: 27 42 22 9 30 21 34 26 12 19 10 17 39 32 29 38 47 23 13 43 24 45 36 41 8 16 14 15 6 40 7 18 3 20 2 49 33 5 25 48 28 4 46 1 50 37 31 35 44 11 
student 96: 26 48 22 12 33 15 34 23 13 17 11 18 29 35 28 39 43 25 8 44 30 46 41 40 6 14 9 20 10 36 2 24 4 19 1 49 32 5 27 47 21 7 42 3 50 38 31 37 45 16 
student 97: 30 45 24 8 31 17 25 20 12 13 9 19 35 36 33 40 46 28 14 41 29 44 43 42 7 16 15 18 10 39 6 21 4 26 2 47 32 1 23 50 22 5 49 3 48 37 27 34 38 11 
student 98: 30 47 25 10 31 17 35 24 12 14 9 18 34 36 28 38 48 21 15 42 26 44 39 41 7 16 13 19 8 40 4 20 2 23 1 50 32 5 29 49 22 6 46 3 45 37 27 33 43 11 
student 99: 29 50 21 11 33 18 34 28 10 17 9 24 35 37 26 38 47 22 16 40 23 43 42 41 7 14 13 19 4 39 6 15 5 20 2 46 32 1 25 45 27 8 48 3 49 36 30 31 44 12 
student 100: 28 48 23 6 33 19 30 25 12 14 8 18 34 36 31 38 45 24 9 43 29 46 42 40 5 13 17 16 11 39 2 20 3 22 10 49 32 7 27 44 21 4 47 1 50 37 26 35 41 15 
student 101: 32 49 24 14 37 20 29 27 7 16 10 18 35 38 30 44 46 23 13 42 25 40 41 39 5 15 12 17 8 33 4 22 3 21 1 50 26 6 28 47 19 9 45 2 48 36 34 31 43 11 
student 102: 28 50 24 15 32 18 36 22 10 12 7 19 37 33 31 38 39 29 17 40 23 44 41 43 6 14 16 13 11 47 3 21 5 20 1 48 34 4 25 45 26 8 46 2 49 35 30 27 42 9 
student 103: 31 47 23 7 33 15 32 26 13 17 12 20 36 35 29 38 45 25 11 41 22 46 42 39 8 14 16 18 6 37 4 19 3 21 2 50 30 5 27 48 24 9 44 1 49 40 28 34 43 10 
student 104: 29 48 21 11 37 17 31 27 15 16 10 19 40 34 32 38 44 28 12 42 24 47 35 43 7 14 13 18 9 41 2 22 8 20 1 50 30 4 25 45 23 5 46 3 49 36 26 33 39 6 
student 105: 31 41 21 12 30 19 33 27 11 17 8 20 36 35 29 39 48 25 14 45 23 42 46 40 9 7 13 18 10 37 4 16 3 24 1 49 32 6 26 47 22 5 44 2 50 38 28 34 43 15 
student 106: 27 47 22 10 31 20 36 26 12 18 9 21 34 35 33 38 46 25 11 41 24 44 40 42 7 14 17 15 8 32 4 19 2 16 1 49 30 3 28 48 23 5 45 6 50 39 29 37 43 13 
student 107: 27 45 24 12 32 15 29 25 11 17 7 18 33 35 28 39 48 22 14 40 26 43 41 42 5 13 16 19 4 38 6 20 2 21 3 50 30 9 36 47 23 8 46 1 49 37 31 34 44 10 
student 108: 31 46 22 5 32 20 33 23 10 14 8 21 36 37 28 38 48 24 11 41 26 44 39 40 6 16 13 19 9 35 3 17 7 18 2 49 30 12 29 47 25 4 45 1 50 42 27 34 43 15 
student 109: 30 48 26 9 32 19 35 25 11 17 10 16 41 34 31 38 46 22 14 42 29 44 39 37 7 13 15 18 5 40 4 20 3 21 2 49 28 6 24 45 23 8 47 1 50 36 27 33 43 12 
student 110: 30 46 20 11 32 21 33 26 10 18 9 15 37 35 27 38 43 25 14 42 24 45 39 41 6 19 13 16 8 40 3 23 4 17 1 47 28 7 29 50 22 5 48 2 49 36 31 34 44 12 
student 111: 31 43 14 16 33 20 34 22 11 18 10 19 37 30 29 40 45 24 17 41 26 46 44 35 4 13 12 15 6 39 5 21 3 23 1 50 32 7 27 48 25 8 47 2 49 38 28 36 42 9 
student 112: 30 48 20 10 33 21 34 28 11 16 8 19 35 41 31 39 46 22 13 43 26 44 37 42 5 14 15 17 9 38 7 18 3 24 1 49 29 6 27 45 23 4 47 2 50 36 25 32 40 12 
student 113: 29 46 20 9 25 17 31 27 11 16 10 18 32 36 33 37 43 24 12 48 34 42 39 41 7 15 14 19 8 40 5 22 4 21 1 49 30 3 23 47 26 6 45 2 50 38 28 35 44 13 
student 114: 29 47 21 14 31 18 33 22 6 15 10 20 34 37 30 40 48 25 12 39 28 42 43 41 8 13 17 16 9 35 11 19 3 24 4 50 32 7 27 45 23 2 46 1 49 38 26 36 44 5 
student 115: 28 47 20 4 30 16 38 33 14 23 10 17 34 32 29 40 45 22 12 41 26 46 39 42 9 15 11 18 8 37 3 19 6 21 1 49 31 5 25 48 24 7 43 2 50 35 27 36 44 13 
student 116: 28 47 21 11 26 17 33 29 9 13 10 18 35 36 34 37 40 25 12 43 24 42 38 39 7 16 14 20 6 44 4 23 3 19 1 49 32 5 27 48 22 8 46 2 50 41 30 31 45 15 
student 117: 32 49 19 8 26 15 31 29 12 16 11 23 33 34 28 41 48 27 7 42 24 40 38 45 9 21 14 18 10 39 3 17 1 20 2 47 30 6 35 46 22 5 44 4 50 37 25 36 43 13 
student 118: 27 46 18 12 33 19 31 25 11 15 9 20 35 37 30 40 47 26 14 38 24 44 41 43 8 17 13 16 10 39 4 23 2 22 1 49 32 3 29 48 21 5 45 6 50 36 28 34 42 7 
student 119: 32 46 25 11 30 16 31 26 9 17 8 18 35 37 34 40 44 21 13 36 24 42 47 43 7 14 15 22 10 39 2 19 3 20 4 50 29 5 27 48 23 6 45 1 49 38 28 33 41 12 
student 120: 34 47 21 9 33 15 32 22 8 14 12 20 37 35 30 40 46 23 16 36 29 42 41 43 7 11 18 17 10 39 5 19 2 25 1 48 28 3 24 49 27 6 45 4 50 38 26 31 44 13 
student 121: 27 45 21 10 32 19 33 25 11 14 8 22 35 37 29 38 46 23 13 43 26 40 39 41 4 18 16 15 9 42 6 17 3 20 1 49 31 2 28 50 24 7 48 5 47 36 30 34 44 12 
student 122: 33 42 19 6 34 17 28 23 13 12 10 20 35 36 27 37 45 24 14 41 26 50 40 43 9 15 18 16 5 39 8 21 3 25 1 49 31 4 29 44 22 7 48 2 46 38 30 32 47 11 
student 123: 29 45 21 13 35 18 34 25 10 16 9 19 32 37 31 38 48 26 14 40 24 42 47 43 6 15 12 17 8 36 7 20 2 23 5 49 30 4 27 46 22 3 44 1 50 39 28 33 41 11 
student 124: 27 47 23 10 33 15 32 30 12 21 9 22 38 35 31 39 46 26 11 41 17 45 36 42 6 16 13 19 8 40 1 18 4 20 2 50 28 5 29 49 25 7 43 3 48 37 24 34 44 14 
student 125: 30 47 20 11 32 16 33 27 12 17 9 18 34 36 31 45 44 24 13 41 25 43 37 42 5 14 15 19 8 40 2 21 4 22 3 48 26 1 23 49 29 7 50 6 46 38 28 35 39 10 
student 126: 30 46 19 9 33 20 32 27 14 15 6 18 35 37 31 38 45 24 12 41 26 42 40 44 7 11 16 17 10 39 3 21 5 22 1 49 29 8 25 48 23 4 43 2 50 36 28 34 47 13 
student 127: 32 48 24 8 34 14 29 22 12 17 7 23 35 38 25 33 50 28 13 41 26 45 39 43 4 18 16 15 9 40 5 19 2 21 1 49 31 6 27 47 20 11 46 3 42 37 30 36 44 10 
student 128: 27 45 23 10 28 14 33 25 12 18 8 19 34 35 31 40 48 29 9 43 30 42 39 44 11 16 15 20 7 37 1 17 4 26 5 49 32 3 24 47 22 6 46 2 50 36 21 38 41 13 
student 129: 32 49 23 15 34 18 31 26 10 16 9 20 33 38 27 37 43 24 14 40 25 46 41 42 6 13 12 17 7 39 3 19 5 21 1 45 28 4 22 48 30 11 47 2 50 35 29 36 44 8 
student 130: 31 47 20 9 29 17 35 24 12 19 7 18 33 39 30 40 46 26 11 43 25 42 36 38 6 14 13 16 8 41 5 21 1 22 3 49 32 4 27 48 23 10 45 2 50 37 28 34 44 15 
student 131: 30 50 20 11 35 18 32 24 10 15 9 23 34 33 27 45 41 25 16 40 21 44 42 39 8 13 12 17 7 36 5 19 3 22 2 47 31 4 28 49 26 6 46 1 48 38 29 37 43 14 
student 132: 32 44 21 14 28 19 31 27 15 11 13 16 35 36 24 39 41 22 10 40 29 46 45 42 7 12 9 20 8 38 3 18 4 25 2 50 34 5 30 48 23 6 47 1 49 37 26 33 43 17 
student 133: 29 48 20 10 34 15 37 27 11 17 9 19 36 33 30 38 45 22 16 40 25 44 46 42 8 14 12 18 3 39 5 21 2 24 1 49 31 6 28 47 26 7 43 4 50 35 23 32 41 13 
student 134: 31 46 23 14 30 17 35 27 12 18 3 19 34 36 32 38 41 24 11 43 25 47 40 42 9 15 13 16 7 39 5 21 2 20 1 49 29 6 26 48 22 8 44 4 50 37 28 33 45 10 
student 135: 26 48 17 10 30 15 31 29 14 19 9 21 38 36 32 40 46 23 12 37 25 43 39 42 7 13 11 22 8 41 5 18 4 20 1 47 35 3 28 49 24 6 45 2 50 33 27 34 44 16 
student 136: 33 46 23 13 35 17 28 27 10 16 7 18 36 37 30 43 42 24 20 34 26 41 44 38 8 15 11 14 9 39 1 19 5 21 2 49 32 4 25 48 22 6 47 3 50 40 29 31 45 12 
student 137: 29 43 22 15 31 19 33 27 13 16 9 17 37 36 30 34 48 24 8 40 26 41 39 44 11 10 14 18 4 42 6 20 2 21 3 49 32 7 25 50 23 5 46 1 47 38 28 35 45 12 
student 138: 30 46 20 9 32 17 31 21 13 14 8 24 34 36 27 43 42 29 11 44 23 41 38 39 6 15 12 19 18 40 5 22 2 16 1 50 35 3 25 47 26 7 49 4 48 37 28 33 45 10 
student 139: 28 49 22 9 33 17 34 27 12 16 6 19 29 39 31 37 45 25 10 44 24 47 40 41 5 15 14 18 13 35 4 21 2 20 1 46 32 7 26 50 23 8 43 3 48 36 30 42 38 11 
student 140: 29 43 21 12 31 17 35 26 11 15 7 18 37 36 30 40 41 27 10 47 25 45 44 42 8 16 13 19 9 39 6 20 3 22 1 48 32 5 28 50 23 4 46 2 49 38 24 33 34 14 
student 141: 31 46 21 8 32 18 34 27 11 15 10 20 35 38 30 40 43 23 13 45 25 44 36 42 7 16 14 17 9 39 4 19 5 24 1 49 29 6 22 50 26 3 47 2 48 37 28 33 41 12 
student 142: 35 47 20 9 40 15 27 28 10 16 5 19 33 34 30 39 46 24 14 41 23 42 44 43 3 18 12 29 11 37 6 17 2 22 1 49 32 7 25 50 21 8 45 4 48 36 26 31 38 13 
student 143: 31 49 25 8 28 20 34 26 10 13 9 22 32 37 30 40 48 24 19 41 23 45 43 42 12 16 14 15 2 39 6 18 4 21 1 47 33 11 27 44 17 5 50 3 46 35 29 36 38 7 
student 144: 30 50 25 4 32 18 28 26 11 19 7 21 36 37 33 42 48 23 14 41 24 45 40 39 6 9 17 16 12 38 3 15 5 22 2 43 27 8 29 44 20 10 47 1 49 35 31 34 46 13 
student 145: 28 46 17 10 31 15 34 26 12 18 7 22 36 37 30 33 42 24 11 39 19 44 40 43 8 14 16 20 9 38 5 23 4 25 1 48 32 2 27 49 21 6 47 3 50 41 29 35 45 13 
student 146: 28 48 21 9 31 19 34 32 11 18 8 16 35 36 25 40 45 26 15 41 24 42 38 43 10 17 13 14 7 37 5 20 4 22 3 50 29 6 33 49 23 2 46 1 47 39 27 30 44 12 
student 147: 29 50 17 9 33 20 32 19 11 15 10 16 35 34 30 38 45 26 14 36 28 43 42 40 5 18 21 12 6 37 3 22 8 25 1 49 31 4 27 46 23 7 47 2 48 41 24 39 44 13 
student 148: 29 45 21 8 35 20 28 30 10 15 11 17 31 37 34 43 47 26 12 42 22 39 41 44 7 14 16 18 9 40 5 24 4 23 3 50 33 2 25 46 19 6 36 1 49 38 27 32 48 13 
student 149: 25 48 22 11 36 21 31 23 9 17 10 14 34 35 30 37 46 24 13 40 27 43 42 50 8 16 12 18 7 39 6 19 4 20 1 47 29 5 28 45 26 3 44 2 49 38 32 33 41 15 
student 150: 32 46 18 11 33 21 31 23 10 14 9 17 30 34 28 39 44 24 12 41 26 45 36 42 4 19 13 15 8 40 2 20 5 22 1 50 29 7 35 47 25 6 49 3 48 38 27 37 43 16 
student 151: 32 50 19 9 30 17 33 25 11 15 8 18 34 31 28 40 39 23 14 42 27 47 41 43 6 20 16 13 7 37 4 21 1 24 3 46 35 12 26 45 22 2 48 5 49 36 29 38 44 10 
student 152: 33 46 17 7 34 18 32 23 15 21 9 19 37 35 29 43 45 26 8 38 28 44 36 41 13 14 11 16 4 40 6 20 10 22 2 49 30 5 24 47 25 1 48 3 50 39 27 31 42 12 
student 153: 25 47 23 11 35 22 31 28 4 13 10 20 34 33 27 37 46 24 17 41 16 43 40 42 7 12 15 21 9 39 5 18 2 19 1 50 36 8 29 49 26 6 44 3 48 38 30 32 45 14 
student 154: 27 44 23 9 31 18 35 25 16 21 12 20 36 34 30 40 42 28 11 39 22 46 41 43 6 17 13 14 2 37 5 19 1 15 4 49 33 7 26 48 24 8 47 3 50 38 29 32 45 10 
student 155: 28 47 26 8 34 18 29 23 12 11 9 19 31 36 33 42 45 22 17 40 25 41 46 38 4 13 14 16 10 37 1 20 6 21 5 48 32 7 30 50 24 3 43 2 49 39 27 35 44 15 
student 156: 29 46 22 9 32 17 34 31 10 15 12 18 36 38 28 39 48 24 13 37 25 43 44 40 6 16 14 19 8 41 5 20 3 21 1 50 30 4 27 49 23 7 45 2 47 35 26 33 42 11 
student 157: 27 47 22 11 33 13 30 25 9 18 10 14 35 34 31 44 46 26 17 40 24 42 38 39 5 16 15 21 7 41 6 19 3 23 2 49 29 4 28 48 20 1 45 8 50 37 32 36 43 12 
student 158: 22 47 19 11 29 18 35 31 13 8 10 20 34 32 33 36 46 25 9 40 28 43 39 42 12 15 16 17 7 38 3 23 5 24 2 49 30 4 26 48 21 6 45 1 50 37 27 41 44 14 
student 159: 30 46 22 10 37 17 32 27 12 16 7 24 40 33 29 36 50 20 13 39 23 42 45 41 8 21 14 19 9 38 4 18 3 15 1 48 31 5 28 47 25 6 43 2 49 35 26 34 44 11 
student 160: 29 47 23 10 30 16 31 28 15 14 11 18 34 35 32 39 44 22 13 41 24 49 40 43 7 19 12 8 9 38 4 20 3 21 1 46 33 5 25 48 27 6 45 2 50 37 26 36 42 17 
student 161: 27 45 22 10 33 19 34 24 18 16 6 20 36 40 32 41 46 30 11 39 29 43 38 42 9 14 12 15 8 35 3 21 2 25 1 47 31 7 23 49 17 5 48 4 50 37 26 28 44 13 
student 162: 28 49 19 14 33 16 31 27 5 18 10 21 40 35 30 41 44 20 11 43 26 42 37 39 7 15 13 17 8 38 6 22 1 23 2 48 29 4 25 45 24 9 47 3 50 36 32 34 46 12 
student 163: 28 47 23 14 29 13 36 24 10 16 9 21 32 37 30 39 48 27 11 43 31 42 40 45 6 19 15 18 8 35 4 20 2 22 1 44 33 5 17 46 25 7 50 3 49 38 26 34 41 12 
student 164: 28 48 19 10 33 21 35 26 13 17 7 18 34 36 30 42 41 27 12 39 23 43 40 45 5 15 14 16 9 37 6 22 4 20 2 49 32 8 29 47 24 1 46 3 50 38 25 31 44 11 
student 165: 29 45 21 8 32 20 33 25 13 16 14 24 34 35 30 40 46 23 12 47 27 43 41 42 10 18 9 15 7 37 3 11 5 19 4 50 31 1 26 48 22 6 44 2 49 38 28 36 39 17 
student 166: 28 48 22 8 32 13 36 27 11 18 10 20 33 37 29 35 46 26 12 43 25 44 39 41 6 16 15 21 9 42 2 19 5 17 3 50 31 4 24 49 23 7 45 1 47 38 30 34 40 14 
student 167: 26 48 20 9 28 18 34 25 10 17 15 22 35 36 30 39 46 31 13 41 23 42 40 43 5 11 14 16 6 38 4 19 2 24 7 44 29 3 27 50 21 8 47 1 49 37 33 32 45 12 
student 168: 32 44 21 7 31 14 29 24 10 16 8 22 34 46 28 40 45 30 15 33 23 43 39 38 12 17 13 19 9 41 2 18 5 20 1 49 35 6 25 48 27 3 47 4 50 37 26 36 42 11 
student 169: 29 48 25 9 32 20 34 27 10 15 11 23 33 35 30 41 49 24 16 40 19 44 39 43 7 14 13 17 8 38 4 18 3 21 1 45 31 5 26 50 22 6 47 2 46 37 28 36 42 12 
student 170: 30 48 21 6 32 17 33 26 11 16 10 18 34 39 28 37 43 22 13 41 25 45 38 44 2 14 15 19 8 36 5 20 3 24 4 49 31 9 27 46 23 7 47 1 50 40 29 35 42 12 
student 171: 27 47 21 9 31 18 33 26 10 16 8 19 34 35 32 39 43 25 12 45 23 40 41 46 11 14 15 20 6 37 5 17 3 24 1 49 28 4 29 48 22 7 44 2 50 36 30 38 42 13 
student 172: 31 45 19 11 39 18 30 27 7 16 9 17 34 36 29 38 46 23 13 43 24 44 37 41 8 14 15 25 10 40 6 20 3 21 1 47 32 5 26 50 22 4 49 2 48 35 28 33 42 12 
student 173: 30 50 25 12 28 17 32 24 5 16 9 20 38 35 27 42 44 23 11 43 26 45 36 40 8 15 14 22 6 39 1 18 3 19 4 47 33 10 29 46 21 7 48 2 49 37 31 34 41 13 
student 174: 31 42 26 10 32 18 35 24 11 16 9 21 36 39 29 38 44 23 15 46 22 43 41 40 5 14 12 17 7 37 4 19 3 20 1 49 30 8 27 48 25 6 47 2 50 34 28 33 45 13 
student 175: 29 48 24 8 33 17 34 26 13 16 10 20 36 31 32 41 47 19 11 44 22 43 38 39 7 15 14 23 9 42 2 18 4 21 1 49 30 5 27 46 25 6 45 3 50 40 28 35 37 12 
student 176: 26 48 22 11 30 19 35 25 7 14 9 16 37 36 32 38 46 21 13 44 24 45 33 40 8 12 15 17 10 43 2 20 4 23 3 49 31 5 28 42 27 6 47 1 50 41 29 34 39 18 
student 177: 29 48 25 13 30 18 37 23 6 17 9 19 33 39 28 40 47 26 12 38 22 45 42 35 11 14 15 16 5 41 1 21 4 24 2 46 36 8 27 50 20 7 44 3 49 34 31 32 43 10 
student 178: 29 48 21 10 32 19 34 26 12 13 9 22 35 36 30 41 45 18 15 42 25 40 39 44 5 17 16 14 7 38 3 23 2 20 6 47 31 8 27 49 24 4 46 1 50 37 28 33 43 11 
student 179: 30 47 22 9 32 21 33 26 11 17 6 15 34 38 29 37 44 23 12 41 28 45 40 42 10 16 14 20 5 39 3 18 8 19 1 49 31 4 27 48 24 7 46 2 50 36 25 35 43 13 
student 180: 26 49 22 10 32 20 33 31 11 18 9 17 34 35 28 38 48 23 12 39 29 45 41 40 8 16 15 13 2 37 6 21 1 19 3 50 30 5 27 46 25 7 44 4 47 36 24 42 43 14 
student 181: 30 44 23 11 31 16 33 28 9 15 10 21 38 37 32 40 46 22 18 43 27 42 45 41 8 14 13 20 7 34 4 26 1 19 2 50 25 6 29 48 17 5 47 3 49 36 24 35 39 12 
student 182: 30 46 22 10 32 17 33 24 12 19 7 18 35 41 29 36 45 23 13 44 20 39 42 43 4 15 14 16 9 37 3 21 6 25 2 50 31 5 27 49 26 8 48 1 47 40 28 34 38 11 
student 183: 32 48 17 16 33 19 35 24 9 18 7 25 31 36 30 39 43 23 13 41 22 44 40 42 6 14 12 15 10 38 4 20 2 21 1 49 28 5 29 46 26 8 45 3 50 37 27 34 47 11 
student 184: 31 49 22 8 30 18 34 23 11 17 9 20 35 41 29 37 46 24 15 43 25 40 39 42 7 14 13 16 10 38 5 21 3 19 1 48 32 4 26 45 27 6 47 2 50 36 28 33 44 12 
student 185: 32 44 21 11 29 20 31 24 6 19 9 17 30 37 33 39 49 22 13 41 28 47 40 42 5 15 14 16 10 38 3 18 4 23 2 48 35 7 26 45 25 8 46 1 50 36 27 34 43 12 
student 186: 25 42 22 11 29 16 32 28 9 13 10 21 34 40 31 36 47 23 12 41 26 45 43 39 6 18 15 17 7 38 5 19 2 20 4 46 33 3 30 48 24 8 49 1 50 37 27 35 44 14 
student 187: 28 45 18 8 32 16 36 25 11 13 10 19 37 34 31 42 44 23 14 40 24 46 38 43 3 17 12 20 6 39 4 21 7 22 2 47 33 5 29 48 26 9 49 1 50 30 27 35 41 15 
student 188: 31 48 23 7 32 19 35 28 9 14 11 20 34 36 29 40 45 24 13 42 25 43 41 38 5 17 10 15 16 39 3 21 1 22 2 49 30 8 27 47 18 6 46 4 50 37 26 33 44 12 
student 189: 27 48 19 11 31 18 33 26 10 12 8 21 32 35 34 41 45 23 17 43 24 42 39 44 7 13 15 16 9 37 4 25 3 20 1 50 30 5 28 47 22 6 46 2 49 36 29 38 40 14 
student 190: 29 48 23 11 32 16 34 28 8 18 9 19 35 37 30 38 45 24 15 44 25 43 40 41 6 14 17 12 7 39 4 20 10 22 3 47 31 2 26 49 21 5 46 1 50 36 27 33 42 13 
student 191: 28 47 22 10 33 19 34 24 9 17 8 16 35 36 29 37 44 23 12 41 27 43 42 40 6 14 13 18 15 38 4 21 3 20 1 49 31 5 26 50 25 7 46 2 48 39 30 32 45 11 
student 192: 27 47 23 11 32 16 38 26 15 19 12 21 36 35 30 40 45 24 10 41 25 43 39 42 6 17 13 14 5 37 4 20 3 22 1 49 29 7 31 48 18 9 44 2 50 34 28 33 46 8 
student 193: 29 48 18 10 32 19 38 26 15 16 11 20 31 33 36 41 46 24 14 39 25 44 43 40 6 13 12 17 9 37 5 23 4 21 1 45 28 7 30 50 22 3 47 2 49 34 27 35 42 8 
student 194: 32 46 23 14 36 16 34 24 11 15 8 19 31 37 30 33 43 25 13 41 27 45 39 42 9 17 3 21 12 40 2 22 5 18 6 49 29 7 26 47 20 4 48 1 50 38 28 35 44 10 
student 195: 30 46 23 10 34 16 32 25 13 17 9 18 36 35 29 37 47 24 11 45 28 44 41 39 5 14 15 19 6 40 4 21 7 20 2 49 31 3 26 48 22 8 42 1 50 38 27 33 43 12 
student 196: 30 43 22 9 32 14 33 25 12 13 10 18 35 37 29 41 44 24 15 40 28 47 42 45 6 16 17 23 11 38 3 19 4 20 1 50 31 5 27 49 21 8 36 2 48 39 26 34 46 7 
student 197: 31 44 17 11 30 21 33 24 13 16 9 29 35 36 28 39 48 23 14 47 25 42 40 41 8 5 15 20 10 37 3 18 4 19 1 50 32 6 26 46 22 7 49 2 45 38 27 34 43 12 
student 198: 30 47 18 8 32 17 34 24 11 19 6 21 33 36 37 40 45 26 16 41 20 43 38 42 9 15 14 13 10 39 2 22 5 25 4 48 31 3 28 49 27 7 44 1 50 35 29 23 46 12 
student 199: 29 48 23 10 33 19 32 24 11 16 8 21 36 44 30 34 42 26 13 40 25 45 41 38 9 15 14 17 7 39 6 18 2 22 5 50 31 3 27 47 20 4 46 1 49 37 28 35 43 12 
student 200: 34 50 22 10 27 19 31 26 12 14 8 25 35 36 30 37 42 24 11 39 17 46 41 43 7 13 18 15 6 40 1 20 9 21 2 49 32 3 29 45 23 4 48 5 47 38 28 33 44 16 
student 201: 29 44 21 12 27 17 33 24 14 18 8 19 34 37 32 38 47 26 10 43 20 41 39 46 9 16 15 13 11 40 6 25 2 22 1 49 31 3 28 45 23 5 48 4 50 36 30 35 42 7 
student 202: 26 47 21 12 34 19 32 28 8 18 10 17 35 36 31 39 45 25 14 42 27 46 40 44 3 15 11 16 9 38 7 20 5 23 4 49 30 6 24 48 22 1 43 2 50 37 29 33 41 13 
student 203: 31 47 20 10 30 18 33 28 11 16 9 23 43 36 32 39 45 25 12 38 27 42 44 40 5 17 13 15 8 37 7 22 4 19 1 50 29 3 26 49 21 2 46 6 48 34 24 35 41 14 
student 204: 25 48 26 11 39 20 31 24 12 21 10 17 34 36 27 41 44 19 7 42 28 43 40 38 9 15 14 8 13 37 6 22 2 18 4 50 32 1 29 45 23 5 47 3 49 35 30 33 46 16 
student 205: 28 49 20 11 30 19 33 26 12 16 9 23 36 40 31 38 46 17 10 41 22 42 39 44 4 14 15 18 8 37 7 21 3 25 1 47 32 6 29 48 24 5 45 2 50 34 27 35 43 13 
student 206: 31 47 21 12 34 20 32 18 11 16 4 22 35 36 30 40 44 29 10 45 25 43 39 38 6 14 15 17 9 42 8 19 2 24 3 50 27 5 26 48 23 7 46 1 49 37 28 33 41 13 
student 207: 30 45 22 10 31 18 37 26 12 21 7 14 33 32 28 39 44 24 17 40 25 48 42 41 6 15 13 16 9 35 8 19 1 20 2 46 29 5 38 47 23 4 49 3 50 36 27 34 43 11 
student 208: 28 48 21 9 30 16 34 26 11 15 8 19 33 31 36 39 45 22 13 40 23 44 41 43 7 14 17 18 10 38 1 20 3 25 5 49 29 6 27 47 24 4 46 2 50 35 32 37 42 12 
student 209: 24 49 23 10 31 16 33 28 12 19 15 14 36 40 30 37 43 22 13 39 27 41 42 46 7 17 11 20 9 38 5 18 3 21 1 48 32 4 29 47 25 6 44 2 50 35 26 34 45 8 
student 210: 31 48 23 12 32 20 39 27 10 15 9 22 34 38 28 41 45 26 14 40 25 42 37 43 8 13 11 17 7 36 4 19 3 21 2 49 30 5 18 47 24 6 46 1 50 35 29 33 44 16 
student 211: 32 48 21 14 35 19 34 27 11 16 10 18 33 36 29 39 42 24 12 41 26 45 37 43 9 15 13 17 7 40 6 23 4 20 2 47 30 3 25 49 22 5 44 1 50 38 28 31 46 8 
student 212: 28 41 22 10 37 20 33 27 7 16 12 17 34 36 29 35 47 23 15 46 25 44 40 43 4 14 13 18 9 38 1 21 3 19 2 49 30 6 26 48 24 8 45 5 50 39 31 32 42 11 
student 213: 29 46 24 8 30 15 34 26 14 17 11 19 36 35 31 39 45 22 10 41 23 44 40 43 7 16 12 18 9 37 4 21 2 20 3 48 33 5 25 50 28 6 47 1 49 38 27 32 42 13 
student 214: 29 46 27 10 33 13 32 26 8 17 11 20 35 36 34 40 43 24 16 44 23 47 41 39 9 15 14 19 6 37 5 21 1 18 3 49 30 4 28 48 22 7 45 2 50 31 25 38 42 12 
student 215: 28 47 22 8 32 15 33 25 9 19 7 17 34 35 30 44 45 29 13 42 23 43 37 41 10 20 16 14 5 39 4 18 1 21 3 48 31 2 27 49 26 12 46 6 50 38 24 36 40 11 
student 216: 29 48 20 5 31 16 32 26 9 15 12 19 35 36 30 37 43 27 14 45 24 44 40 41 6 17 11 18 10 39 7 21 1 22 3 50 33 4 25 47 23 8 42 2 49 38 28 34 46 13 
student 217: 26 46 23 10 29 18 49 25 11 16 8 20 32 34 28 38 41 24 12 39 27 40 42 43 2 14 13 17 5 37 4 21 3 19 1 47 35 7 30 44 22 9 50 6 48 36 31 33 45 15 
student 218: 27 46 21 18 34 16 30 26 11 14 7 20 35 36 32 38 45 24 13 42 25 43 40 44 6 12 15 19 8 39 9 22 1 17 3 49 31 4 29 47 23 2 48 5 50 37 28 33 41 10 
student 219: 26 47 23 14 33 17 31 24 10 16 6 20 39 34 29 38 42 25 15 41 27 46 37 44 9 12 13 21 8 40 5 18 2 19 1 48 32 4 28 49 22 7 45 3 50 36 30 35 43 11 
student 220: 29 44 24 9 32 18 35 25 6 13 11 17 38 31 33 37 49 22 14 40 26 43 39 42 7 15 19 16 10 41 4 23 2 20 3 48 30 5 28 45 21 8 46 1 50 34 27 36 47 12 
student 221: 30 45 23 8 33 13 32 27 16 12 10 18 35 37 31 39 44 25 11 41 29 43 40 42 7 14 19 17 9 36 3 20 6 24 2 49 26 5 22 48 21 4 47 1 50 38 28 34 46 15 
student 222: 28 48 21 8 32 16 34 25 12 17 7 19 33 43 29 38 47 23 9 40 24 44 39 41 6 14 15 18 11 37 4 26 3 20 1 45 31 5 27 49 22 10 46 2 50 35 30 36 42 13 
student 223: 28 47 21 10 33 16 29 27 15 12 8 24 38 34 31 37 43 20 13 40 26 44 41 45 6 14 18 17 9 39 4 19 3 23 2 50 32 5 25 49 22 7 46 1 48 36 30 35 42 11 
student 224: 28 47 21 7 34 19 33 25 11 17 9 22 36 40 31 35 41 26 15 42 23 45 39 43 5 13 14 16 6 38 4 18 1 20 2 48 30 10 27 49 24 8 46 3 50 37 29 32 44 12 
student 225: 27 50 23 11 34 18 33 24 10 16 7 19 35 36 31 38 43 26 13 39 29 40 42 45 8 15 14 17 5 41 4 22 3 20 1 47 32 6 25 44 21 9 48 2 49 37 28 30 46 12 
student 226: 27 45 22 7 32 19 33 28 14 17 6 20 35 36 29 40 48 24 11 43 26 44 42 39 8 16 15 13 12 38 5 18 3 21 1 49 31 4 25 47 23 10 46 2 50 37 30 34 41 9 
student 227: 28 46 21 6 35 16 29 23 14 13 12 17 33 36 30 37 43 25 8 41 32 49 40 42 10 9 20 18 7 39 4 22 2 24 1 44 34 11 26 50 19 3 48 5 47 38 27 31 45 15 
student 228: 28 48 22 11 32 17 30 24 10 20 6 18 37 38 36 41 47 23 16 39 25 40 43 45 9 14 13 15 3 35 5 19 1 21 2 42 31 8 29 49 26 7 46 4 50 33 27 34 44 12 
student 229: 28 45 23 14 35 16 33 26 12 19 8 22 37 38 30 40 44 24 13 41 25 47 39 43 9 17 15 11 7 36 2 20 3 18 1 46 31 5 27 48 21 6 49 4 50 34 29 32 42 10 
student 230: 28 47 22 10 26 16 34 29 11 14 7 15 31 36 27 41 46 23 18 42 25 44 39 35 8 13 17 20 3 38 4 21 5 19 1 48 32 9 30 50 24 6 45 2 49 40 33 37 43 12 
student 231: 27 46 23 11 34 20 33 29 10 19 7 14 35 30 32 36 45 24 16 50 25 42 39 37 8 15 9 17 6 41 1 18 2 21 4 49 31 12 28 48 22 5 44 3 47 38 26 40 43 13 
student 232: 22 49 29 11 31 19 33 25 12 14 9 20 37 30 32 38 46 24 16 39 26 44 42 45 7 15 10 17 8 36 4 21 5 18 1 48 35 6 28 47 23 3 41 2 50 40 27 34 43 13 
student 233: 27 48 25 9 32 19 38 21 10 13 11 20 34 37 35 39 46 30 12 42 23 44 36 43 6 16 15 17 8 33 7 18 3 22 1 50 29 4 26 47 24 5 45 2 49 41 28 31 40 14 
student 234: 30 48 22 11 31 17 34 27 10 14 9 21 39 36 32 41 43 25 12 42 26 45 38 44 7 16 15 18 8 37 2 19 5 20 3 46 29 6 28 49 23 4 47 1 50 33 24 35 40 13 
student 235: 32 41 22 10 33 19 37 24 13 14 8 20 35 31 29 42 44 23 12 40 26 45 48 43 9 16 11 17 6 38 1 18 3 21 2 46 30 5 27 47 25 7 49 4 50 36 28 34 39 15 
student 236: 28 46 22 12 33 17 32 26 9 14 10 20 35 36 29 39 45 24 11 42 25 41 40 44 6 18 16 15 8 38 5 19 3 21 2 48 31 4 30 49 23 7 43 1 50 37 27 34 47 13 
student 237: 27 46 20 10 29 19 33 25 11 18 9 22 40 34 28 37 43 24 12 38 31 48 41 45 7 15 16 17 8 39 4 14 1 21 2 47 30 5 32 49 23 6 44 3 50 36 26 35 42 13 
student 238: 30 47 21 12 33 19 32 26 13 18 10 25 38 34 22 40 43 28 11 41 23 48 39 42 7 15 16 17 9 36 6 20 3 14 1 46 31 8 29 49 24 5 45 2 50 37 27 35 44 4 
student 239: 33 42 19 8 31 20 38 27 10 16 7 17 35 30 29 39 47 23 13 41 26 45 37 44 11 14 15 18 6 40 9 25 1 21 5 43 32 4 24 48 22 2 46 3 50 36 28 34 49 12 
student 240: 30 49 20 14 36 19 32 27 11 16 13 21 34 39 29 38 43 24 12 44 28 45 40 41 2 9 15 17 10 37 6 18 3 23 1 47 26 4 25 46 22 7 48 5 50 35 31 33 42 8 
student 241: 31 47 22 10 34 16 39 27 11 17 9 18 35 32 28 40 45 24 15 41 25 43 38 42 8 13 12 20 6 37 7 21 3 19 1 49 29 4 30 48 23 5 46 2 50 36 26 33 44 14 
student 242: 32 47 23 10 33 18 30 24 11 16 8 19 34 35 25 43 44 29 13 40 28 42 39 45 6 22 15 14 9 38 3 20 2 17 4 48 26 5 31 49 21 7 46 1 50 37 27 36 41 12 
student 243: 31 49 24 12 36 17 34 27 8 13 10 18 37 29 30 38 43 26 16 39 22 45 42 40 7 9 15 19 6 41 2 20 5 21 4 48 32 11 28 47 23 3 46 1 50 35 25 33 44 14 
student 244: 27 49 25 9 34 22 30 31 11 18 10 15 35 38 26 39 45 24 13 44 23 43 37 42 6 16 14 21 7 40 3 17 1 19 2 48 32 5 29 47 20 8 46 4 50 36 28 33 41 12 
student 245: 30 45 23 11 37 18 20 27 13 15 10 19 34 36 33 39 43 29 12 48 24 44 41 42 7 14 16 17 8 32 3 21 2 22 1 49 31 4 28 46 25 6 47 5 50 40 26 35 38 9 
student 246: 29 45 21 11 30 17 33 26 10 15 12 18 35 36 32 40 47 25 13 39 23 44 41 43 9 19 14 16 5 38 8 20 2 22 3 46 31 6 27 49 24 4 42 1 50 37 28 34 48 7 
student 247: 26 50 27 18 30 21 32 28 12 13 9 15 35 34 29 36 44 23 10 42 22 46 39 43 11 16 14 17 6 41 5 20 7 19 2 48 38 3 31 47 25 4 45 1 49 37 24 33 40 8 
student 248: 30 50 22 10 32 15 33 28 11 13 9 18 35 38 29 36 43 25 17 41 26 39 37 44 8 21 16 12 7 42 2 19 4 20 1 46 31 6 24 48 23 5 47 3 49 34 27 40 45 14 
student 249: 31 44 25 11 33 19 34 26 10 17 8 22 32 37 30 42 45 27 13 40 21 46 41 39 7 15 12 16 9 36 6 18 2 23 1 48 28 5 24 47 20 3 49 4 50 38 29 35 43 14 
student 250: 29 47 22 11 31 20 33 25 15 16 9 21 34 36 30 37 46 27 8 38 24 44 42 41 10 14 12 17 5 39 1 18 6 19 2 45 35 4 26 48 23 7 49 3 50 40 28 32 43 13 
student 251: 29 49 21 9 32 15 33 25 10 14 11 19 37 35 31 38 44 23 12 41 26 43 39 45 8 17 22 16 7 36 4 18 3 20 1 47 30 5 28 48 24 6 46 2 50 40 27 34 42 13 
student 252: 27 44 18 9 34 21 33 28 16 20 10 26 32 38 31 40 47 23 12 39 24 45 41 42 5 14 13 15 4 37 3 17 2 22 1 49 30 11 25 46 19 7 48 6 50 35 29 36 43 8 
student 253: 30 48 18 9 32 19 33 27 13 16 10 25 35 36 31 42 45 23 12 38 24 44 41 40 6 17 7 20 11 39 8 15 2 21 1 47 29 3 28 49 26 5 46 4 50 37 22 34 43 14 
student 254: 31 48 22 11 32 19 33 26 12 15 9 20 36 35 27 40 46 24 10 39 25 44 42 41 6 14 21 18 4 38 2 16 7 17 1 47 30 5 29 49 23 8 45 3 50 37 28 34 43 13 
student 255: 31 47 28 15 35 18 32 29 9 20 13 21 33 38 26 39 45 27 14 40 25 44 41 42 8 10 12 17 6 36 4 16 2 19 5 48 30 3 22 49 24 7 46 1 50 37 23 34 43 11 
student 256: 30 48 24 4 28 17 32 26 13 14 11 20 38 34 31 35 45 23 9 39 22 43 37 44 10 16 12 18 8 42 7 21 1 19 2 49 33 3 25 47 27 6 46 5 50 40 29 36 41 15 
student 257: 28 47 22 9 29 16 33 27 13 14 8 19 35 39 31 40 42 25 11 41 30 46 38 43 10 17 15 18 3 37 5 20 4 21 1 50 32 7 24 48 23 6 45 2 49 36 26 34 44 12 
student 258: 31 44 21 12 33 17 38 24 10 15 8 18 35 34 32 43 46 25 14 39 26 45 36 40 7 16 13 20 9 37 5 19 4 22 1 48 27 2 28 47 23 6 49 3 50 41 29 30 42 11 
student 259: 27 47 20 11 33 21 36 30 12 15 5 18 39 41 31 35 46 24 13 37 23 45 43 40 7 16 14 17 8 32 4 22 3 19 2 49 29 6 26 50 28 9 42 1 48 38 25 34 44 10 
student 260: 30 48 20 7 34 17 33 27 12 16 9 19 35 36 29 41 50 23 11 37 24 49 42 40 10 14 15 18 8 39 3 21 4 22 2 47 32 5 28 44 25 6 43 1 46 31 26 38 45 13 
student 261: 28 45 19 12 32 18 33 26 7 15 11 20 36 34 31 43 38 22 9 44 25 41 42 39 6 17 13 16 8 37 4 23 5 24 1 50 29 3 27 48 21 10 47 2 49 40 30 35 46 14 
student 262: 26 45 21 14 33 17 35 25 15 7 9 19 32 38 28 40 43 22 10 41 27 46 39 44 11 16 12 18 8 36 4 20 6 23 3 50 31 2 29 48 24 5 47 1 49 37 30 34 42 13 
student 263: 28 46 21 10 29 18 34 26 14 17 9 19 35 36 32 39 48 22 12 41 30 45 42 40 4 16 13 15 8 38 2 23 7 20 3 44 31 5 27 49 24 6 47 1 50 37 25 33 43 11 
student 264: 31 45 21 8 32 23 36 25 10 20 9 18 35 34 29 37 47 24 13 43 27 42 41 40 7 14 15 16 12 39 3 17 1 19 6 49 28 5 30 48 22 4 44 2 50 33 26 38 46 11 
student 265: 27 47 21 12 34 18 31 29 13 15 7 20 36 39 33 40 50 26 10 42 25 45 41 43 9 14 16 17 8 35 6 19 1 22 4 46 30 3 28 48 24 5 44 2 49 32 23 37 38 11 
student 266: 26 49 23 10 31 16 36 29 12 18 7 20 34 33 30 39 46 24 15 41 27 44 40 42 8 14 11 13 5 37 1 19 3 21 2 48 32 6 28 50 22 9 47 4 45 35 25 38 43 17 
student 267: 30 48 22 9 32 14 33 27 11 17 8 19 36 37 29 40 41 26 13 34 21 42 45 39 7 18 12 15 6 43 10 20 5 24 3 50 31 2 25 47 23 4 46 1 49 35 28 38 44 16 
student 268: 33 47 25 11 32 20 34 29 10 14 8 17 24 39 28 40 46 19 12 42 27 44 38 43 9 18 15 16 6 36 3 22 4 21 2 48 23 5 30 49 26 7 45 1 50 37 31 35 41 13 
student 269: 29 49 21 10 32 18 33 24 11 20 8 17 36 35 26 40 42 25 13 44 27 47 38 43 6 14 15 16 9 39 5 19 4 23 1 48 30 2 31 45 22 7 46 3 50 37 28 34 41 12 
student 270: 29 47 21 9 34 14 32 28 11 19 8 16 36 33 30 39 44 24 12 40 26 46 41 43 10 17 15 18 6 37 5 23 2 20 1 49 31 4 25 48 22 7 45 3 50 35 27 38 42 13 
student 271: 29 45 22 6 32 17 33 27 11 19 10 21 35 38 30 37 48 24 9 42 23 43 40 44 7 14 18 16 5 36 2 15 3 20 1 49 31 12 26 47 25 8 46 4 50 39 28 34 41 13 
student 272: 26 47 23 12 34 14 33 25 11 16 9 21 35 39 30 38 45 29 15 41 19 48 40 43 4 17 13 18 8 36 7 22 5 20 1 46 31 3 28 49 24 6 42 2 50 37 27 32 44 10 
student 273: 26 47 20 9 32 18 33 27 11 17 10 19 35 36 31 38 44 22 13 42 23 46 39 40 5 15 14 16 8 41 4 24 2 30 1 50 29 6 28 48 21 7 45 3 49 37 25 34 43 12 
student 274: 28 48 21 9 33 18 31 25 12 15 8 26 35 37 30 40 47 27 19 38 24 42 41 43 7 10 14 16 11 39 4 17 3 20 1 50 32 2 23 49 22 5 45 6 46 36 29 34 44 13 
student 275: 29 45 23 5 32 17 33 26 13 15 9 19 34 36 27 39 44 25 12 40 24 47 43 48 6 14 18 16 11 38 4 20 3 22 1 50 30 7 31 46 21 8 42 2 49 37 28 35 41 10 
student 276: 32 47 26 10 28 16 31 25 9 17 8 19 35 37 33 41 44 22 13 43 24 42 39 40 7 15 14 18 4 38 6 20 5 21 2 48 30 11 27 49 23 1 45 3 50 36 29 34 46 12 
student 277: 26 50 22 9 30 18 34 29 8 17 10 20 33 35 32 40 43 23 13 39 15 45 41 36 6 16 14 19 7 42 5 25 3 21 1 46 31 4 28 48 27 12 49 2 47 38 24 37 44 11 
student 278: 33 47 22 7 29 17 35 23 6 16 13 18 24 34 30 40 45 26 9 42 28 44 41 36 12 15 14 20 11 39 5 19 3 21 1 49 32 4 27 46 25 8 48 2 50 37 31 38 43 10 
student 279: 29 48 22 12 32 15 35 25 10 17 8 19 38 34 31 39 47 24 18 40 27 44 36 42 6 16 13 14 7 41 3 20 4 21 2 50 28 9 30 46 23 5 45 1 49 37 26 33 43 11 
student 280: 31 48 22 11 33 17 32 26 9 15 8 18 34 39 27 38 44 25 12 41 24 46 42 40 4 14 20 16 7 35 2 23 6 19 1 49 30 3 29 47 21 10 45 5 50 37 28 36 43 13 
student 281: 29 48 23 11 31 18 33 30 10 13 6 21 35 40 32 37 43 25 14 38 27 44 39 42 7 17 16 15 9 41 4 20 3 22 1 47 28 8 19 45 24 5 46 2 50 36 26 34 49 12 
student 282: 35 50 24 10 25 18 32 27 9 15 4 19 34 36 29 37 45 22 14 44 26 41 38 46 8 16 13 17 11 39 2 20 6 23 5 43 31 3 30 48 21 7 47 1 49 40 28 33 42 12 
student 283: 25 47 26 8 33 23 35 29 11 16 10 18 34 30 32 41 43 24 12 39 28 46 38 42 7 14 17 15 9 37 2 19 1 21 3 49 27 5 31 45 20 6 48 4 50 36 22 40 44 13 
student 284: 28 42 20 9 34 17 32 26 11 18 8 19 33 37 30 39 43 24 16 35 25 46 40 44 7 15 14 13 10 41 2 23 4 21 1 50 29 6 31 48 22 3 45 5 49 38 27 36 47 12 
student 285: 29 37 22 13 31 21 33 25 9 16 10 20 34 38 28 39 47 19 18 46 27 43 41 44 7 14 11 15 3 40 4 17 8 23 1 45 32 6 26 48 24 5 49 2 50 36 30 35 42 12 
student 286: 27 49 20 18 32 17 29 24 10 15 9 21 37 38 31 39 41 28 13 42 26 47 40 43 8 14 11 16 5 35 3 22 1 19 4 48 34 7 30 46 23 6 45 2 50 36 25 33 44 12 
student 287: 30 47 21 12 33 19 31 27 13 18 6 17 37 38 32 39 44 25 14 40 26 43 42 46 9 16 11 15 4 36 7 24 2 20 1 48 29 5 28 50 22 8 45 3 49 35 23 34 41 10 
student 288: 32 46 21 15 33 14 30 27 9 12 8 25 36 35 28 39 44 22 11 42 24 47 41 43 7 18 17 16 6 40 5 19 10 20 2 49 31 3 26 48 23 4 45 1 50 38 29 34 37 13 
student 289: 31 49 19 10 30 17 33 25 7 13 6 20 35 37 29 40 48 21 15 41 26 43 39 44 9 14 16 18 5 38 2 23 8 22 12 50 32 3 27 45 24 4 46 1 47 36 28 34 42 11 
student 290: 30 46 21 12 32 17 31 26 6 16 7 19 34 36 29 42 49 25 8 37 24 43 40 41 9 15 18 14 11 39 5 20 10 22 3 48 33 4 27 47 23 1 45 2 50 38 28 35 44 13 
student 291: 28 48 24 13 32 18 35 27 11 17 10 19 37 36 22 40 44 25 8 38 26 42 41 46 6 15 14 16 7 39 3 20 2 21 1 45 31 5 29 49 23 9 47 4 50 34 30 33 43 12 
student 292: 33 49 20 10 32 19 34 26 11 16 9 25 31 36 29 39 44 23 13 42 24 43 41 48 4 15 14 17 8 37 2 22 5 21 1 50 30 6 27 46 18 7 45 3 47 38 28 35 40 12 
student 293: 27 49 20 13 29 17 36 26 10 19 7 22 35 34 31 39 46 24 11 40 25 41 42 45 9 18 14 16 5 38 4 15 3 21 2 48 33 6 28 43 23 8 47 1 50 37 30 32 44 12 
student 294: 27 45 20 12 32 16 33 25 9 15 8 19 34 37 30 40 46 22 13 38 23 44 41 43 2 18 14 17 10 35 5 21 3 24 1 49 31 6 28 48 26 7 42 4 50 39 29 36 47 11 
student 295: 18 48 20 14 31 17 33 28 11 13 8 21 35 38 32 40 37 26 12 41 23 46 39 44 7 16 15 25 5 42 1 19 6 24 2 50 30 4 27 49 22 10 47 3 45 36 29 34 43 9 
student 296: 28 44 29 12 34 17 31 26 11 14 9 18 39 36 30 41 48 21 13 35 23 46 43 42 7 22 15 16 8 38 3 19 5 20 1 50 32 4 24 45 25 6 47 2 49 37 27 33 40 10 
student 297: 32 46 21 9 35 20 31 28 12 16 11 17 36 34 30 41 44 22 15 40 25 45 39 42 8 14 13 18 7 38 4 19 1 24 2 48 26 5 27 49 23 6 47 3 50 37 29 33 43 10 
student 298: 31 46 22 8 32 18 34 23 10 17 11 19 35 37 30 41 44 24 13 43 26 42 40 39 5 15 14 16 7 38 4 21 3 20 1 49 28 9 29 45 25 6 48 2 50 36 27 33 47 12 
student 299: 31 44 23 10 32 17 33 27 12 16 9 18 35 36 30 38 46 19 13 42 21 45 41 43 8 15 11 20 7 40 4 22 3 24 1 49 28 5 25 48 26 6 50 2 47 37 29 34 39 14 
student 300: 28 50 23 9 26 14 34 25 10 19 4 15 35 30 33 39 44 29 17 41 24 42 40 45 8 16 11 21 12 38 3 18 6 22 1 48 32 7 31 47 20 5 46 2 49 37 27 36 43 13 
student 301: 25 50 22 10 31 20 36 30 13 18 8 17 33 38 32 40 42 21 11 41 27 46 34 44 7 14 15 16 9 39 5 19 4 23 3 47 29 1 28 43 26 6 48 2 49 37 24 35 45 12 
student 302: 32 49 22 2 34 19 29 26 12 18 11 16 37 36 33 38 45 24 8 39 25 48 44 40 14 13 10 15 17 42 3 20 6 21 1 50 30 9 27 46 23 7 47 4 43 35 28 31 41 5 
student 303: 29 46 26 8 31 19 38 22 17 13 10 16 34 33 32 40 45 21 12 41 25 43 39 44 7 15 11 20 9 37 4 24 3 23 1 50 30 6 27 47 18 5 49 2 48 36 28 35 42 14 
student 304: 30 49 20 8 34 22 25 28 12 15 9 21 35 38 33 39 44 24 4 42 26 43 40 41 14 11 16 18 10 36 3 13 5 17 2 50 31 6 29 47 23 7 45 1 48 32 27 37 46 19 
student 305: 32 46 21 12 33 20 34 29 13 18 4 25 31 37 27 38 45 15 16 42 23 44 40 43 8 14 11 22 9 39 3 26 2 10 1 48 30 5 24 47 19 7 49 6 50 41 28 36 35 17 
student 306: 34 47 23 10 31 16 33 27 6 14 11 19 36 35 30 37 40 24 17 43 22 42 41 46 5 21 13 15 9 39 1 20 4 18 2 49 28 8 29 48 26 7 44 3 50 38 25 32 45 12 
student 307: 31 45 17 11 32 19 33 27 9 16 6 20 37 36 29 38 46 25 13 39 21 44 41 42 5 15 14 18 7 40 3 22 4 23 1 47 30 8 26 50 24 10 48 2 49 35 28 34 43 12 
student 308: 30 43 23 9 33 19 32 28 13 17 6 16 34 40 29 36 42 25 14 46 24 41 39 44 5 15 11 18 8 38 7 20 4 21 2 50 31 1 26 48 22 12 47 3 49 35 27 37 45 10 
student 309: 25 46 23 10 34 17 33 27 9 14 5 21 36 37 30 41 45 24 18 43 26 40 48 38 8 13 11 16 12 35 6 19 3 20 2 49 32 4 29 47 22 7 42 1 50 39 31 28 44 15 
student 310: 27 44 22 7 26 17 35 24 9 16 10 18 34 39 32 40 47 25 14 37 29 49 42 46 8 12 15 19 11 36 2 20 4 21 1 48 31 6 28 41 23 5 43 3 50 38 30 33 45 13 
student 311: 28 46 22 16 30 14 34 24 8 15 9 17 31 35 33 39 44 23 21 41 27 43 38 45 10 12 13 20 6 40 5 18 3 19 1 50 29 7 26 48 25 4 47 2 49 36 32 37 42 11 
student 312: 29 47 21 8 32 20 33 25 14 15 9 16 34 39 30 38 48 24 12 44 26 41 42 43 10 13 17 19 5 36 3 18 1 22 2 46 31 6 28 50 23 4 45 7 49 37 27 35 40 11 
student 313: 30 47 22 12 33 17 37 21 14 13 9 19 34 38 31 41 46 27 16 40 24 45 39 44 8 15 11 18 10 42 6 23 5 20 3 43 29 1 28 50 26 4 49 2 48 35 25 32 36 7 
student 314: 29 45 22 11 31 18 32 28 9 14 10 19 34 39 30 37 40 27 15 43 23 42 41 44 7 17 16 12 8 38 4 20 3 21 1 49 33 2 24 47 25 6 46 5 48 36 26 35 50 13 
student 315: 29 50 20 6 34 19 32 27 12 16 10 21 33 35 30 41 43 24 13 39 25 42 47 40 5 14 15 17 7 38 4 18 3 22 1 45 31 9 26 46 23 8 48 2 49 36 28 37 44 11 
student 316: 29 43 22 9 34 19 31 27 11 18 12 21 32 35 26 39 45 23 13 44 28 47 37 40 7 15 14 16 8 41 4 20 2 17 1 48 33 6 25 46 24 5 49 3 50 38 30 36 42 10 
student 317: 30 45 17 11 34 23 33 25 10 18 9 20 37 28 31 40 48 24 13 42 26 46 36 44 8 14 12 15 7 39 2 19 5 21 3 49 32 4 29 47 27 6 43 1 50 38 22 35 41 16 
student 318: 29 47 22 9 35 18 32 26 11 20 8 17 37 36 31 38 43 25 13 42 27 46 40 44 10 14 15 16 7 39 3 24 4 21 2 49 30 6 23 45 19 5 48 1 50 34 28 33 41 12 
student 319: 28 46 23 10 32 20 36 26 12 15 7 19 33 37 30 34 45 25 9 41 24 42 38 43 6 13 14 18 8 40 3 16 11 21 1 49 31 5 29 47 22 4 50 2 48 39 27 35 44 17 
student 320: 29 48 24 9 31 20 34 26 10 18 8 19 38 35 30 37 45 23 16 43 28 40 41 42 11 13 15 14 6 39 4 17 3 21 2 47 27 7 32 49 22 5 46 1 50 36 25 33 44 12 
student 321: 28 47 22 10 32 18 36 26 13 16 7 21 33 37 31 34 44 29 12 39 25 42 38 41 3 15 14 17 9 45 2 19 6 20 1 49 30 5 23 46 24 8 48 4 50 40 27 35 43 11 
student 322: 28 47 25 11 31 17 32 26 9 15 8 18 36 34 29 39 45 24 12 44 19 42 37 43 5 16 13 22 10 40 7 21 6 23 3 49 30 1 27 48 20 4 46 2 50 38 35 33 41 14 
student 323: 31 50 18 11 35 16 33 27 12 21 10 19 37 34 26 39 45 23 13 40 25 42 41 44 7 5 15 14 8 38 9 22 4 20 2 49 28 3 30 47 24 6 46 1 48 36 29 32 43 17 
student 324: 28 48 22 10 37 19 32 26 14 17 7 18 33 34 29 38 41 24 12 40 30 46 39 43 6 15 13 16 8 44 2 21 5 20 1 42 35 3 23 50 25 9 47 4 49 36 27 31 45 11 
student 325: 29 47 16 10 33 18 32 25 9 15 7 20 35 40 37 41 44 26 13 42 22 45 38 34 14 17 12 19 6 39 4 21 3 24 1 49 28 2 27 48 23 8 46 5 50 36 31 30 43 11 
student 326: 27 47 22 8 32 17 34 29 11 18 9 20 35 31 30 40 45 21 14 41 24 44 37 43 4 15 13 16 10 39 3 19 2 23 1 48 28 6 26 49 25 7 42 5 50 38 33 36 46 12 
student 327: 26 47 22 9 30 18 31 28 12 16 10 19 36 37 29 40 44 27 14 38 23 42 46 39 6 13 15 17 7 35 3 20 4 24 2 48 32 8 25 50 21 5 45 1 49 43 33 34 41 11 
student 328: 30 48 20 4 32 16 34 26 11 17 10 22 35 37 33 40 46 24 13 41 25 44 38 42 9 19 15 14 8 39 5 21 7 23 2 49 36 3 27 47 18 6 45 1 50 29 31 28 43 12 
student 329: 28 46 22 10 33 20 37 27 8 17 12 21 34 31 32 47 39 23 11 41 25 44 38 42 7 16 14 15 9 40 5 18 4 19 2 49 29 6 26 48 24 1 43 3 50 36 30 35 45 13 
student 330: 29 48 21 14 30 19 32 27 11 15 8 16 34 37 31 38 44 24 9 39 23 42 41 46 4 17 13 18 10 40 7 22 5 20 1 45 33 2 28 49 26 3 47 6 50 35 25 36 43 12 
student 331: 29 45 22 10 34 17 30 26 18 11 8 19 32 35 33 40 46 25 12 42 24 44 39 43 6 16 13 20 7 38 4 14 1 21 3 47 31 5 27 49 23 9 48 2 50 36 28 37 41 15 
student 332: 29 50 25 12 31 19 33 24 9 15 11 18 39 37 32 35 47 27 17 40 22 44 38 41 8 14 10 16 7 36 5 20 1 23 3 48 26 4 30 49 21 6 46 2 45 43 28 34 42 13 
student 333: 25 42 21 7 32 17 33 26 14 16 8 23 34 38 28 39 46 24 15 40 29 37 45 44 10 13 12 18 11 35 2 19 4 20 1 47 30 6 27 49 22 5 48 3 50 41 31 36 43 9 
student 334: 30 50 22 8 31 21 35 25 14 18 12 17 32 36 29 40 47 24 11 41 28 44 38 42 6 15 13 19 9 39 5 16 3 23 1 46 33 4 26 48 20 7 45 2 49 37 27 34 43 10 
student 335: 29 48 23 10 36 21 32 24 11 14 7 18 35 34 33 39 46 27 15 42 28 44 40 41 5 13 17 16 9 38 4 22 3 19 1 50 30 8 26 45 20 6 47 2 49 37 25 31 43 12 
student 336: 28 43 23 12 34 18 35 25 14 20 7 21 36 38 29 39 45 24 13 46 27 48 40 41 8 9 16 17 11 37 6 19 3 15 1 47 31 4 30 49 22 5 42 2 50 32 26 33 44 10 
student 337: 27 47 22 8 35 17 32 29 15 14 9 18 37 36 28 39 44 24 13 40 25 42 41 45 7 16 11 20 12 34 2 21 4 19 3 48 30 5 26 49 23 6 46 1 50 38 31 33 43 10 
student 338: 29 46 23 9 32 15 34 20 16 14 13 19 35 36 28 41 42 24 10 38 25 43 44 40 6 18 11 17 7 39 5 21 3 22 2 48 31 4 27 47 26 12 49 1 50 37 30 33 45 8 
student 339: 29 49 23 10 33 16 38 24 11 19 13 18 35 40 30 41 46 21 9 37 26 44 43 42 7 17 14 15 8 36 3 20 5 25 1 48 31 6 27 45 22 4 47 2 50 32 28 34 39 12 
student 340: 28 46 24 9 31 19 33 29 13 17 16 20 36 38 30 39 45 22 10 41 23 42 40 43 6 15 11 12 7 35 5 18 3 21 1 49 32 8 27 47 26 4 50 2 48 37 25 34 44 14 
student 341: 27 48 21 10 32 13 28 30 12 16 9 19 35 38 29 37 46 24 14 41 25 45 43 40 5 15 18 20 8 39 6 22 3 17 2 50 34 4 26 47 23 7 44 1 49 36 31 33 42 11 
student 342: 32 44 22 11 29 17 34 26 12 13 5 21 36 39 31 37 47 24 16 42 25 38 35 45 7 18 14 19 10 41 8 20 2 15 4 50 33 6 28 48 23 3 46 1 49 40 27 30 43 9 
student 343: 27 49 22 10 36 17 32 23 11 16 5 19 33 37 30 41 45 25 13 44 29 40 38 42 6 18 14 15 9 39 7 20 2 21 4 47 31 8 26 50 24 3 46 1 48 35 28 34 43 12 
student 344: 28 50 23 9 33 18 32 25 10 15 4 19 35 40 26 39 43 24 11 38 27 48 41 42 7 16 14 17 13 37 8 21 2 22 1 45 29 6 30 44 20 3 47 5 49 34 31 36 46 12 
student 345: 30 46 20 11 33 16 34 25 15 17 10 19 35 36 31 39 43 26 14 40 24 45 42 44 9 12 21 13 5 37 4 18 1 22 2 48 29 7 27 49 23 6 47 3 50 38 28 32 41 8 
student 346: 31 49 22 14 32 19 36 27 13 20 9 16 34 35 26 41 45 24 11 43 25 47 40 44 5 17 12 15 7 38 3 21 4 18 2 46 29 8 28 48 23 6 42 1 50 37 30 33 39 10 
student 347: 27 45 26 8 33 14 35 28 13 17 12 19 32 40 29 36 47 21 15 42 23 43 38 46 9 18 11 16 7 39 6 20 3 25 1 49 30 4 31 41 22 5 48 2 50 37 24 34 44 10 
student 348: 27 46 26 7 33 17 29 25 8 15 13 20 36 38 34 43 48 23 16 37 24 45 40 42 10 9 11 18 12 41 4 19 3 21 1 49 30 5 28 47 22 2 44 6 50 32 31 35 39 14 
student 349: 29 48 25 8 31 21 33 27 10 16 7 17 36 34 28 40 44 24 11 39 23 45 42 41 9 18 19 12 13 37 3 20 2 15 1 49 32 5 30 47 22 6 46 4 50 38 26 35 43 14 
student 350: 29 46 19 10 33 17 35 26 11 18 8 21 36 32 30 43 45 25 12 39 23 41 38 44 6 13 16 15 9 40 7 20 1 22 2 48 31 3 27 49 24 4 42 5 50 34 28 37 47 14 
student 351: 31 46 24 12 29 19 33 26 11 16 9 17 35 36 28 40 44 25 13 38 22 43 41 42 5 15 10 18 8 39 6 21 3 20 1 50 32 4 27 48 23 7 45 2 49 37 30 34 47 14 
student 352: 29 46 22 12 31 18 33 25 13 17 10 23 39 30 36 35 43 24 11 38 21 44 41 42 6 16 14 15 7 40 5 19 3 20 1 50 32 4 27 49 26 8 47 2 48 37 28 34 45 9 
student 353: 29 48 22 10 32 18 31 26 14 15 9 21 35 36 30 40 44 28 13 42 23 46 41 38 6 11 17 16 8 39 4 20 2 19 3 45 33 5 27 50 24 7 47 1 49 37 25 34 43 12 
student 354: 26 49 25 13 33 19 28 30 8 16 9 17 36 34 31 40 45 22 11 39 21 41 44 43 12 15 14 18 6 37 5 20 3 23 1 48 35 2 24 46 27 7 47 4 50 38 29 32 42 10 
student 355: 27 46 21 10 36 19 33 25 11 15 12 20 28 35 34 39 42 23 9 38 26 44 43 41 8 17 13 16 6 40 5 18 7 24 1 48 32 3 29 49 22 2 45 4 50 37 30 31 47 14 
student 356: 29 47 21 8 32 18 35 25 12 17 7 20 34 37 31 41 45 26 11 40 22 44 38 43 9 13 15 16 10 36 1 23 4 19 2 49 30 6 27 46 24 5 48 3 50 39 28 33 42 14 
student 357: 29 46 23 8 35 17 30 26 9 19 11 18 33 36 32 38 45 24 12 40 27 42 37 43 7 13 15 16 6 41 5 20 2 22 1 50 34 10 25 48 21 4 47 3 49 39 28 31 44 14 
student 358: 29 48 27 10 26 15 32 33 9 19 5 21 36 35 31 41 40 23 11 45 18 42 43 44 8 14 13 16 12 37 7 24 3 28 2 50 30 4 25 46 20 6 47 1 49 38 22 34 39 17 
student 359: 28 48 24 9 33 21 34 26 12 18 10 19 35 37 31 41 44 23 13 38 25 45 40 43 7 15 14 16 8 36 4 17 3 22 2 50 30 6 27 47 20 5 46 1 49 39 29 32 42 11 
student 360: 28 43 23 9 29 20 32 27 13 16 11 24 35 37 31 38 44 21 12 45 26 49 40 41 6 14 10 18 7 36 3 19 5 17 1 46 34 4 22 50 25 8 47 2 48 39 30 33 42 15 
student 361: 28 46 21 13 34 18 35 24 8 15 6 23 32 37 30 40 48 22 12 41 26 43 38 42 9 16 14 17 11 39 1 19 2 20 7 50 31 5 27 47 25 3 45 4 49 36 29 33 44 10 
student 362: 27 42 22 10 32 17 41 29 12 15 9 21 34 36 25 37 40 28 11 44 24 43 39 45 8 20 14 18 6 35 5 16 4 19 1 48 31 7 30 47 23 3 49 2 50 38 26 33 46 13 
student 363: 33 48 23 11 31 19 32 28 13 17 10 21 34 35 27 42 44 24 8 36 25 41 39 46 7 15 14 16 9 40 2 22 4 20 1 45 29 5 30 49 18 6 47 3 50 38 26 37 43 12 
student 364: 28 48 22 11 33 20 34 29 9 18 6 16 35 37 30 39 45 23 13 40 24 43 41 44 4 15 14 19 10 38 5 17 2 21 1 49 32 7 27 46 25 8 47 3 50 36 26 31 42 12 
student 365: 30 48 20 9 34 19 32 25 13 14 11 21 37 35 29 39 45 24 7 44 26 43 40 42 6 17 12 18 8 38 4 16 3 23 1 47 31 10 28 46 22 5 49 2 50 36 27 33 41 15 
student 366: 27 49 26 10 32 17 35 30 11 16 7 18 34 36 29 39 45 21 13 41 25 46 40 42 5 15 14 19 8 38 4 23 1 20 2 48 31 6 24 50 22 9 43 3 47 37 28 33 44 12 
student 367: 28 49 20 9 32 17 36 25 14 12 8 19 35 37 30 40 44 27 11 39 24 43 41 45 7 15 16 18 10 38 4 21 3 22 1 46 33 5 29 48 23 6 47 2 50 31 26 34 42 13 
student 368: 29 47 24 10 34 18 31 30 13 17 8 21 38 33 28 42 43 25 15 41 22 45 36 39 7 16 12 14 9 40 2 19 4 23 3 50 32 5 20 48 26 6 46 1 49 35 27 37 44 11 
student 369: 28 46 21 10 31 17 32 25 11 16 9 18 38 35 30 37 50 23 12 39 29 45 42 44 6 15 14 20 8 40 3 19 4 24 7 48 26 2 34 47 22 5 43 1 49 36 27 33 41 13 
student 370: 31 46 18 6 28 17 30 25 12 15 8 22 34 35 33 40 45 27 13 44 24 42 39 41 9 16 14 19 11 38 4 20 3 21 1 48 32 5 23 47 26 7 49 2 50 37 29 36 43 10 
student 371: 26 48 24 16 33 14 32 22 11 17 10 20 34 39 31 38 45 27 12 42 25 47 37 41 7 18 15 13 8 40 5 19 4 21 1 49 30 6 28 44 23 2 46 3 50 36 29 35 43 9 
student 372: 30 48 21 9 36 19 32 25 11 17 8 18 31 34 33 41 44 29 13 39 24 45 40 42 6 16 15 14 10 38 4 23 3 22 1 50 28 2 26 47 20 7 46 5 49 35 27 37 43 12 
student 373: 31 47 21 11 30 18 33 25 8 19 10 16 40 32 34 37 44 23 12 39 24 42 41 43 6 13 15 14 9 38 5 22 3 20 1 49 29 4 27 48 26 7 46 2 50 36 28 35 45 17 
student 374: 29 48 22 14 32 18 33 26 12 20 7 17 38 36 30 39 46 24 13 43 23 44 42 40 9 16 8 15 4 35 1 19 5 21 2 47 31 6 28 50 25 10 45 3 49 37 27 34 41 11 
student 375: 28 47 27 10 32 15 33 23 11 20 9 17 35 38 30 37 45 25 12 41 26 44 43 42 6 14 16 19 8 40 3 21 2 22 1 50 31 4 29 49 24 7 46 5 48 36 18 34 39 13 
student 376: 30 49 17 11 32 19 31 28 10 15 13 21 40 34 33 38 45 24 9 39 25 42 41 43 8 18 12 14 7 37 4 20 3 23 2 50 27 5 22 47 26 6 44 1 48 36 29 35 46 16 
student 377: 31 47 20 14 29 15 41 24 6 16 10 21 32 36 30 39 43 22 12 40 25 42 37 46 9 17 13 18 8 38 3 19 4 26 2 50 33 5 27 48 23 7 45 1 49 35 28 34 44 11 
student 378: 29 49 20 9 34 17 33 24 13 21 7 18 37 35 32 40 45 25 12 41 27 44 39 42 11 16 15 14 3 36 4 19 5 22 1 48 30 6 31 46 23 8 47 2 50 38 26 28 43 10 
student 379: 29 45 26 11 36 18 31 27 9 16 10 21 32 33 30 39 44 23 12 38 25 46 41 43 6 13 14 20 8 37 4 17 2 19 1 50 34 7 24 49 22 5 48 3 47 42 28 35 40 15 
student 380: 29 47 22 12 34 19 30 25 8 17 6 21 36 38 31 37 40 24 11 43 27 45 39 44 5 14 13 18 9 42 15 20 3 16 1 50 33 2 26 48 23 7 46 4 49 32 28 35 41 10 
student 381: 33 48 21 11 29 18 31 27 7 14 9 20 34 37 32 39 45 25 13 38 26 47 40 43 4 16 15 17 8 42 3 19 2 23 1 50 28 6 30 49 24 10 46 5 41 35 22 36 44 12 
student 382: 26 47 23 15 33 17 29 27 11 12 7 14 36 34 28 38 43 25 10 42 24 41 40 44 9 18 16 19 8 39 5 20 1 22 2 50 31 4 30 48 21 6 46 3 49 35 32 37 45 13 
student 383: 25 46 21 12 34 24 37 28 8 19 9 18 30 35 31 42 48 29 15 40 22 45 39 44 5 14 13 17 11 38 6 20 4 16 2 47 32 7 26 50 23 3 41 1 49 36 27 33 43 10 
student 384: 25 48 22 7 31 21 34 27 10 16 12 20 37 38 30 39 44 24 14 36 29 43 41 46 8 15 13 18 4 40 1 17 2 19 6 49 32 9 26 45 23 5 47 3 50 35 28 33 42 11 
student 385: 29 46 22 11 30 20 33 23 12 15 10 18 36 32 35 38 44 27 13 40 26 45 41 47 7 17 14 16 8 37 5 19 3 21 1 48 34 4 25 50 24 6 43 2 49 39 28 31 42 9 
student 386: 27 47 24 10 33 18 32 22 13 16 9 21 37 34 30 40 45 25 12 41 26 46 39 44 6 15 14 19 8 38 4 17 2 20 3 50 31 7 28 48 23 5 43 1 49 36 29 35 42 11 
student 387: 27 48 22 9 30 16 31 25 10 15 8 19 35 37 28 40 47 24 17 41 34 42 38 44 7 14 12 18 13 36 3 20 4 23 1 49 33 6 26 46 21 5 45 2 50 39 29 32 43 11 
student 388: 35 46 17 7 32 15 31 26 12 19 9 20 33 39 30 38 45 21 16 37 28 43 40 41 3 13 18 14 6 44 4 22 2 23 10 49 29 5 24 50 25 8 47 1 48 34 27 36 42 11 
student 389: 27 47 23 10 33 18 31 21 11 13 8 17 34 36 28 38 44 25 12 41 29 43 46 42 6 20 9 16 14 39 4 19 1 24 3 49 32 7 30 48 22 2 45 5 50 37 26 35 40 15 
student 390: 28 47 21 7 30 20 33 26 6 15 11 18 32 36 29 40 48 24 14 42 25 43 39 41 10 13 16 17 5 38 4 22 2 19 1 49 34 8 31 46 23 9 44 3 50 37 27 35 45 12 
student 391: 32 49 24 10 34 13 29 26 12 18 9 19 37 33 35 38 46 23 11 45 25 41 40 44 7 16 14 15 8 42 3 21 1 20 2 48 30 6 28 47 22 4 43 5 50 36 27 31 39 17 
student 392: 25 45 22 8 31 18 32 28 12 16 6 21 35 37 30 42 47 26 14 43 24 46 38 39 9 13 15 19 7 36 5 17 2 20 3 49 33 4 29 48 23 11 44 1 50 40 27 34 41 10 
student 393: 32 47 26 12 34 18 31 28 13 16 9 24 36 38 30 39 44 22 11 43 25 41 40 45 6 15 17 10 7 37 5 21 2 19 3 46 29 8 27 49 20 4 48 1 50 33 23 35 42 14 
student 394: 29 47 15 11 34 19 33 27 10 16 9 20 35 37 28 40 45 24 13 39 25 42 41 43 3 12 14 17 8 38 5 21 4 22 1 49 30 6 31 48 23 7 46 2 50 36 26 32 44 18 
student 395: 27 48 23 8 34 19 31 26 11 17 9 16 36 33 35 43 45 25 13 39 24 41 38 42 6 14 15 18 4 37 7 20 2 22 1 50 30 5 29 47 21 10 49 3 46 40 28 32 44 12 
student 396: 26 49 24 8 33 23 35 28 9 14 12 19 36 34 30 40 43 21 13 41 25 48 38 42 5 17 15 18 11 39 7 22 6 20 1 50 32 2 29 47 16 4 45 3 46 37 27 31 44 10 
student 397: 29 48 26 10 36 18 40 25 9 12 8 21 37 34 31 43 46 23 15 38 24 45 42 39 11 13 17 16 7 33 6 19 4 20 1 49 30 5 27 47 22 3 41 2 50 35 28 32 44 14 
student 398: 27 49 24 10 32 18 36 23 11 16 9 21 35 33 29 39 45 22 13 40 26 44 41 43 8 17 14 15 7 38 1 19 5 20 2 48 31 3 28 42 25 6 47 4 50 37 30 34 46 12 
student 399: 28 47 23 9 33 18 35 26 8 17 13 21 36 30 32 37 50 22 12 41 25 42 38 40 6 14 15 16 7 44 5 20 11 19 1 49 31 3 29 48 24 4 45 2 46 39 27 34 43 10 
student 400: 28 48 21 11 34 20 33 27 14 12 8 19 36 37 29 31 43 23 15 41 26 47 44 39 13 9 16 17 6 40 4 18 1 22 2 46 30 7 25 50 24 5 45 3 49 38 32 35 42 10 
student 401: 29 45 20 11 30 17 28 27 9 15 8 22 34 36 31 41 49 25 13 39 23 44 38 42 2 19 14 16 7 40 10 18 3 21 4 48 32 6 26 47 24 5 46 1 50 37 33 35 43 12 
student 402: 29 47 24 13 31 20 32 22 7 19 9 17 36 38 30 37 43 28 12 41 25 44 39 45 10 14 15 16 11 34 1 21 4 23 3 49 27 6 26 48 18 5 46 2 50 40 33 35 42 8 
student 403: 31 49 21 11 30 17 32 28 13 16 10 19 34 36 33 41 45 20 12 42 26 43 39 40 9 15 14 18 7 37 1 22 6 23 2 48 29 4 25 47 24 5 46 3 50 38 27 35 44 8 
student 404: 26 50 21 8 30 19 33 28 11 14 10 20 36 37 35 40 43 24 12 39 25 47 41 46 3 15 13 18 7 38 1 16 9 23 6 48 29 2 32 45 22 5 44 4 49 34 27 31 42 17 
student 405: 27 46 22 7 32 19 33 28 12 16 10 13 38 35 34 37 47 23 11 41 25 42 39 44 9 17 14 18 8 36 3 20 1 21 2 48 31 4 26 49 24 6 45 5 50 29 30 40 43 15 
student 406: 30 48 23 10 33 16 34 27 11 15 9 19 35 29 31 39 46 22 14 43 26 41 38 44 6 20 13 17 7 40 8 18 2 21 1 47 32 5 25 50 24 4 42 3 49 37 28 36 45 12 
student 407: 28 41 20 10 34 9 33 24 11 19 8 18 37 30 31 38 48 22 14 39 21 43 40 42 7 16 15 17 12 45 2 27 5 23 3 49 32 4 25 47 29 6 46 1 50 36 26 35 44 13 
student 408: 30 49 22 12 32 17 35 28 13 20 7 16 37 36 31 39 44 24 9 41 25 45 38 42 10 18 14 15 8 34 2 21 3 19 1 50 29 5 23 46 26 6 47 4 48 43 27 33 40 11 
student 409: 30 47 21 13 29 19 33 24 14 15 10 18 32 35 34 39 45 25 9 42 26 44 40 41 7 11 12 17 8 36 5 22 4 23 2 48 31 3 28 50 20 6 46 1 49 38 27 37 43 16 
student 410: 27 44 25 8 31 18 30 23 11 16 9 15 34 36 29 39 46 21 13 37 24 45 42 43 1 17 14 19 10 38 6 26 5 22 2 48 40 4 28 50 20 7 47 3 49 35 32 33 41 12 
student 411: 28 49 22 10 30 20 34 27 11 16 9 18 33 36 29 40 43 32 14 41 23 44 39 42 8 19 15 13 6 37 1 21 4 24 2 46 31 5 25 48 17 7 47 3 50 38 26 35 45 12 
student 412: 28 48 22 11 32 18 33 29 10 17 9 15 35 37 30 38 43 23 13 44 25 45 42 39 7 16 14 20 8 36 5 19 2 21 1 50 31 4 26 46 24 6 47 3 49 40 27 34 41 12 
student 413: 27 48 24 11 32 19 35 26 13 16 10 18 37 33 29 38 44 28 15 41 25 40 42 43 7 8 14 17 9 36 1 22 3 20 2 50 31 6 23 47 21 5 46 4 49 39 30 34 45 12 
student 414: 29 48 22 10 33 19 34 26 11 16 8 18 35 39 30 31 47 27 13 40 24 44 42 43 1 15 12 17 9 36 6 20 4 21 2 50 32 7 25 45 23 5 46 3 49 38 28 37 41 14 
student 415: 31 47 22 9 30 19 32 27 12 15 11 17 38 33 28 37 44 24 10 42 25 45 39 43 7 16 13 18 6 40 8 20 1 21 3 48 36 4 29 50 23 5 46 2 49 34 26 35 41 14 
student 416: 31 50 20 10 30 18 28 25 11 15 7 19 29 35 34 39 43 24 14 42 23 41 38 44 8 16 13 17 9 40 2 32 5 21 1 47 33 4 26 46 22 6 48 3 49 36 27 37 45 12 
student 417: 32 48 24 12 33 19 34 29 10 20 9 21 35 40 30 38 47 26 13 39 23 43 41 42 7 18 14 15 8 37 4 16 3 17 2 49 25 5 27 46 22 6 44 1 50 36 28 31 45 11 
student 418: 26 48 24 6 32 15 35 27 11 21 10 18 37 39 29 38 43 19 8 42 25 44 41 47 12 14 16 17 5 34 3 20 2 22 1 46 31 9 28 50 23 7 45 4 49 36 30 33 40 13 
student 419: 26 48 20 14 39 17 29 24 11 16 9 27 35 36 31 40 46 25 13 41 23 43 38 42 7 12 15 19 8 37 3 18 6 21 2 50 32 4 30 49 22 5 47 1 45 33 28 34 44 10 
student 420: 26 47 21 8 31 14 32 28 11 16 10 19 35 33 30 39 45 27 13 40 25 44 41 42 7 18 12 17 15 38 3 20 5 24 6 48 34 2 29 50 22 4 43 1 49 36 23 37 46 9 
student 421: 29 48 17 13 35 20 33 26 15 16 8 18 32 37 30 36 45 24 12 41 25 44 39 43 9 14 11 21 10 42 3 19 1 22 2 46 31 5 27 50 23 7 49 4 47 38 28 34 40 6 
student 422: 30 42 23 7 31 20 37 24 10 13 14 21 39 35 32 40 47 22 12 45 28 36 44 41 6 16 15 18 9 38 3 19 2 17 1 48 29 5 25 49 26 8 46 4 50 33 27 34 43 11 
student 423: 30 46 23 9 33 21 32 27 12 14 7 18 35 42 29 38 47 26 10 39 25 45 41 43 8 13 16 17 11 36 4 19 2 20 1 49 31 6 28 48 24 5 44 3 50 37 22 34 40 15 
student 424: 28 46 22 10 30 17 33 26 11 18 8 19 40 35 31 42 44 25 16 41 24 45 37 43 6 14 13 15 9 38 4 21 3 20 2 49 36 5 27 48 23 7 47 1 50 32 29 34 39 12 
student 425: 31 46 21 12 27 20 33 28 10 14 9 18 32 37 26 38 45 24 13 43 22 39 40 44 6 19 11 15 8 36 4 29 2 23 3 47 34 5 30 50 25 1 48 7 49 42 17 35 41 16 
student 426: 28 47 22 9 34 18 35 24 11 16 7 20 36 29 30 40 45 25 12 44 27 42 43 41 5 14 17 15 8 38 6 19 4 21 2 50 31 13 26 49 23 3 46 1 48 37 32 33 39 10 
student 427: 29 46 25 14 32 19 34 21 12 13 6 22 37 35 30 38 47 26 11 43 27 41 42 36 5 15 17 16 10 40 8 18 4 20 2 49 31 3 23 48 24 7 50 1 45 39 28 33 44 9 
student 428: 28 47 22 16 31 19 32 25 11 13 10 21 35 36 29 40 49 24 12 38 27 44 41 43 8 14 9 15 6 34 7 17 5 23 1 48 33 3 26 46 20 2 45 4 50 39 30 37 42 18 
student 429: 28 46 22 12 27 17 37 25 9 18 8 21 34 35 31 36 45 24 15 41 26 43 42 44 6 14 11 16 7 39 4 19 13 20 1 50 33 2 30 48 23 5 47 3 49 32 29 38 40 10 
student 430: 28 50 22 11 37 21 34 30 14 16 7 17 35 33 31 36 46 26 12 40 27 44 42 45 6 13 15 19 8 39 4 18 3 20 2 48 29 5 23 49 25 9 43 1 47 38 24 32 41 10 
student 431: 28 45 21 9 32 19 34 29 10 17 11 24 36 37 33 40 43 25 16 41 22 46 38 42 8 14 13 15 5 39 3 18 2 23 1 49 30 4 26 47 20 7 44 6 50 35 27 31 48 12 
student 432: 27 47 23 11 33 13 28 29 14 16 8 20 38 35 31 41 44 24 12 37 26 45 42 43 10 18 15 17 5 36 4 21 2 19 1 50 32 9 25 48 22 6 46 3 49 39 30 34 40 7 
student 433: 30 48 23 11 33 9 32 25 12 18 10 17 35 36 29 37 42 21 14 40 26 46 43 41 5 16 15 19 7 39 6 22 2 20 3 49 31 4 28 47 24 8 45 1 50 38 27 34 44 13 
student 434: 28 47 23 11 35 19 30 27 10 17 3 18 34 37 29 41 48 20 12 42 24 46 40 39 9 14 15 13 8 38 4 21 2 25 1 49 31 6 33 45 26 7 43 5 50 36 22 32 44 16 
student 435: 28 46 22 14 32 21 30 27 6 17 9 13 36 39 29 40 43 23 12 42 25 41 35 37 11 16 18 15 8 44 7 19 2 20 1 47 31 3 33 48 24 5 49 4 50 38 26 34 45 10 
student 436: 29 50 26 11 31 16 32 27 10 14 7 17 34 36 33 39 47 25 13 40 23 44 42 45 8 18 15 21 6 37 5 20 4 22 1 49 30 9 24 48 19 3 43 2 46 38 28 35 41 12 
student 437: 30 48 23 9 34 19 37 25 8 15 11 20 33 38 28 39 46 22 10 40 27 44 42 41 16 14 13 18 6 35 4 17 3 21 1 50 29 5 26 47 24 7 45 2 49 36 31 32 43 12 
student 438: 29 47 21 7 35 14 36 28 13 18 11 19 31 34 24 38 45 27 15 40 26 43 44 41 1 10 16 17 8 39 9 22 4 20 3 48 30 6 23 49 25 5 46 2 50 37 33 32 42 12 
student 439: 26 47 21 10 39 17 28 25 9 14 13 20 34 38 30 40 46 27 11 41 24 42 37 43 7 15 12 16 8 36 2 19 1 22 5 49 31 4 29 48 23 6 45 3 50 35 33 32 44 18 
student 440: 34 45 22 10 30 18 31 24 11 16 7 20 36 37 32 38 46 23 15 41 27 43 39 44 8 13 14 17 9 35 5 19 4 21 2 50 29 3 26 47 25 6 48 1 49 40 28 33 42 12 
student 441: 31 43 22 9 32 17 34 23 11 15 7 18 33 39 29 37 46 25 13 41 26 44 40 42 8 12 16 19 10 35 4 21 2 20 1 45 30 6 27 49 28 5 48 3 50 36 24 38 47 14 
student 442: 28 50 20 11 33 18 31 27 9 16 14 23 35 37 29 39 45 24 13 42 25 44 40 43 6 8 12 17 3 36 4 19 7 22 1 47 32 5 26 49 21 10 46 2 48 38 30 34 41 15 
student 443: 30 49 25 10 32 21 33 26 8 17 6 18 41 37 31 35 42 22 9 43 24 47 39 40 12 16 15 14 11 38 2 23 5 19 1 48 29 4 28 45 20 7 44 3 50 34 27 36 46 13 
student 444: 27 48 26 13 33 16 31 24 12 17 9 20 36 35 30 42 44 22 10 41 23 43 39 40 5 15 14 18 6 38 3 19 7 21 1 47 32 8 29 50 25 4 46 2 49 37 28 34 45 11 
student 445: 29 47 19 9 30 18 32 26 11 13 10 21 33 36 31 39 44 27 12 43 22 41 40 42 5 15 17 16 7 38 3 20 6 24 2 49 34 4 28 48 23 8 46 1 50 37 25 35 45 14 
student 446: 30 48 23 13 35 19 32 26 14 12 6 20 33 37 29 39 46 16 11 40 24 44 41 42 9 17 15 18 4 38 3 21 1 22 2 50 34 7 27 43 25 5 47 8 49 31 28 36 45 10 
student 447: 28 47 19 12 27 18 30 26 11 14 9 20 35 38 32 36 42 23 17 43 24 46 37 45 5 15 13 16 8 41 4 22 3 21 2 44 29 6 31 50 25 7 48 1 49 40 33 34 39 10 
student 448: 28 47 21 11 29 17 33 24 13 18 8 22 35 38 30 37 46 23 14 40 25 45 43 41 6 12 15 16 9 39 2 20 5 19 1 50 32 4 27 48 31 7 44 3 49 36 26 34 42 10 
student 449: 32 43 26 11 34 17 28 29 12 14 10 22 37 39 31 44 45 24 13 42 23 47 36 38 6 16 18 15 9 40 5 19 3 21 2 48 30 7 27 50 20 4 46 1 49 35 25 33 41 8 
student 450: 27 45 17 8 34 19 33 28 10 16 7 22 35 36 29 39 48 26 9 38 20 41 40 42 5 15 14 18 12 44 6 21 3 24 2 49 31 4 25 47 23 11 46 1 50 37 30 32 43 13 
student 451: 29 46 24 10 31 19 32 26 9 14 6 23 34 35 30 37 44 22 18 41 25 40 38 42 7 11 15 16 12 39 3 20 2 17 4 48 43 8 27 49 21 5 47 1 50 36 28 33 45 13 
student 452: 24 48 21 8 30 19 34 32 10 17 9 18 39 40 27 36 43 25 11 41 26 45 37 42 7 16 15 12 13 38 6 20 4 23 1 47 29 5 28 49 22 3 46 2 50 33 31 35 44 14 
student 453: 28 46 26 11 31 18 33 24 13 17 5 16 36 39 32 37 47 27 14 41 22 43 38 42 4 15 12 21 9 40 7 19 6 23 2 48 29 1 30 49 20 8 44 3 50 35 25 34 45 10 
student 454: 29 47 15 11 32 21 33 28 9 16 8 20 35 40 30 42 44 26 13 39 19 43 38 41 6 17 14 18 7 36 10 24 1 22 3 49 31 4 27 48 23 5 46 2 50 37 25 34 45 12 
student 455: 28 47 21 10 29 19 30 24 8 15 7 20 34 37 32 42 45 25 16 40 26 44 39 43 9 14 13 17 6 38 4 23 2 18 1 49 36 5 31 48 22 11 46 3 50 35 27 33 41 12 
student 456: 29 46 18 10 32 21 34 23 11 17 4 19 35 36 30 38 48 25 12 41 26 45 39 43 9 14 13 16 8 40 6 24 3 20 2 47 33 1 27 49 22 7 44 5 50 37 28 31 42 15 
student 457: 30 47 21 8 33 23 34 24 12 17 7 11 37 35 29 39 45 26 14 41 19 43 40 42 4 16 13 18 9 36 2 25 1 20 3 49 31 6 27 48 22 10 44 5 50 38 28 32 46 15 
student 458: 30 46 21 8 33 14 31 26 12 18 5 19 34 36 25 38 43 24 11 42 27 45 41 44 3 16 15 17 10 40 9 20 6 23 1 50 29 4 28 47 22 7 48 2 49 37 32 35 39 13 
student 459: 29 47 20 7 32 18 33 23 11 16 9 19 36 37 31 39 44 25 13 41 24 43 40 42 6 15 14 17 10 38 4 21 2 22 3 48 30 5 27 46 26 8 50 1 49 34 28 35 45 12 
student 460: 28 47 19 11 32 17 34 29 6 16 7 24 33 35 31 39 45 22 12 37 23 41 43 44 9 14 13 15 10 42 5 20 2 25 4 49 30 3 27 48 21 8 46 1 50 36 26 38 40 18 
student 461: 28 47 22 12 31 16 33 26 7 17 9 21 36 37 29 34 46 24 23 42 20 45 40 43 4 11 14 18 8 39 6 15 3 25 1 48 32 5 30 44 19 10 49 2 50 35 27 38 41 13 
student 462: 28 45 22 8 34 16 32 29 12 15 11 14 37 33 31 38 44 24 10 46 25 42 43 41 6 18 13 21 9 35 4 19 7 20 3 50 30 1 26 49 23 5 48 2 47 40 27 36 39 17 
student 463: 29 46 21 7 35 20 39 27 10 14 9 19 31 33 32 38 45 18 16 42 26 44 43 41 8 15 13 17 12 36 3 22 4 23 1 49 30 6 24 47 25 5 48 2 50 37 28 34 40 11 
student 464: 27 47 19 10 31 17 33 25 13 11 7 23 35 39 29 42 45 21 14 36 24 40 44 43 8 18 15 12 9 37 3 20 5 22 2 49 30 4 32 46 26 6 48 1 50 38 28 34 41 16 
student 465: 30 50 22 10 32 17 33 24 11 14 9 21 34 35 29 36 46 23 13 39 28 45 43 41 7 16 15 19 6 40 8 18 4 20 1 49 31 3 26 47 27 5 44 2 48 38 25 37 42 12 
student 466: 27 44 21 11 32 18 33 28 7 17 8 20 34 35 31 41 50 26 13 38 25 45 37 39 5 14 16 19 10 36 1 23 9 15 3 47 29 4 22 48 24 2 46 6 49 42 30 40 43 12 
student 467: 26 49 21 11 30 17 35 28 10 18 8 22 34 38 29 37 47 19 13 42 24 43 41 39 9 14 15 16 7 40 5 23 4 20 2 50 32 3 25 48 27 6 46 1 45 36 31 33 44 12 
student 468: 31 48 22 11 32 23 33 25 14 17 10 18 38 39 27 36 44 24 9 37 21 45 40 42 6 15 16 20 3 41 5 13 4 19 1 50 35 7 28 49 26 8 46 2 47 34 29 30 43 12 
student 469: 27 44 25 14 33 18 31 26 10 13 9 19 39 28 34 37 49 23 16 43 24 46 42 40 7 17 11 15 8 36 5 22 4 20 3 50 32 1 30 48 21 6 45 2 47 35 29 38 41 12 
student 470: 29 50 19 10 30 20 31 27 9 14 8 23 39 35 33 42 44 24 13 41 25 43 38 46 5 16 12 15 11 37 6 18 2 21 1 45 32 7 26 47 22 4 48 3 49 34 28 36 40 17 
student 471: 29 48 20 10 32 19 30 26 12 16 7 18 35 33 31 38 46 25 15 39 22 44 43 42 5 13 14 17 9 40 8 23 3 21 2 47 36 6 28 49 24 4 45 1 50 37 27 34 41 11 
student 472: 32 43 19 14 28 17 33 26 7 13 12 20 37 35 31 44 47 24 8 41 27 40 38 46 9 10 16 18 11 42 3 21 4 23 2 48 29 6 25 45 22 5 49 1 50 36 30 34 39 15 
student 473: 31 48 23 6 30 18 28 27 13 16 10 20 34 37 29 41 45 19 11 40 25 46 39 43 5 12 15 17 8 35 3 24 7 21 1 49 32 4 36 47 22 9 44 2 50 38 26 33 42 14 
student 474: 32 48 21 11 28 18 34 26 8 17 12 23 29 36 33 39 41 25 13 42 24 45 40 43 10 15 16 14 7 38 2 20 5 19 1 47 30 3 27 50 22 4 46 6 49 37 31 35 44 9 
student 475: 29 48 24 13 33 17 34 25 9 19 10 20 36 37 30 39 40 22 14 43 28 46 41 42 8 15 12 16 6 35 4 18 3 23 1 49 32 5 26 45 21 7 47 2 50 38 27 31 44 11 
student 476: 31 46 22 8 30 21 33 24 11 13 10 17 34 35 26 45 41 25 14 40 28 37 39 42 7 15 16 19 9 43 2 20 4 18 1 50 32 6 29 48 23 5 47 3 49 36 27 38 44 12 
student 477: 29 48 22 10 33 15 37 24 16 17 8 19 35 38 30 40 44 28 13 39 23 45 42 43 9 18 12 14 6 36 3 27 4 20 1 46 31 5 25 50 21 7 47 2 49 34 26 32 41 11 
student 478: 28 45 23 9 34 19 36 27 11 17 10 20 37 32 31 39 47 24 12 42 22 44 40 41 6 15 14 16 8 38 5 21 4 18 1 48 29 2 26 49 25 7 46 3 50 35 30 33 43 13 
student 479: 30 45 25 11 35 19 34 23 8 15 10 24 37 33 29 39 44 22 13 41 27 46 43 40 7 17 14 16 6 36 2 20 3 18 1 50 31 5 26 48 21 9 47 4 49 38 28 32 42 12 
student 480: 33 48 24 12 31 20 35 28 8 15 10 19 36 37 30 38 45 25 11 43 26 42 39 44 9 13 14 17 7 41 3 23 4 21 1 50 29 5 27 49 22 6 47 2 46 32 16 34 40 18 
student 481: 29 47 22 11 36 15 32 30 12 18 7 21 34 33 26 39 48 20 13 40 28 44 42 43 3 14 16 19 8 35 1 25 9 17 2 45 31 5 24 49 23 6 46 4 50 38 27 37 41 10 
student 482: 28 44 20 12 32 19 33 27 10 15 5 22 37 39 31 38 46 23 14 36 30 45 40 43 3 16 13 18 9 34 8 17 6 24 2 50 29 4 25 47 21 7 48 1 49 42 26 35 41 11 
student 483: 28 47 23 9 31 14 33 24 11 17 6 18 35 37 30 40 48 26 22 39 27 42 38 44 8 15 12 16 13 34 7 20 3 21 1 49 32 4 25 45 19 2 46 5 50 41 29 36 43 10 
student 484: 30 47 24 14 32 18 33 23 7 15 10 19 35 39 28 40 46 25 13 36 26 45 42 41 6 17 12 21 9 44 4 16 5 20 2 50 31 8 27 48 22 3 43 1 49 37 29 34 38 11 
student 485: 28 48 21 9 29 18 34 26 10 17 8 22 35 38 33 40 45 23 12 36 24 44 39 43 7 15 14 16 6 41 13 19 4 20 1 49 30 5 27 47 25 3 46 2 50 37 32 31 42 11 
student 486: 30 48 27 9 34 17 33 31 13 16 7 21 26 35 32 36 47 20 11 45 29 44 39 40 10 14 15 18 5 38 8 23 3 22 1 49 28 6 24 41 19 4 46 2 50 42 25 37 43 12 
student 487: 31 46 24 11 36 20 32 28 12 16 10 21 30 35 33 37 45 26 14 42 25 47 38 41 6 9 15 18 8 39 4 19 1 17 3 49 27 7 29 50 22 5 43 2 48 34 23 40 44 13 
student 488: 30 44 21 9 33 20 38 29 13 17 12 16 31 36 27 34 48 25 11 39 24 43 42 41 7 15 14 23 6 40 4 26 3 19 1 49 32 8 18 47 22 5 46 2 50 35 28 37 45 10 
student 489: 29 49 19 8 32 18 35 23 10 15 13 27 34 36 30 38 47 26 14 40 24 45 39 42 7 21 11 17 9 37 6 20 2 16 1 46 31 5 28 44 22 4 48 3 50 41 25 33 43 12 
student 490: 27 47 23 9 31 20 30 25 13 17 10 18 35 40 26 37 45 28 12 38 32 39 42 43 8 16 15 14 6 41 5 21 1 19 3 49 33 2 22 50 24 7 46 4 48 36 29 34 44 11 
student 491: 26 46 21 10 34 18 32 31 16 14 8 19 38 36 30 39 44 27 12 42 25 48 40 45 5 15 13 17 9 37 1 22 4 24 2 47 28 6 29 50 23 7 43 3 49 33 20 35 41 11 
student 492: 32 47 24 11 34 18 33 29 9 13 8 19 36 35 27 42 44 21 14 41 25 43 38 40 5 17 15 16 10 39 6 23 1 20 2 49 26 7 28 48 22 4 46 3 50 37 31 30 45 12 
student 493: 31 47 23 10 32 20 30 27 11 18 9 17 38 34 29 39 44 24 16 41 25 40 42 43 8 12 14 15 7 37 1 19 4 21 2 48 35 3 28 49 26 6 45 5 50 36 22 33 46 13 
student 494: 30 48 18 10 31 21 38 29 13 12 7 17 35 33 28 36 43 22 11 42 24 46 40 44 8 14 16 15 9 39 4 19 3 23 1 49 34 6 26 47 25 5 45 2 50 37 27 32 41 20 
student 495: 30 50 20 10 32 14 35 26 15 16 9 19 34 38 31 39 47 25 12 42 24 41 40 45 7 17 13 18 8 37 1 21 6 22 2 49 33 5 27 46 23 3 44 4 48 36 28 29 43 11 
student 496: 33 46 17 10 28 20 34 27 11 16 9 15 32 37 26 40 47 25 14 43 24 44 45 39 4 18 13 19 7 36 6 21 5 23 1 48 31 3 29 50 22 8 42 2 49 38 30 35 41 12 
student 497: 25 41 23 13 29 16 34 27 9 20 6 17 36 35 30 38 43 22 14 42 24 49 39 45 7 15 18 11 10 40 5 21 4 19 2 46 33 3 32 44 26 8 50 1 48 37 28 31 47 12 
student 498: 31 47 28 12 32 19 33 25 11 14 9 22 34 38 30 40 44 21 10 42 23 50 41 43 8 16 15 20 7 37 4 17 1 18 2 49 29 5 26 45 24 6 39 3 46 36 27 35 48 13 
student 499: 36 46 22 9 31 18 30 28 12 15 11 19 34 35 29 40 45 24 13 41 25 43 42 38 6 17 14 16 7 39 3 21 4 20 1 49 33 5 26 48 23 8 47 2 50 32 27 37 44 10 
