student 0: 36 35 43 50 27 28 20 47 48 21 8 41 33 18 44 2 7 23 16 31 22 32 29 3 38 46 42 15 45 5 30 34 4 19 49 12 39 17 26 6 13 37 10 40 14 24 1 9 11 25 
student 1: 35 39 43 48 25 27 16 44 50 22 12 40 36 17 41 1 8 20 15 34 23 32 28 3 38 47 46 18 45 5 31 37 9 21 49 14 29 19 30 2 13 33 4 42 7 24 6 11 10 26 
student 2: 34 41 40 47 26 24 16 49 46 23 12 38 35 17 43 8 5 22 15 30 21 37 25 1 39 44 45 18 42 7 31 33 4 20 50 13 32 19 28 2 14 36 9 48 6 27 3 11 10 29 
student 3: 38 36 46 49 22 29 18 45 47 23 9 43 37 16 41 1 11 21 14 30 25 33 28 10 39 48 42 19 44 3 31 35 4 20 50 13 32 17 27 2 15 34 6 40 7 26 5 12 8 24 
student 4: 33 38 40 49 24 32 15 48 50 19 10 41 36 18 42 2 11 21 14 27 22 34 28 4 39 45 46 20 43 6 30 35 5 23 47 16 31 17 26 3 12 37 7 44 8 25 1 13 9 29 
student 5: 34 35 40 50 23 27 17 45 49 20 13 42 37 19 43 3 7 16 15 29 25 31 32 1 41 46 47 21 44 6 33 30 11 22 48 14 38 18 28 5 12 36 8 39 2 24 4 10 9 26 
student 6: 34 39 48 46 25 33 17 44 50 22 8 41 36 12 40 2 10 24 15 37 21 31 26 6 38 45 49 20 43 3 28 32 5 19 47 14 30 18 27 4 16 35 9 42 1 23 7 11 13 29 
student 7: 38 36 41 47 21 26 18 45 50 23 8 44 33 15 42 1 10 19 13 29 24 34 30 7 39 46 48 16 43 5 31 37 4 22 49 12 32 20 27 2 17 35 11 40 9 25 3 14 6 28 
student 8: 37 39 41 47 27 28 17 48 50 25 8 38 34 15 43 2 10 21 14 29 19 33 30 6 40 45 46 20 44 9 31 36 4 22 49 13 35 18 26 1 16 32 11 42 5 23 7 12 3 24 
student 9: 40 35 41 47 24 28 18 46 50 20 12 38 37 22 45 1 8 19 16 26 23 32 31 4 39 49 48 17 43 7 29 34 6 21 44 14 33 13 30 2 15 36 5 42 9 25 3 11 10 27 
student 10: 33 41 49 46 25 27 16 43 50 21 11 40 34 12 45 1 10 19 17 29 20 35 30 4 39 48 37 18 44 6 32 36 2 22 47 14 38 24 28 3 7 31 13 42 8 26 5 15 9 23 
student 11: 32 37 40 48 22 27 18 45 49 24 10 41 36 14 44 1 7 20 16 33 30 34 29 2 39 46 47 19 43 5 28 35 6 21 50 15 31 17 25 4 13 38 9 42 8 23 3 12 11 26 
student 12: 34 39 40 46 30 27 15 47 50 24 10 43 37 17 41 1 4 23 12 29 21 36 28 5 38 45 48 22 44 7 31 32 6 18 49 16 33 20 26 3 14 35 11 42 8 19 2 13 9 25 
student 13: 36 41 42 49 27 28 16 47 44 24 13 38 37 21 46 1 5 23 6 26 22 31 29 4 40 43 48 18 45 10 33 35 7 19 50 15 32 17 30 2 11 34 9 39 8 20 3 14 12 25 
student 14: 39 37 44 47 22 23 21 43 49 25 11 35 34 15 45 1 9 18 14 30 26 36 29 6 38 42 48 24 46 2 31 41 8 20 50 13 32 16 28 5 17 33 7 40 4 19 3 12 10 27 
student 15: 39 42 36 49 24 34 17 47 50 22 9 35 37 15 43 1 8 21 16 25 23 32 31 2 40 45 46 18 44 10 30 29 7 20 48 19 38 14 28 4 11 33 6 41 3 26 5 13 12 27 
student 16: 39 34 42 50 24 27 16 44 45 21 12 40 38 15 47 1 9 19 18 28 23 33 31 2 41 48 49 20 43 5 32 35 6 22 46 14 30 17 29 3 13 37 8 36 7 26 4 10 11 25 
student 17: 37 39 46 47 26 24 14 48 50 21 11 42 36 16 45 2 8 20 17 29 22 33 27 6 38 41 49 19 43 5 32 35 4 25 44 12 31 18 30 3 15 34 10 40 7 23 1 13 9 28 
student 18: 36 37 43 46 27 26 17 45 49 22 13 38 41 16 42 3 8 21 15 30 25 33 31 1 39 50 47 20 44 5 29 34 7 18 48 12 32 19 28 2 10 35 9 40 6 23 4 14 11 24 
student 19: 35 38 45 50 21 28 19 48 49 23 11 36 33 16 41 1 10 20 15 27 24 34 30 2 40 46 44 22 43 6 39 31 3 17 47 12 32 18 29 4 14 37 13 42 7 25 5 8 9 26 
student 20: 35 36 42 46 23 28 15 45 49 24 11 37 38 16 44 1 8 18 17 29 21 40 27 2 41 48 43 26 47 12 31 30 6 20 50 14 34 19 25 3 10 33 7 39 5 22 4 13 9 32 
student 21: 35 39 42 46 24 26 17 47 50 22 10 40 37 16 45 1 9 19 18 32 23 27 31 2 38 44 49 20 43 6 30 34 7 21 48 15 33 14 28 3 13 36 4 41 8 25 5 12 11 29 
student 22: 39 40 42 46 25 27 16 45 50 23 9 41 33 17 38 2 6 22 14 30 21 31 29 3 37 47 48 18 43 5 32 36 4 20 49 10 34 19 28 1 13 35 12 44 15 24 8 11 7 26 
student 23: 32 37 45 50 23 24 18 44 49 26 21 41 35 15 40 2 9 19 14 33 22 30 29 4 39 47 46 17 42 6 31 34 5 20 48 13 38 16 28 3 12 36 10 43 7 25 1 11 8 27 
student 24: 39 34 43 49 25 29 17 46 50 22 7 40 35 16 45 2 12 18 15 32 23 33 27 5 37 44 48 20 41 1 30 31 8 21 47 13 36 19 24 3 14 38 9 42 10 26 4 11 6 28 
student 25: 40 36 35 44 17 24 19 46 50 23 13 41 39 18 42 3 6 21 15 29 25 37 30 1 33 47 49 22 45 7 31 34 5 20 48 14 32 16 26 2 11 38 8 43 10 28 4 9 12 27 
student 26: 37 36 42 45 24 29 17 47 49 23 13 41 40 12 43 1 6 18 16 30 20 32 33 3 38 44 48 26 39 8 27 34 5 19 50 15 31 21 28 2 14 35 9 46 7 22 4 11 10 25 
student 27: 37 38 40 49 23 27 17 46 48 24 8 43 35 16 45 2 10 20 15 33 19 34 26 3 36 44 47 18 42 4 30 31 6 25 50 12 29 22 41 1 14 32 9 39 7 21 5 13 11 28 
student 28: 38 39 42 49 28 26 16 47 50 24 14 34 37 18 44 1 10 22 12 32 21 33 27 5 41 45 46 17 43 6 31 30 4 20 48 15 35 19 25 2 13 36 9 40 7 29 3 11 8 23 
student 29: 37 34 42 49 23 29 18 44 50 19 8 40 38 15 45 1 9 24 16 33 21 32 31 3 39 43 47 22 46 4 25 30 7 17 48 10 35 20 28 2 12 36 11 41 6 27 5 13 14 26 
student 30: 37 38 43 46 26 27 18 47 50 23 11 39 31 12 42 1 9 15 14 30 19 33 29 2 41 45 49 20 44 6 34 35 5 22 48 13 32 21 28 3 17 36 10 40 8 24 4 16 7 25 
student 31: 34 38 36 46 24 28 15 45 49 20 11 43 40 12 44 2 7 19 17 29 22 33 30 1 39 41 48 21 47 10 31 35 3 23 50 14 32 18 27 4 13 37 9 42 5 26 6 16 8 25 
student 32: 34 39 38 48 22 26 16 43 50 19 14 40 37 17 49 5 7 21 13 29 25 41 31 1 42 47 44 23 45 3 32 33 6 24 46 12 30 18 28 2 15 35 10 36 4 27 8 11 9 20 
student 33: 38 42 41 49 25 26 17 46 50 22 12 40 36 14 45 1 6 21 11 29 23 34 32 3 35 44 47 19 43 5 31 30 8 20 48 18 33 15 27 2 16 37 9 39 7 24 4 13 10 28 
student 34: 39 38 42 49 28 20 19 45 50 25 11 40 36 14 47 1 5 21 17 31 24 33 22 2 37 48 44 16 43 7 30 35 6 23 46 18 32 15 29 4 13 34 9 41 8 26 3 12 10 27 
student 35: 38 37 44 49 32 26 16 40 50 22 11 41 36 17 48 4 9 19 15 28 24 33 34 1 39 45 42 21 47 8 31 30 5 20 46 14 27 18 29 2 12 35 10 43 6 23 3 13 7 25 
student 36: 37 33 45 48 26 29 14 47 50 20 10 41 40 15 42 2 8 16 13 34 25 35 23 4 38 39 46 21 44 7 30 32 6 24 49 18 27 19 31 1 12 36 17 43 5 22 3 11 9 28 
student 37: 36 35 39 49 22 28 18 46 48 23 12 38 41 14 47 1 7 21 13 27 25 34 29 3 40 45 50 17 43 6 31 33 5 20 44 15 32 19 30 2 11 37 9 42 8 24 4 16 10 26 
student 38: 40 33 43 49 25 27 18 38 50 21 10 41 35 17 45 3 9 19 14 30 23 34 29 4 44 42 47 20 46 2 31 32 5 22 48 15 37 16 28 1 12 39 8 36 6 26 7 13 11 24 
student 39: 37 38 42 49 26 28 13 48 50 23 19 40 36 16 46 2 10 21 15 31 22 33 29 4 39 45 44 20 43 6 32 34 8 17 47 11 30 18 25 3 12 35 7 41 5 24 1 14 9 27 
student 40: 37 39 43 45 28 25 20 47 49 23 11 38 35 14 40 1 9 19 17 26 22 34 31 7 44 46 48 18 42 6 32 27 4 21 50 10 36 16 24 3 15 33 5 41 8 30 2 13 12 29 
student 41: 36 38 41 48 23 27 18 46 49 25 10 39 29 16 45 13 7 19 14 30 22 33 31 6 42 44 47 21 43 4 32 34 2 20 50 11 35 17 28 1 12 37 9 40 5 24 3 15 8 26 
student 42: 40 37 44 49 24 26 17 45 48 22 11 39 38 18 43 1 8 20 16 29 25 35 31 2 36 46 47 19 42 6 33 30 5 23 50 13 32 15 28 4 12 34 10 41 7 27 3 14 9 21 
student 43: 34 44 45 48 24 27 16 47 50 15 10 37 35 17 41 3 9 20 14 28 23 31 29 6 42 46 40 18 43 5 36 38 1 22 49 12 32 19 26 2 11 33 13 39 8 25 4 21 7 30 
student 44: 36 39 42 49 21 27 13 46 47 26 10 41 33 18 44 3 9 19 17 32 23 37 28 2 40 43 50 16 45 6 29 35 4 24 48 12 31 20 30 1 15 34 8 38 7 22 5 11 14 25 
student 45: 38 40 44 49 24 27 17 50 46 22 9 41 37 20 45 1 6 16 15 31 23 33 29 3 42 39 47 12 48 7 30 34 4 21 43 13 32 19 28 2 11 35 10 36 8 26 5 18 14 25 
student 46: 39 42 44 46 24 31 15 48 50 17 13 41 34 14 38 1 8 19 16 28 23 30 35 2 40 47 43 22 45 5 32 29 10 20 49 12 33 21 26 4 18 37 9 36 6 25 3 7 11 27 
student 47: 37 39 42 49 26 27 15 46 50 21 13 38 36 11 43 1 6 19 17 30 24 32 29 4 41 45 47 20 44 9 31 33 5 22 48 12 34 18 28 2 14 35 16 40 10 23 3 8 7 25 
student 48: 36 30 40 50 26 25 14 43 49 18 6 42 35 16 46 2 9 22 17 31 23 33 29 3 37 45 47 20 44 5 38 34 8 21 48 13 32 19 28 1 12 41 15 39 10 24 4 7 11 27 
student 49: 36 41 42 46 24 28 13 47 50 30 12 40 35 10 44 4 9 20 15 26 21 34 29 2 38 45 48 19 43 6 32 31 3 22 49 17 33 18 27 1 14 37 8 39 7 23 5 16 11 25 
student 50: 36 39 33 48 26 28 17 46 50 23 16 41 37 15 43 3 5 20 14 30 21 35 29 7 40 45 47 18 44 6 31 32 2 22 49 13 34 19 25 1 11 38 9 42 8 24 4 12 10 27 
student 51: 41 33 39 46 27 29 16 48 50 21 9 43 35 17 44 4 8 20 13 30 23 32 28 1 37 45 47 18 40 6 31 34 3 22 49 15 36 19 26 2 10 38 12 42 7 24 5 14 11 25 
student 52: 36 39 40 48 24 30 16 44 49 23 11 38 37 15 45 2 7 20 19 27 22 31 33 1 42 46 47 18 43 6 29 35 5 21 50 14 32 17 28 4 13 34 8 41 9 25 3 12 10 26 
student 53: 37 39 43 45 26 27 10 44 50 25 13 40 36 17 42 1 8 18 19 35 23 32 29 5 38 49 47 20 46 7 24 34 2 22 48 14 30 11 28 3 15 31 12 41 4 21 6 16 9 33 
student 54: 33 34 47 46 27 21 16 48 50 22 11 44 39 17 42 2 7 20 12 35 28 32 26 8 36 45 40 19 43 6 30 37 5 23 49 15 31 18 29 4 14 41 10 38 3 25 1 13 9 24 
student 55: 39 35 40 50 17 27 19 38 49 21 10 41 37 15 42 3 5 23 16 29 24 31 36 7 46 43 47 20 45 6 32 33 2 25 48 12 28 22 30 1 14 34 8 44 9 26 4 11 13 18 
student 56: 38 39 40 48 24 28 19 47 49 26 16 41 37 14 43 2 9 18 12 32 20 33 29 3 36 45 46 15 42 7 34 31 1 22 50 17 30 21 27 5 11 35 8 44 6 25 4 13 10 23 
student 57: 37 38 41 49 23 29 21 44 50 22 9 40 35 18 43 1 7 19 14 31 25 33 30 4 39 45 47 16 46 5 26 32 6 20 48 15 34 17 28 2 13 36 11 42 8 27 3 10 12 24 
student 58: 37 41 42 47 24 26 18 44 50 22 11 40 36 14 43 1 8 19 20 28 23 31 27 2 39 46 48 17 45 6 32 35 9 21 49 12 33 15 30 3 13 34 4 38 7 29 5 16 10 25 
student 59: 36 41 42 50 21 31 16 45 46 24 11 39 38 14 43 2 4 19 12 27 23 28 35 5 37 49 47 20 44 8 30 34 6 22 48 17 32 18 29 3 7 33 15 40 9 25 1 13 10 26 
student 60: 40 39 41 48 31 29 17 47 49 19 12 43 36 16 44 2 8 23 13 26 28 32 34 4 35 42 46 18 45 7 22 38 5 24 50 21 30 15 27 3 14 33 1 37 9 20 6 10 11 25 
student 61: 38 42 45 49 19 28 18 47 46 22 9 39 35 16 41 1 14 21 13 29 25 32 30 3 34 43 50 20 44 5 37 33 8 24 48 15 31 17 27 2 12 40 4 36 7 26 6 11 10 23 
student 62: 37 44 42 48 23 26 17 47 50 25 9 40 36 15 43 2 11 20 14 33 22 34 29 5 38 39 46 16 45 3 27 31 8 21 49 18 32 19 28 1 7 35 6 41 10 24 4 13 12 30 
student 63: 37 40 45 50 21 28 22 43 49 23 11 42 27 15 41 2 10 18 16 33 24 35 29 1 38 39 48 17 47 5 32 34 3 19 46 12 26 20 31 7 13 36 9 44 6 30 4 14 8 25 
student 64: 33 35 44 47 26 28 16 46 49 23 12 41 39 15 43 1 9 22 10 31 24 34 29 2 40 48 50 18 42 8 27 36 5 19 45 17 32 20 30 4 13 38 14 37 11 25 3 7 6 21 
student 65: 36 38 45 47 25 27 20 44 50 21 12 39 37 19 48 1 9 23 14 30 22 31 28 4 34 42 46 15 43 7 32 35 5 18 49 11 33 17 29 3 16 40 10 41 6 24 2 13 8 26 
student 66: 37 38 41 46 28 24 16 47 49 21 19 40 36 12 44 2 1 20 15 29 26 31 30 3 39 45 48 18 43 6 33 34 5 23 50 14 32 17 27 4 11 35 9 42 8 25 7 13 10 22 
student 67: 35 42 43 45 24 27 18 40 50 22 10 39 38 15 44 1 7 17 13 33 23 34 28 3 41 47 48 20 46 6 30 32 5 21 49 19 29 16 31 4 9 36 8 37 11 25 2 12 14 26 
student 68: 37 39 45 48 19 30 17 44 49 25 10 40 36 15 42 1 9 18 16 32 22 27 29 5 38 47 46 21 41 6 33 34 8 24 50 14 31 20 28 4 13 35 2 43 7 26 3 12 11 23 
student 69: 34 40 41 47 23 28 18 48 49 22 10 39 37 17 44 3 7 21 13 30 26 32 25 4 36 43 46 19 45 2 33 38 6 20 50 14 31 15 29 1 12 35 11 42 8 27 5 16 9 24 
student 70: 37 36 43 49 21 27 17 47 48 28 12 44 33 16 41 2 9 25 15 26 22 34 29 5 39 45 46 19 42 13 31 32 3 20 50 7 30 18 38 4 10 35 11 40 6 23 1 14 8 24 
student 71: 35 36 43 47 27 18 17 46 50 21 11 41 37 16 45 1 3 23 12 30 24 32 29 7 38 42 48 20 44 4 31 34 8 19 49 13 33 14 28 2 15 39 9 40 6 25 5 22 10 26 
student 72: 41 35 38 46 25 27 18 44 50 24 12 42 36 19 47 1 9 22 8 30 23 32 28 5 37 45 48 17 43 7 29 33 3 20 49 13 31 16 21 2 15 39 11 40 6 26 4 14 10 34 
student 73: 39 36 38 46 24 25 17 45 50 22 8 41 37 15 43 5 4 21 14 29 23 34 30 2 40 47 44 18 49 13 31 33 6 19 48 12 32 20 28 1 16 35 9 42 7 26 3 10 11 27 
student 74: 35 37 46 49 24 26 17 44 50 20 10 39 36 14 43 4 11 19 18 28 22 32 31 2 40 47 45 27 41 9 23 33 5 21 48 15 29 16 34 1 13 38 6 42 8 30 3 12 7 25 
student 75: 39 35 40 43 24 30 15 48 50 21 9 42 34 12 44 1 6 20 17 31 23 33 28 5 37 46 49 19 45 10 26 36 4 22 47 16 29 18 32 3 14 41 7 38 8 25 2 11 13 27 
student 76: 38 40 42 48 23 28 15 47 49 22 11 41 34 17 44 2 7 19 12 31 25 33 30 1 39 43 46 21 45 4 29 36 8 20 50 16 32 18 26 5 13 35 9 37 6 27 3 14 10 24 
student 77: 37 42 41 48 27 30 17 45 50 21 12 40 33 16 43 1 9 19 15 25 23 32 29 3 39 44 46 22 47 7 34 35 4 20 49 14 31 18 28 2 13 38 8 36 5 24 6 11 10 26 
student 78: 39 43 46 48 21 33 25 44 42 20 10 41 38 18 32 1 5 23 14 28 22 30 24 3 40 47 49 19 45 11 34 37 9 17 50 12 31 16 29 6 15 35 7 36 4 26 2 8 13 27 
student 79: 39 38 40 47 27 23 17 45 50 25 9 41 36 14 44 1 5 20 16 30 22 33 29 6 37 48 43 18 46 4 32 35 7 21 49 11 31 19 28 2 15 34 8 42 10 24 3 12 13 26 
student 80: 35 36 40 47 24 29 17 50 49 22 12 41 30 16 46 1 4 19 18 32 23 39 26 3 38 44 45 20 42 6 33 34 5 21 48 15 31 13 27 2 14 37 9 43 8 25 7 11 10 28 
student 81: 37 36 44 49 26 31 17 47 50 21 11 40 35 18 43 3 9 20 14 28 24 32 29 2 38 45 46 16 42 6 30 34 4 22 48 15 33 19 25 1 13 39 12 41 7 23 5 8 10 27 
student 82: 37 40 42 47 24 26 16 45 48 21 9 39 34 14 43 4 7 20 17 28 23 32 31 3 41 46 50 18 44 6 30 33 5 22 49 13 35 19 29 1 15 38 10 36 8 25 2 12 11 27 
student 83: 38 43 39 48 24 28 20 47 50 25 14 37 36 15 41 1 9 23 18 30 21 34 27 5 40 46 45 17 44 2 31 33 6 22 49 13 32 16 29 3 11 35 10 42 7 26 4 12 8 19 
student 84: 38 37 41 48 25 24 14 46 50 20 9 39 35 18 44 4 11 21 15 29 23 36 30 1 40 42 43 19 49 7 33 32 2 22 47 12 31 17 26 3 10 34 8 45 5 28 6 13 16 27 
student 85: 40 38 43 48 26 28 18 45 49 23 8 42 35 15 44 1 9 20 14 24 21 34 32 4 39 41 47 19 46 7 29 36 5 22 50 16 30 17 31 2 13 33 10 37 6 25 3 12 11 27 
student 86: 38 37 42 46 16 27 18 48 50 23 12 39 36 15 43 1 9 22 13 29 25 32 31 7 41 45 44 21 47 2 33 35 5 20 49 14 30 19 28 3 6 34 10 40 4 24 8 17 11 26 
student 87: 35 38 45 48 24 28 17 47 50 23 13 40 34 16 41 1 10 20 14 30 21 33 31 2 39 44 46 19 43 7 37 32 3 22 49 15 25 18 29 6 12 36 9 42 8 26 5 4 11 27 
student 88: 36 37 40 48 20 27 17 49 50 23 10 44 38 16 46 1 7 21 11 28 22 32 26 4 39 45 42 19 47 6 31 33 3 24 41 15 34 18 30 2 14 35 9 43 8 29 5 13 12 25 
student 89: 34 39 42 45 27 25 12 49 50 26 11 40 37 19 43 1 5 22 14 32 24 33 30 2 41 46 47 21 44 8 31 35 6 20 48 16 29 18 28 7 13 36 4 38 9 23 3 10 15 17 
student 90: 36 39 41 48 24 27 18 46 50 21 12 42 37 15 40 1 8 23 16 30 20 33 29 3 38 44 47 19 45 7 35 32 5 22 49 11 31 17 28 2 13 34 10 43 6 25 4 14 9 26 
student 91: 39 40 41 48 22 25 16 45 50 21 10 43 38 17 46 5 2 23 12 33 24 35 28 3 42 44 49 19 37 6 30 34 7 20 47 14 29 18 31 1 15 32 8 36 11 26 4 13 9 27 
student 92: 37 41 43 46 26 22 19 45 50 25 11 38 35 16 39 1 8 24 15 29 23 33 28 2 42 48 47 20 44 5 31 34 7 18 49 13 32 17 30 4 14 36 3 40 10 21 6 9 12 27 
student 93: 41 36 40 44 25 23 17 46 50 24 11 39 37 16 43 1 9 19 14 28 22 31 33 3 38 45 47 18 42 6 29 34 5 21 49 12 32 20 30 2 13 35 7 48 8 27 4 15 10 26 
student 94: 38 40 39 47 23 24 17 48 46 22 10 45 37 14 42 2 7 20 15 27 25 35 31 6 32 50 44 18 43 4 33 30 3 19 49 13 34 16 28 1 21 36 9 41 8 26 5 12 11 29 
student 95: 38 36 39 47 24 27 17 45 49 23 15 41 35 16 43 4 2 20 11 31 22 33 28 1 40 46 48 19 44 12 30 34 3 21 50 14 32 18 29 6 8 37 10 42 7 25 5 13 9 26 
student 96: 36 37 41 48 24 26 17 46 50 23 11 39 38 15 45 4 5 21 13 28 19 32 31 3 40 44 42 20 47 8 33 34 6 22 49 18 27 16 29 1 10 35 12 43 7 25 2 14 9 30 
student 97: 38 37 42 48 24 27 19 47 50 20 13 40 34 16 44 2 6 18 15 31 23 36 28 5 39 45 46 22 41 8 29 33 1 21 49 14 32 17 30 4 11 35 12 43 9 25 3 7 10 26 
student 98: 30 37 48 50 23 27 11 44 47 24 8 40 38 19 43 1 9 18 15 32 21 35 33 3 39 42 46 20 45 5 31 36 6 28 49 12 29 16 25 2 14 34 17 41 7 22 4 13 10 26 
student 99: 36 37 41 49 23 31 18 47 50 22 13 39 38 17 42 1 8 19 15 24 25 33 29 4 40 43 45 16 46 7 30 34 5 20 48 10 32 21 28 2 11 35 12 44 6 26 3 14 9 27 
student 100: 40 44 46 50 31 30 23 47 49 20 7 42 36 16 45 2 8 19 13 29 22 33 28 4 37 43 48 15 39 9 26 34 5 21 41 10 32 14 25 1 12 35 11 38 6 24 3 18 17 27 
student 101: 41 37 47 50 21 28 18 43 46 27 11 36 35 16 44 1 8 25 15 33 23 38 24 12 42 45 49 19 40 5 31 30 2 22 48 9 32 14 29 4 13 34 6 39 7 26 3 17 10 20 
student 102: 38 35 46 50 23 30 16 44 48 20 10 41 37 14 42 2 11 17 15 28 25 36 26 3 39 49 45 21 43 4 32 33 6 19 47 9 29 22 31 1 12 34 8 40 7 27 5 18 13 24 
student 103: 36 37 43 47 22 21 16 48 50 24 11 42 38 15 40 1 7 18 14 30 25 31 29 3 39 44 45 23 46 6 35 33 4 19 49 17 32 20 28 2 13 34 8 41 5 26 9 12 10 27 
student 104: 33 37 43 47 25 31 18 45 50 21 14 41 36 15 46 6 3 19 16 28 26 29 30 8 40 42 48 23 39 4 32 35 7 17 49 11 34 20 27 1 13 38 10 44 5 24 2 9 12 22 
student 105: 36 38 43 44 25 24 19 48 50 17 11 40 35 15 45 1 7 23 16 31 21 32 29 2 39 46 47 22 41 8 28 33 4 20 49 14 30 18 37 3 13 34 10 42 9 27 6 12 5 26 
student 106: 36 38 45 47 22 23 15 44 50 19 11 40 37 14 42 4 10 20 18 28 24 32 29 3 39 43 46 21 49 7 33 34 2 25 48 12 31 17 30 1 16 35 13 41 5 27 6 8 9 26 
student 107: 38 36 42 49 24 26 22 46 48 31 11 39 34 13 41 2 10 20 15 27 23 30 33 5 40 45 47 19 44 9 29 35 1 21 50 14 32 16 28 4 17 37 8 43 6 18 3 12 7 25 
student 108: 40 37 43 46 24 23 19 47 49 20 12 39 36 17 44 1 7 18 15 30 25 34 32 3 38 45 48 21 41 5 31 35 4 22 50 14 27 16 29 2 11 33 8 42 9 26 6 13 10 28 
student 109: 37 38 42 47 27 26 17 46 50 22 9 43 36 16 44 3 8 24 15 29 20 34 32 4 39 49 45 19 41 2 31 35 6 18 48 13 33 21 25 1 12 30 11 40 7 28 5 14 10 23 
student 110: 40 38 41 49 24 23 17 46 42 22 11 43 35 16 45 2 8 21 14 28 26 34 25 3 39 44 48 20 47 6 31 36 4 18 50 10 32 19 29 1 15 33 12 37 7 27 5 13 9 30 
student 111: 32 38 42 48 23 26 18 47 49 21 10 39 36 16 41 2 8 19 13 30 27 33 29 3 40 46 45 25 44 6 28 34 4 20 50 15 35 17 31 1 14 37 11 43 7 22 5 12 9 24 
student 112: 38 39 40 48 24 30 15 47 50 18 12 41 37 16 42 2 9 21 11 34 23 26 29 3 33 45 46 20 44 7 35 32 6 22 49 17 31 19 27 1 14 36 10 43 8 25 4 13 5 28 
student 113: 37 40 41 47 22 27 18 46 48 23 11 43 35 16 42 6 10 21 14 28 24 31 29 2 38 44 49 17 45 7 32 36 4 20 50 15 34 19 30 1 13 33 9 39 8 26 3 12 5 25 
student 114: 40 37 42 49 22 25 16 46 50 24 9 35 38 17 43 2 7 21 15 29 23 34 28 1 41 44 47 19 45 5 33 31 8 20 48 14 32 18 27 3 12 36 10 39 6 26 4 13 11 30 
student 115: 36 39 41 50 27 25 14 46 49 20 6 42 38 9 43 3 11 21 16 28 23 34 32 2 37 45 48 19 44 8 33 31 13 22 47 18 30 17 29 1 12 35 7 40 5 24 4 15 10 26 
student 116: 41 37 42 48 25 27 17 45 50 24 10 38 34 16 44 1 7 20 13 30 23 33 22 3 36 46 47 19 43 5 31 29 4 21 49 14 35 18 28 2 15 39 8 40 11 32 6 12 9 26 
student 117: 35 36 42 47 24 29 20 46 50 22 14 40 31 17 41 1 5 18 13 27 23 38 28 2 39 45 48 19 43 8 30 34 6 21 49 12 32 15 33 4 16 37 10 44 7 25 3 11 9 26 
student 118: 35 38 45 48 22 27 17 47 50 20 10 40 37 13 42 3 11 21 15 28 24 33 30 1 39 49 46 19 43 7 26 34 6 23 44 14 32 16 29 5 18 36 8 41 4 31 2 12 9 25 
student 119: 38 39 40 50 17 25 16 47 49 23 12 41 35 15 45 1 5 21 13 29 26 33 31 3 36 46 43 19 44 8 30 34 7 22 48 18 32 20 28 2 11 37 9 42 4 24 6 10 14 27 
student 120: 38 42 41 49 27 28 21 45 46 26 12 39 34 19 43 1 9 16 15 29 24 30 23 4 37 44 47 20 48 7 31 35 5 18 50 14 33 17 32 2 13 36 11 40 6 22 3 8 10 25 
student 121: 37 41 40 50 28 23 22 44 49 26 11 39 35 13 42 1 7 19 18 30 20 34 29 5 38 46 47 17 43 8 33 32 2 24 48 15 31 16 25 3 14 36 10 45 6 21 4 12 9 27 
student 122: 38 39 48 49 27 24 18 46 50 17 12 36 37 15 41 1 5 21 14 30 25 34 31 3 42 44 47 20 43 8 29 33 6 22 45 13 32 19 28 2 11 35 9 40 7 23 4 16 10 26 
student 123: 37 39 40 49 26 27 15 48 50 23 8 38 35 16 44 1 7 18 13 29 22 33 28 4 41 42 43 21 47 10 32 34 5 20 46 17 31 19 30 2 14 36 9 45 6 24 3 12 11 25 
student 124: 37 43 42 46 18 26 15 41 50 25 14 39 35 20 47 1 7 21 13 27 23 33 28 4 38 49 48 19 40 5 34 31 8 22 45 16 32 17 30 3 11 36 12 44 6 24 2 10 9 29 
student 125: 37 39 43 49 23 28 18 46 48 19 11 42 38 16 40 1 10 22 12 30 21 33 29 5 34 45 47 20 44 7 31 36 6 24 50 15 32 17 27 2 14 35 4 41 9 26 3 8 13 25 
student 126: 34 38 45 46 23 27 18 44 50 22 10 40 39 19 41 1 9 12 15 37 25 33 32 3 36 42 48 24 47 5 30 31 4 20 49 16 28 17 29 2 13 35 7 43 6 26 8 14 11 21 
student 127: 37 36 42 45 28 26 19 46 50 25 13 39 40 7 43 1 9 20 16 31 21 33 30 2 38 47 48 17 44 4 29 34 6 22 49 14 32 18 27 3 15 35 10 41 8 24 5 12 11 23 
student 128: 37 41 42 49 24 27 19 45 50 23 10 38 35 13 43 2 8 22 17 28 18 33 29 1 40 46 47 16 44 5 32 36 6 20 48 15 31 21 30 3 14 34 9 39 7 25 4 12 11 26 
student 129: 35 39 42 48 24 30 20 46 50 21 8 43 37 18 41 1 9 17 15 29 22 34 25 2 38 45 49 19 44 4 28 32 5 23 47 12 33 16 31 3 14 36 11 40 7 26 6 10 13 27 
student 130: 39 35 42 48 21 30 16 45 50 19 11 40 38 17 43 2 3 23 18 29 24 36 28 4 37 46 47 22 44 9 31 33 5 20 49 10 32 14 27 1 13 34 6 41 8 26 7 15 12 25 
student 131: 39 38 46 48 23 26 18 45 50 29 16 37 36 15 42 1 9 12 14 25 21 27 31 3 40 43 47 22 44 2 30 35 6 19 49 13 34 20 28 4 17 33 8 41 7 24 5 11 10 32 
student 132: 36 38 41 45 21 31 19 50 49 24 9 40 35 16 44 3 10 20 17 27 23 32 28 1 39 48 46 18 43 2 29 37 6 22 47 13 30 12 33 4 14 34 5 42 8 26 7 15 11 25 
student 133: 35 39 36 42 24 20 19 49 47 23 12 44 38 16 43 1 8 21 7 31 26 33 28 10 40 48 45 18 41 5 30 34 4 22 50 15 32 17 29 3 14 37 9 46 6 27 2 13 11 25 
student 134: 38 37 42 49 20 26 21 47 48 22 12 39 36 17 45 2 9 19 16 31 24 33 29 5 40 46 44 13 43 7 30 34 4 18 50 11 32 23 27 3 14 35 8 41 6 25 1 15 10 28 
student 135: 38 37 49 47 25 27 19 44 50 23 13 39 35 17 42 2 9 20 14 29 22 33 32 7 40 45 46 15 43 6 30 31 4 18 48 12 34 24 28 5 16 36 3 41 8 21 1 10 11 26 
student 136: 41 37 42 50 24 27 21 47 49 22 15 40 36 18 45 1 7 17 14 31 23 30 29 3 38 43 48 19 44 10 32 33 5 20 46 12 34 16 28 2 13 35 9 39 6 26 4 11 8 25 
student 137: 39 37 41 47 24 28 17 45 50 22 11 40 36 16 46 1 8 18 15 31 23 30 35 3 38 44 48 14 43 4 33 34 9 21 49 19 27 20 25 2 12 32 10 42 7 26 5 6 13 29 
student 138: 36 40 41 49 26 28 22 47 50 17 9 38 37 18 43 2 10 23 14 34 19 30 32 7 39 44 48 20 46 5 33 29 4 15 45 16 31 21 25 1 12 35 6 42 8 27 3 13 11 24 
student 139: 38 33 41 48 24 30 17 45 49 19 11 40 36 16 44 4 8 18 13 29 23 31 27 2 39 46 47 21 43 6 32 34 5 22 50 15 37 20 26 1 14 35 9 42 7 25 3 12 10 28 
student 140: 34 40 43 48 23 29 17 46 49 20 10 39 37 19 42 3 12 24 11 31 22 35 28 2 38 44 47 18 45 6 32 30 5 21 50 15 33 16 27 1 14 36 9 41 7 25 4 8 13 26 
student 141: 37 38 44 48 23 28 14 47 49 26 13 41 35 15 42 3 6 22 16 27 19 31 30 4 40 43 45 17 46 10 34 33 5 21 50 18 32 20 29 2 9 36 11 39 7 24 1 12 8 25 
student 142: 36 38 39 50 23 29 13 46 49 20 7 43 37 19 44 2 9 25 16 27 21 32 31 3 41 45 47 17 40 6 33 34 5 22 48 14 30 18 24 1 11 35 10 42 8 26 4 15 12 28 
student 143: 37 38 42 45 20 27 14 48 50 22 10 36 39 16 47 9 12 18 21 29 26 31 33 4 40 44 46 17 43 1 30 32 3 25 49 19 34 15 24 2 13 35 11 41 7 23 5 6 8 28 
student 144: 38 34 42 48 24 27 15 45 50 23 10 35 37 16 44 1 5 19 13 30 22 32 26 2 40 43 47 17 46 6 36 33 7 21 49 12 31 20 28 3 14 39 8 41 9 25 4 18 11 29 
student 145: 36 34 44 46 25 29 18 43 49 22 9 40 39 16 47 1 6 20 14 26 23 32 27 4 38 50 45 19 42 2 33 31 7 21 48 15 37 17 30 3 13 35 10 41 11 24 5 8 12 28 
student 146: 37 38 41 50 22 31 18 47 45 21 9 40 35 16 42 1 7 19 14 30 27 28 29 3 39 46 49 20 44 6 32 33 10 24 48 12 34 17 25 2 11 36 15 43 8 23 4 13 5 26 
student 147: 35 37 41 48 25 28 17 46 49 21 14 40 34 18 43 2 8 20 16 30 22 36 29 3 38 45 47 19 44 9 31 39 6 23 50 15 32 10 27 4 13 33 7 42 5 24 1 12 11 26 
student 148: 35 36 41 48 25 27 14 47 50 21 12 43 33 15 42 2 7 16 13 37 22 31 29 3 38 45 46 20 44 9 40 32 4 23 49 17 30 19 28 1 18 34 10 39 6 24 5 11 8 26 
student 149: 36 38 43 48 25 27 16 47 49 14 12 41 34 19 42 1 7 21 18 29 23 32 28 4 40 44 46 20 39 6 31 35 5 22 50 17 33 15 26 3 13 37 9 45 8 30 2 11 10 24 
student 150: 38 40 43 49 28 26 15 39 50 20 11 41 37 18 44 1 10 24 13 29 21 34 31 4 36 46 48 19 45 6 32 30 5 22 47 12 33 17 27 2 16 35 8 42 7 23 3 14 9 25 
student 151: 38 35 43 49 24 26 18 44 50 23 11 42 36 15 48 2 5 21 19 29 22 33 32 3 40 45 46 13 41 8 30 31 7 17 47 14 34 20 28 6 12 37 9 39 4 25 1 16 10 27 
student 152: 37 42 48 46 24 31 19 47 50 23 13 36 40 18 39 1 7 17 15 29 21 32 28 2 35 45 41 20 44 8 34 33 6 22 49 12 30 16 27 3 10 38 11 43 4 25 5 14 9 26 
student 153: 38 39 41 49 26 23 17 47 46 21 18 37 35 14 42 3 8 19 13 28 24 32 31 4 40 48 45 20 44 6 29 33 5 22 50 12 30 16 25 1 11 34 7 43 9 27 2 15 10 36 
student 154: 37 39 42 45 20 27 17 48 50 19 10 40 36 15 41 8 5 24 16 31 21 33 29 2 38 47 46 22 43 4 30 34 9 28 49 12 32 18 26 1 14 35 6 44 7 23 3 13 11 25 
student 155: 36 39 44 49 24 27 17 48 47 20 9 40 33 16 45 1 7 19 14 29 22 32 30 4 34 43 46 18 42 12 38 35 6 23 50 13 31 11 28 3 21 37 8 41 5 25 2 15 10 26 
student 156: 36 37 43 47 29 27 15 48 49 21 11 39 35 13 42 3 6 20 17 38 25 30 33 1 40 45 46 23 44 7 28 32 5 19 50 16 31 18 26 4 14 34 8 41 9 22 2 12 10 24 
student 157: 38 39 41 49 25 27 15 48 45 23 12 43 36 16 42 1 9 17 10 35 22 32 29 6 37 46 47 19 44 8 30 33 5 24 50 20 31 18 28 2 14 34 11 40 7 26 3 13 4 21 
student 158: 36 39 42 49 26 29 16 47 46 21 10 40 38 17 44 2 9 20 15 31 23 32 28 3 37 45 48 19 43 6 30 35 4 22 50 14 33 18 27 1 13 34 7 41 8 24 5 12 11 25 
student 159: 33 37 42 48 25 27 20 45 50 21 9 41 36 18 40 1 8 19 16 30 22 35 29 3 39 47 46 17 43 10 31 34 4 24 49 15 32 14 28 2 13 38 7 44 6 23 5 11 12 26 
student 160: 33 37 44 47 24 26 12 48 49 23 14 39 35 16 43 4 5 20 21 31 22 34 27 3 40 45 46 19 42 8 30 36 7 18 50 17 32 15 28 2 13 38 9 41 1 25 6 11 10 29 
student 161: 40 35 43 46 26 24 11 49 50 19 10 38 36 16 44 1 7 18 17 33 23 31 29 3 39 45 48 20 41 6 30 37 2 22 47 15 34 25 28 4 14 32 12 42 5 21 8 13 9 27 
student 162: 36 37 44 46 22 27 21 43 50 20 10 38 34 17 41 1 12 19 15 31 26 33 30 3 40 45 48 18 49 6 29 35 5 24 47 13 32 16 28 2 14 39 7 42 8 23 4 9 11 25 
student 163: 36 37 39 46 26 25 16 44 48 22 12 38 40 14 41 7 8 20 15 29 19 33 28 3 43 45 47 17 49 5 32 35 2 21 50 18 31 23 27 1 13 34 11 42 6 30 4 10 9 24 
student 164: 38 49 44 50 29 30 14 46 48 22 11 40 37 15 39 1 7 23 16 28 17 32 25 2 35 41 43 20 45 10 31 34 4 24 47 13 33 19 27 3 6 36 12 42 5 26 8 18 9 21 
student 165: 36 41 42 49 24 32 19 44 46 20 10 40 35 11 45 1 3 25 16 31 23 37 28 4 39 43 48 21 47 8 30 33 5 18 50 14 29 15 27 2 17 34 7 38 12 22 6 9 13 26 
student 166: 38 37 41 48 26 30 16 43 49 20 11 40 36 17 46 1 10 19 15 28 23 32 29 4 39 45 47 22 44 3 31 35 5 24 50 14 33 18 27 2 13 34 7 42 8 21 6 12 9 25 
student 167: 39 36 44 47 25 26 14 46 48 21 16 38 35 17 41 4 9 28 12 30 22 32 31 2 40 42 49 20 45 5 29 34 8 19 50 13 33 18 27 1 15 37 7 43 6 24 3 10 11 23 
student 168: 39 33 45 48 24 27 20 47 50 22 9 40 37 21 43 4 7 19 16 28 23 36 29 1 38 44 46 17 42 12 32 34 2 14 49 18 31 13 30 3 15 35 11 41 8 26 5 10 6 25 
student 169: 36 37 42 48 25 26 21 47 49 24 15 41 35 16 43 1 2 20 14 30 19 32 27 4 40 44 46 17 45 12 33 34 7 22 50 9 28 18 31 5 11 38 3 39 8 23 6 13 10 29 
student 170: 40 42 39 46 23 27 20 47 50 25 9 38 32 16 43 1 11 15 14 30 22 34 29 4 35 45 49 19 44 7 28 33 5 21 48 12 31 18 26 3 17 36 10 41 8 37 2 13 6 24 
student 171: 37 35 38 46 24 29 16 47 50 21 11 39 34 15 41 2 10 20 18 30 25 42 28 3 40 48 45 19 43 7 33 32 6 22 49 14 31 17 27 4 13 36 8 44 1 23 5 12 9 26 
student 172: 36 34 43 49 23 26 13 45 48 22 11 40 39 16 42 1 2 20 14 35 24 29 30 3 38 46 47 19 44 5 32 37 8 21 50 10 31 17 28 4 18 33 9 41 7 25 6 12 15 27 
student 173: 37 38 42 49 23 28 11 44 50 22 6 40 35 21 43 1 8 24 19 30 20 36 29 4 39 46 48 17 45 9 31 33 2 18 47 12 32 16 27 3 14 34 13 41 7 25 5 10 15 26 
student 174: 37 38 43 49 23 27 17 46 47 21 14 39 40 16 41 5 7 20 15 30 25 36 28 2 32 48 45 19 44 6 31 34 4 22 50 12 33 18 29 1 13 35 9 42 8 24 3 10 11 26 
student 175: 36 35 45 43 26 29 19 46 50 16 15 39 38 14 44 1 7 22 13 34 23 32 27 5 42 47 48 20 41 4 28 33 3 21 49 12 31 18 30 17 11 37 8 40 6 24 2 10 9 25 
student 176: 34 40 42 47 18 27 22 50 49 21 8 39 32 17 45 1 7 19 16 35 25 33 29 3 38 46 44 20 43 9 28 37 4 24 48 13 31 14 30 2 12 36 11 41 6 23 5 15 10 26 
student 177: 35 40 42 47 24 30 18 46 50 22 9 45 32 16 43 2 7 20 15 27 21 37 33 3 38 44 48 17 41 5 28 31 6 23 49 13 34 19 26 1 14 36 8 39 10 25 4 12 11 29 
student 178: 39 37 42 47 26 25 17 46 49 24 11 38 35 14 45 1 9 21 15 30 22 33 31 2 40 44 43 20 50 7 29 34 6 18 48 13 36 19 28 3 10 32 5 41 8 23 4 16 12 27 
student 179: 35 37 43 48 22 25 21 46 42 20 13 40 32 12 44 1 10 17 18 28 16 34 29 3 38 50 45 19 49 9 31 36 4 24 47 15 33 23 27 2 14 39 7 41 5 30 6 11 8 26 
student 180: 43 38 46 50 27 29 18 47 48 21 9 42 35 13 41 1 6 22 15 25 23 34 36 2 37 44 45 17 40 5 26 33 3 19 49 16 32 20 31 7 12 30 10 39 8 24 4 14 11 28 
student 181: 41 39 42 48 26 28 16 47 50 23 12 38 35 19 46 4 10 20 17 22 24 33 31 1 36 44 49 18 43 6 30 37 5 21 45 14 32 15 29 2 7 34 11 40 9 25 3 13 8 27 
student 182: 38 36 42 47 24 26 19 44 50 23 9 41 35 18 43 3 10 15 14 30 22 29 31 4 39 49 46 17 45 6 32 37 5 21 48 12 33 20 27 1 16 34 8 40 7 28 2 13 11 25 
student 183: 39 35 40 48 24 26 17 45 49 20 13 41 37 14 43 3 7 18 15 29 22 34 27 2 38 44 46 16 47 6 31 32 4 23 50 19 33 21 28 1 12 36 11 42 8 25 5 10 9 30 
student 184: 36 41 40 49 23 27 16 48 47 15 11 38 39 17 42 1 8 20 14 30 25 31 24 6 37 44 45 21 43 5 33 32 3 22 50 18 34 19 29 2 13 35 9 46 7 28 4 12 10 26 
student 185: 39 37 42 48 23 29 16 44 49 24 13 41 35 20 43 2 6 22 14 27 25 36 30 5 38 47 46 21 45 7 33 32 4 18 50 12 31 17 28 1 15 34 10 40 8 26 3 9 11 19 
student 186: 35 39 42 49 22 30 17 46 50 24 13 41 37 12 40 1 15 19 16 29 23 34 28 2 38 45 47 21 44 4 31 33 6 20 48 11 32 18 26 3 7 36 9 43 8 25 5 14 10 27 
student 187: 35 38 50 47 25 29 15 44 49 19 11 41 34 12 42 1 7 20 14 26 23 37 28 3 39 43 45 18 46 4 31 33 6 21 48 22 32 17 27 8 16 36 10 40 5 24 2 13 9 30 
student 188: 36 40 44 48 27 25 18 45 46 21 11 39 33 17 42 2 4 22 14 29 23 35 31 3 38 43 47 15 50 5 30 32 7 20 49 19 34 16 28 1 10 37 12 41 8 24 6 13 9 26 
student 189: 38 41 39 47 21 25 20 46 48 22 10 40 35 17 44 1 9 19 15 30 27 33 29 4 37 45 49 18 42 5 31 34 7 28 50 13 32 14 26 3 16 36 11 43 6 24 2 12 8 23 
student 190: 38 40 42 48 24 25 16 46 50 23 11 41 36 17 44 1 8 19 14 31 22 35 30 2 34 43 47 18 45 5 32 33 4 21 49 13 28 20 26 3 12 37 9 39 7 29 6 15 10 27 
student 191: 33 38 43 49 24 28 15 45 48 21 8 41 37 19 42 3 6 22 14 26 23 32 34 5 39 44 47 18 46 7 30 35 1 17 50 13 31 20 29 4 16 36 12 40 9 25 2 11 10 27 
student 192: 36 38 45 48 25 28 17 46 50 20 13 41 34 14 43 1 9 22 16 35 24 31 23 4 39 42 47 21 44 7 29 37 5 19 49 12 32 18 30 2 15 33 6 40 8 26 3 11 10 27 
student 193: 37 39 41 49 24 28 16 45 50 22 14 36 38 18 44 1 12 19 17 29 23 32 30 2 40 46 48 13 43 4 31 35 7 21 47 10 33 20 27 3 15 34 11 42 6 25 5 9 8 26 
student 194: 38 36 42 47 24 28 22 50 49 20 10 41 35 15 43 1 12 21 11 25 23 33 30 2 40 45 44 18 46 5 32 37 4 19 48 16 31 17 29 6 13 34 8 39 7 27 3 14 9 26 
student 195: 38 39 42 47 26 28 16 46 48 20 11 35 33 14 44 1 8 19 15 29 23 37 30 7 41 43 50 17 45 4 34 32 5 21 49 22 31 18 24 2 13 36 6 40 10 25 3 9 12 27 
student 196: 40 38 42 44 23 29 18 48 50 21 7 41 37 17 46 1 2 24 15 28 27 33 32 8 39 45 47 19 43 6 30 34 5 20 49 14 31 16 25 3 12 35 9 36 10 26 4 13 11 22 
student 197: 37 40 36 49 26 23 18 45 50 21 11 41 35 16 43 2 9 22 15 33 24 28 30 3 39 46 47 19 42 6 31 38 7 20 48 14 32 17 29 1 12 34 8 44 5 25 4 13 10 27 
student 198: 36 37 47 50 22 24 19 49 48 27 9 40 38 13 42 1 8 23 15 30 21 32 29 2 39 43 44 20 46 10 31 33 6 18 45 16 34 17 28 3 14 35 11 41 4 25 5 12 7 26 
student 199: 40 38 42 48 27 29 17 43 50 23 11 39 36 15 41 2 7 21 14 28 24 32 31 1 37 45 47 20 46 5 30 34 4 18 49 13 33 19 25 3 16 35 9 44 8 22 6 10 12 26 
student 200: 38 40 43 45 16 27 18 41 49 24 14 39 34 17 44 4 8 22 15 32 23 31 29 2 42 47 48 19 46 5 30 35 6 20 50 12 36 21 28 1 13 33 7 37 9 26 3 10 11 25 
student 201: 39 38 41 47 24 23 20 46 48 19 9 42 36 16 44 1 8 22 11 29 27 31 32 3 40 50 43 17 45 6 30 34 4 18 49 15 33 21 28 2 14 37 13 35 7 25 5 10 12 26 
student 202: 40 33 46 48 24 30 18 47 49 19 11 42 37 17 43 1 10 21 16 32 22 35 34 3 39 44 45 20 41 6 27 31 5 23 50 14 29 15 25 2 13 36 9 38 7 28 4 12 8 26 
student 203: 39 37 42 50 24 32 19 46 49 22 11 41 38 16 43 1 8 21 12 28 23 34 30 3 40 45 47 18 44 6 29 33 7 20 48 14 31 15 25 2 10 35 9 36 4 26 5 17 13 27 
student 204: 37 38 41 48 22 25 17 47 49 19 9 46 35 15 43 2 6 24 16 33 27 32 30 5 39 44 42 20 45 1 29 34 8 23 50 14 31 18 28 4 13 36 10 40 3 26 7 12 11 21 
student 205: 35 42 41 45 26 20 18 43 48 21 9 39 34 14 40 1 8 16 17 33 27 30 24 2 38 49 50 23 46 5 31 32 3 22 47 15 37 19 29 6 11 36 13 44 7 25 4 12 10 28 
student 206: 37 35 46 49 23 27 16 44 48 24 11 41 34 18 42 1 8 20 12 28 21 40 30 3 38 43 47 19 45 7 31 36 6 22 50 14 32 15 29 2 13 33 9 39 5 25 4 17 10 26 
student 207: 39 38 46 49 24 28 16 37 50 21 10 41 36 12 43 1 8 17 18 30 22 29 26 6 42 44 48 20 45 3 33 34 2 23 47 15 31 19 32 4 14 35 9 40 7 25 5 13 11 27 
student 208: 40 38 45 48 22 25 16 46 49 23 12 43 36 17 44 3 7 21 14 30 26 33 29 1 37 41 47 18 39 8 28 32 4 19 50 11 35 20 31 6 10 34 5 42 9 24 2 15 13 27 
student 209: 39 36 43 49 25 30 18 48 50 23 11 41 37 19 44 1 9 22 14 31 21 33 29 2 38 45 47 15 40 8 32 34 4 17 46 16 26 20 28 3 13 35 5 42 6 27 7 12 10 24 
student 210: 39 37 44 48 24 27 16 46 50 22 8 40 34 14 41 1 9 19 15 31 23 35 29 5 38 42 47 26 45 2 33 36 6 18 49 12 28 17 32 3 20 30 13 43 7 21 4 10 11 25 
student 211: 37 41 43 46 26 27 22 50 49 23 10 38 39 16 44 1 8 21 15 29 19 33 31 4 35 48 45 17 42 5 32 34 6 20 47 13 30 18 28 2 11 36 9 40 7 24 3 14 12 25 
student 212: 38 39 45 44 24 27 20 46 50 23 9 40 37 15 43 2 10 22 14 31 19 33 30 3 42 47 48 21 41 7 35 32 4 18 49 13 29 16 28 1 17 34 12 36 5 26 6 11 8 25 
student 213: 36 38 42 47 21 26 20 48 50 22 12 37 41 13 45 2 10 23 15 29 17 34 30 1 40 44 43 14 46 9 31 33 3 24 49 16 32 18 27 5 7 35 8 39 6 25 4 19 11 28 
student 214: 36 38 42 45 23 24 18 47 50 20 10 39 35 17 43 3 5 19 14 30 25 33 28 9 41 46 48 21 44 6 31 37 2 22 49 13 29 16 32 1 11 34 12 40 7 26 4 8 15 27 
student 215: 35 44 40 48 24 28 17 45 49 22 12 38 41 19 47 1 7 21 15 32 23 29 30 2 37 43 46 20 42 6 36 33 5 16 50 13 31 18 27 3 14 34 10 39 8 25 4 9 11 26 
student 216: 32 38 42 47 27 26 17 46 48 25 10 39 40 18 43 4 8 16 20 30 22 33 31 2 37 44 45 19 49 6 29 36 5 21 50 15 35 13 28 1 14 34 9 41 7 24 3 12 11 23 
student 217: 34 38 44 49 22 26 17 47 48 23 9 41 33 16 42 5 13 19 15 29 25 35 30 3 39 46 45 21 43 1 31 36 4 20 50 10 32 18 28 2 11 37 6 40 7 24 8 12 14 27 
student 218: 40 36 42 47 23 28 16 45 50 19 14 38 37 15 43 1 11 18 9 26 31 35 29 3 39 46 49 20 44 13 30 33 4 22 48 12 32 17 25 2 21 34 7 41 8 27 6 10 5 24 
student 219: 37 41 45 50 27 25 18 44 48 19 11 43 36 16 42 3 8 23 14 29 22 35 31 7 40 47 46 20 39 5 30 33 6 21 49 12 32 17 28 4 15 34 2 38 10 24 1 9 13 26 
student 220: 40 42 43 47 25 28 18 46 50 21 13 38 34 22 44 4 11 20 17 29 24 33 30 2 36 48 49 16 39 8 31 35 3 19 45 15 32 14 27 5 12 37 10 41 6 23 1 9 7 26 
student 221: 37 31 43 49 25 27 17 47 48 21 12 41 34 15 45 3 9 23 13 32 20 28 29 2 38 42 50 19 44 5 35 36 8 24 46 16 33 18 30 1 14 39 7 40 6 22 4 11 10 26 
student 222: 40 37 41 47 25 27 16 46 49 21 12 39 33 15 43 2 4 20 19 34 23 36 35 3 38 45 48 22 44 11 32 28 6 14 50 17 30 18 29 1 9 31 10 42 7 24 5 13 8 26 
student 223: 38 37 40 45 24 27 12 47 49 19 8 39 35 21 46 2 11 22 14 32 23 34 31 1 42 44 48 20 41 5 30 33 7 15 50 16 28 17 29 3 10 36 13 43 6 26 4 9 18 25 
student 224: 36 38 46 47 20 27 18 49 50 21 14 40 35 16 41 1 6 19 15 30 25 33 29 2 39 43 45 22 42 4 31 34 5 23 48 12 32 17 28 3 11 37 13 44 10 24 7 8 9 26 
student 225: 37 38 42 49 25 30 22 48 50 21 10 41 34 15 44 1 7 18 17 29 23 36 26 2 40 45 47 20 43 8 35 33 5 19 46 16 31 12 28 4 14 32 9 39 6 24 3 13 11 27 
student 226: 39 42 38 48 25 26 19 47 50 22 14 37 35 15 43 2 8 18 16 30 23 33 28 6 40 44 46 20 45 7 31 34 4 21 49 13 32 17 27 3 12 36 9 41 5 24 1 10 11 29 
student 227: 37 38 41 48 23 26 18 46 50 25 14 40 34 12 43 2 9 19 15 28 21 42 29 7 35 45 47 24 44 5 31 32 4 20 49 16 33 17 30 3 13 36 10 39 8 22 1 11 6 27 
student 228: 35 38 43 46 21 34 17 45 50 23 11 39 37 16 40 2 3 20 15 30 26 32 28 5 41 44 48 22 47 9 31 36 4 18 49 14 29 19 25 1 12 33 8 42 7 27 6 13 10 24 
student 229: 34 37 42 50 23 28 15 47 48 19 8 40 36 16 46 2 10 18 17 38 25 33 31 3 39 45 49 20 44 5 26 35 4 22 43 13 32 21 29 1 14 30 9 41 7 27 6 12 11 24 
student 230: 34 40 47 49 25 26 17 44 48 20 7 38 35 18 45 2 10 21 15 30 24 33 29 9 39 41 46 22 43 6 32 36 5 19 50 13 31 16 27 3 12 37 4 42 8 23 1 14 11 28 
student 231: 41 30 44 47 26 24 19 50 46 20 10 35 40 16 39 4 11 25 17 38 22 34 29 2 42 45 49 12 43 1 31 33 7 18 48 14 32 21 28 5 9 36 13 37 8 27 6 15 3 23 
student 232: 36 38 42 49 25 29 15 46 48 23 13 39 37 14 43 1 5 21 20 31 19 32 30 4 41 47 45 18 44 8 27 33 7 22 50 16 35 17 28 2 9 34 6 40 11 26 3 12 10 24 
student 233: 38 39 43 46 25 27 15 45 48 23 12 40 26 14 49 1 9 20 16 33 22 32 31 3 36 44 50 18 42 6 30 35 8 21 47 19 34 17 29 4 13 37 5 41 7 28 2 11 10 24 
student 234: 39 37 38 50 25 24 14 46 48 23 9 43 35 17 45 2 4 19 16 30 21 28 32 1 44 42 49 20 41 10 31 33 3 22 47 13 36 18 29 6 15 34 7 40 12 27 5 11 8 26 
student 235: 36 39 38 48 21 29 16 47 49 20 8 42 35 14 43 1 9 23 13 28 22 34 31 3 37 45 46 15 44 7 32 33 5 25 50 19 30 17 27 2 18 40 10 41 6 24 4 12 11 26 
student 236: 37 41 40 44 27 26 17 46 49 21 8 42 33 16 43 2 9 19 10 31 23 35 29 1 39 48 50 18 45 3 30 36 5 20 47 11 32 22 28 6 15 34 12 38 7 24 4 14 13 25 
student 237: 34 39 41 46 25 28 15 47 50 24 12 40 37 13 43 2 9 17 16 32 21 38 29 3 36 45 49 19 44 6 33 35 5 22 48 14 30 20 27 1 18 31 8 42 7 26 4 10 11 23 
student 238: 35 39 41 49 21 29 14 47 50 20 10 40 38 15 43 1 7 17 13 30 24 32 28 3 36 45 46 19 44 5 31 33 4 23 48 16 34 22 27 2 9 37 8 42 11 25 6 12 18 26 
student 239: 39 38 40 47 23 28 19 49 50 22 11 42 34 15 37 2 7 18 16 30 21 33 27 4 43 44 46 20 45 5 32 29 6 24 48 10 35 17 31 1 13 36 9 41 8 25 3 14 12 26 
student 240: 41 37 42 47 25 26 17 49 46 20 13 38 35 16 44 3 7 19 15 29 24 32 28 1 36 45 43 22 48 5 31 33 2 21 50 12 39 18 30 4 14 34 10 40 6 23 9 8 11 27 
student 241: 40 35 39 47 25 28 19 46 50 21 12 43 32 16 45 2 8 22 15 29 23 33 30 1 41 42 49 20 44 3 31 37 5 18 48 14 38 17 27 6 13 34 7 36 9 24 4 10 11 26 
student 242: 30 38 42 49 19 25 17 46 50 23 9 40 35 15 41 2 1 18 14 29 24 37 33 4 39 44 48 20 43 8 32 27 6 21 47 13 34 22 28 5 16 36 7 45 10 26 3 11 12 31 
student 243: 38 40 43 48 23 24 15 46 49 18 12 42 36 19 39 1 10 17 16 29 21 32 30 2 37 45 47 22 44 7 31 33 5 20 50 13 35 27 26 4 14 34 6 41 9 28 3 11 8 25 
student 244: 37 38 42 45 21 26 17 44 50 25 7 47 35 12 43 2 8 18 13 30 27 36 31 5 39 46 48 19 41 4 29 33 3 23 49 11 34 20 24 1 15 32 10 40 9 22 6 14 16 28 
student 245: 36 40 42 48 28 27 18 46 49 26 9 39 38 16 45 1 10 19 15 29 17 32 30 3 37 43 50 21 47 5 31 34 4 22 44 13 33 20 25 2 14 35 6 41 8 23 7 11 12 24 
student 246: 33 37 44 48 27 29 17 45 49 23 11 43 38 15 47 2 7 19 21 26 22 35 30 4 39 41 46 20 42 5 31 34 1 18 50 12 32 16 25 3 14 36 9 40 6 24 8 10 13 28 
student 247: 37 39 43 48 19 26 13 42 50 27 9 38 36 14 45 1 7 21 18 32 22 31 29 3 40 47 46 23 44 6 30 35 5 20 49 17 33 15 28 2 12 34 16 41 8 25 4 10 11 24 
student 248: 35 38 41 45 26 22 18 47 49 15 9 43 40 8 39 1 10 20 19 30 24 36 29 2 42 46 48 25 37 11 31 33 7 21 50 14 32 17 27 5 13 34 12 44 3 28 4 16 6 23 
student 249: 36 40 44 48 24 26 17 47 50 21 11 34 37 15 42 1 7 22 12 30 23 32 27 4 39 45 46 18 43 2 31 33 5 19 49 16 35 14 28 6 20 38 9 41 3 25 8 10 13 29 
student 250: 36 37 40 50 23 26 11 47 49 21 9 39 41 19 43 1 8 20 12 27 25 33 30 3 38 48 45 18 44 7 32 34 4 22 46 17 31 16 29 2 15 35 10 42 6 24 5 13 14 28 
student 251: 35 37 41 47 23 25 16 46 50 24 12 39 36 17 44 10 7 20 21 29 28 33 30 2 40 45 48 19 42 5 34 38 4 18 49 11 31 15 26 1 14 32 9 43 6 27 3 13 8 22 
student 252: 39 36 38 48 27 28 19 45 49 22 9 41 35 17 42 1 8 21 16 37 23 31 30 5 40 43 50 18 46 6 29 32 2 13 47 15 33 20 25 4 14 34 10 44 7 24 3 12 11 26 
student 253: 34 39 43 47 24 31 18 46 50 23 9 41 35 17 44 1 5 20 14 30 25 32 28 4 38 40 48 19 45 2 33 36 7 22 49 11 29 15 27 3 12 37 16 42 8 21 6 10 13 26 
student 254: 33 37 46 50 23 26 17 44 49 24 13 41 39 14 43 2 8 19 18 29 20 35 28 7 40 42 47 22 45 4 34 32 6 25 48 12 31 16 30 1 15 36 10 38 5 21 3 11 9 27 
student 255: 36 39 40 47 28 24 18 44 50 20 11 45 29 17 43 4 1 21 12 27 23 34 32 2 38 48 46 19 42 9 31 35 6 22 49 14 33 16 26 3 8 37 10 41 5 30 7 13 15 25 
student 256: 36 37 40 50 25 26 18 46 49 21 10 42 39 17 45 1 6 20 13 32 23 34 27 3 38 41 47 22 43 7 29 33 5 16 48 14 31 19 28 2 15 35 8 44 11 30 4 12 9 24 
student 257: 32 41 40 46 21 27 16 47 50 24 13 34 39 14 42 1 7 19 15 33 25 28 29 3 43 49 45 23 44 5 38 35 6 20 48 17 31 18 30 2 11 36 8 37 10 22 4 12 9 26 
student 258: 36 37 44 46 24 27 16 50 48 19 12 40 38 17 43 1 9 23 15 31 20 33 30 3 39 41 47 22 45 8 28 35 5 25 49 13 34 18 29 2 11 32 7 42 6 26 4 14 10 21 
student 259: 36 38 41 50 23 28 19 48 47 24 9 42 37 16 45 1 6 20 17 31 21 33 30 3 39 46 49 22 43 12 34 29 8 14 44 15 32 18 27 2 13 35 5 40 7 25 4 11 10 26 
student 260: 38 35 43 49 27 24 18 48 50 22 9 40 30 15 47 1 10 20 13 25 29 34 36 3 39 44 45 21 42 8 31 37 6 17 46 16 32 19 28 2 14 33 12 41 5 23 4 7 11 26 
student 261: 36 37 41 48 23 27 20 42 50 22 11 39 38 18 43 1 8 17 15 28 21 34 30 3 44 45 49 19 47 7 31 35 5 25 46 14 33 16 29 6 13 32 9 40 4 24 2 12 10 26 
student 262: 37 41 42 49 27 25 16 47 50 20 12 39 36 17 43 1 11 23 15 28 22 33 30 3 38 45 46 18 44 8 31 34 2 24 48 9 35 19 29 4 13 32 10 40 5 21 7 14 6 26 
student 263: 40 37 39 47 24 21 18 48 43 23 10 42 33 16 44 1 11 20 13 29 25 32 34 5 41 49 46 17 45 4 26 35 6 22 50 15 30 19 27 2 12 36 9 38 8 28 3 14 7 31 
student 264: 36 39 40 48 25 27 17 47 50 22 12 41 35 14 43 1 6 23 11 34 21 30 31 5 37 45 46 19 44 2 29 33 9 20 49 15 32 18 28 3 8 38 13 42 10 26 4 7 16 24 
student 265: 38 43 44 42 29 26 20 41 50 22 10 37 35 16 40 2 7 19 13 31 21 34 30 3 46 45 49 18 47 6 27 36 4 23 48 15 33 17 28 1 12 32 8 39 9 24 5 14 11 25 
student 266: 43 39 38 48 21 24 19 46 49 23 13 42 33 17 41 1 6 16 12 29 26 32 28 4 40 44 47 20 45 7 34 35 3 22 50 15 30 18 31 2 14 36 9 37 8 25 5 11 10 27 
student 267: 37 32 42 48 23 27 18 46 50 24 7 39 38 17 43 2 9 15 16 31 22 36 29 1 41 47 45 19 44 6 30 33 3 21 49 14 35 20 28 4 12 34 8 40 13 25 5 11 10 26 
student 268: 37 41 39 49 21 28 19 46 50 23 11 40 35 20 44 1 8 15 16 30 24 34 27 2 38 42 47 18 45 5 33 32 6 22 48 12 29 17 31 3 14 36 10 43 7 25 4 13 9 26 
student 269: 39 37 50 46 23 28 22 49 48 24 8 42 35 10 45 6 11 18 15 29 17 32 27 1 40 43 44 20 41 5 30 34 9 21 47 16 33 19 31 2 13 36 7 38 4 25 3 14 12 26 
student 270: 37 40 44 48 24 30 15 47 50 23 11 41 36 14 45 2 6 18 16 31 22 32 28 3 38 46 42 17 39 7 29 34 5 20 49 19 33 21 26 1 13 35 8 43 9 27 4 10 12 25 
student 271: 38 37 44 48 21 25 17 47 49 23 11 40 36 14 41 6 8 22 16 31 24 35 28 1 39 42 46 19 45 9 32 33 2 20 50 12 29 15 27 3 4 34 10 43 5 30 7 13 18 26 
student 272: 36 37 40 47 22 25 13 45 50 23 11 39 38 16 48 1 10 21 18 29 20 31 26 3 41 44 46 19 43 7 30 32 4 24 49 15 33 17 28 2 14 35 6 42 8 27 5 12 9 34 
student 273: 36 38 40 50 23 28 17 46 49 24 10 42 33 15 41 1 8 22 18 30 21 37 29 3 39 43 45 19 47 6 31 35 5 20 48 14 34 16 27 4 12 32 11 44 7 25 2 13 9 26 
student 274: 33 40 42 48 24 29 20 43 49 23 13 39 36 16 44 1 7 21 15 32 22 37 28 3 38 46 47 17 45 9 31 30 5 18 50 14 35 19 27 2 8 34 11 41 4 25 6 12 10 26 
student 275: 35 40 39 46 29 28 15 45 49 24 11 41 37 17 42 2 12 22 18 31 16 33 26 1 38 43 47 21 48 8 30 34 5 27 50 14 32 20 25 4 13 36 7 44 6 19 3 9 10 23 
student 276: 37 41 43 47 22 31 17 49 50 23 9 38 36 15 40 1 8 20 14 34 24 30 25 3 39 45 46 19 42 5 27 35 10 21 48 16 29 18 26 2 11 33 6 44 7 32 4 13 12 28 
student 277: 37 38 40 45 19 26 20 47 50 23 12 39 36 14 46 2 9 18 17 32 24 35 29 4 42 44 49 22 41 5 30 31 6 21 48 13 34 16 25 1 15 33 10 43 7 27 3 11 8 28 
student 278: 34 39 43 48 21 27 16 44 45 24 8 40 35 17 50 3 10 19 14 31 23 33 28 7 37 42 47 20 46 5 32 38 1 26 49 15 36 18 29 6 13 30 4 41 9 25 2 11 12 22 
student 279: 38 39 42 45 24 29 17 47 46 20 11 40 35 13 43 1 8 21 16 31 22 34 26 3 37 44 48 23 49 4 30 32 7 18 50 14 33 19 28 2 12 36 9 41 6 25 5 15 10 27 
student 280: 34 35 43 47 26 27 15 49 46 22 12 40 38 19 45 1 8 16 17 31 23 37 29 3 39 44 48 21 41 5 30 36 7 18 50 13 32 20 28 2 11 33 10 42 6 24 4 14 9 25 
student 281: 40 37 43 50 25 24 18 41 49 21 12 42 35 16 44 2 9 19 17 29 23 33 32 3 36 48 45 20 47 5 31 39 6 22 46 15 30 11 28 1 14 34 8 38 7 26 4 10 13 27 
student 282: 35 41 42 47 25 28 14 49 50 19 10 38 37 18 43 3 7 20 12 31 23 32 29 1 40 44 46 21 45 5 33 34 6 22 48 17 27 15 30 4 16 36 9 39 8 26 2 11 13 24 
student 283: 39 41 43 47 23 27 16 48 50 21 11 35 36 19 42 1 7 20 14 31 22 34 33 4 38 44 46 18 45 8 37 30 6 24 49 17 29 15 28 3 13 32 9 40 10 25 2 12 5 26 
student 284: 39 40 42 46 19 27 15 43 50 24 10 38 36 20 44 1 17 21 12 30 23 32 29 2 37 49 47 18 45 3 31 34 9 22 48 13 33 16 28 6 14 35 7 41 4 25 5 11 8 26 
student 285: 36 39 40 48 19 29 16 44 50 22 13 45 37 15 43 1 9 21 14 28 26 34 31 2 38 46 49 20 41 6 33 35 5 23 42 17 32 18 25 3 12 30 7 47 8 24 4 11 10 27 
student 286: 37 40 42 44 26 24 18 46 47 23 11 39 33 17 45 1 8 19 14 29 21 35 30 4 38 49 48 16 43 6 31 36 3 20 50 15 32 22 27 2 13 34 5 41 9 25 7 12 10 28 
student 287: 37 35 40 49 22 29 19 44 50 18 8 41 39 15 42 1 7 26 16 23 17 33 30 2 38 48 46 24 45 3 31 34 6 28 47 13 32 21 27 5 10 36 11 43 12 25 4 9 14 20 
student 288: 36 39 40 46 24 28 16 47 50 21 9 43 32 15 42 1 10 20 18 34 22 33 27 3 38 45 49 23 41 5 29 37 6 17 48 14 31 19 30 2 11 35 7 44 4 26 8 13 12 25 
student 289: 43 38 40 46 22 34 18 47 50 25 13 39 37 14 42 1 7 27 17 24 23 29 31 2 41 45 49 15 44 4 28 33 5 20 48 16 32 19 30 3 10 36 6 35 9 21 8 11 12 26 
student 290: 37 38 44 50 17 27 20 48 49 23 18 41 34 16 43 1 9 22 13 28 25 36 30 8 40 45 47 21 42 6 31 32 3 14 46 7 33 19 29 2 15 35 10 39 5 24 4 11 12 26 
student 291: 34 37 41 45 23 30 19 46 50 21 10 40 38 15 49 1 7 18 16 29 22 32 28 4 39 44 47 17 43 8 31 35 3 20 48 14 33 26 27 2 13 36 9 42 6 24 5 12 11 25 
student 292: 38 37 42 48 24 26 19 46 50 21 11 41 36 18 44 1 7 16 13 33 23 32 31 3 39 43 47 17 45 6 28 34 5 22 49 14 30 20 27 2 12 35 8 40 9 29 4 15 10 25 
student 293: 43 37 41 47 25 33 22 45 50 20 11 40 39 17 46 1 8 16 12 30 23 36 28 3 38 44 48 19 42 7 31 34 5 21 49 15 32 18 27 2 14 26 10 35 6 29 4 13 9 24 
student 294: 35 42 41 50 24 27 19 48 49 22 8 40 39 17 43 2 10 20 13 30 23 36 31 6 38 45 46 14 44 9 33 28 3 21 47 15 37 18 29 1 16 32 11 34 4 25 5 12 7 26 
student 295: 40 38 41 48 23 29 16 42 50 22 11 46 36 12 44 1 7 24 15 32 19 31 30 3 39 45 47 20 43 5 28 33 9 21 49 14 35 18 27 2 17 34 10 37 6 25 4 13 8 26 
student 296: 36 40 43 47 23 25 17 42 48 20 13 37 35 16 44 2 9 19 12 31 24 33 29 1 39 46 49 22 45 8 32 38 5 21 50 14 27 18 28 4 15 34 7 41 6 26 3 11 10 30 
student 297: 40 37 43 45 25 27 17 47 48 23 15 34 38 16 44 3 7 19 14 32 21 35 31 1 39 42 50 20 46 6 29 30 2 22 49 13 33 18 28 5 10 36 11 41 8 26 4 9 12 24 
student 298: 46 36 43 47 26 27 17 45 48 23 14 41 38 16 40 1 9 21 11 31 22 32 29 4 44 42 49 19 39 6 30 33 2 20 50 13 35 18 25 3 8 34 12 37 7 24 5 10 15 28 
student 299: 39 40 41 48 24 28 18 46 50 19 10 34 37 14 43 1 8 23 16 30 20 31 27 2 38 45 47 21 44 7 33 36 6 22 49 13 35 15 29 3 17 32 9 42 5 26 4 12 11 25 
student 300: 39 35 42 49 22 28 17 45 50 20 10 40 36 14 44 1 6 21 16 31 24 33 29 2 37 41 48 23 47 5 30 38 8 19 46 15 32 18 27 4 12 34 13 43 7 25 3 11 9 26 
student 301: 35 37 42 49 23 27 14 46 48 20 11 41 33 18 44 4 10 19 13 32 21 34 29 3 40 45 47 17 43 5 30 36 6 25 50 16 31 22 28 1 15 38 12 39 7 24 2 8 9 26 
student 302: 38 39 42 46 23 27 16 48 50 24 11 40 35 12 43 1 6 22 20 28 25 34 30 2 36 47 45 17 44 7 33 37 13 21 49 14 31 18 26 4 15 32 9 41 3 29 5 8 10 19 
student 303: 37 38 41 46 25 28 16 47 48 23 13 39 35 14 45 1 11 22 12 30 19 34 29 4 42 44 50 17 43 8 31 36 2 20 49 18 32 21 27 3 15 33 6 40 10 24 7 5 9 26 
student 304: 31 39 47 50 25 26 20 45 49 19 9 34 38 14 43 1 8 23 13 33 22 36 29 4 41 44 48 18 42 7 32 30 6 21 46 17 35 16 28 2 12 37 10 40 3 24 5 15 11 27 
student 305: 37 40 42 50 28 25 17 44 49 21 12 39 34 16 47 4 10 20 15 31 23 33 29 3 38 45 46 19 43 7 35 30 5 22 48 13 32 18 26 2 14 36 6 41 8 24 1 11 9 27 
student 306: 37 34 44 49 25 27 18 41 50 22 11 43 35 15 40 1 8 23 16 31 21 30 29 4 39 48 47 17 46 7 32 36 3 20 45 14 33 19 28 2 13 38 9 42 6 26 5 12 10 24 
student 307: 36 34 42 48 25 32 13 45 49 21 10 39 38 18 41 4 5 20 16 30 23 35 28 1 40 46 50 17 44 12 33 37 6 22 47 14 29 19 26 2 9 31 8 43 7 27 3 11 15 24 
student 308: 39 41 42 50 25 30 18 47 49 22 8 38 37 16 43 1 9 23 17 31 21 32 29 4 35 45 46 19 44 3 28 34 7 14 48 15 33 20 27 2 12 36 13 40 6 24 5 11 10 26 
student 309: 38 36 43 48 21 30 19 46 50 22 11 39 37 17 45 1 7 20 15 28 25 35 29 2 42 41 47 14 44 9 32 34 5 24 49 16 33 18 27 3 13 31 8 40 4 23 6 12 10 26 
student 310: 38 37 40 49 24 30 19 44 48 21 12 46 32 17 42 1 4 20 16 27 23 31 28 5 39 43 47 15 45 8 35 33 3 22 50 14 34 18 29 2 13 36 9 41 7 26 6 11 10 25 
student 311: 37 38 44 47 24 29 17 45 48 21 9 39 36 13 49 4 6 20 16 32 22 31 30 2 40 41 46 18 42 8 33 34 3 23 50 15 28 19 26 1 14 35 7 43 10 25 5 12 11 27 
student 312: 39 36 38 49 29 28 14 46 48 26 10 40 37 18 42 1 8 19 13 27 25 33 31 4 41 45 47 22 44 6 30 35 5 20 50 16 32 17 24 3 15 34 11 43 9 21 2 12 7 23 
student 313: 36 37 41 50 23 24 16 43 48 22 7 39 35 17 44 3 13 19 10 30 26 34 29 5 40 46 47 20 45 6 31 38 1 21 49 14 32 18 27 2 11 33 9 42 12 25 4 8 15 28 
student 314: 38 36 42 47 25 27 16 45 49 20 15 40 35 14 46 2 9 21 13 31 24 33 29 3 39 44 48 19 43 6 34 32 5 23 50 17 28 18 30 1 10 37 12 41 7 26 4 11 8 22 
student 315: 37 33 42 48 25 23 17 47 49 21 7 39 38 16 41 2 8 19 14 27 22 34 31 4 40 46 44 20 45 5 30 36 1 24 50 15 32 18 29 3 12 35 9 43 6 26 13 10 11 28 
student 316: 37 35 40 48 27 29 17 45 50 24 6 41 39 13 43 1 7 21 16 31 22 34 30 5 38 47 49 18 44 2 28 33 10 20 46 15 32 19 25 3 14 36 12 42 4 23 9 11 8 26 
student 317: 40 36 43 48 21 29 24 44 50 22 12 39 37 14 42 1 10 23 17 26 18 32 30 3 38 47 46 16 45 6 31 34 5 20 49 15 33 19 28 2 11 35 9 41 7 25 4 13 8 27 
student 318: 36 38 39 48 24 27 18 44 50 14 15 41 37 17 46 2 12 20 8 28 23 34 25 1 40 45 47 19 42 4 33 31 6 22 49 13 30 21 32 7 16 35 9 43 5 26 3 10 11 29 
student 319: 36 39 40 50 24 26 14 46 48 25 9 41 34 17 43 1 6 19 16 30 22 33 29 7 37 44 49 20 45 10 32 35 4 21 47 12 31 18 28 3 13 38 11 42 2 27 5 15 8 23 
student 320: 40 36 41 49 23 27 19 46 50 21 11 38 32 15 45 2 5 13 18 29 22 35 31 6 39 44 47 17 43 1 30 33 3 20 48 16 37 24 28 4 14 34 9 42 7 25 8 12 10 26 
student 321: 38 40 41 50 21 27 18 48 49 24 12 42 37 9 44 3 11 17 16 30 20 33 29 4 39 45 47 19 43 6 32 31 5 25 46 15 34 22 28 1 14 36 7 35 8 23 2 13 10 26 
student 322: 36 40 42 45 25 24 15 50 49 23 13 41 37 17 46 4 9 18 16 32 27 31 29 3 39 43 44 19 47 2 30 34 5 20 48 14 33 21 28 6 11 35 8 38 7 22 1 12 10 26 
student 323: 38 37 42 47 24 28 13 46 49 21 12 40 30 18 43 1 3 19 16 27 23 34 31 4 39 44 48 20 45 5 29 35 6 22 50 9 32 17 33 2 15 36 10 41 8 25 7 14 11 26 
student 324: 38 34 41 48 24 27 17 45 50 21 11 40 36 14 42 1 9 18 15 32 23 31 29 3 37 46 47 20 44 8 30 39 5 22 49 16 35 19 28 4 13 33 7 43 2 25 6 12 10 26 
student 325: 36 37 41 50 21 29 17 48 46 26 10 40 38 16 44 1 7 20 23 28 19 32 30 6 39 45 47 18 43 3 31 35 2 22 49 13 33 14 27 4 15 34 8 42 9 24 5 12 11 25 
student 326: 36 41 43 49 25 28 17 46 47 21 13 40 38 11 42 2 10 22 15 29 23 32 30 1 39 50 48 20 44 6 31 34 4 18 45 16 33 19 26 3 12 35 14 37 7 27 5 9 8 24 
student 327: 38 37 42 48 25 26 16 46 50 24 8 40 34 17 45 3 9 19 10 30 23 32 28 1 39 44 47 20 43 6 31 35 5 22 49 15 33 18 29 4 14 36 11 41 12 21 2 13 7 27 
student 328: 37 38 42 44 23 29 15 46 49 22 11 40 35 14 43 3 8 25 16 30 19 32 26 4 41 48 47 18 45 6 31 33 1 20 50 21 34 17 27 2 12 36 9 39 7 24 5 10 13 28 
student 329: 37 39 45 49 21 26 22 41 50 20 13 38 36 11 44 1 10 18 15 32 23 34 29 5 40 42 48 19 46 6 31 33 4 24 47 14 30 17 27 2 16 35 8 43 7 25 3 9 12 28 
student 330: 35 37 39 46 25 28 21 47 50 19 11 41 40 12 45 1 4 23 16 30 22 36 29 3 38 44 48 20 43 7 31 33 6 18 49 15 34 17 27 2 10 32 9 42 8 24 5 14 13 26 
student 331: 35 39 34 50 22 26 15 44 48 23 12 40 38 14 42 2 7 19 18 30 24 37 28 1 49 45 46 21 43 4 31 33 6 20 47 17 32 16 29 5 10 36 9 41 8 25 3 13 11 27 
student 332: 38 39 43 47 21 27 14 45 50 23 11 37 36 15 44 1 5 19 22 28 24 34 30 6 40 48 46 18 42 7 31 33 3 20 49 16 29 17 32 2 13 35 10 41 8 25 4 9 12 26 
student 333: 37 38 43 47 26 28 18 44 50 21 13 40 35 17 46 1 9 22 14 29 24 31 30 3 39 45 48 20 42 8 36 33 5 19 49 16 32 11 27 2 15 34 7 41 6 23 4 12 10 25 
student 334: 38 37 42 48 24 27 15 47 50 21 4 41 36 20 44 1 8 18 16 30 23 35 29 3 39 46 45 19 40 11 32 31 5 22 49 14 33 17 28 2 13 34 9 43 7 25 6 10 12 26 
student 335: 38 39 41 49 29 28 16 47 50 25 9 37 44 20 42 2 8 19 17 30 21 31 32 1 35 45 46 14 43 7 33 34 3 22 48 15 27 18 24 4 13 36 11 40 6 26 5 12 10 23 
student 336: 37 36 43 48 22 26 14 45 46 21 13 39 33 18 42 1 11 24 16 30 20 34 29 4 40 47 49 17 44 9 32 38 3 23 50 15 31 19 28 2 12 35 6 41 8 25 7 10 5 27 
student 337: 38 35 41 48 22 27 13 46 45 21 8 39 37 14 42 1 7 19 17 31 25 32 29 2 43 44 47 23 49 6 30 33 4 20 50 15 34 16 28 5 12 36 9 40 10 24 3 18 11 26 
student 338: 38 36 42 47 28 31 19 43 50 25 7 44 34 9 37 1 8 20 17 27 23 29 26 5 40 46 48 16 45 4 35 32 2 21 49 14 30 18 41 6 15 33 10 39 11 22 3 13 12 24 
student 339: 36 35 42 49 27 29 15 44 50 18 13 39 41 17 43 3 6 24 14 32 23 33 26 1 38 48 47 21 46 7 22 34 4 19 45 12 30 20 31 9 11 37 8 40 10 25 5 16 2 28 
student 340: 36 37 42 48 25 28 20 46 50 24 9 39 41 16 43 1 11 18 15 31 22 32 29 3 38 45 47 21 44 6 30 34 4 19 49 10 35 17 27 2 14 33 13 40 7 26 5 12 8 23 
student 341: 37 39 45 48 23 27 16 47 50 21 11 44 33 13 42 1 8 22 15 28 24 34 31 2 41 46 43 18 40 5 32 35 4 19 49 14 29 20 30 3 17 36 9 38 6 26 7 12 10 25 
student 342: 38 34 42 49 22 28 8 48 50 21 11 37 36 15 43 3 2 19 16 32 25 35 27 5 40 44 46 20 45 6 31 33 7 23 47 14 30 17 29 1 18 39 10 41 12 24 4 13 9 26 
student 343: 37 36 43 49 25 28 17 45 46 23 7 39 35 14 48 2 9 20 16 32 22 30 24 6 38 44 47 18 41 11 31 34 3 19 50 15 33 21 29 1 12 42 4 40 8 26 5 13 10 27 
student 344: 38 37 46 50 23 28 18 44 49 24 11 40 36 17 42 1 8 21 15 30 19 32 33 5 39 43 48 20 47 6 31 34 4 22 45 12 35 16 27 2 13 29 10 41 7 25 3 14 9 26 
student 345: 42 38 41 47 24 28 17 49 50 20 12 39 35 16 44 2 13 21 15 30 22 33 31 5 37 45 46 19 43 7 27 36 10 23 48 14 32 18 29 1 11 34 9 40 6 25 3 4 8 26 
student 346: 34 37 39 49 24 21 22 42 46 23 11 41 38 17 40 2 9 20 14 32 25 33 27 5 43 45 48 18 47 6 29 35 4 19 50 13 31 16 30 3 15 36 8 44 7 26 1 12 10 28 
student 347: 39 38 43 47 25 26 15 46 50 22 11 40 34 17 45 2 9 21 16 29 23 37 31 1 36 44 48 18 41 7 28 33 4 20 49 13 32 19 30 3 12 35 5 42 8 24 6 14 10 27 
student 348: 39 37 44 50 25 23 15 48 47 27 14 38 33 13 45 1 6 22 18 30 24 32 26 2 42 40 46 21 43 7 31 36 5 20 49 17 35 16 28 4 12 34 10 41 8 19 3 11 9 29 
student 349: 36 39 38 47 26 25 18 45 49 21 11 44 37 16 40 1 9 20 13 28 24 34 27 3 41 46 48 15 43 6 32 29 7 19 50 14 33 23 30 2 12 35 10 42 8 22 4 17 5 31 
student 350: 37 39 38 49 24 29 17 48 44 23 16 41 35 14 40 1 8 20 15 26 22 31 27 6 36 45 50 19 46 4 34 33 7 18 47 10 30 21 32 2 13 42 9 43 5 28 3 12 11 25 
student 351: 34 38 43 48 26 27 20 46 50 21 11 39 32 15 40 1 7 17 16 30 23 35 29 2 37 45 47 22 44 6 31 42 5 19 49 14 33 18 28 3 10 36 4 41 9 24 8 12 13 25 
student 352: 37 36 41 44 26 30 15 50 49 19 11 39 38 14 43 1 8 22 21 33 25 32 29 4 45 42 47 18 46 3 31 27 2 23 48 10 34 20 28 5 16 35 9 40 7 17 6 13 12 24 
student 353: 36 41 43 49 24 28 13 42 50 21 10 45 39 18 33 1 7 19 20 31 23 32 29 2 38 46 44 17 47 9 30 37 5 22 48 14 34 16 27 4 15 35 8 40 6 25 3 12 11 26 
student 354: 36 37 41 50 31 23 16 49 48 17 10 39 28 15 44 3 4 22 13 30 24 29 26 2 40 43 46 20 45 7 32 35 8 21 47 19 38 18 27 1 14 34 6 42 11 25 5 12 9 33 
student 355: 33 36 44 48 20 26 18 42 49 23 9 41 34 16 45 2 10 21 13 32 27 37 31 1 38 43 46 19 47 8 35 39 5 24 50 12 30 14 25 3 17 29 15 40 4 28 7 11 6 22 
student 356: 40 39 38 48 28 25 16 47 50 17 13 37 36 14 41 2 5 27 21 30 18 32 26 8 42 46 49 20 43 10 31 33 4 24 45 12 34 19 29 1 15 35 11 44 6 22 3 7 9 23 
student 357: 34 39 44 50 20 25 18 47 48 22 11 41 38 17 45 1 7 24 14 29 26 35 31 3 37 46 43 19 42 5 28 33 6 21 49 16 32 15 30 4 12 36 8 40 10 23 2 13 9 27 
student 358: 37 38 42 48 24 27 15 47 50 21 11 43 36 20 41 3 7 19 14 28 23 35 30 2 39 44 46 17 45 4 33 32 6 25 49 18 31 16 26 1 13 34 10 40 9 22 5 12 8 29 
student 359: 38 40 43 46 21 26 20 48 42 19 10 39 37 15 41 4 8 27 17 28 23 36 31 1 34 49 50 16 47 3 33 35 2 22 45 14 30 18 29 5 13 32 9 44 6 24 7 11 12 25 
student 360: 40 33 42 46 28 23 17 45 50 24 9 39 37 16 43 1 8 19 15 31 21 27 34 3 38 47 49 22 44 5 30 36 6 20 48 14 32 18 26 2 13 35 10 41 7 25 4 11 12 29 
student 361: 36 39 43 48 25 28 15 47 49 22 9 40 37 14 45 2 6 21 12 31 24 34 27 5 38 44 50 20 42 8 33 35 4 19 46 18 30 17 29 1 10 32 7 41 11 26 3 13 16 23 
student 362: 34 31 41 48 22 29 10 45 49 23 12 36 40 17 42 2 1 20 19 24 27 37 26 4 38 47 46 18 44 6 33 35 7 25 50 15 30 16 32 3 13 39 9 43 8 28 5 14 11 21 
student 363: 36 42 41 48 26 25 15 47 49 23 7 38 39 18 43 1 6 19 13 28 24 32 31 2 40 44 45 20 46 9 33 35 5 21 50 14 30 17 29 4 11 34 8 37 10 22 3 16 12 27 
student 364: 36 35 43 47 24 31 19 48 50 23 11 41 39 17 42 1 2 20 16 29 22 32 27 4 37 49 44 15 46 9 30 33 6 21 45 13 34 18 28 3 14 38 8 40 10 25 5 12 7 26 
student 365: 35 34 39 47 25 28 18 45 50 26 14 42 38 12 43 1 9 22 17 33 23 36 31 5 41 49 46 15 44 7 29 30 6 21 48 16 27 19 32 2 13 37 11 40 8 20 4 10 3 24 
student 366: 37 39 42 48 27 28 17 41 50 22 11 40 35 13 47 1 7 20 15 29 23 34 30 2 38 43 49 19 45 4 33 32 9 16 46 14 31 24 21 3 10 36 12 44 6 26 5 18 8 25 
student 367: 38 36 42 48 25 29 19 46 50 15 9 40 35 17 43 3 10 22 14 27 24 34 30 6 39 47 45 20 44 2 33 32 8 23 49 18 31 16 28 4 13 37 11 41 7 26 1 12 5 21 
student 368: 40 37 42 46 25 28 16 47 50 21 15 39 34 14 43 1 6 18 13 29 19 32 30 2 38 45 48 20 44 4 31 35 7 22 49 10 33 23 27 5 17 36 8 41 11 24 3 12 9 26 
student 369: 38 39 43 47 14 27 20 49 48 21 11 42 35 19 40 1 5 25 16 36 26 31 29 3 37 46 45 18 44 4 30 33 8 22 50 15 32 17 28 2 12 34 10 41 7 23 6 13 9 24 
student 370: 39 38 42 48 24 27 19 46 50 20 7 37 36 15 44 1 5 23 9 34 22 35 28 8 41 43 47 18 40 6 29 31 4 21 49 17 30 16 32 3 14 33 10 45 13 26 2 11 12 25 
student 371: 41 38 46 47 26 27 17 43 50 22 4 39 36 18 45 1 6 20 15 32 23 37 29 5 34 40 44 16 48 8 31 30 7 21 49 13 33 19 28 2 11 35 10 42 9 24 3 14 12 25 
student 372: 37 35 43 49 34 26 15 47 46 24 13 42 36 14 41 2 8 19 18 29 21 33 27 3 39 45 48 17 44 10 31 32 4 20 50 11 30 22 28 1 16 38 9 40 7 23 5 12 6 25 
student 373: 37 38 42 46 23 27 12 45 49 22 16 39 34 19 43 1 5 18 15 41 24 30 28 3 36 47 48 17 44 8 31 33 2 21 50 14 32 20 29 6 13 35 9 40 7 25 4 10 11 26 
student 374: 41 39 42 47 23 27 14 45 50 22 9 34 38 13 46 2 6 17 19 30 21 32 28 1 37 43 49 15 48 4 31 35 5 24 44 18 33 20 29 3 16 36 10 40 7 25 8 12 11 26 
student 375: 38 37 49 46 25 27 16 48 50 20 13 41 36 18 45 1 4 22 15 31 23 32 30 5 40 42 44 19 43 6 29 34 8 21 47 12 33 17 28 2 9 35 11 39 7 26 3 14 10 24 
student 376: 37 39 42 48 23 26 16 47 49 20 17 40 36 15 44 1 8 21 12 31 24 35 29 6 38 45 46 18 43 4 32 34 2 19 50 14 30 22 27 3 13 33 10 41 9 25 5 11 7 28 
student 377: 37 39 42 47 22 29 13 48 50 20 7 38 36 18 43 1 9 23 12 31 24 32 30 4 40 45 46 19 44 3 35 34 5 21 49 14 28 15 26 6 17 33 8 41 10 27 2 11 16 25 
student 378: 37 40 38 48 23 28 19 46 50 22 14 35 41 16 43 1 9 20 15 29 26 30 36 5 39 45 47 21 44 7 32 31 3 18 49 13 33 17 27 2 10 34 8 42 6 24 4 11 12 25 
student 379: 36 40 47 48 23 28 19 45 50 22 10 41 35 17 43 1 9 11 12 31 24 39 27 2 37 42 46 21 38 6 29 34 5 20 49 16 32 18 30 4 13 33 8 44 7 25 3 15 14 26 
student 380: 37 38 42 47 21 27 17 43 50 22 11 41 36 14 46 1 8 23 13 30 24 31 29 3 39 44 45 20 48 6 32 33 5 18 49 15 34 19 28 2 12 35 7 40 16 25 4 9 10 26 
student 381: 38 39 47 50 25 27 14 45 48 24 11 40 34 17 46 2 9 21 10 29 23 36 28 3 35 44 43 19 42 8 31 33 6 18 49 15 32 20 30 1 13 37 12 41 5 26 4 16 7 22 
student 382: 36 40 45 47 23 27 20 46 50 21 10 42 35 17 41 5 6 22 12 28 24 33 30 3 38 43 49 16 44 9 31 34 4 19 48 13 37 18 29 2 15 32 8 39 1 25 7 11 14 26 
student 383: 37 40 44 46 23 27 15 45 49 22 11 36 33 16 42 1 5 18 19 30 20 34 29 6 38 47 48 17 43 7 31 32 3 21 50 14 35 26 28 4 13 39 8 41 10 24 2 12 9 25 
student 384: 35 37 34 48 30 26 22 44 50 19 10 40 36 16 42 1 11 21 17 31 23 38 29 2 41 47 46 14 45 5 28 33 9 20 49 13 32 18 27 4 15 39 8 43 6 24 3 12 7 25 
student 385: 37 41 36 49 24 27 16 43 50 22 15 40 38 13 42 5 12 20 17 32 23 35 29 2 39 46 45 18 48 6 31 34 4 21 47 11 33 19 28 1 14 30 9 44 8 26 3 10 7 25 
student 386: 34 38 43 49 24 26 15 46 50 22 10 39 37 13 41 1 14 18 16 31 23 36 28 3 40 45 47 17 44 5 29 35 4 19 48 11 32 21 27 2 12 33 20 42 6 25 9 8 7 30 
student 387: 36 34 43 44 27 26 15 49 50 25 12 41 40 13 42 1 6 19 9 30 24 35 29 4 38 47 46 20 48 5 31 32 2 22 45 17 33 18 28 3 16 37 8 39 11 21 10 14 7 23 
student 388: 37 36 44 50 24 27 14 49 46 23 16 41 40 17 42 1 10 20 11 32 22 31 28 6 38 43 48 18 45 5 33 35 2 21 47 13 29 15 30 3 19 34 9 39 8 25 4 12 7 26 
student 389: 36 37 43 49 22 27 23 47 50 20 9 42 40 17 44 2 11 18 14 32 21 33 31 3 38 39 48 19 45 6 28 29 5 25 46 15 30 16 34 1 12 35 7 41 8 24 4 10 13 26 
student 390: 35 38 42 50 28 29 18 43 49 20 13 39 36 17 41 2 6 19 12 30 23 31 25 1 37 47 46 21 45 5 27 32 3 22 48 15 40 16 33 4 14 34 7 44 11 24 8 10 9 26 
student 391: 36 38 42 49 22 26 17 48 50 24 13 45 37 15 40 2 8 19 11 31 25 30 29 6 39 44 46 21 43 5 34 33 4 20 47 14 32 16 27 1 12 35 10 41 7 28 3 18 9 23 
student 392: 34 37 43 48 24 23 19 44 49 21 10 40 36 16 45 1 12 15 14 30 25 27 31 3 39 46 47 18 42 6 33 38 5 22 50 17 32 20 29 4 13 35 8 41 7 26 2 11 9 28 
student 393: 37 44 47 46 20 30 16 43 49 18 8 39 36 17 42 2 12 27 14 31 23 33 29 3 41 45 50 22 40 4 32 34 9 21 48 19 28 15 26 1 13 35 7 38 5 24 6 11 10 25 
student 394: 38 40 42 45 24 29 16 48 50 22 10 39 37 17 46 1 7 19 15 30 23 28 27 3 32 47 44 20 41 6 33 31 5 21 49 12 36 18 34 2 14 35 9 43 8 25 4 11 13 26 
student 395: 37 38 41 48 18 21 16 44 49 24 11 40 33 17 45 1 8 22 15 31 27 34 28 4 39 50 46 20 43 6 29 36 3 23 47 14 32 19 26 2 13 35 9 42 7 25 5 10 12 30 
student 396: 36 38 41 50 24 30 15 45 49 22 10 40 35 18 43 3 6 20 17 32 23 33 27 2 39 46 48 19 44 7 34 29 5 21 47 12 37 16 28 4 14 31 9 42 8 25 1 13 11 26 
student 397: 40 39 42 49 22 28 13 46 50 19 11 41 38 14 36 1 6 16 12 34 24 33 30 5 37 43 47 20 45 2 27 31 4 23 48 18 32 17 29 3 15 35 10 44 8 25 7 21 9 26 
student 398: 36 38 43 48 24 30 20 46 47 17 12 39 35 19 45 1 8 23 18 31 21 33 28 5 41 44 50 15 42 4 29 34 2 11 49 14 32 25 27 3 13 37 9 40 6 22 7 16 10 26 
student 399: 34 41 46 47 24 31 19 45 50 23 10 43 37 13 38 1 15 18 14 29 25 32 22 2 40 42 48 20 39 6 33 35 9 21 49 16 30 17 28 4 12 36 7 44 5 26 3 11 8 27 
student 400: 36 39 40 50 25 26 21 47 49 20 7 41 37 13 42 2 6 19 14 32 23 35 29 1 38 46 48 17 44 9 33 30 3 22 45 10 34 18 27 5 12 28 8 43 11 24 4 15 16 31 
student 401: 44 37 41 47 24 27 17 42 50 22 9 39 34 16 46 1 8 18 15 31 25 30 28 4 36 48 45 21 43 7 32 35 5 20 49 14 38 19 29 2 12 33 11 40 6 26 3 13 10 23 
student 402: 38 39 42 48 24 26 18 46 49 22 9 43 33 14 40 2 10 20 16 32 21 34 27 3 37 45 47 17 44 7 31 36 5 23 50 11 30 19 29 1 15 35 6 41 8 25 4 12 13 28 
student 403: 40 37 46 48 28 21 15 47 50 24 11 38 36 18 41 1 7 20 13 32 27 33 26 3 39 44 45 19 42 4 30 31 5 23 49 17 35 16 25 2 14 34 9 43 6 22 10 12 8 29 
student 404: 37 39 43 50 12 29 18 45 49 21 11 41 36 15 42 1 6 20 17 34 24 35 30 4 38 47 46 19 44 8 33 31 9 23 48 13 28 22 27 2 16 32 5 40 7 26 3 14 10 25 
student 405: 37 38 41 48 21 25 16 47 50 23 11 45 36 18 42 1 8 22 15 30 24 33 28 7 40 46 43 17 44 6 31 35 3 19 49 13 32 20 29 5 14 34 9 39 4 26 2 12 10 27 
student 406: 36 34 42 46 22 29 15 43 49 25 10 41 37 11 45 4 8 23 17 32 19 31 28 5 38 47 50 18 44 6 33 39 2 20 48 16 27 21 30 1 14 35 12 40 7 24 3 9 13 26 
student 407: 36 38 42 47 33 27 16 45 48 23 10 41 37 15 40 5 8 20 14 29 21 32 28 4 43 39 49 22 44 6 34 35 2 18 50 17 31 19 26 1 13 30 7 46 9 24 3 11 12 25 
student 408: 38 37 42 49 26 23 15 46 48 21 10 40 34 18 43 1 9 19 16 33 17 32 29 3 39 44 47 22 45 8 35 36 4 24 50 14 30 20 28 2 12 31 11 41 6 27 5 7 13 25 
student 409: 40 32 42 50 21 25 16 45 49 22 10 38 35 18 43 1 14 20 15 30 28 34 31 3 36 46 47 19 44 4 27 33 6 17 48 13 37 23 26 2 12 39 8 41 7 29 5 11 9 24 
student 410: 28 37 42 50 24 31 16 48 49 21 10 33 35 17 44 4 9 20 15 32 23 29 27 3 39 45 46 19 43 7 34 36 1 22 47 12 38 18 26 2 8 40 11 41 6 25 5 14 13 30 
student 411: 38 39 43 47 21 26 17 48 50 24 13 41 36 16 44 1 7 22 19 29 25 35 30 11 40 46 45 20 42 5 31 33 2 18 49 10 32 14 27 3 15 34 8 37 6 28 4 9 12 23 
student 412: 41 43 38 48 27 26 21 46 49 19 13 34 36 14 42 2 6 20 11 31 24 35 29 1 39 40 50 18 44 10 30 33 5 22 47 17 32 15 28 3 16 37 8 45 7 23 4 12 9 25 
student 413: 37 39 45 48 23 26 20 47 50 24 10 38 35 15 42 3 5 19 17 30 22 31 29 4 41 49 44 16 40 6 43 34 2 21 46 12 32 18 25 1 13 33 11 36 8 27 7 14 9 28 
student 414: 36 34 44 49 22 27 15 42 50 20 9 39 37 19 47 1 7 21 18 25 24 38 31 2 43 45 46 17 41 6 30 35 5 23 48 14 33 16 29 4 13 32 8 40 10 26 3 12 11 28 
student 415: 39 37 41 50 23 25 17 47 45 19 12 40 36 14 42 1 6 21 16 29 20 34 30 3 38 44 48 22 49 8 31 33 7 24 46 13 32 18 26 2 15 35 10 43 5 27 4 11 9 28 
student 416: 38 40 43 45 26 28 17 44 49 22 11 41 36 16 42 1 4 19 15 29 23 34 27 3 37 47 50 20 46 5 30 35 9 21 48 12 33 18 31 2 13 32 10 39 7 25 6 14 8 24 
student 417: 35 39 41 48 24 30 15 47 50 22 10 38 37 20 43 2 8 18 16 29 25 31 23 4 40 44 46 19 45 6 33 34 5 21 49 12 32 17 28 1 11 36 14 42 7 26 3 13 9 27 
student 418: 38 41 42 47 23 30 16 43 49 20 4 39 34 6 45 1 9 13 19 28 22 33 25 7 37 46 50 15 44 14 31 35 10 21 48 18 32 24 29 2 17 36 3 40 5 27 8 12 11 26 
student 419: 36 39 43 46 24 26 18 42 49 21 12 41 34 13 44 3 7 19 15 32 22 31 27 2 38 48 45 20 47 6 28 33 5 25 50 14 37 17 30 1 16 35 8 40 10 29 4 11 9 23 
student 420: 39 42 37 47 23 25 16 44 50 20 11 41 36 18 40 6 8 22 15 33 21 30 29 2 35 48 45 17 46 9 34 32 7 19 49 14 38 26 28 4 13 31 3 43 5 24 1 12 10 27 
student 421: 35 37 41 47 24 26 18 45 49 22 10 42 33 16 44 1 7 21 15 29 23 36 30 2 40 46 50 17 43 11 32 34 5 20 48 13 31 19 28 6 14 38 8 39 4 27 3 12 9 25 
student 422: 32 38 43 47 23 26 14 45 48 20 13 39 35 18 42 2 6 21 15 29 25 33 28 5 40 46 50 19 44 1 34 36 7 24 49 12 30 17 27 3 16 37 9 41 8 22 4 10 11 31 
student 423: 38 36 37 41 23 27 18 47 50 22 11 42 39 16 44 3 8 19 15 30 24 31 32 2 40 45 48 20 46 6 34 33 5 21 49 13 29 17 28 1 14 35 9 43 7 25 4 12 10 26 
student 424: 37 38 43 47 23 26 16 46 50 15 10 40 36 18 42 2 9 22 17 32 25 34 29 1 41 44 48 20 45 8 28 31 4 21 49 14 33 19 30 3 13 35 5 39 7 24 6 12 11 27 
student 425: 38 40 44 45 26 30 17 46 47 23 10 43 35 14 41 1 6 22 13 25 24 31 28 3 39 50 48 21 42 9 33 29 5 18 49 15 36 19 32 2 16 34 7 37 8 20 4 12 11 27 
student 426: 36 34 43 48 23 27 18 46 49 20 13 37 38 14 45 1 10 22 17 31 26 35 30 3 40 42 47 21 44 9 29 32 4 16 50 12 33 19 28 2 15 41 5 39 7 24 8 6 11 25 
student 427: 37 38 43 47 25 27 13 46 49 18 11 41 36 20 45 1 7 21 14 29 24 34 31 8 39 44 48 17 42 6 30 32 2 22 50 19 33 15 28 5 16 35 10 40 3 23 4 12 9 26 
student 428: 32 36 37 48 23 26 18 46 50 24 10 43 38 19 45 1 7 20 12 28 21 29 27 4 42 44 47 17 41 5 31 34 3 22 49 14 35 15 30 2 13 39 11 40 9 25 6 16 8 33 
student 429: 45 35 41 47 26 25 16 46 50 20 8 39 33 17 42 1 7 18 15 28 22 36 29 5 38 43 48 21 44 10 32 34 12 23 49 14 30 19 31 3 13 37 6 40 4 24 2 11 9 27 
student 430: 40 36 42 50 22 27 18 47 49 23 13 41 38 16 43 1 8 24 9 32 25 31 30 5 37 45 46 19 44 10 28 33 4 20 48 11 34 17 29 3 14 35 6 39 7 26 2 15 12 21 
student 431: 34 38 44 50 27 28 13 48 47 23 12 42 37 17 45 1 8 20 18 31 25 36 30 2 41 39 46 15 43 10 29 33 5 22 49 16 32 21 26 7 14 35 9 40 6 19 3 11 4 24 
student 432: 43 38 42 50 26 29 16 46 49 22 13 34 37 18 39 2 10 19 15 27 23 31 25 5 41 45 48 17 44 6 28 36 4 21 47 12 32 20 30 1 8 35 14 40 11 24 3 7 9 33 
student 433: 34 37 42 49 24 28 17 48 50 20 11 38 36 18 43 1 8 15 16 29 23 41 27 3 46 47 44 21 39 6 31 33 2 22 45 14 32 19 30 4 13 35 9 40 7 25 5 12 10 26 
student 434: 40 39 38 50 24 28 17 44 47 23 10 43 34 15 41 1 7 19 14 32 20 30 29 2 37 48 46 18 45 5 31 35 3 22 49 13 33 21 25 6 12 36 8 42 11 27 4 16 9 26 
student 435: 38 37 40 46 27 20 23 50 49 24 13 42 35 14 43 2 11 17 18 32 25 34 28 6 41 47 44 16 48 5 31 29 4 22 45 12 33 21 26 1 9 36 8 39 7 19 3 15 10 30 
student 436: 40 37 45 43 28 29 17 46 50 25 9 38 30 14 44 1 4 18 16 31 24 34 27 2 41 47 48 20 42 5 33 35 7 19 49 15 32 21 26 6 12 36 11 39 8 22 3 13 10 23 
student 437: 41 39 42 48 21 27 17 45 50 19 9 38 32 16 43 2 7 24 13 30 22 35 29 1 34 46 47 20 44 11 31 37 8 26 49 18 33 14 28 4 10 36 5 40 6 23 3 15 12 25 
student 438: 33 39 37 47 25 27 16 45 50 20 18 41 36 10 43 4 11 23 14 30 22 34 29 2 40 46 48 19 44 6 35 31 3 21 49 13 32 17 28 5 15 38 8 42 7 24 1 9 12 26 
student 439: 35 37 43 47 26 28 19 46 49 23 13 41 38 12 40 1 8 20 17 27 24 32 30 2 39 42 48 21 45 5 31 36 3 16 50 14 33 18 29 4 15 34 9 44 7 22 6 11 10 25 
student 440: 38 37 48 46 26 24 20 44 49 22 12 42 36 16 45 3 8 19 15 35 25 34 31 7 40 43 47 18 41 9 21 32 4 23 50 10 33 17 29 1 13 30 11 39 5 28 2 14 6 27 
student 441: 35 40 41 48 21 29 17 43 49 25 12 39 36 16 45 1 7 23 14 30 22 32 26 2 38 47 46 18 44 9 28 33 6 20 50 10 37 19 31 4 15 34 8 42 5 24 3 13 11 27 
student 442: 37 38 43 42 24 22 16 48 50 21 11 41 36 17 46 1 12 18 15 29 25 32 28 3 39 44 49 23 45 5 30 35 7 20 47 14 33 19 31 2 13 34 8 40 6 26 4 10 9 27 
student 443: 38 32 40 46 22 29 17 47 50 21 12 39 41 16 44 1 8 20 13 25 28 35 31 3 37 43 49 19 42 6 30 34 4 23 48 14 33 18 27 2 15 36 7 45 9 24 5 11 10 26 
student 444: 35 40 48 47 31 25 14 46 50 19 10 42 34 21 43 1 12 20 16 29 23 30 24 2 38 39 44 17 41 4 32 36 5 22 49 13 33 18 28 3 15 37 9 45 7 27 6 11 8 26 
student 445: 36 37 39 48 31 27 15 47 49 21 12 41 35 18 43 3 9 17 16 30 23 38 28 4 40 44 46 20 45 6 33 29 5 22 50 13 34 19 25 2 14 32 10 42 7 26 1 8 11 24 
student 446: 42 35 38 50 22 28 16 45 48 24 9 40 32 10 41 2 8 19 17 31 27 36 26 4 39 44 49 21 43 5 29 34 3 20 46 14 33 18 30 1 15 37 11 47 7 23 6 13 12 25 
student 447: 36 38 42 48 29 24 21 44 49 23 12 39 37 17 46 2 4 22 15 32 25 27 30 6 41 47 45 16 43 9 31 33 8 19 50 10 35 18 28 3 13 34 5 40 7 26 1 14 11 20 
student 448: 37 38 41 50 24 26 18 47 48 20 10 39 36 22 43 2 8 19 12 30 23 32 34 1 42 45 46 17 44 6 31 33 4 21 49 14 28 16 29 3 13 35 9 40 7 25 5 15 11 27 
student 449: 36 37 44 46 25 27 18 47 49 23 12 42 35 14 43 1 8 20 16 28 21 32 29 2 39 40 50 19 45 5 31 33 6 22 48 9 38 17 30 4 15 34 11 41 7 26 3 13 10 24 
student 450: 39 34 42 50 26 23 17 47 49 25 10 43 33 15 41 3 7 19 14 29 21 35 28 2 37 44 46 20 45 4 30 36 8 24 48 13 32 18 31 6 12 38 11 40 5 27 1 16 9 22 
student 451: 35 41 39 47 19 26 16 45 50 22 10 48 36 15 42 3 7 21 17 28 25 32 29 1 40 46 44 20 43 6 31 34 5 23 49 13 33 18 30 2 12 37 8 38 9 27 4 14 11 24 
student 452: 38 42 36 48 25 21 19 45 50 24 12 40 33 13 41 1 10 20 14 26 22 34 31 2 43 46 49 17 44 6 35 29 5 23 47 9 32 16 30 3 18 37 8 39 7 28 4 11 15 27 
student 453: 34 37 41 47 25 27 12 46 50 22 11 43 40 21 42 1 9 17 13 30 26 33 29 6 36 45 48 19 44 5 32 38 4 20 49 18 31 16 24 3 15 35 8 39 7 23 2 14 10 28 
student 454: 35 38 43 45 23 25 17 50 48 20 12 40 34 14 42 3 11 21 16 30 28 36 26 1 39 44 46 19 49 5 33 32 6 22 47 15 31 18 27 4 10 37 9 41 8 24 2 13 7 29 
student 455: 38 37 40 47 23 27 19 45 50 18 11 39 36 16 42 1 8 24 15 31 21 30 29 4 41 43 46 20 48 5 33 34 10 26 49 12 32 17 22 2 14 35 13 44 6 28 3 9 7 25 
student 456: 35 37 41 50 28 25 16 46 49 22 8 39 36 19 42 2 10 21 20 32 23 33 30 1 40 45 47 13 48 6 31 34 5 17 43 15 29 18 27 4 14 38 12 44 7 26 3 9 11 24 
student 457: 38 37 46 50 22 29 19 45 48 18 12 41 35 10 42 1 7 24 16 28 20 34 26 2 40 43 49 21 47 3 33 30 8 23 44 15 31 17 32 5 14 36 9 39 4 27 6 13 11 25 
student 458: 35 36 42 50 19 24 17 45 49 23 11 41 32 15 47 1 5 20 16 30 26 34 28 3 37 40 46 21 44 6 33 39 7 22 48 12 31 18 29 2 14 38 9 43 8 25 4 13 10 27 
student 459: 38 37 43 49 20 31 16 46 48 23 10 41 34 11 39 1 13 21 17 32 25 33 26 4 40 47 45 18 44 8 29 35 5 19 50 15 28 22 30 2 12 36 14 42 6 24 3 9 7 27 
student 460: 36 37 40 50 23 24 18 49 47 27 11 42 33 16 43 3 9 20 14 29 22 34 38 2 41 46 45 19 44 4 30 35 8 21 48 13 32 17 26 1 15 31 7 39 6 25 5 12 10 28 
student 461: 36 39 43 48 24 34 15 46 50 21 9 40 30 13 37 1 7 17 18 27 25 32 31 5 42 41 47 20 45 4 33 35 8 22 49 16 28 19 29 2 14 38 10 44 6 23 3 11 12 26 
student 462: 37 38 44 47 26 24 16 42 49 21 11 39 35 19 43 2 9 20 17 28 22 30 29 5 40 45 48 15 46 6 34 33 4 23 50 14 31 18 32 1 13 36 7 41 8 25 3 12 10 27 
student 463: 38 36 42 50 24 27 14 45 48 22 6 37 34 15 43 1 7 16 13 30 23 33 28 2 39 44 49 19 46 5 31 35 9 21 47 11 32 18 29 4 20 40 17 41 12 26 3 10 8 25 
student 464: 36 38 41 47 25 23 20 42 49 24 12 39 37 16 44 2 7 17 15 31 21 40 26 1 35 46 50 18 45 4 30 28 8 22 48 14 33 19 32 3 11 34 13 43 5 27 6 10 9 29 
student 465: 38 37 42 48 23 27 11 45 49 21 16 39 36 9 43 5 7 19 15 28 22 30 35 6 40 46 47 17 44 3 32 33 4 24 50 18 25 20 31 2 14 34 8 41 12 26 1 13 10 29 
student 466: 39 37 40 47 23 28 19 46 49 14 12 41 36 17 44 1 8 21 18 30 27 33 29 3 38 43 48 20 45 6 31 34 5 22 50 16 32 13 26 7 9 35 10 42 4 25 2 15 11 24 
student 467: 35 44 40 47 23 28 16 46 49 24 12 43 34 18 41 7 11 21 14 26 22 38 30 2 37 42 48 19 45 6 32 31 4 20 50 8 36 17 29 1 15 33 10 39 5 27 3 13 9 25 
student 468: 36 38 40 43 22 23 15 45 50 21 10 44 39 14 41 1 8 19 17 27 20 35 30 2 37 49 48 25 42 3 34 32 6 18 46 13 31 24 28 4 16 33 9 47 7 29 5 11 12 26 
student 469: 39 37 42 47 24 28 16 49 48 20 8 40 36 15 44 1 6 22 14 31 23 35 30 2 38 45 43 19 46 9 33 34 5 21 50 13 32 17 26 3 12 29 7 41 18 25 4 11 10 27 
student 470: 33 39 45 48 24 30 15 47 49 21 11 41 35 16 40 4 9 20 18 31 23 25 26 2 38 46 44 19 43 7 34 36 6 22 50 14 32 17 28 1 12 37 10 42 8 29 5 13 3 27 
student 471: 39 37 43 47 24 27 17 46 50 20 11 30 38 16 44 1 9 18 14 31 19 34 32 6 41 45 48 22 40 5 29 35 2 23 49 15 33 21 28 3 13 36 10 42 7 25 4 12 8 26 
student 472: 40 36 46 39 20 31 18 47 49 21 12 43 37 16 42 1 5 23 15 32 30 33 28 3 44 45 48 22 41 7 26 29 6 19 50 10 34 17 25 2 13 35 11 38 8 24 4 14 9 27 
student 473: 37 36 42 46 23 27 15 50 48 22 12 41 38 18 43 5 7 20 14 30 24 31 28 2 39 47 44 19 45 4 29 35 9 21 49 16 32 17 26 1 11 33 8 40 6 25 3 13 10 34 
student 474: 37 39 41 45 23 29 15 50 48 21 13 38 35 19 43 2 7 20 17 26 24 34 30 6 40 46 47 18 44 5 32 36 4 22 49 9 33 16 28 1 14 31 10 42 8 27 3 11 12 25 
student 475: 37 41 43 47 25 26 19 42 50 27 14 34 39 17 46 1 9 21 12 30 23 33 28 4 38 49 45 20 44 11 31 35 6 18 48 15 32 16 29 2 13 36 7 40 3 24 5 10 8 22 
student 476: 37 40 44 47 24 26 15 45 50 21 10 43 35 12 38 1 11 22 20 32 23 34 28 3 39 46 49 19 42 9 29 33 6 17 48 16 36 18 27 2 14 30 7 41 5 31 4 13 8 25 
student 477: 39 42 40 49 26 27 17 45 47 21 11 38 34 16 41 1 9 19 15 29 23 32 35 3 43 48 46 18 44 8 30 37 5 22 50 12 31 20 28 4 14 33 7 36 6 25 2 13 10 24 
student 478: 38 37 42 47 26 27 17 45 50 22 11 43 35 16 39 1 10 21 15 31 23 34 29 3 40 46 48 20 44 4 30 32 6 19 49 14 33 18 25 2 13 36 9 41 7 28 5 12 8 24 
student 479: 39 40 42 49 24 26 17 44 50 20 8 37 31 16 43 5 9 22 13 30 21 35 28 1 41 47 46 19 45 4 34 36 6 23 48 11 32 18 29 2 12 33 10 38 7 25 3 15 14 27 
student 480: 38 39 41 47 27 22 17 49 50 23 12 42 40 18 33 1 5 21 16 29 24 32 28 2 37 46 48 20 45 7 31 36 11 19 44 14 30 15 35 6 10 34 9 43 4 25 3 13 8 26 
student 481: 38 34 40 49 23 28 14 45 48 21 9 41 37 17 43 3 8 24 12 32 22 33 29 2 39 44 46 20 47 5 30 35 11 18 50 13 31 19 27 1 16 36 7 42 6 25 4 15 10 26 
student 482: 38 40 43 50 25 26 11 47 49 22 10 39 37 12 46 2 14 19 18 32 31 35 28 3 36 44 45 21 42 7 30 27 4 16 48 15 33 20 23 1 9 34 17 41 13 24 5 8 6 29 
student 483: 35 38 41 49 13 28 19 44 50 24 14 34 39 15 47 1 9 23 18 30 29 33 20 5 40 43 45 21 46 6 26 32 2 22 48 17 36 16 31 4 12 37 10 42 8 27 7 11 3 25 
student 484: 31 38 41 48 29 23 14 45 50 25 5 39 40 15 43 1 9 17 16 32 20 33 26 7 37 46 47 19 44 8 28 35 4 24 49 10 34 21 30 2 18 36 11 42 6 22 3 13 12 27 
student 485: 41 37 43 47 21 27 15 45 50 20 17 40 36 18 38 2 7 22 12 28 24 33 31 3 39 46 49 14 44 6 30 34 5 23 48 10 32 19 29 1 9 35 11 42 8 25 4 13 16 26 
student 486: 35 38 43 49 24 26 15 44 50 23 10 39 37 18 46 3 6 17 16 30 22 32 27 5 36 48 47 20 42 9 33 40 4 21 45 11 31 19 29 1 14 34 7 41 8 28 2 13 12 25 
student 487: 42 37 43 49 24 28 17 44 47 25 12 40 35 16 41 7 8 19 15 29 21 34 27 4 39 48 46 22 45 5 32 36 3 20 50 11 31 18 30 1 14 33 10 38 9 23 2 13 6 26 
student 488: 39 29 44 50 25 32 17 45 46 22 10 42 35 15 43 2 8 19 14 31 24 34 28 3 38 47 48 18 40 5 30 36 6 20 49 12 33 21 27 1 16 37 9 41 7 26 4 11 13 23 
student 489: 37 39 45 46 23 29 19 44 50 20 11 41 33 14 38 1 10 22 16 32 24 34 28 3 43 48 49 17 42 6 27 35 5 18 47 12 30 25 31 4 15 36 8 40 9 26 2 13 7 21 
student 490: 39 35 42 46 26 25 13 44 50 18 11 43 36 15 41 2 8 21 20 28 22 31 29 6 37 45 48 19 47 5 32 38 4 23 49 14 33 17 30 3 16 34 10 40 7 24 1 12 9 27 
student 491: 36 38 42 47 20 32 16 48 50 24 11 40 37 15 43 1 7 21 17 28 25 33 31 2 41 45 44 19 46 6 27 35 3 23 49 14 29 18 30 4 12 34 10 39 8 26 5 13 9 22 
student 492: 34 40 41 48 26 32 17 44 50 19 11 38 37 16 45 1 7 18 15 30 23 31 28 3 39 43 47 21 46 4 35 36 9 25 49 14 29 20 27 2 12 33 8 42 6 22 5 13 10 24 
student 493: 36 39 42 48 23 28 17 46 49 22 11 41 38 16 43 2 9 20 14 31 24 33 29 3 37 44 47 19 45 4 30 34 7 21 50 15 32 18 25 1 13 35 10 40 8 27 5 12 6 26 
student 494: 41 37 42 46 25 22 14 48 45 20 11 40 38 21 43 4 10 19 18 28 24 30 29 2 36 44 49 17 47 6 34 33 3 23 50 12 32 16 27 5 13 35 9 39 8 26 1 15 7 31 
student 495: 37 38 40 49 26 28 17 45 50 22 11 42 35 15 43 2 8 20 14 29 21 33 27 1 39 46 48 19 44 6 30 34 4 24 47 13 32 18 31 3 12 36 7 41 5 25 9 16 10 23 
student 496: 40 38 42 48 22 31 19 47 50 20 13 36 37 16 43 1 8 25 15 28 26 21 32 6 41 46 49 23 44 5 34 30 7 18 45 12 33 17 27 4 14 35 9 39 3 29 2 10 11 24 
student 497: 35 38 43 47 27 23 15 46 50 25 19 39 33 16 41 1 10 22 12 31 20 37 30 3 42 45 48 21 44 6 28 32 4 17 49 13 36 18 29 5 14 34 7 40 8 24 2 9 11 26 
student 498: 36 39 38 47 16 28 18 45 49 26 12 40 41 17 43 2 10 22 14 30 23 34 27 1 37 50 46 21 44 5 31 33 4 20 48 13 32 19 25 3 15 35 7 42 6 24 11 8 9 29 
student 499: 36 39 42 46 26 25 18 48 50 22 12 43 38 16 40 1 9 20 14 30 24 32 31 6 37 47 45 19 44 3 29 34 5 21 49 13 33 17 27 2 15 35 7 41 8 23 4 10 11 28 
