student 0: 24 16 44 41 29 32 14 25 5 27 2 36 43 47 17 12 22 37 40 31 23 6 39 3 46 49 9 33 8 13 35 26 28 34 48 10 50 11 42 18 15 30 19 4 21 38 45 7 20 1 
student 1: 21 18 43 44 26 34 17 24 9 30 2 36 39 48 23 13 19 38 41 28 31 7 42 1 46 47 10 37 11 4 40 27 22 35 50 3 49 12 33 14 15 29 16 6 20 32 45 8 25 5 
student 2: 17 22 41 47 33 29 14 24 6 31 2 36 44 49 19 12 23 39 42 28 26 4 38 1 46 48 13 32 7 10 37 21 27 34 50 8 45 11 35 16 18 30 20 9 15 40 43 5 25 3 
student 3: 17 13 40 47 28 31 8 25 5 24 2 38 44 46 20 14 21 43 41 30 27 7 37 1 42 49 11 34 12 10 35 29 26 32 48 9 50 15 36 16 18 33 22 4 19 39 45 6 23 3 
student 4: 20 17 38 47 33 34 15 24 10 28 2 36 43 42 19 11 18 39 45 26 27 6 41 4 46 44 9 31 14 8 35 25 30 32 50 5 48 12 40 13 16 29 21 7 22 37 49 3 23 1 
student 5: 23 15 43 47 28 33 16 27 5 22 1 38 46 49 18 12 19 42 39 32 26 3 41 2 40 44 6 30 11 13 36 21 29 34 48 9 50 10 37 14 17 31 20 8 25 35 45 7 24 4 
student 6: 18 14 41 46 29 32 16 26 5 27 4 37 43 47 20 17 19 39 44 30 24 7 40 2 42 48 6 34 9 10 38 23 28 33 50 13 49 11 36 12 15 31 22 3 21 35 45 8 25 1 
student 7: 21 16 39 42 29 32 13 23 9 30 2 35 47 49 18 15 25 40 43 27 28 6 44 5 41 48 10 33 12 4 34 22 26 36 50 14 46 8 37 11 17 31 20 3 19 38 45 7 24 1 
student 8: 17 25 44 43 30 32 14 22 7 29 4 39 41 46 19 18 16 38 35 28 27 6 42 2 45 48 8 36 10 12 37 24 26 33 50 9 49 13 40 11 15 31 21 5 20 34 47 3 23 1 
student 9: 21 15 39 42 28 33 16 24 8 27 1 36 44 45 13 14 17 49 41 30 25 4 37 2 46 47 12 32 11 10 34 22 29 35 50 7 48 9 38 20 18 31 23 3 19 40 43 6 26 5 
student 10: 18 12 39 48 30 27 16 26 7 28 1 34 40 47 17 11 22 44 45 32 19 5 36 4 43 49 8 35 10 9 37 24 31 41 50 6 46 15 38 14 20 29 23 13 21 33 42 3 25 2 
student 11: 22 16 40 46 27 35 15 25 10 26 2 33 45 47 19 11 20 41 39 28 29 6 43 5 42 48 4 34 14 7 37 24 30 38 50 8 49 13 36 12 18 31 23 3 17 32 44 9 21 1 
student 12: 23 17 41 46 32 33 10 29 8 26 2 37 44 47 19 13 18 38 40 28 25 6 42 5 43 49 14 31 12 11 34 24 27 35 50 4 48 9 39 15 16 30 20 3 22 36 45 7 21 1 
student 13: 19 18 39 46 29 33 15 27 10 25 3 38 43 47 16 12 22 41 42 28 26 5 40 2 45 49 8 31 11 7 36 24 32 34 50 9 48 13 37 14 17 30 20 6 21 35 44 4 23 1 
student 14: 19 14 44 49 26 35 8 27 7 29 1 38 42 47 17 12 20 37 43 30 25 4 41 3 40 45 16 31 11 10 33 22 28 32 50 6 48 13 39 15 18 34 21 9 23 36 46 5 24 2 
student 15: 22 16 38 46 18 31 15 30 8 25 2 34 43 47 19 13 20 41 42 29 27 3 37 5 45 50 14 32 11 9 40 23 39 35 48 7 49 10 33 12 17 28 24 4 21 36 44 6 26 1 
student 16: 19 16 38 49 23 31 25 20 11 29 1 41 43 47 17 13 18 34 44 32 26 6 40 2 42 46 9 33 10 12 35 21 27 36 50 7 48 14 37 4 15 30 24 5 22 39 45 8 28 3 
student 17: 19 18 41 46 28 31 13 25 9 27 2 35 43 47 17 11 20 40 37 36 26 4 42 3 44 48 14 32 10 8 39 22 29 33 50 6 49 15 34 12 16 30 24 5 21 38 45 7 23 1 
student 18: 22 16 42 48 27 30 15 28 11 24 1 36 46 45 21 13 20 40 41 33 26 7 39 4 43 47 8 35 6 12 34 19 32 31 49 10 50 14 37 9 17 29 23 3 18 38 44 5 25 2 
student 19: 19 11 44 42 24 32 18 26 7 28 5 36 47 43 16 15 21 37 39 27 29 6 41 1 46 48 9 33 10 8 38 23 30 34 50 2 49 12 40 17 20 31 14 4 22 35 45 13 25 3 
student 20: 19 18 41 45 29 32 16 26 7 27 5 38 42 47 12 15 22 36 40 31 24 3 43 4 44 48 10 33 11 8 39 23 28 37 50 6 49 14 35 13 17 30 21 2 20 34 46 9 25 1 
student 21: 20 19 43 47 34 32 17 28 9 25 1 38 49 45 22 16 18 39 40 26 27 5 44 2 42 46 10 35 11 8 37 23 31 29 48 6 50 12 36 15 13 30 21 4 14 33 41 7 24 3 
student 22: 16 13 42 47 31 36 22 25 15 32 2 39 45 46 18 12 21 37 40 29 27 5 41 3 43 49 8 30 6 10 34 20 26 35 48 9 50 11 33 17 14 28 19 4 23 38 44 7 24 1 
student 23: 20 16 41 47 27 32 14 24 10 28 2 37 43 49 18 13 21 38 42 29 25 4 39 3 44 46 7 33 6 11 36 23 26 34 50 9 48 12 40 15 17 31 19 1 22 35 45 5 30 8 
student 24: 22 20 40 49 37 32 18 21 8 31 1 39 43 48 14 11 17 41 42 26 24 5 34 3 45 46 15 36 10 9 35 29 25 33 50 6 47 12 28 16 13 27 19 4 23 38 44 7 30 2 
student 25: 24 16 40 45 30 32 15 26 9 25 1 39 44 46 18 12 19 41 48 29 27 6 35 4 42 49 11 36 13 8 33 23 28 37 47 7 50 10 34 14 17 31 20 5 21 38 43 2 22 3 
student 26: 19 18 39 45 30 35 14 26 6 23 3 33 46 47 17 11 20 40 42 28 27 2 37 4 43 48 10 34 13 7 38 24 29 31 50 9 49 12 36 16 15 32 21 5 22 41 44 8 25 1 
student 27: 19 17 41 46 31 32 15 28 8 26 3 38 44 48 20 10 18 39 43 33 25 6 40 1 42 49 11 34 9 12 35 24 27 30 50 7 47 13 36 14 16 29 21 2 22 37 45 5 23 4 
student 28: 20 19 43 47 28 34 14 24 10 27 2 40 46 45 17 18 15 38 41 30 25 6 39 3 42 48 11 32 13 8 35 26 31 33 50 7 49 9 37 12 16 29 22 5 21 36 44 4 23 1 
student 29: 22 19 39 45 30 33 16 26 8 28 5 38 46 47 18 14 17 40 43 32 27 4 41 1 44 48 9 29 13 10 34 23 25 35 50 7 49 11 37 12 15 31 21 6 24 36 42 3 20 2 
student 30: 20 18 41 46 28 31 15 26 5 27 3 38 45 47 21 12 17 40 44 30 24 8 39 4 42 48 11 32 10 7 35 19 29 34 50 9 49 14 37 13 16 36 25 2 22 33 43 6 23 1 
student 31: 21 18 42 50 31 34 17 28 9 27 3 38 45 47 15 13 20 40 43 30 22 5 37 2 39 48 8 33 10 6 36 23 26 35 46 7 49 12 41 16 14 32 19 4 24 29 44 11 25 1 
student 32: 19 22 38 49 29 32 11 27 10 26 2 40 44 46 16 14 18 37 41 33 20 8 43 4 45 47 12 31 9 7 35 21 28 34 50 6 48 13 39 15 17 30 25 3 23 36 42 5 24 1 
student 33: 17 16 42 50 27 35 19 22 10 29 2 39 44 47 18 11 24 40 34 33 21 3 45 4 41 49 9 31 12 6 32 23 30 36 48 8 46 13 38 14 15 28 20 7 26 37 43 5 25 1 
student 34: 21 18 41 46 31 34 16 29 7 27 2 35 44 47 19 10 15 37 40 30 23 8 42 4 43 50 9 24 11 12 33 22 28 38 49 3 48 14 36 13 17 32 20 5 25 39 45 6 26 1 
student 35: 23 21 42 43 28 29 17 27 9 19 1 38 45 47 16 15 20 39 40 31 25 5 41 3 44 49 10 33 11 6 35 22 30 34 48 8 50 14 36 12 18 32 26 4 13 37 46 7 24 2 
student 36: 25 16 39 48 28 35 13 23 8 27 2 34 44 47 17 18 20 38 42 29 24 9 40 3 43 49 11 31 12 7 36 21 30 33 45 6 50 10 41 15 19 32 22 4 14 37 46 5 26 1 
student 37: 21 13 42 46 31 29 8 23 11 26 1 34 47 45 20 15 16 39 41 32 27 9 40 2 43 49 12 33 10 6 35 22 28 30 50 7 48 14 38 17 18 36 19 3 24 37 44 5 25 4 
student 38: 20 12 43 46 28 33 15 25 7 27 3 38 40 47 16 11 19 36 44 32 26 5 37 1 42 48 9 39 10 8 34 22 29 31 50 13 49 17 35 14 21 30 23 4 18 41 45 6 24 2 
student 39: 14 19 41 49 31 34 16 25 7 24 4 36 45 48 18 15 23 40 42 32 28 1 37 3 44 43 8 33 12 9 30 27 26 38 50 10 46 13 39 11 17 29 21 2 22 35 47 5 20 6 
student 40: 20 18 39 43 28 31 16 27 7 26 3 37 46 45 17 9 19 40 44 29 25 2 41 1 42 48 13 33 8 11 35 23 30 34 50 10 49 12 38 15 14 32 22 6 21 36 47 4 24 5 
student 41: 20 17 41 46 28 35 15 25 8 26 3 34 44 47 19 14 18 38 42 30 29 4 40 2 45 48 11 33 12 9 39 24 27 36 50 7 49 13 37 10 16 31 21 5 22 32 43 6 23 1 
student 42: 19 17 38 45 33 31 14 21 8 28 1 40 44 49 18 12 23 36 42 29 24 5 41 7 43 48 10 32 13 9 39 26 30 34 50 6 46 15 37 11 16 25 20 4 22 35 47 2 27 3 
student 43: 19 15 39 43 29 32 11 24 9 26 2 36 44 49 18 8 20 34 45 30 27 5 40 4 46 47 14 33 7 10 37 22 25 35 50 12 48 13 41 17 16 31 28 3 21 38 42 6 23 1 
student 44: 21 17 43 45 30 37 15 23 8 29 3 36 44 48 19 13 20 35 40 32 28 1 38 6 41 46 9 31 11 10 33 14 22 42 50 5 49 12 24 18 16 34 25 7 26 39 47 4 27 2 
student 45: 19 11 37 42 31 33 15 21 8 29 6 36 44 47 18 9 20 38 46 27 28 4 40 5 43 49 17 34 12 10 39 22 26 35 48 7 50 13 41 14 16 30 23 2 24 32 45 3 25 1 
student 46: 21 19 39 48 27 33 12 25 7 28 3 38 44 42 24 11 18 37 41 29 26 4 40 2 46 47 15 36 10 9 30 22 31 32 50 8 49 14 43 13 16 35 17 6 20 34 45 5 23 1 
student 47: 19 15 44 49 31 29 17 26 10 24 3 37 43 46 18 16 21 40 34 33 28 5 42 1 41 47 12 36 7 11 32 23 30 35 50 8 48 9 39 14 13 27 22 6 20 38 45 4 25 2 
student 48: 18 22 41 47 31 32 12 23 9 26 4 40 38 49 16 8 17 37 42 28 25 2 43 5 46 48 13 35 19 10 33 21 29 39 50 11 45 15 36 6 14 30 20 3 27 34 44 7 24 1 
student 49: 20 17 39 45 27 32 15 28 5 26 2 37 43 49 18 13 19 40 42 29 25 6 36 4 44 47 11 31 12 8 35 22 33 34 50 7 48 14 38 16 10 30 21 3 23 41 46 9 24 1 
student 50: 19 15 37 48 27 30 14 24 9 25 3 42 44 47 20 16 21 36 41 29 28 4 40 5 43 50 8 34 12 10 39 26 31 33 49 7 46 13 38 11 17 32 22 2 18 35 45 6 23 1 
student 51: 19 17 45 47 29 35 14 25 10 27 2 37 44 50 22 13 18 38 43 30 26 3 40 4 41 42 12 31 7 9 33 23 28 34 49 6 48 11 39 15 16 32 20 8 21 36 46 5 24 1 
student 52: 17 16 47 45 28 32 14 26 10 25 3 38 49 42 20 9 22 41 37 31 29 5 39 2 44 48 15 33 11 7 40 24 27 30 50 8 46 12 36 18 13 35 19 4 21 34 43 6 23 1 
student 53: 19 16 34 48 28 33 12 25 8 32 4 37 42 44 22 11 15 39 45 29 26 2 41 1 46 47 7 31 13 9 36 21 27 35 49 6 50 14 38 17 18 30 20 5 23 40 43 10 24 3 
student 54: 18 10 39 44 28 33 16 23 6 29 2 41 48 45 20 17 19 37 38 30 26 9 42 3 43 46 11 34 14 7 35 25 27 36 50 8 49 12 40 13 15 31 21 4 22 32 47 5 24 1 
student 55: 21 17 46 42 29 32 12 30 4 28 6 34 44 48 18 11 19 38 40 31 25 1 41 8 43 49 10 35 13 9 37 22 27 33 50 7 47 15 39 14 16 26 20 3 24 36 45 2 23 5 
student 56: 20 17 43 46 27 33 16 26 10 23 3 34 44 50 21 12 19 42 38 29 30 9 39 4 45 47 8 35 14 6 32 24 28 36 48 5 49 7 37 13 15 31 18 1 25 40 41 11 22 2 
student 57: 22 15 44 50 31 30 16 26 10 28 1 33 46 47 18 13 20 38 39 32 21 6 43 2 45 48 9 34 11 8 40 19 29 35 49 7 41 12 37 17 14 27 23 4 24 36 42 5 25 3 
student 58: 20 16 39 48 28 33 8 25 12 27 2 38 47 50 23 18 19 40 41 32 26 3 44 4 45 43 14 31 9 7 35 24 29 37 49 13 46 6 36 15 11 30 17 5 21 34 42 10 22 1 
student 59: 20 17 35 46 32 33 14 27 3 26 5 40 43 47 18 12 19 37 42 29 24 4 41 1 45 48 8 30 11 9 39 21 28 34 50 7 49 13 38 15 16 31 22 6 25 36 44 10 23 2 
student 60: 18 15 42 44 27 32 16 25 8 29 3 36 43 48 19 20 14 37 45 30 28 4 38 1 40 46 9 33 13 10 35 24 26 34 50 6 49 12 39 11 17 31 23 7 21 41 47 5 22 2 
student 61: 20 21 41 46 30 32 12 24 6 23 3 38 45 44 18 13 17 36 40 33 28 4 42 5 43 47 11 34 14 9 31 27 26 35 50 7 49 10 39 15 16 29 19 2 22 37 48 8 25 1 
student 62: 20 17 39 47 28 31 15 25 8 26 1 38 44 45 18 13 21 41 40 29 19 5 43 3 48 46 11 33 10 9 34 30 27 35 50 7 49 12 37 14 16 32 22 4 24 36 42 6 23 2 
student 63: 20 17 40 48 30 29 15 25 6 26 1 31 42 44 19 12 18 41 47 32 34 4 39 5 45 46 11 35 14 8 33 22 28 36 50 10 49 9 38 13 16 23 21 3 27 37 43 7 24 2 
student 64: 18 19 41 47 28 31 15 27 11 29 2 38 45 44 17 10 21 39 42 32 24 6 40 3 43 48 9 33 12 8 37 26 22 36 49 7 50 14 35 13 16 30 23 4 25 34 46 5 20 1 
student 65: 20 17 40 49 31 32 16 23 6 24 5 34 41 46 18 12 19 44 43 27 25 3 39 1 48 42 10 37 13 9 36 28 29 33 50 7 47 11 38 14 15 30 21 8 22 35 45 4 26 2 
student 66: 26 18 43 48 25 32 13 21 11 34 2 37 45 47 20 19 15 38 41 29 27 4 39 5 42 46 7 31 12 9 33 24 28 35 50 8 49 10 36 16 14 30 22 3 17 40 44 6 23 1 
student 67: 22 18 41 46 31 39 14 26 11 25 2 35 45 47 19 13 20 37 44 33 27 5 38 4 40 49 8 32 9 10 43 24 29 30 50 7 48 12 36 15 16 28 17 3 21 34 42 6 23 1 
student 68: 20 19 42 47 28 31 15 26 5 27 1 37 43 46 16 12 18 38 44 23 29 3 40 6 41 50 8 35 11 10 36 25 30 33 49 7 48 13 39 14 17 32 22 4 21 34 45 9 24 2 
student 69: 20 17 38 47 32 29 13 24 5 26 2 40 46 45 18 16 12 39 42 28 27 8 41 3 43 49 10 34 11 7 33 25 30 31 50 6 48 15 36 14 21 35 23 4 22 37 44 9 19 1 
student 70: 20 19 42 48 31 29 17 26 7 23 1 36 43 46 18 15 16 38 41 30 25 6 40 4 44 47 10 33 11 9 35 24 28 34 50 5 49 13 39 12 14 32 21 3 22 37 45 8 27 2 
student 71: 18 19 44 46 27 32 14 26 7 28 2 36 40 49 17 13 22 41 42 29 25 3 39 6 45 47 9 31 12 10 35 23 30 33 50 5 48 11 38 16 15 34 21 8 20 37 43 4 24 1 
student 72: 16 14 42 46 30 32 17 26 6 29 1 39 44 47 19 10 21 38 41 28 27 4 40 2 43 48 12 37 7 11 34 24 31 25 49 9 50 13 36 18 15 35 23 3 22 33 45 8 20 5 
student 73: 21 16 43 45 28 32 15 26 8 27 5 38 46 42 18 12 20 40 41 31 24 6 39 1 44 50 10 33 13 7 36 23 29 35 49 9 48 11 34 14 19 30 17 3 22 37 47 4 25 2 
student 74: 19 15 42 48 33 32 13 23 7 30 2 38 44 49 18 8 20 39 40 27 24 4 41 3 43 45 11 34 12 10 35 22 29 36 47 6 50 14 37 17 16 28 21 9 26 31 46 5 25 1 
student 75: 22 17 40 49 31 33 16 21 7 28 1 42 44 48 18 12 19 36 43 29 26 2 38 4 41 46 14 32 9 10 37 20 27 34 50 8 47 11 35 15 13 30 23 3 25 39 45 6 24 5 
student 76: 20 16 40 48 26 31 15 21 7 28 3 37 44 50 18 17 19 42 41 33 25 12 38 4 43 45 9 34 10 8 36 24 29 32 46 5 47 13 39 11 14 30 23 6 22 35 49 1 27 2 
student 77: 18 19 41 46 30 28 14 27 4 23 5 38 45 48 20 12 17 37 42 31 29 1 40 3 43 47 10 33 13 11 39 22 26 34 49 9 50 15 35 8 16 32 21 6 25 36 44 7 24 2 
student 78: 20 18 40 45 28 33 15 26 2 25 8 34 49 48 16 10 19 39 41 29 27 4 42 3 46 44 14 32 6 9 35 21 30 36 50 7 47 12 38 13 17 31 24 5 23 37 43 11 22 1 
student 79: 20 19 41 48 29 32 14 22 8 27 1 38 45 46 18 12 17 39 40 34 25 3 42 4 44 49 10 30 15 9 35 26 28 33 50 7 47 11 37 13 16 31 24 5 21 36 43 6 23 2 
student 80: 15 16 41 47 29 33 13 26 6 23 3 38 45 50 20 14 19 40 39 30 28 4 44 8 42 46 9 35 11 7 32 22 25 34 49 12 48 10 37 17 18 31 27 2 21 36 43 5 24 1 
student 81: 23 19 36 47 27 28 14 26 10 22 5 42 46 48 16 11 17 39 43 30 25 2 41 1 38 45 12 35 13 7 34 21 33 32 50 8 49 9 40 15 18 31 24 6 29 37 44 4 20 3 
student 82: 21 20 41 48 33 27 16 24 5 28 3 37 45 47 19 11 14 39 43 31 26 6 40 4 42 46 10 32 17 12 35 25 29 34 50 8 49 9 36 13 15 30 18 1 22 38 44 7 23 2 
student 83: 19 17 41 45 29 33 16 27 8 23 2 31 43 47 18 13 21 37 42 30 26 6 39 5 44 48 9 35 11 10 36 24 28 34 49 4 50 12 40 14 15 32 25 1 22 38 46 7 20 3 
student 84: 19 17 39 45 27 26 15 24 8 33 5 44 41 46 16 13 18 37 43 31 29 3 40 1 42 48 10 34 11 9 35 25 30 38 50 4 49 12 36 14 20 28 22 7 23 32 47 6 21 2 
student 85: 20 17 42 44 28 32 14 23 8 29 2 40 45 48 19 13 22 38 43 30 25 10 39 3 41 49 7 34 11 5 37 18 27 33 50 9 47 12 35 15 16 31 21 4 26 36 46 6 24 1 
student 86: 20 15 36 50 29 35 13 23 11 28 2 34 44 45 17 12 18 39 47 27 26 5 41 4 43 46 9 31 10 8 37 21 30 40 49 6 48 14 38 19 16 33 24 3 22 32 42 7 25 1 
student 87: 19 17 42 48 29 32 16 30 7 27 9 38 45 50 23 15 18 36 41 31 22 3 39 4 43 47 8 33 12 11 34 21 25 35 49 5 46 10 37 13 14 28 20 6 26 40 44 2 24 1 
student 88: 20 15 41 49 27 32 18 24 9 29 2 34 46 45 17 16 19 40 42 28 26 5 39 3 44 47 14 33 11 10 35 22 30 37 48 7 50 12 38 8 13 31 21 4 23 36 43 6 25 1 
student 89: 19 17 44 47 33 26 14 25 9 29 7 35 46 49 18 13 20 38 41 30 27 5 40 2 43 45 8 32 10 11 39 22 28 37 48 4 50 12 34 15 16 36 21 3 23 31 42 6 24 1 
student 90: 20 21 43 44 28 31 9 24 6 26 3 39 46 47 16 11 18 38 45 32 25 17 40 2 41 48 8 33 10 14 34 29 27 35 50 4 49 12 37 15 13 30 19 5 22 36 42 7 23 1 
student 91: 19 17 41 45 31 32 16 28 9 23 4 38 49 46 15 13 18 40 39 30 27 2 42 6 43 50 10 37 11 8 34 26 29 33 48 5 47 12 36 20 14 25 21 3 24 35 44 7 22 1 
student 92: 19 15 41 49 30 31 12 25 7 26 1 39 45 47 18 13 22 33 42 29 28 2 40 4 43 44 9 34 14 11 35 21 27 38 50 8 48 10 36 16 17 32 20 5 23 37 46 6 24 3 
student 93: 19 15 44 49 32 29 10 27 7 26 2 38 40 46 18 13 16 39 42 30 22 12 41 3 43 47 6 33 11 8 34 25 28 36 50 5 48 17 37 21 14 31 24 4 23 35 45 9 20 1 
student 94: 19 16 40 44 33 34 13 23 11 29 4 38 43 48 17 14 20 39 42 31 25 5 41 1 45 49 8 35 12 7 37 26 28 30 50 6 47 15 36 10 18 27 22 3 21 32 46 9 24 2 
student 95: 24 16 42 45 31 36 14 22 9 26 2 39 43 46 19 12 20 41 44 30 25 7 40 5 47 48 10 32 11 8 35 23 29 33 49 6 50 13 37 18 15 34 17 4 21 27 38 3 28 1 
student 96: 20 17 41 45 25 31 12 26 9 27 3 38 44 43 18 14 21 37 46 29 28 7 40 2 42 50 10 33 8 15 39 23 32 34 49 4 48 11 35 16 13 30 19 5 22 36 47 6 24 1 
student 97: 19 16 39 43 28 27 17 25 9 29 4 36 42 49 18 11 20 35 44 30 26 3 40 2 45 50 12 33 13 7 37 21 31 34 48 6 47 8 38 15 14 32 22 10 23 41 46 5 24 1 
student 98: 20 17 41 46 28 34 18 24 5 26 2 36 44 47 15 10 19 32 43 35 25 8 39 3 42 48 7 37 11 9 40 27 29 30 49 12 50 14 38 16 13 31 21 4 22 33 45 6 23 1 
student 99: 18 17 41 46 29 32 15 25 8 24 2 35 42 49 16 9 20 39 43 30 26 10 40 5 45 47 4 33 14 11 36 22 27 34 48 7 50 13 37 19 12 31 23 3 21 38 44 6 28 1 
student 100: 18 17 44 48 29 36 14 21 11 26 3 32 46 45 19 15 22 39 41 31 25 6 40 1 42 47 4 33 7 9 35 20 28 34 49 10 50 12 38 13 16 30 23 8 27 37 43 5 24 2 
student 101: 20 19 39 47 26 34 17 25 9 30 4 37 45 46 14 11 18 44 43 28 27 12 40 5 41 50 8 33 16 7 35 24 29 31 42 3 48 10 38 13 15 32 21 2 23 36 49 6 22 1 
student 102: 19 17 44 48 30 35 14 25 8 26 3 38 46 41 18 13 20 37 43 31 27 4 42 2 45 50 11 33 10 9 34 22 28 29 47 7 49 12 39 16 15 32 21 5 24 36 40 6 23 1 
student 103: 23 17 40 49 29 32 16 22 7 28 3 38 42 47 19 15 18 39 41 30 24 8 46 5 43 44 9 33 6 14 36 26 27 34 50 12 48 13 35 10 11 31 25 4 20 37 45 2 21 1 
student 104: 24 13 39 43 26 31 15 25 8 28 2 41 44 47 17 20 19 38 42 30 27 6 40 3 48 46 9 33 14 10 37 23 29 34 50 7 49 16 35 12 11 32 18 4 22 36 45 5 21 1 
student 105: 18 17 40 44 29 31 16 24 7 25 2 39 46 49 26 14 19 38 43 30 20 6 42 3 41 47 5 33 12 10 37 21 27 34 50 11 48 13 36 9 15 32 22 4 28 35 45 8 23 1 
student 106: 18 16 43 46 29 33 17 25 13 26 1 35 45 48 11 14 21 36 41 30 27 6 40 4 42 47 3 32 9 10 31 24 28 34 50 7 49 12 37 15 19 38 20 5 22 39 44 8 23 2 
student 107: 20 21 43 50 28 35 11 25 8 27 3 38 44 47 16 17 18 41 40 34 29 4 37 2 45 46 12 31 13 9 36 23 30 33 48 7 49 10 39 15 14 24 22 6 19 32 42 5 26 1 
student 108: 21 17 41 43 30 31 14 25 8 27 2 36 44 45 18 12 19 38 42 29 26 6 39 3 46 48 9 33 11 10 40 20 28 34 49 7 50 15 32 13 16 37 22 4 23 35 47 5 24 1 
student 109: 22 16 37 47 30 31 11 25 7 21 6 40 42 48 18 14 17 41 39 33 26 5 44 2 45 50 9 29 12 10 34 24 27 35 49 4 46 13 38 15 20 36 19 3 23 32 43 8 28 1 
student 110: 22 17 44 49 30 36 14 24 7 28 1 40 42 47 18 15 19 35 34 29 25 3 43 4 46 45 10 32 12 8 41 23 26 37 50 6 48 9 39 11 16 31 20 13 21 33 38 5 27 2 
student 111: 23 17 43 47 31 27 16 22 7 26 2 38 44 46 20 14 18 39 42 34 25 4 40 1 41 48 8 33 11 9 36 21 29 32 50 10 49 13 37 12 15 30 19 6 24 35 45 5 28 3 
student 112: 19 17 46 43 28 34 16 20 6 26 1 40 48 45 22 10 18 42 39 31 27 4 41 3 44 50 9 33 13 8 35 25 29 36 49 11 47 12 37 15 14 30 21 7 23 38 32 5 24 2 
student 113: 20 19 40 45 25 34 15 24 6 28 4 39 42 47 17 13 21 38 43 33 30 7 41 2 46 49 8 31 11 10 35 22 29 32 50 14 48 9 36 12 18 27 16 3 23 37 44 5 26 1 
student 114: 19 17 40 44 26 34 16 24 7 23 3 36 47 49 21 14 12 39 42 32 28 10 41 1 46 43 9 30 11 8 35 22 31 29 48 6 50 13 38 15 18 33 25 5 20 37 45 4 27 2 
student 115: 18 16 42 49 29 32 15 26 7 25 4 36 43 46 20 10 17 39 44 30 28 2 38 5 40 45 14 37 9 8 34 24 31 27 50 11 47 13 41 12 19 33 21 6 23 35 48 3 22 1 
student 116: 15 14 44 49 29 32 16 24 18 28 4 33 43 45 17 9 19 35 41 30 25 5 40 2 42 48 13 39 12 8 36 23 26 34 50 7 47 11 38 10 21 31 20 1 22 37 46 6 27 3 
student 117: 22 17 41 50 27 30 11 26 14 25 2 38 43 46 16 15 20 44 40 29 28 5 39 3 42 47 9 33 10 7 37 19 31 34 48 8 49 21 35 12 13 32 24 4 18 36 45 6 23 1 
student 118: 18 16 38 47 29 35 14 28 10 26 3 42 46 50 15 13 19 40 43 33 23 5 39 6 45 48 12 30 8 7 37 24 27 34 49 4 44 11 31 17 22 32 20 2 21 36 41 9 25 1 
student 119: 21 20 40 46 30 35 16 22 8 25 5 41 44 45 13 15 17 34 42 31 27 3 36 2 43 48 10 37 11 9 38 28 26 32 50 1 49 14 39 12 18 29 23 6 19 33 47 7 24 4 
student 120: 20 17 40 41 32 31 15 25 8 27 1 38 45 47 18 14 19 39 42 34 24 6 36 2 43 48 9 35 13 10 29 26 30 33 49 7 50 11 37 12 16 28 22 4 23 44 46 5 21 3 
student 121: 20 17 37 49 28 32 18 23 9 31 1 36 45 48 19 13 15 41 42 30 25 5 40 4 44 47 11 33 10 7 38 21 29 35 50 8 46 12 34 14 16 26 24 2 22 39 43 6 27 3 
student 122: 21 19 43 45 28 34 12 26 10 27 2 38 44 48 15 14 22 39 41 30 25 5 40 4 42 49 13 33 9 8 35 23 29 32 50 6 47 11 36 18 16 31 20 3 17 37 46 7 24 1 
student 123: 21 16 41 45 28 32 14 23 10 29 4 38 46 48 20 11 18 39 43 30 25 6 40 3 44 47 12 33 1 9 36 19 24 35 50 8 49 13 37 17 15 31 26 5 22 34 42 7 27 2 
student 124: 20 19 43 45 33 30 15 27 9 28 2 35 42 46 16 13 18 40 44 29 25 3 39 1 41 50 10 32 11 8 37 23 26 34 49 7 47 12 38 14 17 31 21 4 22 36 48 5 24 6 
student 125: 21 19 43 47 34 31 15 23 7 28 2 37 41 45 16 13 20 36 46 29 24 5 38 3 44 48 10 32 11 8 35 22 26 39 50 6 49 12 40 14 17 30 18 4 25 33 42 9 27 1 
student 126: 20 19 40 44 31 32 18 27 7 26 1 36 45 43 13 15 17 38 41 29 23 3 42 2 47 46 11 37 8 10 35 22 28 33 49 9 48 12 39 14 16 30 24 5 21 34 50 6 25 4 
student 127: 20 18 44 46 25 30 15 28 4 27 3 38 45 49 19 14 17 37 41 31 26 8 43 1 39 48 12 35 10 7 32 23 29 36 50 6 47 11 40 13 16 33 21 5 22 34 42 9 24 2 
student 128: 20 19 39 45 32 35 13 23 10 28 3 38 42 47 17 9 18 40 44 33 26 2 41 4 43 46 8 34 12 7 31 21 27 30 49 15 50 14 36 11 16 29 24 1 22 37 48 6 25 5 
student 129: 23 16 36 47 29 31 13 24 10 26 3 40 42 46 19 12 21 43 39 30 27 9 41 1 44 48 4 33 7 8 35 20 28 34 49 2 50 11 37 14 17 32 18 6 22 38 45 15 25 5 
student 130: 20 13 42 47 29 28 17 26 9 31 2 36 45 46 14 12 18 35 40 34 25 3 41 1 43 48 7 30 10 11 33 21 24 32 49 6 50 15 38 16 22 37 19 8 27 39 44 4 23 5 
student 131: 21 16 43 46 28 31 19 24 8 26 5 33 44 45 20 12 18 36 41 30 27 2 40 1 42 49 4 32 10 7 38 25 29 35 50 11 48 13 39 15 14 34 17 6 22 37 47 9 23 3 
student 132: 20 15 44 48 31 33 16 24 11 26 6 41 46 45 18 12 19 36 38 29 28 4 37 3 43 47 8 30 13 10 34 23 27 35 49 7 50 9 39 17 14 32 21 1 22 40 42 5 25 2 
student 133: 14 19 41 46 29 32 17 20 7 27 1 39 44 47 22 13 24 38 42 30 26 10 40 3 43 50 9 34 11 6 36 23 28 33 49 4 48 12 35 18 16 31 21 5 15 37 45 8 25 2 
student 134: 21 19 41 45 29 30 13 23 11 27 2 36 44 46 22 15 18 40 42 31 24 6 39 5 43 50 10 32 9 7 35 26 28 34 49 8 48 12 37 14 17 33 20 4 16 38 47 3 25 1 
student 135: 22 16 44 46 28 32 15 23 9 29 1 33 43 47 18 19 17 40 41 27 26 2 35 6 42 50 13 36 5 11 37 21 30 34 49 3 48 10 38 12 14 31 25 7 20 39 45 8 24 4 
student 136: 25 17 39 47 24 33 16 22 6 23 5 37 42 46 18 13 21 38 40 32 28 10 43 2 44 48 8 30 9 11 35 26 31 41 50 7 49 12 34 15 14 29 19 3 20 36 45 4 27 1 
student 137: 23 19 43 46 29 33 13 27 9 26 5 38 48 45 18 14 21 41 39 28 24 3 42 1 44 47 11 34 12 7 36 22 30 32 49 8 50 10 37 15 16 31 17 4 20 35 40 6 25 2 
student 138: 20 17 43 46 29 34 15 25 8 27 4 37 44 48 18 9 19 38 40 28 26 1 41 2 39 47 10 32 12 11 42 23 30 33 50 7 49 13 36 14 16 31 21 6 22 35 45 5 24 3 
student 139: 19 16 42 46 29 32 17 28 7 26 3 38 43 47 18 12 21 41 50 31 25 5 39 8 40 44 10 33 15 9 35 23 27 36 49 6 48 11 37 13 14 30 20 1 24 34 45 4 22 2 
student 140: 22 17 43 46 27 36 16 21 8 26 1 39 50 47 18 11 19 40 45 34 28 6 42 3 33 44 7 30 14 12 38 23 32 31 48 5 49 10 37 13 15 29 24 2 20 35 41 9 25 4 
student 141: 22 16 42 46 29 32 15 24 8 26 3 36 44 47 19 13 18 39 43 28 31 6 41 2 40 49 10 33 12 9 30 23 27 34 48 7 50 11 38 17 14 35 20 4 21 37 45 5 25 1 
student 142: 21 17 39 47 31 29 11 24 9 28 3 37 40 45 18 15 19 43 44 30 26 6 42 5 41 48 12 32 10 8 38 23 27 35 50 7 49 13 36 16 14 33 20 4 22 34 46 2 25 1 
student 143: 21 16 39 45 28 33 15 27 9 25 2 41 47 46 19 8 20 42 40 31 29 6 37 3 43 49 12 32 10 11 34 23 26 36 50 5 48 14 35 13 18 30 22 4 17 38 44 7 24 1 
student 144: 18 17 41 49 31 33 12 29 7 24 3 37 44 43 20 14 16 36 42 32 28 4 38 1 45 47 11 27 10 9 39 23 30 34 50 8 48 13 40 15 19 25 21 5 22 35 46 6 26 2 
student 145: 22 17 40 44 31 32 15 25 4 28 2 36 45 49 20 12 19 37 43 27 23 6 41 5 46 42 10 34 11 8 35 24 30 29 48 9 50 14 38 13 16 39 18 3 21 33 47 7 26 1 
student 146: 24 15 40 47 28 33 17 23 6 34 1 41 39 45 19 18 13 38 36 29 26 4 46 3 43 50 7 31 16 9 32 25 27 35 49 10 48 12 44 11 21 30 14 5 20 37 42 8 22 2 
student 147: 20 17 41 46 30 34 13 24 10 26 4 37 43 48 18 12 19 39 42 32 28 3 40 5 44 47 14 35 11 8 33 25 27 31 50 6 49 15 36 9 16 29 21 2 22 38 45 7 23 1 
student 148: 17 19 42 46 30 31 13 25 10 27 1 38 45 47 16 14 21 39 44 35 24 6 41 3 40 49 2 32 9 11 37 23 29 33 50 8 48 12 36 15 18 26 22 5 20 34 43 7 28 4 
student 149: 19 21 41 46 27 29 17 25 7 30 3 37 44 49 15 13 20 39 45 31 26 5 40 2 42 47 11 34 10 9 35 16 28 32 50 6 48 12 38 14 18 33 22 4 23 36 43 8 24 1 
student 150: 18 15 42 47 30 29 14 19 8 23 2 35 39 45 20 10 17 40 43 34 28 4 41 3 44 49 11 31 12 9 38 25 27 32 50 5 48 13 36 16 21 33 22 7 24 37 46 6 26 1 
student 151: 18 17 41 46 29 34 11 22 6 26 2 38 40 49 20 13 19 42 43 27 23 9 35 1 44 48 12 30 15 8 39 31 33 32 47 7 50 10 37 16 14 28 21 5 24 36 45 4 25 3 
student 152: 13 20 43 45 29 33 17 23 8 24 1 41 44 50 19 14 21 42 37 32 27 5 39 2 40 48 10 28 12 9 34 31 26 35 47 7 49 16 38 15 11 30 22 3 18 36 46 6 25 4 
student 153: 20 18 42 45 29 33 17 26 8 27 2 38 36 48 13 10 19 41 46 31 25 4 37 5 44 50 11 30 16 9 35 22 28 34 49 7 47 12 40 15 14 32 21 3 24 39 43 6 23 1 
student 154: 15 24 40 47 30 32 16 25 7 27 2 35 44 46 20 10 18 41 42 31 26 5 38 3 43 48 12 36 13 8 37 23 29 33 50 11 49 9 34 14 17 28 21 4 19 39 45 6 22 1 
student 155: 26 20 37 47 27 32 15 25 10 23 5 40 45 46 18 8 16 44 39 30 28 4 41 2 42 48 6 33 9 12 36 21 29 35 50 11 49 14 34 13 19 31 17 3 22 38 43 7 24 1 
student 156: 20 18 40 43 29 30 15 24 8 26 4 38 45 48 17 13 21 39 41 34 25 1 42 7 44 49 10 32 9 11 35 27 28 33 50 6 47 12 37 14 16 31 23 3 19 36 46 5 22 2 
student 157: 23 19 43 45 30 32 18 27 9 25 3 39 48 47 22 15 17 41 37 26 28 2 42 4 44 46 12 35 7 10 36 24 21 33 50 14 40 11 38 6 13 29 20 8 16 34 49 5 31 1 
student 158: 20 15 45 48 27 30 14 28 7 29 2 38 42 44 23 12 17 41 40 25 24 6 36 3 43 49 10 37 13 9 34 22 31 32 50 4 46 11 35 16 18 33 21 5 19 39 47 8 26 1 
student 159: 22 17 41 43 29 33 21 24 7 26 3 37 42 46 19 14 16 38 40 31 28 5 39 4 44 48 11 32 8 9 36 23 27 34 50 6 49 13 35 15 12 30 20 2 18 45 47 10 25 1 
student 160: 21 17 41 47 25 31 16 24 6 26 1 38 42 48 18 14 19 39 40 30 32 12 44 3 45 49 9 33 11 8 37 22 29 34 50 7 43 10 28 13 15 35 20 4 23 36 46 5 27 2 
student 161: 15 19 37 46 30 32 16 26 8 29 2 33 44 48 17 10 20 40 42 31 25 4 41 3 43 49 11 36 14 9 39 22 28 34 50 5 47 12 38 13 18 27 23 6 21 35 45 7 24 1 
student 162: 16 19 38 45 26 35 18 25 7 28 2 41 46 44 17 13 20 40 43 29 27 6 36 3 42 48 11 31 10 9 30 24 33 32 49 8 50 12 37 15 14 34 21 4 22 39 47 5 23 1 
student 163: 21 19 42 45 29 30 16 24 15 25 5 39 43 46 22 14 17 38 47 33 26 4 40 2 41 50 7 32 10 9 35 23 28 34 44 8 49 11 37 12 13 31 18 3 20 36 48 6 27 1 
student 164: 21 18 41 47 29 31 16 24 10 28 2 40 46 42 17 8 20 38 39 30 26 4 43 3 44 45 12 33 13 11 37 22 27 34 49 7 50 6 36 15 14 32 19 5 25 35 48 9 23 1 
student 165: 19 16 41 45 30 34 17 24 8 27 2 47 50 48 15 13 18 35 40 29 25 7 42 3 43 46 10 31 11 9 37 22 28 36 49 6 44 12 39 14 20 33 23 4 21 32 38 5 26 1 
student 166: 22 18 40 44 24 33 14 27 8 26 2 37 46 47 19 15 20 39 41 29 28 5 38 4 42 50 12 34 10 9 32 23 30 35 45 7 49 13 43 11 17 31 21 3 16 36 48 6 25 1 
student 167: 22 17 40 43 31 33 15 25 5 28 1 41 45 48 19 14 20 37 44 29 26 4 42 3 38 46 9 35 11 8 39 18 30 32 50 10 49 13 36 16 12 27 21 6 24 34 47 7 23 2 
student 168: 20 15 40 45 25 31 14 23 8 26 7 39 46 48 18 13 19 38 43 32 28 9 41 2 44 49 10 36 11 3 37 21 29 34 42 5 50 12 35 16 17 30 24 4 27 33 47 6 22 1 
student 169: 21 20 41 45 29 35 11 24 8 26 1 36 47 44 16 10 19 40 42 30 27 3 39 5 43 46 9 32 13 12 38 25 23 37 49 7 48 14 34 15 17 31 18 4 22 33 50 6 28 2 
student 170: 21 17 39 46 32 34 14 25 9 29 2 40 42 50 16 13 18 41 37 30 24 5 44 3 45 47 8 28 10 11 38 23 27 31 48 6 49 12 35 19 15 33 20 4 22 36 43 7 26 1 
student 171: 18 22 41 45 29 33 14 28 7 26 1 40 47 44 15 19 17 37 42 30 25 9 39 3 43 48 10 31 11 8 36 21 27 35 50 6 49 12 38 13 16 32 20 4 23 34 46 5 24 2 
student 172: 21 18 39 47 29 31 19 22 12 27 7 38 41 43 20 13 16 45 44 30 26 4 42 3 40 48 11 32 10 6 33 25 28 36 50 9 49 15 37 14 8 34 23 2 24 35 46 5 17 1 
student 173: 20 18 43 46 29 33 14 25 7 26 4 38 45 49 16 13 19 36 40 30 27 5 39 1 42 47 10 32 12 9 35 21 28 34 50 8 48 11 41 15 17 31 22 2 23 37 44 6 24 3 
student 174: 21 17 34 46 26 36 16 25 5 28 2 40 44 48 18 12 19 41 45 29 32 3 35 4 42 49 15 33 9 11 37 23 27 31 50 8 47 10 38 13 14 30 20 7 22 39 43 6 24 1 
student 175: 16 20 36 48 26 32 15 27 9 28 1 42 44 50 17 12 19 40 41 25 29 3 39 4 43 47 10 33 14 6 34 24 30 37 49 8 46 11 35 13 18 31 21 5 22 38 45 7 23 2 
student 176: 18 19 40 44 28 35 13 26 8 25 6 38 46 47 17 15 20 39 45 27 24 4 42 2 41 49 10 32 12 9 37 22 31 33 48 7 50 11 34 16 14 30 23 5 21 36 43 3 29 1 
student 177: 20 19 40 48 25 28 18 24 11 29 2 38 45 46 16 10 22 41 42 31 27 8 39 3 47 49 14 34 9 7 37 23 30 33 50 6 44 15 36 12 13 32 17 4 21 35 43 5 26 1 
student 178: 20 17 43 47 25 31 18 23 6 27 1 37 44 45 19 13 16 42 40 29 26 3 39 4 41 49 10 34 8 11 35 30 28 33 50 9 48 12 38 14 15 32 24 5 21 36 46 7 22 2 
student 179: 22 18 34 44 29 31 16 28 11 25 3 42 43 45 20 12 15 38 40 30 23 2 48 4 41 49 9 36 17 8 37 24 27 33 50 7 47 10 35 13 14 32 19 6 21 39 46 5 26 1 
student 180: 19 17 46 45 28 31 18 29 9 24 2 34 38 47 16 7 25 40 42 30 26 5 41 4 43 49 13 35 6 11 39 22 27 32 50 10 48 14 36 12 15 33 20 8 21 37 44 3 23 1 
student 181: 22 15 41 46 28 32 13 26 12 31 4 39 44 49 18 14 24 43 40 33 27 6 36 1 42 48 9 30 11 3 34 21 29 35 50 8 45 10 38 16 20 19 25 5 17 37 47 7 23 2 
student 182: 19 22 40 47 29 31 13 26 6 25 1 37 44 43 18 16 17 39 45 30 28 7 42 2 41 49 10 32 15 11 33 21 27 36 50 5 46 12 35 8 14 34 20 4 23 38 48 3 24 9 
student 183: 22 12 40 48 30 33 16 25 10 27 3 36 45 44 18 13 20 41 42 31 24 2 38 5 49 50 8 34 14 9 39 21 26 32 46 7 47 11 35 15 19 29 17 4 23 37 43 6 28 1 
student 184: 17 19 40 45 28 32 15 26 6 29 4 35 46 42 18 13 21 39 41 30 23 8 43 2 44 48 9 33 12 10 36 20 27 34 49 7 50 14 37 11 16 31 25 3 22 38 47 5 24 1 
student 185: 19 20 42 47 36 34 12 26 9 27 1 41 43 46 16 14 21 40 37 30 24 5 38 2 39 48 10 33 13 8 32 23 28 29 50 7 49 11 45 15 18 31 22 3 17 35 44 6 25 4 
student 186: 22 16 37 48 30 42 15 24 4 27 2 44 45 46 17 13 21 38 40 29 18 5 34 6 41 47 9 32 11 7 36 28 25 33 50 10 49 12 39 14 19 31 26 3 23 35 43 8 20 1 
student 187: 21 20 43 47 29 35 12 24 8 25 2 34 44 50 17 13 18 39 41 31 30 7 40 1 42 46 10 38 14 9 28 19 27 36 49 6 48 11 37 16 15 33 26 3 22 32 45 4 23 5 
student 188: 20 15 37 44 30 31 14 26 9 29 1 40 46 47 21 11 16 41 43 28 27 5 42 4 39 48 7 32 10 13 34 22 35 33 49 6 50 8 38 17 18 25 23 3 19 36 45 12 24 2 
student 189: 15 12 39 46 25 36 23 28 9 31 2 37 42 49 17 13 18 38 40 27 26 5 41 3 48 45 11 35 10 7 34 21 22 30 44 8 50 14 33 16 19 43 20 4 24 32 47 6 29 1 
student 190: 12 21 39 47 28 34 14 25 9 26 3 41 49 43 16 13 15 37 44 30 19 2 40 4 42 48 10 32 11 8 33 27 29 38 50 7 46 17 35 20 24 31 22 6 18 36 45 5 23 1 
student 191: 20 17 39 46 32 30 13 22 11 28 2 41 40 48 18 16 19 42 43 27 26 4 38 3 44 47 7 33 15 5 37 24 29 34 49 9 50 10 36 12 14 31 21 6 23 35 45 8 25 1 
student 192: 20 19 42 45 28 34 14 27 12 25 9 40 47 46 18 11 21 39 41 32 24 5 38 3 43 48 7 35 2 13 31 26 29 30 49 8 50 10 37 15 16 33 22 6 17 36 44 4 23 1 
student 193: 21 10 40 46 28 35 17 26 11 29 1 38 41 45 18 15 19 42 44 32 25 3 37 7 49 50 8 33 14 2 36 24 31 34 48 4 47 9 30 13 16 27 23 5 22 39 43 12 20 6 
student 194: 18 21 40 48 32 29 15 25 9 28 3 43 39 49 16 10 17 41 44 30 26 6 38 2 42 46 13 33 14 12 34 24 27 31 47 8 50 5 37 11 20 35 23 4 19 36 45 7 22 1 
student 195: 22 15 42 45 27 35 14 28 12 25 2 36 44 49 17 13 20 40 41 34 26 6 37 3 43 48 10 31 8 7 38 24 30 32 50 9 47 11 33 16 18 29 23 5 21 39 46 4 19 1 
student 196: 21 18 43 48 28 32 15 27 7 26 1 39 47 45 16 17 19 36 42 30 25 6 40 4 41 46 11 33 12 10 37 24 29 35 49 8 50 9 38 14 13 31 20 5 22 34 44 2 23 3 
student 197: 23 18 41 48 36 32 17 25 6 27 2 38 42 47 15 13 20 40 46 26 21 8 39 1 45 49 12 37 11 10 34 22 29 33 50 5 44 9 35 14 16 30 24 4 19 31 43 7 28 3 
student 198: 16 20 40 45 30 31 15 24 10 25 4 41 43 47 18 11 19 34 44 29 27 5 39 3 42 48 9 37 14 7 35 26 28 32 50 8 49 12 38 13 17 33 23 2 22 36 46 6 21 1 
student 199: 22 20 39 47 28 29 15 26 10 27 2 37 44 46 16 13 17 40 45 33 25 7 43 6 41 48 12 35 9 5 38 24 31 32 50 3 49 11 34 14 18 30 21 4 23 36 42 8 19 1 
student 200: 20 15 40 35 30 34 13 26 10 27 4 37 47 44 18 17 16 38 41 31 23 7 42 1 45 49 11 29 9 8 39 21 28 33 50 6 48 14 36 12 19 32 22 3 24 43 46 5 25 2 
student 201: 20 16 43 46 29 31 17 27 10 28 1 36 44 45 23 14 19 38 42 30 24 4 41 5 47 48 7 32 12 9 34 22 26 37 50 8 49 11 39 15 13 35 25 2 18 33 40 6 21 3 
student 202: 21 16 40 47 29 30 12 26 6 25 1 38 44 45 19 15 18 35 46 27 28 2 37 5 42 48 11 34 10 9 36 22 31 33 50 7 49 14 39 13 17 32 20 8 23 41 43 3 24 4 
student 203: 20 18 44 48 30 33 16 23 11 28 4 36 41 46 17 15 19 40 45 31 27 5 38 2 42 43 9 34 8 6 37 25 29 32 50 10 49 12 39 14 13 26 21 3 22 35 47 7 24 1 
student 204: 17 19 42 46 30 32 15 27 10 26 2 36 45 44 18 13 20 38 41 31 22 6 39 5 43 48 7 37 9 11 33 24 28 35 50 8 49 12 34 14 16 29 21 3 23 40 47 4 25 1 
student 205: 20 14 45 44 29 33 17 22 5 27 2 36 43 48 18 15 19 41 42 30 26 3 40 6 38 47 8 32 10 9 34 28 25 35 50 4 49 12 39 13 16 31 21 11 23 37 46 7 24 1 
student 206: 18 15 38 46 29 31 12 24 9 27 1 43 45 47 20 13 14 44 39 30 26 6 37 2 42 49 10 33 11 7 40 25 28 32 50 8 48 17 35 16 21 34 19 5 22 36 41 4 23 3 
student 207: 19 20 42 47 28 34 9 24 8 29 5 38 46 48 18 14 17 39 43 33 25 6 40 2 44 45 12 30 13 11 32 27 26 35 50 7 49 10 36 15 16 31 23 3 21 37 41 4 22 1 
student 208: 20 14 39 47 25 31 16 27 6 29 2 38 46 49 17 13 18 40 43 30 24 4 41 3 42 45 10 35 12 11 33 21 28 34 50 5 48 7 37 15 19 32 23 8 22 36 44 9 26 1 
student 209: 19 16 42 46 25 31 15 24 8 26 2 37 45 47 18 11 21 39 40 33 27 4 41 1 43 44 10 34 12 9 36 28 29 32 49 7 48 13 35 14 17 30 20 3 23 38 50 5 22 6 
student 210: 25 17 43 49 30 37 16 24 7 27 4 36 45 42 20 13 19 40 39 31 26 6 44 2 41 46 9 29 11 10 38 21 28 33 48 8 50 12 35 15 14 32 22 3 18 34 47 5 23 1 
student 211: 20 16 35 46 29 33 15 27 8 24 4 38 39 49 21 12 17 42 44 31 25 7 43 6 40 47 9 30 11 5 37 23 26 32 48 3 50 14 41 13 19 34 18 1 22 36 45 10 28 2 
student 212: 20 15 43 44 30 28 17 23 9 26 3 37 47 45 18 11 19 42 39 33 24 4 40 2 46 48 10 32 13 7 34 22 29 35 50 8 49 14 36 16 12 31 21 5 25 38 41 6 27 1 
student 213: 22 17 44 46 25 36 15 26 11 29 1 35 47 42 18 12 19 40 41 27 28 6 39 2 43 45 8 34 9 10 38 21 30 33 49 7 48 14 32 13 16 31 24 5 20 37 50 3 23 4 
student 214: 16 20 40 49 31 30 14 26 9 28 8 39 45 47 21 13 19 36 43 25 27 5 37 3 42 48 7 33 12 10 35 23 29 38 50 4 44 11 41 15 18 32 17 2 22 34 46 6 24 1 
student 215: 20 18 38 43 29 34 17 24 8 27 3 40 42 47 16 14 19 39 41 31 25 5 45 7 46 44 9 32 13 10 35 23 28 33 48 6 50 12 36 11 15 30 22 2 21 37 49 4 26 1 
student 216: 19 24 40 47 29 35 13 23 8 27 2 38 42 45 18 12 16 39 43 30 26 6 41 3 44 49 10 31 9 7 37 22 28 33 48 15 50 11 36 14 17 32 20 4 21 34 46 5 25 1 
student 217: 21 18 41 48 30 31 14 26 8 27 1 43 47 45 16 15 19 38 40 34 22 4 39 6 42 49 10 32 11 9 33 20 29 37 46 7 50 12 35 17 13 28 23 3 24 36 44 5 25 2 
student 218: 16 18 43 45 32 31 15 28 9 30 3 34 42 47 17 11 21 37 40 33 24 5 41 2 46 48 13 29 10 12 38 25 27 35 50 8 49 7 39 14 19 26 22 4 23 36 44 6 20 1 
student 219: 22 20 41 46 27 35 15 25 8 26 7 37 44 47 16 12 21 38 43 29 33 5 40 2 42 50 10 31 13 9 34 24 28 32 49 3 48 11 39 17 14 30 18 4 23 36 45 6 19 1 
student 220: 20 16 41 48 30 34 14 25 7 27 2 38 46 37 18 12 19 40 43 29 26 5 42 9 45 49 11 33 13 8 32 23 28 35 50 6 47 10 39 15 17 31 21 3 22 36 44 4 24 1 
student 221: 19 17 42 45 28 33 15 25 9 27 3 39 44 50 18 13 22 40 43 30 26 7 41 2 46 47 11 35 12 10 36 24 29 32 49 4 48 8 34 14 16 31 21 6 23 37 38 1 20 5 
student 222: 22 17 44 47 24 35 16 28 8 37 4 38 43 46 18 12 21 41 40 31 27 6 39 1 45 50 13 33 10 9 29 23 26 36 49 5 48 11 34 14 19 32 15 3 20 30 42 7 25 2 
student 223: 22 19 40 45 30 35 15 25 5 29 1 39 43 49 16 11 18 36 41 28 26 6 44 4 42 48 12 31 17 10 34 23 27 33 50 7 47 8 37 13 14 32 21 2 20 38 46 3 24 9 
student 224: 23 21 39 43 28 32 14 30 9 26 1 35 45 49 10 13 16 37 40 29 27 15 38 4 41 48 8 34 11 5 36 24 25 33 50 7 47 12 44 17 19 31 18 6 20 42 46 3 22 2 
student 225: 21 18 39 45 29 31 14 25 11 20 2 36 44 46 19 13 16 41 42 30 26 5 40 4 48 49 9 38 12 8 35 28 27 32 47 7 50 10 33 15 17 37 24 3 22 34 43 6 23 1 
student 226: 22 19 41 47 30 37 16 29 11 26 1 35 43 46 18 9 17 40 44 31 25 6 36 3 45 48 7 32 12 10 33 20 27 38 50 4 49 13 28 15 14 34 21 2 24 39 42 8 23 5 
student 227: 23 15 43 45 29 33 18 26 8 22 3 36 46 47 17 14 24 38 42 30 27 5 39 2 44 48 9 35 12 10 40 16 28 37 50 6 49 11 31 13 19 32 20 4 21 34 41 7 25 1 
student 228: 22 15 43 42 27 32 16 25 9 29 10 44 47 45 18 7 19 40 39 30 24 2 38 5 41 46 14 37 11 6 34 23 28 35 50 8 49 13 36 12 17 31 20 1 21 33 48 3 26 4 
student 229: 21 18 42 50 33 31 14 25 9 29 1 35 46 38 17 16 20 41 45 28 27 6 40 2 43 48 10 32 12 8 37 24 26 34 49 7 44 11 39 13 15 30 19 4 23 36 47 3 22 5 
student 230: 20 15 39 45 28 32 11 23 10 24 3 41 43 49 16 18 19 38 40 34 26 1 42 4 44 47 8 30 12 5 33 21 29 35 50 7 46 13 37 14 17 31 25 6 22 36 48 9 27 2 
student 231: 21 18 42 45 27 34 17 26 6 28 2 37 43 47 16 14 19 38 40 29 25 8 44 3 41 46 12 30 10 9 35 24 32 31 50 7 48 11 39 13 15 33 22 5 20 36 49 4 23 1 
student 232: 20 19 41 43 29 33 16 27 6 25 1 38 45 46 15 14 18 39 47 30 28 9 42 7 40 50 11 32 10 8 34 24 26 35 49 5 44 12 37 13 17 31 21 3 22 36 48 4 23 2 
student 233: 22 18 42 46 28 32 16 25 9 27 2 37 40 44 19 11 20 35 43 30 26 5 39 3 45 48 8 36 14 13 34 15 29 33 50 7 49 10 41 12 17 31 23 4 24 38 47 6 21 1 
student 234: 20 13 38 46 32 33 16 25 9 27 4 39 42 45 18 12 19 41 44 28 29 6 40 3 43 48 10 31 14 8 34 22 26 36 49 7 50 11 35 15 17 30 21 5 23 37 47 2 24 1 
student 235: 21 17 38 44 30 31 15 25 7 27 2 39 42 46 19 8 20 40 47 29 26 9 43 6 41 48 11 36 12 10 37 16 28 34 50 3 49 13 35 14 18 32 24 5 23 33 45 4 22 1 
student 236: 18 19 44 43 33 30 14 24 9 26 3 39 42 50 17 16 21 38 41 28 22 5 37 2 45 47 11 32 10 8 35 25 29 31 48 7 49 12 40 13 15 34 20 4 23 36 46 6 27 1 
student 237: 21 18 43 48 35 29 16 27 9 26 4 38 44 46 15 12 20 41 40 31 25 2 36 3 42 49 10 32 11 7 39 24 30 33 50 8 47 13 37 17 14 28 19 5 22 34 45 6 23 1 
student 238: 20 18 37 48 27 31 16 28 9 26 3 40 45 49 19 13 17 38 41 32 24 4 39 2 42 50 10 35 11 8 44 25 29 30 46 6 43 15 36 14 12 33 23 5 21 34 47 7 22 1 
student 239: 21 15 41 45 30 29 16 26 3 23 4 37 50 46 20 13 19 38 43 27 28 9 40 5 42 47 8 34 12 7 39 18 31 35 49 10 48 11 32 14 22 33 17 1 24 36 44 6 25 2 
student 240: 20 12 40 49 29 30 19 25 5 32 1 36 43 44 16 14 17 37 39 28 27 7 45 6 41 48 9 35 11 10 34 22 26 33 47 8 50 13 38 15 18 31 24 3 21 42 46 4 23 2 
student 241: 19 16 43 45 28 31 15 24 9 26 4 39 46 48 18 13 17 38 41 32 27 1 40 3 44 50 11 35 12 10 34 23 29 33 49 6 47 8 36 14 20 30 21 5 22 37 42 7 25 2 
student 242: 21 17 39 45 25 34 15 24 10 29 1 41 42 48 19 11 18 44 46 31 27 3 35 6 40 50 12 30 9 8 33 23 28 36 49 7 47 13 37 14 16 32 20 4 22 38 43 5 26 2 
student 243: 18 17 44 47 29 30 11 26 4 24 2 37 43 49 16 19 20 38 45 31 28 8 40 6 41 46 10 34 7 9 35 21 27 33 50 5 48 15 39 13 14 32 22 3 23 36 42 12 25 1 
student 244: 19 21 41 49 30 32 15 22 8 27 2 38 45 46 16 14 17 39 40 33 26 6 36 5 44 47 11 31 9 10 35 23 29 34 50 7 48 12 42 13 18 28 20 3 24 37 43 4 25 1 
student 245: 19 21 42 47 29 36 18 26 7 23 1 35 44 45 14 13 16 40 38 31 27 6 41 2 43 48 10 32 12 8 39 25 28 33 50 9 49 11 37 15 17 30 20 3 22 34 46 5 24 4 
student 246: 19 17 40 43 27 34 14 28 1 32 5 37 46 47 20 13 18 39 42 33 25 8 41 3 45 48 7 29 10 6 35 24 23 31 50 11 49 12 38 15 16 30 21 4 22 36 44 9 26 2 
student 247: 20 11 38 44 29 26 18 30 10 23 2 41 46 47 12 17 14 37 40 31 27 5 43 3 42 49 16 32 9 8 33 21 28 36 50 7 45 13 39 15 19 34 22 4 24 35 48 6 25 1 
student 248: 20 18 41 46 34 31 15 26 7 27 2 33 44 45 19 16 21 40 42 25 32 4 39 3 43 49 10 30 11 9 35 17 28 36 50 6 48 12 37 13 14 29 23 8 22 38 47 5 24 1 
student 249: 22 14 42 44 32 29 15 21 9 27 3 35 45 48 19 12 18 40 41 31 26 1 39 5 43 49 11 30 17 10 33 23 28 34 50 7 47 8 38 13 16 37 20 2 24 36 46 6 25 4 
student 250: 20 14 41 47 31 32 13 26 15 29 3 38 44 48 19 12 21 35 39 27 25 6 42 2 43 46 8 34 11 9 40 24 28 33 50 7 49 10 36 16 17 30 18 5 22 37 45 4 23 1 
student 251: 16 17 38 48 29 33 15 25 5 32 3 40 44 47 20 19 21 34 42 30 26 7 41 2 43 50 9 36 11 6 37 18 28 35 45 10 49 13 31 12 14 27 22 4 23 39 46 8 24 1 
student 252: 23 14 40 45 31 32 16 26 8 27 4 38 44 46 19 12 17 34 41 29 22 3 43 1 42 47 11 33 9 10 37 21 28 35 49 6 48 13 39 15 18 30 24 2 20 36 50 7 25 5 
student 253: 20 17 35 46 28 34 11 23 5 29 6 37 43 47 18 14 19 39 44 31 26 7 40 4 42 48 9 30 8 3 33 25 27 38 50 10 49 13 41 15 16 32 21 2 22 36 45 12 24 1 
student 254: 20 17 44 47 28 33 14 24 9 23 2 37 46 49 15 21 18 39 42 30 25 1 36 4 40 45 10 32 12 7 35 27 29 34 50 8 48 13 41 11 16 31 22 5 26 38 43 6 19 3 
student 255: 21 16 43 46 29 31 14 25 6 28 1 38 45 47 19 17 18 42 37 32 27 5 40 4 41 48 9 34 13 2 33 26 24 35 50 7 49 10 39 12 15 30 22 11 23 36 44 8 20 3 
student 256: 16 20 40 46 31 32 15 24 10 25 4 38 44 47 18 14 21 39 42 29 26 2 41 8 43 48 11 33 9 7 30 23 28 35 50 5 49 12 36 13 17 34 19 6 22 37 45 3 27 1 
student 257: 17 18 46 43 29 28 14 24 10 30 1 38 45 48 20 13 21 40 41 31 25 7 42 3 36 47 9 32 11 5 37 23 27 35 50 8 49 12 39 15 16 33 19 4 26 34 44 6 22 2 
student 258: 22 16 42 45 29 33 14 24 4 26 1 39 44 49 17 20 18 36 43 32 27 6 38 3 40 46 12 30 8 9 34 21 28 31 50 13 48 11 41 15 10 37 19 2 25 35 47 5 23 7 
student 259: 21 18 40 45 25 33 16 27 3 20 2 38 46 48 17 15 19 39 42 28 24 11 41 6 43 47 9 29 13 8 36 23 31 34 50 7 49 10 35 12 14 32 22 4 26 37 44 5 30 1 
student 260: 18 21 44 47 31 30 15 25 8 20 1 37 42 45 22 14 17 38 43 28 27 4 39 3 41 48 11 32 9 5 35 26 29 33 49 12 50 10 36 13 16 34 24 6 19 40 46 7 23 2 
student 261: 15 18 39 48 27 32 13 25 7 28 1 45 40 43 19 12 21 42 44 33 30 2 38 5 46 50 10 31 17 9 36 23 24 34 49 8 47 11 37 14 16 29 20 4 22 35 41 6 26 3 
student 262: 20 15 42 47 30 35 16 25 5 26 4 38 46 45 18 17 19 39 44 32 27 6 41 2 40 48 8 29 10 9 36 22 31 34 50 12 49 13 33 14 11 28 23 7 21 37 43 3 24 1 
student 263: 22 21 42 45 29 34 15 28 7 25 2 38 44 46 13 12 18 40 43 30 26 8 39 3 41 48 10 32 9 6 36 19 27 33 49 5 50 16 37 17 14 31 20 4 23 35 47 11 24 1 
student 264: 21 15 41 46 35 25 17 26 5 27 2 36 43 44 16 12 19 40 39 29 30 3 38 1 45 49 9 32 13 10 34 24 23 33 50 8 48 11 42 14 18 28 22 4 20 37 47 7 31 6 
student 265: 16 17 38 45 25 34 15 26 9 32 2 40 49 46 19 14 22 39 43 28 27 5 42 3 41 47 10 31 11 8 35 20 30 33 50 7 48 13 37 12 18 29 23 6 24 36 44 4 21 1 
student 266: 17 18 43 45 32 35 14 20 7 30 3 37 44 50 19 12 16 39 41 28 26 6 40 5 46 48 8 29 9 13 34 21 27 33 49 11 47 10 38 23 15 31 24 2 22 36 42 4 25 1 
student 267: 20 17 48 49 30 35 16 25 7 26 3 38 42 43 21 11 22 40 39 31 23 4 44 5 41 46 13 32 8 12 34 18 28 33 50 9 47 10 37 14 15 29 19 1 27 36 45 6 24 2 
student 268: 20 15 37 46 22 29 13 27 9 31 2 42 41 47 18 12 17 36 43 25 26 4 40 3 50 45 8 35 14 10 38 21 30 34 49 6 48 11 39 19 16 32 23 5 28 33 44 7 24 1 
student 269: 21 17 40 46 24 33 15 29 10 26 2 41 43 47 18 14 19 39 42 31 25 4 37 3 44 50 12 30 9 6 35 27 28 32 49 7 48 11 38 13 16 34 20 8 22 36 45 5 23 1 
student 270: 22 16 42 45 28 31 14 25 8 29 5 38 43 48 18 13 20 39 40 30 26 7 41 2 46 47 10 36 11 9 37 21 27 34 50 4 49 12 35 17 15 33 24 6 19 32 44 3 23 1 
student 271: 23 24 44 43 27 31 13 26 7 28 4 38 46 47 18 11 20 34 41 32 30 2 40 5 42 49 12 35 16 9 33 21 25 36 48 6 50 10 39 14 17 29 22 3 19 37 45 8 15 1 
student 272: 22 18 41 47 34 29 14 26 8 30 3 36 42 49 17 13 20 39 44 27 19 6 40 5 43 46 9 32 10 7 35 23 25 33 50 4 48 12 38 15 16 31 24 2 21 37 45 11 28 1 
student 273: 21 14 43 46 30 33 17 26 7 28 1 39 44 48 19 15 20 34 42 25 27 2 40 5 41 49 9 35 11 4 32 22 29 36 50 10 47 12 38 16 13 31 18 3 23 37 45 8 24 6 
student 274: 22 17 40 46 29 30 14 31 8 21 3 36 44 48 19 20 10 37 41 25 27 4 38 2 43 49 9 32 12 11 35 18 28 34 50 7 47 13 42 15 16 33 26 6 24 39 45 5 23 1 
student 275: 20 16 41 43 28 33 11 26 18 29 2 34 47 46 17 13 23 37 45 30 19 5 42 3 38 50 9 35 10 7 32 24 27 36 48 8 49 12 40 14 15 31 21 4 22 39 44 6 25 1 
student 276: 22 16 32 45 30 33 11 28 7 25 2 40 44 46 18 14 20 39 42 29 26 6 41 3 43 47 8 34 13 12 31 23 27 35 49 5 50 9 37 15 19 36 21 4 17 38 48 10 24 1 
student 277: 22 13 41 44 34 35 17 25 6 27 1 40 49 46 14 12 16 39 38 29 26 4 42 3 45 47 8 31 10 19 33 23 28 32 48 7 50 11 36 15 20 30 21 5 18 37 43 9 24 2 
student 278: 21 18 33 44 31 35 16 25 4 26 9 40 42 46 19 13 20 39 45 30 27 5 41 1 47 48 8 32 12 10 37 23 29 34 50 7 49 11 38 14 15 28 22 3 17 36 43 6 24 2 
student 279: 18 15 41 46 27 29 16 25 8 28 1 38 48 44 20 11 24 39 42 33 26 5 40 2 43 45 10 32 12 9 31 23 30 36 50 7 49 13 37 14 17 34 19 4 21 35 47 6 22 3 
student 280: 27 16 42 45 31 30 15 26 9 24 2 40 43 49 18 13 22 38 44 28 23 6 41 3 39 47 10 33 11 5 34 19 29 35 50 8 48 12 37 14 20 32 17 4 21 36 46 7 25 1 
student 281: 22 17 45 44 30 33 15 24 5 27 3 39 46 48 18 12 20 42 37 29 26 4 40 7 43 47 6 32 8 13 35 25 28 34 50 11 49 10 36 14 16 31 19 1 21 38 41 9 23 2 
student 282: 19 18 42 49 30 29 10 22 6 25 3 40 45 46 17 12 20 38 39 32 23 7 41 5 43 47 11 33 15 9 35 27 28 31 50 8 48 13 34 14 16 37 21 4 24 36 44 2 26 1 
student 283: 22 16 41 45 26 29 15 23 10 25 5 38 43 48 19 13 21 39 42 31 28 8 37 3 47 49 6 33 11 7 40 30 27 36 50 4 46 12 35 14 18 32 20 2 24 34 44 9 17 1 
student 284: 23 18 38 47 29 30 14 22 6 25 2 39 46 48 17 11 19 40 41 31 27 4 43 7 45 44 8 34 12 9 37 26 28 32 50 10 49 13 35 15 16 33 20 1 21 36 42 5 24 3 
student 285: 22 15 39 47 31 35 16 25 8 28 2 38 43 48 20 13 18 36 42 33 29 6 41 4 44 45 10 26 11 7 34 24 30 27 49 5 50 12 40 14 17 32 23 1 19 37 46 9 21 3 
student 286: 17 20 36 44 29 34 16 24 6 27 3 43 42 49 19 15 21 38 47 31 26 9 41 1 39 50 12 32 10 8 33 23 28 35 48 7 45 13 40 14 11 30 18 4 25 37 46 5 22 2 
student 287: 22 17 41 45 27 36 15 31 9 30 1 39 44 49 18 13 19 38 42 23 28 4 40 3 47 46 10 37 12 8 33 25 26 29 50 7 48 11 35 14 16 32 21 6 20 34 43 5 24 2 
student 288: 20 14 42 45 29 34 16 28 11 25 1 39 40 48 18 12 19 38 43 31 24 2 41 6 44 46 9 33 13 10 32 23 27 35 50 5 49 7 37 15 17 30 21 3 22 36 47 8 26 4 
student 289: 22 15 41 49 28 32 16 24 6 31 3 39 44 46 18 2 21 35 42 29 26 9 38 5 43 50 8 30 12 11 36 23 27 33 48 10 45 13 40 14 19 34 20 4 25 37 47 7 17 1 
student 290: 20 16 42 48 32 33 18 24 8 31 3 38 43 45 17 13 27 40 41 30 23 6 39 4 44 47 12 28 9 10 36 25 29 34 50 7 49 14 37 15 11 26 21 2 19 35 46 5 22 1 
student 291: 21 12 41 46 28 29 17 26 9 25 5 38 43 47 18 13 19 39 42 32 27 6 40 2 45 48 10 33 11 8 35 20 31 34 50 4 49 14 37 15 16 30 22 3 24 36 44 7 23 1 
student 292: 14 21 40 44 29 34 15 25 8 26 1 42 43 49 20 13 19 39 46 32 27 5 38 3 41 47 9 30 16 10 35 24 28 33 48 6 50 12 37 11 18 31 23 4 17 36 45 7 22 2 
student 293: 19 18 44 49 33 31 17 24 8 28 3 39 42 46 20 14 16 41 43 29 27 5 37 4 45 48 10 32 12 9 34 26 25 38 50 6 47 11 36 13 15 30 21 2 22 35 40 7 23 1 
student 294: 20 17 41 45 30 32 15 26 6 25 4 38 46 50 18 14 23 39 42 35 31 5 40 2 43 48 12 29 9 8 34 24 27 36 47 11 49 13 37 10 16 28 19 3 21 33 44 7 22 1 
student 295: 16 19 38 45 28 34 15 26 7 29 2 39 44 50 24 13 20 40 46 31 27 5 41 3 42 48 9 33 11 10 35 22 21 32 49 6 47 14 36 12 17 30 18 4 25 37 43 8 23 1 
student 296: 19 18 40 47 30 28 16 27 7 26 3 36 42 46 11 12 20 41 43 31 23 4 39 5 44 48 9 34 13 6 33 22 29 35 50 2 49 14 37 15 17 32 21 10 24 38 45 8 25 1 
student 297: 22 17 39 42 30 33 18 21 2 19 1 37 45 50 23 13 25 38 43 31 27 7 40 5 48 49 9 35 10 8 32 26 29 34 46 4 47 14 36 11 15 28 20 3 16 41 44 12 24 6 
student 298: 19 20 37 44 30 32 22 25 9 27 2 46 38 47 16 10 18 40 39 31 23 4 43 3 45 49 8 34 12 11 35 21 29 33 48 7 50 14 36 13 15 28 17 5 24 41 42 6 26 1 
student 299: 22 18 39 48 28 30 15 25 6 27 2 38 49 44 17 13 20 40 43 33 24 5 41 3 46 45 10 32 9 11 35 26 29 34 50 8 47 12 36 14 16 31 23 4 21 37 42 7 19 1 
student 300: 21 14 40 45 23 32 16 27 10 28 2 35 46 47 18 12 17 37 42 31 29 6 41 4 44 48 9 33 11 8 38 24 30 36 50 7 49 13 39 15 19 26 20 1 25 34 43 5 22 3 
student 301: 19 24 41 45 30 33 14 23 10 27 4 39 46 44 18 9 15 40 42 29 26 6 38 1 43 48 8 31 16 11 35 22 28 34 50 7 49 12 37 13 17 32 20 3 21 36 47 5 25 2 
student 302: 24 17 42 45 29 31 18 25 9 28 3 34 44 48 19 15 20 39 40 30 23 4 41 2 43 46 12 36 8 6 35 14 27 37 49 10 50 13 38 16 11 32 26 5 21 33 47 7 22 1 
student 303: 19 17 41 46 31 32 14 23 6 27 1 35 45 48 18 20 21 39 42 28 26 5 36 3 44 49 8 33 13 11 38 22 29 37 43 7 50 10 40 12 15 30 16 2 25 34 47 9 24 4 
student 304: 17 16 38 47 30 32 20 27 7 29 1 34 43 46 12 13 21 40 42 31 25 2 45 4 41 49 10 28 15 9 37 23 26 35 50 6 44 18 36 11 14 33 19 5 24 39 48 8 22 3 
student 305: 17 15 36 50 30 32 19 22 9 25 3 39 45 43 18 12 20 40 41 31 28 6 42 2 44 48 10 34 11 8 35 23 27 33 47 7 49 14 38 13 16 29 21 4 26 37 46 5 24 1 
student 306: 20 17 39 48 31 32 16 28 7 29 1 36 42 47 18 14 19 45 40 27 26 6 37 4 41 44 10 30 12 2 35 21 25 43 50 8 49 11 38 13 15 33 22 5 24 34 46 9 23 3 
student 307: 19 18 40 43 29 33 14 24 7 27 2 37 47 49 17 12 20 41 42 28 26 4 39 3 45 46 15 32 11 9 35 25 30 34 48 5 50 10 38 13 16 31 22 6 21 36 44 8 23 1 
student 308: 20 17 42 45 28 32 19 26 6 25 3 37 46 50 16 11 18 40 43 29 23 7 38 2 41 47 8 33 12 9 34 24 30 36 49 4 48 14 39 15 13 31 22 5 21 35 44 10 27 1 
student 309: 17 15 38 48 29 31 16 26 6 23 7 36 43 47 14 13 22 37 41 30 27 4 44 1 42 49 12 39 11 9 40 25 28 32 45 5 50 10 33 18 20 34 24 2 21 35 46 8 19 3 
student 310: 22 27 41 47 30 29 16 21 8 26 1 40 44 46 24 13 17 39 43 31 23 4 38 3 42 48 11 32 10 9 34 18 25 36 50 7 49 12 35 14 15 33 19 5 20 37 45 6 28 2 
student 311: 20 21 45 44 28 33 16 27 6 32 4 38 41 48 17 12 18 39 40 25 29 5 42 1 47 49 11 34 10 9 35 26 19 31 46 8 50 14 36 15 13 30 23 3 22 37 43 7 24 2 
student 312: 20 17 41 44 29 34 15 22 8 27 3 37 45 48 21 12 19 40 38 31 25 5 43 2 42 47 13 33 10 11 32 23 28 39 50 7 49 9 35 14 16 30 24 4 18 36 46 6 26 1 
student 313: 19 18 36 47 35 33 14 24 5 27 2 40 44 46 15 11 20 41 42 31 23 1 39 4 43 48 9 32 13 6 34 25 30 29 50 7 49 16 38 12 17 26 21 8 22 37 45 10 28 3 
student 314: 21 16 38 47 29 31 17 24 14 25 2 34 45 46 18 11 19 36 41 30 28 4 39 7 43 49 6 32 15 8 37 23 27 33 50 9 48 12 42 13 10 35 22 3 20 40 44 5 26 1 
student 315: 20 18 41 45 25 31 16 23 6 28 2 36 43 49 14 12 21 38 44 29 27 3 40 4 42 46 11 35 8 10 39 24 30 33 50 9 48 13 34 15 17 32 22 5 26 37 47 7 19 1 
student 316: 21 15 41 46 26 32 16 20 10 25 1 40 43 48 18 13 19 38 42 28 24 5 39 2 44 47 14 35 12 7 34 27 30 33 50 9 49 11 37 8 17 31 22 3 23 36 45 6 29 4 
student 317: 20 19 38 44 29 32 11 25 10 27 4 36 46 47 18 15 17 42 43 30 26 5 37 2 41 49 13 31 9 8 34 23 28 35 48 6 50 12 40 14 16 33 21 3 22 39 45 7 24 1 
student 318: 21 14 43 48 30 33 23 22 12 26 2 40 45 44 16 15 17 36 41 29 28 5 37 3 42 50 8 32 10 6 35 25 24 38 47 9 49 13 34 11 20 31 27 4 19 39 46 7 18 1 
student 319: 15 17 41 45 29 30 14 24 8 27 3 38 42 48 20 12 19 39 43 34 25 4 40 5 46 47 11 33 10 13 36 28 26 32 49 7 50 9 37 21 18 31 22 2 16 35 44 6 23 1 
student 320: 23 15 42 47 31 26 11 21 8 29 3 37 44 45 19 14 20 39 43 28 27 7 40 1 41 49 13 36 10 9 33 17 30 34 50 6 48 16 35 18 12 32 25 4 22 38 46 5 24 2 
student 321: 24 15 46 47 29 31 16 26 8 27 3 39 44 43 20 12 19 38 45 30 21 4 40 2 41 42 9 34 11 10 33 17 28 37 49 7 48 13 36 14 18 32 22 5 25 35 50 6 23 1 
student 322: 19 20 40 48 29 34 12 21 8 27 2 37 44 49 18 13 17 38 43 31 24 5 39 4 42 47 11 41 10 7 33 26 28 30 46 6 50 15 35 14 16 36 22 3 25 32 45 9 23 1 
student 323: 19 22 41 42 33 31 16 26 5 27 1 38 43 48 17 12 18 39 45 30 25 7 40 2 44 49 11 35 9 8 32 23 28 34 50 10 46 14 36 13 15 29 20 4 21 37 47 6 24 3 
student 324: 19 16 41 46 29 31 10 24 4 26 2 45 43 47 17 15 20 38 42 32 25 6 40 3 39 44 12 34 14 11 33 22 28 36 50 13 48 9 35 8 18 30 27 5 21 37 49 7 23 1 
student 325: 18 17 45 38 24 29 14 30 10 27 6 37 44 49 16 13 22 43 41 28 26 4 46 3 42 47 11 35 15 5 33 23 32 31 48 7 50 8 39 12 21 34 20 9 25 36 40 2 19 1 
student 326: 20 17 41 50 29 33 13 25 6 28 2 39 44 47 19 14 18 38 42 27 26 9 40 1 43 49 10 32 11 8 36 23 30 34 48 7 46 12 35 16 15 31 22 5 21 37 45 4 24 3 
student 327: 20 21 42 47 31 36 14 26 9 28 2 37 45 40 19 6 16 41 43 33 25 5 39 4 46 44 10 27 13 7 38 23 29 30 50 11 49 17 35 12 15 34 18 3 22 32 48 8 24 1 
student 328: 21 19 41 43 28 33 16 25 9 29 3 39 47 44 18 15 20 38 42 30 27 6 40 4 45 48 11 32 10 7 35 23 26 34 49 8 50 14 37 13 12 31 22 5 17 36 46 2 24 1 
student 329: 23 16 43 45 33 31 12 26 7 29 5 38 44 50 18 10 20 42 39 27 19 4 40 2 41 47 9 34 15 8 37 21 30 32 49 11 48 13 36 17 14 28 22 3 24 35 46 6 25 1 
student 330: 15 19 43 45 26 30 16 25 6 28 2 38 44 47 20 13 18 41 40 33 27 4 37 8 42 49 12 35 11 9 34 24 32 29 48 5 50 10 36 14 17 31 22 3 21 39 46 7 23 1 
student 331: 20 16 45 47 27 32 17 26 8 28 2 36 40 48 18 13 21 42 41 30 23 5 37 7 44 49 9 31 11 10 38 24 29 34 46 3 50 14 35 15 12 33 19 4 22 39 43 6 25 1 
student 332: 23 17 40 47 31 30 16 24 6 28 4 35 41 48 19 14 20 43 42 33 26 10 39 2 44 46 8 29 9 11 32 22 27 37 50 5 49 13 38 12 18 34 21 7 15 36 45 3 25 1 
student 333: 18 19 41 44 28 32 17 27 5 25 6 38 45 48 16 12 20 39 42 30 23 7 40 2 43 50 3 31 11 9 35 22 26 34 49 4 46 8 37 14 15 33 21 10 24 36 47 13 29 1 
student 334: 19 18 38 46 28 32 15 25 10 30 2 39 42 49 17 14 20 41 45 31 26 5 40 4 43 47 11 35 9 8 33 24 27 34 48 7 50 12 37 13 16 29 23 3 21 36 44 6 22 1 
student 335: 21 17 41 44 33 29 14 28 9 26 2 32 48 47 18 15 19 42 43 30 25 5 39 3 40 50 10 34 11 8 36 23 27 38 45 7 49 12 35 13 16 31 20 4 24 37 46 6 22 1 
student 336: 20 19 44 50 29 32 11 22 8 25 1 39 43 46 18 15 23 35 41 27 24 7 40 3 42 48 14 33 17 9 34 30 26 37 49 5 45 10 38 13 16 31 12 6 21 36 47 4 28 2 
student 337: 15 16 40 47 28 29 18 23 5 33 7 38 44 48 17 10 22 37 43 30 27 2 41 1 42 50 9 34 13 11 36 20 32 35 49 6 46 14 31 12 19 25 26 4 21 39 45 8 24 3 
student 338: 22 17 39 46 28 29 15 25 8 33 3 35 43 44 20 13 19 40 42 30 26 7 37 4 45 48 6 32 10 12 36 21 27 34 50 9 49 11 41 14 16 31 18 2 23 38 47 5 24 1 
student 339: 18 17 42 46 29 31 16 25 9 27 1 39 41 47 20 15 19 36 40 30 26 5 43 2 44 48 12 33 14 8 35 23 28 32 50 10 49 7 37 11 13 34 22 4 21 38 45 6 24 3 
student 340: 19 16 43 47 30 35 17 27 9 26 2 39 44 49 18 12 23 41 40 29 25 3 42 4 37 50 10 34 11 8 36 22 28 32 45 6 48 14 38 13 15 31 21 7 20 33 46 5 24 1 
student 341: 21 17 36 45 29 35 18 25 7 26 2 34 46 47 15 12 23 40 41 31 28 4 42 3 44 48 11 33 9 10 37 24 27 32 49 6 50 13 39 16 14 30 22 5 19 38 43 8 20 1 
student 342: 16 18 38 44 30 23 15 26 7 24 1 40 50 45 19 12 22 36 42 32 28 4 41 3 43 46 10 31 14 9 35 20 29 34 49 6 48 11 39 13 17 37 25 5 21 33 47 8 27 2 
student 343: 19 21 38 45 31 33 16 23 5 27 4 39 46 48 14 13 18 40 37 28 26 7 43 2 44 47 11 32 9 10 29 24 30 35 50 6 49 12 36 17 15 34 25 3 22 41 42 8 20 1 
student 344: 21 16 44 42 31 35 13 28 8 29 1 38 48 43 18 14 19 40 45 34 25 7 39 2 37 47 10 33 12 11 36 24 27 32 50 4 49 9 41 17 15 26 23 3 20 30 46 6 22 5 
student 345: 17 18 41 45 28 27 15 29 8 25 4 38 44 48 16 14 24 40 42 34 26 7 39 5 43 50 12 31 10 9 35 20 32 33 49 6 46 13 37 11 21 30 22 2 19 36 47 3 23 1 
student 346: 20 18 41 45 28 34 10 25 7 32 3 37 44 46 19 16 13 39 47 29 26 2 40 4 43 48 17 30 9 8 38 22 27 35 50 11 49 14 31 12 15 33 23 5 21 36 42 6 24 1 
student 347: 20 13 39 43 29 34 15 23 7 24 2 38 46 49 18 17 19 40 44 32 27 3 41 6 42 47 11 35 12 9 30 26 28 37 48 8 50 10 36 14 16 33 25 4 21 31 45 5 22 1 
student 348: 20 16 38 46 30 31 14 27 8 29 2 39 44 50 19 18 17 37 42 32 26 5 41 4 43 49 11 34 10 9 36 21 28 23 48 7 45 12 40 13 15 33 25 3 24 35 47 6 22 1 
student 349: 20 18 40 47 27 31 16 26 11 23 3 35 42 46 15 13 17 44 41 29 28 1 39 2 43 49 7 32 12 9 36 22 30 33 50 8 48 14 38 10 19 34 21 5 24 37 45 6 25 4 
student 350: 20 16 40 47 35 30 18 27 8 22 1 39 42 49 17 9 19 43 41 33 24 7 38 6 32 46 12 31 10 11 36 21 28 34 50 4 48 13 37 14 15 29 25 3 26 44 45 5 23 2 
student 351: 22 14 43 46 29 30 17 20 13 28 1 39 44 48 18 11 21 37 47 32 23 5 41 2 40 49 6 26 10 8 38 25 31 36 45 7 50 15 35 19 12 34 24 4 16 33 42 9 27 3 
student 352: 22 18 41 46 28 31 10 19 8 30 1 39 37 48 14 16 21 42 43 27 26 4 45 3 40 47 9 38 15 5 33 25 32 29 50 7 49 13 36 11 17 34 20 12 23 35 44 6 24 2 
student 353: 18 17 39 48 30 26 15 23 9 28 1 40 43 47 19 11 20 44 42 36 25 2 34 6 41 46 10 38 13 8 35 24 29 32 49 5 50 12 33 14 16 31 21 4 22 37 45 7 27 3 
student 354: 20 17 44 33 28 32 12 21 10 29 1 38 47 50 16 9 18 39 41 30 24 4 42 2 45 48 8 34 14 13 36 27 26 35 46 5 49 15 37 11 23 31 22 6 19 40 43 7 25 3 
student 355: 21 18 41 45 32 33 16 23 14 28 3 29 49 48 19 12 13 39 43 31 27 5 40 2 42 46 9 34 6 11 36 22 24 35 47 8 50 10 37 15 17 30 20 4 25 38 44 7 26 1 
student 356: 16 22 41 47 31 33 17 24 10 28 1 35 43 48 23 13 20 36 42 27 30 4 39 8 46 49 12 26 6 11 37 19 25 38 50 7 44 14 40 15 9 34 18 3 21 32 45 5 29 2 
student 357: 19 16 43 46 28 34 13 24 15 27 4 38 41 49 21 17 23 37 40 30 26 8 39 5 45 47 9 32 10 7 33 25 29 44 48 3 50 11 36 12 14 31 18 1 22 35 42 6 20 2 
student 358: 20 18 38 48 27 32 14 26 7 25 2 41 46 47 15 16 19 43 42 28 30 5 40 1 39 49 8 33 11 10 35 24 23 31 50 9 45 12 36 17 13 34 21 4 22 37 44 6 29 3 
student 359: 19 20 41 45 30 31 16 24 9 28 2 40 43 47 18 15 14 38 39 32 26 5 44 3 42 50 10 33 12 8 34 23 27 35 49 7 48 13 37 11 17 29 22 1 21 36 46 6 25 4 
student 360: 21 15 41 45 32 33 14 27 9 28 5 39 42 47 16 8 18 38 44 30 26 3 40 2 43 46 11 29 10 13 35 24 22 34 50 7 48 12 37 17 20 31 19 1 23 36 49 6 25 4 
student 361: 19 14 39 45 28 32 16 26 8 25 7 47 46 42 17 13 21 35 41 27 29 5 38 4 44 49 9 33 10 12 37 24 30 34 50 3 43 15 40 11 18 31 23 1 22 36 48 6 20 2 
student 362: 21 14 43 47 30 31 15 22 8 27 1 36 46 49 18 13 20 40 42 28 26 4 41 5 44 45 11 33 9 10 37 24 29 35 50 6 48 12 38 17 16 32 23 3 19 34 39 7 25 2 
student 363: 19 18 38 45 30 31 17 26 10 27 3 36 47 44 15 14 22 39 42 29 21 4 41 1 46 50 9 32 11 8 37 16 28 35 48 7 49 12 34 13 20 33 24 5 23 40 43 6 25 2 
student 364: 18 19 40 46 28 32 12 26 10 24 3 38 45 48 17 16 21 43 35 31 27 4 41 1 42 44 7 30 11 15 37 22 29 34 49 8 50 13 39 9 14 33 25 2 20 36 47 6 23 5 
student 365: 17 22 41 46 30 29 14 24 9 26 3 38 44 47 16 11 19 40 43 32 28 6 39 5 45 48 1 34 10 15 35 23 27 33 49 8 50 12 37 18 13 31 21 4 20 36 42 7 25 2 
student 366: 17 19 42 48 30 31 16 24 10 32 4 38 43 46 18 15 20 39 45 28 25 5 40 2 41 47 8 29 14 7 33 23 26 36 49 9 50 13 37 11 12 35 21 3 27 34 44 6 22 1 
student 367: 24 16 37 46 30 31 15 23 7 29 3 36 43 45 17 13 21 38 44 20 22 5 42 1 39 48 9 33 10 11 35 32 27 40 49 6 47 14 41 12 19 26 25 8 18 34 50 4 28 2 
student 368: 21 20 41 46 27 33 14 24 4 28 1 35 42 47 17 15 18 37 44 31 26 5 40 3 45 50 10 34 12 6 39 22 29 32 48 9 49 13 38 11 16 30 23 7 25 36 43 8 19 2 
student 369: 18 22 42 46 31 36 15 24 2 29 4 40 43 47 16 13 20 39 44 32 25 6 38 3 41 48 11 34 10 8 35 23 30 28 50 7 49 12 33 14 21 26 19 5 17 37 45 9 27 1 
student 370: 21 22 38 48 29 32 15 26 7 25 2 40 46 50 19 14 16 37 41 31 27 5 43 3 44 45 9 34 10 13 35 20 28 36 49 4 47 11 39 12 17 30 18 8 23 33 42 6 24 1 
student 371: 20 18 42 41 26 31 15 28 8 25 2 40 46 43 21 14 17 39 47 30 19 3 35 4 44 49 10 32 11 9 37 24 29 34 50 6 45 13 38 12 16 33 22 5 27 36 48 7 23 1 
student 372: 17 16 42 44 32 25 15 21 3 26 4 36 46 47 22 14 18 39 43 34 29 2 37 5 40 50 11 31 9 13 33 27 30 38 49 8 48 10 35 12 20 23 19 7 24 41 45 6 28 1 
student 373: 17 18 37 47 31 32 14 28 12 26 1 38 44 45 20 13 16 41 42 30 24 8 39 4 46 43 5 33 9 10 35 25 29 34 50 7 49 11 36 15 19 27 22 2 23 40 48 6 21 3 
student 374: 17 21 40 47 30 31 15 25 9 27 1 38 45 42 20 10 19 39 41 33 24 5 43 4 44 49 11 32 7 12 34 18 26 35 48 8 50 13 37 14 16 29 22 3 23 36 46 6 28 2 
student 375: 19 23 42 47 30 33 12 20 9 29 3 36 43 46 16 15 17 38 45 28 26 6 39 5 41 49 8 34 11 18 37 25 27 35 50 2 48 10 40 13 14 31 21 7 22 32 44 4 24 1 
student 376: 19 18 42 47 28 35 17 24 7 27 3 33 45 50 21 13 16 39 43 31 25 4 40 2 41 48 12 34 9 11 37 20 32 29 49 8 44 10 38 14 15 30 26 5 23 36 46 6 22 1 
student 377: 21 14 37 49 30 31 16 27 8 25 6 41 44 46 17 13 18 43 40 29 26 5 39 1 47 50 10 33 12 11 35 23 28 34 48 9 45 7 38 15 19 32 22 2 20 36 42 4 24 3 
student 378: 20 17 41 44 29 34 22 23 8 28 3 40 45 50 16 13 18 38 42 27 24 6 36 1 43 47 10 33 12 9 37 21 31 30 49 5 48 11 35 15 14 32 19 7 26 39 46 4 25 2 
student 379: 22 12 39 50 29 28 18 24 8 26 1 43 42 46 17 15 19 38 41 32 25 5 45 4 40 48 11 30 13 7 37 23 31 34 47 6 49 9 36 14 16 33 20 3 27 35 44 10 21 2 
student 380: 20 19 40 46 28 30 16 25 8 27 1 36 43 50 18 15 14 39 44 29 26 4 41 5 42 48 10 34 11 9 33 23 31 37 49 7 47 12 35 13 17 32 22 2 21 38 45 6 24 3 
student 381: 18 24 42 47 29 31 15 25 8 27 3 38 43 48 17 12 19 33 41 30 26 5 40 2 45 50 11 34 10 9 35 23 28 39 49 7 46 13 37 14 16 32 20 4 22 36 44 6 21 1 
student 382: 18 20 46 48 33 36 13 29 7 27 3 38 40 50 16 15 17 39 41 26 25 4 43 2 44 47 10 34 11 8 37 23 30 31 45 9 49 12 32 14 24 28 21 5 19 35 42 6 22 1 
student 383: 19 15 40 48 27 29 13 28 12 33 2 39 41 45 22 10 18 35 43 31 24 3 42 4 46 47 11 32 8 7 38 26 25 36 49 6 50 14 37 17 16 30 20 5 21 34 44 9 23 1 
student 384: 22 15 43 48 28 31 18 25 6 24 2 39 45 46 17 12 19 42 41 36 27 5 37 4 40 49 7 32 11 10 34 26 29 33 47 9 50 13 38 14 16 30 20 3 21 35 44 8 23 1 
student 385: 18 17 37 48 33 31 15 26 8 27 1 39 42 47 19 16 21 40 44 28 22 5 45 2 41 49 10 36 13 9 38 23 30 34 50 7 43 12 35 14 11 29 20 3 24 32 46 6 25 4 
student 386: 17 20 41 44 30 37 11 28 5 27 2 35 43 47 22 19 16 38 42 26 24 4 40 3 46 48 8 32 10 12 31 23 29 34 50 6 49 13 39 15 14 33 21 7 18 36 45 9 25 1 
student 387: 19 12 42 46 30 32 15 22 8 26 4 38 45 49 16 13 20 41 39 29 23 6 40 5 43 47 10 33 11 9 34 25 28 36 48 3 50 17 37 14 18 31 21 1 24 35 44 7 27 2 
student 388: 17 15 40 45 26 32 18 27 7 28 1 39 46 47 14 16 22 38 43 35 25 6 34 3 44 50 10 36 12 9 31 24 29 37 48 4 49 11 33 13 19 30 20 5 23 41 42 8 21 2 
student 389: 19 16 39 46 24 34 15 26 9 29 1 37 44 48 17 14 18 38 42 30 27 8 43 3 40 49 7 35 12 11 32 25 28 36 50 6 47 10 23 20 13 33 22 4 21 41 45 5 31 2 
student 390: 21 17 42 46 31 28 15 29 7 26 2 40 44 45 19 14 18 39 41 30 24 9 37 8 43 48 10 32 6 13 35 23 27 38 50 3 49 12 34 11 16 33 20 5 22 36 47 4 25 1 
student 391: 19 16 41 45 28 33 15 29 8 26 2 39 46 47 18 13 20 40 42 31 24 4 44 5 43 48 11 30 10 9 35 22 27 34 50 7 49 12 36 14 17 32 21 3 23 37 38 6 25 1 
student 392: 21 14 41 43 25 32 16 28 6 29 7 38 46 48 18 13 20 37 44 31 26 5 40 4 45 42 8 27 12 10 35 24 30 34 49 9 50 11 39 15 17 33 19 1 22 36 47 2 23 3 
student 393: 25 21 40 47 27 34 14 16 8 28 1 41 42 48 17 12 20 37 43 29 31 6 39 5 45 44 15 35 13 9 36 24 19 32 49 7 50 10 38 11 18 30 23 3 22 33 46 4 26 2 
student 394: 21 15 44 46 31 33 14 22 12 29 2 39 45 47 20 13 18 36 43 28 26 7 40 6 41 50 9 32 8 16 37 23 30 34 49 5 48 10 38 11 17 27 19 4 24 35 42 3 25 1 
student 395: 20 17 41 45 31 33 16 22 8 30 5 36 42 46 19 12 23 38 47 26 29 4 39 2 40 49 9 32 11 10 35 27 25 37 50 7 48 15 44 13 14 28 18 3 24 34 43 6 21 1 
student 396: 21 17 38 46 31 34 14 33 8 26 5 41 43 44 16 12 18 42 40 25 23 6 39 2 47 49 9 28 11 3 35 22 29 30 45 10 50 15 37 13 19 32 20 7 24 36 48 1 27 4 
student 397: 21 16 40 45 31 30 17 25 4 26 2 39 44 50 23 11 20 41 43 34 27 6 38 7 42 48 12 36 15 10 37 24 29 32 46 8 49 9 35 13 14 28 19 3 22 33 47 5 18 1 
student 398: 19 17 42 46 32 35 15 26 11 24 2 41 43 47 18 9 20 38 34 30 28 3 39 4 44 48 12 33 8 10 40 21 27 36 50 7 49 13 37 14 16 29 22 5 23 31 45 6 25 1 
student 399: 19 16 41 46 31 30 14 32 11 29 5 35 44 48 17 13 23 39 43 27 25 6 37 1 42 49 12 36 9 7 34 22 26 33 47 3 50 10 40 18 15 28 20 4 24 38 45 8 21 2 
student 400: 20 17 43 47 26 31 14 27 9 29 1 37 45 46 18 15 19 39 41 30 25 5 38 2 44 49 10 33 12 8 35 24 28 34 50 6 48 11 40 13 16 32 22 4 21 36 42 7 23 3 
student 401: 21 19 41 46 28 33 14 27 6 22 3 37 43 48 18 12 17 38 40 30 31 2 42 1 44 49 13 32 9 11 36 23 24 34 47 8 50 10 39 16 15 29 26 5 20 35 45 7 25 4 
student 402: 20 19 39 45 30 33 15 27 7 28 2 36 43 47 17 10 18 38 41 29 25 8 40 4 46 49 14 32 13 9 42 23 26 34 50 6 48 12 37 11 16 31 21 5 22 35 44 1 24 3 
student 403: 14 19 40 47 30 31 17 24 12 28 2 33 44 48 21 13 18 41 42 34 20 4 39 3 43 50 8 32 10 9 36 25 29 38 45 5 49 11 37 15 16 26 22 7 23 35 46 6 27 1 
student 404: 19 16 43 46 30 33 15 24 8 26 6 38 42 45 20 12 18 39 41 34 27 2 40 3 44 48 7 31 13 10 36 25 29 37 50 5 49 11 32 14 17 28 21 4 23 35 47 9 22 1 
student 405: 25 14 42 45 26 31 18 21 9 33 2 39 44 49 19 13 20 36 46 30 23 4 40 3 43 41 10 29 11 7 37 22 24 35 48 6 50 12 34 15 17 32 16 5 28 38 47 8 27 1 
student 406: 20 17 41 47 33 37 16 25 9 29 1 36 44 45 18 10 19 39 42 28 24 4 40 6 46 49 11 31 12 8 32 22 26 35 50 7 48 13 38 15 14 30 21 3 23 34 43 2 27 5 
student 407: 21 18 39 43 32 31 16 23 9 28 3 37 44 48 14 12 19 40 42 29 27 5 41 1 47 50 11 33 7 13 36 20 26 34 49 6 45 10 38 17 15 30 22 4 24 35 46 8 25 2 
student 408: 20 15 41 48 29 32 14 30 8 27 1 42 43 44 19 10 22 38 45 31 23 5 39 2 40 47 11 34 9 7 35 28 26 33 50 12 49 16 37 13 17 25 21 4 18 36 46 6 24 3 
student 409: 20 19 41 46 25 29 15 26 7 31 1 40 42 48 18 16 17 37 43 30 27 5 39 2 44 47 9 34 11 10 32 21 28 36 49 8 50 12 38 13 14 33 23 4 24 35 45 6 22 3 
student 410: 21 16 41 49 31 30 12 24 7 28 3 37 44 46 19 15 20 38 42 25 26 5 40 2 43 47 14 32 10 8 35 17 29 33 50 6 48 13 39 11 18 34 23 4 27 36 45 9 22 1 
student 411: 18 14 40 46 30 34 15 24 9 28 2 36 42 47 13 12 23 38 43 25 26 6 44 4 45 48 10 32 11 8 35 21 29 37 49 7 50 16 33 19 17 31 20 5 22 39 41 1 27 3 
student 412: 20 18 40 46 32 33 14 25 9 26 4 38 44 41 16 13 19 45 42 30 27 6 39 1 47 48 7 34 11 10 35 23 28 31 50 8 49 12 36 17 15 29 21 3 22 37 43 5 24 2 
student 413: 22 19 41 47 29 30 12 26 8 25 4 38 43 46 17 14 18 37 42 33 28 7 39 3 44 48 11 32 13 10 35 23 27 36 50 5 49 9 40 15 16 31 24 2 20 34 45 6 21 1 
student 414: 21 17 44 45 27 36 14 20 9 29 3 39 43 47 18 12 19 40 42 28 26 4 37 2 41 48 8 34 11 10 38 24 33 31 50 6 49 15 35 13 16 30 23 5 22 32 46 7 25 1 
student 415: 21 15 38 47 31 35 18 24 6 28 1 41 44 49 19 13 20 34 42 27 26 4 39 3 43 48 8 32 11 10 36 22 33 29 50 7 46 16 40 14 12 30 17 5 23 37 45 9 25 2 
student 416: 20 16 40 46 30 31 15 28 8 22 4 38 42 49 17 13 19 39 41 25 27 5 45 3 43 47 6 34 14 9 33 26 29 36 50 10 48 11 35 12 18 32 21 7 24 37 44 2 23 1 
student 417: 20 19 41 46 29 33 16 27 8 32 2 39 45 49 21 10 13 40 42 25 31 4 38 5 44 47 14 30 12 9 35 24 18 36 50 6 48 15 37 11 17 26 22 3 23 34 43 7 28 1 
student 418: 21 18 45 48 29 31 14 25 7 28 11 34 42 47 17 13 19 38 41 30 27 5 40 1 46 50 10 32 8 6 39 20 26 35 44 9 49 12 37 15 16 36 22 3 24 33 43 4 23 2 
student 419: 21 16 42 41 29 26 15 30 8 28 2 36 43 47 18 17 19 40 44 34 27 5 39 1 45 50 9 32 14 10 33 25 22 37 48 11 49 4 38 12 13 31 20 7 23 35 46 6 24 3 
student 420: 19 16 41 45 30 31 13 28 9 26 4 38 43 48 17 12 23 39 42 32 24 7 40 3 44 50 10 29 6 11 33 20 27 34 49 5 47 15 37 14 21 35 18 1 25 36 46 8 22 2 
student 421: 21 17 37 48 29 31 16 27 8 26 2 43 42 47 18 10 22 35 41 30 25 6 39 4 45 46 9 32 13 11 38 20 28 36 50 7 49 14 34 12 15 33 23 3 19 40 44 5 24 1 
student 422: 19 18 40 46 29 32 13 24 5 27 2 39 42 47 20 14 16 38 43 30 26 4 41 3 45 49 17 33 9 10 37 22 28 35 50 8 48 11 36 12 15 31 21 6 25 34 44 7 23 1 
student 423: 20 16 44 47 26 34 14 24 9 28 2 36 45 48 19 12 17 39 42 33 31 8 40 7 43 50 11 30 10 6 32 27 29 35 49 5 46 13 38 15 18 25 22 3 23 37 41 4 21 1 
student 424: 20 16 41 37 30 36 13 26 5 27 4 39 44 47 17 9 19 40 46 29 24 7 42 3 43 48 11 38 14 10 33 23 28 32 50 8 49 15 35 12 18 31 22 6 21 34 45 2 25 1 
student 425: 20 18 44 45 29 31 15 22 8 26 2 37 47 46 21 13 14 39 41 33 25 4 40 3 42 50 11 32 10 9 35 19 28 34 48 7 49 12 36 16 17 30 23 5 24 38 43 6 27 1 
student 426: 20 17 38 47 28 31 16 25 6 24 2 37 46 44 15 13 19 40 45 30 27 9 41 3 43 49 10 34 11 8 32 23 29 36 50 5 48 12 39 14 18 35 21 4 22 33 42 7 26 1 
student 427: 20 22 39 43 31 26 15 28 7 23 2 40 45 46 18 13 16 38 41 32 30 4 44 5 42 50 11 33 10 6 34 24 25 37 49 9 47 12 36 14 19 29 17 3 21 35 48 8 27 1 
student 428: 17 18 40 47 29 33 13 24 11 28 1 38 45 43 16 15 25 44 50 30 27 7 39 2 41 49 9 32 10 8 35 20 26 34 48 5 46 12 37 14 19 31 21 6 23 36 42 4 22 3 
student 429: 20 13 41 44 27 33 18 28 11 32 3 37 43 48 21 14 16 39 49 29 23 5 42 2 40 50 10 34 9 6 35 24 25 31 47 7 46 12 38 15 17 30 19 4 22 36 45 8 26 1 
student 430: 19 20 39 48 30 33 14 25 8 27 4 42 43 45 17 13 15 38 40 29 26 6 46 2 41 50 10 35 9 12 36 23 28 31 47 7 49 11 37 16 18 32 21 5 22 34 44 3 24 1 
student 431: 18 19 39 46 30 33 16 20 6 27 4 38 44 45 21 13 17 32 43 29 24 5 40 2 42 47 11 34 10 9 36 25 28 35 50 8 48 12 41 15 14 31 22 7 23 37 49 1 26 3 
student 432: 21 18 48 44 29 32 17 19 7 27 2 39 45 46 16 14 20 43 40 33 26 4 38 3 42 47 12 30 11 6 34 24 28 36 50 9 49 13 35 10 15 31 23 5 22 37 41 8 25 1 
student 433: 20 19 43 47 27 31 17 21 8 26 2 41 42 49 14 16 18 35 40 33 30 4 39 1 46 50 9 37 10 11 32 23 28 38 48 6 44 13 36 12 15 29 22 3 24 34 45 5 25 7 
student 434: 19 17 42 47 30 29 16 24 7 27 3 37 46 45 20 14 18 38 43 31 28 5 39 1 41 48 12 40 10 9 35 22 25 33 50 8 49 11 36 13 15 32 21 4 26 34 44 6 23 2 
student 435: 19 17 40 44 25 30 16 24 2 27 4 36 43 47 22 13 26 38 41 29 21 8 42 6 46 49 12 37 9 5 32 28 33 35 50 7 48 10 39 14 15 34 20 3 23 31 45 11 18 1 
student 436: 23 15 39 50 33 31 17 25 5 26 1 34 40 46 19 12 18 41 42 37 27 6 43 4 44 47 11 30 10 8 35 22 28 32 49 7 48 13 36 14 16 29 20 9 21 38 45 3 24 2 
student 437: 21 17 39 43 31 30 14 28 13 26 1 37 44 47 16 18 19 40 41 29 25 2 46 4 42 49 6 36 10 8 35 24 33 32 50 9 48 11 38 12 15 27 20 5 22 34 45 7 23 3 
student 438: 16 18 38 43 27 26 14 29 9 28 2 39 41 44 19 10 22 37 46 31 25 13 42 3 47 45 5 32 8 11 35 23 30 33 50 6 49 12 40 17 15 34 21 7 20 36 48 4 24 1 
student 439: 21 16 38 46 30 33 15 26 10 29 5 42 45 48 17 13 18 44 37 27 24 4 41 1 39 43 12 32 7 9 36 20 25 34 50 8 49 11 35 14 23 31 19 2 28 40 47 6 22 3 
student 440: 26 21 40 42 30 32 14 24 8 20 2 38 50 45 22 13 18 37 44 31 19 6 41 4 43 47 10 33 11 9 36 23 28 34 49 7 48 12 39 15 17 29 25 1 27 35 46 5 16 3 
student 441: 19 16 40 45 28 29 15 26 9 25 1 41 43 47 18 14 21 36 44 30 31 5 39 3 42 48 12 38 10 7 33 23 27 34 50 8 49 13 37 11 17 32 22 4 20 35 46 6 24 2 
student 442: 21 20 36 48 32 31 15 25 8 24 5 39 41 45 17 10 19 47 42 29 27 7 40 4 43 46 14 34 11 6 35 23 30 33 50 9 49 12 38 13 16 28 26 1 22 37 44 3 18 2 
student 443: 22 13 40 45 30 31 16 21 9 26 2 38 47 44 20 15 18 39 46 29 27 4 41 3 42 49 12 32 14 8 36 28 25 35 50 7 48 11 37 10 19 34 17 5 24 33 43 6 23 1 
student 444: 13 19 43 47 28 30 12 24 8 26 5 39 45 38 18 11 20 37 42 31 25 4 40 1 44 49 10 35 14 9 34 23 27 33 46 7 48 15 36 16 17 32 22 6 21 41 50 3 29 2 
student 445: 20 17 43 47 29 33 15 24 6 27 4 39 44 46 18 13 19 36 42 30 26 2 40 7 41 48 11 34 9 8 37 25 28 35 50 5 49 10 31 16 14 32 21 3 22 38 45 12 23 1 
student 446: 20 18 41 46 29 32 14 23 5 27 6 38 42 49 19 12 17 40 44 31 24 8 39 1 43 47 10 34 11 9 36 26 30 33 50 7 48 13 37 15 16 25 28 4 22 35 45 3 21 2 
student 447: 19 16 45 47 31 33 15 26 10 30 2 38 43 46 18 14 20 40 42 27 25 8 39 3 41 50 11 34 9 4 36 24 28 32 48 7 49 12 37 13 17 29 23 5 21 35 44 6 22 1 
student 448: 20 16 41 44 25 33 15 23 7 30 3 35 38 47 14 12 18 36 42 29 26 5 43 4 45 48 13 31 9 6 37 21 28 34 50 10 49 11 40 17 19 32 22 8 24 39 46 2 27 1 
student 449: 18 19 38 47 29 33 17 27 9 26 2 41 44 48 20 12 16 36 43 30 28 5 31 3 45 46 6 32 10 11 34 24 25 35 50 8 49 13 39 15 14 37 21 4 23 40 42 7 22 1 
student 450: 22 18 41 47 31 30 20 26 7 29 1 37 45 46 19 9 16 34 42 28 25 6 39 3 44 49 11 27 15 8 36 17 32 38 48 10 50 12 35 13 14 33 24 5 21 40 43 4 23 2 
student 451: 22 17 40 47 29 34 15 24 8 25 3 39 44 48 20 13 19 38 43 31 27 4 41 2 42 50 10 33 11 9 36 21 28 32 49 5 46 12 35 14 16 30 18 6 23 37 45 7 26 1 
student 452: 20 12 37 46 29 30 14 27 7 25 3 41 45 48 18 15 17 38 42 31 26 6 39 4 43 47 9 32 11 10 40 24 28 35 49 8 50 13 34 16 19 33 21 2 23 36 44 5 22 1 
student 453: 17 15 37 46 31 32 13 24 9 30 4 38 43 45 19 14 23 42 40 28 25 2 39 3 48 49 11 34 18 8 36 21 27 33 47 7 50 12 35 10 16 29 22 6 20 41 44 5 26 1 
student 454: 21 18 38 45 30 36 20 22 6 28 1 42 46 49 17 15 14 35 43 31 26 5 40 4 41 47 8 39 9 13 34 23 25 29 50 11 48 10 37 12 16 33 24 2 19 32 44 7 27 3 
student 455: 19 17 44 48 28 32 15 24 5 23 3 38 41 45 18 13 20 39 43 30 26 6 42 1 40 47 9 33 11 10 35 27 31 34 49 8 50 12 37 14 16 29 21 4 25 36 46 7 22 2 
student 456: 17 16 41 46 29 33 18 24 7 25 2 39 42 45 20 14 22 38 44 28 27 8 40 3 47 48 9 34 11 10 31 21 30 35 49 5 50 12 37 13 15 32 23 6 19 36 43 4 26 1 
student 457: 19 18 42 46 30 33 17 23 10 26 4 38 39 50 14 15 21 40 43 28 25 1 41 6 44 47 11 32 9 8 37 22 31 35 49 5 45 12 36 13 16 29 20 3 24 34 48 7 27 2 
student 458: 16 17 38 46 32 31 15 23 6 26 3 37 44 48 18 10 19 39 42 29 28 4 41 5 43 49 13 33 11 9 40 24 27 35 50 7 47 14 34 12 20 30 21 2 22 36 45 8 25 1 
student 459: 21 13 43 46 27 32 15 25 5 26 2 37 38 48 19 17 20 40 41 28 29 6 42 3 44 50 7 34 12 10 35 22 30 33 49 9 45 16 39 11 14 31 18 4 24 36 47 8 23 1 
student 460: 22 17 40 44 28 30 14 25 5 29 3 38 41 47 24 16 19 39 49 31 27 4 37 2 42 46 8 33 9 15 35 23 26 34 50 10 48 11 43 12 13 32 21 6 20 36 45 7 18 1 
student 461: 19 18 41 46 27 32 16 26 11 24 3 36 48 39 21 13 22 40 43 30 29 4 42 2 44 49 9 33 12 5 34 17 25 37 50 10 47 14 38 15 6 31 20 7 23 35 45 8 28 1 
student 462: 24 15 38 40 30 36 13 21 8 27 3 37 46 48 17 14 18 43 41 28 26 5 42 2 45 47 10 31 12 9 34 23 29 33 50 6 49 11 39 16 19 32 22 4 20 35 44 7 25 1 
student 463: 24 16 42 47 28 34 15 21 8 23 2 37 44 46 20 10 17 40 39 30 27 4 41 5 43 49 12 32 11 7 38 25 31 29 50 9 48 14 36 13 19 33 18 3 22 35 45 6 26 1 
student 464: 18 16 41 50 28 33 19 24 10 30 2 39 47 48 17 14 20 40 42 25 31 7 38 3 44 45 12 36 9 8 35 22 26 29 49 6 46 11 37 13 15 32 21 4 27 34 43 5 23 1 
student 465: 16 17 42 47 29 33 14 24 8 26 3 38 41 49 19 12 21 37 45 31 27 6 43 5 44 50 11 32 15 10 36 22 28 35 48 4 40 9 39 13 18 30 20 1 23 34 46 7 25 2 
student 466: 20 18 39 42 29 31 14 25 7 28 5 37 46 44 17 13 19 40 45 30 27 3 43 9 41 49 10 33 15 4 35 23 26 34 50 11 48 8 38 12 16 32 21 1 22 36 47 6 24 2 
student 467: 18 25 47 43 31 32 20 30 7 23 4 39 44 46 13 14 16 41 40 28 26 3 37 5 42 48 9 33 12 10 35 21 29 36 49 8 50 11 38 17 15 27 19 1 22 34 45 6 24 2 
student 468: 20 19 42 46 27 33 16 25 9 26 6 39 45 47 17 14 18 37 41 28 31 2 43 1 44 48 8 30 12 11 36 21 29 32 49 7 50 10 38 13 15 34 23 5 22 35 40 3 24 4 
student 469: 20 17 39 46 29 30 12 23 5 28 4 38 42 44 18 8 19 43 48 31 25 3 41 1 40 50 15 36 6 10 35 24 27 34 49 14 45 11 33 13 16 32 21 2 22 37 47 9 26 7 
student 470: 19 17 41 44 25 32 16 23 2 28 3 40 48 45 22 15 18 36 42 33 24 6 38 4 43 47 10 34 11 8 35 26 30 31 50 7 49 12 39 13 14 29 20 5 21 37 46 9 27 1 
student 471: 25 17 41 43 28 31 13 22 8 23 1 36 44 47 20 15 21 35 46 32 24 5 40 4 42 48 10 33 12 9 39 26 27 37 50 7 49 11 34 18 16 30 14 3 19 38 45 6 29 2 
student 472: 20 17 42 50 29 31 13 26 10 27 2 37 47 49 18 14 19 40 38 30 28 5 41 3 43 44 9 32 12 7 36 22 25 34 48 6 46 11 39 15 16 33 21 4 23 35 45 8 24 1 
student 473: 17 14 39 43 29 32 18 26 8 28 5 40 44 48 19 12 20 37 38 30 27 4 41 1 45 49 11 33 9 10 35 24 25 34 47 7 50 13 42 16 15 31 21 2 22 36 46 6 23 3 
student 474: 20 19 39 47 27 35 16 26 7 29 4 41 45 48 18 13 17 37 42 31 25 2 46 9 40 50 8 32 11 10 36 23 28 34 49 5 44 12 33 14 15 30 22 1 21 38 43 6 24 3 
student 475: 20 16 42 46 29 35 17 25 10 26 1 34 47 43 18 14 19 38 45 30 27 5 44 3 40 49 7 37 12 9 32 22 28 31 50 8 48 11 39 13 15 33 24 4 21 36 41 6 23 2 
student 476: 21 15 45 49 31 32 18 23 8 34 2 37 46 42 17 10 19 36 40 29 25 3 43 4 41 44 7 30 11 16 35 24 27 39 47 6 50 14 38 12 13 28 22 5 20 33 48 9 26 1 
student 477: 19 16 42 46 31 26 15 27 9 25 1 37 43 49 17 13 20 41 44 32 30 5 40 3 45 48 7 33 11 10 35 22 28 34 50 8 47 12 36 14 18 29 21 4 24 38 39 6 23 2 
student 478: 20 14 45 48 29 33 13 23 17 26 5 41 46 49 18 12 19 38 40 30 25 4 39 2 43 44 10 31 9 8 35 22 27 34 50 6 47 11 37 16 15 32 21 3 24 36 42 7 28 1 
student 479: 20 16 40 46 25 31 15 26 8 30 1 35 42 43 18 13 19 39 45 28 29 5 36 4 41 49 9 33 12 10 38 21 27 32 50 7 48 14 37 11 17 34 23 3 24 44 47 6 22 2 
student 480: 23 17 40 50 29 32 10 24 7 27 1 36 42 44 18 12 22 38 43 28 26 2 41 3 47 49 13 34 11 21 39 20 25 33 48 8 46 9 37 16 14 31 15 4 30 35 45 6 19 5 
student 481: 20 18 40 50 31 33 16 24 10 29 3 36 43 45 19 15 17 38 41 25 26 5 39 4 42 47 9 35 11 7 34 27 28 32 49 8 48 12 44 13 14 30 23 1 22 37 46 6 21 2 
student 482: 17 11 40 44 29 31 16 24 9 27 5 36 45 47 18 15 19 38 42 30 26 3 41 4 43 46 10 32 14 8 35 25 28 37 50 7 49 12 39 13 21 33 20 2 22 34 48 6 23 1 
student 483: 21 14 38 47 27 32 15 28 7 29 1 37 44 46 19 16 23 40 41 30 25 4 42 8 43 48 9 34 13 10 35 24 22 33 50 6 49 11 39 17 12 31 18 2 20 36 45 5 26 3 
student 484: 23 17 40 48 26 34 15 20 9 25 3 43 42 46 16 14 19 38 45 30 28 6 39 1 41 47 10 33 11 8 31 27 29 35 49 5 50 13 37 12 18 32 22 4 24 36 44 7 21 2 
student 485: 21 17 40 46 30 31 19 26 6 34 3 36 43 45 18 10 15 42 38 25 27 5 39 4 44 47 16 32 8 7 35 22 28 33 50 13 49 9 41 11 14 29 23 2 20 37 48 12 24 1 
student 486: 18 14 43 45 27 33 13 26 7 28 6 38 46 48 19 12 20 39 42 30 25 3 36 1 41 47 10 34 11 15 35 23 24 32 49 8 50 9 40 16 17 31 22 4 21 37 44 5 29 2 
student 487: 16 23 42 46 28 33 12 25 9 24 5 39 40 48 20 13 15 37 45 32 26 3 41 1 43 47 2 30 18 14 35 21 29 34 50 8 49 10 38 11 17 31 22 6 19 36 44 7 27 4 
student 488: 22 19 36 49 26 33 18 27 10 28 3 40 42 50 16 15 21 37 43 31 24 2 41 4 44 48 9 34 12 8 35 20 29 38 47 5 46 14 39 17 13 30 23 7 11 32 45 6 25 1 
student 489: 19 17 41 46 28 38 16 26 6 25 4 36 45 49 18 13 20 37 43 30 23 5 39 2 42 48 10 32 12 9 34 24 27 40 47 8 50 14 33 11 15 31 21 3 22 35 44 7 29 1 
student 490: 19 18 45 44 32 31 13 23 9 26 2 27 43 46 20 17 24 39 35 28 29 4 40 5 42 48 8 33 7 11 41 22 30 34 50 6 47 12 37 14 16 38 15 3 25 36 49 10 21 1 
student 491: 16 14 40 47 28 33 20 25 9 27 3 38 44 48 18 12 19 42 41 32 23 5 39 2 43 46 11 31 13 8 35 21 30 34 50 7 49 17 36 10 15 29 22 4 26 37 45 6 24 1 
student 492: 19 17 43 44 33 28 14 25 4 24 3 38 45 47 18 10 20 39 41 29 27 6 42 2 40 49 7 31 12 9 37 26 30 34 48 8 50 16 35 13 15 32 21 11 22 36 46 5 23 1 
student 493: 20 18 46 47 29 31 16 24 11 26 3 30 42 49 15 9 17 45 41 35 28 6 40 5 38 50 8 33 12 4 32 23 27 36 43 10 48 13 37 22 14 34 21 1 19 39 44 7 25 2 
student 494: 20 16 40 45 32 30 15 27 7 25 4 41 44 46 17 13 19 39 38 34 29 6 42 3 47 49 11 33 10 9 37 24 26 36 50 5 48 12 35 14 18 28 21 2 22 31 43 8 23 1 
student 495: 19 16 42 45 29 33 15 27 9 26 5 36 43 47 18 13 21 37 41 31 17 7 39 1 44 49 10 34 11 8 30 22 28 35 50 4 48 12 40 14 20 32 23 6 25 38 46 2 24 3 
student 496: 18 19 39 50 27 31 17 28 6 26 1 34 44 47 20 7 21 42 43 30 23 4 41 3 40 45 5 32 14 11 36 25 29 33 49 10 48 13 38 15 12 35 16 9 22 37 46 8 24 2 
student 497: 21 19 42 44 31 25 15 30 10 27 2 36 47 46 18 9 20 39 45 29 22 5 40 3 43 49 11 33 14 6 34 24 28 35 41 13 50 8 38 12 16 32 23 4 17 37 48 7 26 1 
student 498: 20 18 41 45 29 31 16 34 8 26 4 39 46 47 17 14 19 37 42 28 23 6 40 1 44 48 12 33 10 9 35 25 24 32 50 7 49 11 38 15 13 30 21 5 22 36 43 3 27 2 
student 499: 20 12 42 46 29 25 11 24 8 28 1 37 44 47 21 14 18 39 41 35 27 7 38 3 45 50 9 33 13 5 34 26 30 31 49 4 48 15 40 16 17 32 23 2 19 36 43 10 22 6 
