student 0: 32 4 37 24 14 11 2 35 16 18 15 9 45 36 22 6 34 40 1 3 47 19 26 7 10 39 12 49 27 23 31 25 41 42 13 17 5 8 21 38 29 50 44 33 43 28 48 30 20 46 
student 1: 33 6 38 32 9 17 2 35 15 18 10 12 41 37 25 3 29 40 1 4 49 20 26 7 13 39 11 47 24 19 28 22 42 43 16 14 8 5 21 36 30 50 46 31 45 27 44 34 23 48 
student 2: 33 1 40 29 10 17 3 32 16 18 11 12 41 35 26 5 34 39 2 9 46 23 24 7 13 36 8 49 27 22 28 21 45 44 15 14 4 6 25 37 30 47 43 31 42 20 48 38 19 50 
student 3: 30 2 34 29 9 21 7 36 15 17 11 8 42 38 23 1 32 39 5 6 50 18 28 10 14 41 12 49 26 22 27 24 45 43 16 13 3 4 20 37 31 47 44 33 40 25 46 35 19 48 
student 4: 31 3 42 30 9 17 7 36 12 16 13 11 41 32 23 2 34 39 1 8 50 20 21 4 19 38 10 45 28 24 26 18 47 44 14 15 6 5 25 33 29 49 40 35 43 27 46 37 22 48 
student 5: 33 2 36 31 8 19 3 37 17 14 9 15 44 35 20 4 28 43 1 12 42 22 24 7 11 39 6 48 26 25 30 21 40 46 18 13 5 10 23 41 27 49 38 32 45 29 50 34 16 47 
student 6: 34 2 40 27 10 18 4 36 13 15 11 12 41 35 24 3 33 39 1 7 44 20 25 8 14 38 9 48 26 22 28 23 45 42 16 17 6 5 21 37 30 46 47 32 43 29 49 31 19 50 
student 7: 31 5 35 30 12 19 1 37 14 17 7 11 44 39 23 6 32 40 3 8 48 18 24 9 15 36 10 49 26 29 27 22 41 46 13 16 2 4 20 38 28 50 43 33 45 25 47 34 21 42 
student 8: 31 3 39 33 12 19 5 32 10 20 15 6 42 36 21 2 29 35 1 9 50 18 22 8 16 40 11 49 24 17 26 27 43 45 13 14 4 7 25 38 30 48 47 34 41 28 46 37 23 44 
student 9: 32 4 39 35 12 19 2 34 13 15 10 11 40 38 21 6 29 36 3 8 45 16 24 5 17 37 9 50 27 23 28 25 42 46 14 18 7 1 22 47 30 48 41 31 44 26 43 33 20 49 
student 10: 28 2 37 32 10 20 3 34 13 18 11 12 43 35 24 5 30 39 1 7 50 17 25 8 16 40 9 49 26 23 27 22 44 45 14 15 4 6 19 38 33 46 42 36 41 29 47 31 21 48 
student 11: 32 4 36 24 7 21 1 35 13 16 10 12 40 37 19 2 30 45 3 5 48 18 25 11 15 39 9 49 28 23 26 27 44 46 14 17 6 8 20 38 31 43 42 33 41 29 47 34 22 50 
student 12: 28 3 38 32 9 19 2 36 12 20 6 11 41 33 23 5 30 39 1 8 50 21 27 17 18 37 10 46 26 24 22 25 44 48 15 14 4 7 16 31 34 49 43 40 42 29 47 35 13 45 
student 13: 33 2 39 29 8 19 3 35 12 20 9 14 47 36 21 5 32 44 1 6 48 16 24 7 13 43 11 50 26 23 27 25 41 49 15 17 4 10 18 37 30 46 38 31 40 28 42 34 22 45 
student 14: 30 1 37 28 9 18 3 36 11 17 14 13 40 34 20 7 33 41 2 5 45 19 24 6 12 39 10 49 25 22 29 23 42 46 16 15 8 4 27 38 31 50 43 35 44 26 48 32 21 47 
student 15: 30 3 35 28 8 20 1 34 10 19 14 12 41 38 23 4 33 43 2 9 46 21 25 7 17 40 11 49 29 22 27 24 45 42 13 16 5 6 18 36 31 50 48 32 44 26 39 37 15 47 
student 16: 31 7 40 35 6 20 1 37 12 13 10 11 46 32 18 4 28 43 3 9 48 15 23 8 16 38 14 44 25 22 27 30 45 41 19 17 2 5 21 34 26 49 42 36 39 29 50 33 24 47 
student 17: 32 2 36 29 8 22 4 35 14 18 13 10 42 33 19 1 31 40 6 5 49 16 28 9 12 39 11 47 24 25 23 26 46 48 17 15 7 3 20 38 30 50 41 34 43 27 44 37 21 45 
student 18: 32 7 37 27 3 20 2 41 16 18 11 13 39 34 21 4 31 44 1 9 47 24 25 10 12 38 5 48 23 22 30 26 40 43 15 14 6 8 19 36 29 50 49 33 42 28 45 35 17 46 
student 19: 32 3 38 29 7 19 2 36 13 10 14 12 42 34 22 4 31 44 6 8 47 18 24 9 16 37 11 49 27 23 26 25 40 46 15 17 5 1 20 39 30 50 43 33 41 28 45 35 21 48 
student 20: 32 5 44 28 11 17 1 34 16 22 14 9 39 35 21 4 31 38 2 10 50 18 26 7 8 40 13 48 24 25 29 23 45 42 12 15 6 3 19 37 30 49 41 36 43 27 46 33 20 47 
student 21: 35 2 39 29 7 18 4 33 13 16 9 11 42 38 24 6 30 41 1 10 48 21 23 5 15 40 12 49 25 26 27 20 43 45 14 17 8 3 22 34 31 50 44 32 37 28 47 36 19 46 
student 22: 31 2 40 28 10 18 3 36 11 17 7 12 42 35 24 9 32 37 1 5 50 20 29 6 15 38 13 49 25 22 26 23 41 45 14 16 4 8 19 43 30 47 44 33 39 27 48 34 21 46 
student 23: 32 1 38 30 5 16 3 35 14 18 11 12 42 37 22 7 27 41 2 8 48 19 29 9 15 39 10 49 21 24 23 26 45 46 13 17 4 6 25 36 31 50 44 33 43 28 47 34 20 40 
student 24: 33 2 37 28 11 16 6 36 14 18 12 10 41 35 22 3 32 38 1 5 49 19 23 8 15 43 9 50 25 26 27 24 44 46 13 17 4 7 20 39 30 48 45 31 40 29 42 34 21 47 
student 25: 31 2 36 30 11 19 3 37 22 16 13 12 42 38 20 4 33 40 1 6 50 26 28 7 10 35 9 48 24 23 27 21 41 44 15 14 5 8 17 39 32 49 45 29 43 25 46 34 18 47 
student 26: 33 1 38 31 12 22 3 37 14 18 9 11 42 34 16 2 30 41 6 10 49 19 23 8 13 39 4 46 27 24 21 20 44 48 15 17 7 5 26 36 28 50 40 32 43 29 45 35 25 47 
student 27: 31 2 38 29 9 19 1 35 10 17 11 12 42 36 21 5 32 43 7 4 50 18 25 8 15 40 13 47 23 24 27 20 37 46 14 16 3 6 26 39 34 49 44 30 41 28 48 33 22 45 
student 28: 34 2 32 30 9 20 1 35 14 18 12 11 41 37 22 6 31 40 4 5 48 19 21 7 15 39 10 45 25 26 29 23 44 46 16 13 3 8 24 38 28 47 42 36 43 27 49 33 17 50 
student 29: 31 2 38 26 9 21 6 35 13 17 15 12 41 36 22 4 34 43 1 8 48 18 27 7 19 44 10 50 24 23 28 25 42 45 14 16 3 5 11 37 30 49 40 32 39 29 47 33 20 46 
student 30: 29 2 37 33 8 19 5 34 14 11 17 13 45 36 23 3 27 40 1 6 46 16 24 12 10 38 9 49 25 28 31 21 42 47 15 18 4 7 22 39 26 50 48 32 41 30 44 35 20 43 
student 31: 32 2 39 30 9 17 4 35 11 22 14 10 43 34 23 6 33 42 1 7 49 16 26 8 18 36 13 50 25 20 27 24 46 41 15 12 3 5 19 37 29 47 45 31 40 28 44 38 21 48 
student 32: 32 3 38 26 10 16 2 36 12 19 11 18 37 35 20 5 30 40 1 6 48 14 24 8 13 42 7 49 25 21 28 23 43 41 15 17 4 9 27 39 29 50 46 33 44 31 47 34 22 45 
student 33: 31 3 38 28 8 18 4 36 16 20 11 12 41 33 21 1 32 40 2 7 47 17 24 9 14 39 10 49 25 22 29 26 44 45 13 15 5 6 23 37 30 50 43 34 42 27 48 35 19 46 
student 34: 32 2 37 24 9 21 4 34 11 16 12 15 38 36 19 5 31 40 1 3 49 14 25 8 18 43 10 46 28 23 30 27 44 45 17 13 7 6 22 39 29 50 42 35 41 26 47 33 20 48 
student 35: 32 2 37 24 9 22 3 36 12 18 7 13 40 35 21 4 30 38 1 6 49 19 28 10 14 41 11 45 31 26 29 23 43 46 16 17 5 8 20 39 27 50 42 33 44 25 48 34 15 47 
student 36: 23 4 34 36 11 17 3 33 9 19 13 12 41 37 18 2 30 38 1 6 47 16 26 7 15 42 8 48 29 21 25 20 44 46 14 22 5 10 24 39 32 50 43 27 40 31 49 35 28 45 
student 37: 29 4 36 31 11 19 2 32 7 18 10 13 41 38 20 3 33 44 1 8 43 17 24 12 14 39 9 50 23 27 25 26 46 42 16 15 5 6 22 40 30 49 37 34 45 28 47 35 21 48 
student 38: 32 3 36 26 12 17 6 37 14 16 11 9 42 35 20 2 31 40 1 5 50 19 29 7 18 39 10 49 23 28 27 22 44 48 15 13 8 4 25 38 30 46 41 33 47 24 43 34 21 45 
student 39: 29 4 39 30 11 17 5 34 12 20 10 19 40 35 24 2 31 38 1 7 48 15 23 8 13 41 9 50 26 22 27 25 47 45 14 21 3 6 18 37 33 49 43 36 44 28 42 32 16 46 
student 40: 33 2 39 34 11 19 4 32 16 21 12 15 43 38 23 1 28 40 8 9 47 18 27 5 6 37 10 44 20 24 26 25 45 46 13 17 3 7 22 36 31 49 42 29 50 30 41 35 14 48 
student 41: 32 1 37 29 9 18 2 35 11 16 14 10 41 36 22 3 30 43 5 7 48 17 20 8 19 39 12 46 27 25 31 26 47 44 24 15 4 6 21 38 23 50 42 33 40 28 45 34 13 49 
student 42: 35 1 33 30 9 20 3 38 11 17 14 16 42 36 23 2 32 40 4 8 49 18 25 5 13 39 10 47 27 19 28 24 48 46 12 15 6 7 22 37 31 50 44 26 43 29 41 34 21 45 
student 43: 29 4 37 31 12 19 1 35 14 21 10 11 42 36 24 5 30 41 2 6 47 17 23 9 13 38 8 49 27 20 26 25 39 46 15 16 7 3 22 44 32 50 45 33 40 28 43 34 18 48 
student 44: 33 2 36 29 9 19 3 35 12 15 11 14 40 39 22 5 31 43 1 6 47 18 26 7 17 38 10 48 28 24 25 23 44 46 13 16 4 8 20 37 30 50 45 32 41 27 42 34 21 49 
student 45: 35 3 37 34 8 18 2 32 14 17 11 12 39 41 22 4 31 38 1 7 47 16 33 9 21 43 10 48 26 24 23 27 40 44 15 13 6 5 20 36 28 49 42 29 46 25 50 30 19 45 
student 46: 35 2 38 27 9 21 3 32 15 16 11 13 40 34 19 5 29 39 1 8 47 17 25 7 18 41 10 50 26 24 30 22 44 45 12 20 4 6 14 36 31 48 43 37 42 28 46 33 23 49 
student 47: 33 7 36 29 6 15 1 40 12 21 16 10 41 34 20 3 31 44 2 8 50 17 24 9 14 39 11 49 22 25 26 23 42 45 13 19 4 5 28 35 30 48 43 32 38 27 46 37 18 47 
student 48: 38 1 36 31 12 22 2 34 16 14 9 13 39 35 19 4 33 41 3 7 48 18 25 8 20 37 10 49 26 23 27 24 45 43 17 11 6 5 21 40 32 50 47 30 42 28 44 29 15 46 
student 49: 35 2 40 31 15 20 4 34 16 17 9 11 39 37 21 3 32 41 1 5 43 18 23 7 12 36 8 47 25 26 28 24 45 48 13 14 6 10 22 38 29 49 44 33 42 27 46 30 19 50 
student 50: 30 2 37 29 8 18 4 35 16 19 10 12 44 36 22 3 32 42 1 9 48 15 24 11 17 40 5 50 25 26 28 23 43 47 14 13 6 7 21 38 31 45 46 33 41 27 39 34 20 49 
student 51: 32 1 34 25 11 19 3 35 13 15 10 12 45 36 27 4 31 40 7 2 48 18 21 6 17 37 9 49 26 23 28 24 41 44 14 16 5 8 22 39 29 50 43 33 42 30 46 38 20 47 
student 52: 31 2 36 28 9 17 4 35 13 18 7 12 44 38 19 3 32 39 1 8 46 16 26 11 15 37 10 49 22 24 27 30 43 47 14 21 6 5 23 41 29 48 42 34 40 25 45 33 20 50 
student 53: 33 2 40 30 12 19 5 35 10 16 11 13 42 38 23 1 32 39 4 8 48 17 25 9 14 36 7 49 29 22 26 24 45 47 21 15 3 6 20 37 28 50 43 34 41 27 44 31 18 46 
student 54: 33 2 37 29 10 20 6 35 11 17 9 12 43 36 23 3 32 38 1 8 49 18 25 5 15 41 14 48 26 22 28 24 44 47 16 13 7 4 21 39 31 46 42 34 40 27 50 30 19 45 
student 55: 33 5 37 25 9 19 2 35 13 18 12 14 42 36 21 3 32 41 1 8 47 15 28 6 16 39 10 45 27 24 23 26 43 46 11 17 4 7 22 38 31 50 48 29 40 30 44 34 20 49 
student 56: 31 2 37 30 9 18 5 35 12 13 15 10 40 36 20 7 24 39 1 3 49 21 26 4 14 41 11 50 27 22 29 23 43 48 17 19 6 8 16 38 34 47 46 32 45 28 42 33 25 44 
student 57: 32 4 37 35 10 21 3 34 14 12 11 13 43 36 24 5 28 42 1 8 47 18 26 9 15 41 7 49 25 23 30 20 44 45 16 17 2 6 22 38 31 50 39 29 40 27 46 33 19 48 
student 58: 33 3 37 29 9 17 2 35 13 14 15 12 42 36 22 5 32 41 1 7 50 18 25 8 20 34 11 48 26 23 28 24 44 46 10 16 4 6 21 40 30 49 43 31 39 27 45 38 19 47 
student 59: 34 3 39 27 7 18 2 33 13 17 10 8 44 37 20 6 31 36 1 9 49 19 25 4 16 42 11 50 29 23 26 24 40 43 14 15 5 12 22 38 30 47 45 32 41 28 46 35 21 48 
student 60: 31 3 41 27 9 22 1 32 15 19 14 12 39 35 24 4 34 42 2 6 48 20 23 8 10 37 11 49 21 25 26 28 47 46 13 16 7 5 18 33 30 40 44 36 43 29 45 38 17 50 
student 61: 33 2 36 28 9 20 1 35 14 18 10 11 44 32 24 4 30 38 3 7 47 15 29 13 19 37 8 49 25 26 27 22 46 43 12 17 5 6 21 41 34 50 42 40 39 23 45 31 16 48 
student 62: 32 1 39 29 8 17 3 36 11 19 14 7 42 37 22 9 31 43 2 5 49 18 23 4 12 40 15 48 26 24 27 25 44 45 13 16 10 6 20 35 30 50 41 34 38 28 46 33 21 47 
student 63: 33 3 36 29 10 16 2 35 12 18 9 13 42 32 23 8 28 41 1 5 47 19 24 7 17 39 11 50 25 22 27 26 45 40 14 15 4 6 21 38 30 49 44 37 43 31 46 34 20 48 
student 64: 33 4 43 29 8 18 3 34 14 17 11 13 40 38 21 5 30 39 1 12 41 20 28 7 10 37 9 50 23 22 26 25 46 47 15 16 6 2 19 36 31 42 45 35 44 27 49 32 24 48 
student 65: 31 3 35 30 10 17 4 34 14 16 12 11 41 38 21 2 36 40 1 7 49 20 28 8 13 39 9 48 26 22 29 23 43 45 18 15 6 5 24 37 27 50 47 33 44 25 46 32 19 42 
student 66: 32 4 36 28 13 21 3 35 9 17 12 14 37 34 22 2 29 40 1 6 47 18 24 8 11 42 10 48 27 26 25 23 41 45 15 16 7 5 20 38 30 50 43 39 44 31 49 33 19 46 
student 67: 33 3 40 28 10 15 4 35 12 17 16 11 41 37 22 5 30 39 2 9 48 19 24 7 13 34 8 46 25 23 26 27 45 47 14 21 1 6 18 38 31 50 43 36 42 29 44 32 20 49 
student 68: 33 5 41 30 10 18 1 34 7 15 17 12 40 35 26 3 29 39 2 8 49 19 25 9 14 38 16 50 27 24 23 20 44 42 13 22 4 6 11 37 31 48 43 32 45 28 47 36 21 46 
student 69: 33 1 38 27 9 16 2 31 14 17 13 11 39 35 24 3 32 40 5 6 49 20 21 8 15 37 12 48 26 28 25 22 47 44 10 18 4 7 23 42 30 50 43 34 41 29 45 36 19 46 
student 70: 31 5 37 28 9 19 7 35 13 15 12 11 41 36 24 3 29 40 1 6 49 22 25 8 14 38 10 47 30 20 26 23 44 46 17 18 4 2 21 39 33 50 43 32 42 27 48 34 16 45 
student 71: 34 4 36 27 8 19 1 35 15 17 10 12 38 33 21 5 28 42 2 7 49 18 20 9 13 41 11 48 30 23 25 26 40 44 14 16 3 6 24 37 31 50 43 39 46 29 45 32 22 47 
student 72: 33 2 38 31 9 19 4 32 12 18 11 13 42 35 21 3 27 41 1 5 48 15 25 8 16 43 10 47 28 23 29 24 40 46 14 17 6 7 22 36 26 49 45 34 39 30 44 37 20 50 
student 73: 31 3 38 32 8 18 1 34 13 15 16 12 45 37 21 2 30 39 4 6 46 20 25 7 17 40 10 49 26 22 29 24 48 44 9 14 11 5 19 33 28 47 42 35 41 27 43 36 23 50 
student 74: 32 2 37 27 11 20 3 38 16 19 8 12 40 35 22 6 30 41 1 4 48 13 28 10 14 39 7 49 25 24 26 23 43 46 15 17 9 5 18 36 31 50 44 33 42 29 47 34 21 45 
student 75: 32 2 39 30 5 18 3 38 15 21 11 12 36 40 23 4 33 37 1 8 48 17 24 9 16 35 10 50 27 22 29 26 41 43 13 14 6 7 19 45 31 49 46 28 44 25 42 34 20 47 
student 76: 34 1 37 28 9 20 5 36 13 16 10 12 44 33 22 4 30 40 2 3 49 17 26 7 15 41 11 48 32 21 27 25 43 47 14 18 8 6 23 38 29 50 46 31 39 24 42 35 19 45 
student 77: 31 4 38 30 11 21 1 37 9 19 10 13 42 35 22 5 36 50 3 7 49 16 27 8 15 32 12 46 28 23 26 24 40 44 14 17 2 6 20 41 29 48 39 33 45 25 43 34 18 47 
student 78: 34 2 33 28 10 18 1 36 11 16 12 13 41 38 21 4 30 43 3 7 49 19 27 9 14 39 8 50 26 22 23 24 46 45 15 17 5 6 25 37 32 48 42 29 40 31 44 35 20 47 
student 79: 32 2 38 31 4 18 3 33 13 16 10 15 42 34 23 7 30 37 1 8 49 17 28 12 22 40 6 47 25 20 26 24 43 44 11 14 5 9 21 39 29 48 41 35 45 27 46 36 19 50 
student 80: 30 2 38 27 9 21 4 37 17 19 12 13 39 31 20 5 26 42 1 7 50 15 29 10 14 35 8 48 25 22 24 23 43 44 11 18 3 6 28 34 32 49 46 36 41 40 47 33 16 45 
student 81: 31 5 36 27 7 21 3 35 8 16 14 11 42 44 20 9 30 38 1 13 49 17 26 10 18 37 6 48 32 23 24 25 45 39 12 15 4 2 22 40 33 50 43 34 41 28 46 29 19 47 
student 82: 34 7 37 26 16 20 2 35 9 14 11 12 40 32 22 5 30 39 1 3 50 18 24 6 17 38 10 49 28 21 27 23 41 42 13 19 4 8 25 43 29 48 46 33 44 31 45 36 15 47 
student 83: 32 3 36 30 8 19 1 35 12 14 11 13 40 41 22 2 31 37 4 9 50 18 27 7 16 38 10 47 26 23 28 20 45 43 15 17 5 6 24 39 25 49 44 33 42 29 46 34 21 48 
student 84: 38 1 33 23 8 18 3 35 13 24 11 9 42 36 25 4 31 40 2 7 49 17 26 6 14 37 12 47 27 21 30 22 43 45 15 16 5 10 20 39 32 50 41 28 44 29 46 34 19 48 
student 85: 34 2 37 32 6 21 3 35 16 17 12 14 42 36 22 8 28 39 1 5 50 18 26 7 15 40 11 48 24 19 27 25 44 45 9 13 4 10 23 38 29 49 47 31 43 30 46 33 20 41 
student 86: 35 6 34 30 12 19 2 32 13 16 10 11 41 39 23 5 28 42 1 7 48 18 26 3 17 38 4 49 25 22 27 24 44 45 14 15 9 8 21 37 29 47 43 31 40 36 50 33 20 46 
student 87: 28 2 38 32 10 20 3 35 12 17 11 9 39 37 22 7 30 43 1 5 44 18 24 8 15 36 13 49 26 23 31 25 42 48 14 16 4 6 21 41 29 50 40 34 45 27 46 33 19 47 
student 88: 34 3 37 28 10 21 2 32 11 20 12 9 36 39 22 4 31 42 1 7 49 16 24 8 14 27 15 48 26 23 29 25 41 44 17 18 5 6 19 40 33 50 45 35 43 30 47 38 13 46 
student 89: 31 3 42 29 7 17 4 32 18 9 15 11 41 34 23 2 36 39 1 10 46 12 26 8 19 38 13 43 25 24 27 22 44 48 14 16 5 6 21 37 30 47 40 35 45 28 50 33 20 49 
student 90: 33 2 37 27 8 19 1 34 16 17 10 12 43 38 22 4 31 39 3 6 49 15 26 9 14 41 11 48 25 24 28 23 44 45 13 18 5 7 21 36 30 50 42 35 40 29 46 32 20 47 
student 91: 23 2 38 33 8 20 3 35 10 16 11 19 49 36 24 12 31 40 1 5 47 15 26 7 14 41 9 48 28 22 27 25 34 43 13 17 6 4 21 39 30 50 45 32 42 29 44 37 18 46 
student 92: 30 9 39 31 11 19 4 37 13 18 8 14 38 35 22 2 26 40 1 7 45 17 24 6 15 41 10 49 29 23 27 28 47 46 12 16 3 5 20 34 33 50 43 36 42 25 44 32 21 48 
student 93: 31 5 35 34 9 20 4 38 13 15 14 11 40 33 19 2 36 43 1 7 47 16 22 6 18 39 10 49 25 26 28 23 46 37 12 21 8 3 24 41 27 50 44 30 42 29 48 32 17 45 
student 94: 30 1 35 29 10 18 2 41 13 17 8 12 40 33 23 4 32 39 3 6 48 16 24 11 15 36 9 49 28 26 27 21 45 47 14 19 7 5 22 38 31 50 42 34 43 25 44 37 20 46 
student 95: 34 3 32 28 12 17 1 36 14 16 10 11 41 37 22 2 27 40 4 7 46 19 25 8 13 39 9 48 29 23 26 24 44 45 15 18 6 5 21 38 35 49 42 30 43 33 50 31 20 47 
student 96: 32 2 39 29 12 22 3 35 13 17 10 11 41 37 28 5 31 38 1 6 47 15 20 4 18 36 9 48 26 21 27 25 44 43 16 14 7 8 23 42 30 49 46 33 40 24 45 34 19 50 
student 97: 33 1 37 31 9 16 6 35 18 17 11 12 43 38 22 8 32 34 2 7 46 19 25 5 15 40 10 49 26 24 27 21 42 44 13 14 4 3 23 39 28 47 45 30 41 29 48 36 20 50 
student 98: 36 2 33 26 8 19 3 32 15 17 11 13 43 38 22 5 31 42 1 7 48 18 23 10 12 39 6 49 25 21 28 24 45 46 14 16 4 9 27 37 30 50 44 35 41 29 40 34 20 47 
student 99: 36 4 32 27 9 18 1 31 13 17 10 11 42 37 22 3 33 38 2 6 47 20 24 8 16 40 12 50 26 23 25 29 41 46 14 15 5 7 19 39 28 48 43 34 45 30 44 35 21 49 
student 100: 33 6 37 28 10 19 2 35 14 17 12 8 40 36 21 9 30 41 1 11 49 18 24 7 15 38 5 44 31 22 26 25 46 47 13 16 4 3 23 39 29 48 42 34 43 27 50 32 20 45 
student 101: 32 1 38 29 9 19 5 36 12 23 13 11 41 37 20 4 30 40 2 8 50 18 21 7 17 39 10 48 24 22 27 28 46 44 16 15 3 6 26 33 31 49 42 35 45 25 43 34 14 47 
student 102: 31 4 38 30 11 19 1 34 13 16 12 7 43 37 22 3 29 39 2 5 49 17 24 9 15 41 10 50 26 20 27 25 44 45 14 21 6 8 23 35 28 47 42 33 40 32 46 36 18 48 
student 103: 34 4 40 26 10 18 2 32 12 19 13 16 36 37 22 7 31 41 1 6 45 15 24 9 14 38 11 48 28 23 27 25 43 46 17 8 3 5 21 39 30 50 42 33 44 29 47 35 20 49 
student 104: 28 2 38 30 8 21 4 37 13 16 12 9 44 32 24 3 33 42 1 10 49 20 23 7 19 40 14 46 26 25 27 15 45 47 11 17 6 5 18 36 34 50 39 35 41 29 43 31 22 48 
student 105: 32 1 38 27 5 21 2 34 12 17 10 9 40 36 28 3 30 39 4 13 47 20 23 11 14 37 7 49 24 16 29 25 42 44 18 15 6 8 19 41 31 50 43 35 48 26 45 33 22 46 
student 106: 32 4 36 27 9 19 1 39 15 17 8 16 41 34 21 6 29 42 2 12 49 18 26 3 10 37 7 48 25 23 30 24 43 45 11 14 5 13 20 38 28 50 44 33 40 31 47 35 22 46 
student 107: 32 2 35 29 11 18 3 34 13 15 9 12 39 37 25 1 31 43 4 8 48 19 27 7 16 41 10 49 24 23 26 21 47 40 17 14 5 6 22 38 30 50 42 36 44 28 45 33 20 46 
student 108: 25 2 37 30 7 17 5 34 12 19 11 18 43 36 20 6 32 40 1 3 50 15 23 9 14 39 10 49 26 24 29 27 44 48 13 16 8 4 21 38 31 47 42 33 41 28 45 35 22 46 
student 109: 28 6 40 29 9 19 3 35 11 18 10 12 37 38 22 1 32 39 4 5 46 17 26 8 13 36 15 49 24 23 27 25 44 48 14 16 7 2 20 42 31 50 41 33 43 30 45 34 21 47 
student 110: 27 2 39 29 9 17 5 34 13 16 11 14 42 37 18 3 32 41 1 4 45 21 24 7 19 38 10 50 28 23 36 26 43 47 12 15 6 8 22 40 25 49 48 33 31 30 44 35 20 46 
student 111: 37 4 34 30 12 23 2 38 13 10 14 8 42 35 19 5 33 43 1 6 48 18 22 9 16 39 11 50 26 24 27 25 46 47 15 17 7 3 21 36 31 49 41 29 40 28 44 32 20 45 
student 112: 32 2 40 28 9 21 4 34 13 17 11 14 41 37 19 8 30 39 1 7 48 12 26 5 15 38 6 46 27 22 25 23 42 45 20 16 10 3 24 36 31 49 43 35 44 29 47 33 18 50 
student 113: 32 4 39 31 10 15 3 37 12 20 13 11 44 34 22 2 33 40 1 7 49 19 25 8 17 38 9 50 24 26 28 23 42 45 14 18 6 5 16 36 30 46 41 29 43 27 47 35 21 48 
student 114: 30 2 38 28 8 18 3 37 15 17 12 13 44 33 26 6 32 43 1 7 48 20 22 9 14 39 10 50 25 19 27 23 41 42 16 11 5 4 21 36 29 47 49 35 40 34 45 31 24 46 
student 115: 35 4 38 29 11 19 5 36 12 17 10 13 41 37 21 3 32 40 1 8 45 18 25 9 15 34 7 48 24 23 28 26 46 44 14 16 2 6 20 39 30 50 42 31 43 27 49 33 22 47 
student 116: 30 2 37 33 8 21 3 39 14 16 11 13 42 35 20 6 26 40 1 7 44 19 25 9 12 41 10 47 28 23 31 24 38 46 17 15 4 5 18 36 27 50 45 32 43 29 49 34 22 48 
student 117: 34 1 38 30 11 19 3 35 12 18 10 13 45 37 20 5 33 39 2 9 50 16 22 7 15 36 8 48 24 25 26 27 42 41 14 17 4 6 21 44 29 49 47 31 40 28 43 32 23 46 
student 118: 26 4 39 36 9 24 2 35 14 13 5 12 42 27 22 1 32 43 6 10 50 20 25 8 15 37 11 49 28 18 29 23 41 44 17 16 3 7 19 40 31 48 47 33 38 30 46 34 21 45 
student 119: 29 1 41 28 6 19 9 34 12 15 14 11 39 37 24 5 32 40 2 3 47 20 25 10 13 38 8 50 30 21 27 23 45 43 17 18 7 4 22 33 31 49 44 36 42 26 48 35 16 46 
student 120: 33 2 40 28 12 19 3 37 6 16 13 11 41 34 22 4 32 36 1 8 47 26 24 10 14 39 9 50 25 21 27 23 43 46 15 17 5 7 20 38 29 49 42 31 44 30 48 35 18 45 
student 121: 33 2 34 29 6 19 1 31 15 16 12 9 37 42 22 8 32 38 3 7 48 17 27 10 13 41 11 50 25 21 26 24 43 46 18 14 5 4 23 39 30 45 40 35 44 28 49 36 20 47 
student 122: 31 7 43 30 12 18 3 34 8 17 13 10 41 32 22 2 36 37 1 4 46 23 26 9 15 39 11 50 25 21 27 19 49 40 16 14 6 5 24 45 28 48 42 35 38 29 47 33 20 44 
student 123: 31 4 34 27 11 21 2 36 10 17 9 15 43 41 23 3 33 38 1 6 49 16 24 7 14 44 8 46 25 22 29 26 45 42 12 18 13 5 20 37 30 50 40 35 39 28 47 32 19 48 
student 124: 30 3 35 29 8 18 1 39 11 19 14 10 42 40 25 6 34 41 2 7 48 17 26 9 16 38 13 49 20 24 27 21 44 46 12 15 4 5 23 37 31 50 43 33 36 28 45 32 22 47 
student 125: 31 1 38 24 10 21 2 36 12 17 14 8 40 37 25 5 30 42 4 9 48 20 27 7 16 41 11 49 19 26 28 18 39 44 15 13 3 6 23 34 33 50 43 32 46 29 47 35 22 45 
student 126: 31 1 41 35 10 20 2 29 13 17 12 11 39 34 26 7 32 42 3 6 47 18 23 5 16 37 9 49 30 25 24 21 45 44 14 15 4 8 19 38 28 50 43 36 40 27 46 33 22 48 
student 127: 29 1 34 28 7 26 2 33 12 11 18 13 41 35 25 3 32 39 5 6 48 15 24 10 17 42 9 50 22 23 27 20 46 40 14 19 8 4 21 38 31 49 44 37 43 30 45 36 16 47 
student 128: 35 2 37 30 9 20 3 33 11 19 12 10 41 36 22 4 31 39 1 13 49 17 25 8 14 34 6 42 26 24 27 23 45 47 16 15 5 7 18 40 28 46 44 32 43 29 48 38 21 50 
student 129: 31 5 34 29 8 21 4 35 16 17 12 15 40 39 19 1 30 41 2 9 47 13 28 10 6 38 11 50 23 24 27 25 49 43 20 14 7 3 18 37 32 48 46 33 42 26 44 36 22 45 
student 130: 35 1 36 28 10 20 5 38 11 18 15 12 40 34 22 3 31 41 2 9 50 17 23 7 14 39 8 47 26 24 29 30 42 44 13 16 4 6 19 37 25 49 45 32 48 27 43 33 21 46 
student 131: 35 3 40 28 12 18 1 37 16 14 9 10 39 32 20 6 30 38 4 5 48 22 24 8 13 41 15 50 29 23 27 25 44 46 11 19 2 7 17 36 31 49 45 33 43 26 42 34 21 47 
student 132: 34 5 31 27 9 18 3 36 15 17 11 10 41 39 22 1 33 37 4 6 49 20 25 8 14 40 12 47 32 24 23 26 43 44 13 16 2 7 19 38 29 50 45 35 42 28 48 30 21 46 
student 133: 31 3 36 29 8 15 2 34 7 14 16 17 43 39 27 4 32 41 1 9 47 20 23 10 13 37 11 50 22 21 26 24 42 44 12 18 5 6 25 38 30 49 40 33 45 28 46 35 19 48 
student 134: 31 3 37 30 10 18 6 39 12 15 9 11 43 35 22 14 34 36 1 7 46 19 26 5 16 41 8 48 25 23 27 24 44 45 13 17 4 2 20 38 29 49 40 33 42 28 50 32 21 47 
student 135: 32 3 37 31 12 18 4 36 11 17 9 13 42 33 22 2 29 41 1 7 48 20 21 8 15 40 10 50 26 24 27 25 43 44 14 16 6 5 23 39 30 49 45 34 38 28 46 35 19 47 
student 136: 31 4 33 32 10 23 2 36 15 19 12 11 42 34 24 9 29 43 1 7 45 14 28 8 17 40 3 46 27 21 25 22 48 47 13 18 5 6 20 38 30 50 39 37 44 26 41 35 16 49 
student 137: 32 2 40 27 10 20 3 36 11 15 9 12 42 37 23 4 26 41 1 6 49 17 24 8 16 38 13 46 25 19 30 28 45 47 14 18 7 5 22 35 29 50 43 33 39 31 48 34 21 44 
student 138: 30 2 41 32 12 17 3 34 16 22 11 7 39 37 20 4 29 38 1 6 48 14 27 5 18 40 9 49 25 23 26 24 43 46 13 15 8 10 21 35 28 50 42 36 44 31 47 33 19 45 
student 139: 28 1 36 30 10 17 2 34 13 18 7 11 39 37 22 4 33 43 8 9 48 16 25 6 15 38 12 50 21 23 29 26 42 44 14 19 3 5 24 40 31 49 45 32 41 27 46 35 20 47 
student 140: 33 2 35 29 11 19 3 34 15 18 9 10 46 37 22 4 30 41 1 7 49 17 27 8 14 39 12 50 25 24 26 23 48 47 13 20 5 6 16 38 31 43 40 32 42 28 44 36 21 45 
student 141: 30 1 35 24 6 19 2 36 13 17 10 14 40 31 20 3 32 44 7 12 46 11 27 5 16 37 9 50 25 23 28 26 48 42 15 18 4 8 22 39 29 49 38 33 45 34 43 41 21 47 
student 142: 33 5 37 21 9 19 4 34 17 16 14 8 41 36 23 2 29 43 1 3 46 15 27 10 13 40 11 49 30 22 26 25 48 44 12 18 7 6 20 38 31 50 45 32 39 28 42 35 24 47 
student 143: 32 2 36 25 8 19 4 39 14 16 11 13 42 41 26 3 34 40 1 9 49 18 23 7 12 35 10 48 24 22 28 27 47 45 17 15 6 5 21 31 30 50 43 29 38 33 44 37 20 46 
student 144: 32 5 34 31 4 16 3 39 9 20 11 13 42 35 22 7 26 40 2 8 50 17 24 14 15 38 10 48 25 23 28 27 43 46 12 18 1 6 21 36 30 49 44 37 41 29 47 33 19 45 
student 145: 29 4 37 27 14 19 1 34 10 15 16 11 39 36 22 3 32 40 2 7 45 17 23 8 13 42 12 48 33 24 28 26 44 43 9 18 5 6 21 38 30 50 49 31 46 25 47 35 20 41 
student 146: 31 3 39 25 9 22 4 36 12 14 13 10 44 34 20 2 32 46 1 7 41 18 24 8 17 38 11 49 28 19 26 29 47 40 15 16 6 5 23 45 27 50 37 33 43 30 42 35 21 48 
student 147: 32 1 35 31 11 18 2 36 13 17 12 7 40 37 24 5 29 38 3 6 47 21 20 8 16 42 10 48 23 25 30 26 50 45 14 15 4 9 22 39 28 49 41 33 43 27 46 34 19 44 
student 148: 34 3 36 22 10 15 4 39 13 17 8 14 41 38 21 5 33 40 2 7 47 25 28 11 16 27 12 45 24 26 31 29 43 49 9 18 1 6 20 37 30 50 48 35 44 23 42 32 19 46 
student 149: 33 4 35 30 7 17 3 34 13 16 10 12 42 38 21 2 32 40 1 6 49 18 23 5 14 41 11 50 26 22 27 25 44 45 20 15 8 9 24 37 28 46 43 31 39 29 47 36 19 48 
student 150: 35 3 34 28 11 17 4 33 9 20 12 6 40 37 23 2 31 38 1 10 47 26 22 8 15 39 14 50 29 24 27 21 43 45 13 16 5 7 19 41 30 49 44 32 42 25 48 36 18 46 
student 151: 34 2 38 32 9 20 3 36 13 14 11 12 46 35 24 4 28 40 1 6 48 17 22 8 18 42 10 50 30 21 26 25 44 47 15 16 7 5 19 37 31 45 39 29 41 27 43 33 23 49 
student 152: 35 3 36 26 7 19 4 34 18 16 13 14 42 37 24 2 32 40 1 6 47 21 23 10 12 39 11 49 27 20 31 17 44 41 9 15 5 8 25 38 29 50 46 30 43 28 48 33 22 45 
student 153: 32 2 37 29 8 20 3 33 10 19 13 14 41 35 28 4 31 42 1 9 47 18 22 7 17 40 11 48 25 21 26 24 45 36 12 16 5 6 23 39 30 49 46 34 43 27 50 38 15 44 
student 154: 31 2 40 30 6 17 3 36 13 21 7 12 44 34 22 4 33 42 1 10 47 19 23 8 18 29 9 50 28 24 26 25 38 43 11 14 5 15 20 39 32 49 46 35 41 27 48 37 16 45 
student 155: 30 1 35 32 12 20 3 36 13 14 11 10 46 39 21 4 28 41 2 8 44 19 25 9 17 37 7 45 24 27 26 23 38 48 16 15 6 5 22 40 31 50 47 33 42 29 43 34 18 49 
student 156: 31 3 40 29 9 17 2 35 16 18 12 11 46 36 24 7 30 38 1 13 49 19 26 8 15 37 5 42 23 22 27 25 47 45 14 10 6 4 20 41 32 50 39 33 43 28 44 34 21 48 
student 157: 32 2 39 29 11 23 4 36 14 18 8 12 40 35 20 3 34 37 1 10 49 15 25 7 9 38 13 48 30 26 27 22 47 44 17 16 5 6 19 41 21 46 43 33 42 28 45 31 24 50 
student 158: 32 1 29 33 7 19 3 36 14 22 10 12 44 39 24 4 27 37 2 11 46 18 28 8 15 41 9 50 30 25 17 26 43 49 13 16 5 6 21 38 31 47 45 34 40 20 42 35 23 48 
student 159: 29 7 39 33 10 20 2 37 12 19 3 11 38 35 18 1 32 40 6 5 48 21 27 9 16 36 13 49 25 22 30 23 46 45 14 15 8 4 24 41 26 50 44 34 43 28 42 31 17 47 
student 160: 31 1 36 27 10 18 3 34 11 16 9 14 39 38 21 5 33 42 2 7 48 22 26 6 15 37 12 47 25 24 28 23 43 49 13 20 4 8 17 40 35 50 41 32 44 29 46 30 19 45 
student 161: 34 2 39 26 13 18 8 36 12 19 10 6 41 37 24 3 30 38 1 9 48 16 27 11 17 42 7 47 28 23 25 21 43 44 15 14 4 5 22 33 31 50 40 35 45 29 49 32 20 46 
student 162: 33 3 38 28 10 16 4 34 13 18 11 12 40 36 23 5 32 39 1 8 46 20 30 7 17 41 9 50 25 24 26 22 45 43 15 14 2 6 21 37 29 48 44 35 42 27 47 31 19 49 
student 163: 31 3 36 23 11 20 2 38 18 16 15 13 42 35 17 5 29 41 1 6 48 19 27 8 12 40 10 47 22 21 28 26 43 46 9 14 4 7 24 37 30 50 45 32 39 34 44 33 25 49 
student 164: 32 3 37 29 11 18 8 33 10 17 9 13 43 36 22 2 31 41 5 7 45 20 23 14 12 40 6 47 26 24 27 25 44 46 16 15 4 1 21 39 30 50 42 34 38 28 49 35 19 48 
student 165: 32 2 35 25 5 17 3 37 14 18 11 13 44 38 20 6 24 40 1 10 47 16 26 7 8 36 12 49 22 23 28 29 43 45 15 19 4 9 21 39 31 50 46 33 41 30 48 34 27 42 
student 166: 33 4 35 28 11 17 3 32 14 18 13 12 40 37 26 5 31 38 1 8 48 19 25 9 15 41 10 46 29 22 23 24 45 44 6 16 7 2 21 39 30 50 43 36 42 27 47 34 20 49 
student 167: 35 1 34 29 10 21 2 36 11 16 8 9 39 33 20 4 32 46 3 7 45 18 23 13 17 37 12 50 26 24 27 25 42 40 15 14 5 6 22 43 28 48 41 31 47 30 49 38 19 44 
student 168: 34 2 37 30 12 19 3 33 15 16 10 13 40 36 20 5 31 41 1 8 47 18 26 7 17 39 11 50 27 23 24 25 46 48 9 14 4 6 21 38 29 49 42 32 43 28 44 35 22 45 
student 169: 32 3 38 28 13 20 10 37 12 17 11 8 46 35 23 2 31 40 1 4 50 18 24 7 15 39 9 47 26 22 27 25 42 44 14 16 5 6 21 36 29 49 41 33 43 30 48 34 19 45 
student 170: 31 5 38 34 7 17 3 35 16 18 12 9 42 36 22 2 30 41 1 11 50 21 25 10 14 40 8 47 28 24 26 19 44 46 13 15 4 6 23 33 27 49 39 32 43 29 45 37 20 48 
student 171: 31 4 37 29 10 17 2 34 14 15 11 12 41 35 21 3 30 40 1 6 50 18 25 9 16 39 7 48 26 22 27 24 44 46 13 20 8 5 19 38 32 49 43 33 42 28 45 36 23 47 
student 172: 33 2 38 22 12 18 6 36 13 15 9 10 44 37 21 3 31 39 1 8 46 20 27 7 17 34 11 50 23 26 28 24 45 47 16 14 4 5 25 40 29 48 41 32 43 30 42 35 19 49 
student 173: 29 1 40 30 10 19 2 34 13 17 12 8 39 37 21 3 31 42 4 5 47 16 23 9 24 38 11 48 26 25 27 22 45 41 14 15 6 7 18 35 28 49 43 33 44 32 50 36 20 46 
student 174: 33 1 38 31 9 18 2 35 11 15 12 17 41 29 19 4 27 43 3 5 46 13 25 8 14 37 10 49 24 23 28 26 45 47 16 22 6 7 20 39 34 50 40 32 42 30 44 36 21 48 
student 175: 30 4 37 27 6 21 2 34 15 17 8 12 40 35 22 1 33 41 5 10 47 19 28 9 14 39 11 48 26 23 25 24 46 45 13 16 7 3 20 38 32 50 43 36 44 29 49 31 18 42 
student 176: 31 2 37 29 10 15 4 35 11 16 8 13 40 39 23 5 30 42 1 7 47 18 19 6 17 41 12 49 26 24 27 25 46 45 14 20 3 9 22 36 33 50 38 34 43 28 44 32 21 48 
student 177: 35 2 36 29 9 24 3 34 14 19 12 10 39 37 17 7 31 43 1 8 50 16 25 5 18 40 11 46 26 22 28 23 42 45 13 15 4 6 21 38 30 48 41 33 47 27 44 32 20 49 
student 178: 31 1 35 30 7 20 2 40 11 15 13 8 44 36 21 4 33 41 9 5 46 19 25 6 14 38 12 49 27 23 28 24 50 42 16 17 3 10 22 37 29 48 39 32 47 26 45 34 18 43 
student 179: 37 5 36 29 8 20 6 34 10 16 12 13 48 32 22 4 28 38 3 2 47 18 25 9 14 42 11 50 26 24 27 23 43 39 17 15 1 7 19 40 35 46 45 33 41 30 49 31 21 44 
student 180: 30 4 36 29 11 17 7 34 14 18 8 13 41 35 22 3 37 38 1 6 45 19 21 9 12 39 10 47 25 28 27 24 49 42 16 15 5 2 23 40 26 50 43 32 46 31 44 33 20 48 
student 181: 33 3 37 29 8 17 7 32 10 21 11 13 41 35 22 4 31 39 2 9 46 18 23 5 16 40 12 49 25 20 27 26 43 48 14 15 6 1 19 38 30 50 42 36 44 28 47 34 24 45 
student 182: 32 2 38 28 6 18 3 36 11 19 12 14 40 29 23 7 33 43 1 4 50 20 25 9 13 39 10 47 26 22 27 24 44 42 15 16 8 5 21 37 31 48 46 34 41 30 45 35 17 49 
student 183: 33 2 36 32 6 22 3 35 12 15 9 11 44 38 23 4 29 40 1 8 50 18 26 10 16 41 17 48 25 24 27 20 37 43 13 14 5 7 21 39 30 49 47 31 42 28 45 34 19 46 
student 184: 30 2 38 26 15 19 8 36 10 16 12 7 41 37 17 3 29 43 1 13 47 18 23 6 20 40 9 50 25 22 27 31 46 45 11 14 5 4 21 34 32 49 39 35 44 28 42 33 24 48 
student 185: 33 2 36 29 9 20 1 35 12 17 11 15 41 37 26 6 32 40 3 8 44 18 21 5 16 39 10 48 22 25 27 24 49 45 13 14 7 4 23 38 28 50 43 31 42 30 47 34 19 46 
student 186: 35 1 34 28 9 18 2 39 13 16 11 12 40 36 26 5 31 43 4 8 49 17 24 7 15 38 10 50 27 20 25 23 41 44 14 19 3 6 22 37 30 48 45 32 42 29 46 33 21 47 
student 187: 35 2 37 29 9 21 5 31 14 13 10 11 41 36 22 3 30 38 1 4 44 18 27 7 17 39 8 49 26 23 25 24 45 46 12 16 6 15 19 40 32 47 43 33 42 28 48 34 20 50 
student 188: 31 3 41 27 9 21 2 38 10 16 12 13 44 42 20 4 34 37 1 11 48 17 23 8 19 40 7 50 28 22 29 25 49 43 15 14 5 6 24 35 30 46 39 32 36 26 45 33 18 47 
student 189: 33 4 38 29 5 21 1 35 15 17 11 12 41 36 20 3 31 44 2 6 47 18 28 10 14 40 9 49 25 27 19 23 43 46 13 16 8 7 24 37 26 50 39 32 42 30 48 34 22 45 
student 190: 29 1 35 26 7 18 2 36 9 16 11 13 45 39 20 5 34 37 6 10 44 21 27 4 15 40 12 48 25 22 28 23 43 46 14 17 3 8 24 41 31 50 38 30 42 32 47 33 19 49 
student 191: 33 4 34 25 13 22 1 35 9 17 11 10 39 38 24 3 32 42 2 6 46 18 21 7 16 40 15 48 29 28 26 23 44 45 14 12 5 8 19 37 30 50 43 31 41 27 47 36 20 49 
student 192: 32 2 39 29 13 19 3 36 11 17 14 10 42 35 24 5 31 38 1 7 49 18 25 9 16 37 8 50 21 23 27 26 43 46 12 15 6 4 20 40 30 47 44 33 41 28 48 34 22 45 
student 193: 33 2 37 28 5 19 6 40 13 17 12 14 50 35 24 3 32 41 1 9 46 18 25 10 15 38 8 49 27 22 26 23 45 42 11 16 4 7 20 36 30 47 43 34 39 29 48 31 21 44 
student 194: 31 2 34 27 8 19 1 33 13 18 12 11 41 37 22 6 36 38 3 9 49 17 30 7 16 42 10 50 23 21 28 25 43 45 15 14 4 5 20 35 29 48 40 39 44 24 46 32 26 47 
student 195: 32 4 37 29 10 16 2 34 15 17 12 14 38 36 22 8 31 43 1 9 48 19 26 7 11 40 6 50 25 23 27 24 45 47 18 13 3 5 21 39 30 49 42 35 44 28 41 33 20 46 
student 196: 32 6 37 27 14 20 1 34 13 16 10 12 42 36 23 4 30 38 3 8 49 19 24 5 11 41 9 48 28 18 25 26 44 45 17 15 7 2 21 39 35 50 43 31 40 29 46 33 22 47 
student 197: 30 3 41 35 13 17 2 33 15 19 14 11 36 38 20 4 28 42 1 8 48 5 25 7 12 37 9 39 22 31 24 26 45 44 23 16 6 10 18 34 27 46 47 32 43 29 49 40 21 50 
student 198: 26 2 39 31 14 21 3 35 11 19 10 17 41 34 16 4 38 36 1 7 48 13 22 9 12 40 8 49 27 25 29 28 45 42 18 15 6 5 20 37 30 50 43 32 44 23 46 33 24 47 
student 199: 34 4 35 27 8 21 1 31 16 18 10 13 40 39 22 3 33 43 2 7 48 20 25 9 14 38 11 50 26 24 28 23 47 44 12 15 6 5 19 37 30 49 42 32 41 29 45 36 17 46 
student 200: 32 3 34 29 10 21 6 36 12 18 13 9 43 40 24 8 31 42 1 4 48 17 28 7 15 37 11 47 27 23 25 22 44 41 16 14 2 5 20 39 30 50 45 33 38 26 46 35 19 49 
student 201: 30 2 39 31 8 17 1 34 13 19 12 11 37 35 21 3 33 44 5 10 48 18 25 7 15 36 9 49 27 24 26 23 41 47 14 16 4 6 22 42 32 50 43 38 40 28 45 29 20 46 
student 202: 33 1 36 28 9 20 3 34 10 16 8 13 41 32 23 4 30 40 2 5 47 18 24 12 14 38 11 50 29 22 27 25 42 45 15 17 6 7 21 37 31 49 43 39 44 26 46 35 19 48 
student 203: 34 1 37 29 10 19 3 36 15 17 4 8 41 38 22 2 30 40 7 13 50 18 28 9 11 35 12 48 24 23 26 27 44 46 14 16 5 6 21 39 31 49 42 33 43 25 45 32 20 47 
student 204: 28 1 36 31 6 22 2 35 12 15 11 10 41 37 24 4 34 43 5 9 50 19 25 13 16 38 8 49 29 23 26 21 46 44 14 17 7 3 20 39 30 48 40 32 42 27 45 33 18 47 
student 205: 33 2 39 26 8 17 4 37 14 18 9 12 41 35 21 5 28 36 1 7 45 16 29 10 13 38 11 48 25 22 27 23 44 49 15 20 6 3 24 40 30 47 43 32 42 31 46 34 19 50 
student 206: 32 2 35 33 8 21 3 36 14 22 13 11 41 38 16 6 30 40 1 7 49 12 24 9 19 37 10 50 26 23 29 25 45 44 15 18 4 5 17 39 28 47 42 31 43 27 46 34 20 48 
student 207: 36 6 37 28 8 18 3 33 10 15 14 13 42 35 23 7 34 40 5 2 49 17 24 4 19 41 11 48 27 25 26 22 45 44 12 16 9 1 21 38 30 50 43 32 39 29 46 31 20 47 
student 208: 33 1 39 28 10 18 3 37 13 19 12 11 38 34 20 5 36 41 2 4 48 17 24 9 15 42 8 49 26 21 27 25 44 45 14 16 6 7 23 35 30 50 40 32 43 29 46 31 22 47 
student 209: 35 3 36 31 8 18 2 34 13 14 11 10 41 39 16 4 30 42 1 6 45 24 26 7 15 40 9 50 25 22 27 23 44 46 17 19 5 12 21 37 29 48 43 32 38 28 49 33 20 47 
student 210: 33 1 36 28 7 19 3 35 15 18 12 6 41 37 21 4 31 39 13 5 49 16 25 2 14 43 10 46 26 22 29 24 42 45 11 17 8 9 23 38 27 48 44 32 40 30 50 34 20 47 
student 211: 33 2 38 32 7 9 3 36 12 22 8 13 43 35 27 6 30 40 1 14 48 19 25 10 15 39 11 50 24 21 28 23 41 47 16 18 4 5 20 37 31 46 42 29 44 26 49 34 17 45 
student 212: 33 3 34 27 9 20 1 38 16 15 11 12 39 40 25 2 29 41 7 6 49 18 21 4 14 37 10 50 32 24 30 23 42 44 13 17 8 5 22 36 28 48 43 35 45 26 46 31 19 47 
student 213: 26 1 38 31 10 19 6 37 12 17 11 13 44 35 22 2 33 36 4 5 46 18 25 8 16 40 9 50 32 23 28 21 49 43 14 15 7 3 24 39 30 48 42 29 45 27 41 34 20 47 
student 214: 33 2 39 30 13 19 3 35 9 16 11 7 36 34 24 4 31 41 1 6 49 15 26 12 17 40 8 47 25 22 28 21 45 42 14 18 5 10 23 43 29 50 44 32 38 27 46 37 20 48 
student 215: 35 1 38 28 5 18 6 34 14 19 12 13 39 33 23 3 30 44 2 9 50 21 24 11 16 40 10 49 26 25 27 15 42 41 8 17 7 4 22 37 31 48 43 36 45 29 47 32 20 46 
student 216: 33 2 39 27 8 18 5 35 10 16 11 17 40 37 20 6 31 42 1 9 48 19 26 4 14 36 12 49 29 24 30 23 46 44 13 15 7 3 21 38 28 50 41 32 43 22 45 34 25 47 
student 217: 32 1 37 27 7 18 3 31 13 20 12 11 41 36 21 2 33 39 5 6 50 16 23 8 15 40 10 48 26 25 28 24 46 43 14 17 4 9 22 38 30 49 44 35 42 29 47 34 19 45 
student 218: 32 3 38 28 9 18 4 33 12 19 14 7 42 35 23 1 31 40 2 8 46 17 26 6 16 39 11 47 25 22 27 24 43 50 15 13 10 5 21 37 29 49 44 34 41 30 45 36 20 48 
student 219: 31 2 36 32 10 16 3 35 13 18 12 11 45 34 21 4 30 37 1 8 48 25 23 6 14 40 9 47 26 27 29 22 42 50 15 17 5 7 19 39 24 49 44 38 41 28 43 33 20 46 
student 220: 29 3 36 30 7 22 4 37 15 14 11 12 41 31 24 5 34 42 2 8 48 17 27 6 18 40 10 49 25 19 26 23 46 47 13 16 1 9 21 39 33 50 38 32 43 28 44 35 20 45 
student 221: 37 2 32 30 10 18 1 36 16 20 9 12 45 34 21 11 33 44 3 8 48 17 27 6 15 38 7 49 26 23 25 24 42 41 13 14 4 5 19 40 31 50 39 35 43 28 46 29 22 47 
student 222: 34 2 32 27 12 16 3 35 13 19 10 11 37 36 22 5 31 41 1 6 48 18 23 8 15 42 9 47 28 24 29 26 45 46 14 17 4 7 20 38 25 50 43 39 40 30 44 33 21 49 
student 223: 23 3 40 31 9 16 5 36 14 18 10 17 43 37 24 6 32 41 4 7 47 22 27 8 13 39 11 45 21 25 29 26 46 44 15 12 2 1 19 35 28 50 42 34 38 30 49 33 20 48 
student 224: 34 2 40 30 8 17 7 35 13 16 11 12 42 37 22 5 32 39 1 10 44 20 27 6 15 36 9 46 23 24 28 26 47 41 19 14 3 4 21 38 29 49 43 31 45 25 50 33 18 48 
student 225: 32 1 36 26 7 19 3 35 15 18 10 9 47 37 24 4 33 40 2 6 49 17 29 8 12 39 14 50 25 23 30 22 43 45 13 16 5 11 21 38 31 46 42 28 41 27 44 34 20 48 
student 226: 31 2 37 28 9 22 3 36 13 16 7 14 43 35 20 4 29 40 1 11 50 17 25 5 15 39 12 46 26 23 32 24 44 48 21 10 6 8 18 38 34 47 42 30 45 27 41 33 19 49 
student 227: 32 2 37 25 10 19 4 29 14 18 11 12 44 36 23 3 31 39 1 9 43 13 26 7 16 38 8 50 30 24 27 22 47 46 15 17 5 6 21 40 28 49 41 34 42 33 45 35 20 48 
student 228: 32 1 37 30 8 18 3 35 11 16 4 10 39 36 22 2 31 40 6 9 46 19 28 13 15 42 12 50 26 24 27 23 47 44 14 17 7 5 21 38 25 49 41 33 43 29 45 34 20 48 
student 229: 32 1 36 28 12 15 4 35 17 22 9 11 38 39 21 3 31 40 2 6 50 14 29 7 16 37 10 48 26 23 25 24 47 42 13 18 5 8 20 41 30 49 44 33 43 27 46 34 19 45 
student 230: 29 4 37 23 11 16 5 39 14 17 9 12 41 35 24 7 32 43 1 6 48 19 27 10 15 36 8 44 28 22 30 25 45 47 13 18 2 3 21 40 31 50 38 33 42 26 49 34 20 46 
student 231: 29 4 37 31 10 21 2 36 19 16 9 12 40 35 22 3 33 42 1 8 47 14 25 7 15 38 11 46 27 23 26 24 41 45 13 17 6 5 20 39 30 50 43 34 44 28 48 32 18 49 
student 232: 29 1 37 25 9 19 2 35 12 16 10 13 42 36 21 4 32 38 3 6 48 18 24 7 14 39 11 49 28 22 31 23 44 47 15 17 5 8 27 40 26 50 43 34 41 30 45 33 20 46 
student 233: 29 1 42 30 12 23 2 33 14 16 9 11 38 35 20 5 32 39 3 8 48 18 21 7 17 40 10 50 26 24 27 25 45 41 13 15 4 6 22 37 31 49 44 34 43 28 47 36 19 46 
student 234: 32 2 37 31 6 18 4 35 12 16 11 14 39 40 24 5 30 44 1 10 48 17 25 8 15 36 9 47 26 21 28 23 42 45 19 13 7 3 22 43 27 50 41 33 38 29 46 34 20 49 
student 235: 32 3 41 29 12 19 2 34 14 17 11 9 39 38 22 4 31 40 1 6 46 15 25 7 18 37 10 48 23 26 27 24 44 47 16 13 5 8 20 35 30 50 43 36 42 28 45 33 21 49 
student 236: 29 2 36 30 8 22 3 35 11 15 12 13 41 37 20 4 28 43 1 9 50 14 24 5 16 40 10 47 27 21 26 25 44 46 17 19 6 7 18 38 33 49 42 34 39 31 45 32 23 48 
student 237: 34 2 43 29 9 20 3 32 13 22 12 11 42 36 23 4 31 38 1 7 41 17 18 8 14 37 10 50 26 24 28 25 47 44 16 15 5 6 19 39 33 49 45 27 40 30 48 35 21 46 
student 238: 35 2 36 30 6 20 3 33 11 17 14 13 40 39 24 4 34 43 1 12 49 21 23 7 10 38 9 47 29 25 28 22 42 48 15 16 5 8 18 37 27 50 44 31 41 26 45 32 19 46 
student 239: 28 2 37 33 10 18 3 32 11 15 8 13 41 30 20 6 34 40 1 23 49 16 26 5 14 39 7 50 22 21 29 25 44 46 12 17 9 4 24 38 31 47 43 35 42 27 48 36 19 45 
student 240: 33 4 40 27 7 19 1 34 14 16 13 11 42 37 20 6 32 36 5 9 48 21 25 10 17 41 12 49 26 22 28 23 43 47 8 18 2 3 15 38 31 50 44 35 39 29 46 30 24 45 
student 241: 30 2 40 29 9 18 5 33 12 17 14 11 42 36 21 7 31 35 4 8 47 22 26 1 13 37 10 48 23 25 24 27 45 44 16 15 3 6 20 39 28 50 43 32 41 38 49 34 19 46 
student 242: 36 2 37 31 8 23 3 33 13 18 9 12 41 34 22 6 28 40 1 5 49 17 26 19 14 43 7 50 27 21 25 24 45 38 15 16 4 11 10 39 29 48 46 32 42 30 44 35 20 47 
student 243: 31 2 38 29 9 20 1 35 13 19 10 12 39 37 17 4 32 45 8 6 49 18 27 7 15 41 11 48 26 24 23 25 42 44 21 14 3 5 22 36 30 50 40 33 43 28 46 34 16 47 
student 244: 32 3 37 29 7 18 5 34 12 16 13 17 41 38 20 2 31 39 1 4 47 22 25 11 10 43 9 50 23 21 27 24 44 45 14 15 8 6 26 36 28 49 48 33 40 30 42 35 19 46 
student 245: 27 3 37 29 10 20 6 35 12 16 11 14 43 32 21 5 30 42 1 9 48 19 26 7 15 38 4 46 24 23 33 25 45 41 13 17 2 8 18 39 34 50 44 31 40 28 47 36 22 49 
student 246: 34 2 46 30 10 21 4 35 13 18 8 12 44 39 22 6 32 36 3 9 48 17 28 5 16 38 11 49 27 23 26 25 42 47 15 14 7 1 24 37 29 50 41 31 40 19 45 33 20 43 
student 247: 36 2 28 29 8 13 3 39 11 25 10 9 38 33 21 4 30 44 1 7 48 18 24 14 12 37 15 50 27 23 26 20 43 46 17 16 6 5 19 42 31 49 40 35 41 32 45 34 22 47 
student 248: 28 4 36 29 9 18 6 35 15 16 12 11 47 38 21 2 31 37 3 5 50 19 23 8 17 41 10 44 26 25 27 20 43 46 13 14 1 7 24 39 34 49 42 33 40 30 45 32 22 48 
student 249: 31 3 37 28 11 19 1 35 12 15 9 8 41 38 21 5 29 40 2 6 47 17 24 10 14 34 13 48 33 25 27 23 44 49 16 18 7 4 22 39 30 50 46 32 42 26 43 36 20 45 
student 250: 34 1 35 26 10 19 5 37 15 18 9 12 39 38 20 4 30 40 2 8 44 13 23 14 16 41 6 50 31 22 27 25 43 45 11 17 3 7 21 36 29 49 42 32 47 28 46 33 24 48 
student 251: 32 1 37 30 8 21 3 35 14 16 11 13 41 39 24 4 33 40 2 6 47 20 26 9 12 36 10 49 27 23 29 18 44 48 15 17 5 7 19 38 31 50 42 28 43 25 46 34 22 45 
student 252: 32 4 39 29 12 18 2 33 16 17 9 13 41 34 22 1 31 40 3 6 46 20 25 8 10 38 11 49 26 23 28 27 44 45 14 15 5 7 19 37 30 50 42 35 43 24 47 36 21 48 
student 253: 35 2 37 26 7 20 1 33 13 17 12 10 40 38 27 4 34 39 3 6 47 19 23 8 15 36 11 46 25 21 28 24 45 48 14 16 5 9 18 42 29 49 43 31 41 30 44 32 22 50 
student 254: 31 5 37 28 12 19 1 38 14 18 11 9 42 35 22 3 32 41 4 6 43 24 27 7 17 40 10 50 23 25 26 21 46 45 15 13 2 8 20 36 30 48 44 34 39 29 47 33 16 49 
student 255: 33 3 35 29 6 19 5 32 13 17 11 12 39 37 22 2 34 38 1 7 48 18 25 9 15 42 10 50 26 24 27 23 43 45 14 16 8 4 21 40 31 49 44 36 41 28 46 30 20 47 
student 256: 33 2 35 27 3 20 5 34 15 17 12 8 40 37 22 6 32 42 1 11 49 19 26 9 16 39 10 48 24 23 29 25 45 47 14 13 7 4 21 38 31 50 43 36 41 30 44 28 18 46 
student 257: 31 4 34 27 10 14 5 35 11 22 12 13 42 37 21 2 32 40 1 7 48 20 23 8 15 38 9 50 26 24 28 25 44 45 17 16 6 3 19 39 30 49 46 33 41 29 43 36 18 47 
student 258: 31 3 36 28 10 18 1 34 14 29 11 12 44 37 19 4 33 39 2 9 49 13 25 7 15 38 8 45 21 23 26 24 46 47 16 17 5 6 22 40 32 48 43 30 41 27 42 35 20 50 
student 259: 30 2 36 27 5 19 4 31 16 10 12 13 41 34 18 6 33 38 1 9 49 15 25 3 20 40 11 50 26 24 29 21 45 46 14 23 7 8 17 37 32 48 43 35 42 28 44 39 22 47 
student 260: 34 1 37 28 7 18 3 36 13 20 11 12 40 35 21 2 31 41 4 6 50 17 24 10 19 39 9 48 26 22 27 25 43 45 15 14 8 5 16 38 29 49 42 30 44 32 47 33 23 46 
student 261: 29 2 39 27 6 17 3 35 21 12 18 9 41 38 22 4 31 40 1 10 48 16 25 7 11 36 14 49 23 28 26 24 42 44 13 15 5 8 20 37 30 50 46 32 45 33 43 34 19 47 
student 262: 32 8 38 29 12 19 1 37 13 15 7 11 41 35 24 4 30 42 2 3 46 14 25 9 17 39 10 47 26 21 27 23 44 45 16 18 6 5 22 36 31 50 43 34 40 28 48 33 20 49 
student 263: 30 4 34 31 9 21 3 37 12 18 7 11 38 36 22 2 32 41 1 13 50 19 25 5 15 39 10 44 27 20 28 26 45 46 14 17 6 8 23 40 29 49 42 35 43 24 47 33 16 48 
student 264: 32 2 36 24 8 18 3 37 10 19 11 9 40 34 21 5 33 41 1 12 48 17 28 4 14 39 13 50 27 22 25 23 46 42 15 16 7 6 26 38 31 49 44 35 43 29 45 30 20 47 
student 265: 33 3 37 29 4 17 6 31 11 19 10 13 40 34 21 2 36 43 1 9 49 16 26 5 14 39 7 48 25 22 28 24 45 41 15 18 12 8 20 38 30 50 44 32 42 27 47 35 23 46 
student 266: 34 2 39 30 7 22 6 40 16 14 9 10 37 33 21 4 29 41 1 5 47 18 26 13 15 38 8 49 27 23 28 25 48 45 11 17 3 12 20 36 32 50 44 31 42 24 43 35 19 46 
student 267: 33 3 37 26 9 25 1 36 14 16 11 12 40 38 22 4 30 44 2 6 48 21 23 7 15 41 10 50 24 20 32 27 43 45 13 18 5 8 17 39 28 49 42 31 35 29 46 34 19 47 
student 268: 30 4 35 29 9 18 3 33 10 20 8 16 40 37 19 5 31 42 1 12 48 13 23 6 15 38 11 46 25 27 26 24 47 45 14 17 2 7 22 39 32 49 41 34 43 28 44 36 21 50 
student 269: 34 1 38 30 8 16 5 33 13 18 9 11 42 37 20 2 29 40 4 7 49 15 24 10 12 41 14 50 26 22 27 25 47 44 19 17 3 6 23 36 32 45 43 31 39 28 48 35 21 46 
student 270: 32 2 36 27 3 20 4 34 14 15 9 10 41 35 21 6 31 37 1 8 48 16 26 11 17 39 12 49 25 22 28 24 43 42 13 18 5 7 23 40 29 50 44 33 46 30 47 38 19 45 
student 271: 30 1 45 29 9 19 6 34 13 16 12 11 38 36 23 3 32 44 2 8 50 18 25 4 14 43 10 48 27 22 24 26 42 41 15 17 5 7 20 39 31 49 40 35 37 28 46 33 21 47 
student 272: 32 2 35 30 9 24 4 36 13 19 12 10 38 37 21 6 33 41 1 5 47 18 20 7 16 40 11 49 25 23 28 27 45 43 15 14 3 8 22 39 31 50 44 26 42 29 46 34 17 48 
student 273: 30 5 37 25 8 14 2 36 15 16 11 9 40 35 23 6 29 39 1 4 49 17 27 7 20 41 10 48 26 24 31 22 45 44 19 13 3 12 21 38 28 50 43 32 42 33 47 34 18 46 
student 274: 34 2 37 29 7 22 3 32 10 14 12 15 40 36 23 5 33 44 1 11 47 17 27 9 18 39 8 49 24 26 30 19 43 45 16 13 6 4 20 38 31 50 41 35 42 25 46 28 21 48 
student 275: 33 1 36 26 8 17 6 34 12 20 11 14 42 37 22 2 31 39 3 10 47 16 27 7 13 40 9 49 23 21 29 25 44 48 15 18 4 5 24 38 30 50 43 32 41 28 45 35 19 46 
student 276: 29 1 34 28 9 21 4 36 15 18 12 14 38 37 22 5 32 39 3 6 46 13 20 8 16 48 10 47 27 24 25 26 44 42 11 17 2 7 23 43 30 50 41 31 40 33 45 35 19 49 
student 277: 31 9 38 28 10 17 3 33 15 18 13 7 42 37 23 4 35 39 1 5 47 14 25 8 12 40 11 50 27 24 26 20 44 45 16 19 2 6 22 36 29 48 43 34 41 30 46 32 21 49 
student 278: 31 2 37 28 10 20 3 36 14 16 12 13 40 33 25 6 32 43 1 9 48 17 23 4 18 42 11 46 27 19 26 24 45 44 8 15 5 7 21 38 30 50 41 34 39 29 49 35 22 47 
student 279: 29 1 38 32 10 19 3 36 12 17 6 13 39 40 22 5 30 43 4 8 50 18 23 9 16 37 11 47 27 24 28 25 46 49 14 15 7 2 21 35 31 48 42 34 41 26 44 33 20 45 
student 280: 32 1 41 25 8 19 2 37 14 16 7 10 38 35 22 4 29 39 3 9 47 17 28 6 15 43 11 49 27 21 30 24 42 46 12 20 13 5 23 36 26 50 44 33 40 31 45 34 18 48 
student 281: 30 2 40 28 7 16 3 35 13 17 11 8 43 36 20 4 32 39 1 9 45 19 25 10 12 38 14 48 29 24 26 23 46 42 18 15 5 6 22 37 31 50 44 33 41 27 47 34 21 49 
student 282: 30 1 40 33 11 13 3 37 14 21 10 12 41 34 24 4 29 42 2 7 48 17 28 8 18 38 9 50 25 26 20 23 44 45 16 15 5 6 22 39 27 49 43 35 36 31 46 32 19 47 
student 283: 32 2 38 30 10 18 4 33 15 19 11 12 40 36 22 6 31 43 1 7 47 17 24 9 13 39 8 49 25 23 28 26 41 44 14 16 3 5 21 37 29 50 42 34 48 27 46 35 20 45 
student 284: 36 2 35 26 10 19 4 37 14 17 12 9 38 31 23 6 32 39 1 3 49 15 25 8 18 40 11 50 30 21 28 27 48 47 13 16 7 5 22 41 29 44 42 33 43 24 45 34 20 46 
student 285: 32 1 37 30 8 21 2 35 15 17 12 10 41 38 20 11 31 39 6 7 46 18 28 5 14 40 9 45 25 22 26 24 50 42 13 16 3 4 23 36 29 49 47 33 43 27 44 34 19 48 
student 286: 27 2 41 28 9 23 4 32 17 16 6 13 40 37 24 3 33 38 1 8 47 19 20 10 14 45 11 50 21 25 31 26 43 44 15 12 5 7 22 39 29 49 42 34 35 30 48 36 18 46 
student 287: 31 2 37 29 10 19 3 35 15 17 11 12 41 38 22 5 28 42 1 7 46 18 24 9 13 39 8 50 25 26 27 23 45 48 14 16 4 6 20 36 30 49 40 34 43 33 44 32 21 47 
student 288: 37 2 30 31 11 22 3 38 12 13 9 14 42 36 23 5 32 39 1 7 49 16 24 10 15 34 8 50 21 25 27 26 43 47 18 17 6 4 19 41 29 48 44 33 40 28 45 35 20 46 
student 289: 33 2 38 30 8 19 4 37 9 15 14 17 41 31 22 3 29 40 1 10 48 18 25 5 12 35 11 49 27 21 34 26 45 44 13 16 7 6 24 39 28 47 42 32 43 23 46 36 20 50 
student 290: 34 2 36 28 9 17 1 35 11 16 13 12 44 39 21 5 33 41 3 7 50 19 31 8 18 40 10 42 24 23 26 25 45 48 14 15 4 6 22 32 30 49 43 37 38 27 46 29 20 47 
student 291: 30 1 35 32 10 20 6 37 11 17 13 12 43 41 24 3 29 40 2 7 49 18 23 9 8 36 14 50 26 25 27 19 45 47 15 16 4 5 22 39 31 48 42 28 38 33 46 34 21 44 
student 292: 31 2 37 30 8 20 3 34 14 17 10 12 40 36 25 4 33 39 1 9 50 18 24 7 15 38 13 49 29 23 28 19 42 45 11 16 5 6 22 41 27 48 44 32 43 26 46 35 21 47 
student 293: 35 1 36 29 6 22 3 41 14 15 9 11 37 30 24 2 31 38 4 8 48 17 21 12 13 42 10 49 28 25 27 23 43 45 16 18 5 7 20 39 33 50 44 34 40 26 47 32 19 46 
student 294: 32 2 33 30 7 18 4 34 13 16 14 10 45 39 22 5 29 40 1 9 49 19 24 6 15 37 12 48 27 23 28 25 38 46 11 17 8 3 21 41 31 50 44 35 43 26 47 36 20 42 
student 295: 33 1 39 29 9 20 3 36 12 19 14 11 40 30 21 6 32 38 2 7 46 23 25 5 15 42 10 48 26 22 27 24 41 45 13 16 4 8 17 37 31 49 43 34 44 28 50 35 18 47 
student 296: 31 2 40 24 11 21 3 34 14 15 12 10 44 35 25 5 30 36 1 6 46 16 26 8 19 39 9 49 27 23 28 20 45 42 13 18 4 7 22 38 29 50 43 33 41 32 47 37 17 48 
student 297: 37 4 38 25 8 20 5 33 12 17 13 14 44 35 19 6 30 39 3 7 50 22 24 10 15 40 11 49 27 23 28 26 42 43 9 16 1 2 21 36 34 45 46 29 41 32 48 31 18 47 
student 298: 25 2 37 29 12 17 5 36 11 16 10 13 44 33 27 1 32 39 4 9 47 20 23 7 15 40 6 48 28 22 24 26 45 42 14 18 3 8 21 38 34 50 41 31 43 30 46 35 19 49 
student 299: 37 3 34 27 13 26 2 35 7 16 10 9 40 36 22 8 33 42 1 12 50 17 24 5 21 39 6 47 29 23 25 18 46 48 14 15 4 11 20 38 28 44 43 32 41 30 45 31 19 49 
student 300: 29 2 38 28 10 23 3 35 12 15 16 9 42 36 20 4 32 41 1 6 49 21 26 8 19 40 11 45 24 22 27 25 47 44 13 14 5 7 18 39 30 50 43 34 37 31 46 33 17 48 
student 301: 31 2 38 28 7 19 3 35 8 17 12 11 42 36 24 4 32 40 1 13 48 18 25 10 16 39 9 49 27 22 26 21 44 45 14 15 5 6 23 41 29 50 43 33 37 30 47 34 20 46 
student 302: 33 3 31 29 10 18 5 36 13 24 11 12 37 38 22 2 32 42 1 7 47 19 23 8 15 41 9 49 25 21 27 26 44 45 16 14 4 6 20 39 30 50 40 34 43 28 46 35 17 48 
student 303: 32 2 37 29 8 16 3 31 15 20 12 14 43 36 24 5 35 40 1 7 46 19 28 9 13 41 10 49 25 23 26 22 44 45 17 11 4 6 21 38 30 50 42 34 39 27 47 33 18 48 
student 304: 24 2 35 32 11 19 3 36 17 14 9 10 37 34 21 4 33 42 1 5 50 18 25 8 13 38 12 46 27 23 31 26 44 47 15 16 7 6 20 39 29 48 43 30 40 28 45 41 22 49 
student 305: 34 3 39 29 8 19 2 35 13 17 11 12 33 36 22 5 30 40 1 6 48 18 28 7 14 37 9 44 20 23 26 25 45 47 16 15 10 4 24 41 27 49 43 38 42 31 46 32 21 50 
student 306: 30 1 42 29 12 19 2 36 11 16 6 10 39 35 22 3 32 44 5 7 49 15 27 8 18 43 9 50 25 23 26 24 40 46 13 20 4 14 17 37 33 48 41 34 38 28 45 31 21 47 
student 307: 26 2 37 30 11 19 5 35 15 22 14 10 39 36 20 4 32 42 6 7 46 17 24 9 12 41 3 50 27 23 28 25 43 47 18 16 8 1 21 38 31 49 44 33 40 29 48 34 13 45 
student 308: 35 1 34 33 4 18 5 37 14 17 12 11 38 41 21 3 31 43 2 9 47 19 27 7 15 40 13 49 26 22 24 23 42 44 10 16 8 6 20 39 30 50 36 29 46 28 48 32 25 45 
student 309: 29 4 33 30 15 21 2 32 13 18 11 8 40 34 22 3 35 43 1 5 48 12 20 9 16 39 14 49 27 25 24 23 45 42 10 17 7 6 26 38 28 50 44 31 41 36 47 37 19 46 
student 310: 31 1 39 29 13 22 3 36 11 20 12 10 43 34 19 2 25 40 4 7 47 16 28 9 15 38 6 49 26 24 30 23 44 45 14 17 5 8 21 37 27 50 41 35 42 33 48 32 18 46 
student 311: 31 4 38 29 10 17 2 37 14 18 20 12 42 35 21 5 30 39 1 6 48 16 27 8 11 40 9 49 25 26 24 23 41 46 15 13 7 3 22 36 32 50 45 33 44 28 43 34 19 47 
student 312: 34 2 35 26 13 18 3 37 12 20 9 10 39 31 25 4 33 38 1 7 49 16 24 11 17 41 8 48 27 23 28 22 46 45 15 14 6 5 21 42 32 50 44 29 40 30 47 36 19 43 
student 313: 30 1 36 31 10 20 2 35 21 16 11 7 41 37 24 4 29 40 12 9 48 17 28 5 13 38 8 50 25 22 27 23 44 45 15 14 3 6 19 39 33 49 47 26 43 32 46 34 18 42 
student 314: 30 3 37 31 9 20 2 35 14 19 15 12 44 36 24 7 32 41 1 5 48 17 25 6 11 39 10 47 28 21 22 23 42 45 13 18 4 8 26 38 27 50 43 33 40 29 46 34 16 49 
student 315: 33 2 37 27 8 19 3 35 12 17 11 13 38 36 22 4 32 44 1 10 47 18 25 7 15 39 9 48 28 23 26 24 45 42 14 16 5 6 21 43 29 49 40 31 41 30 50 34 20 46 
student 316: 31 7 35 26 9 19 2 34 12 16 13 11 41 37 23 3 27 42 1 6 46 18 24 8 15 38 10 49 28 21 29 25 43 44 14 17 4 5 22 39 30 50 45 32 40 33 47 36 20 48 
student 317: 34 3 39 28 10 19 7 31 11 17 6 13 42 38 22 4 30 40 1 9 47 18 24 5 16 37 12 50 25 21 32 27 45 46 14 15 2 8 20 35 36 49 44 33 41 26 43 29 23 48 
student 318: 32 2 39 30 6 20 3 34 13 19 11 12 42 38 17 4 31 40 1 8 49 18 25 9 15 36 10 48 28 23 26 24 41 47 14 16 5 7 21 37 29 50 43 35 45 27 44 33 22 46 
student 319: 31 4 38 24 6 21 3 34 14 16 12 11 43 37 23 2 29 39 1 5 49 18 26 10 15 40 7 48 32 20 27 25 42 46 13 17 9 8 22 36 28 50 41 35 44 30 45 33 19 47 
student 320: 27 1 39 30 7 19 3 34 14 17 12 9 41 37 24 6 31 38 2 10 47 16 25 11 15 36 8 50 29 23 28 22 42 45 13 18 4 5 21 40 32 48 43 33 44 26 46 35 20 49 
student 321: 33 3 36 29 10 19 2 39 11 17 12 13 41 37 23 1 30 38 5 7 45 16 27 8 18 40 9 49 22 20 28 24 46 48 14 15 4 6 21 35 32 50 42 31 44 26 43 34 25 47 
student 322: 27 6 37 26 9 22 2 32 17 18 11 12 40 38 23 3 33 42 1 8 49 14 28 7 15 41 10 45 25 24 29 20 43 46 13 16 5 4 19 36 30 50 44 34 39 31 48 35 21 47 
student 323: 33 4 37 29 10 18 5 35 8 19 11 13 41 36 23 2 30 40 1 7 49 17 28 9 15 39 12 48 22 25 26 27 45 44 14 16 3 6 20 38 24 50 42 32 43 31 47 34 21 46 
student 324: 36 3 43 26 9 17 6 34 13 16 10 12 39 37 23 1 30 38 2 5 49 21 31 8 18 41 11 45 25 24 33 20 44 46 14 15 4 7 22 35 28 50 42 29 40 27 47 32 19 48 
student 325: 28 2 39 33 8 20 7 31 5 17 10 15 38 35 14 3 29 46 1 4 49 16 26 11 18 41 12 37 25 24 27 23 45 44 19 13 9 6 22 40 32 47 43 34 42 30 48 36 21 50 
student 326: 32 7 40 28 8 23 1 35 15 20 11 13 42 38 24 2 25 47 5 9 48 12 19 4 16 39 10 50 26 27 29 21 43 44 14 17 3 6 18 36 31 49 41 33 37 30 45 34 22 46 
student 327: 33 2 36 30 10 21 3 34 14 19 9 11 40 37 23 5 31 38 1 8 49 24 20 7 15 41 13 47 26 17 27 25 42 44 12 18 4 6 22 35 29 50 46 32 43 28 45 39 16 48 
student 328: 32 1 38 28 10 18 4 37 13 21 8 11 39 35 23 3 29 41 2 7 47 15 24 5 14 40 12 50 26 22 27 25 44 46 16 17 6 9 19 36 31 49 43 34 42 30 45 33 20 48 
student 329: 34 1 37 29 9 18 4 36 13 16 11 8 40 33 21 6 31 39 2 7 48 20 26 12 15 42 10 49 27 22 25 24 45 44 14 17 5 3 19 38 30 50 41 32 43 28 47 35 23 46 
student 330: 29 2 37 28 7 18 6 36 14 17 8 12 40 35 24 3 32 39 1 4 49 15 30 5 19 38 13 50 26 21 23 25 42 43 16 11 9 10 22 44 31 48 47 34 41 27 45 33 20 46 
student 331: 30 5 38 31 10 22 1 36 14 13 12 11 41 35 25 4 32 37 2 8 49 16 24 9 15 40 7 48 27 21 28 18 43 44 20 17 3 6 26 39 23 50 45 33 42 29 46 34 19 47 
student 332: 33 1 35 32 7 18 5 36 11 16 9 10 44 34 23 3 30 42 2 8 46 20 26 6 15 40 14 47 24 22 27 25 43 45 17 13 4 12 19 39 29 50 41 31 38 28 48 37 21 49 
student 333: 30 2 33 31 8 19 3 34 12 18 11 10 41 37 24 5 32 42 1 9 45 17 29 6 16 38 15 49 25 22 23 26 46 43 14 13 7 4 21 40 27 50 48 36 39 28 44 35 20 47 
student 334: 32 2 41 29 10 21 6 36 16 17 13 11 42 35 18 3 31 37 1 5 47 19 27 9 15 38 12 48 23 22 25 28 45 46 8 14 4 7 24 40 30 49 44 33 39 26 43 34 20 50 
student 335: 32 2 38 27 10 28 3 35 13 22 12 11 42 36 20 5 30 40 1 6 45 19 24 9 14 39 7 46 25 21 29 23 44 47 16 15 4 8 18 37 31 50 41 34 43 26 48 33 17 49 
student 336: 31 7 33 28 3 12 2 36 17 14 13 9 41 38 22 4 37 39 1 10 47 23 24 8 16 43 11 50 21 26 29 25 45 42 15 18 5 6 19 35 30 48 44 32 40 27 46 34 20 49 
student 337: 31 1 38 30 12 21 3 36 13 19 8 11 42 39 20 6 32 40 2 4 50 17 24 9 14 43 10 48 25 26 28 27 44 47 16 15 5 7 22 37 29 49 33 35 41 23 45 34 18 46 
student 338: 28 1 38 32 10 17 3 39 8 21 7 15 43 35 22 5 34 42 4 9 47 14 24 11 16 36 13 49 25 23 26 31 44 45 12 19 2 6 20 40 33 50 37 27 41 30 48 29 18 46 
student 339: 31 2 36 30 13 18 3 37 12 16 8 10 44 33 23 7 34 41 1 11 50 20 22 9 14 39 6 48 27 24 29 25 43 45 15 17 4 5 21 38 28 49 42 32 40 26 46 35 19 47 
student 340: 34 2 32 28 9 16 3 37 15 19 11 17 42 36 24 1 30 39 4 8 48 18 25 7 13 40 10 50 21 20 26 27 45 43 14 12 5 6 23 38 31 49 41 33 46 29 44 35 22 47 
student 341: 35 3 38 33 14 22 2 32 9 19 11 12 40 34 24 4 29 44 1 6 48 16 20 7 17 37 8 49 25 15 28 26 43 46 13 18 10 5 23 39 30 50 41 36 42 27 45 31 21 47 
student 342: 34 3 40 30 7 19 2 35 13 15 11 9 39 38 21 4 33 37 1 8 48 20 28 14 10 42 12 49 25 18 27 22 43 46 17 16 5 6 23 31 26 50 41 32 44 29 47 36 24 45 
student 343: 33 6 36 25 10 18 2 32 13 19 9 16 43 39 20 4 34 40 1 7 48 17 28 8 14 38 12 49 26 22 29 24 44 45 11 15 3 5 23 37 27 50 47 30 42 31 46 35 21 41 
student 344: 32 1 40 29 13 19 3 35 10 18 16 11 42 37 21 2 31 39 5 8 47 20 17 6 14 38 9 49 26 24 28 25 43 45 12 15 4 7 23 36 30 50 46 33 41 27 48 34 22 44 
student 345: 30 2 36 29 4 16 7 31 13 22 10 12 41 35 19 3 32 40 1 9 50 17 26 8 15 39 11 48 28 23 24 21 46 44 14 20 5 6 25 37 34 49 43 33 42 27 45 38 18 47 
student 346: 30 7 32 26 15 18 1 35 11 10 3 17 42 38 22 2 34 40 6 8 48 13 25 9 23 37 16 49 28 19 29 27 45 41 14 12 4 5 20 39 31 50 44 33 43 24 46 36 21 47 
student 347: 33 2 38 30 8 19 3 32 15 17 9 11 39 35 25 4 31 37 1 6 49 18 24 7 13 42 12 50 27 23 26 22 43 44 14 16 5 10 20 41 29 48 45 34 40 28 47 36 21 46 
student 348: 30 2 37 31 6 20 5 35 13 18 12 4 40 39 25 7 33 41 1 9 47 22 23 11 15 38 10 48 19 24 28 26 44 46 14 16 3 8 17 36 29 49 42 32 45 27 43 34 21 50 
student 349: 37 1 34 29 10 20 4 33 15 19 12 13 42 32 26 7 36 41 2 6 49 18 24 11 14 39 9 47 23 21 27 8 44 38 16 17 3 5 25 35 30 50 45 40 43 28 46 31 22 48 
student 350: 32 3 37 29 11 20 2 31 12 17 10 13 45 34 21 4 30 42 1 7 46 18 25 9 15 39 8 49 27 22 26 24 44 43 14 16 5 6 23 38 35 48 40 33 41 28 50 36 19 47 
student 351: 33 1 38 30 12 18 3 37 10 8 7 14 39 34 27 4 25 41 2 11 47 20 21 6 15 35 13 50 28 22 26 23 44 48 19 17 5 9 16 40 32 49 46 31 43 29 42 36 24 45 
student 352: 34 1 38 24 10 16 4 33 18 20 8 12 40 37 21 5 29 42 7 6 49 14 28 9 13 41 11 48 26 22 36 25 43 46 15 23 2 3 17 31 30 50 47 32 39 27 45 35 19 44 
student 353: 29 2 40 33 12 15 4 34 18 11 8 13 37 36 23 3 30 41 1 7 49 19 27 9 16 39 10 48 28 24 32 26 46 44 17 14 5 6 22 38 25 50 43 31 42 21 45 35 20 47 
student 354: 33 5 30 31 7 13 8 43 14 21 12 11 42 37 22 1 32 35 2 9 49 18 26 6 20 39 10 48 28 24 27 23 46 45 15 16 4 3 17 38 25 50 41 34 40 29 44 36 19 47 
student 355: 32 2 37 27 1 18 4 34 15 17 13 11 41 35 21 5 31 44 3 8 47 20 24 9 10 38 12 49 30 22 26 25 45 40 14 16 6 7 19 39 29 50 43 33 42 28 46 36 23 48 
student 356: 31 4 33 27 6 18 3 36 12 17 13 11 43 35 16 1 29 41 2 7 48 19 24 8 15 37 10 49 30 25 26 23 45 38 14 21 9 5 22 40 32 50 42 34 44 28 46 39 20 47 
student 357: 28 2 37 27 8 23 4 34 9 20 12 13 40 35 18 7 33 38 1 6 49 17 26 11 16 43 10 46 25 19 31 24 47 45 14 15 5 3 22 44 30 50 39 32 41 29 48 36 21 42 
student 358: 33 2 37 27 9 19 3 34 14 16 10 12 41 35 24 4 30 39 1 7 48 17 25 8 18 38 11 50 28 22 29 23 46 44 13 15 5 6 21 40 32 49 45 31 42 26 47 36 20 43 
student 359: 25 3 37 28 8 17 4 36 6 16 11 12 39 35 23 2 33 40 1 13 46 19 30 7 15 41 18 49 31 27 21 24 48 45 9 14 5 10 22 38 32 50 44 34 43 26 42 29 20 47 
student 360: 36 3 38 32 9 16 1 29 13 20 10 12 35 34 23 4 31 40 2 6 45 18 26 7 14 39 11 49 28 22 27 24 43 46 15 17 5 8 21 41 25 50 48 33 42 30 44 37 19 47 
student 361: 30 3 38 28 8 19 2 36 13 16 11 12 40 33 24 6 31 37 1 4 45 18 26 9 14 39 10 49 20 25 27 21 43 44 15 17 7 5 23 41 29 50 48 35 42 32 46 34 22 47 
student 362: 33 7 37 28 11 18 4 34 13 15 10 12 43 29 22 2 32 42 1 5 46 17 19 8 16 36 9 49 27 23 24 25 45 48 14 21 3 6 20 39 30 47 41 35 40 31 44 38 26 50 
student 363: 32 3 38 30 10 18 1 34 7 20 13 12 39 35 21 2 26 45 4 6 46 16 25 9 15 42 11 48 27 22 29 24 47 43 14 17 5 8 23 37 31 49 40 36 41 28 44 33 19 50 
student 364: 32 2 37 30 10 19 5 34 13 18 11 12 43 36 28 6 31 41 4 9 46 21 23 7 17 40 8 49 25 24 27 20 48 45 14 15 3 1 22 38 29 50 42 35 39 26 44 33 16 47 
student 365: 32 2 34 27 10 18 6 36 14 20 9 8 41 38 23 5 31 42 3 7 50 19 25 11 13 37 12 48 26 24 28 22 44 45 17 15 1 4 16 39 30 49 40 35 43 29 46 33 21 47 
student 366: 32 2 37 30 10 18 1 35 13 15 12 11 42 36 24 7 31 38 4 5 47 19 22 9 16 40 6 49 25 23 27 26 45 46 14 17 8 3 21 41 29 48 43 33 39 28 44 34 20 50 
student 367: 30 1 38 28 9 20 3 35 10 17 7 15 41 37 23 4 29 40 6 8 48 18 22 12 14 39 11 50 26 25 33 24 43 44 13 16 2 5 21 36 32 47 49 34 42 27 46 31 19 45 
student 368: 34 2 37 30 4 21 3 36 13 14 10 12 42 31 22 5 33 43 1 7 48 19 17 9 15 41 11 49 26 25 27 24 46 38 18 16 6 8 23 40 32 50 44 29 39 28 47 35 20 45 
student 369: 32 2 39 29 6 20 4 36 14 17 12 11 42 38 25 5 34 40 1 3 50 19 23 10 16 37 7 49 27 24 26 22 45 48 13 15 8 9 21 31 30 46 43 33 41 28 44 35 18 47 
student 370: 33 3 36 30 13 20 2 37 15 16 11 10 44 35 19 5 27 39 1 7 40 21 24 8 12 45 9 50 26 22 28 25 42 43 18 14 4 6 17 38 31 49 48 32 41 29 47 34 23 46 
student 371: 30 2 40 28 12 19 6 37 13 14 8 10 42 31 21 3 34 39 1 5 47 18 26 9 15 38 11 49 24 25 27 23 45 46 16 17 7 4 22 36 32 50 44 35 41 29 48 33 20 43 
student 372: 32 3 35 29 11 22 6 37 13 17 8 10 42 39 25 5 28 40 1 12 49 16 27 4 15 44 9 48 30 18 24 23 45 47 14 21 2 7 20 38 31 50 34 36 41 26 46 33 19 43 
student 373: 33 2 35 27 14 18 4 36 12 17 11 10 42 37 20 5 32 41 1 6 48 19 23 8 16 40 9 44 24 22 25 29 39 45 13 15 3 7 26 38 30 50 43 34 46 28 47 31 21 49 
student 374: 32 4 38 34 10 16 6 30 14 18 11 12 41 35 22 2 33 42 1 7 46 20 24 8 15 39 9 49 26 21 27 25 45 44 13 17 3 5 23 36 28 50 40 37 43 31 48 29 19 47 
student 375: 31 1 33 30 7 20 6 40 13 16 11 9 41 36 22 2 29 42 4 15 50 18 28 3 14 39 10 45 25 23 24 26 43 46 17 12 5 8 21 37 32 47 49 34 38 27 44 35 19 48 
student 376: 32 4 39 30 9 22 7 34 11 18 13 10 41 35 21 5 31 36 1 2 50 19 25 6 15 40 12 47 27 20 28 26 46 44 14 17 3 8 16 38 29 49 43 37 42 24 48 33 23 45 
student 377: 34 3 31 32 7 17 2 33 15 18 10 9 42 37 22 4 29 39 1 6 48 19 26 12 11 38 14 50 25 21 24 28 44 41 13 16 8 5 23 40 30 47 43 35 45 27 49 36 20 46 
student 378: 31 7 38 26 9 17 3 34 11 15 12 13 44 36 23 5 27 43 2 8 49 19 28 6 16 37 10 48 25 20 30 24 46 42 14 18 4 1 21 45 35 50 40 32 39 29 41 33 22 47 
student 379: 32 2 36 30 7 21 3 37 20 15 13 11 45 33 25 5 31 40 1 4 48 17 24 9 12 42 10 44 28 22 18 23 46 43 14 16 6 8 26 38 27 49 39 34 47 29 50 35 19 41 
student 380: 33 1 35 30 6 22 2 36 13 18 10 11 40 34 21 4 32 42 5 3 48 20 26 14 12 39 7 49 27 19 29 24 43 46 15 16 9 8 17 37 31 50 44 25 41 28 45 38 23 47 
student 381: 33 2 37 30 9 20 8 35 15 16 10 17 39 36 22 4 29 40 1 7 47 13 31 11 14 42 5 50 27 24 25 26 43 45 12 18 3 6 21 38 28 48 41 34 44 23 46 32 19 49 
student 382: 31 6 35 29 9 21 2 36 14 17 13 12 39 37 22 3 30 41 1 7 47 15 27 8 11 42 4 44 24 23 32 26 43 48 16 18 5 10 19 38 25 50 45 33 40 28 46 34 20 49 
student 383: 34 1 35 29 10 19 3 36 12 17 11 14 45 37 24 4 31 39 2 7 43 18 23 9 13 44 8 49 26 25 27 22 42 47 15 16 5 6 21 38 30 50 41 32 40 28 46 33 20 48 
student 384: 28 3 39 30 10 20 2 37 15 19 11 9 44 33 23 5 31 41 1 7 47 17 25 8 16 40 12 50 29 22 26 24 45 42 13 14 4 6 21 38 32 48 43 34 35 27 49 36 18 46 
student 385: 33 1 37 30 10 23 3 38 13 17 12 9 42 34 22 6 31 40 4 5 44 16 25 7 14 39 11 49 26 20 29 24 47 46 19 15 8 2 21 36 27 50 45 32 41 28 43 35 18 48 
student 386: 31 9 36 28 10 14 5 33 13 18 15 17 41 34 21 3 32 40 1 2 50 20 24 8 7 38 11 43 29 23 27 25 45 46 12 16 4 6 22 37 30 48 44 35 42 26 47 39 19 49 
student 387: 30 2 37 29 6 18 4 36 16 15 13 11 43 35 22 9 27 38 1 3 47 19 24 10 17 41 8 48 28 20 25 23 45 49 12 14 5 7 26 39 32 50 46 33 44 31 40 34 21 42 
student 388: 39 4 37 30 11 18 3 34 15 16 13 10 42 36 24 2 31 38 1 8 41 17 26 7 12 46 9 49 25 22 29 23 44 40 14 20 5 6 21 32 28 48 43 33 45 27 50 35 19 47 
student 389: 33 4 37 26 10 23 2 35 12 24 7 8 42 36 27 1 31 40 3 5 47 16 22 9 14 41 11 49 25 20 28 21 48 44 13 17 6 15 19 38 30 50 43 34 39 29 46 32 18 45 
student 390: 32 3 39 27 9 18 2 35 13 16 8 11 43 34 21 5 31 40 1 7 48 19 25 10 17 38 12 45 24 23 29 26 46 47 15 14 4 6 22 37 30 50 42 36 41 28 44 33 20 49 
student 391: 34 3 39 30 10 17 1 33 14 13 15 12 41 37 27 4 29 42 2 9 45 21 18 6 19 36 8 49 24 25 26 22 44 43 11 16 5 7 23 40 28 47 38 31 50 32 46 35 20 48 
student 392: 31 1 37 26 7 22 3 34 14 10 13 9 41 36 21 4 32 40 2 8 48 19 27 11 16 38 12 49 28 23 24 29 44 45 15 17 6 5 18 39 30 50 43 35 42 25 46 33 20 47 
student 393: 31 2 39 29 9 19 3 35 14 13 11 16 42 36 21 4 33 40 1 7 50 18 26 8 15 38 10 47 25 24 30 23 41 45 17 12 6 5 20 37 28 49 46 34 43 27 48 32 22 44 
student 394: 32 1 45 29 8 17 6 35 15 19 14 13 40 33 20 3 30 38 2 5 49 11 23 7 16 39 12 47 24 21 27 22 42 46 9 18 4 10 26 37 31 50 44 34 41 28 43 36 25 48 
student 395: 32 1 35 33 8 16 5 31 14 19 12 13 42 36 22 7 30 40 2 3 48 20 25 9 17 39 10 49 27 24 26 23 43 45 11 15 4 6 18 38 29 50 41 37 44 28 46 34 21 47 
student 396: 35 3 31 28 11 19 5 34 13 18 12 16 42 36 20 4 32 40 1 8 49 10 23 2 15 39 9 47 27 24 25 26 41 43 14 17 6 7 22 38 30 48 44 37 45 29 50 33 21 46 
student 397: 40 2 37 28 9 25 3 34 15 19 11 13 42 35 21 4 31 38 1 8 49 10 26 7 14 39 12 47 23 22 29 24 45 48 17 18 5 6 20 36 30 50 46 33 41 27 43 32 16 44 
student 398: 30 3 36 27 8 18 1 35 12 13 9 11 39 38 21 4 28 40 2 7 50 17 24 10 16 46 15 49 25 23 29 26 37 44 14 19 5 6 22 41 33 48 45 34 42 31 43 32 20 47 
student 399: 32 4 34 26 9 17 6 30 13 18 11 12 44 38 22 5 33 41 3 8 47 20 25 2 15 42 10 48 28 24 29 23 49 45 14 16 1 7 19 37 31 50 43 35 39 27 40 36 21 46 
student 400: 33 2 37 30 9 17 3 34 18 16 12 13 43 36 23 5 29 41 1 10 47 19 24 6 15 40 8 49 26 21 27 25 42 39 11 14 4 7 20 38 32 50 46 35 44 28 45 31 22 48 
student 401: 32 5 35 30 6 19 2 40 11 18 12 17 42 34 20 9 31 41 1 4 47 16 25 7 13 38 10 50 27 24 26 22 45 43 15 14 3 8 23 36 29 49 44 37 39 28 46 33 21 48 
student 402: 34 1 38 30 8 19 3 32 12 15 13 14 42 35 21 4 29 37 2 6 44 20 27 10 18 36 9 45 25 22 26 24 43 47 11 17 5 7 23 41 28 50 46 31 39 33 48 40 16 49 
student 403: 32 2 38 28 8 20 3 33 15 17 11 9 40 35 22 4 31 41 1 13 47 18 27 7 14 36 10 48 26 24 25 23 45 46 12 16 5 6 21 39 30 50 43 34 42 29 44 37 19 49 
student 404: 34 3 42 29 8 18 4 30 9 16 17 11 43 39 21 10 33 40 2 5 50 20 22 7 13 41 12 48 25 26 28 23 45 44 15 14 1 6 24 36 32 49 38 35 37 27 46 31 19 47 
student 405: 30 3 37 28 7 20 4 36 11 15 12 8 38 35 23 6 31 40 2 10 49 18 16 1 17 41 13 48 29 24 26 25 43 45 14 19 5 9 22 39 32 50 44 33 42 27 46 34 21 47 
student 406: 33 2 39 21 11 22 4 36 18 15 10 14 48 34 25 5 32 41 1 6 49 17 24 8 13 40 9 50 27 20 28 29 47 46 12 16 3 7 19 37 30 45 42 31 38 26 43 35 23 44 
student 407: 31 3 38 26 7 17 2 35 12 18 9 13 36 37 21 4 30 40 1 6 47 19 27 11 15 41 10 50 23 25 28 24 46 44 14 16 8 5 22 39 32 49 43 34 42 29 45 33 20 48 
student 408: 34 2 37 28 8 18 3 30 16 17 12 13 40 35 22 5 33 48 1 9 49 14 25 7 15 38 10 43 27 21 26 24 42 41 11 19 4 6 20 39 31 50 46 29 45 32 44 36 23 47 
student 409: 30 3 33 24 10 20 2 37 12 17 13 11 39 44 23 4 31 36 1 6 46 18 27 8 15 40 9 45 26 21 28 25 43 42 14 16 5 7 19 38 35 50 41 34 47 29 48 32 22 49 
student 410: 34 5 37 28 7 20 1 32 14 16 11 12 38 35 19 3 31 41 2 8 46 18 27 9 15 45 10 49 29 23 25 26 40 44 17 13 4 6 22 39 30 50 43 36 42 24 48 33 21 47 
student 411: 31 2 38 27 9 22 1 33 13 17 10 11 41 36 23 6 34 40 3 8 49 20 25 7 15 42 12 48 29 24 28 21 46 43 14 16 4 5 19 37 32 50 45 30 39 26 44 35 18 47 
student 412: 34 2 40 29 13 18 5 33 14 15 10 12 43 39 21 7 30 36 1 4 47 22 24 9 16 37 8 49 26 25 27 20 42 44 11 23 3 6 17 35 31 50 48 32 41 28 45 38 19 46 
student 413: 31 2 37 30 11 18 3 32 12 15 10 13 39 34 23 5 33 38 1 8 50 19 24 9 16 43 6 48 25 26 29 21 49 41 14 17 4 7 20 45 28 46 40 35 44 27 47 36 22 42 
student 414: 31 4 40 32 7 18 2 33 11 13 14 16 39 36 21 3 30 43 1 6 48 22 27 9 17 38 10 50 24 23 26 25 42 44 15 12 5 8 20 37 29 49 46 34 45 28 41 35 19 47 
student 415: 32 3 35 29 13 16 2 37 12 14 8 15 38 40 25 4 30 36 1 7 46 21 26 10 11 41 9 48 24 19 27 23 43 49 17 18 5 6 22 39 31 50 47 34 42 28 45 33 20 44 
student 416: 33 2 35 27 8 19 3 37 13 17 10 11 46 34 21 5 30 45 1 6 49 18 26 4 15 40 12 47 28 23 32 25 43 44 14 16 9 7 22 38 29 50 41 31 39 24 42 36 20 48 
student 417: 39 2 36 28 9 26 3 37 12 17 14 10 42 34 21 4 31 38 1 7 47 20 19 8 15 35 13 50 23 25 27 24 44 46 16 18 6 5 22 40 30 49 43 32 41 29 45 33 11 48 
student 418: 31 3 39 32 8 24 2 33 10 16 17 11 42 35 18 7 30 41 1 5 48 14 22 9 13 36 15 46 28 25 26 21 43 45 12 19 4 6 23 37 29 50 44 38 40 27 47 34 20 49 
student 419: 27 4 37 35 9 18 2 34 12 23 15 11 39 36 21 5 31 38 1 6 47 16 24 8 14 42 10 49 29 22 26 25 41 48 13 17 3 7 20 40 28 50 45 32 43 30 44 33 19 46 
student 420: 23 2 37 28 11 20 3 35 9 15 14 8 42 39 24 4 30 40 1 6 49 17 26 13 18 38 10 47 31 25 27 22 43 45 12 16 5 7 21 36 33 50 44 32 41 29 46 34 19 48 
student 421: 32 1 37 26 6 20 4 36 14 24 10 12 45 33 21 3 31 40 2 8 46 19 25 11 15 38 9 48 23 22 29 27 49 44 13 16 5 7 17 39 34 50 43 35 47 28 41 30 18 42 
student 422: 33 1 36 30 11 18 4 35 12 14 15 8 43 34 24 3 32 40 2 6 47 17 27 10 19 39 9 50 26 21 23 25 49 44 13 16 5 7 22 38 29 48 45 31 42 28 41 37 20 46 
student 423: 27 2 38 26 10 21 3 35 13 18 11 12 40 39 20 4 33 37 1 6 42 16 30 7 17 36 9 49 28 23 29 24 45 46 14 15 8 5 19 44 25 50 43 31 41 32 47 34 22 48 
student 424: 31 2 41 32 9 18 3 33 16 17 10 15 43 34 24 6 30 40 1 8 49 20 25 7 11 39 13 50 28 22 26 21 45 37 14 12 5 4 23 36 27 48 42 35 44 29 46 38 19 47 
student 425: 34 1 38 27 11 22 3 35 15 13 12 10 41 36 24 5 31 39 2 6 46 17 26 9 18 40 4 49 28 21 29 23 43 42 14 16 7 8 19 37 30 50 45 32 44 25 48 33 20 47 
student 426: 32 2 37 26 9 20 3 35 13 19 12 14 43 36 21 4 31 42 1 7 48 16 28 6 10 38 11 47 24 23 25 17 44 45 18 15 5 8 27 41 30 50 40 33 39 29 46 34 22 49 
student 427: 34 2 37 28 8 24 4 35 12 19 10 13 42 36 20 5 31 41 1 3 47 22 23 6 17 40 11 45 25 21 29 27 43 48 15 14 7 9 18 38 30 50 39 33 46 26 44 32 16 49 
student 428: 31 1 37 24 6 19 4 36 13 12 18 10 42 38 25 3 30 39 2 9 49 16 23 7 14 34 11 50 21 22 28 27 45 43 15 17 5 8 20 41 32 47 40 33 44 29 46 35 26 48 
student 429: 33 2 35 31 9 18 4 36 11 14 12 13 37 41 23 1 30 40 3 7 46 20 24 8 16 38 10 48 27 22 26 25 43 47 15 17 6 5 19 39 29 50 44 32 42 28 45 34 21 49 
student 430: 31 4 39 24 9 18 2 34 14 17 11 13 41 35 20 5 30 37 1 7 50 19 26 8 12 43 10 42 32 23 27 25 49 46 16 15 3 6 21 36 33 48 45 28 40 29 44 38 22 47 
student 431: 34 1 40 28 13 19 4 33 14 17 9 11 43 38 22 5 31 37 2 12 48 18 29 7 15 36 8 50 23 24 25 27 49 45 10 16 3 6 21 39 26 47 42 32 41 30 44 35 20 46 
student 432: 31 8 35 30 9 17 3 33 10 18 12 13 42 37 21 5 34 40 2 6 45 20 26 7 15 39 11 46 28 25 22 27 43 47 14 16 1 4 24 38 29 49 44 32 41 23 48 36 19 50 
student 433: 31 3 37 30 1 19 4 35 14 17 9 12 45 32 20 7 33 42 2 10 50 16 26 5 13 41 11 47 29 22 28 24 43 44 15 18 8 6 25 39 27 48 40 34 36 23 46 38 21 49 
student 434: 33 5 35 26 4 18 1 36 16 17 13 9 42 37 20 3 32 45 2 7 47 19 25 11 14 38 12 48 27 23 29 22 40 44 10 15 6 8 21 41 28 50 43 34 39 30 46 31 24 49 
student 435: 27 2 38 28 12 18 4 34 14 16 11 9 39 35 21 3 31 42 1 7 45 19 26 8 13 41 10 46 29 23 25 24 47 48 15 17 6 5 22 40 32 50 43 36 37 30 49 33 20 44 
student 436: 31 2 36 28 7 24 1 37 14 15 8 13 45 34 21 9 33 39 5 6 49 17 18 10 19 38 11 47 27 22 26 23 46 43 12 16 4 3 25 42 30 50 40 32 41 29 48 35 20 44 
student 437: 31 2 34 27 9 20 3 38 14 19 11 13 41 35 22 5 32 40 1 8 48 17 26 4 16 36 10 50 28 23 25 24 46 43 12 15 7 6 21 37 30 44 45 33 42 29 49 39 18 47 
student 438: 31 2 39 26 9 12 3 37 14 20 10 11 47 35 22 5 29 36 1 4 45 19 34 8 15 30 13 43 25 24 27 21 44 48 17 18 7 6 16 38 33 49 40 46 42 28 41 32 23 50 
student 439: 36 1 28 30 14 16 8 33 17 18 9 11 41 37 24 4 32 40 3 7 48 20 25 5 13 39 10 49 23 19 26 29 45 42 12 15 2 6 22 35 31 50 43 38 44 27 46 34 21 47 
student 440: 34 3 37 30 9 21 2 38 10 17 13 15 39 36 18 5 32 43 1 8 48 19 23 7 11 40 12 49 25 22 27 26 42 45 14 16 4 6 20 29 31 50 44 33 41 28 46 35 24 47 
student 441: 35 2 29 28 11 17 3 38 14 15 10 12 41 37 21 6 33 42 5 4 49 19 23 7 18 39 9 50 31 22 26 25 45 44 16 13 1 8 20 32 30 48 40 34 43 27 46 36 24 47 
student 442: 31 2 41 32 12 19 3 36 11 18 10 13 40 33 23 4 21 35 1 7 50 16 24 8 17 39 9 45 29 26 25 27 42 48 14 15 6 5 20 38 34 46 47 30 44 28 43 37 22 49 
student 443: 32 3 39 28 9 19 4 37 12 20 10 15 43 33 22 5 30 41 1 7 49 17 27 2 18 40 8 47 24 23 29 25 36 48 13 14 11 6 21 38 31 50 44 34 42 26 45 35 16 46 
student 444: 32 3 36 30 9 19 2 33 13 17 12 11 42 31 20 7 34 41 1 6 49 18 23 8 15 38 14 47 26 24 28 25 43 45 10 16 4 5 21 39 29 50 46 35 40 27 48 37 22 44 
student 445: 32 1 37 28 12 18 2 35 13 14 20 9 43 36 22 7 29 38 4 3 48 16 26 6 17 39 10 49 25 21 27 24 44 46 11 15 5 8 23 40 30 50 42 31 41 33 47 34 19 45 
student 446: 31 2 40 29 5 22 3 36 12 18 11 17 41 35 23 7 33 39 1 6 48 19 26 8 13 37 10 49 28 24 25 20 44 45 14 15 4 9 21 38 27 50 43 32 42 30 46 34 16 47 
student 447: 32 1 36 31 8 24 7 33 13 18 11 12 41 38 23 5 28 43 3 9 49 15 20 6 16 34 10 42 27 25 26 17 44 45 14 19 2 4 22 40 30 50 46 35 39 29 48 37 21 47 
student 448: 30 1 36 28 11 19 2 39 13 18 10 6 42 34 23 4 32 44 3 8 47 17 24 9 15 38 12 49 27 26 21 25 40 41 14 16 5 7 20 37 31 50 45 33 43 29 48 35 22 46 
student 449: 30 2 37 28 5 20 3 34 18 17 14 11 43 36 23 1 32 41 9 10 49 19 24 4 13 38 8 50 26 22 25 29 44 46 15 12 6 7 21 40 31 48 42 33 39 27 47 35 16 45 
student 450: 33 4 37 27 11 5 1 40 15 17 10 13 42 34 23 2 32 39 3 9 47 18 26 8 16 35 12 49 29 24 25 21 41 45 14 20 7 6 19 38 31 50 46 28 43 30 48 36 22 44 
student 451: 29 4 38 31 7 21 1 35 12 15 11 13 41 44 23 5 32 39 2 8 49 19 26 9 16 37 10 47 25 20 28 22 42 45 14 17 3 6 24 36 27 48 43 33 40 30 46 34 18 50 
student 452: 35 1 37 30 10 14 6 39 15 19 8 12 42 33 21 3 36 38 2 7 47 22 23 9 16 34 11 48 28 24 26 25 43 49 13 18 4 5 20 41 27 50 44 29 40 31 45 32 17 46 
student 453: 31 1 37 27 7 23 6 34 15 14 11 12 39 35 20 10 30 41 2 5 50 19 28 8 17 42 9 48 29 22 24 21 47 43 13 16 3 4 18 38 33 46 44 32 40 25 49 36 26 45 
student 454: 30 3 38 28 6 18 4 35 14 15 11 12 44 39 23 5 33 36 2 1 50 19 24 9 17 40 10 49 26 22 29 25 43 42 13 16 7 8 21 41 31 48 45 32 37 27 46 34 20 47 
student 455: 33 3 36 30 9 15 4 35 11 18 8 16 41 37 22 6 28 40 2 5 48 19 26 10 13 39 12 49 27 23 25 29 43 47 14 17 7 1 21 38 31 50 42 32 44 24 45 34 20 46 
student 456: 32 5 33 27 12 20 3 37 10 17 13 9 41 35 23 1 31 40 4 7 49 16 30 8 14 38 11 48 24 21 26 25 43 45 15 19 2 6 18 39 28 50 42 34 47 29 44 36 22 46 
student 457: 24 2 37 29 10 17 7 36 18 13 9 11 40 38 19 3 31 39 1 5 48 22 30 8 15 41 14 50 27 26 23 21 43 44 12 20 6 4 16 34 32 49 45 35 42 28 46 33 25 47 
student 458: 34 2 35 23 9 20 8 41 14 18 11 12 43 39 24 3 31 40 1 4 49 16 21 6 17 36 10 50 30 25 27 29 46 44 15 13 5 7 22 38 26 48 42 28 37 33 45 32 19 47 
student 459: 26 2 39 32 11 19 5 40 13 22 10 12 41 37 28 4 31 38 3 7 47 17 27 8 15 36 9 50 25 20 24 18 43 45 14 16 1 6 23 35 33 48 44 30 42 29 46 34 21 49 
student 460: 31 4 36 29 14 23 2 37 12 18 10 9 40 35 26 6 32 43 1 8 49 15 24 11 16 38 5 48 25 20 28 21 45 47 13 17 7 3 19 39 30 50 41 33 42 27 44 34 22 46 
student 461: 31 1 41 27 9 18 3 34 16 15 10 13 40 38 24 8 33 39 2 7 49 17 23 6 14 36 12 48 26 22 28 25 44 46 11 19 4 5 20 43 30 50 37 35 42 29 47 32 21 45 
student 462: 34 2 39 28 10 21 3 35 13 18 9 12 41 36 22 4 30 40 1 8 49 17 25 11 15 38 7 48 27 20 26 23 45 37 14 16 5 6 24 46 31 50 43 32 42 29 44 33 19 47 
student 463: 33 5 40 29 8 21 7 34 14 16 10 12 41 36 20 2 31 42 1 11 45 17 23 4 18 38 9 50 26 24 27 25 43 47 13 15 3 6 19 37 30 46 39 35 44 28 48 32 22 49 
student 464: 29 2 30 24 6 19 7 35 13 18 11 12 42 37 21 5 33 39 1 3 49 17 26 4 14 38 8 47 28 23 27 25 43 41 16 15 10 9 22 36 32 48 46 34 44 31 50 40 20 45 
student 465: 37 3 36 33 8 17 2 32 13 21 12 11 38 35 20 4 34 40 1 9 50 18 24 5 16 41 10 49 25 26 31 23 44 46 15 14 7 6 22 39 29 47 42 30 43 27 48 28 19 45 
student 466: 32 3 38 27 12 19 4 36 18 15 17 14 41 34 23 5 29 45 2 7 43 21 26 8 10 40 9 47 24 31 28 20 48 44 11 13 1 6 22 39 30 49 37 35 42 25 50 33 16 46 
student 467: 30 5 36 29 8 18 9 35 14 17 13 11 39 37 23 1 28 38 3 4 50 20 24 7 15 43 10 48 27 21 25 22 47 45 12 16 6 2 33 40 31 49 41 32 42 26 46 34 19 44 
student 468: 32 3 37 33 8 18 5 29 15 14 12 10 40 36 22 2 28 38 1 7 44 19 24 6 16 35 9 48 26 21 27 25 43 47 13 17 4 11 23 46 30 50 41 39 42 31 45 34 20 49 
student 469: 25 2 32 29 6 19 4 36 12 18 7 10 44 34 22 8 28 42 1 11 49 14 24 5 21 39 15 47 27 23 30 26 41 45 13 17 3 9 20 37 33 48 40 35 43 31 46 38 16 50 
student 470: 32 12 36 27 8 20 1 35 10 18 11 13 45 37 21 5 30 41 3 2 46 19 25 7 16 39 9 44 26 22 28 24 40 50 14 15 4 6 23 38 31 49 47 33 42 29 48 34 17 43 
student 471: 34 2 38 29 9 21 5 37 13 19 12 11 36 35 23 7 33 40 1 4 48 18 25 8 16 39 10 47 26 24 27 22 43 49 14 15 6 3 17 41 32 50 42 31 45 28 46 30 20 44 
student 472: 32 1 31 28 8 19 2 36 16 15 11 12 38 40 22 7 33 39 5 4 47 18 27 3 14 41 10 49 25 23 26 24 44 46 13 17 6 9 21 35 29 42 43 34 45 30 48 37 20 50 
student 473: 31 3 35 28 10 19 6 34 16 17 11 14 41 38 23 7 33 43 1 8 46 20 22 4 12 39 13 49 25 27 26 24 42 44 9 15 2 5 18 36 29 50 47 37 40 30 48 32 21 45 
student 474: 37 2 35 28 10 19 3 34 14 16 11 12 43 38 25 6 30 40 1 8 45 22 24 7 18 39 9 47 26 29 27 21 44 49 13 15 4 5 20 36 31 48 46 32 41 23 42 33 17 50 
student 475: 36 2 37 34 14 19 4 35 10 18 8 9 38 32 25 6 28 40 1 7 47 16 26 11 15 41 12 48 27 21 24 22 45 44 13 17 5 3 23 39 30 50 42 31 43 29 46 33 20 49 
student 476: 34 1 38 28 11 16 3 32 14 19 10 12 46 36 22 4 35 40 2 8 48 18 30 7 15 33 13 47 25 24 26 21 41 43 9 17 5 6 23 39 29 50 49 31 42 27 44 37 20 45 
student 477: 32 2 39 29 11 22 3 35 15 18 10 12 38 36 19 7 31 43 1 6 49 20 25 8 13 37 9 48 26 23 28 24 40 44 14 16 5 4 21 46 30 50 42 34 41 27 45 33 17 47 
student 478: 29 4 45 34 8 20 3 35 14 17 11 9 40 37 21 2 36 39 1 5 47 18 27 10 16 38 12 49 25 23 28 24 42 44 15 13 7 6 22 33 31 50 43 32 41 26 46 30 19 48 
student 479: 32 1 39 26 9 20 4 38 13 18 11 8 41 35 22 6 34 40 2 10 48 19 24 5 15 37 14 47 25 23 30 27 49 44 12 17 3 7 21 36 29 50 43 28 42 31 45 33 16 46 
student 480: 32 5 34 30 9 21 2 33 19 23 1 12 39 41 20 4 31 38 3 8 46 17 27 11 13 43 10 50 26 22 25 24 44 47 15 14 6 7 18 37 29 49 40 35 42 28 48 36 16 45 
student 481: 32 3 39 27 8 20 5 34 11 16 10 12 41 36 24 6 33 44 1 7 48 18 29 9 17 38 15 50 26 23 28 25 40 42 13 14 4 2 21 37 30 49 47 35 43 22 46 31 19 45 
student 482: 31 2 36 28 9 17 1 35 19 14 13 12 42 38 29 4 33 41 3 8 48 18 24 7 11 39 10 49 26 20 25 23 45 40 16 15 6 5 22 37 30 50 44 34 43 27 46 32 21 47 
student 483: 34 2 38 28 8 18 4 30 12 15 10 13 42 37 26 5 31 39 1 6 49 23 21 9 16 44 11 50 25 29 22 24 45 48 14 17 3 7 20 35 33 46 41 32 40 27 43 36 19 47 
student 484: 31 5 36 30 10 15 1 35 14 19 7 12 40 39 23 2 32 41 3 8 49 17 25 6 18 43 11 47 26 20 29 24 42 46 13 16 4 9 21 37 28 50 45 34 38 27 48 33 22 44 
student 485: 34 1 37 35 12 20 4 30 14 17 11 7 45 31 21 10 32 39 2 5 46 18 23 6 15 40 9 50 24 27 28 22 48 42 13 16 3 8 25 38 33 44 43 29 41 26 47 36 19 49 
student 486: 32 7 37 30 8 24 5 35 14 18 10 11 40 36 26 3 28 42 1 2 50 15 27 6 20 39 17 47 21 22 25 23 43 45 9 16 13 4 19 38 31 49 44 34 41 29 48 33 12 46 
student 487: 33 2 42 28 5 20 4 36 12 17 10 11 39 34 21 7 32 46 1 6 45 15 26 8 14 37 13 47 27 22 23 25 38 44 16 19 3 9 24 41 30 49 43 31 40 29 48 35 18 50 
student 488: 34 5 37 31 9 19 1 28 10 18 13 14 43 36 20 2 32 41 3 4 45 17 24 8 15 39 11 49 29 21 26 25 44 46 16 12 7 6 23 38 30 50 42 33 40 27 48 35 22 47 
student 489: 30 2 38 28 9 21 3 34 12 15 17 11 43 33 20 4 32 37 1 6 47 18 25 7 14 41 10 49 27 23 29 24 46 44 16 8 5 13 19 39 31 50 42 35 40 26 45 36 22 48 
student 490: 35 2 32 29 9 17 5 33 14 20 10 13 41 40 22 3 28 34 1 8 48 18 26 7 12 37 11 49 24 25 27 23 44 47 15 16 4 6 21 38 30 50 43 36 42 31 46 39 19 45 
student 491: 33 3 38 29 9 24 2 36 11 19 14 13 39 40 16 4 31 43 1 8 48 18 25 6 15 37 10 50 28 27 23 21 44 45 12 17 5 7 22 35 30 49 42 34 41 26 46 32 20 47 
student 492: 31 2 37 29 7 20 3 34 17 21 9 10 42 35 19 5 30 40 1 6 49 11 28 8 16 38 13 47 24 25 26 22 44 46 18 15 4 12 14 39 33 50 43 36 41 27 45 32 23 48 
student 493: 35 3 38 25 9 17 2 32 16 15 10 13 40 36 20 5 31 37 1 7 50 19 27 8 11 41 12 47 22 21 28 24 44 46 14 18 6 4 23 39 33 49 43 30 42 29 45 34 26 48 
student 494: 32 3 37 28 8 22 1 34 12 17 13 15 44 36 21 4 29 41 2 7 48 18 23 9 14 39 10 49 24 25 27 26 46 45 11 16 5 6 20 38 31 50 42 33 40 30 43 35 19 47 
student 495: 33 3 37 29 9 21 1 35 15 14 12 11 43 32 26 4 31 38 2 5 49 18 25 8 22 42 10 47 27 20 23 24 40 45 17 13 6 7 19 36 28 50 39 41 44 30 46 34 16 48 
student 496: 33 3 38 25 14 17 2 37 10 15 6 12 42 27 22 7 31 39 1 8 48 21 24 9 18 40 11 49 28 19 26 30 46 44 13 16 4 5 23 36 32 50 43 34 41 29 47 35 20 45 
student 497: 34 1 35 33 7 20 2 36 16 18 10 15 43 32 25 6 37 40 4 9 50 21 24 8 11 38 13 44 29 22 27 23 41 45 14 12 3 5 17 39 28 49 46 30 42 26 47 31 19 48 
student 498: 32 2 37 31 7 17 3 33 16 15 10 13 39 34 24 4 30 41 1 8 47 18 28 9 14 42 11 44 27 23 25 26 45 49 20 12 5 6 19 38 29 48 43 35 40 22 46 36 21 50 
student 499: 34 4 35 31 8 15 1 32 14 18 10 12 39 38 21 3 30 41 2 9 48 20 25 6 16 40 11 49 27 22 26 24 42 46 13 17 5 7 23 37 29 50 45 36 44 28 47 33 19 43 
