student 0: 32 29 12 33 15 21 5 17 47 19 38 46 34 10 8 35 20 27 18 25 13 45 39 42 2 1 3 22 43 28 49 7 4 26 9 37 14 16 40 30 48 11 44 31 6 23 24 50 36 41 
student 1: 24 22 11 32 15 23 4 17 47 31 36 44 33 5 2 38 20 30 16 25 18 42 40 45 12 1 3 27 48 34 49 8 6 26 10 37 14 13 43 28 46 9 41 29 7 21 19 50 39 35 
student 2: 24 25 13 31 16 19 5 17 49 33 36 47 34 6 15 35 21 26 18 22 11 43 37 40 3 1 2 23 46 29 45 7 4 27 8 38 12 14 41 32 48 10 42 30 9 20 28 50 44 39 
student 3: 32 23 10 28 17 19 1 15 50 31 42 46 36 14 7 38 20 27 26 22 18 47 35 49 8 3 2 24 44 34 48 4 6 25 9 33 11 12 37 29 45 13 41 30 5 21 16 43 40 39 
student 4: 29 25 12 30 20 19 5 18 49 32 35 43 34 9 3 39 24 22 15 17 14 44 40 41 7 1 2 31 45 33 48 6 4 21 11 37 13 16 36 27 46 10 47 28 8 23 26 50 42 38 
student 5: 28 23 13 31 19 24 3 20 49 32 34 44 35 5 2 39 22 14 18 17 12 46 41 40 4 1 8 25 45 33 47 7 6 27 11 36 15 16 37 30 48 10 43 29 9 21 26 50 42 38 
student 6: 27 24 11 34 20 21 4 17 49 30 35 43 32 7 5 38 19 28 16 23 13 47 44 42 8 1 3 25 45 31 50 10 2 26 9 36 14 15 37 29 46 12 40 33 6 18 22 48 41 39 
student 7: 31 27 11 33 15 14 6 19 50 36 34 44 35 10 4 38 23 24 12 22 16 46 39 42 7 2 3 25 45 29 48 13 5 21 8 37 18 17 40 28 47 9 43 32 1 20 26 49 30 41 
student 8: 31 26 12 34 17 19 3 16 45 33 32 49 35 9 8 38 20 24 15 23 11 46 36 48 6 1 2 25 42 27 47 18 4 28 7 37 14 13 43 29 41 10 44 30 5 21 22 50 39 40 
student 9: 26 25 15 33 16 19 5 18 50 30 35 37 34 8 6 40 20 27 17 24 13 46 36 43 4 1 2 29 45 32 47 9 3 23 10 38 14 12 41 28 49 11 44 31 7 21 22 48 39 42 
student 10: 28 25 12 35 16 18 6 15 44 30 37 45 33 9 5 36 22 23 17 19 13 47 39 42 8 1 2 24 49 31 46 10 3 27 4 34 20 14 38 29 50 11 43 32 7 21 26 48 40 41 
student 11: 28 25 9 31 17 18 1 19 47 26 35 42 34 11 5 38 21 29 15 20 14 46 36 41 4 8 2 24 39 33 48 7 3 27 10 37 16 13 40 30 49 12 45 32 6 23 22 50 43 44 
student 12: 30 25 12 37 20 22 4 17 44 32 34 40 35 7 2 36 23 26 16 19 13 43 33 46 10 5 1 29 47 28 49 11 3 18 8 38 14 15 39 27 48 9 42 31 6 21 24 50 41 45 
student 13: 29 19 14 34 16 18 5 11 47 31 37 46 35 7 3 33 22 27 20 23 13 45 40 41 9 4 2 24 44 32 48 12 1 25 8 38 15 21 39 28 49 10 42 30 6 17 26 50 43 36 
student 14: 30 25 13 31 16 19 5 18 49 29 33 43 36 3 7 35 21 26 17 20 15 45 38 41 9 4 1 23 48 34 50 12 2 27 10 39 11 14 37 28 46 8 44 32 6 24 22 47 42 40 
student 15: 28 26 12 24 14 20 4 18 47 30 35 41 33 10 6 37 19 29 15 22 17 49 39 40 9 1 2 23 43 32 48 8 3 27 5 38 13 16 36 31 44 11 46 34 7 21 25 50 42 45 
student 16: 25 28 12 29 17 19 3 18 44 34 39 45 33 9 6 37 20 30 16 22 13 48 35 42 7 5 1 24 47 36 49 8 4 27 10 32 14 15 38 26 46 11 41 31 2 21 23 50 40 43 
student 17: 30 26 12 24 27 19 2 18 49 33 38 44 32 7 3 37 21 23 17 14 13 47 39 42 8 1 5 28 46 35 50 9 6 22 10 34 16 15 40 29 48 11 43 31 4 20 25 45 36 41 
student 18: 28 26 11 33 20 19 9 17 47 31 34 45 29 4 3 36 22 27 14 23 15 46 37 42 7 1 2 25 44 38 50 8 5 21 10 35 13 16 41 30 48 12 43 32 6 18 24 49 40 39 
student 19: 32 26 12 35 19 18 5 13 46 31 33 42 34 11 2 36 20 27 17 22 16 48 39 44 8 3 1 23 45 29 49 10 4 25 9 38 14 15 37 28 43 7 47 30 6 21 24 50 40 41 
student 20: 27 25 11 31 19 21 5 18 49 34 33 44 36 7 4 37 16 23 14 22 15 45 38 43 6 1 2 26 46 35 48 10 3 29 8 32 17 13 40 28 42 12 47 30 9 20 24 50 41 39 
student 21: 27 21 13 34 16 20 5 17 43 29 36 46 35 8 4 37 23 28 18 22 11 47 45 40 6 2 3 24 44 31 49 10 1 33 12 32 15 14 41 26 48 9 42 30 7 19 25 50 38 39 
student 22: 28 24 9 29 19 15 6 18 45 31 40 41 32 11 4 34 20 27 17 22 13 46 39 44 7 1 2 25 48 33 50 8 3 26 10 36 14 16 38 35 49 12 37 30 5 21 23 47 42 43 
student 23: 25 27 9 34 21 18 5 15 47 33 35 38 32 11 3 37 17 26 19 24 13 46 39 45 6 4 1 29 44 31 48 14 2 20 7 36 16 8 40 28 49 12 42 30 10 22 23 50 41 43 
student 24: 26 24 11 32 18 20 4 16 47 30 35 41 33 6 2 39 19 29 14 28 15 45 38 42 7 1 5 23 44 34 49 9 8 25 10 36 13 17 37 27 48 12 46 31 3 21 22 50 40 43 
student 25: 29 26 14 35 12 17 3 22 48 31 39 46 32 13 6 37 20 27 18 19 11 47 34 44 9 2 1 24 45 38 50 5 4 25 7 36 16 15 33 28 43 10 42 30 8 21 23 49 40 41 
student 26: 26 21 12 32 18 24 4 17 48 28 36 41 29 6 2 38 20 23 19 14 15 49 37 44 8 1 5 27 40 34 50 9 3 33 10 35 13 16 39 30 46 11 45 31 7 25 22 47 42 43 
student 27: 25 20 11 31 24 16 6 17 47 30 38 41 34 9 4 36 22 23 15 29 12 45 37 43 7 1 2 21 44 33 49 8 3 32 14 35 13 18 39 27 46 10 42 28 5 19 26 50 40 48 
student 28: 28 25 10 36 18 19 3 17 46 30 32 44 33 7 5 41 20 27 15 23 12 49 38 37 9 6 1 24 45 34 48 8 2 26 11 35 14 16 42 29 47 13 43 31 4 22 21 50 39 40 
student 29: 26 23 10 31 12 22 6 13 50 29 35 45 32 11 5 36 20 28 19 24 9 44 38 37 4 1 2 25 47 34 49 8 3 27 14 41 17 16 40 30 46 15 43 33 7 21 18 48 39 42 
student 30: 27 25 14 31 18 21 6 19 48 32 35 46 34 8 4 42 17 26 16 23 13 43 36 41 7 1 2 22 44 33 50 12 3 30 9 39 15 11 37 28 47 10 45 29 5 20 24 49 40 38 
student 31: 30 26 9 25 22 15 4 16 49 34 35 48 32 10 3 36 19 28 18 21 17 45 37 42 7 2 1 23 40 33 50 11 5 27 12 41 13 14 38 29 46 8 44 31 6 20 24 47 39 43 
student 32: 29 26 10 32 18 19 5 17 50 30 34 44 31 8 4 39 20 27 12 21 16 45 35 41 6 1 3 23 46 36 48 7 2 25 15 37 13 14 38 28 47 11 43 33 9 22 24 49 42 40 
student 33: 28 25 9 32 14 21 4 19 50 24 34 45 37 8 3 30 20 31 18 17 13 44 40 43 7 5 2 27 47 35 46 12 1 26 10 36 16 15 38 33 48 11 42 29 6 22 23 49 39 41 
student 34: 29 24 9 34 18 19 5 17 46 31 36 41 35 8 6 39 25 27 15 22 14 42 37 45 2 1 4 23 48 33 49 11 3 28 10 32 13 16 44 26 40 12 47 30 7 20 21 50 43 38 
student 35: 31 26 11 34 17 18 6 16 38 28 29 45 35 5 2 37 19 30 21 23 15 44 36 43 10 4 1 25 48 33 50 7 3 27 8 40 14 12 41 24 49 13 46 32 9 22 20 47 39 42 
student 36: 26 33 18 34 11 20 5 21 49 30 17 46 38 10 4 44 19 27 16 24 12 40 31 45 7 2 1 25 42 35 47 8 3 28 9 41 14 15 39 29 48 13 37 32 6 22 23 50 36 43 
student 37: 29 23 13 33 18 19 6 15 45 31 35 44 39 10 3 36 22 26 14 20 16 47 37 40 8 5 1 21 46 32 49 11 2 27 12 34 17 7 38 28 48 9 42 30 4 24 25 50 43 41 
student 38: 28 25 12 37 18 19 7 17 41 34 33 45 31 9 3 36 22 27 14 21 15 46 38 43 5 1 2 26 48 32 49 6 4 23 11 35 16 13 39 29 47 10 44 30 8 20 24 50 40 42 
student 39: 26 28 7 27 17 24 3 15 49 29 38 42 33 9 2 36 19 22 18 21 13 45 37 43 6 5 1 23 44 34 47 8 4 25 11 35 14 16 39 30 48 12 41 31 10 20 32 50 40 46 
student 40: 30 23 14 31 18 22 5 17 48 35 33 44 36 8 1 42 19 28 10 25 15 47 38 41 6 4 2 21 45 34 50 9 3 24 11 32 12 16 37 27 46 13 43 29 7 20 26 49 40 39 
student 41: 30 25 11 34 19 14 2 18 49 31 35 48 32 12 7 33 24 26 15 20 13 45 38 44 5 1 3 22 42 36 46 9 6 28 8 37 17 16 39 27 47 10 43 29 4 21 23 50 40 41 
student 42: 28 23 7 29 18 19 8 15 49 30 34 47 35 11 3 37 20 27 17 21 14 40 39 43 9 1 2 26 46 33 50 6 4 32 10 31 16 13 38 24 45 12 44 36 5 22 25 48 42 41 
student 43: 29 25 16 30 15 22 3 17 50 32 33 43 36 9 4 34 20 27 10 24 14 44 38 42 5 2 1 21 47 35 49 6 8 26 11 37 19 12 39 28 46 13 45 31 7 23 18 48 40 41 
student 44: 29 27 13 33 20 18 8 17 49 31 35 44 34 6 1 38 21 25 16 19 15 48 36 42 9 3 2 24 45 32 47 4 7 28 10 37 14 12 39 26 43 11 46 30 5 22 23 50 41 40 
student 45: 26 25 8 30 14 19 5 15 48 29 37 44 33 10 7 35 23 28 13 22 17 45 40 42 9 4 3 24 46 34 50 12 1 31 2 38 11 21 41 32 47 16 43 27 6 18 20 49 36 39 
student 46: 28 26 16 32 15 19 8 17 49 29 34 42 33 5 3 36 20 30 14 21 12 45 38 43 9 4 1 23 46 35 44 11 6 24 2 37 13 18 39 27 48 10 47 31 7 22 25 50 40 41 
student 47: 27 25 14 33 22 16 6 15 48 32 34 45 31 10 2 38 21 29 18 20 12 46 39 40 5 4 1 23 44 36 50 11 3 26 8 37 17 13 35 28 47 9 41 30 7 19 24 49 42 43 
student 48: 32 27 8 26 17 19 5 18 47 34 31 44 35 10 3 37 20 29 16 22 12 46 33 42 9 1 4 23 45 36 49 11 2 25 7 38 15 13 39 30 48 14 43 28 6 21 24 50 40 41 
student 49: 29 23 17 34 22 20 3 19 49 31 36 45 37 8 5 35 13 25 15 26 18 46 38 41 7 1 2 21 43 33 50 9 4 28 12 32 10 11 39 27 47 14 42 30 6 16 24 48 40 44 
student 50: 28 23 11 31 18 19 8 16 50 29 30 47 35 10 4 37 22 27 14 21 12 46 39 41 7 1 3 26 42 34 45 9 2 24 6 36 13 17 38 32 49 15 43 33 5 20 25 48 44 40 
student 51: 35 24 13 32 20 19 12 16 48 31 33 46 28 7 3 40 21 25 18 22 11 47 38 41 4 1 2 23 45 34 49 8 5 27 9 37 14 15 36 29 43 10 44 30 6 17 26 50 39 42 
student 52: 29 22 10 33 18 19 5 17 50 30 31 47 37 7 4 35 21 28 16 23 12 44 36 42 9 2 3 26 40 34 48 8 1 24 11 38 14 15 43 20 45 13 46 32 6 25 27 49 39 41 
student 53: 28 24 8 31 20 17 9 16 50 32 34 44 36 4 5 41 21 25 14 23 10 47 38 42 12 1 2 18 45 33 46 6 3 29 7 35 19 15 37 30 48 13 43 27 11 22 26 49 40 39 
student 54: 30 25 9 29 23 17 6 18 48 33 32 44 34 7 2 35 20 26 16 21 15 42 37 43 8 1 3 24 46 36 49 11 4 31 14 38 10 12 40 27 45 13 47 28 5 19 22 50 39 41 
student 55: 29 25 18 35 16 17 4 19 50 31 33 46 37 7 5 38 21 27 14 20 15 49 36 41 6 2 1 24 44 34 47 12 3 26 9 32 11 13 40 28 45 10 42 30 8 22 23 48 39 43 
student 56: 29 18 13 31 21 17 14 15 47 30 33 45 35 3 5 39 20 26 16 23 12 44 37 41 9 1 4 28 42 34 49 8 6 24 2 36 10 19 38 32 48 11 40 25 7 22 27 50 43 46 
student 57: 31 25 12 29 21 20 6 17 47 32 34 45 35 8 5 37 16 27 23 19 9 46 39 43 4 1 2 24 40 33 49 11 3 26 10 36 15 14 38 30 50 13 42 28 7 18 22 48 41 44 
student 58: 30 28 11 31 19 16 1 17 47 36 32 41 34 8 4 38 20 27 13 23 15 45 44 43 6 2 3 24 42 35 48 9 7 26 10 33 12 18 39 25 49 14 46 29 5 21 22 50 37 40 
student 59: 28 23 11 32 17 19 7 18 46 29 35 44 33 13 5 39 20 26 12 21 14 45 36 40 6 4 1 25 47 37 48 8 3 27 9 34 15 16 38 30 49 10 43 31 2 24 22 50 41 42 
student 60: 30 20 17 31 18 22 12 10 47 33 35 45 34 13 5 37 19 25 9 21 15 43 38 41 2 1 3 29 46 32 50 8 4 26 14 36 16 11 39 27 48 7 44 28 6 24 23 49 40 42 
student 61: 28 23 13 34 14 21 7 15 48 30 36 47 32 1 6 35 19 27 18 22 10 46 38 41 4 2 3 26 44 31 45 8 5 25 9 37 16 17 40 29 50 12 43 33 11 20 24 49 39 42 
student 62: 28 25 11 32 18 21 9 13 49 27 35 45 36 10 6 34 20 30 17 24 15 47 37 43 5 1 3 22 48 33 46 7 2 31 12 39 14 16 38 26 44 8 40 29 4 19 23 50 41 42 
student 63: 27 32 16 33 17 19 5 20 48 30 31 43 35 8 2 38 21 26 15 23 13 49 42 41 6 3 4 24 44 34 47 12 1 25 9 37 10 14 36 28 46 11 40 29 7 22 18 50 39 45 
student 64: 29 27 9 35 17 20 3 18 49 34 33 45 30 12 6 42 19 26 15 22 11 44 36 39 8 4 1 24 46 31 47 7 2 25 10 38 13 14 37 28 48 16 40 32 5 21 23 50 43 41 
student 65: 29 26 14 31 15 22 6 19 49 28 34 38 32 9 5 41 16 30 20 27 7 47 40 44 4 1 2 24 42 23 45 11 3 25 10 35 13 12 36 33 48 17 46 37 8 18 21 50 39 43 
student 66: 30 29 12 26 17 19 5 21 50 32 41 44 35 9 4 37 22 18 16 20 14 46 38 43 7 1 2 27 45 33 48 8 3 25 10 36 13 15 40 28 47 11 42 31 6 23 24 49 34 39 
student 67: 30 25 11 36 20 17 2 15 48 32 37 45 33 6 5 40 19 27 22 21 14 46 34 38 3 7 1 23 44 29 50 10 4 26 8 39 16 13 35 28 47 12 43 31 9 18 24 49 41 42 
student 68: 32 22 11 31 15 20 5 21 48 29 37 47 33 8 4 38 17 27 13 24 14 46 34 41 7 1 3 26 44 35 49 10 2 25 9 36 16 18 43 30 45 12 42 28 6 19 23 50 40 39 
student 69: 35 23 9 30 17 21 10 16 50 34 31 44 38 11 4 36 20 26 14 25 13 48 37 43 7 1 3 28 45 32 49 8 5 24 6 33 18 15 41 27 46 12 42 29 2 22 19 47 40 39 
student 70: 28 24 12 32 20 19 10 17 45 33 38 47 35 6 7 39 18 29 15 23 16 46 42 41 4 5 1 22 44 36 49 8 3 27 11 31 13 14 34 25 48 9 43 30 2 21 26 50 37 40 
student 71: 27 25 13 30 16 20 6 19 48 33 32 43 36 10 4 38 21 31 14 26 11 46 42 41 8 1 3 24 45 34 50 5 2 28 9 35 17 12 39 23 47 15 44 29 7 18 22 49 40 37 
student 72: 29 25 12 31 20 18 5 16 47 32 37 48 34 8 4 35 21 28 17 24 14 43 36 40 9 1 2 23 44 41 50 7 3 26 10 33 13 15 38 27 49 11 42 30 6 19 22 45 46 39 
student 73: 29 25 12 32 17 18 5 19 49 31 35 47 33 11 4 36 22 30 14 24 16 45 39 44 9 2 1 28 42 34 48 7 3 26 8 38 10 13 37 20 46 15 41 27 6 23 21 50 40 43 
student 74: 27 24 13 33 19 20 5 15 47 30 36 46 34 9 3 38 22 25 14 26 16 50 37 41 7 2 1 18 42 32 49 8 4 23 10 35 17 12 39 29 44 11 43 31 6 21 28 48 40 45 
student 75: 29 30 12 32 21 19 8 16 49 33 37 43 35 6 2 36 18 27 17 20 14 44 31 45 7 1 4 23 46 34 50 11 5 26 9 38 15 13 39 25 47 10 41 28 3 22 24 48 40 42 
student 76: 26 24 12 31 20 22 5 18 49 32 33 44 36 7 1 35 16 25 17 19 13 48 41 42 6 3 2 30 45 34 46 8 4 27 9 37 15 14 38 28 47 11 43 29 10 23 21 50 39 40 
student 77: 25 27 15 36 18 22 6 17 46 24 29 45 37 8 3 38 21 30 14 20 16 48 35 42 2 1 4 26 44 33 50 10 5 28 9 34 12 13 39 31 49 11 43 32 7 19 23 47 40 41 
student 78: 28 26 11 29 20 19 7 12 49 33 41 45 34 5 3 36 15 27 18 21 17 48 37 42 6 1 2 23 43 30 46 8 4 25 14 35 16 13 39 31 47 10 44 32 9 22 24 50 40 38 
student 79: 28 25 14 30 17 19 9 18 47 29 38 41 36 8 3 34 21 27 16 24 13 43 39 46 5 1 4 23 48 35 49 7 2 31 11 32 10 15 40 33 42 12 45 26 6 20 22 50 37 44 
student 80: 29 27 13 35 18 20 3 17 48 32 34 42 36 10 5 33 21 26 16 22 14 44 37 43 8 2 1 25 46 31 50 9 4 24 7 38 11 15 47 28 45 12 39 30 6 19 23 49 40 41 
student 81: 28 19 10 34 20 17 4 14 46 31 38 45 33 9 5 36 22 29 16 24 15 42 39 43 7 1 2 21 47 32 49 11 3 23 8 35 13 18 40 27 48 12 44 30 6 25 26 50 41 37 
student 82: 33 22 9 31 19 20 5 17 47 28 34 45 35 6 3 36 18 29 21 23 15 46 37 44 11 1 4 25 42 32 49 8 2 24 13 40 10 14 39 26 48 12 41 30 7 16 27 50 38 43 
student 83: 32 25 6 30 20 26 7 14 47 29 34 40 33 9 3 35 21 27 16 18 15 46 37 43 5 10 1 23 48 36 49 11 4 22 13 38 8 19 39 31 45 12 42 28 2 17 24 50 41 44 
student 84: 29 22 12 34 18 20 6 15 47 33 36 45 30 11 4 35 19 26 16 24 13 46 38 42 9 1 2 25 43 31 49 5 3 28 7 37 23 14 39 27 48 10 40 32 8 17 21 50 41 44 
student 85: 27 22 11 32 17 19 8 20 48 29 35 45 34 9 5 37 23 26 16 21 14 46 39 38 4 2 3 25 44 33 49 10 1 30 7 36 13 15 40 28 47 12 43 31 6 18 24 50 41 42 
student 86: 21 24 10 38 20 17 5 16 47 29 39 43 35 6 3 40 15 26 18 27 19 46 36 44 4 7 1 22 45 34 49 11 2 28 13 30 12 14 32 31 50 9 37 33 8 23 25 48 41 42 
student 87: 29 20 16 30 18 21 4 15 45 32 34 50 35 11 3 37 19 26 17 24 12 43 38 44 5 1 6 22 41 33 47 7 2 31 10 36 8 14 40 28 49 13 39 27 9 25 23 48 46 42 
student 88: 27 26 12 32 20 18 4 16 44 33 39 36 35 9 5 37 19 29 13 21 14 48 38 43 7 1 2 25 49 31 47 11 3 24 8 34 17 15 40 28 45 10 46 30 6 22 23 50 41 42 
student 89: 29 22 11 31 16 19 6 18 47 33 36 45 32 8 5 35 25 27 17 23 12 50 39 38 9 2 4 21 44 34 49 10 1 24 15 37 13 14 40 28 46 7 43 30 3 20 26 48 41 42 
student 90: 32 28 15 31 21 18 2 19 47 30 35 40 39 6 10 36 16 27 14 22 12 48 37 42 7 5 1 23 45 33 49 9 3 24 11 34 13 17 38 29 46 8 43 26 4 20 25 50 41 44 
student 91: 29 27 7 31 18 19 2 15 50 30 36 43 34 10 6 35 21 23 17 22 13 47 38 46 9 3 1 25 44 33 49 11 4 26 8 37 14 16 39 28 45 12 40 32 5 20 24 48 42 41 
student 92: 33 21 13 31 18 24 6 17 48 29 35 46 32 10 3 37 23 19 16 20 14 45 39 43 7 2 1 25 42 34 49 5 4 27 11 36 12 15 44 28 47 9 41 30 8 26 22 50 38 40 
student 93: 31 19 16 30 21 14 7 15 46 29 35 45 34 10 2 37 22 27 18 23 13 44 40 43 6 4 3 24 47 32 49 11 1 26 9 36 17 12 38 28 48 8 42 33 5 25 20 50 41 39 
student 94: 28 23 10 31 19 21 5 20 47 32 36 46 33 6 1 37 16 25 17 22 13 50 35 39 7 3 4 27 43 34 48 8 2 26 9 40 15 14 38 29 45 11 42 30 12 18 24 49 44 41 
student 95: 30 24 8 31 18 17 6 16 46 27 39 40 36 13 4 34 20 28 21 26 12 43 37 45 9 3 2 23 44 32 47 7 1 29 11 38 15 10 35 33 49 14 48 25 5 19 22 50 42 41 
student 96: 26 23 9 34 18 19 5 17 47 33 28 41 37 8 4 40 20 27 16 22 15 46 31 44 7 1 2 30 45 35 48 10 6 25 11 36 13 14 39 32 49 12 43 29 3 21 24 50 38 42 
student 97: 29 22 10 34 17 19 8 14 49 36 35 42 33 12 3 38 21 28 13 26 11 45 39 43 4 5 2 18 44 30 48 15 1 27 6 32 16 20 40 25 47 9 46 31 7 23 24 50 37 41 
student 98: 27 26 14 34 18 19 6 20 40 31 37 45 38 7 3 35 21 28 17 23 11 46 36 39 12 4 1 25 48 32 49 9 2 22 8 33 13 15 41 29 50 10 44 30 5 16 24 47 42 43 
student 99: 33 28 13 34 17 18 5 16 48 32 39 45 25 9 2 35 19 26 21 22 11 44 38 42 7 1 3 24 47 31 49 8 4 23 10 36 14 15 37 29 46 12 43 30 6 27 20 50 41 40 
student 100: 28 24 11 30 18 19 5 17 44 35 31 46 36 7 4 38 23 27 13 22 12 48 39 41 10 1 3 25 45 34 50 6 2 26 9 32 16 15 37 29 49 14 43 33 8 21 20 47 42 40 
student 101: 29 24 13 32 22 17 5 16 46 31 35 47 33 8 4 37 18 28 19 25 15 48 39 40 6 2 1 26 43 30 49 10 3 20 9 38 12 14 36 27 45 11 44 34 7 23 21 50 42 41 
student 102: 34 32 15 31 16 23 4 21 48 33 30 49 36 8 5 35 18 28 14 20 13 45 40 38 9 3 1 27 44 29 46 11 2 25 7 37 10 17 41 24 43 12 39 26 6 19 22 50 42 47 
student 103: 31 27 15 32 16 21 1 18 50 30 34 40 35 6 5 36 17 29 14 22 20 43 38 39 4 10 3 24 44 33 48 7 2 25 13 37 12 11 41 26 47 9 45 28 8 19 23 49 42 46 
student 104: 28 23 11 33 19 25 5 18 48 32 30 46 37 8 3 35 15 24 17 26 12 44 38 41 7 1 2 22 45 34 50 13 4 29 9 40 14 16 39 27 49 10 36 31 6 20 21 47 43 42 
student 105: 30 25 10 33 19 14 6 21 49 29 38 47 34 8 4 35 20 28 18 22 12 46 36 42 7 1 3 24 39 31 48 9 2 27 11 40 16 15 44 26 45 13 41 32 5 17 23 50 43 37 
student 106: 32 25 9 33 18 19 5 14 47 31 35 45 36 8 2 38 21 26 15 23 16 46 37 44 4 3 1 24 43 34 49 13 7 27 6 30 10 17 42 28 48 12 40 29 11 22 20 50 39 41 
student 107: 31 27 13 30 17 18 6 15 48 29 38 42 35 7 5 33 21 26 16 22 12 44 36 45 10 1 2 24 46 34 47 11 3 25 4 40 14 20 37 28 49 9 43 32 8 19 23 50 39 41 
student 108: 30 26 12 34 18 19 6 20 47 29 35 44 36 8 5 33 21 27 16 23 13 40 38 43 7 1 3 25 48 24 49 10 2 31 9 41 14 15 37 28 46 11 42 32 4 17 22 50 39 45 
student 109: 27 25 14 33 15 24 6 11 48 32 37 41 35 9 2 36 18 26 21 20 17 43 42 46 7 1 3 28 47 30 45 10 4 23 12 34 13 16 39 31 49 8 38 29 5 19 22 50 40 44 
student 110: 26 25 10 32 23 17 8 16 43 30 36 45 33 9 3 37 19 28 18 22 11 46 38 44 5 1 2 20 47 34 50 15 7 27 6 35 14 13 41 31 48 12 40 29 4 21 24 49 42 39 
student 111: 29 27 13 34 18 19 5 16 46 31 36 47 33 10 3 35 22 25 17 21 9 50 39 42 6 1 2 26 45 30 48 11 4 28 8 38 15 12 37 24 44 14 43 32 7 20 23 49 41 40 
student 112: 27 25 19 30 13 22 6 14 49 34 36 43 35 8 3 38 18 32 12 21 16 50 41 45 4 1 2 24 44 31 46 9 7 26 10 33 15 17 39 29 47 11 37 28 5 20 23 48 40 42 
student 113: 28 25 12 32 18 19 4 26 48 30 34 42 33 9 5 37 21 27 16 23 11 47 36 41 2 3 6 22 45 35 49 8 1 24 14 40 13 15 38 29 46 10 43 31 7 17 20 50 44 39 
student 114: 30 16 11 31 20 19 1 17 46 34 36 44 33 6 8 37 21 28 18 22 14 42 39 47 9 4 2 25 43 32 49 10 3 26 7 35 12 15 38 29 48 13 40 27 5 23 24 50 41 45 
student 115: 29 25 15 37 18 19 5 17 48 31 34 45 33 10 6 36 20 28 14 23 13 44 38 42 7 1 3 24 47 32 50 8 4 26 12 35 11 16 39 27 46 9 43 30 2 21 22 49 40 41 
student 116: 27 26 14 34 19 18 6 17 47 33 31 43 36 8 5 39 20 29 16 23 12 49 41 42 7 2 3 21 44 30 48 9 1 25 10 35 13 15 38 24 46 11 45 32 4 22 28 50 37 40 
student 117: 32 25 13 29 18 20 5 17 49 34 35 44 33 12 4 36 19 27 15 22 16 47 38 41 7 1 2 24 43 30 48 10 3 31 8 37 9 11 39 26 46 14 45 28 6 21 23 50 42 40 
student 118: 30 23 13 34 18 21 4 16 46 31 38 42 33 10 9 36 19 25 17 22 11 48 37 44 8 1 2 27 45 32 50 5 3 24 6 35 14 15 41 28 47 12 43 29 7 20 26 49 39 40 
student 119: 26 23 12 38 17 20 6 18 48 32 33 45 34 13 1 39 19 28 16 25 14 46 37 42 8 2 3 21 47 29 49 9 5 27 10 35 11 15 41 31 43 7 44 30 4 22 24 50 36 40 
student 120: 28 27 14 29 17 18 5 23 44 34 37 45 32 8 4 40 20 26 15 21 10 47 36 42 9 1 3 24 50 35 48 7 2 25 11 33 12 16 38 30 49 13 43 31 6 19 22 46 41 39 
student 121: 23 30 7 29 17 21 9 19 45 28 34 47 32 8 5 35 20 27 18 25 14 44 39 42 2 1 3 26 43 33 49 6 4 24 10 38 12 16 41 31 50 15 46 36 11 13 22 48 37 40 
student 122: 29 24 9 37 19 20 4 17 46 31 36 44 30 10 5 33 16 26 12 23 15 47 39 38 7 1 3 22 45 34 50 11 6 27 8 35 14 18 43 28 49 13 42 32 2 21 25 48 41 40 
student 123: 32 29 14 34 18 20 4 15 48 27 33 43 35 9 7 36 19 23 17 25 13 45 39 46 1 2 5 21 42 31 50 10 3 30 11 37 16 12 38 24 47 8 44 28 6 22 26 49 40 41 
student 124: 28 23 13 30 31 20 6 16 50 32 38 44 34 5 4 37 18 26 19 17 14 46 39 42 11 1 2 24 45 33 47 8 3 25 9 35 15 12 36 27 48 10 43 29 7 21 22 49 41 40 
student 125: 26 24 13 32 21 23 4 18 48 31 34 46 33 8 3 36 20 28 17 22 14 41 39 44 6 1 2 16 47 38 40 10 5 25 12 35 15 11 37 30 49 9 45 29 7 19 27 50 43 42 
student 126: 29 25 6 30 17 15 7 21 46 31 27 44 37 5 2 42 18 26 19 22 12 43 38 41 8 1 4 24 48 40 49 10 3 28 11 34 14 16 36 32 47 13 45 33 9 23 20 50 35 39 
student 127: 27 22 11 34 20 18 6 17 48 31 33 47 32 7 4 38 23 28 16 19 10 44 41 45 8 1 2 24 43 36 50 9 3 26 13 35 15 14 42 29 46 12 39 30 5 21 25 49 37 40 
student 128: 25 32 15 29 14 13 5 19 50 30 36 44 34 7 4 35 17 31 22 23 9 49 38 41 11 1 2 26 45 33 47 10 3 24 8 37 16 18 39 27 46 12 42 28 6 21 20 48 43 40 
student 129: 29 25 7 33 18 15 1 19 47 31 35 44 32 11 10 36 22 28 14 17 12 45 38 40 8 5 2 24 46 34 48 3 6 23 9 37 13 16 39 26 49 20 42 27 4 30 21 50 43 41 
student 130: 30 28 11 32 16 19 5 17 48 31 36 46 34 8 4 37 20 25 18 22 13 47 35 45 7 1 3 26 44 38 50 12 2 24 10 33 14 15 39 29 43 9 41 27 6 21 23 49 42 40 
student 131: 29 22 13 33 20 14 8 17 49 28 34 43 31 6 4 37 18 27 16 19 23 45 42 40 5 1 2 21 46 32 48 9 3 25 11 38 15 12 36 30 47 10 44 35 7 26 24 50 41 39 
student 132: 28 30 12 32 17 16 4 18 47 29 33 42 31 11 1 35 21 24 19 27 13 46 38 44 6 7 2 22 49 37 48 8 3 25 10 36 14 15 40 26 45 9 41 34 5 20 23 50 39 43 
student 133: 27 25 11 32 18 19 4 21 49 33 34 40 36 8 3 42 22 28 12 20 14 46 39 41 7 1 2 29 47 30 48 9 5 24 10 35 15 17 37 26 44 13 43 31 6 23 16 50 38 45 
student 134: 29 24 11 32 17 20 7 18 47 30 35 44 31 8 5 38 19 28 16 25 13 45 39 42 6 1 2 23 48 34 49 9 3 26 10 36 12 15 37 27 46 14 43 33 4 22 21 50 40 41 
student 135: 28 24 12 32 21 19 9 15 49 31 35 41 38 8 3 34 17 27 14 22 16 46 39 44 6 2 4 26 42 33 50 7 1 25 10 36 18 13 37 29 47 11 45 30 5 20 23 48 40 43 
student 136: 30 25 15 32 12 20 2 18 49 31 36 44 38 4 3 37 21 27 16 19 14 46 40 43 6 1 5 23 45 35 50 9 7 28 13 33 11 17 41 24 47 10 39 29 8 26 22 48 42 34 
student 137: 29 27 14 32 17 18 8 21 48 31 36 46 35 10 4 34 19 28 16 22 13 45 38 43 6 3 2 24 42 33 50 12 1 25 7 39 15 11 37 26 47 9 41 30 5 20 23 49 40 44 
student 138: 31 24 14 33 19 17 3 15 49 32 30 43 35 9 4 36 21 26 18 20 13 46 37 42 8 7 1 25 48 34 50 12 2 29 10 40 11 16 41 28 44 6 45 27 5 23 22 47 39 38 
student 139: 27 21 14 30 22 19 4 16 49 29 36 44 33 7 2 37 20 34 18 25 12 46 38 42 6 1 3 23 47 32 45 11 5 26 9 35 13 15 39 28 48 10 41 31 8 24 17 50 40 43 
student 140: 28 23 15 32 19 18 6 16 48 29 36 46 33 8 5 37 22 27 17 26 13 45 38 39 7 3 2 25 40 35 49 9 4 24 11 41 10 14 42 31 47 12 44 30 1 20 21 50 34 43 
student 141: 29 26 8 32 21 24 3 18 45 30 34 39 36 9 2 37 19 27 17 22 10 46 40 42 4 1 5 16 47 33 50 7 6 25 12 35 15 14 41 28 48 13 44 31 11 20 23 49 43 38 
student 142: 33 25 12 32 19 20 2 17 44 30 36 41 34 9 1 31 22 29 16 23 13 47 38 43 7 3 4 21 46 35 50 8 6 26 10 37 15 14 40 27 48 11 45 28 5 18 24 49 39 42 
student 143: 29 27 13 34 11 19 4 20 48 32 38 44 30 8 5 35 21 26 14 16 15 43 40 41 6 2 1 23 45 36 50 12 3 31 9 33 17 18 37 24 47 10 42 28 7 25 22 49 46 39 
student 144: 30 24 17 26 16 18 8 22 49 33 38 43 34 6 4 39 20 27 15 23 12 48 40 47 9 1 2 21 46 32 45 10 3 28 5 36 11 14 35 29 44 13 41 31 7 19 25 50 42 37 
student 145: 29 27 13 35 16 21 6 19 47 31 33 42 34 8 5 39 23 25 14 18 10 49 37 38 7 1 3 20 46 32 48 11 2 24 9 36 15 17 40 26 44 12 43 30 4 28 22 50 41 45 
student 146: 31 26 12 32 19 18 7 16 48 27 33 43 36 8 5 42 22 29 15 20 13 45 37 38 9 1 3 23 46 34 49 6 2 25 10 35 14 17 39 30 47 11 44 24 4 21 28 50 40 41 
student 147: 34 27 18 36 17 19 7 16 47 31 30 45 33 9 6 35 20 25 13 24 12 49 48 41 2 1 4 23 43 32 46 5 3 29 10 37 15 14 38 26 44 11 40 28 8 21 22 50 39 42 
student 148: 30 26 11 31 16 19 5 18 41 27 34 40 36 10 4 37 21 28 17 20 13 48 42 49 6 1 2 25 45 33 50 7 3 24 8 35 15 14 43 29 46 9 39 32 12 22 23 47 44 38 
student 149: 25 28 14 27 19 18 1 17 48 32 35 46 31 10 7 37 21 30 16 23 11 45 38 39 3 2 4 29 44 33 47 12 5 20 9 36 13 15 40 26 49 8 41 34 6 22 24 50 43 42 
student 150: 28 27 14 32 16 18 6 19 48 31 40 39 35 10 7 36 23 24 12 21 15 45 37 41 8 1 2 26 46 33 49 9 3 29 11 34 5 17 42 30 47 13 44 25 4 20 22 50 38 43 
student 151: 23 24 18 30 19 16 10 17 47 29 38 44 35 15 2 32 21 28 13 22 9 46 39 42 5 8 3 20 45 34 48 7 1 26 6 37 14 12 41 31 49 11 43 33 4 27 25 50 40 36 
student 152: 29 28 10 35 19 18 6 15 49 30 34 47 33 7 3 39 20 26 17 21 14 46 37 41 8 4 2 25 43 32 50 9 1 24 12 36 13 16 38 27 45 11 44 31 5 23 22 48 40 42 
student 153: 29 27 15 31 18 19 5 16 47 30 35 46 32 6 3 37 22 28 13 21 10 45 39 44 11 2 1 24 43 33 50 9 7 26 8 36 17 14 38 25 48 12 40 34 4 20 23 49 41 42 
student 154: 33 26 12 31 19 15 4 18 48 28 34 45 35 8 10 39 20 29 17 22 11 44 36 42 7 2 1 24 49 32 50 9 6 27 14 37 13 16 38 30 46 5 43 23 3 21 25 47 40 41 
student 155: 25 24 12 32 16 18 5 19 45 34 36 47 30 8 3 35 21 29 17 20 13 46 39 42 6 2 1 27 44 31 50 10 4 26 9 40 14 15 38 28 48 11 41 33 7 23 22 49 43 37 
student 156: 27 23 13 33 16 20 4 19 49 30 37 44 35 10 7 36 17 28 14 22 18 46 38 42 6 1 3 26 45 31 48 8 2 25 11 34 12 15 40 29 47 9 41 32 5 21 24 50 39 43 
student 157: 29 25 10 31 20 18 2 16 48 33 39 44 34 7 5 38 17 27 14 19 11 43 36 42 8 1 3 24 50 32 47 13 4 26 9 35 21 12 37 28 46 15 45 30 6 22 23 49 41 40 
student 158: 30 26 11 31 18 20 5 16 47 32 33 44 35 9 4 38 19 25 15 27 8 48 36 42 7 1 2 28 45 34 49 12 3 22 10 37 13 17 40 23 46 14 43 29 6 21 24 50 39 41 
student 159: 28 26 11 32 17 20 3 18 46 31 35 44 34 13 5 37 21 29 15 23 12 48 38 42 9 2 1 25 47 33 49 4 6 22 10 36 14 16 39 27 45 7 43 30 8 24 19 50 40 41 
student 160: 27 24 12 34 18 19 8 16 47 30 32 37 38 7 4 43 20 26 15 21 13 46 36 42 6 3 1 28 45 33 48 9 2 25 10 35 14 17 39 31 49 11 44 29 5 23 22 50 40 41 
student 161: 27 23 9 34 20 19 5 17 48 31 36 43 33 11 1 37 18 26 16 21 24 45 35 44 7 2 3 22 46 32 49 8 4 25 10 38 15 13 41 28 47 12 42 29 6 14 30 50 39 40 
student 162: 28 25 11 32 17 18 5 19 47 27 36 46 38 3 4 39 20 26 15 23 13 44 37 41 9 8 1 35 40 31 49 7 2 22 10 34 14 16 33 29 48 12 43 30 6 21 24 50 42 45 
student 163: 30 25 12 31 18 16 5 14 47 29 39 44 34 7 4 37 24 21 22 19 11 46 36 40 6 2 3 27 45 33 50 8 1 26 10 35 15 17 41 28 48 13 38 32 9 20 23 49 43 42 
student 164: 28 21 17 34 16 19 6 20 47 30 33 41 36 10 1 38 23 25 14 24 12 45 37 44 5 3 4 31 46 35 50 9 2 26 8 29 13 15 40 27 48 11 43 32 7 18 22 49 42 39 
student 165: 30 24 13 39 19 18 2 17 48 27 35 41 29 9 6 37 20 25 16 22 12 46 32 44 5 3 4 26 42 36 49 10 1 31 8 34 14 15 43 28 47 11 45 33 7 21 23 50 38 40 
student 166: 24 27 14 33 19 20 5 16 48 29 36 44 34 8 4 39 18 30 13 22 12 46 37 42 2 1 3 25 43 32 47 11 6 26 9 35 15 17 38 31 49 10 45 28 7 23 21 50 40 41 
student 167: 31 27 11 29 18 20 7 16 46 30 34 44 35 8 6 36 19 28 15 23 13 43 38 48 4 1 5 24 45 33 50 9 3 26 12 37 17 14 39 25 49 10 42 32 2 21 22 47 40 41 
student 168: 30 25 10 33 18 20 7 17 47 31 35 44 32 8 5 39 19 28 16 21 12 45 42 40 6 1 2 23 36 34 49 9 3 27 14 37 13 15 41 26 46 11 43 29 4 22 24 50 48 38 
student 169: 29 27 15 30 18 19 3 17 49 33 32 43 34 6 5 40 20 28 16 26 13 46 39 42 8 4 2 21 44 36 48 7 1 25 10 35 14 12 38 24 47 11 45 31 9 23 22 50 41 37 
student 170: 28 25 11 32 19 18 6 17 48 34 39 44 37 8 4 33 20 27 13 23 14 45 38 40 7 1 2 22 41 35 50 10 3 26 9 30 15 16 36 31 47 12 46 29 5 21 24 49 43 42 
student 171: 28 25 11 30 16 21 3 18 50 29 35 46 32 8 6 39 20 31 17 22 14 47 43 38 7 2 4 24 42 34 49 10 1 26 13 37 15 12 45 27 44 9 41 33 5 23 19 48 40 36 
student 172: 29 23 13 25 19 22 4 17 49 37 38 47 36 8 3 39 18 32 16 26 12 44 33 42 11 1 2 20 46 34 48 7 5 27 10 30 14 15 41 28 45 9 43 31 6 21 24 50 35 40 
student 173: 31 23 13 32 14 22 7 16 48 28 33 43 36 15 6 34 20 24 18 25 9 47 41 42 5 1 3 27 45 29 46 11 4 26 2 37 12 17 38 30 44 10 50 35 8 19 21 49 40 39 
student 174: 29 25 13 30 15 18 5 14 47 31 35 44 34 7 4 39 19 28 21 23 16 46 37 40 6 1 2 22 45 33 49 8 3 24 10 38 17 12 42 32 48 9 43 26 11 20 27 50 36 41 
student 175: 28 26 10 32 18 19 1 17 47 31 34 42 33 7 4 35 21 27 16 24 14 46 38 45 6 3 5 20 48 36 49 9 2 25 12 37 15 13 40 29 44 11 39 30 8 23 22 50 41 43 
student 176: 28 24 18 35 13 22 6 17 49 29 34 47 33 7 9 38 20 27 16 23 12 44 37 40 2 1 5 25 43 31 48 10 4 26 15 36 19 11 39 30 46 8 45 32 3 21 14 50 41 42 
student 177: 27 25 10 31 19 17 6 16 47 30 35 46 33 5 7 36 20 28 18 23 15 48 43 41 9 1 2 24 45 32 49 11 4 26 8 37 13 14 38 34 44 12 42 29 3 21 22 50 39 40 
student 178: 25 27 11 33 16 21 3 18 47 31 35 44 32 4 6 36 19 28 17 20 12 45 42 40 8 2 1 24 48 34 49 9 5 29 7 39 14 15 41 26 46 10 43 30 13 22 23 50 38 37 
student 179: 27 29 9 33 18 17 8 15 45 28 39 42 35 6 4 36 22 26 20 24 14 44 37 46 5 3 1 21 48 32 47 10 7 25 13 34 16 11 41 30 49 12 43 31 2 23 19 50 38 40 
student 180: 30 27 12 29 13 21 10 16 49 28 36 43 33 8 4 42 20 26 17 19 14 48 35 39 6 1 2 24 45 34 46 5 3 22 9 37 15 18 38 31 47 11 44 32 7 23 25 50 40 41 
student 181: 28 22 11 32 19 17 2 16 50 30 34 44 37 8 1 35 23 27 21 26 13 46 38 42 7 3 5 24 45 33 49 9 4 18 10 36 14 15 40 25 47 12 43 31 6 29 20 48 39 41 
student 182: 28 25 13 31 17 19 5 18 48 29 37 44 34 12 3 39 21 27 16 23 15 42 36 41 8 1 2 24 46 35 50 4 6 30 10 33 11 14 38 26 47 7 43 32 9 20 22 49 45 40 
student 183: 25 23 11 32 18 19 3 17 42 31 33 45 37 8 7 36 20 27 13 24 12 49 39 38 6 4 1 26 46 34 47 9 2 30 10 44 14 15 40 29 50 21 43 28 5 16 22 48 35 41 
student 184: 32 26 14 25 17 20 8 12 49 33 35 47 31 6 7 38 21 30 18 23 13 44 37 41 2 1 3 24 46 34 45 4 5 29 11 40 15 16 36 27 48 10 43 28 9 19 22 50 39 42 
student 185: 28 25 13 31 19 21 3 22 47 33 37 42 34 6 5 39 16 27 14 18 17 45 35 43 11 1 2 24 48 29 50 12 10 26 7 36 9 15 38 30 49 8 46 32 4 20 23 44 41 40 
student 186: 29 24 15 31 14 21 6 18 45 32 34 44 38 9 5 35 19 26 16 20 13 46 40 42 7 3 2 23 47 33 49 8 1 27 11 36 17 10 37 28 48 12 43 30 4 22 25 50 39 41 
student 187: 28 26 9 33 21 13 8 20 42 30 34 43 35 10 4 38 15 25 19 18 16 46 36 44 5 2 1 23 48 32 47 6 3 31 12 37 14 17 39 27 49 11 45 29 7 24 22 50 41 40 
student 188: 29 27 12 31 14 19 4 20 47 38 33 43 30 6 13 34 26 24 17 16 15 48 39 45 11 1 3 23 46 36 49 10 2 25 7 35 18 8 37 28 44 9 41 32 5 21 22 50 40 42 
student 189: 31 24 7 32 16 21 4 19 49 30 33 48 34 12 2 38 22 28 17 20 14 50 37 46 8 10 1 26 42 36 45 6 3 25 9 35 13 15 39 27 43 11 41 29 5 18 23 47 40 44 
student 190: 28 26 12 32 21 16 6 19 48 31 35 47 33 11 5 36 18 27 17 22 13 42 38 43 7 2 1 24 45 37 49 8 3 25 9 34 14 15 39 29 46 10 44 30 4 20 23 50 41 40 
student 191: 27 25 12 30 16 20 1 15 45 33 34 44 35 7 8 36 21 17 19 26 14 49 38 40 4 5 3 22 47 32 50 9 6 28 10 37 13 18 46 29 43 11 42 31 2 23 24 48 39 41 
student 192: 27 22 10 33 19 20 4 13 48 26 37 44 36 8 5 35 23 31 17 21 15 45 34 42 6 1 2 25 46 32 49 12 7 28 9 39 14 16 38 29 47 11 43 30 3 18 24 50 40 41 
student 193: 30 23 17 35 19 12 6 20 49 27 37 41 31 8 5 36 16 29 18 21 10 45 39 47 7 2 3 24 43 34 48 9 4 28 11 33 14 15 42 26 46 13 44 32 1 22 25 50 38 40 
student 194: 27 25 11 34 19 16 9 18 48 31 35 42 33 8 2 37 20 29 17 24 12 45 40 44 10 4 1 28 38 32 46 6 3 23 7 36 13 14 41 26 49 15 47 30 5 21 22 50 43 39 
student 195: 29 21 13 30 17 18 3 16 50 33 36 44 31 8 4 34 23 26 11 19 14 40 43 37 7 1 2 25 47 35 49 10 5 27 9 39 15 22 38 32 46 12 42 28 6 20 24 48 41 45 
student 196: 28 25 16 30 20 21 7 19 50 33 35 43 34 12 4 36 15 29 17 23 13 45 38 44 8 3 6 24 47 32 48 5 1 26 10 37 9 14 39 27 49 11 42 31 2 22 18 46 40 41 
student 197: 29 26 12 31 18 20 6 19 45 32 33 43 34 9 4 35 17 27 16 23 13 48 39 41 8 2 5 25 47 36 49 7 1 21 11 37 14 15 38 28 42 10 46 30 3 22 24 50 40 44 
student 198: 27 25 13 34 16 24 5 18 48 32 35 44 33 6 3 39 20 31 17 21 12 46 36 38 9 2 1 29 47 30 45 8 7 23 10 37 14 15 40 22 49 11 43 28 4 19 26 50 41 42 
student 199: 31 26 11 30 19 23 4 15 47 29 34 44 32 6 5 37 18 21 16 24 12 43 38 45 9 1 2 22 49 35 48 7 3 27 13 36 14 20 40 28 46 10 39 33 8 17 25 50 41 42 
student 200: 30 25 4 20 21 18 5 14 46 31 35 47 33 10 2 41 24 28 13 23 15 45 38 42 7 1 3 27 44 34 49 12 6 26 11 37 16 17 40 29 48 8 43 32 9 19 22 50 39 36 
student 201: 30 25 12 36 20 13 4 18 49 35 34 45 33 8 9 37 22 27 17 21 14 48 42 43 6 1 2 24 44 32 46 11 3 28 7 31 15 19 38 26 50 10 41 29 5 23 16 47 40 39 
student 202: 26 24 12 35 16 21 1 18 45 31 34 46 32 8 4 37 22 27 15 23 13 48 36 42 7 2 5 25 44 33 49 10 3 28 9 39 17 14 38 29 47 11 40 30 6 19 20 50 41 43 
student 203: 29 25 7 36 16 22 1 19 44 33 31 45 32 9 6 39 18 28 15 21 13 47 35 41 8 2 4 23 46 34 49 10 3 26 11 37 14 17 42 27 48 12 43 30 5 20 24 50 38 40 
student 204: 32 25 12 31 17 19 10 16 44 28 33 49 40 8 4 36 22 30 15 21 18 41 37 43 6 1 3 23 50 38 48 11 2 26 9 34 13 14 42 27 47 7 46 29 5 20 24 45 35 39 
student 205: 25 24 11 32 15 18 6 19 49 30 37 43 36 9 3 34 21 29 13 20 16 48 38 42 7 2 1 26 47 33 46 5 4 28 10 35 17 12 40 27 45 14 44 31 8 22 23 50 39 41 
student 206: 30 23 8 32 19 17 5 18 49 31 34 43 35 10 1 40 20 26 16 24 13 48 36 38 7 3 2 25 45 33 50 11 6 27 9 39 14 15 37 28 47 12 44 29 4 21 22 46 41 42 
student 207: 27 26 13 34 17 20 1 19 49 35 37 43 32 12 6 38 23 29 15 21 7 48 36 47 9 2 4 24 45 31 44 3 5 22 10 33 14 16 39 30 46 11 42 28 8 18 25 50 41 40 
student 208: 31 24 13 35 19 20 5 15 47 26 32 44 37 7 9 40 21 27 17 23 11 50 36 42 6 1 2 25 45 34 48 8 4 22 10 33 14 16 38 28 46 12 43 30 3 18 29 49 39 41 
student 209: 27 24 13 31 14 22 7 16 50 30 34 44 36 10 5 37 17 25 20 18 19 45 38 40 8 1 2 23 46 35 49 4 3 28 11 33 15 12 39 32 48 9 41 29 6 21 26 47 42 43 
student 210: 29 27 17 31 18 20 3 16 48 32 28 46 34 9 7 39 19 25 15 24 12 50 37 38 6 1 2 30 43 35 47 4 5 23 11 36 13 14 41 26 45 10 44 33 8 21 22 49 40 42 
student 211: 29 26 9 32 17 19 8 13 44 36 34 48 33 12 5 35 20 30 18 22 14 47 37 43 6 1 4 25 45 31 49 7 2 27 15 42 16 11 38 28 46 10 40 21 3 23 24 50 39 41 
student 212: 29 28 12 33 20 18 4 21 49 31 35 41 36 8 3 38 22 27 15 25 13 47 42 37 6 1 2 23 43 34 48 10 5 26 9 40 11 16 32 24 46 14 39 30 7 19 17 50 44 45 
student 213: 32 23 11 31 19 17 5 14 46 30 36 44 35 2 7 37 20 29 18 21 13 49 40 42 8 3 1 22 47 34 50 10 4 28 9 33 15 16 38 26 43 12 45 27 6 24 25 48 39 41 
student 214: 33 22 14 31 23 17 1 19 49 36 34 45 32 9 8 35 15 30 16 21 10 47 41 42 11 2 3 27 44 29 48 6 4 28 12 37 13 18 38 25 50 7 39 26 5 20 24 46 40 43 
student 215: 30 25 13 28 19 20 6 17 48 32 39 43 31 10 4 36 18 27 16 23 9 47 37 38 8 2 3 24 45 33 49 11 1 26 5 35 15 12 40 29 46 14 44 34 7 21 22 50 41 42 
student 216: 28 25 11 32 18 19 4 15 49 35 33 45 34 8 6 36 20 27 16 22 13 44 40 43 5 1 2 31 46 29 50 10 3 26 9 37 14 17 38 24 48 12 42 30 7 21 23 47 41 39 
student 217: 31 32 12 33 15 22 4 20 49 27 35 45 34 8 5 37 18 26 16 19 14 47 38 40 7 3 2 23 44 29 48 9 1 28 10 36 11 13 39 25 46 17 42 30 6 21 24 50 41 43 
student 218: 28 24 14 32 18 20 1 17 47 30 34 45 33 8 5 40 19 26 16 22 12 46 38 43 6 2 4 23 39 36 49 9 3 29 11 37 13 15 35 27 48 10 44 31 7 21 25 50 42 41 
student 219: 28 25 16 29 19 22 3 13 49 34 30 43 35 10 6 38 18 26 12 21 15 45 40 41 9 2 5 24 46 33 48 11 4 27 8 39 17 14 37 31 47 7 44 32 1 20 23 50 36 42 
student 220: 30 26 11 34 17 20 7 19 48 31 33 41 38 5 8 36 18 27 16 22 13 49 39 45 2 1 3 25 44 35 46 10 4 24 9 32 14 15 37 28 47 12 43 29 6 21 23 50 40 42 
student 221: 30 29 14 35 19 20 10 16 47 33 36 45 34 4 2 39 17 25 13 22 12 42 37 43 9 1 3 28 48 27 50 7 5 24 11 38 18 15 32 31 46 8 44 26 6 21 23 49 40 41 
student 222: 29 25 12 34 15 20 6 19 49 33 37 44 35 9 4 38 18 30 14 22 13 45 41 43 8 3 1 24 48 31 46 5 2 27 10 32 16 17 36 28 40 11 47 26 7 23 21 50 42 39 
student 223: 28 23 12 30 18 19 7 16 46 31 34 49 32 5 3 37 20 24 15 22 13 47 36 43 6 1 4 25 44 33 48 8 2 27 9 38 14 17 42 35 45 11 41 29 10 21 26 50 40 39 
student 224: 32 25 13 29 18 23 4 19 48 35 34 44 33 10 3 39 22 30 15 21 14 47 37 43 6 5 1 20 45 31 49 9 2 26 8 36 16 12 38 28 46 11 42 27 7 17 24 50 40 41 
student 225: 31 26 13 28 15 25 8 18 47 23 33 49 30 14 4 38 20 19 11 22 7 45 36 41 5 1 3 24 43 34 50 17 2 29 6 35 12 16 40 32 46 9 44 37 10 21 27 48 39 42 
student 226: 31 26 13 32 11 21 7 19 46 33 34 44 36 8 4 35 22 27 20 18 15 48 39 42 6 2 1 23 47 30 49 9 3 25 10 37 14 16 40 29 45 12 43 28 5 17 24 50 38 41 
student 227: 25 23 12 35 18 14 3 19 47 30 34 46 33 4 2 36 20 32 15 21 13 48 39 45 10 1 5 24 43 37 50 7 8 27 9 31 17 16 40 26 44 11 42 29 6 28 22 49 38 41 
student 228: 33 24 11 34 16 20 2 19 49 29 36 47 28 8 3 37 21 27 17 18 13 48 38 41 6 1 4 23 46 32 42 7 5 26 12 35 15 14 40 31 44 10 45 30 9 22 25 50 39 43 
student 229: 27 29 11 33 15 21 5 19 49 34 31 43 32 7 4 39 20 24 18 22 14 46 36 41 10 2 1 23 47 35 48 6 3 25 12 38 13 16 37 26 45 9 42 30 8 17 28 50 44 40 
student 230: 30 20 13 31 18 21 4 17 44 25 37 43 34 7 6 35 22 28 16 23 11 48 38 41 5 1 3 27 46 33 45 8 2 26 12 36 14 15 39 29 50 10 47 32 9 19 24 49 42 40 
student 231: 33 25 15 38 13 18 5 17 50 28 35 43 34 7 3 39 19 27 14 22 9 49 26 42 4 1 2 23 45 32 46 11 6 29 12 36 16 20 37 30 47 10 44 31 8 21 24 48 40 41 
student 232: 33 26 10 36 21 16 13 15 44 30 34 39 29 7 4 38 18 32 20 22 14 49 40 43 6 1 3 24 46 31 48 11 2 28 8 37 12 17 35 25 47 9 45 27 5 19 23 50 41 42 
student 233: 29 22 12 31 17 18 4 16 46 32 35 42 34 8 6 36 20 25 19 23 9 48 39 43 7 1 3 27 50 33 47 10 2 24 11 37 15 14 38 26 45 13 49 30 5 21 28 44 41 40 
student 234: 32 23 8 36 18 20 5 16 48 27 38 43 33 10 6 40 19 28 11 22 14 45 41 42 7 3 1 25 46 34 49 9 4 31 12 35 17 15 30 26 47 13 37 29 2 21 24 50 39 44 
student 235: 31 20 14 34 18 19 5 15 48 40 32 41 35 8 3 38 21 25 12 24 11 46 36 45 7 1 6 26 44 30 47 9 2 27 10 33 16 17 37 29 50 13 42 23 4 28 22 49 43 39 
student 236: 32 26 11 31 18 20 3 15 50 27 34 48 36 8 5 38 22 28 14 25 9 44 35 41 10 1 2 23 43 33 46 7 4 24 12 37 16 17 39 29 47 13 45 30 6 21 19 49 40 42 
student 237: 23 26 12 35 16 22 3 20 49 32 38 45 30 9 4 40 19 27 15 24 18 50 39 41 8 5 1 28 47 33 46 10 2 25 11 36 13 14 42 29 44 6 43 31 7 17 21 48 37 34 
student 238: 28 29 11 32 14 17 3 19 49 33 35 43 31 8 4 36 20 30 18 22 12 45 46 41 7 5 2 25 42 34 50 13 1 24 9 40 15 16 39 26 47 10 44 27 6 21 23 48 37 38 
student 239: 30 21 7 35 16 20 4 18 50 36 26 45 37 9 6 33 19 31 15 24 14 46 38 44 10 3 1 25 43 32 49 8 2 28 13 34 12 17 40 29 48 11 39 23 5 22 27 47 42 41 
student 240: 34 23 12 32 17 16 7 20 50 28 33 37 38 5 4 35 18 25 14 27 19 48 40 42 2 3 1 21 46 29 49 9 6 24 8 36 15 13 39 30 44 11 43 31 10 26 22 47 41 45 
student 241: 29 23 12 31 17 18 5 21 48 30 35 44 33 8 4 38 19 27 15 25 13 42 34 40 10 2 3 22 47 36 49 7 1 24 11 37 14 16 39 28 46 9 45 32 6 20 26 50 43 41 
student 242: 30 28 12 33 17 20 2 19 50 31 34 41 32 7 5 37 18 27 16 23 14 44 35 48 11 1 3 21 43 36 47 8 4 24 10 40 13 15 38 26 49 9 42 29 6 22 25 45 39 46 
student 243: 28 23 13 32 18 22 6 19 49 30 33 43 34 7 2 36 21 29 14 25 12 46 39 44 3 1 5 27 45 35 50 9 4 26 10 37 16 15 38 24 48 11 42 31 8 17 20 47 40 41 
student 244: 32 23 12 33 18 17 5 13 47 30 34 40 35 9 2 37 22 28 14 26 16 44 38 43 6 4 1 27 46 31 50 8 3 24 10 36 15 20 41 29 48 11 45 25 7 21 19 49 42 39 
student 245: 28 24 13 32 17 19 7 18 48 29 33 42 37 8 5 38 20 31 16 26 15 47 39 44 9 1 2 21 45 36 50 6 3 25 10 35 11 14 34 27 46 12 40 30 4 22 23 49 43 41 
student 246: 26 25 13 33 16 20 4 17 47 32 36 48 35 12 3 30 19 27 15 23 9 46 38 39 7 2 1 22 45 34 49 11 5 28 8 40 10 18 42 31 44 14 43 29 6 21 24 50 37 41 
student 247: 28 21 12 32 22 17 5 20 50 31 34 43 36 8 4 42 23 27 15 19 16 44 39 45 7 1 2 26 47 33 46 9 3 25 11 35 13 18 37 29 49 10 41 30 6 14 24 48 38 40 
student 248: 27 25 9 31 18 19 6 16 48 35 36 44 34 7 3 33 21 26 17 22 14 46 37 41 8 1 2 28 45 32 49 13 4 29 10 39 11 15 40 23 47 12 42 30 5 20 24 50 38 43 
student 249: 27 26 12 35 17 16 4 22 45 30 41 40 33 9 8 37 20 29 14 21 18 46 36 39 7 1 3 24 48 31 50 6 2 19 10 34 15 13 38 28 47 11 43 32 5 23 25 49 42 44 
student 250: 28 24 9 30 18 22 8 15 47 31 34 44 35 13 5 37 19 26 17 21 12 49 39 43 6 2 4 25 40 32 50 10 1 27 11 36 14 16 41 29 46 7 45 33 3 20 23 48 38 42 
student 251: 29 26 14 31 18 15 3 16 44 30 34 46 36 12 6 35 19 32 20 21 13 45 39 41 5 1 2 25 48 33 49 10 4 27 8 38 11 17 37 22 47 9 42 28 7 23 24 50 40 43 
student 252: 29 25 11 31 18 24 5 13 48 32 36 44 33 6 3 35 14 27 19 21 16 46 38 42 8 2 4 23 43 34 49 10 1 26 12 37 17 15 41 28 47 9 45 30 7 20 22 50 40 39 
student 253: 30 26 14 31 12 18 5 17 48 35 34 44 33 9 4 37 19 23 22 20 15 45 41 42 7 2 1 25 47 32 49 8 3 29 10 38 13 16 36 27 46 11 43 28 6 21 24 50 40 39 
student 254: 27 26 12 31 21 18 5 15 48 34 38 46 35 8 3 30 19 28 16 20 14 43 37 40 6 1 9 25 44 33 50 4 2 23 10 41 13 17 36 32 47 11 45 29 7 22 24 49 42 39 
student 255: 26 23 16 30 19 21 2 17 48 32 36 43 34 6 9 35 20 31 15 22 10 46 40 42 8 1 5 25 45 33 49 7 3 28 11 38 14 12 37 27 47 13 44 29 4 18 24 50 39 41 
student 256: 29 24 12 32 18 19 8 17 49 33 34 48 35 16 1 36 20 26 14 25 10 46 39 42 6 5 2 23 38 30 47 7 4 28 11 40 13 15 43 27 45 9 41 31 3 21 22 50 37 44 
student 257: 29 26 10 31 19 17 4 16 46 33 34 44 35 9 1 38 20 25 18 28 12 48 37 42 5 2 3 22 45 32 47 8 6 23 14 36 13 15 41 27 50 11 43 30 7 24 21 49 39 40 
student 258: 29 23 12 32 19 25 6 17 50 33 35 42 31 11 7 36 20 26 15 22 16 48 39 43 5 1 3 27 45 34 47 8 2 24 10 37 13 14 41 28 49 9 44 30 4 21 18 46 38 40 
student 259: 32 26 12 30 20 19 8 11 47 28 33 41 36 7 2 37 21 27 15 16 14 46 38 44 5 3 1 22 43 34 50 10 4 25 9 35 17 18 39 29 48 13 42 31 6 24 23 49 40 45 
student 260: 28 24 13 35 21 19 3 17 49 27 37 46 31 12 6 41 20 29 16 18 11 48 36 42 7 2 4 30 44 34 47 10 1 22 5 33 14 15 38 26 45 8 43 32 9 25 23 50 39 40 
student 261: 28 26 9 31 18 19 4 15 50 32 35 45 33 8 7 36 21 30 17 22 14 47 38 46 6 1 3 20 44 34 48 11 2 23 12 41 13 16 37 27 43 10 42 29 5 24 25 49 39 40 
student 262: 30 24 12 33 13 19 6 18 45 32 34 43 31 10 2 35 21 28 17 23 14 47 37 40 9 3 1 25 46 36 48 4 7 26 11 41 15 16 38 29 50 5 44 27 8 20 22 49 39 42 
student 263: 34 28 14 31 18 19 2 17 49 29 36 42 33 8 4 38 20 27 11 21 16 45 35 41 13 1 3 24 46 32 47 9 7 26 10 37 6 15 39 25 48 12 44 30 5 22 23 50 43 40 
student 264: 28 23 14 24 19 17 3 21 48 35 32 43 33 9 1 36 18 30 13 22 12 46 37 42 11 2 5 34 44 29 49 10 4 25 7 38 15 16 39 27 47 6 45 31 8 20 26 50 40 41 
student 265: 28 19 10 32 20 22 2 15 50 31 35 45 34 9 5 39 21 29 14 18 11 41 38 44 16 1 4 24 46 37 49 12 3 26 8 33 13 17 42 27 48 6 43 30 7 23 25 47 40 36 
student 266: 29 26 9 33 18 17 2 24 47 30 35 46 32 7 4 37 19 28 14 21 11 45 39 41 5 8 1 23 43 36 48 12 3 25 15 38 16 13 34 31 50 10 44 27 6 22 20 49 40 42 
student 267: 29 28 14 33 19 21 6 16 44 31 36 46 35 9 3 34 20 26 17 18 15 47 38 43 8 1 4 25 40 32 49 7 2 23 10 39 12 13 41 27 48 11 45 30 5 24 22 50 37 42 
student 268: 27 25 8 31 17 11 4 21 50 33 39 42 34 6 9 36 15 28 18 19 12 48 38 44 5 2 1 24 41 35 49 10 3 26 13 40 7 20 37 29 47 14 45 30 16 23 22 46 43 32 
student 269: 26 23 12 31 16 21 9 10 48 29 35 45 34 8 7 37 20 27 18 19 13 46 38 42 5 3 2 30 44 32 49 4 6 25 14 36 17 15 40 33 47 11 43 28 1 24 22 50 39 41 
student 270: 31 27 12 35 23 19 7 14 46 30 38 47 32 8 5 34 17 28 18 20 16 44 37 43 10 3 1 22 48 33 49 6 2 25 11 39 15 9 41 26 45 13 42 29 4 24 21 50 36 40 
student 271: 31 27 12 38 16 23 4 18 47 33 34 42 30 10 6 37 20 25 13 24 8 46 36 43 5 2 1 22 45 29 49 9 3 21 11 35 14 17 39 28 48 15 44 32 7 19 26 50 41 40 
student 272: 30 25 10 35 18 22 9 16 48 31 33 43 32 8 1 38 19 28 15 24 17 47 37 40 5 3 2 20 45 34 49 7 6 27 12 36 14 11 42 29 46 13 44 26 4 21 23 50 39 41 
student 273: 29 26 13 30 19 21 6 17 48 33 43 45 35 9 3 34 20 25 16 18 12 42 37 41 7 2 5 23 47 32 50 8 1 28 11 36 10 15 40 27 49 14 44 31 4 24 22 46 38 39 
student 274: 30 26 12 34 20 21 2 17 41 25 36 45 35 9 5 42 18 28 16 22 8 47 38 40 7 1 3 24 46 31 48 6 4 27 11 33 14 15 37 29 50 13 43 32 10 19 23 49 39 44 
student 275: 29 25 14 32 19 21 6 16 48 31 38 43 33 10 3 36 20 26 13 22 9 44 37 42 5 2 1 24 47 34 49 8 4 28 11 35 17 15 40 27 45 12 46 30 7 23 18 50 41 39 
student 276: 29 26 9 32 19 17 4 16 49 31 43 42 37 7 5 34 18 28 12 23 14 48 36 41 10 3 1 24 44 35 46 11 2 27 8 33 15 20 39 25 47 13 40 30 6 21 22 50 38 45 
student 277: 30 26 6 33 11 19 7 16 42 32 34 48 31 9 5 36 18 28 15 21 13 43 37 44 8 2 3 24 46 40 49 10 1 27 12 35 17 20 41 29 47 14 39 25 4 23 22 50 38 45 
student 278: 28 29 16 24 18 15 5 25 48 33 36 46 34 8 6 39 20 31 17 21 12 47 35 42 7 1 4 26 45 30 50 9 2 23 10 37 13 14 38 27 43 11 44 32 3 19 22 49 40 41 
student 279: 28 23 11 32 18 20 4 15 49 30 37 40 36 8 2 34 22 29 17 24 10 43 41 42 7 3 1 25 47 33 50 12 5 27 9 38 14 16 35 26 45 13 46 31 6 19 21 48 44 39 
student 280: 28 25 12 32 19 18 4 17 48 30 34 43 35 6 7 39 20 27 16 22 14 47 37 40 8 2 3 24 45 31 50 9 1 33 10 36 15 13 38 26 46 11 44 29 5 21 23 49 41 42 
student 281: 29 25 13 28 16 20 5 17 49 32 36 43 37 11 2 48 19 30 8 27 14 45 35 40 6 3 4 23 44 31 50 9 1 26 7 34 15 18 42 24 46 12 41 33 10 22 21 47 38 39 
student 282: 29 26 12 33 22 18 6 21 47 32 34 48 35 7 3 37 19 23 13 27 11 45 39 42 5 1 2 24 43 31 50 10 4 25 9 38 16 15 36 28 46 14 44 30 8 17 20 49 40 41 
student 283: 33 23 12 31 26 19 2 18 48 34 36 41 32 7 4 38 16 30 17 22 13 46 35 39 6 1 5 20 45 25 50 11 3 24 9 37 14 15 42 29 47 10 44 28 8 21 27 49 40 43 
student 284: 29 25 10 31 18 19 5 16 48 30 36 46 33 7 6 37 21 28 14 24 15 43 35 42 9 3 1 23 47 34 50 8 4 26 11 39 17 12 38 27 45 13 44 32 2 22 20 49 40 41 
student 285: 30 26 13 33 18 19 7 15 46 31 32 43 29 6 5 36 20 22 17 21 12 47 35 42 10 1 2 25 45 37 50 9 3 28 4 41 14 16 38 34 48 11 44 27 8 23 24 49 39 40 
student 286: 27 23 14 33 18 21 3 13 46 29 38 39 37 7 2 35 16 25 20 31 15 47 41 43 10 1 6 22 48 30 50 9 4 28 8 34 19 12 40 26 45 11 44 32 5 24 17 49 36 42 
student 287: 29 21 9 32 17 20 5 18 49 28 35 44 34 12 4 40 22 33 16 19 14 46 36 41 7 1 2 24 43 30 48 8 3 26 10 39 13 15 38 27 45 11 47 31 6 25 23 50 37 42 
student 288: 28 27 10 35 12 18 6 22 48 33 31 42 34 9 1 37 16 26 21 20 14 46 43 44 4 5 2 25 39 32 47 13 8 24 11 36 15 17 38 29 50 7 45 30 3 19 23 49 40 41 
student 289: 31 25 12 38 15 19 5 18 50 30 32 41 29 8 3 35 20 28 17 22 14 45 42 39 7 1 4 24 46 34 47 10 2 33 9 36 16 13 40 27 49 11 44 26 6 21 23 48 37 43 
student 290: 28 26 13 32 18 20 8 16 48 29 35 42 33 5 4 38 21 27 14 22 11 45 37 39 7 1 2 25 44 34 49 9 3 24 15 36 10 12 41 30 47 17 46 31 6 19 23 50 40 43 
student 291: 28 25 11 33 19 18 5 17 47 30 38 46 34 10 6 37 20 24 16 22 12 45 40 39 7 1 2 26 43 36 50 4 3 27 9 31 15 13 35 23 49 14 44 32 8 21 29 48 41 42 
student 292: 29 26 12 33 18 22 6 17 48 31 35 45 32 8 5 37 20 27 15 21 9 43 39 44 4 1 2 23 46 34 50 11 3 16 13 36 14 19 40 28 47 10 41 30 7 24 25 49 38 42 
student 293: 27 19 12 33 16 18 6 20 47 29 30 45 32 8 4 37 17 26 22 24 13 44 39 42 7 1 3 25 50 38 49 9 2 31 10 36 14 15 40 28 46 11 43 34 5 21 23 48 35 41 
student 294: 29 24 12 31 20 21 3 15 47 33 32 44 35 8 4 39 16 27 17 25 18 45 37 41 9 2 6 19 48 34 49 7 5 26 11 36 13 14 40 28 46 10 43 30 1 23 22 50 38 42 
student 295: 34 27 11 31 19 18 6 17 49 29 38 44 33 8 3 37 20 30 13 25 15 48 36 42 5 1 2 24 45 23 47 14 4 32 10 35 16 9 39 28 46 12 43 26 7 21 22 50 40 41 
student 296: 28 24 14 33 15 19 1 22 48 31 34 43 29 8 3 36 20 27 9 21 13 46 37 45 7 2 4 25 47 35 49 11 6 26 10 38 17 16 41 32 44 12 39 30 5 23 18 50 42 40 
student 297: 29 22 10 30 20 16 1 18 49 27 36 41 34 11 7 39 19 28 13 33 12 48 38 42 9 3 2 23 43 32 50 4 6 25 8 37 14 17 35 26 44 15 46 31 5 24 21 47 40 45 
student 298: 32 27 13 29 20 16 6 17 48 34 37 42 33 8 4 35 21 26 15 23 11 46 41 43 5 1 3 25 45 28 50 10 2 22 12 36 19 9 38 30 47 14 44 31 7 18 24 49 39 40 
student 299: 30 24 14 32 18 19 7 21 42 31 33 46 34 8 5 39 10 27 16 20 13 41 38 40 9 1 3 25 47 35 49 6 2 26 12 36 17 15 37 28 48 11 45 29 4 23 22 50 44 43 
student 300: 27 22 12 35 18 21 4 16 47 30 36 44 34 7 5 43 23 28 15 24 13 45 37 39 10 2 1 20 48 32 50 9 3 29 8 33 14 17 40 26 46 11 41 31 6 19 25 49 38 42 
student 301: 27 26 17 29 16 21 5 15 49 31 35 43 34 9 3 38 20 33 14 23 19 48 39 42 6 2 1 18 45 32 47 4 7 30 13 36 11 10 40 22 46 12 41 28 8 24 25 50 44 37 
student 302: 29 25 13 30 18 21 7 15 49 28 35 44 34 9 8 39 20 31 17 23 14 46 36 41 6 1 2 19 45 32 50 11 4 26 5 37 16 10 38 27 47 12 42 33 3 22 24 48 40 43 
student 303: 31 25 14 33 18 17 6 15 49 30 32 46 34 9 4 39 20 27 16 19 21 44 38 42 5 2 3 24 43 37 48 8 1 29 10 36 13 11 41 26 50 12 45 28 7 22 23 47 40 35 
student 304: 29 25 10 33 9 17 4 24 48 30 34 42 37 12 5 38 15 28 19 21 16 46 40 41 7 3 6 23 45 32 50 8 1 20 13 35 14 22 43 27 47 11 44 31 2 18 26 49 36 39 
student 305: 30 26 12 31 18 16 5 13 46 32 34 48 35 8 1 37 20 28 19 22 15 44 38 40 7 2 3 27 49 33 47 9 4 21 11 36 17 14 42 29 43 10 41 25 6 24 23 50 39 45 
student 306: 27 29 14 32 17 24 3 20 48 31 35 41 34 10 2 39 21 25 16 19 13 45 37 43 7 1 4 23 44 33 50 6 5 26 12 36 9 15 40 28 47 11 46 30 8 18 22 49 42 38 
student 307: 32 28 12 31 18 19 7 17 45 30 33 43 34 10 6 37 21 26 15 23 13 44 38 42 5 2 1 24 46 36 50 9 4 25 11 35 14 16 40 27 49 8 48 29 3 22 20 47 39 41 
student 308: 28 26 11 33 19 15 7 17 46 31 37 43 35 6 2 36 21 30 20 27 14 48 38 40 9 3 1 22 49 32 47 8 4 24 10 34 13 16 44 25 45 12 42 29 5 18 23 50 41 39 
student 309: 32 27 14 34 18 19 6 13 48 33 39 42 35 7 4 44 20 29 16 22 17 47 37 45 8 1 2 23 46 26 50 10 3 28 11 36 9 15 38 30 43 12 31 25 5 21 24 49 40 41 
student 310: 30 26 12 34 15 21 5 17 47 28 35 42 32 8 4 37 18 25 19 20 13 46 36 43 6 1 2 24 48 31 49 7 3 29 10 40 14 16 38 33 44 11 45 27 9 23 22 50 41 39 
student 311: 26 25 12 36 17 22 5 20 47 31 29 44 42 9 4 38 18 30 14 23 10 45 35 41 7 2 3 19 49 33 48 8 1 28 15 34 13 16 37 27 46 11 39 32 6 21 24 50 40 43 
student 312: 29 26 10 32 16 22 6 20 47 30 35 45 36 8 2 38 19 27 18 23 14 46 37 43 4 1 3 17 44 33 50 7 5 25 9 34 12 15 39 28 48 11 42 31 13 21 24 49 41 40 
student 313: 29 25 13 30 23 18 4 17 49 32 34 46 33 8 6 35 24 20 16 19 14 48 36 42 3 1 2 21 45 38 47 9 5 26 11 41 12 15 37 28 44 10 43 31 7 22 27 50 40 39 
student 314: 31 25 14 32 17 18 7 16 48 30 36 44 33 8 4 38 22 28 21 20 13 45 37 40 6 5 1 23 46 34 47 9 3 26 12 35 11 15 42 29 50 10 43 27 2 19 24 49 39 41 
student 315: 29 25 17 33 20 21 5 16 47 31 38 44 34 6 2 35 18 27 15 24 13 43 39 42 7 1 3 22 46 32 49 8 4 26 9 37 11 14 41 30 48 10 45 28 12 23 19 50 40 36 
student 316: 28 22 12 32 19 21 6 17 48 33 35 44 34 9 3 36 18 29 16 23 14 49 30 42 7 1 2 27 43 37 46 10 5 26 13 38 15 11 40 24 47 8 45 31 4 20 25 50 41 39 
student 317: 29 26 13 31 21 16 3 18 45 33 35 50 34 8 2 38 19 25 17 27 12 44 36 46 4 1 7 22 43 37 47 9 6 24 10 32 15 14 40 28 48 11 42 30 5 23 20 49 41 39 
student 318: 32 23 13 31 17 18 6 20 48 29 44 46 36 8 1 37 24 19 12 21 16 45 35 40 7 3 2 22 43 33 49 9 4 27 10 34 14 15 38 28 47 11 42 30 5 25 26 50 39 41 
student 319: 31 25 17 27 18 21 6 15 49 30 34 44 36 8 5 35 23 26 16 19 14 46 37 43 9 4 2 22 45 33 48 11 1 28 3 38 10 13 41 29 47 12 42 32 7 20 24 50 39 40 
student 320: 24 23 15 34 17 19 5 16 48 28 35 44 31 9 4 37 20 27 18 22 12 46 36 42 7 1 2 29 45 38 50 8 3 26 10 33 13 14 41 30 47 11 43 32 6 21 25 49 39 40 
student 321: 29 26 12 32 17 18 7 14 49 31 34 43 33 5 3 40 20 23 19 22 16 47 41 44 8 2 1 24 45 35 46 9 4 28 10 36 13 15 39 27 48 11 38 30 6 21 25 50 37 42 
student 322: 29 24 14 31 22 16 6 17 47 33 36 48 32 8 2 35 18 27 21 20 10 44 37 40 7 1 3 26 42 34 50 9 4 23 12 38 13 15 43 28 45 11 46 30 5 19 25 49 41 39 
student 323: 26 25 13 31 17 19 5 18 47 29 35 42 33 6 3 43 21 27 16 20 14 46 37 40 9 2 1 24 45 34 49 8 4 28 10 36 15 11 38 30 48 12 41 32 7 23 22 50 44 39 
student 324: 27 28 11 33 15 19 3 18 50 32 39 45 34 7 8 35 23 31 16 22 12 44 36 41 6 5 1 24 47 30 49 13 4 26 9 40 14 17 38 25 46 10 43 29 2 20 21 48 37 42 
student 325: 33 24 13 32 14 22 6 16 49 35 28 44 29 5 4 38 20 31 18 19 12 46 37 43 8 1 2 26 45 34 48 11 3 27 9 36 15 17 39 30 47 10 41 25 7 23 21 50 40 42 
student 326: 30 26 10 28 18 19 4 15 46 33 34 45 35 6 5 37 21 29 17 22 16 42 38 41 8 1 3 23 47 31 50 11 2 25 9 36 14 12 43 27 49 13 44 32 7 20 24 48 39 40 
student 327: 30 24 13 29 19 17 6 15 46 32 37 42 34 9 4 35 16 28 21 25 18 48 38 44 5 3 1 23 43 33 49 10 2 27 7 36 12 14 39 26 47 11 45 31 8 22 20 50 40 41 
student 328: 29 25 10 32 16 17 6 21 50 31 34 46 33 4 12 37 20 26 15 22 11 43 38 41 5 3 2 23 48 36 45 8 1 27 9 35 14 18 39 28 49 13 42 30 7 19 24 47 40 44 
student 329: 31 28 10 30 20 21 6 18 50 34 32 46 36 7 2 35 19 26 17 22 15 49 37 41 5 1 4 24 44 33 48 9 3 25 14 38 13 11 43 29 45 12 42 27 8 16 23 47 40 39 
student 330: 36 25 15 28 17 18 4 16 50 33 31 43 30 8 7 38 22 29 20 21 13 47 39 37 6 5 3 27 44 35 45 9 1 23 10 34 12 14 40 26 48 11 46 32 2 19 24 49 41 42 
student 331: 29 26 11 35 19 13 2 23 50 30 37 42 32 5 6 36 20 25 14 15 9 44 38 40 7 1 3 21 45 34 46 18 4 27 12 33 17 10 39 28 48 16 43 31 8 24 22 49 41 47 
student 332: 28 25 12 30 20 18 7 17 47 33 36 43 34 6 4 39 23 29 16 19 13 46 37 44 9 2 1 21 48 32 49 8 3 26 11 35 10 15 40 31 45 14 41 27 5 22 24 50 38 42 
student 333: 28 25 14 33 18 17 5 16 49 31 34 40 32 6 7 42 21 30 11 20 24 47 39 44 2 3 1 23 41 35 50 8 4 26 10 36 15 13 38 27 46 9 37 29 12 19 22 48 43 45 
student 334: 35 26 11 30 18 19 2 17 47 36 32 44 31 10 1 37 25 24 9 21 16 49 38 42 7 4 5 23 46 34 48 8 6 27 12 33 15 13 40 28 43 14 45 29 3 20 22 50 39 41 
student 335: 28 27 11 34 18 19 6 14 49 30 36 43 33 12 2 41 22 29 15 23 17 47 39 42 4 3 1 20 45 32 48 8 5 21 10 35 13 16 37 25 46 9 44 31 7 24 26 50 38 40 
student 336: 30 25 16 29 15 19 3 18 44 31 32 46 34 12 7 38 22 28 17 24 10 47 35 45 11 1 4 23 48 36 49 9 2 26 14 33 13 8 39 27 42 5 43 37 6 20 21 50 41 40 
student 337: 31 27 12 33 18 19 6 17 46 26 36 44 35 10 4 38 20 29 15 22 14 48 37 39 7 3 1 24 45 30 49 9 2 28 8 34 16 13 41 23 47 11 43 32 5 25 21 50 40 42 
student 338: 32 28 8 33 20 17 5 15 47 30 35 43 34 9 1 36 16 26 18 24 13 44 39 46 7 3 2 23 45 31 50 11 6 25 10 37 14 19 38 27 48 12 42 29 4 21 22 49 41 40 
student 339: 28 26 11 35 17 19 6 16 46 30 32 44 34 5 2 37 24 27 18 21 14 47 38 41 7 3 1 22 45 33 48 9 4 25 10 36 12 15 39 29 49 13 42 31 8 20 23 50 43 40 
student 340: 30 27 13 33 14 15 4 21 47 32 37 41 26 8 3 38 19 28 18 22 20 48 40 39 7 2 1 24 44 34 50 9 6 25 10 36 16 12 45 29 46 11 42 31 5 17 23 49 35 43 
student 341: 31 24 14 32 13 18 6 19 47 33 36 44 35 9 5 38 20 29 16 25 17 49 37 41 7 1 2 21 46 26 48 11 4 28 12 34 15 10 39 27 45 8 42 30 3 23 22 50 40 43 
student 342: 29 27 8 34 18 20 6 17 48 30 36 42 38 7 3 37 19 25 15 23 14 47 39 41 10 1 2 22 44 33 49 11 5 26 12 31 16 13 43 32 45 9 46 28 4 21 24 50 35 40 
student 343: 26 24 12 33 22 18 9 16 48 27 36 45 34 8 6 38 17 29 19 25 14 47 37 42 10 1 2 28 44 32 49 4 3 21 11 35 13 15 41 30 46 5 43 31 7 20 23 50 40 39 
student 344: 30 26 13 35 15 20 6 16 50 31 33 48 36 8 4 38 22 28 17 23 18 47 34 43 12 1 2 21 45 32 49 10 3 24 5 39 9 11 40 27 41 14 44 29 7 19 25 46 37 42 
student 345: 29 23 12 30 19 16 6 17 49 34 32 39 31 10 4 37 21 27 18 22 15 42 40 43 7 1 3 25 47 35 50 8 2 26 11 36 13 14 38 28 46 9 44 33 5 20 24 48 41 45 
student 346: 29 28 10 34 22 24 5 19 48 33 37 44 32 7 3 35 18 21 15 26 12 46 38 41 8 4 1 23 45 30 50 11 2 25 9 36 13 16 39 31 47 14 42 27 6 20 17 49 40 43 
student 347: 25 26 13 30 16 20 6 18 48 32 35 45 34 8 4 37 19 29 17 21 10 46 40 39 7 1 2 22 44 33 49 12 3 27 14 36 11 15 42 28 47 9 43 31 5 23 24 50 38 41 
student 348: 26 27 17 33 18 19 4 15 50 31 32 46 35 5 6 38 20 29 16 22 12 42 41 37 9 2 1 25 47 34 48 10 3 28 11 36 13 14 39 24 45 7 43 30 8 21 23 49 40 44 
student 349: 27 25 13 31 18 22 6 17 46 29 36 43 32 8 4 37 21 30 16 20 11 48 34 45 5 2 3 28 44 35 50 9 1 26 10 39 14 15 40 24 47 12 38 33 7 19 23 49 41 42 
student 350: 28 26 14 32 17 19 5 15 50 34 33 45 38 11 3 37 20 25 18 23 12 47 41 39 8 1 4 24 42 31 49 7 2 27 9 35 13 16 36 29 46 10 40 30 6 21 22 48 43 44 
student 351: 29 26 11 33 16 18 4 19 42 32 34 44 30 9 3 37 20 28 17 27 12 46 38 45 7 1 2 24 47 36 49 14 6 22 8 35 15 13 39 25 48 10 40 31 5 21 23 50 41 43 
student 352: 25 20 14 37 22 18 5 15 48 30 33 41 34 8 3 38 21 26 16 19 11 45 40 39 12 4 1 27 49 31 50 10 2 23 7 35 13 17 36 29 46 9 44 32 6 24 28 47 42 43 
student 353: 27 24 11 31 18 17 5 19 49 32 37 41 35 8 3 39 20 28 16 21 13 45 38 36 7 2 1 26 42 34 48 12 4 25 10 33 15 14 40 29 47 9 44 30 6 23 22 50 46 43 
student 354: 27 25 9 28 18 17 3 21 48 31 33 44 34 6 4 40 19 30 13 22 15 47 37 41 7 1 5 24 45 35 50 11 2 26 10 36 14 16 43 29 46 12 42 32 8 20 23 49 39 38 
student 355: 28 23 16 31 15 19 3 17 48 32 37 46 34 10 1 38 22 25 14 27 18 43 39 44 7 4 2 20 47 30 49 8 6 29 12 35 11 13 36 26 45 9 42 33 5 21 24 50 40 41 
student 356: 36 24 11 31 20 19 4 18 47 30 34 44 32 7 3 35 22 28 17 23 13 46 38 42 6 1 2 21 41 37 50 9 8 25 10 33 15 16 39 26 48 12 45 29 5 14 27 49 43 40 
student 357: 28 25 12 33 14 17 5 18 48 31 34 44 38 8 4 35 20 29 19 23 13 45 37 40 7 1 2 22 42 32 49 15 3 24 9 43 10 16 41 27 46 11 47 30 6 21 26 50 36 39 
student 358: 28 29 13 33 23 20 9 17 49 30 32 47 35 7 5 36 18 25 15 19 11 45 39 43 6 1 4 24 42 34 44 10 2 26 8 37 14 16 38 27 48 12 41 31 3 21 22 50 40 46 
student 359: 30 27 13 32 22 15 3 18 48 31 35 44 34 12 4 36 21 26 16 23 11 46 40 43 7 2 1 20 45 33 47 8 5 25 9 39 10 14 41 28 49 17 42 29 6 19 24 50 38 37 
student 360: 29 26 13 32 17 19 6 18 48 27 37 44 33 8 4 36 20 28 16 21 11 45 40 42 7 2 1 22 49 34 47 10 3 25 12 38 14 15 35 30 50 9 46 31 5 23 24 43 41 39 
student 361: 32 26 13 29 17 19 11 15 46 30 35 48 31 8 5 34 23 27 16 33 12 42 36 44 6 2 1 21 45 38 49 4 3 25 9 37 14 18 39 28 47 10 43 22 7 20 24 50 40 41 
student 362: 32 25 3 31 20 15 6 12 48 29 35 45 33 8 11 37 16 26 19 23 13 44 40 43 10 1 2 22 46 34 49 5 4 24 9 36 17 18 38 30 47 14 41 28 7 21 27 50 39 42 
student 363: 28 22 8 35 19 20 6 17 50 33 34 46 32 9 2 38 21 29 16 27 13 41 42 44 7 5 1 24 36 31 48 10 3 25 11 37 14 15 39 30 47 12 45 26 4 18 23 49 43 40 
student 364: 27 28 9 35 18 19 8 17 49 32 34 46 30 5 4 37 23 26 16 22 13 47 33 42 7 1 2 21 43 36 48 11 3 25 12 40 14 15 38 31 45 10 44 29 6 20 24 50 39 41 
student 365: 26 23 10 35 17 19 2 13 47 31 32 44 33 8 4 37 21 27 14 22 15 43 39 45 6 1 3 28 50 34 49 7 5 29 12 36 18 16 38 25 46 11 41 30 9 20 24 48 40 42 
student 366: 29 25 10 32 16 17 2 18 42 28 33 40 36 6 11 39 21 27 19 22 12 44 38 43 5 1 8 24 45 35 50 9 3 26 7 34 14 15 41 30 46 13 47 31 4 20 23 49 48 37 
student 367: 31 24 10 33 18 15 8 17 44 30 35 46 32 4 6 42 20 26 19 23 13 43 39 40 7 3 1 28 47 34 49 11 2 22 12 36 14 16 37 27 48 9 45 29 5 21 25 50 38 41 
student 368: 29 25 13 30 17 21 2 18 50 34 35 44 36 7 1 33 22 27 16 20 14 46 41 43 8 3 4 24 42 31 45 9 5 26 11 38 10 15 39 28 49 12 47 32 6 19 23 48 37 40 
student 369: 24 26 8 33 21 15 14 16 48 31 34 45 35 7 5 38 18 29 17 22 13 44 39 42 6 1 2 28 47 32 49 9 4 23 10 36 19 12 41 27 46 11 43 30 3 20 25 50 37 40 
student 370: 28 26 13 32 17 21 5 19 49 31 40 43 33 7 6 41 22 30 16 20 14 44 35 47 10 1 2 23 45 27 48 12 3 25 4 36 11 15 37 34 46 9 39 29 8 18 24 50 42 38 
student 371: 31 24 14 29 20 17 7 16 49 34 30 48 37 8 6 36 21 28 18 19 9 45 42 43 5 1 2 26 47 33 50 11 3 25 10 35 13 15 38 27 44 12 41 32 4 22 23 46 39 40 
student 372: 27 26 15 34 18 16 8 14 46 31 36 48 33 9 5 35 19 28 17 22 13 47 41 38 6 4 1 23 44 30 49 7 3 25 10 39 24 11 37 29 45 12 42 32 2 20 21 50 40 43 
student 373: 29 26 15 34 16 20 5 18 46 32 37 44 33 8 6 36 22 27 17 21 12 48 38 41 4 1 2 25 43 31 49 9 3 28 10 40 14 13 35 24 45 11 47 30 7 23 19 50 39 42 
student 374: 32 24 14 22 13 23 5 20 48 33 35 41 34 10 2 40 17 28 16 27 12 44 37 38 6 1 3 29 45 31 49 8 4 26 11 36 18 15 39 25 47 9 46 30 7 19 21 50 42 43 
student 375: 26 28 11 33 15 22 4 18 48 30 37 44 34 8 5 38 20 25 17 14 13 45 36 47 12 1 2 21 42 35 49 7 3 24 9 32 16 19 39 27 46 10 41 31 6 29 23 50 40 43 
student 376: 27 26 14 34 16 20 4 18 48 31 33 44 35 9 5 39 19 28 13 23 12 45 38 43 6 3 1 25 42 32 49 8 2 24 10 36 15 17 41 30 47 11 46 29 7 22 21 50 40 37 
student 377: 28 24 13 31 20 18 5 17 50 32 36 39 35 10 4 33 21 29 19 16 14 47 38 44 6 1 2 23 45 34 48 8 3 26 11 37 9 15 42 27 46 12 43 30 7 25 22 49 40 41 
student 378: 27 26 14 35 16 21 7 20 50 31 36 44 34 9 4 37 18 30 19 25 15 46 38 41 8 1 2 24 45 33 49 11 3 29 13 32 10 12 40 22 47 6 43 28 5 17 23 48 42 39 
student 379: 27 26 14 34 19 25 7 17 46 33 35 40 32 9 5 39 18 23 15 20 12 47 41 38 8 1 4 24 42 29 48 11 2 28 3 37 13 16 44 30 49 10 43 31 6 21 22 50 36 45 
student 380: 29 25 12 34 17 19 5 18 50 31 35 48 36 11 2 37 28 26 14 23 13 45 38 42 8 4 3 22 46 32 47 9 1 24 6 33 15 16 39 27 43 10 41 30 7 20 21 49 44 40 
student 381: 30 25 11 29 18 21 6 17 47 33 34 40 36 7 4 37 19 27 16 22 15 44 42 39 5 2 1 24 41 32 50 12 3 26 10 35 13 14 38 28 46 8 49 31 9 20 23 48 45 43 
student 382: 28 23 11 29 20 21 9 15 48 31 39 43 32 8 3 38 17 35 16 19 13 47 36 42 5 1 2 25 44 33 49 6 7 26 10 34 14 18 37 27 46 12 45 30 4 22 24 50 40 41 
student 383: 30 24 12 32 19 18 9 15 50 33 35 45 36 10 8 34 21 29 17 22 13 46 43 41 5 1 2 26 42 31 48 6 3 23 7 37 14 16 40 27 47 11 44 28 4 25 20 49 39 38 
student 384: 26 27 16 31 22 11 5 19 48 32 33 45 35 9 4 38 15 29 18 23 13 46 39 41 7 1 2 21 44 37 49 8 3 25 10 34 17 14 36 30 47 12 42 28 6 20 24 50 43 40 
student 385: 21 26 14 30 17 24 1 15 50 34 39 43 33 9 4 35 22 28 12 25 13 46 40 48 8 2 6 18 45 32 49 7 3 27 5 38 16 19 36 29 44 11 37 31 10 23 20 47 41 42 
student 386: 29 24 14 30 18 15 4 20 45 32 35 46 36 7 5 38 19 25 16 23 12 47 34 40 8 1 3 26 50 33 49 11 2 31 9 37 13 17 43 28 42 10 44 27 6 22 21 48 39 41 
student 387: 28 25 9 31 17 24 8 19 47 37 38 43 35 12 5 39 16 29 15 21 11 46 36 42 6 2 1 23 50 32 49 10 3 30 7 34 13 14 33 27 45 18 44 26 4 20 22 48 40 41 
student 388: 26 24 12 32 18 19 2 15 48 31 40 44 34 11 6 35 25 33 17 21 16 46 38 39 7 1 4 22 43 36 49 9 5 29 3 30 13 14 37 27 50 10 42 28 8 20 23 47 45 41 
student 389: 27 25 14 33 21 19 3 12 47 28 34 41 32 8 5 38 18 30 16 24 15 46 39 43 6 2 1 22 44 35 50 10 4 29 11 36 17 13 42 26 49 9 45 31 7 20 23 48 37 40 
student 390: 29 26 13 32 16 18 5 17 49 33 36 43 34 10 4 37 22 27 20 24 12 46 40 41 7 3 2 19 44 31 47 8 1 23 9 35 14 15 38 28 48 11 45 30 6 21 25 50 42 39 
student 391: 30 26 11 31 20 21 4 17 49 28 35 44 33 5 6 34 22 27 16 23 13 47 37 43 8 1 2 25 45 38 48 14 3 24 10 32 12 15 40 29 46 9 39 36 7 19 18 50 41 42 
student 392: 30 26 11 32 17 19 4 16 49 31 34 43 35 7 2 39 21 28 18 23 13 45 36 42 14 1 5 20 46 33 48 8 3 24 10 37 15 12 38 27 47 9 44 29 6 22 25 50 40 41 
student 393: 30 24 13 31 18 19 4 17 48 34 38 49 35 8 5 32 21 20 16 23 14 47 40 44 7 1 3 25 42 33 50 9 2 27 10 36 12 15 37 28 45 11 43 29 6 22 26 46 39 41 
student 394: 34 25 13 31 18 19 5 17 49 26 35 45 33 7 4 36 20 27 15 24 12 46 41 40 10 1 2 21 44 28 48 9 3 30 11 38 14 16 39 29 47 8 42 32 6 22 23 50 43 37 
student 395: 28 31 11 33 20 16 7 19 50 30 32 49 34 10 1 36 21 26 15 18 17 45 37 41 4 2 6 23 44 35 47 8 3 25 13 38 12 14 39 27 46 9 42 29 5 24 22 48 40 43 
student 396: 29 27 13 34 20 17 1 15 43 31 37 42 35 8 5 38 21 28 16 24 12 47 40 41 7 2 4 22 46 32 45 9 3 26 11 33 14 18 36 25 49 10 48 30 6 23 19 50 39 44 
student 397: 30 25 11 34 19 17 6 16 50 31 37 44 35 8 3 36 20 28 13 24 14 47 38 42 4 5 1 23 45 32 48 12 2 27 9 33 15 18 39 26 46 10 43 29 7 21 22 49 40 41 
student 398: 28 23 15 32 13 19 10 16 46 31 34 44 33 6 5 35 20 24 17 21 11 48 39 42 4 1 3 29 49 36 47 8 2 26 9 37 14 18 38 27 43 12 45 30 7 22 25 50 41 40 
student 399: 28 25 12 36 20 18 11 16 49 35 33 44 31 3 5 34 21 26 15 22 9 47 40 42 2 1 4 24 48 29 45 6 7 27 13 37 14 10 39 32 46 17 43 30 8 19 23 50 38 41 
student 400: 32 24 18 31 20 19 5 16 48 30 35 47 36 4 2 38 21 23 17 15 11 49 39 42 9 3 1 25 44 33 43 7 6 27 12 34 14 13 37 28 45 10 46 29 8 22 26 50 40 41 
student 401: 27 25 11 29 18 19 3 17 45 34 42 46 37 9 6 33 20 32 15 21 10 47 36 43 7 4 2 22 44 31 49 12 1 26 8 35 16 13 39 28 48 14 40 30 5 24 23 50 38 41 
student 402: 27 24 10 32 19 14 12 20 48 34 33 44 37 8 3 40 18 28 16 21 9 47 36 43 6 2 1 22 45 30 46 7 4 26 11 35 15 17 39 31 49 13 42 29 5 23 25 50 38 41 
student 403: 27 24 10 33 18 19 5 17 46 31 34 45 36 15 4 38 21 25 11 22 12 43 39 40 6 1 2 26 49 29 48 8 3 28 13 37 16 14 35 30 47 9 44 32 7 20 23 50 42 41 
student 404: 29 26 12 34 14 19 7 18 48 32 30 50 37 5 4 35 22 31 17 25 13 46 41 42 8 1 2 23 40 27 49 9 3 28 10 38 16 15 36 24 47 11 44 33 6 20 21 45 39 43 
student 405: 30 25 12 29 18 19 9 17 50 31 37 44 33 2 5 36 21 32 16 22 13 49 41 43 7 1 4 24 46 34 48 11 3 27 10 35 14 15 39 28 45 8 38 26 6 20 23 47 40 42 
student 406: 33 28 14 34 20 19 4 16 47 32 31 42 38 10 2 36 26 27 18 21 11 46 37 40 5 1 8 22 45 30 50 12 3 25 7 35 13 15 41 24 49 9 44 29 6 17 23 48 39 43 
student 407: 33 23 12 35 16 20 6 15 49 32 42 48 30 7 3 36 21 25 17 24 13 46 34 43 5 1 4 27 44 29 50 9 2 26 10 38 18 14 40 31 45 11 41 28 8 19 22 47 37 39 
student 408: 30 26 12 29 18 20 5 17 45 28 36 46 33 7 3 40 22 19 15 24 14 48 37 42 6 2 1 25 44 32 47 8 4 27 11 39 13 16 34 31 49 10 43 35 9 23 21 50 38 41 
student 409: 26 18 12 32 22 17 4 20 48 33 34 46 38 7 3 31 21 27 16 28 14 45 37 43 8 1 2 23 42 35 49 9 5 25 10 39 13 15 36 29 47 11 44 30 6 19 24 50 40 41 
student 410: 30 25 16 29 13 14 6 17 49 32 44 39 33 7 3 36 18 26 19 22 21 45 38 42 8 1 2 24 46 34 48 9 4 31 10 35 11 15 41 28 50 12 37 27 5 20 23 47 43 40 
student 411: 30 25 15 31 21 19 2 12 48 32 36 45 33 13 8 35 20 27 14 18 6 46 37 43 4 3 1 24 41 34 50 9 5 28 10 38 16 17 39 26 47 11 44 29 7 22 23 49 40 42 
student 412: 28 22 10 33 15 20 4 19 50 31 35 40 34 3 7 36 21 29 14 24 11 45 43 42 12 1 2 26 48 32 46 6 5 25 8 37 16 17 38 27 47 13 39 30 9 18 23 49 44 41 
student 413: 27 25 11 33 20 18 8 16 50 30 40 41 36 9 1 34 22 23 17 24 14 48 38 45 6 2 4 21 46 32 49 7 3 28 10 35 15 13 37 29 43 12 44 31 5 19 26 47 42 39 
student 414: 28 27 12 31 17 18 5 15 47 33 36 44 37 6 4 30 22 24 19 20 13 46 43 42 7 1 2 26 45 32 49 10 3 34 9 41 14 16 38 25 48 11 39 29 8 21 23 50 35 40 
student 415: 28 27 7 32 20 19 5 17 47 30 34 43 36 11 3 35 22 29 18 23 15 44 37 42 10 4 1 25 45 33 50 6 2 24 9 38 12 14 40 31 46 8 49 26 13 16 21 48 39 41 
student 416: 27 20 13 32 16 18 6 14 49 31 37 41 34 8 5 36 22 28 17 21 11 50 35 45 7 2 1 24 43 33 47 9 4 25 10 38 19 15 39 29 46 12 40 30 3 26 23 48 42 44 
student 417: 25 27 12 31 15 19 8 16 48 30 34 43 33 6 2 42 20 36 17 23 18 44 37 46 3 1 4 22 47 32 49 7 5 24 10 38 13 14 35 29 45 11 41 28 9 21 26 50 40 39 
student 418: 32 25 10 37 21 14 5 19 46 28 30 43 33 8 3 36 16 27 17 23 13 48 39 42 9 2 1 20 47 35 49 11 4 26 12 34 15 18 38 29 44 7 45 31 6 22 24 50 41 40 
student 419: 32 23 11 36 14 16 8 18 49 34 30 44 35 4 5 31 20 25 17 21 15 46 42 41 7 3 1 27 45 33 47 9 2 26 10 37 19 13 38 28 48 12 43 29 6 24 22 50 40 39 
student 420: 26 29 15 30 23 20 5 18 48 31 37 46 33 9 11 36 17 25 16 21 12 47 38 43 4 2 1 24 44 32 49 10 7 27 6 35 13 14 39 28 45 8 41 34 3 19 22 50 42 40 
student 421: 30 28 11 31 20 18 4 16 50 32 37 43 34 9 6 33 23 25 13 21 12 40 39 36 3 5 1 24 46 35 49 7 2 26 10 38 15 17 41 29 48 14 45 27 8 19 22 47 44 42 
student 422: 28 24 9 32 19 21 5 18 48 31 43 46 35 7 1 36 20 29 16 26 15 41 40 47 8 2 4 22 45 33 49 10 3 27 11 34 12 14 38 23 44 13 39 30 6 17 25 50 37 42 
student 423: 31 21 13 32 18 19 4 15 47 26 36 45 34 10 6 35 20 30 5 22 14 49 38 43 7 2 1 25 44 33 50 9 3 28 12 37 16 17 40 29 48 8 46 27 11 23 24 39 41 42 
student 424: 31 22 13 32 19 20 6 16 48 33 30 46 36 4 3 38 17 28 14 26 15 47 40 43 8 1 2 21 44 34 49 10 5 25 12 35 9 18 37 27 45 11 42 29 7 23 24 50 39 41 
student 425: 30 20 14 31 18 19 1 17 46 29 35 43 33 9 6 39 22 27 16 21 15 47 37 44 5 2 3 24 45 34 49 11 4 28 10 36 12 13 38 26 48 8 41 32 7 23 25 50 42 40 
student 426: 30 26 11 31 17 21 2 15 48 28 37 44 36 5 1 32 22 33 14 18 12 43 45 41 8 4 3 25 46 35 49 9 7 23 10 38 16 20 40 27 47 13 42 34 6 19 24 50 29 39 
student 427: 31 23 17 34 10 15 6 18 42 29 36 48 32 7 2 40 16 26 21 19 14 49 35 43 9 1 5 24 45 33 44 8 4 30 11 38 25 12 37 27 47 13 46 28 3 20 22 50 39 41 
student 428: 32 24 11 31 15 19 7 22 48 25 36 41 33 8 5 38 14 28 18 23 16 45 39 43 3 1 2 26 47 34 49 9 4 27 10 35 13 20 40 30 46 12 44 29 6 17 21 50 42 37 
student 429: 30 24 7 29 20 18 4 16 46 33 36 49 35 10 6 37 21 27 17 22 13 44 39 40 5 1 3 23 45 34 50 8 2 25 11 31 14 15 42 28 48 12 43 32 9 19 26 47 41 38 
student 430: 29 25 12 33 24 17 7 19 48 31 35 46 34 10 4 36 14 27 15 22 13 43 39 42 8 3 5 21 44 32 49 9 1 20 6 37 16 18 40 26 45 11 47 30 2 28 23 50 38 41 
student 431: 31 27 13 32 19 16 8 17 48 29 35 44 33 6 4 40 23 30 12 21 14 46 38 37 5 1 3 24 45 34 49 11 2 25 9 36 15 18 39 26 47 10 41 28 7 20 22 50 42 43 
student 432: 29 23 12 36 17 20 7 18 49 31 33 44 37 6 3 35 19 26 16 21 13 48 41 43 8 4 1 24 46 32 47 5 2 28 9 39 14 15 34 27 45 11 42 30 10 25 22 50 40 38 
student 433: 25 26 10 33 20 13 5 17 47 31 36 41 32 9 1 37 18 27 19 24 12 48 39 42 7 2 4 21 44 35 50 6 3 28 8 34 14 15 38 29 49 16 45 30 11 22 23 46 40 43 
student 434: 29 24 9 31 19 20 5 15 49 32 36 42 34 10 3 37 21 26 16 25 17 46 30 41 8 1 4 22 44 35 50 7 2 27 13 38 12 14 39 28 47 11 45 33 6 23 18 48 40 43 
student 435: 26 21 16 30 20 18 5 19 48 36 32 44 34 6 1 37 25 27 17 22 12 47 38 43 8 2 3 24 46 33 49 9 4 28 10 35 13 15 40 29 41 11 45 31 7 14 23 50 39 42 
student 436: 33 23 16 28 17 20 4 19 47 32 36 46 34 8 3 35 18 27 15 22 12 48 41 43 7 1 2 24 44 31 45 9 5 26 10 38 13 14 37 30 49 11 42 29 6 21 25 50 39 40 
student 437: 29 24 10 33 22 18 5 13 48 31 32 43 35 9 4 40 20 27 17 21 15 47 36 44 6 2 1 26 45 34 49 8 3 25 11 39 16 14 42 28 50 12 38 30 7 19 23 46 37 41 
student 438: 30 26 10 34 19 22 6 16 49 28 35 46 37 8 7 36 17 27 18 20 14 47 40 43 5 1 2 21 45 32 48 12 3 25 13 31 15 11 38 29 42 9 44 33 4 24 23 50 41 39 
student 439: 26 25 12 35 14 22 3 19 46 33 37 44 34 7 6 32 18 27 16 23 13 45 36 41 5 1 2 24 48 30 47 9 4 31 11 38 15 17 39 28 50 10 43 29 8 20 21 49 40 42 
student 440: 30 27 11 31 20 16 5 14 47 29 42 45 32 10 4 37 22 25 19 17 12 46 39 41 6 1 3 23 40 34 49 7 2 24 13 35 15 18 36 28 48 8 44 33 9 21 26 50 38 43 
student 441: 33 26 11 28 16 22 4 18 47 30 36 44 34 9 3 37 19 27 17 21 10 46 39 40 6 5 1 25 49 31 48 12 2 24 7 35 14 15 41 32 42 13 45 29 8 20 23 50 38 43 
student 442: 30 27 12 32 19 17 3 16 47 34 33 46 29 6 8 36 23 28 18 22 14 49 40 37 10 5 1 24 44 35 50 7 2 26 9 38 13 15 39 25 45 11 43 31 4 21 20 48 41 42 
student 443: 28 27 12 30 18 19 5 17 48 33 32 46 35 9 1 36 20 31 16 22 13 45 40 39 7 2 3 24 47 34 49 8 4 25 10 37 15 14 38 29 42 11 44 26 6 21 23 50 41 43 
student 444: 31 30 13 28 21 20 14 17 47 39 34 45 32 8 6 36 22 25 19 23 16 46 38 44 4 2 1 26 48 33 49 7 5 24 9 35 12 11 37 27 40 10 41 29 3 18 15 50 42 43 
student 445: 30 26 17 33 13 20 10 12 49 27 35 44 32 16 5 38 25 29 15 18 19 48 39 37 7 4 3 24 45 34 47 6 2 21 11 36 8 14 40 28 46 9 41 31 1 22 23 50 43 42 
student 446: 29 20 9 37 21 12 5 16 46 33 32 42 26 8 3 39 22 25 17 19 15 40 44 36 6 4 1 27 47 35 48 10 2 30 11 41 14 18 34 31 49 13 45 28 7 23 24 50 43 38 
student 447: 30 22 11 33 20 17 2 18 49 32 43 41 35 6 3 36 21 26 16 19 14 48 38 39 7 1 4 27 44 28 45 10 8 24 12 42 13 15 34 31 47 9 46 29 5 25 23 50 37 40 
student 448: 29 26 12 33 19 14 6 16 46 31 32 41 35 4 2 38 21 17 20 23 15 45 37 43 9 1 3 25 47 34 49 7 5 28 10 40 18 13 39 27 48 11 44 30 8 22 24 50 36 42 
student 449: 29 25 15 31 19 24 7 18 50 28 35 44 32 5 4 37 16 27 17 22 14 47 40 41 6 1 2 21 45 34 48 11 3 26 10 36 12 13 38 30 46 9 43 33 8 20 23 49 39 42 
student 450: 32 25 12 35 18 19 5 17 49 29 30 44 31 9 1 37 22 28 16 21 14 46 34 43 8 2 3 24 45 36 48 11 6 26 7 42 13 15 38 27 47 10 40 33 4 20 23 50 39 41 
student 451: 32 20 14 33 15 18 5 21 48 30 35 44 36 10 1 37 22 29 16 25 12 46 38 41 6 2 3 26 45 31 50 7 4 28 8 34 13 17 40 27 47 11 42 23 9 19 24 49 39 43 
student 452: 24 28 12 32 17 21 3 18 50 30 38 39 36 7 4 35 19 26 14 20 11 45 41 37 5 1 9 25 47 33 48 10 2 27 8 34 15 16 40 29 46 13 43 31 6 23 22 49 44 42 
student 453: 28 25 10 32 16 23 4 13 44 29 36 43 34 6 14 37 17 26 20 21 12 47 38 45 5 1 3 19 46 33 49 9 2 31 11 35 18 15 39 27 48 7 41 30 8 22 24 50 40 42 
student 454: 29 26 13 34 17 22 6 15 46 30 38 44 36 8 3 43 24 27 18 21 11 47 33 37 7 1 2 25 42 32 50 12 4 20 16 35 10 14 39 28 48 9 45 31 5 19 23 49 40 41 
student 455: 29 23 8 39 15 20 9 18 49 32 35 45 33 7 4 34 26 24 17 21 12 46 38 43 5 1 2 25 44 31 48 11 6 28 10 37 16 14 36 27 47 13 40 30 3 19 22 50 41 42 
student 456: 30 17 11 33 19 20 6 14 47 27 35 44 34 4 3 38 22 29 18 25 13 46 36 43 8 1 2 24 41 31 48 9 5 28 10 37 16 15 39 26 49 12 45 32 7 21 23 50 42 40 
student 457: 31 26 11 29 15 18 3 17 50 32 39 44 36 8 6 38 19 28 16 23 12 45 35 43 5 4 2 24 48 33 47 10 1 27 9 34 20 14 40 25 46 13 37 30 7 21 22 49 41 42 
student 458: 27 23 12 26 24 19 4 16 48 32 34 44 35 9 2 37 20 30 18 21 11 46 39 36 6 1 3 25 45 33 49 8 5 28 13 38 15 17 41 29 47 10 43 31 7 14 22 50 40 42 
student 459: 30 24 11 26 21 15 6 18 46 35 33 42 36 7 1 39 20 27 17 22 14 43 37 44 4 2 3 23 45 32 49 8 5 28 12 38 13 16 41 29 47 10 48 31 9 19 25 50 40 34 
student 460: 27 32 14 33 24 22 11 18 50 29 38 48 30 8 4 37 16 25 15 20 13 47 39 44 7 2 1 21 45 34 49 5 3 23 9 35 17 12 36 26 41 10 43 31 6 19 28 46 40 42 
student 461: 29 25 15 31 19 17 4 20 49 38 33 43 35 8 1 34 18 28 16 21 10 45 37 39 7 2 3 24 48 32 47 11 6 26 9 36 14 13 41 27 46 12 40 30 5 22 23 50 44 42 
student 462: 30 25 12 32 20 17 7 15 48 31 34 42 36 10 3 35 21 27 18 19 13 45 38 41 8 4 2 28 44 33 49 9 1 23 6 37 14 16 40 26 47 11 46 29 5 24 22 50 39 43 
student 463: 29 23 13 31 18 19 4 17 46 30 35 49 33 11 6 37 20 27 16 22 12 48 38 42 5 1 2 25 43 36 47 9 3 26 8 32 14 15 41 28 50 10 44 34 7 24 21 45 39 40 
student 464: 29 26 10 33 18 19 3 17 49 31 34 40 35 5 6 36 20 27 16 23 14 45 42 47 7 1 2 21 46 32 50 9 4 25 8 38 15 13 43 28 39 12 44 30 11 22 24 48 37 41 
student 465: 28 23 12 30 18 20 5 17 46 32 33 45 35 7 3 41 19 26 15 22 14 48 38 42 6 1 2 25 43 34 50 11 4 27 9 36 16 13 37 31 49 10 44 29 8 21 24 47 39 40 
student 466: 30 27 12 26 20 22 5 14 48 31 35 40 32 8 4 39 24 29 17 21 13 43 36 45 7 2 3 25 41 33 49 10 6 23 9 37 15 16 44 34 47 11 46 28 1 18 19 50 38 42 
student 467: 35 25 10 32 19 18 6 16 49 27 33 46 37 11 2 36 20 29 15 26 12 47 38 43 7 3 1 24 45 30 48 5 4 23 13 34 9 17 39 28 44 14 41 31 8 22 21 50 42 40 
student 468: 35 27 12 31 18 13 4 23 47 34 36 44 32 9 3 39 15 25 19 24 17 48 30 43 5 6 2 22 46 37 45 7 1 26 10 33 14 16 41 28 49 11 42 29 8 20 21 50 40 38 
student 469: 28 26 8 32 18 22 7 15 48 31 35 42 33 6 9 39 23 24 16 17 14 45 44 41 5 1 4 25 47 34 49 11 3 27 13 36 12 20 38 29 46 10 43 30 2 19 21 50 40 37 
student 470: 30 26 12 31 16 17 5 22 47 34 33 44 37 9 2 39 19 29 8 21 14 46 38 36 7 1 3 23 45 32 48 11 4 25 10 35 15 18 40 28 49 13 43 27 6 20 24 50 42 41 
student 471: 30 28 8 31 17 21 4 16 47 34 37 46 35 11 6 33 20 25 13 19 9 49 39 44 5 2 1 26 43 32 50 15 3 24 14 38 10 18 36 27 45 7 42 29 12 22 23 48 40 41 
student 472: 31 25 13 32 20 18 6 16 45 28 35 42 36 4 3 39 21 30 17 23 11 47 40 50 7 1 2 24 44 34 49 8 5 27 14 33 15 12 37 26 46 10 38 29 9 19 22 48 41 43 
student 473: 27 25 13 31 17 18 3 15 49 33 35 46 34 1 7 37 21 30 20 23 11 44 36 40 2 4 5 19 41 32 48 10 6 29 9 38 16 14 42 26 47 12 45 28 8 22 24 50 39 43 
student 474: 29 26 13 33 18 21 10 17 45 30 36 48 34 7 8 39 20 27 14 22 12 43 37 41 4 2 1 23 46 32 49 11 3 25 9 35 16 15 40 28 47 6 44 31 5 19 24 50 42 38 
student 475: 29 27 11 36 21 19 8 18 50 32 33 43 41 9 5 38 17 26 16 22 14 46 35 45 6 4 3 23 44 34 47 7 1 25 10 37 13 15 31 28 48 12 42 30 2 20 24 49 39 40 
student 476: 27 26 11 29 18 20 5 15 47 34 33 42 32 16 4 38 22 24 17 19 6 48 39 44 7 3 1 25 45 35 50 8 2 31 13 36 12 14 43 28 46 10 40 30 9 21 23 49 41 37 
student 477: 28 24 11 33 18 15 4 21 49 29 32 45 35 6 7 36 25 27 19 23 16 47 38 42 8 1 3 17 43 34 50 9 2 26 14 37 13 12 39 30 46 10 44 31 5 20 22 48 40 41 
student 478: 29 23 10 35 15 20 5 21 46 34 33 48 28 7 3 42 18 30 17 19 14 45 38 39 8 1 4 25 47 32 49 12 2 27 13 36 11 16 37 26 43 6 44 31 9 22 24 50 40 41 
student 479: 27 29 16 31 17 20 4 14 50 35 38 45 34 10 5 36 21 22 15 19 13 47 37 44 7 2 1 28 46 33 43 8 6 25 9 32 11 18 39 26 48 12 42 30 3 23 24 49 40 41 
student 480: 26 25 13 34 17 18 3 16 50 29 31 42 36 8 5 38 21 27 14 23 10 45 41 43 9 2 4 24 46 33 49 11 1 28 7 35 12 19 37 30 47 15 40 32 6 20 22 48 39 44 
student 481: 30 23 13 34 17 20 3 18 47 31 35 44 33 8 7 36 22 26 16 21 12 50 39 41 6 1 4 25 45 32 48 9 2 27 10 38 14 15 37 28 42 11 46 29 5 19 24 49 43 40 
student 482: 29 25 17 26 12 20 6 16 45 31 32 42 36 8 5 37 19 27 18 21 10 44 38 40 2 3 1 23 43 34 49 9 4 22 11 35 13 15 41 33 46 14 48 30 7 28 24 50 39 47 
student 483: 29 25 12 31 23 16 7 17 47 34 38 49 33 9 1 35 18 26 14 20 19 46 39 44 6 8 2 24 45 32 48 10 3 27 11 36 13 15 37 28 43 5 40 30 4 21 22 50 41 42 
student 484: 31 21 11 30 20 19 3 16 49 32 34 45 38 12 6 36 22 26 15 28 9 48 40 43 7 2 4 24 44 29 50 8 5 25 10 35 13 17 37 27 46 14 39 33 1 18 23 47 42 41 
student 485: 28 24 10 33 20 18 6 17 46 30 35 45 31 11 2 36 19 29 15 22 8 49 37 41 7 1 3 25 43 32 48 13 5 26 9 38 16 14 39 27 47 12 44 34 4 21 23 50 40 42 
student 486: 28 27 12 29 20 21 2 17 49 32 33 44 36 10 3 34 18 26 16 30 7 47 39 41 6 8 1 24 43 35 46 4 5 22 9 38 15 14 37 25 48 13 45 31 11 19 23 50 40 42 
student 487: 32 26 11 27 18 19 3 16 49 25 29 40 38 8 2 41 21 28 15 22 12 46 36 44 6 1 4 24 48 34 45 10 7 31 9 35 17 14 39 30 47 13 43 33 5 20 23 50 37 42 
student 488: 32 22 10 30 17 20 4 15 45 29 35 43 34 7 6 41 18 28 14 21 12 48 39 47 8 1 5 25 46 33 49 9 3 26 13 37 11 24 38 27 44 16 42 31 2 19 23 50 36 40 
student 489: 30 27 7 32 15 16 4 17 49 31 36 44 34 6 10 37 21 25 12 22 14 47 39 41 3 1 5 20 45 33 48 8 9 23 11 35 24 19 38 28 46 13 42 29 2 18 26 50 40 43 
student 490: 29 25 15 35 18 17 7 13 46 30 32 45 33 11 5 36 21 26 19 22 14 43 38 42 9 4 1 24 44 34 49 6 3 28 8 40 16 10 37 27 48 12 47 31 2 20 23 50 41 39 
student 491: 27 23 8 31 17 21 4 22 48 28 34 43 36 10 2 38 24 26 19 18 12 45 37 44 11 1 5 20 42 32 46 7 3 25 14 35 13 9 41 30 50 16 47 33 6 15 29 49 40 39 
student 492: 26 25 12 32 16 20 3 18 50 27 33 44 35 9 2 38 21 28 14 22 13 45 37 43 8 6 1 23 48 36 46 7 4 29 10 34 17 15 39 31 47 11 40 30 5 19 24 49 41 42 
student 493: 32 25 13 31 19 21 3 17 48 30 40 43 33 11 4 35 22 28 18 24 15 47 37 42 6 7 1 23 45 36 46 8 2 26 9 34 16 14 41 27 49 10 44 29 5 20 12 50 38 39 
student 494: 28 24 9 34 18 20 5 19 50 35 36 45 30 8 2 38 11 29 16 27 15 48 37 44 7 1 4 23 40 31 49 10 3 26 13 32 12 17 42 21 47 14 43 33 6 22 25 46 39 41 
student 495: 27 29 12 31 17 19 6 18 47 30 35 41 33 7 2 38 20 24 16 22 14 48 37 44 10 1 3 23 46 36 49 5 4 32 8 34 13 15 40 28 50 11 45 26 9 21 25 43 39 42 
student 496: 29 26 15 33 18 17 5 20 50 34 39 45 32 13 6 36 25 27 16 21 8 46 37 41 2 3 1 24 44 30 47 10 4 23 11 35 14 9 38 28 49 12 43 31 7 22 19 48 40 42 
student 497: 30 27 14 31 21 17 5 15 46 34 40 44 32 9 4 33 20 25 18 19 12 49 38 41 8 1 2 23 43 35 48 7 3 26 10 37 13 16 42 28 45 11 47 29 6 22 24 50 36 39 
student 498: 31 23 18 30 19 20 7 17 49 34 35 43 38 8 4 36 16 27 13 21 10 42 40 44 6 1 2 26 45 32 48 9 3 25 12 33 14 15 37 28 47 11 46 29 5 22 24 50 39 41 
student 499: 32 25 11 31 22 15 5 16 49 29 35 38 34 9 8 36 18 28 17 26 13 44 42 43 6 1 2 27 46 33 45 10 4 23 7 37 19 14 39 24 50 12 41 30 3 20 21 47 48 40 
