student 0: 33 21 4 29 43 46 22 8 9 2 39 19 12 13 37 41 42 32 50 3 7 18 20 49 26 25 6 44 47 14 5 16 34 35 30 27 24 36 10 23 38 11 15 45 40 48 28 1 17 31 
student 1: 34 18 4 25 43 48 23 7 13 5 39 24 9 14 29 41 42 31 50 3 10 19 17 46 22 21 1 44 49 6 8 12 35 36 32 28 27 38 16 26 37 11 15 45 40 47 33 2 20 30 
student 2: 31 15 2 28 42 44 23 6 8 7 37 20 12 11 33 45 39 29 48 1 9 16 21 47 26 24 4 46 50 13 3 17 34 38 27 25 32 36 14 22 41 10 18 43 40 49 35 5 19 30 
student 3: 34 15 3 23 44 46 24 7 9 5 37 20 6 16 32 41 42 31 50 4 11 27 19 49 21 18 1 43 48 10 8 13 35 33 30 29 26 40 17 25 38 12 14 45 39 47 36 2 22 28 
student 4: 26 17 3 30 44 45 24 6 9 5 38 21 10 11 33 39 40 31 50 7 12 19 18 48 28 22 4 47 46 8 1 14 35 41 34 29 23 42 15 27 36 13 16 43 37 49 32 2 20 25 
student 5: 33 13 4 29 42 44 24 6 15 5 39 21 12 16 32 40 41 28 47 2 9 22 17 49 19 23 3 45 48 8 7 11 35 34 30 27 26 37 18 25 38 14 10 46 43 50 36 1 20 31 
student 6: 34 15 2 27 45 48 19 10 5 7 40 25 11 12 32 39 42 31 47 4 9 17 28 44 21 23 3 46 50 8 6 16 36 38 30 29 22 35 20 18 37 13 14 41 43 49 33 1 24 26 
student 7: 33 17 4 29 43 46 23 9 8 5 39 24 13 14 32 41 49 28 47 3 10 19 15 48 21 20 6 44 45 7 1 16 35 36 31 26 27 37 11 25 38 12 18 42 40 50 34 2 22 30 
student 8: 35 12 10 31 44 48 25 6 8 4 32 24 9 13 28 42 43 30 49 3 15 20 16 47 23 22 1 39 46 7 5 17 41 36 34 27 26 38 14 19 37 11 21 45 40 50 33 2 18 29 
student 9: 35 15 4 28 41 49 23 11 10 3 40 22 12 14 33 44 43 30 47 2 9 16 17 45 27 24 5 46 48 7 6 8 37 32 31 21 26 38 18 29 34 13 19 39 42 50 36 1 20 25 
student 10: 36 18 6 27 44 45 23 10 8 9 40 22 5 15 32 42 43 31 49 3 12 16 19 50 24 21 2 46 35 11 4 14 38 34 30 26 25 39 7 28 37 13 17 48 41 47 33 1 20 29 
student 11: 34 15 4 29 44 48 28 9 10 5 40 25 7 11 38 42 39 27 50 2 13 19 16 49 22 20 3 46 43 6 8 14 32 36 31 23 30 37 18 24 35 12 21 47 41 45 33 1 17 26 
student 12: 34 16 3 29 43 50 26 8 7 1 39 21 10 13 32 41 47 30 49 2 6 19 14 44 25 22 9 42 46 11 4 15 37 36 31 28 23 38 20 24 35 12 17 45 40 48 33 5 18 27 
student 13: 30 15 5 29 42 45 23 8 11 6 41 24 7 14 33 44 39 20 50 3 12 21 19 48 25 22 1 46 47 9 4 10 36 35 32 28 27 40 16 26 37 13 17 43 38 49 34 2 18 31 
student 14: 32 22 6 31 43 45 23 7 9 5 39 17 8 16 36 40 41 29 50 2 13 18 15 46 24 21 3 44 47 10 4 14 34 37 30 28 27 38 19 25 35 12 11 49 42 48 33 1 20 26 
student 15: 30 11 5 26 36 47 24 8 10 2 41 23 14 13 28 42 35 34 48 3 12 22 18 49 21 20 6 44 46 7 4 15 37 38 29 27 31 43 19 17 39 9 16 45 40 50 33 1 25 32 
student 16: 42 16 2 27 41 45 30 5 9 6 35 22 11 13 32 37 40 26 48 1 15 19 18 47 23 20 3 44 46 8 7 10 28 38 29 24 34 43 14 25 36 12 17 50 39 49 33 4 21 31 
student 17: 34 18 3 27 46 44 25 7 9 4 39 17 10 13 31 38 43 33 49 5 14 19 20 48 22 28 2 42 45 8 6 11 32 36 29 24 30 41 15 23 37 12 16 47 40 50 35 1 21 26 
student 18: 34 16 2 31 42 46 26 7 8 3 38 20 9 15 33 41 43 27 49 5 12 19 18 50 21 25 6 44 48 10 4 13 32 35 24 30 29 37 14 23 36 11 17 45 39 47 40 1 22 28 
student 19: 31 18 2 29 40 47 27 6 10 5 36 24 8 12 32 39 43 26 49 3 11 17 20 48 22 21 4 45 44 9 7 14 35 37 33 28 25 38 16 23 42 13 15 46 41 50 34 1 19 30 
student 20: 27 16 1 31 45 46 28 6 7 5 39 18 8 12 33 42 43 30 49 2 13 20 19 50 23 25 3 44 48 10 9 15 35 36 32 26 24 38 17 21 37 11 14 40 41 47 34 4 22 29 
student 21: 30 17 3 26 41 42 27 6 10 4 39 20 9 14 33 43 46 29 50 1 13 19 18 48 24 21 2 47 45 5 8 16 36 34 28 32 25 37 12 22 38 11 15 44 40 49 35 7 23 31 
student 22: 35 18 2 29 41 45 24 10 13 4 40 23 5 12 31 42 49 30 47 1 11 19 17 46 21 22 7 44 50 8 6 14 37 27 32 25 33 36 15 28 38 9 16 43 39 48 34 3 20 26 
student 23: 35 15 3 25 45 47 28 8 5 4 39 23 11 18 31 40 41 26 50 2 12 17 22 48 24 19 10 42 43 9 7 13 33 37 32 21 30 38 14 27 36 6 16 46 44 49 34 1 20 29 
student 24: 32 18 2 28 43 46 27 7 9 4 41 19 11 10 34 40 42 26 48 3 22 20 23 50 17 24 5 47 45 8 6 15 35 36 31 30 21 38 16 25 37 14 13 44 39 49 33 1 12 29 
student 25: 33 15 3 31 40 49 28 9 10 5 39 26 14 11 29 41 42 32 47 2 8 19 17 46 23 20 4 43 50 6 7 13 35 36 30 24 25 38 16 22 37 12 18 45 44 48 34 1 21 27 
student 26: 36 17 1 26 42 47 24 6 10 3 39 12 11 14 34 41 45 30 49 4 16 21 15 48 27 20 5 43 44 8 7 23 35 37 31 29 25 38 18 19 33 9 13 46 40 50 32 2 22 28 
student 27: 36 16 3 28 43 46 27 5 9 8 40 22 12 13 32 42 45 30 50 2 11 18 15 44 23 21 6 41 49 7 4 10 33 29 31 26 25 38 17 24 34 14 19 47 39 48 37 1 20 35 
student 28: 35 17 2 28 44 48 25 10 7 5 41 21 12 9 32 40 39 31 50 3 11 19 18 47 23 22 1 43 46 8 4 14 33 34 29 27 26 37 15 24 36 13 16 45 42 49 38 6 20 30 
student 29: 35 18 4 26 39 48 23 11 8 1 38 22 3 10 34 41 43 31 49 2 13 19 17 46 21 24 9 44 47 6 7 12 32 36 29 27 25 37 15 30 40 14 16 45 42 50 28 5 20 33 
student 30: 29 21 4 26 42 46 24 7 9 6 39 23 10 14 32 41 43 31 50 2 11 15 18 49 20 19 3 45 48 8 5 13 35 36 34 28 25 37 16 27 38 12 17 44 40 47 33 1 22 30 
student 31: 37 15 4 26 44 45 24 8 9 2 43 22 11 10 33 41 35 31 47 6 20 17 18 49 23 16 5 42 46 7 3 12 39 34 30 27 28 38 14 25 40 13 19 48 36 50 32 1 21 29 
student 32: 34 20 4 29 44 40 25 8 10 3 38 21 11 15 33 42 39 26 49 2 9 19 18 48 22 23 6 43 47 5 7 13 35 37 31 28 24 41 14 27 36 12 16 46 45 50 32 1 17 30 
student 33: 33 17 2 31 41 47 25 8 10 7 39 24 9 14 30 38 43 28 49 6 16 19 18 46 21 23 3 44 48 4 5 12 37 40 32 29 22 35 13 27 34 11 15 45 42 50 36 1 20 26 
student 34: 30 17 5 34 44 45 23 8 7 4 40 25 9 13 29 42 43 31 47 2 10 18 20 48 22 21 3 46 49 11 6 15 33 36 35 26 27 38 14 24 39 12 16 41 37 50 32 1 19 28 
student 35: 36 19 6 24 41 45 22 12 7 4 37 26 9 14 31 43 44 29 49 1 10 18 20 46 21 25 5 40 48 8 3 11 33 35 30 32 28 39 16 23 38 15 13 47 42 50 34 2 17 27 
student 36: 32 16 8 27 43 46 26 6 9 4 38 21 10 12 35 39 42 29 48 1 11 20 17 49 22 19 3 44 47 7 5 14 37 36 30 31 25 40 18 23 34 13 15 45 41 50 33 2 24 28 
student 37: 31 15 4 29 45 46 27 7 13 6 41 25 14 11 35 42 40 26 49 5 8 20 18 47 21 22 3 43 48 9 2 12 38 32 33 23 28 37 16 24 36 10 17 44 39 50 34 1 19 30 
student 38: 32 18 1 23 45 47 24 10 8 7 38 22 11 16 30 40 42 31 49 3 12 20 19 41 21 25 4 44 48 6 5 17 35 36 33 26 27 43 14 28 37 9 15 46 39 50 34 2 13 29 
student 39: 32 16 3 29 41 42 26 5 11 2 39 21 9 10 31 43 46 34 49 4 8 19 18 48 22 23 7 47 44 12 6 15 36 38 30 25 28 37 14 24 35 13 17 45 40 50 33 1 20 27 
student 40: 32 16 1 27 43 48 25 10 7 4 38 21 11 13 31 41 42 30 47 2 12 19 20 45 23 22 8 44 49 5 3 14 36 34 28 26 24 37 15 29 39 9 17 46 40 50 33 6 18 35 
student 41: 30 16 4 29 44 42 24 9 7 6 43 21 10 13 31 39 41 28 47 3 11 19 15 50 23 20 1 48 45 5 8 17 34 37 32 27 25 38 12 26 36 14 18 46 40 49 35 2 22 33 
student 42: 36 18 4 28 43 46 24 10 9 5 40 21 12 13 33 38 42 29 50 2 8 19 17 44 22 23 7 45 48 6 3 16 35 34 31 27 25 39 14 26 37 11 15 47 41 49 30 1 20 32 
student 43: 38 18 3 24 40 46 21 6 7 8 44 26 11 15 31 39 41 30 49 2 14 22 12 48 23 20 5 43 47 10 4 9 37 34 32 28 27 35 17 25 36 13 16 45 42 50 33 1 19 29 
student 44: 33 22 3 28 45 43 24 6 9 5 39 23 10 14 31 38 41 36 49 7 11 18 17 46 20 19 4 44 48 8 2 13 35 34 30 25 27 37 15 26 47 12 16 42 40 50 32 1 21 29 
student 45: 32 18 3 36 45 41 25 6 7 8 38 24 10 12 34 40 42 28 49 4 13 17 20 48 23 22 2 44 47 9 5 15 29 33 31 27 21 35 14 26 39 11 16 46 43 50 37 1 19 30 
student 46: 34 14 4 27 46 42 26 8 9 3 33 28 10 19 32 39 40 29 50 2 11 24 13 48 22 21 5 45 47 6 7 15 35 37 31 23 25 41 17 20 36 12 16 44 43 49 38 1 18 30 
student 47: 32 16 3 25 47 48 23 12 7 5 39 21 10 14 27 40 42 30 46 2 9 17 18 49 22 20 4 45 44 8 6 13 33 34 31 29 28 37 15 24 36 11 19 43 38 50 35 1 26 41 
student 48: 32 15 6 29 43 45 20 7 5 4 36 23 8 11 31 37 38 30 49 3 12 18 22 48 26 19 1 46 47 13 10 9 35 39 28 24 33 41 21 25 40 14 16 44 42 50 34 2 17 27 
student 49: 31 19 4 32 44 47 26 6 8 2 40 21 12 14 29 41 46 30 43 3 13 20 17 49 22 18 5 45 48 9 7 10 35 38 34 27 23 37 15 25 36 11 16 42 39 50 33 1 24 28 
student 50: 34 15 3 29 36 44 19 4 9 1 38 25 11 13 33 40 43 31 49 5 12 23 16 48 22 21 6 42 47 7 2 14 39 28 32 24 26 37 17 27 41 10 20 46 45 50 35 8 18 30 
student 51: 29 18 3 25 42 47 23 10 9 4 39 26 7 17 35 41 43 30 49 2 11 20 16 48 22 19 5 45 46 6 8 14 31 37 33 27 24 38 13 28 36 12 15 44 40 50 34 1 21 32 
student 52: 33 19 2 30 45 46 22 7 10 6 39 25 13 15 32 42 48 31 43 4 9 24 18 47 21 16 3 40 50 5 8 14 34 35 29 28 27 38 17 26 36 11 12 44 41 49 37 1 20 23 
student 53: 28 19 4 27 41 44 26 11 9 3 37 21 8 14 32 39 46 34 49 1 10 18 22 47 23 15 5 40 48 7 6 13 36 45 29 30 20 42 16 25 38 12 17 43 35 50 33 2 24 31 
student 54: 33 18 3 28 44 45 24 8 6 4 39 22 15 12 32 40 42 30 48 2 5 19 17 47 23 21 7 43 49 11 9 13 34 35 27 26 25 38 14 29 37 10 16 46 41 50 36 1 20 31 
student 55: 28 18 2 32 43 48 23 3 7 6 37 21 10 13 34 44 42 30 50 9 12 16 14 47 20 24 5 45 46 8 4 17 35 36 26 27 29 39 15 31 41 11 19 40 38 49 33 1 22 25 
student 56: 33 17 4 29 41 46 28 1 9 8 37 23 10 11 32 39 43 25 49 2 13 21 18 48 20 22 5 45 47 7 6 16 35 36 31 27 30 38 14 24 42 12 15 44 40 50 34 3 19 26 
student 57: 38 17 1 29 44 47 22 9 10 5 43 21 8 15 31 42 39 30 48 2 14 18 12 49 28 19 4 45 40 6 7 23 32 33 34 26 25 36 16 24 41 13 11 46 37 50 35 3 20 27 
student 58: 34 17 4 32 40 46 18 3 12 1 39 23 15 11 31 38 43 28 49 2 9 20 19 45 24 22 5 44 47 8 7 13 33 35 29 27 25 41 14 30 37 10 16 48 42 50 36 6 21 26 
student 59: 32 18 1 28 39 45 25 8 9 5 38 15 7 17 35 41 44 30 50 2 11 19 20 49 22 21 4 43 47 10 6 13 34 36 27 26 29 42 16 24 37 12 14 46 40 48 33 3 23 31 
student 60: 29 11 3 32 42 49 25 5 7 10 40 23 12 13 30 41 43 33 48 1 15 20 18 47 22 19 4 45 46 8 6 14 34 35 31 27 26 39 17 24 38 9 16 44 37 50 36 2 21 28 
student 61: 37 19 2 29 44 45 26 11 9 5 41 22 10 12 32 40 43 31 48 4 7 16 15 50 20 23 3 42 49 8 6 17 34 35 30 25 27 39 14 24 36 13 21 46 38 47 33 1 18 28 
student 62: 32 14 1 29 41 46 25 9 11 2 43 26 8 10 34 35 39 30 49 4 13 19 17 45 21 22 6 44 48 7 5 18 40 38 31 27 24 37 16 23 42 15 12 47 36 50 33 3 20 28 
student 63: 31 16 5 30 47 48 24 10 9 6 37 23 13 12 32 41 42 33 50 2 7 18 19 49 22 21 1 43 44 8 4 14 34 39 35 28 26 36 17 25 38 11 15 45 40 46 29 3 20 27 
student 64: 34 20 1 29 44 45 26 8 9 5 40 21 10 14 32 41 43 27 49 4 12 18 17 50 22 23 3 42 46 7 2 13 33 35 30 24 28 38 16 25 37 11 15 47 39 48 36 6 19 31 
student 65: 28 16 1 27 43 49 20 8 9 7 40 25 13 12 34 39 42 31 48 3 18 22 19 46 26 23 4 44 45 6 5 14 37 36 33 21 30 38 10 24 35 11 15 47 41 50 32 2 17 29 
student 66: 36 17 2 28 39 42 22 6 11 4 35 23 12 9 33 48 46 30 43 3 14 18 20 49 24 21 7 47 50 10 5 8 40 37 31 25 27 32 15 26 34 13 16 41 44 45 38 1 19 29 
student 67: 31 20 3 28 35 47 21 7 9 4 39 22 10 13 32 43 45 34 49 2 11 18 17 50 19 24 5 46 41 8 6 14 36 37 30 26 27 42 16 25 33 12 15 48 40 44 38 1 23 29 
student 68: 30 17 4 31 43 46 22 7 6 3 42 23 13 10 32 41 44 33 50 1 12 19 18 48 25 21 5 38 47 8 9 15 34 37 28 29 26 36 11 24 40 14 16 45 39 49 35 2 20 27 
student 69: 31 17 6 29 41 49 22 4 8 7 40 27 13 14 28 39 43 30 48 2 11 16 18 46 21 23 1 44 50 9 5 19 34 35 38 26 24 37 12 25 36 10 15 45 42 47 32 3 20 33 
student 70: 34 17 2 29 44 46 23 4 10 3 35 24 11 13 31 40 42 30 49 9 8 19 21 47 20 22 7 48 45 6 5 14 36 37 32 27 25 41 15 26 39 12 16 43 38 50 33 1 18 28 
student 71: 32 16 2 27 47 46 25 7 8 6 40 24 10 11 34 43 42 29 49 1 13 21 17 48 18 19 5 45 44 9 4 14 37 39 31 26 28 41 15 23 36 12 20 38 35 50 33 3 22 30 
student 72: 34 22 2 26 44 47 28 6 12 7 42 20 9 14 32 39 41 27 48 1 10 16 17 50 24 19 4 43 45 8 5 11 36 35 30 31 23 38 15 25 37 13 21 46 40 49 33 3 18 29 
student 73: 34 19 2 29 42 48 26 8 11 7 39 21 14 6 32 40 43 30 50 3 12 16 18 46 23 22 5 45 49 9 4 17 35 36 31 27 25 38 13 24 37 10 15 44 41 47 33 1 20 28 
student 74: 37 17 1 29 43 46 25 6 10 7 38 20 11 13 30 42 41 27 47 3 12 23 18 45 24 19 4 49 50 8 5 15 36 33 39 26 21 34 14 28 35 9 16 44 40 48 32 2 22 31 
student 75: 28 12 4 30 42 46 22 7 13 5 35 26 10 14 33 41 40 32 49 2 9 19 15 50 23 16 3 48 45 8 6 17 34 37 29 31 25 39 18 24 38 11 20 44 43 47 36 1 21 27 
student 76: 32 18 1 28 47 44 25 6 15 3 33 22 4 11 30 38 43 31 49 5 16 17 20 46 23 21 9 45 48 12 7 8 39 36 35 27 26 40 10 24 41 14 13 42 37 50 34 2 19 29 
student 77: 39 22 3 26 47 46 24 10 9 6 40 21 7 12 30 41 45 28 48 2 13 14 23 49 29 20 5 44 43 8 4 16 32 37 33 31 27 38 19 15 34 11 17 42 35 50 36 1 18 25 
student 78: 34 18 3 28 39 48 24 6 9 5 38 23 12 10 30 42 40 32 49 1 11 19 15 50 22 20 4 45 46 8 7 16 36 33 29 27 26 37 14 25 35 13 17 44 43 47 41 2 21 31 
student 79: 33 17 3 30 43 47 25 5 7 4 37 22 9 12 32 38 41 29 49 2 10 18 13 48 21 20 6 46 44 15 8 11 34 35 31 28 26 39 14 24 36 16 19 45 42 50 40 1 23 27 
student 80: 33 18 7 30 44 47 21 9 12 1 40 23 11 14 26 37 41 31 49 4 5 17 20 48 28 19 6 42 46 10 3 15 32 39 34 27 25 38 8 24 36 13 16 45 43 50 35 2 22 29 
student 81: 34 16 3 28 42 47 24 5 9 1 38 23 11 13 29 45 41 31 50 2 12 18 20 46 22 21 8 44 48 7 6 14 32 37 33 27 26 36 15 25 39 10 17 43 40 49 35 4 19 30 
student 82: 37 15 5 23 42 46 26 3 10 6 44 21 8 12 34 32 41 30 49 2 11 19 16 43 24 20 4 45 50 9 7 14 29 36 33 31 25 39 18 28 38 13 17 47 40 48 35 1 22 27 
student 83: 34 17 3 30 43 46 24 4 9 5 44 22 8 13 32 35 42 27 49 2 11 19 18 48 23 20 6 41 47 7 10 15 33 38 31 29 25 39 14 26 37 12 16 45 36 50 40 1 21 28 
student 84: 36 18 4 26 42 47 24 7 8 3 38 22 10 11 25 41 43 29 46 1 13 16 17 48 23 19 5 45 44 9 6 15 34 37 33 32 31 40 21 27 35 12 14 49 39 50 30 2 20 28 
student 85: 36 17 3 29 46 45 23 9 11 4 41 22 8 14 32 43 42 30 47 5 12 19 21 48 25 15 2 40 49 7 6 13 34 37 31 26 28 39 16 24 35 10 18 44 38 50 33 1 20 27 
student 86: 32 16 7 28 41 50 23 2 6 3 37 26 10 13 31 44 42 29 46 1 11 18 20 45 24 19 5 47 43 9 8 15 33 34 30 27 25 39 14 22 36 12 17 48 40 49 35 4 21 38 
student 87: 29 12 2 28 43 45 23 9 7 6 35 19 11 16 30 39 42 32 50 3 14 22 18 46 21 24 5 44 47 8 4 13 38 33 36 26 27 37 17 25 40 10 15 49 41 48 31 1 20 34 
student 88: 27 17 2 25 50 47 24 7 10 3 39 32 8 14 29 41 40 28 46 1 11 19 18 49 23 20 6 43 48 9 5 12 30 35 33 26 31 42 15 22 36 13 16 44 37 45 38 4 21 34 
student 89: 34 14 1 29 43 46 20 11 8 4 42 24 10 18 33 39 41 27 48 3 9 21 16 50 23 22 5 45 47 7 6 12 35 37 28 26 31 40 13 25 36 15 17 44 38 49 30 2 19 32 
student 90: 34 16 2 29 40 45 23 3 4 6 39 21 8 15 30 47 42 28 49 5 9 17 13 48 24 27 7 44 46 10 14 18 36 35 33 26 25 41 19 22 37 11 12 43 38 50 32 1 20 31 
student 91: 32 17 5 30 41 46 25 11 10 6 43 23 9 18 33 40 37 24 50 4 16 15 19 48 26 22 1 45 44 7 3 13 35 38 29 21 28 36 8 27 42 12 14 47 39 49 34 2 20 31 
student 92: 36 21 8 26 40 43 27 9 16 6 41 13 17 12 32 38 45 29 49 2 10 20 19 48 28 22 4 44 47 5 3 11 34 35 31 24 25 37 15 23 39 7 18 46 42 50 33 1 14 30 
student 93: 31 19 1 27 42 46 22 8 9 5 37 24 14 15 29 45 41 32 49 4 7 18 11 48 23 20 3 44 47 6 10 13 35 36 33 28 25 38 16 26 40 12 17 43 39 50 34 2 21 30 
student 94: 34 18 4 27 43 38 30 7 12 6 40 25 9 15 29 41 44 32 50 2 10 17 19 47 23 20 3 45 48 5 8 13 33 37 31 24 26 36 14 22 39 11 16 46 42 49 35 1 21 28 
student 95: 34 19 4 28 45 48 24 6 10 11 37 22 12 13 32 46 38 30 50 3 14 17 15 47 23 20 1 42 44 7 8 9 33 40 31 25 29 43 16 26 36 5 18 41 39 49 35 2 21 27 
student 96: 35 14 2 28 44 46 22 7 5 6 41 29 11 10 32 42 45 31 47 3 12 20 18 49 24 21 1 43 48 9 8 15 34 38 25 27 26 37 17 23 36 13 16 40 39 50 33 4 19 30 
student 97: 34 15 4 28 40 49 24 5 9 7 38 23 11 13 33 39 42 25 47 3 10 21 16 45 19 18 2 44 46 8 6 22 41 35 29 27 30 36 14 26 37 12 17 48 43 50 32 1 20 31 
student 98: 27 20 2 29 43 49 24 7 10 3 41 22 11 13 34 44 40 33 48 5 9 19 16 46 23 28 4 39 47 6 8 18 35 37 31 26 25 38 14 21 36 12 15 45 42 50 32 1 17 30 
student 99: 32 19 3 25 41 45 26 9 7 4 40 23 13 16 30 37 42 35 49 1 8 18 17 47 28 21 2 46 50 10 5 15 34 36 29 31 22 43 12 27 38 11 14 44 39 48 33 6 20 24 
student 100: 38 20 2 29 44 43 23 10 5 8 37 18 11 15 31 41 40 28 46 7 13 17 19 47 24 22 6 48 45 3 4 14 34 36 30 26 27 42 12 25 35 9 16 50 39 49 32 1 21 33 
student 101: 34 15 1 29 39 48 22 6 9 5 42 21 10 12 33 43 37 28 49 3 11 16 19 50 27 26 4 44 45 8 7 18 36 35 31 25 24 40 13 23 41 14 17 46 38 47 32 2 20 30 
student 102: 40 12 1 27 50 45 24 7 8 10 42 22 5 13 32 39 41 29 48 2 15 16 19 47 20 23 6 43 46 3 4 14 36 34 31 25 26 37 17 28 38 11 18 44 35 49 33 9 21 30 
student 103: 34 19 4 29 42 45 23 10 12 6 39 21 15 7 33 43 40 31 49 2 3 18 17 47 22 26 5 44 46 9 8 13 25 35 32 27 28 38 16 24 37 11 14 50 41 48 36 1 20 30 
student 104: 33 19 4 28 44 46 23 3 13 9 38 26 8 11 29 43 40 32 48 2 10 21 17 47 18 22 6 42 49 7 5 15 36 35 31 24 25 34 16 27 41 14 12 45 39 50 37 1 20 30 
student 105: 34 13 9 28 43 46 21 3 11 5 42 22 8 16 30 39 40 29 48 1 12 19 18 47 23 25 7 45 49 6 2 17 35 38 31 27 26 37 14 24 36 10 15 44 41 50 32 4 20 33 
student 106: 30 17 4 26 42 47 25 7 11 6 43 22 8 14 36 38 41 33 48 1 10 19 18 45 24 21 2 44 49 9 5 13 40 39 28 32 27 34 16 23 35 12 15 46 37 50 31 3 20 29 
student 107: 33 18 10 29 47 44 24 5 14 7 41 22 6 12 31 42 43 30 48 2 11 21 19 50 20 17 3 46 45 8 4 13 36 34 32 27 26 38 15 25 37 9 16 40 39 49 35 1 23 28 
student 108: 35 16 1 28 46 43 25 6 7 10 38 24 15 13 31 41 42 26 49 3 12 21 19 48 23 20 4 44 45 8 5 11 36 34 32 30 27 37 14 18 40 9 17 47 39 50 33 2 22 29 
student 109: 32 21 4 29 42 45 24 7 8 3 37 20 10 13 35 41 43 31 47 6 11 16 19 49 22 18 2 48 46 9 5 15 40 33 30 25 26 39 17 28 36 12 14 44 38 50 34 1 23 27 
student 110: 34 15 3 32 43 45 27 8 9 5 38 20 10 17 28 42 41 25 49 2 13 18 21 44 22 23 4 46 48 7 6 12 37 36 31 29 26 35 16 24 39 11 19 47 40 50 33 1 14 30 
student 111: 32 18 3 30 44 46 24 9 10 4 40 22 5 21 33 38 41 27 50 1 12 14 16 47 23 17 7 43 48 8 6 15 34 36 29 26 31 39 13 25 37 11 19 45 42 49 35 2 20 28 
student 112: 35 14 3 25 41 49 23 7 11 6 39 22 13 12 31 43 45 29 47 2 8 21 18 48 24 20 5 42 46 9 4 15 34 36 30 33 26 38 16 27 37 10 17 44 40 50 32 1 19 28 
student 113: 33 16 2 25 48 45 23 9 14 8 39 22 7 15 32 41 42 30 47 6 12 17 19 49 26 21 3 43 46 5 4 13 34 36 31 28 27 37 10 24 38 11 18 44 40 50 35 1 20 29 
student 114: 34 18 2 28 42 44 24 7 8 5 38 20 17 11 32 43 41 30 49 3 12 15 19 48 21 23 6 47 45 10 4 14 35 36 31 27 25 39 13 26 37 9 16 46 40 50 33 1 22 29 
student 115: 32 19 4 30 41 44 23 6 9 5 40 21 10 12 31 45 42 35 48 2 11 18 16 49 22 20 3 47 46 8 7 14 34 36 29 28 27 39 15 24 37 13 17 43 38 50 33 1 25 26 
student 116: 32 14 4 27 43 47 23 8 9 6 38 21 7 13 35 40 41 30 50 2 12 19 16 49 24 22 3 44 46 5 10 17 39 33 31 26 25 37 15 28 34 11 18 48 42 45 36 1 20 29 
student 117: 34 15 5 27 46 48 23 9 7 6 40 24 11 13 33 36 41 30 49 2 8 21 19 47 20 17 4 42 45 10 3 14 35 38 31 28 25 37 16 26 39 12 18 44 43 50 32 1 22 29 
student 118: 35 15 3 30 42 43 24 4 13 7 39 20 9 14 34 41 44 28 49 1 11 18 17 47 21 19 5 46 48 6 8 12 36 40 31 27 25 37 16 26 33 10 22 45 38 50 32 2 23 29 
student 119: 36 18 2 25 46 47 23 6 9 5 43 24 12 10 34 40 41 31 48 1 11 17 13 50 21 20 7 42 45 4 8 15 35 30 32 27 28 38 19 26 37 14 16 44 39 49 33 3 22 29 
student 120: 30 16 1 29 41 50 24 10 9 3 36 22 7 12 32 40 44 31 46 2 11 18 19 48 28 20 5 43 45 8 6 17 35 37 33 26 25 39 14 23 38 13 15 47 42 49 34 4 21 27 
student 121: 32 18 2 29 41 46 24 8 13 4 42 23 9 10 33 44 43 28 50 5 11 20 12 47 22 21 3 45 48 7 6 15 35 36 30 27 26 40 17 25 37 14 16 39 38 49 34 1 19 31 
student 122: 32 21 4 29 43 45 26 5 10 7 39 20 8 12 33 41 42 30 49 3 11 16 18 48 25 23 2 44 47 9 6 13 35 36 28 24 27 38 15 22 37 19 14 46 40 50 34 1 17 31 
student 123: 36 16 5 29 45 46 22 7 12 6 41 23 17 13 31 43 38 34 49 2 11 18 15 44 24 21 3 42 50 10 4 9 32 39 25 27 28 37 19 26 33 8 14 48 40 47 35 1 20 30 
student 124: 35 16 1 26 43 48 23 9 6 8 41 22 10 13 34 40 42 31 50 3 11 20 18 49 24 21 4 44 45 7 5 19 33 36 32 30 28 37 12 25 38 14 15 46 39 47 27 2 17 29 
student 125: 31 22 5 29 46 44 24 8 11 4 37 21 9 13 33 35 43 28 42 1 10 20 18 50 23 19 2 45 47 6 7 14 38 40 32 27 25 36 15 26 34 12 16 49 41 48 39 3 17 30 
student 126: 33 15 3 27 41 45 23 9 10 4 44 19 8 13 30 43 40 29 49 2 11 20 18 50 24 22 6 42 47 7 5 14 35 38 32 26 25 39 16 28 36 12 17 46 37 48 34 1 21 31 
student 127: 34 15 6 29 44 47 23 4 12 7 40 19 13 9 31 42 43 32 49 1 8 22 16 45 18 24 2 41 48 10 5 14 35 38 28 27 25 36 20 26 37 11 17 46 39 50 33 3 21 30 
student 128: 34 18 1 29 41 45 20 14 7 2 40 23 10 11 33 47 39 28 50 6 9 13 15 48 26 24 4 44 46 8 5 17 36 31 32 25 27 37 12 21 42 16 22 43 38 49 35 3 19 30 
student 129: 33 19 5 28 41 45 23 9 8 2 38 22 12 13 31 39 43 30 49 4 3 20 17 47 18 26 6 44 48 11 7 10 35 37 32 25 27 42 15 24 36 14 16 46 40 50 34 1 21 29 
student 130: 33 16 6 27 42 48 26 3 10 8 38 21 11 12 32 39 45 31 46 5 7 19 22 50 24 20 2 43 49 9 1 17 36 34 28 25 23 40 15 29 37 13 14 44 41 47 35 4 18 30 
student 131: 33 16 3 30 44 48 23 6 12 9 34 19 20 14 31 47 41 25 50 2 8 21 18 45 22 24 4 43 46 7 5 13 35 38 32 28 27 40 15 26 36 10 17 42 39 49 37 1 11 29 
student 132: 33 18 4 25 43 45 27 8 2 7 38 21 11 14 32 49 42 29 50 1 9 20 16 46 23 26 6 44 41 10 5 17 37 34 30 28 22 39 12 24 35 13 15 47 40 48 36 3 19 31 
student 133: 36 21 4 26 43 46 29 6 7 5 40 24 10 12 33 42 41 31 50 2 11 22 20 49 19 16 3 45 48 9 8 18 35 30 32 28 25 39 13 23 38 14 15 44 37 47 34 1 17 27 
student 134: 34 21 2 27 43 47 24 7 9 6 40 18 10 12 31 41 44 30 45 4 11 20 16 49 25 22 3 42 48 8 5 14 32 36 29 33 23 39 15 26 38 13 17 46 37 50 35 1 19 28 
student 135: 34 16 2 24 45 44 25 5 9 4 40 18 12 20 35 41 42 30 47 6 11 17 19 49 23 22 3 43 50 10 8 7 37 36 31 27 26 33 13 29 39 14 15 46 38 48 32 1 21 28 
student 136: 31 11 3 24 44 45 27 9 8 7 40 20 10 14 34 43 37 32 49 2 12 22 15 46 23 25 4 41 48 6 5 16 33 35 28 26 21 38 17 29 36 13 18 47 42 50 39 1 19 30 
student 137: 33 13 1 28 44 47 27 8 7 5 37 20 10 15 34 39 42 30 49 2 11 19 18 48 24 22 6 46 45 9 4 14 29 36 32 26 16 40 21 25 35 12 17 43 41 50 38 3 23 31 
student 138: 30 16 3 31 43 46 23 9 8 5 37 26 10 12 33 42 39 32 49 4 13 20 18 45 19 22 1 48 47 7 6 14 35 41 28 25 24 40 15 27 36 11 21 44 38 50 34 2 17 29 
student 139: 37 15 3 29 45 46 26 6 9 4 42 22 10 12 32 43 40 25 49 2 11 21 18 47 23 19 5 41 44 8 7 17 36 35 30 27 24 34 14 28 38 13 16 48 39 50 33 1 20 31 
student 140: 35 16 1 27 43 45 25 7 10 4 47 23 14 9 32 37 42 30 46 3 11 18 20 49 24 21 5 44 48 8 6 17 34 36 31 19 29 39 15 26 38 13 12 50 41 40 33 2 22 28 
student 141: 33 15 2 30 45 46 24 4 11 3 38 22 9 10 28 41 43 32 47 6 13 19 17 48 23 21 5 44 50 8 7 14 37 34 31 26 29 39 16 27 36 12 18 40 42 49 35 1 20 25 
student 142: 33 17 2 27 41 44 26 8 9 3 37 22 13 15 31 40 39 30 49 5 10 20 16 50 25 21 1 45 46 7 6 18 36 32 35 28 24 34 11 23 43 12 14 48 38 47 42 4 19 29 
student 143: 30 16 3 29 43 45 26 11 8 6 37 22 9 13 31 42 39 36 47 2 12 21 18 46 23 20 4 48 50 7 5 14 33 38 32 27 25 40 15 24 34 10 17 44 41 49 35 1 19 28 
student 144: 40 17 6 27 41 45 24 5 7 8 39 23 11 13 31 38 44 32 48 2 12 18 20 46 22 21 4 43 49 9 3 19 33 35 29 28 26 37 14 25 36 10 16 50 42 47 34 1 15 30 
student 145: 31 16 1 30 41 44 25 9 8 7 40 27 12 13 29 50 42 28 47 5 11 19 18 48 23 21 3 43 45 6 2 10 32 35 33 34 24 37 17 22 39 14 15 46 38 49 36 4 20 26 
student 146: 36 15 5 26 44 49 23 9 7 6 39 25 12 11 35 41 42 30 45 2 13 19 17 50 21 28 3 43 48 8 4 10 37 33 27 22 29 38 14 20 34 16 18 47 40 46 32 1 24 31 
student 147: 35 16 3 25 43 46 24 7 8 4 32 21 14 10 34 39 45 26 49 1 9 20 17 47 22 23 5 42 48 11 6 12 37 31 33 27 29 38 18 28 36 13 19 44 41 50 40 2 15 30 
student 148: 33 18 3 27 43 46 17 6 8 5 38 24 12 11 30 39 41 34 48 2 13 20 19 47 25 23 4 44 49 9 7 14 36 32 31 21 26 42 15 28 40 10 16 45 37 50 35 1 22 29 
student 149: 33 17 3 28 46 48 24 7 9 5 39 23 12 13 32 41 43 29 50 2 11 16 18 49 25 21 6 47 45 8 4 15 36 35 31 26 30 37 14 22 40 10 19 42 38 44 34 1 20 27 
student 150: 30 16 10 29 46 48 24 5 9 2 35 23 14 11 36 42 40 32 49 4 20 19 18 45 22 21 6 43 47 3 7 12 34 33 31 28 27 38 13 26 41 8 17 44 37 50 39 1 15 25 
student 151: 31 16 4 23 43 46 24 7 11 3 41 21 15 14 33 40 42 32 49 2 12 18 20 50 25 22 5 44 48 6 8 19 38 35 29 28 30 37 13 26 34 10 9 45 39 47 36 1 17 27 
student 152: 31 17 6 26 46 43 24 8 10 4 40 20 9 14 30 35 42 33 50 2 13 18 22 48 23 19 5 45 47 7 3 11 36 37 29 28 27 38 15 25 34 12 16 44 41 49 39 1 21 32 
student 153: 33 14 3 28 42 45 25 4 10 9 36 22 12 13 31 40 41 26 48 1 11 20 18 49 23 21 6 43 44 7 5 15 38 37 29 30 24 39 17 27 34 8 16 47 46 50 35 2 19 32 
student 154: 30 22 3 28 42 47 24 8 5 9 35 19 11 15 33 41 44 32 49 1 10 16 21 46 25 20 6 43 48 7 4 13 37 36 31 26 27 39 14 23 38 12 17 45 40 50 34 2 18 29 
student 155: 37 10 4 28 48 42 22 9 13 3 36 24 11 14 27 41 43 33 50 2 8 19 18 45 25 21 5 46 49 6 7 17 34 35 31 23 26 39 16 30 38 12 15 44 40 47 32 1 20 29 
student 156: 35 17 4 28 46 47 25 3 11 6 42 20 13 12 33 41 43 29 49 1 5 16 18 48 23 22 8 38 44 7 9 15 34 37 32 27 26 36 19 24 40 10 14 45 39 50 31 2 21 30 
student 157: 33 16 4 27 43 46 22 7 8 5 40 26 9 14 32 41 42 30 50 1 11 18 17 48 23 21 3 44 49 13 6 12 35 38 31 28 25 37 15 24 36 10 19 45 39 47 34 2 20 29 
student 158: 36 15 3 30 43 44 26 7 16 5 40 20 12 14 31 47 39 23 48 1 9 24 18 49 21 19 4 41 45 8 6 13 42 37 28 27 29 33 11 22 34 10 17 46 38 50 32 2 25 35 
student 159: 32 16 3 29 43 45 24 6 10 5 39 17 9 13 31 41 42 23 49 2 12 25 20 47 28 19 4 46 48 8 7 14 35 33 34 26 27 38 15 22 37 11 21 44 40 50 36 1 18 30 
student 160: 31 18 2 33 44 38 24 8 10 3 40 19 11 16 30 42 45 29 50 4 9 17 14 49 25 22 7 43 47 5 6 12 35 36 34 28 27 39 15 26 37 13 20 46 41 48 32 1 21 23 
student 161: 31 18 3 32 43 45 25 7 9 5 40 20 11 13 27 42 41 30 47 2 12 21 19 50 22 24 4 44 48 8 6 14 37 36 34 28 26 39 15 23 38 10 16 46 35 49 33 1 17 29 
student 162: 36 21 5 30 44 43 25 8 6 7 41 22 11 13 31 40 45 27 47 2 10 17 16 46 24 20 3 42 49 9 4 14 35 39 32 23 26 38 15 29 33 12 18 48 37 50 34 1 19 28 
student 163: 30 16 2 29 44 45 22 9 11 5 39 26 8 18 38 40 42 32 48 3 14 21 19 50 20 17 4 43 47 6 7 12 35 36 34 27 28 37 10 23 33 13 15 46 41 49 31 1 25 24 
student 164: 29 23 4 30 41 46 24 5 9 1 43 22 10 12 34 44 40 31 50 3 13 14 17 49 19 20 2 45 47 8 6 15 37 35 32 27 26 36 16 25 38 21 11 42 39 48 33 7 18 28 
student 165: 32 16 3 25 43 46 20 7 8 4 38 27 10 13 26 42 39 35 50 2 11 19 18 45 22 21 6 47 48 9 5 14 34 37 31 28 30 40 17 24 33 12 15 44 41 49 36 1 23 29 
student 166: 40 17 7 26 36 47 23 6 10 3 35 24 12 11 32 38 42 30 49 1 8 19 16 48 21 22 4 44 45 9 5 14 33 37 34 29 25 39 15 27 43 13 18 46 41 50 31 2 20 28 
student 167: 33 18 3 28 41 46 24 8 9 5 39 25 10 13 32 42 45 31 50 2 11 19 17 49 22 21 4 44 47 6 7 16 35 34 29 27 23 36 15 26 40 12 14 43 37 48 38 1 20 30 
student 168: 34 16 5 29 43 44 25 4 10 2 38 24 11 14 32 41 49 31 50 3 8 19 20 48 21 22 6 47 45 9 7 12 37 35 30 26 27 39 15 23 36 13 17 42 40 46 33 1 18 28 
student 169: 31 21 3 27 43 44 25 8 11 4 37 17 9 12 33 42 41 29 49 2 10 20 16 48 23 19 6 45 47 7 5 14 35 34 32 28 26 39 15 22 36 13 18 46 40 50 38 1 24 30 
student 170: 35 19 11 28 48 43 27 4 7 1 40 23 9 12 34 42 41 30 49 5 8 21 17 47 18 22 6 44 46 10 3 15 37 33 32 25 26 31 14 24 38 13 16 45 39 50 36 2 20 29 
student 171: 33 14 3 26 39 49 27 8 10 5 40 18 9 16 31 41 44 32 48 2 13 15 19 50 21 24 4 43 46 6 7 12 30 36 34 25 29 37 22 23 38 11 17 45 42 47 35 1 20 28 
student 172: 30 19 3 27 43 47 24 5 6 4 39 17 10 14 35 40 45 29 49 1 9 18 16 42 22 23 11 44 48 7 8 13 36 34 31 25 26 38 15 28 37 12 20 46 41 50 32 2 21 33 
student 173: 33 16 1 30 44 48 21 5 12 4 39 25 8 18 32 42 38 29 49 3 10 23 17 47 22 20 2 45 46 6 7 11 35 37 28 27 26 40 13 24 36 15 14 43 41 50 34 9 19 31 
student 174: 33 17 3 30 43 44 27 9 8 5 42 23 12 11 31 40 41 29 50 2 10 18 16 45 26 20 4 46 47 6 7 13 37 34 32 25 28 38 19 22 35 15 14 49 39 48 36 1 21 24 
student 175: 33 16 5 29 45 40 24 10 9 6 41 22 13 8 39 42 43 31 47 4 12 21 19 49 23 17 2 50 44 3 7 18 34 35 32 28 25 36 14 27 38 11 15 46 37 48 26 1 20 30 
student 176: 34 17 4 29 43 41 21 2 6 5 38 24 10 13 33 40 46 30 48 8 12 20 18 47 22 26 1 44 45 9 7 14 37 32 31 27 25 36 16 23 39 11 15 49 35 50 42 3 19 28 
student 177: 33 16 4 29 46 50 22 7 11 5 37 24 9 13 32 41 45 31 48 1 10 23 17 44 19 21 3 42 43 6 8 15 35 39 30 26 25 38 14 27 36 12 20 47 40 49 34 2 18 28 
student 178: 26 21 3 24 42 45 27 5 9 4 38 19 11 13 34 41 43 31 50 2 10 16 15 46 25 23 6 44 48 8 7 17 33 36 32 29 28 39 14 22 35 12 20 47 40 49 37 1 18 30 
student 179: 34 20 9 27 39 46 23 11 3 4 42 19 10 14 33 41 44 29 47 2 12 17 16 49 24 22 5 45 48 6 7 15 35 32 31 30 25 38 13 26 36 8 18 43 40 50 37 1 21 28 
student 180: 34 17 1 29 42 45 25 8 9 4 37 23 11 13 30 41 39 33 50 3 12 19 20 49 22 18 7 43 47 6 5 14 35 36 31 26 27 38 15 24 44 10 16 48 40 46 32 2 21 28 
student 181: 39 16 2 28 46 44 22 4 10 3 36 20 11 12 33 37 43 32 50 1 9 19 14 48 24 18 7 42 47 8 5 15 38 34 31 26 27 41 23 25 35 13 17 45 40 49 30 6 21 29 
student 182: 33 17 7 27 43 46 22 4 5 2 41 23 10 9 29 35 44 31 50 3 15 19 18 48 28 21 14 45 47 12 8 13 39 40 32 24 30 36 11 25 37 6 16 34 42 49 38 1 20 26 
student 183: 33 17 2 27 36 43 23 7 8 6 40 21 11 12 31 44 42 32 50 3 10 20 16 49 26 18 5 47 45 9 4 15 37 38 25 29 28 34 19 24 39 13 14 46 41 48 35 1 22 30 
student 184: 35 18 2 25 44 46 22 7 8 5 41 21 6 16 31 42 43 29 49 3 15 24 19 48 23 20 4 40 47 9 11 12 38 33 36 28 26 34 13 27 37 10 14 45 39 50 32 1 17 30 
student 185: 36 18 4 24 43 48 26 10 9 7 41 23 5 12 31 37 44 29 49 2 13 19 17 47 20 22 3 39 45 8 6 14 34 38 32 27 30 40 15 28 35 11 16 46 42 50 33 1 21 25 
student 186: 31 13 4 28 41 47 26 7 10 6 37 23 8 11 32 42 44 33 48 3 17 21 20 45 18 22 2 43 49 9 5 12 36 34 30 24 27 40 15 25 39 14 16 46 35 50 38 1 19 29 
student 187: 34 14 2 29 43 49 23 7 12 4 39 21 8 11 32 46 41 30 48 3 13 19 18 47 25 20 6 44 45 9 5 15 31 36 33 27 24 38 16 26 37 10 17 42 40 50 35 1 22 28 
student 188: 34 17 7 26 42 45 25 8 12 1 40 23 10 9 30 46 38 31 50 3 11 20 18 44 22 19 2 43 48 6 5 13 35 33 32 29 24 37 14 27 39 15 16 47 41 49 36 4 21 28 
student 189: 31 12 3 28 46 48 27 8 19 7 40 21 13 11 29 41 39 32 49 2 10 16 24 47 23 20 4 43 45 6 5 18 33 36 35 26 22 37 15 25 34 9 14 44 42 50 38 1 17 30 
student 190: 32 13 2 29 40 47 24 11 9 3 44 22 7 15 36 39 42 27 49 4 12 21 19 48 23 20 6 45 46 5 8 16 35 34 30 26 28 41 14 25 37 10 17 43 38 50 31 1 18 33 
student 191: 35 19 1 31 40 46 27 7 6 4 41 24 11 13 33 37 43 29 50 3 10 18 15 49 21 22 5 42 48 9 8 14 36 38 32 25 26 39 16 23 30 12 17 45 44 47 34 2 20 28 
student 192: 32 12 5 28 40 46 21 9 7 4 35 24 8 14 30 42 44 31 48 2 19 16 20 49 22 18 3 43 47 11 6 17 36 33 34 29 26 39 15 23 38 13 10 45 41 50 37 1 25 27 
student 193: 32 16 4 24 43 47 26 10 5 3 41 21 9 15 31 37 42 30 50 6 25 18 17 46 22 20 2 44 49 8 7 13 35 33 36 27 28 39 12 23 38 11 14 45 40 48 34 1 19 29 
student 194: 31 16 6 29 42 47 24 5 9 7 37 22 10 15 30 44 39 32 46 3 11 19 18 49 23 20 1 43 45 8 4 13 36 34 33 27 26 41 17 25 38 12 14 48 40 50 35 2 21 28 
student 195: 28 17 2 27 42 45 24 5 6 7 37 23 12 13 33 41 46 30 49 1 10 16 18 47 26 22 3 43 48 8 9 14 36 35 32 31 25 38 15 21 39 11 20 44 40 50 34 4 19 29 
student 196: 31 10 2 27 42 49 24 4 7 6 39 23 12 11 33 41 43 30 47 3 9 20 17 46 25 21 5 44 45 8 15 14 36 35 32 26 28 38 13 22 37 16 18 48 40 50 34 1 19 29 
student 197: 33 21 3 30 45 46 28 6 7 10 44 22 13 11 34 39 42 27 47 4 8 17 18 50 19 26 5 40 48 14 2 20 32 36 29 25 23 38 12 24 35 9 16 43 41 49 37 1 15 31 
student 198: 33 16 7 27 45 43 25 6 9 3 39 21 10 13 29 40 42 32 49 2 4 18 17 48 24 20 5 44 46 8 11 12 36 37 30 31 26 38 15 23 35 14 22 47 41 50 34 1 19 28 
student 199: 34 19 3 29 43 47 23 5 9 6 35 24 8 13 32 41 44 30 49 2 10 20 17 48 21 22 4 42 46 12 7 18 33 38 31 26 25 40 15 27 36 11 16 45 39 50 37 1 14 28 
student 200: 33 18 3 30 43 48 25 8 9 4 41 21 10 12 28 42 40 27 49 2 13 19 17 46 22 26 5 44 50 7 6 11 34 39 36 24 31 37 15 23 35 14 16 45 38 47 32 1 20 29 
student 201: 36 17 4 28 44 47 27 8 9 3 45 23 10 14 32 42 39 30 48 2 13 18 19 49 22 21 5 41 46 7 6 12 33 37 29 26 25 35 15 24 40 11 16 43 38 50 34 1 20 31 
student 202: 25 19 3 27 42 46 29 6 9 10 38 26 12 7 34 40 41 28 47 2 11 18 22 49 20 21 4 43 48 8 5 13 32 35 31 24 30 36 15 17 37 14 16 45 44 50 39 1 23 33 
student 203: 37 16 4 26 41 45 27 8 7 6 36 22 12 13 29 42 44 30 48 2 9 19 18 49 23 21 5 46 47 14 3 11 35 34 31 32 25 40 15 24 38 10 17 43 39 50 33 1 20 28 
student 204: 34 18 5 27 41 50 21 8 6 3 39 24 10 15 29 43 40 30 48 2 11 19 16 47 22 25 7 44 45 4 9 12 36 37 32 28 26 38 14 23 35 13 17 46 42 49 33 1 20 31 
student 205: 33 14 6 29 42 47 25 5 8 7 37 22 9 13 32 41 43 30 49 2 12 19 18 45 23 21 3 44 48 11 1 17 34 38 31 28 24 39 15 27 36 10 16 46 40 50 35 4 20 26 
student 206: 35 20 6 34 43 46 26 9 10 3 38 22 12 11 30 44 42 31 50 2 13 17 16 48 19 24 7 45 47 5 4 15 32 33 37 23 28 40 18 27 36 8 14 39 41 49 29 1 21 25 
student 207: 34 20 4 26 40 47 23 3 10 7 36 8 11 17 32 41 43 30 49 2 12 21 18 46 24 22 5 44 48 9 6 14 33 42 31 28 25 37 15 27 39 13 16 45 38 50 35 1 19 29 
student 208: 32 18 3 30 43 48 24 8 10 6 41 23 12 11 34 40 42 26 49 1 7 22 19 47 27 20 4 44 45 9 5 13 33 38 31 25 28 36 15 21 35 16 17 46 39 50 37 2 14 29 
student 209: 33 14 2 26 35 44 25 7 8 4 40 23 9 17 29 46 41 32 47 3 11 16 18 48 30 20 5 42 49 10 6 12 36 37 34 24 28 38 15 21 39 13 22 45 43 50 31 1 19 27 
student 210: 32 20 4 29 50 45 23 8 13 5 41 28 12 14 30 42 43 31 48 1 7 18 17 47 21 22 3 40 46 9 6 16 34 35 33 27 26 36 11 24 39 10 15 44 37 49 38 2 19 25 
student 211: 36 16 2 24 47 48 28 8 13 6 39 21 7 12 32 46 40 30 49 1 10 19 18 45 25 23 5 41 44 9 4 15 35 37 31 22 29 38 14 26 33 11 20 42 43 50 34 3 17 27 
student 212: 35 15 1 28 43 47 25 7 9 6 45 21 11 13 32 40 41 31 49 5 10 16 19 48 18 26 2 44 46 8 3 14 34 36 23 29 22 39 17 27 37 12 20 42 38 50 33 4 24 30 
student 213: 33 15 3 29 45 47 22 11 10 6 41 21 14 13 31 40 43 30 49 2 9 17 19 48 24 20 4 44 42 5 7 12 35 36 32 28 26 39 23 25 38 8 16 46 37 50 34 1 18 27 
student 214: 33 11 3 28 45 44 21 10 14 7 37 24 5 15 31 41 42 29 46 2 6 19 16 47 23 22 4 43 50 8 9 13 35 36 32 30 27 38 17 25 39 12 20 48 40 49 34 1 18 26 
student 215: 33 15 10 28 42 44 24 6 13 5 39 21 7 11 32 45 43 29 49 3 14 17 18 48 23 19 1 41 47 8 4 12 34 37 30 27 25 38 16 26 36 9 20 46 40 50 35 2 22 31 
student 216: 33 21 3 28 42 48 24 9 10 7 39 23 4 14 32 38 43 31 50 1 11 17 18 46 26 20 5 44 45 2 6 15 34 36 30 27 25 40 13 22 37 12 16 47 41 49 35 8 19 29 
student 217: 32 20 2 27 44 48 25 5 9 8 41 21 10 16 30 43 42 33 49 3 11 18 14 47 23 22 4 45 46 7 6 13 34 35 28 24 26 40 17 31 37 12 15 38 39 50 36 1 19 29 
student 218: 33 19 5 28 43 49 25 7 12 3 39 20 9 15 32 40 42 31 44 2 11 22 17 48 23 21 4 45 50 10 6 13 37 38 29 24 27 36 14 26 35 8 16 46 41 47 34 1 18 30 
student 219: 32 20 3 26 39 45 24 8 5 7 38 15 9 19 34 43 47 31 48 2 13 17 21 46 23 18 4 42 49 10 6 14 37 36 28 29 25 40 16 27 35 11 12 44 41 50 33 1 22 30 
student 220: 30 17 1 27 41 44 23 11 4 7 36 22 9 15 31 45 40 32 47 3 12 20 19 46 24 21 2 43 49 6 8 16 35 42 33 26 28 39 14 25 38 10 13 48 37 50 34 5 18 29 
student 221: 33 16 4 27 43 46 23 7 11 5 42 22 12 13 31 37 41 30 50 3 8 19 18 47 24 20 2 45 48 10 6 14 35 36 32 26 29 39 17 25 38 9 15 44 40 49 34 1 21 28 
student 222: 30 18 3 33 41 46 24 8 9 4 39 22 10 15 31 42 44 34 49 1 13 16 11 48 23 20 2 43 47 5 7 14 37 38 27 26 25 36 19 29 32 12 21 45 40 50 35 6 17 28 
student 223: 34 16 3 28 42 47 24 6 9 4 41 18 10 11 31 39 43 30 45 2 13 19 21 50 22 23 5 46 48 8 7 14 33 35 32 26 27 38 15 25 37 12 17 44 40 49 36 1 20 29 
student 224: 35 16 2 29 44 43 22 10 7 5 39 24 9 18 34 42 41 33 36 1 12 19 15 47 25 21 3 45 46 11 6 8 31 37 30 27 26 40 14 23 32 13 17 48 49 50 38 4 20 28 
student 225: 35 17 1 30 44 43 25 7 9 4 36 18 13 14 32 45 41 26 49 3 11 23 19 48 22 20 8 42 46 5 6 16 38 39 31 33 28 27 15 21 37 10 12 47 40 50 34 2 24 29 
student 226: 32 17 5 26 43 45 25 8 11 4 38 24 6 13 30 40 46 37 50 3 10 18 20 47 23 21 2 48 41 9 7 14 34 35 31 22 29 39 16 27 36 12 15 44 42 49 33 1 19 28 
student 227: 35 20 2 26 40 46 24 7 8 4 42 27 10 14 32 43 41 33 48 1 11 19 16 50 22 21 5 45 44 6 9 17 36 34 31 28 23 39 15 25 37 13 12 49 38 47 30 3 18 29 
student 228: 32 17 3 25 46 45 22 8 7 5 43 26 10 14 33 40 44 30 49 1 13 21 19 47 23 20 4 41 50 9 6 12 37 36 31 29 28 42 15 24 38 11 18 35 39 48 34 2 16 27 
student 229: 33 13 6 27 45 46 24 8 10 4 39 22 11 14 31 41 43 32 49 2 9 21 15 48 23 20 7 44 47 3 5 16 34 35 26 30 29 37 17 28 38 12 18 42 40 50 36 1 19 25 
student 230: 34 19 6 28 43 48 18 2 9 7 39 24 10 12 33 40 45 29 49 3 14 21 23 47 20 16 5 41 46 8 4 15 32 35 30 25 27 37 17 22 38 11 13 44 42 50 36 1 26 31 
student 231: 31 20 8 32 38 48 25 6 11 2 39 22 15 13 30 40 43 33 49 1 3 18 17 47 23 21 7 45 46 5 9 12 34 37 27 29 26 35 14 24 41 10 16 44 42 50 36 4 19 28 
student 232: 34 17 7 27 44 41 26 8 12 4 37 25 6 11 30 45 36 31 50 1 10 19 18 47 20 21 3 49 42 9 5 15 33 38 32 28 24 43 13 23 40 16 14 46 39 48 35 2 22 29 
student 233: 35 15 5 30 43 47 21 9 10 4 39 23 11 12 31 42 41 28 49 1 13 18 19 46 20 25 3 44 45 7 6 17 32 37 33 26 27 40 14 22 34 8 16 48 38 50 36 2 24 29 
student 234: 31 16 2 32 43 46 25 6 8 5 38 21 12 13 33 41 42 27 47 4 9 20 18 50 24 19 3 44 48 10 7 14 34 39 30 26 23 37 17 28 35 11 15 45 40 49 36 1 22 29 
student 235: 33 18 3 29 43 46 24 8 13 4 34 22 9 12 28 45 38 31 50 2 11 19 21 49 23 20 6 39 48 10 5 15 35 37 32 27 26 42 14 25 41 16 7 47 40 44 36 1 17 30 
student 236: 34 16 4 25 39 48 23 7 8 6 37 20 15 13 30 41 42 31 49 3 10 19 21 50 24 22 2 43 47 11 9 12 40 36 27 32 26 38 14 28 35 5 17 44 45 46 33 1 18 29 
student 237: 30 18 3 32 44 47 24 4 11 5 38 20 8 9 34 41 39 31 50 2 12 17 21 46 22 23 10 48 43 7 6 13 37 35 29 27 26 40 15 25 36 14 16 49 42 45 33 1 19 28 
student 238: 33 16 5 29 43 48 23 9 10 7 39 22 6 14 30 40 44 28 49 1 11 18 19 50 17 20 4 41 46 8 3 31 35 36 32 24 26 42 15 25 38 12 13 45 37 47 34 2 21 27 
student 239: 34 20 4 29 46 44 24 10 7 1 39 23 9 14 33 41 43 30 50 3 12 25 8 48 22 19 6 45 47 16 2 18 31 35 28 26 27 36 13 21 38 11 15 42 40 49 37 5 17 32 
student 240: 31 15 1 26 44 46 25 7 9 4 36 23 10 16 32 43 35 28 50 6 12 21 18 47 20 22 3 40 49 8 5 13 38 34 29 33 27 41 14 24 39 11 17 45 42 48 37 2 19 30 
student 241: 35 18 3 29 42 46 22 7 8 5 40 21 9 11 31 41 43 30 49 2 14 16 24 47 25 20 1 44 50 10 6 12 34 36 32 23 27 39 13 26 37 15 17 48 38 45 33 4 19 28 
student 242: 34 14 1 25 44 45 28 8 7 3 39 24 10 17 32 42 41 30 48 4 11 20 13 49 18 23 5 43 46 9 6 12 35 36 31 29 22 37 15 27 38 16 19 47 40 50 33 2 21 26 
student 243: 30 17 3 28 43 47 29 8 12 4 38 23 9 13 34 42 40 33 50 1 10 19 18 49 21 20 2 46 48 6 5 14 31 36 35 26 25 32 15 24 37 11 16 45 39 44 41 7 22 27 
student 244: 32 17 3 26 41 46 24 5 11 6 36 23 7 15 33 39 45 30 50 2 12 18 21 49 27 20 4 43 47 9 8 14 35 38 31 29 19 40 13 25 37 10 16 44 42 48 34 1 22 28 
student 245: 35 14 2 29 44 48 24 9 8 3 40 19 10 15 30 42 43 28 47 5 12 18 17 46 23 22 6 45 39 7 4 16 38 36 32 27 26 34 13 25 37 11 20 50 41 49 33 1 21 31 
student 246: 33 18 5 28 44 50 24 4 9 2 43 21 8 13 31 40 41 26 45 3 11 19 16 42 20 22 10 48 46 1 7 15 34 38 27 30 29 36 14 25 37 12 17 49 39 47 35 6 23 32 
student 247: 33 18 4 26 42 43 23 1 10 8 44 20 7 12 32 41 40 31 48 3 11 15 24 50 22 17 13 45 46 6 5 16 36 35 29 25 28 37 14 27 38 9 19 47 39 49 34 2 21 30 
student 248: 44 12 3 28 46 43 24 4 6 8 35 23 9 11 31 38 41 30 49 1 7 20 18 48 22 19 5 42 47 15 10 13 34 36 33 27 26 37 17 25 39 16 14 45 40 50 32 2 21 29 
student 249: 33 19 2 29 43 45 22 6 8 7 40 27 11 14 30 41 42 31 46 5 12 18 17 50 20 23 4 44 48 9 1 13 34 38 32 24 26 39 15 25 35 10 16 47 36 49 37 3 21 28 
student 250: 34 19 6 26 44 45 22 7 8 3 41 20 11 12 31 39 42 30 49 2 13 17 16 47 25 23 5 46 48 10 4 14 36 35 32 24 28 38 18 27 37 9 15 43 40 50 33 1 21 29 
student 251: 34 16 2 28 43 47 27 11 6 4 39 21 12 10 32 40 41 29 49 1 7 19 18 48 22 20 5 44 45 9 8 14 38 35 30 26 24 42 17 23 37 15 13 46 36 50 33 3 25 31 
student 252: 35 20 5 28 42 47 27 7 9 4 38 17 8 19 32 43 41 29 50 3 11 21 18 45 23 22 1 44 48 6 10 15 37 34 31 26 24 39 14 25 36 12 13 46 40 49 33 2 16 30 
student 253: 32 18 3 29 43 44 22 8 10 5 38 21 7 14 30 46 41 28 48 1 12 25 16 47 23 20 2 42 49 6 9 13 40 36 34 26 24 37 17 27 33 11 15 45 39 50 35 4 19 31 
student 254: 31 16 3 29 44 47 23 10 9 5 41 22 12 18 32 42 50 28 43 8 6 26 15 49 21 20 4 45 48 2 7 11 37 33 30 27 25 38 13 24 35 17 14 39 40 46 36 1 19 34 
student 255: 34 17 2 32 42 47 24 4 8 10 44 22 9 12 31 43 36 28 49 3 11 21 19 46 25 23 5 48 45 7 6 13 35 41 30 26 20 39 15 27 37 14 16 40 38 50 33 1 18 29 
student 256: 32 20 3 27 43 48 25 9 11 5 38 19 8 13 28 42 40 31 46 2 14 18 17 47 23 21 4 44 49 7 6 10 35 36 34 24 30 39 16 26 37 12 15 45 41 50 33 1 22 29 
student 257: 35 17 10 36 45 47 24 9 8 2 33 23 12 16 31 39 42 29 49 3 11 18 21 48 22 20 5 43 46 4 7 6 30 38 28 32 26 40 14 25 34 13 15 44 41 50 37 1 19 27 
student 258: 34 21 4 27 42 45 25 6 7 5 39 20 11 9 31 41 43 28 49 1 14 13 22 47 19 23 8 44 48 10 3 12 32 37 30 24 29 38 17 26 36 16 15 46 40 50 35 2 18 33 
student 259: 27 17 2 24 46 44 26 10 7 8 37 22 11 13 36 40 41 34 49 1 9 18 19 42 21 25 4 48 47 6 5 15 38 35 28 33 32 45 16 23 31 12 14 43 39 50 30 3 20 29 
student 260: 35 16 9 26 42 50 24 6 7 4 38 22 8 18 34 41 44 32 48 2 11 17 19 46 23 21 5 45 47 12 3 14 31 37 30 27 25 39 10 29 36 13 15 43 40 49 33 1 20 28 
student 261: 33 15 5 31 42 44 23 8 10 4 36 19 9 11 30 41 40 28 49 1 13 20 18 48 25 21 3 46 43 7 6 12 34 37 32 24 27 45 17 29 39 14 22 47 38 50 35 2 16 26 
student 262: 33 16 3 27 44 47 21 5 10 9 37 26 7 13 32 45 43 30 50 2 12 20 19 49 18 24 6 41 48 8 4 14 36 34 31 25 28 42 15 23 38 11 17 40 39 46 35 1 22 29 
student 263: 37 19 2 28 45 43 23 9 8 4 36 24 10 16 32 41 42 31 47 1 12 20 14 48 21 22 3 49 46 7 6 15 33 35 29 27 26 38 11 25 39 13 17 44 40 50 34 5 18 30 
student 264: 33 16 5 28 44 45 22 9 10 4 36 23 6 12 32 40 41 26 49 1 11 19 20 47 24 17 7 42 46 8 3 15 37 35 31 29 27 38 18 25 43 13 14 48 39 50 34 2 21 30 
student 265: 28 19 1 29 45 48 25 4 8 6 42 23 11 14 34 43 39 31 50 5 10 16 18 47 22 21 3 44 41 7 9 15 35 40 32 27 30 38 17 24 37 13 12 46 36 49 33 2 20 26 
student 266: 33 15 3 28 40 45 25 5 8 6 41 21 10 13 32 43 44 30 49 1 9 24 17 47 22 20 4 42 46 7 12 14 36 39 31 26 23 38 18 27 37 11 16 50 35 48 34 2 19 29 
student 267: 30 12 2 27 43 42 26 5 10 4 38 20 11 16 31 41 46 34 49 1 13 19 18 48 22 23 6 45 44 8 7 15 33 35 32 29 24 37 14 25 39 9 17 47 40 50 36 3 21 28 
student 268: 33 14 2 27 43 49 24 7 3 6 36 22 9 13 37 42 38 29 50 4 12 19 18 47 20 23 8 44 46 10 5 15 35 32 31 25 28 41 16 26 39 11 17 45 40 48 34 1 21 30 
student 269: 31 19 3 36 45 50 22 10 8 4 37 25 9 12 30 41 44 33 49 5 11 24 23 47 21 18 2 42 46 7 6 16 34 38 29 28 26 39 15 20 35 14 13 43 40 48 32 1 17 27 
student 270: 32 19 3 29 43 48 20 5 9 7 38 24 16 14 34 44 41 31 49 2 10 21 17 46 22 18 4 42 47 11 6 8 33 35 30 25 28 37 13 27 39 12 15 45 40 50 36 1 23 26 
student 271: 36 14 5 29 45 46 24 6 10 3 38 25 7 16 34 40 41 23 49 4 15 18 20 47 19 22 2 44 48 9 8 11 37 31 30 27 28 39 13 26 35 12 17 42 43 50 33 1 21 32 
student 272: 35 13 8 34 48 43 25 5 10 3 39 21 14 11 33 42 41 28 50 2 12 20 23 44 22 19 6 45 49 9 4 18 38 37 31 26 27 32 15 24 36 7 16 46 40 47 30 1 17 29 
student 273: 33 17 3 29 40 43 27 7 12 8 38 22 9 14 31 42 44 30 50 5 10 18 19 47 23 20 2 46 41 6 4 13 35 45 34 25 24 32 15 26 37 11 16 48 39 49 36 1 21 28 
student 274: 33 16 4 30 45 48 28 6 10 5 39 23 9 13 32 43 38 29 44 1 12 18 24 49 25 21 2 47 46 7 8 14 36 35 31 27 22 37 15 20 41 11 17 42 40 50 34 3 19 26 
student 275: 31 18 6 30 42 46 27 8 9 2 41 19 10 13 36 40 43 28 49 5 11 16 22 48 21 20 1 44 47 4 7 14 39 34 32 29 24 37 15 25 33 12 17 45 35 50 38 3 23 26 
student 276: 34 18 2 28 47 45 22 7 10 5 37 25 12 13 33 44 39 29 48 3 6 19 17 49 23 21 4 42 46 8 9 16 31 35 36 27 26 40 15 24 38 11 14 43 41 50 32 1 20 30 
student 277: 34 18 4 25 46 43 23 5 11 7 41 24 9 16 36 40 45 31 44 2 10 17 13 49 28 21 6 42 50 8 3 12 33 37 32 27 19 35 15 29 38 14 22 48 39 47 30 1 20 26 
student 278: 30 16 4 29 47 45 20 9 10 5 36 25 11 12 32 42 41 31 49 2 14 22 23 46 34 19 3 43 48 7 8 13 35 37 28 27 24 38 6 21 39 18 15 44 40 50 33 1 17 26 
student 279: 31 18 1 29 42 47 23 7 10 6 38 22 4 13 33 41 43 30 49 3 12 15 19 48 24 21 5 45 46 11 9 8 36 35 32 25 26 40 14 28 37 16 17 44 39 50 34 2 20 27 
student 280: 33 17 3 29 43 50 24 6 8 4 37 21 11 10 31 39 42 30 47 2 14 20 16 48 26 18 7 44 45 13 5 12 35 36 32 23 25 38 15 27 41 9 19 46 40 49 34 1 22 28 
student 281: 33 16 2 27 42 46 24 7 9 6 38 21 11 12 31 39 40 32 48 3 10 17 18 49 25 22 4 45 44 5 8 13 41 35 30 26 28 37 15 23 36 14 20 43 47 50 34 1 19 29 
student 282: 32 15 3 34 46 44 22 7 9 4 40 20 10 11 31 38 41 30 48 2 12 19 18 50 23 26 5 45 47 8 6 16 33 36 29 28 25 39 13 24 37 14 17 43 42 49 35 1 21 27 
student 283: 33 18 3 26 42 43 27 5 7 8 35 21 13 11 32 46 45 30 48 2 10 16 19 47 25 24 4 41 50 6 9 14 36 39 31 29 23 37 17 28 40 12 15 44 38 49 34 1 20 22 
student 284: 33 14 3 26 38 46 20 8 10 6 36 25 9 11 34 41 44 29 50 2 12 19 18 47 24 21 5 45 43 4 7 15 32 35 31 23 28 39 16 27 42 13 17 48 40 49 37 1 22 30 
student 285: 33 17 3 29 47 45 26 11 8 2 40 23 12 14 37 41 44 28 50 4 10 20 19 46 22 21 7 42 48 5 6 16 34 32 31 27 25 38 15 24 39 13 9 35 43 49 36 1 18 30 
student 286: 31 14 2 28 46 45 24 7 9 5 34 21 10 11 35 44 43 29 49 3 12 19 18 50 22 23 6 42 48 8 4 13 36 32 33 27 25 40 17 26 37 16 15 39 41 47 38 1 20 30 
student 287: 32 13 4 29 44 46 25 2 10 3 39 21 7 12 34 41 49 30 48 1 16 20 18 45 26 19 5 43 50 6 9 17 35 37 31 27 24 38 15 23 36 11 14 42 40 47 33 8 22 28 
student 288: 32 14 2 28 44 46 26 7 9 5 39 24 10 12 29 40 43 31 48 4 17 20 22 45 15 23 3 42 49 8 6 13 35 36 33 25 27 38 16 21 37 11 19 50 41 47 34 1 18 30 
student 289: 32 18 6 28 43 40 24 7 10 3 41 23 8 13 33 42 44 30 48 1 12 19 17 50 22 21 2 45 46 9 5 15 34 35 36 25 26 37 14 27 38 11 16 47 39 49 31 4 20 29 
student 290: 34 16 5 27 43 45 25 7 12 2 39 20 15 11 32 41 42 30 48 3 10 21 19 49 22 23 4 47 46 8 6 17 37 35 31 24 28 40 13 26 38 9 14 44 36 50 33 1 18 29 
student 291: 32 14 3 23 44 46 26 8 11 7 43 21 12 10 37 41 40 31 50 1 9 20 16 48 25 18 5 42 47 6 4 13 33 34 29 24 30 38 19 27 36 15 17 45 39 49 35 2 22 28 
student 292: 32 15 5 30 42 50 21 8 7 6 39 18 11 13 38 41 43 29 49 2 10 25 16 48 19 24 4 44 46 9 3 17 34 35 33 26 23 37 20 28 36 12 14 47 40 45 27 1 22 31 
student 293: 32 15 3 27 44 45 19 8 10 6 38 23 11 5 30 43 41 35 49 1 12 20 17 48 25 22 4 47 46 9 7 16 39 36 31 28 24 37 13 29 33 14 18 40 42 50 34 2 21 26 
student 294: 30 22 4 28 43 46 27 6 7 5 40 23 13 12 31 39 42 29 50 3 9 16 19 48 20 21 2 44 45 8 10 14 36 32 37 25 34 38 11 24 33 15 17 47 41 49 35 1 18 26 
student 295: 34 16 3 28 42 46 27 9 10 5 38 21 12 6 30 35 43 31 49 2 13 20 22 48 23 15 8 44 45 4 7 14 37 41 33 25 24 39 19 26 36 11 17 47 40 50 32 1 18 29 
student 296: 33 19 1 28 41 45 23 6 9 4 37 26 10 14 31 39 44 27 50 2 12 15 18 48 29 20 8 46 47 7 5 13 32 36 30 25 24 40 16 22 38 11 17 43 42 49 35 3 21 34 
student 297: 33 21 3 28 45 46 26 8 4 7 39 27 12 13 36 40 42 31 49 2 11 16 14 48 17 24 6 43 47 9 5 20 35 32 29 23 25 38 18 19 37 10 15 44 41 50 34 1 22 30 
student 298: 35 17 4 27 44 47 24 7 5 6 40 21 8 11 33 41 43 32 49 1 13 22 23 48 26 20 3 45 46 12 9 16 34 39 29 30 25 37 10 18 38 14 15 42 36 50 31 2 19 28 
student 299: 31 15 5 30 46 41 25 6 9 3 42 24 11 13 34 38 40 28 48 2 10 19 18 50 20 21 4 45 47 8 7 14 35 39 33 23 27 32 16 26 36 12 17 44 43 49 37 1 22 29 
student 300: 31 17 3 24 43 45 23 10 5 7 41 25 9 12 33 40 37 34 49 1 11 19 18 48 21 22 6 42 44 8 4 16 36 35 30 28 27 38 14 26 46 13 15 47 39 50 32 2 20 29 
student 301: 32 18 3 27 44 46 23 5 8 9 42 22 13 10 35 40 41 29 50 1 16 20 19 48 24 17 6 45 49 7 4 12 34 36 30 28 26 38 14 25 37 11 15 43 39 47 33 2 21 31 
student 302: 31 19 7 26 47 46 27 11 10 9 39 23 2 13 36 40 41 29 45 6 4 12 17 49 22 21 3 42 48 5 8 16 34 33 32 28 24 38 15 25 37 14 18 44 43 50 35 1 20 30 
student 303: 40 21 7 28 43 45 25 8 13 4 38 22 10 16 32 33 41 29 48 3 5 20 19 49 24 18 2 46 47 9 6 15 34 36 31 27 26 37 11 23 39 12 17 44 42 50 35 1 14 30 
student 304: 34 18 2 26 44 43 22 7 9 4 40 23 15 10 30 42 41 31 48 1 12 19 11 50 25 21 5 45 47 8 6 16 35 36 29 24 28 38 17 27 33 14 13 46 39 49 37 3 20 32 
student 305: 32 17 2 28 45 44 23 11 7 3 39 20 12 10 35 42 46 29 48 6 14 19 18 50 26 22 5 41 43 9 8 13 36 37 31 27 24 34 4 25 38 15 16 49 40 47 33 1 21 30 
student 306: 35 27 2 28 43 49 22 8 9 5 39 20 12 14 33 40 42 29 47 1 10 19 17 48 18 25 3 45 44 7 4 15 34 36 30 26 24 37 13 23 38 11 16 46 41 50 32 6 21 31 
student 307: 33 14 6 24 45 47 23 2 8 7 38 26 12 11 32 42 37 29 48 1 15 20 18 49 19 22 4 43 46 9 5 16 36 34 31 30 27 39 13 25 40 10 17 44 41 50 35 3 21 28 
student 308: 32 18 7 33 45 44 24 11 8 4 38 22 16 13 29 43 40 28 49 3 5 19 17 48 23 21 6 46 47 9 1 12 36 37 31 27 26 35 14 25 39 10 15 42 41 50 34 2 20 30 
student 309: 33 15 3 27 43 46 24 7 6 8 38 23 10 13 22 41 42 32 48 2 11 19 20 49 18 21 4 44 47 9 5 14 35 37 30 29 25 39 16 28 36 12 17 45 40 50 34 1 26 31 
student 310: 30 18 2 28 43 48 24 10 7 3 39 21 9 13 32 47 41 31 46 4 12 20 19 49 23 22 1 40 44 8 6 14 36 35 29 25 33 38 15 26 37 11 17 45 42 50 34 5 16 27 
student 311: 36 17 4 26 42 45 27 8 7 5 44 19 10 12 32 41 39 30 49 1 11 21 16 47 23 22 6 40 48 3 9 14 34 33 31 25 29 38 13 24 37 15 20 43 46 50 35 2 18 28 
student 312: 34 17 3 28 43 48 23 7 9 4 39 21 10 13 32 40 47 30 49 2 11 15 18 42 24 22 5 41 45 8 6 14 36 37 31 25 27 35 19 26 38 12 16 46 44 50 33 1 20 29 
student 313: 32 17 7 30 41 48 25 5 9 3 39 22 10 13 36 40 42 27 50 2 11 18 19 46 21 20 4 44 47 8 6 14 33 38 31 28 26 37 16 24 35 12 15 45 43 49 34 1 23 29 
student 314: 37 19 2 29 42 46 27 5 8 3 38 21 10 15 33 41 40 31 49 4 12 16 17 50 22 25 6 47 44 9 7 14 36 35 32 24 26 39 13 23 30 11 18 43 45 48 34 1 20 28 
student 315: 34 17 3 33 44 49 24 4 7 6 41 23 9 12 30 40 42 31 50 2 11 20 21 46 22 19 5 48 45 10 8 14 38 35 32 26 25 37 15 27 36 13 16 43 39 47 29 1 18 28 
student 316: 33 17 2 27 43 45 24 6 5 3 40 21 10 15 32 35 42 30 48 7 11 22 18 47 19 20 4 44 49 9 8 13 34 36 31 26 25 39 14 28 38 12 16 46 41 50 37 1 23 29 
student 317: 30 15 3 27 45 46 23 8 9 4 39 21 11 12 33 42 41 29 48 1 10 20 18 44 22 24 2 43 49 6 7 14 34 36 32 28 26 38 16 25 37 13 19 47 40 50 35 5 17 31 
student 318: 31 17 8 29 43 45 23 11 9 7 37 22 5 13 33 38 42 28 47 2 10 15 19 48 26 21 3 46 49 6 4 14 34 39 30 25 27 41 16 24 35 12 18 44 40 50 36 1 20 32 
student 319: 30 15 3 27 35 48 22 4 8 7 39 21 9 17 29 43 44 33 46 2 11 19 14 47 23 25 5 41 49 10 6 13 37 38 36 26 28 42 16 24 34 12 18 45 40 50 32 1 20 31 
student 320: 35 16 3 27 46 49 23 6 9 5 39 22 8 13 34 44 40 31 48 2 11 18 19 43 24 21 4 47 45 10 7 14 36 33 30 28 26 38 17 25 37 12 15 42 41 50 32 1 20 29 
student 321: 32 19 2 28 46 47 27 8 9 3 39 21 15 14 31 34 40 33 50 4 11 20 10 48 22 23 5 42 45 7 6 13 36 38 29 25 26 44 16 24 37 12 18 43 41 49 35 1 17 30 
student 322: 33 18 4 29 43 49 21 7 8 5 36 22 11 15 31 42 39 28 50 2 10 25 14 45 23 20 3 46 47 9 6 12 34 35 30 24 32 41 16 26 40 13 17 44 38 48 37 1 19 27 
student 323: 31 17 3 33 45 39 27 7 13 4 40 20 8 12 32 42 44 28 48 2 9 16 19 47 23 22 5 46 50 11 6 14 38 37 29 26 25 36 15 24 35 10 18 43 41 49 34 1 21 30 
student 324: 35 23 1 27 45 47 24 8 6 3 38 25 13 12 30 43 44 32 46 5 15 16 19 48 22 17 4 40 42 11 7 10 33 36 34 28 26 39 18 21 37 9 14 49 41 50 31 2 20 29 
student 325: 35 15 4 25 49 48 29 7 9 6 39 17 10 14 30 42 46 26 44 1 11 18 19 50 23 21 5 45 38 8 2 20 40 34 31 27 28 36 13 22 32 12 16 43 41 47 37 3 24 33 
student 326: 34 16 2 28 43 45 19 7 9 4 40 17 10 12 29 39 41 31 48 6 15 20 22 49 25 24 3 44 47 8 5 13 35 38 32 27 26 36 14 23 37 11 18 46 42 50 33 1 21 30 
student 327: 32 16 6 27 42 49 24 3 8 5 39 23 12 13 29 41 43 33 46 2 10 20 18 45 21 22 4 47 48 7 9 14 34 36 31 30 26 38 15 25 40 11 17 44 37 50 35 1 19 28 
student 328: 40 15 2 28 44 45 23 8 10 4 39 21 9 13 29 35 43 32 48 3 11 16 19 47 24 22 7 42 50 6 5 14 38 36 30 31 27 37 17 25 34 12 18 46 41 49 33 1 20 26 
student 329: 35 15 2 25 41 47 27 7 10 6 40 22 12 13 30 44 42 31 49 1 9 20 16 48 23 18 4 43 45 8 5 14 37 36 33 26 24 32 17 28 38 11 21 46 39 50 34 3 19 29 
student 330: 32 16 3 27 47 46 28 6 9 5 40 21 10 15 37 42 41 31 48 2 13 19 18 49 20 23 4 38 45 7 8 17 43 33 30 24 29 34 12 25 35 11 14 44 39 50 36 1 22 26 
student 331: 30 17 3 28 44 48 23 6 5 7 40 20 14 15 33 45 42 31 46 2 11 18 22 49 21 24 4 41 47 10 8 9 34 36 35 25 27 38 12 26 39 13 16 43 37 50 32 1 19 29 
student 332: 35 17 2 28 45 46 25 6 7 5 38 23 8 14 30 39 36 31 44 3 10 18 20 49 24 21 4 47 48 9 11 12 34 37 29 27 26 41 13 22 40 16 15 43 42 50 33 1 19 32 
student 333: 33 17 2 26 45 43 25 6 5 8 39 22 11 10 35 40 46 31 50 12 9 16 15 49 23 21 1 44 47 7 4 13 34 36 30 27 29 37 14 24 38 18 20 42 41 48 32 3 19 28 
student 334: 31 17 3 30 43 47 24 8 9 5 38 23 11 12 28 36 42 35 48 2 10 20 18 49 21 22 4 44 46 7 6 13 37 32 27 26 25 40 15 29 41 14 16 45 39 50 33 1 19 34 
student 335: 31 17 4 27 46 44 29 6 8 2 42 21 9 12 33 45 39 28 50 7 10 19 18 49 24 23 1 43 47 5 11 15 36 37 32 30 20 35 13 26 38 14 16 41 40 48 34 3 22 25 
student 336: 32 22 3 27 42 48 21 11 6 1 40 24 9 16 33 41 39 28 49 5 10 18 15 46 20 23 4 43 47 8 2 13 34 36 31 30 26 38 14 25 37 12 17 45 44 50 35 7 19 29 
student 337: 36 16 4 27 42 46 22 9 6 5 41 26 10 13 30 44 40 31 48 3 11 20 19 49 18 24 7 43 47 8 2 15 38 35 28 25 29 39 17 21 32 12 14 45 37 50 34 1 23 33 
student 338: 32 19 3 29 45 46 22 4 9 5 37 23 10 13 31 40 44 28 48 2 12 20 18 49 26 17 7 41 43 6 8 14 39 34 30 27 25 38 16 24 36 11 15 47 42 50 35 1 21 33 
student 339: 31 16 2 25 42 46 22 6 10 5 40 21 11 12 34 43 45 30 47 3 9 19 18 50 28 20 4 38 48 7 8 17 37 35 33 27 26 39 13 24 36 14 15 44 41 49 32 1 23 29 
student 340: 36 18 1 25 46 44 26 7 9 4 42 21 11 10 28 41 40 35 50 3 13 22 17 48 23 20 5 43 47 8 6 14 37 34 32 33 27 39 15 24 30 12 16 49 38 45 31 2 19 29 
student 341: 37 17 2 27 44 46 23 5 10 6 38 21 11 14 34 42 39 35 49 3 9 15 19 45 24 22 4 47 48 7 8 16 31 32 28 29 25 33 13 26 40 12 18 43 41 50 36 1 20 30 
student 342: 30 18 3 24 44 47 21 8 4 7 36 25 11 13 26 42 41 31 48 2 10 17 22 46 23 20 5 45 49 9 6 14 33 38 34 29 28 40 15 27 35 12 16 43 39 50 37 1 19 32 
student 343: 34 16 3 35 39 46 24 4 8 5 37 22 10 13 30 41 42 29 50 9 12 20 17 49 23 21 2 45 47 6 7 19 33 36 31 28 26 40 14 25 38 11 15 43 44 48 32 1 18 27 
student 344: 33 9 5 29 44 45 27 7 10 1 37 23 11 14 31 40 42 26 48 4 18 21 19 47 22 20 2 41 46 8 6 13 34 35 32 25 28 36 16 24 39 12 15 50 43 49 38 3 17 30 
student 345: 31 16 5 29 41 44 23 7 9 6 40 21 11 12 32 45 42 28 49 2 8 22 18 48 26 20 3 43 46 10 4 15 37 36 33 27 25 35 14 24 39 13 17 47 38 50 34 1 19 30 
student 346: 32 16 5 27 48 46 21 11 3 12 39 18 7 14 29 47 41 31 45 2 10 19 22 50 23 24 4 43 44 8 6 17 33 36 35 28 25 38 13 26 37 9 15 42 40 49 34 1 20 30 
student 347: 33 19 2 31 43 45 23 11 8 7 39 14 12 13 30 42 41 29 49 3 10 18 15 50 25 21 4 46 47 6 5 16 34 37 32 28 26 38 17 24 36 9 20 44 40 48 35 1 22 27 
student 348: 32 17 5 27 44 46 24 12 6 4 40 23 11 13 33 42 41 30 50 2 8 19 18 45 22 21 3 47 43 9 7 16 34 37 31 28 25 35 14 26 39 10 15 49 38 48 36 1 20 29 
student 349: 34 15 2 28 40 50 23 7 10 5 38 22 6 13 32 41 43 30 48 9 11 20 18 47 26 19 4 46 45 8 3 16 35 36 29 25 27 42 14 24 37 12 17 44 39 49 33 1 21 31 
student 350: 31 18 4 28 44 45 25 9 10 6 37 21 8 14 38 40 41 32 48 3 12 19 16 47 24 23 1 43 46 5 7 17 34 42 33 29 27 36 11 20 35 13 15 39 49 50 30 2 22 26 
student 351: 37 16 5 28 42 43 25 6 9 7 39 19 10 12 34 40 44 29 48 1 14 18 22 50 23 24 4 45 49 8 3 20 30 35 32 27 26 36 15 21 38 11 13 46 41 47 33 2 17 31 
student 352: 36 18 2 28 42 47 26 6 9 7 39 23 10 11 31 43 38 30 46 4 12 21 19 48 22 20 5 44 49 8 3 14 35 40 32 27 25 37 17 24 34 13 15 45 41 50 33 1 16 29 
student 353: 37 17 4 28 46 48 24 6 9 5 35 20 10 11 30 41 42 31 47 2 14 19 18 49 22 26 3 43 45 7 8 13 39 34 32 27 25 36 12 23 40 15 16 44 38 50 33 1 21 29 
student 354: 32 16 3 26 43 48 24 10 11 5 35 21 9 13 34 42 41 29 44 2 8 18 17 50 22 23 4 46 45 6 7 14 36 37 31 27 25 40 20 30 33 12 15 49 39 47 38 1 19 28 
student 355: 30 18 5 31 43 48 23 6 8 10 37 24 9 16 29 41 38 28 49 2 11 21 19 46 22 20 4 44 45 7 3 12 35 36 33 27 25 42 14 26 40 15 13 47 39 50 34 1 17 32 
student 356: 32 20 4 28 43 45 22 5 11 6 39 24 8 16 33 41 42 31 50 2 10 17 18 47 23 21 3 44 49 9 7 15 35 34 30 29 26 40 14 25 36 12 13 46 38 48 37 1 19 27 
student 357: 29 18 2 23 45 43 27 6 11 5 35 21 14 10 32 39 42 31 50 4 9 19 17 48 20 24 3 44 49 8 15 12 41 38 33 30 25 40 16 28 36 7 13 47 37 46 34 1 22 26 
student 358: 32 14 1 27 50 47 23 11 2 6 39 24 9 12 30 41 44 33 48 5 15 20 19 46 25 21 4 43 45 8 7 13 36 38 31 26 28 37 16 22 35 10 17 42 40 49 34 3 18 29 
student 359: 34 16 3 28 41 46 24 7 10 8 38 21 11 13 31 37 42 29 50 2 12 18 17 49 22 23 4 43 47 9 6 14 33 35 32 26 27 39 15 25 44 5 19 45 40 48 36 1 20 30 
student 360: 34 13 4 28 42 45 23 5 7 8 39 22 10 18 32 40 41 30 47 3 12 19 15 49 25 20 2 43 48 9 6 14 36 37 31 27 26 38 17 24 35 11 16 46 44 50 33 1 21 29 
student 361: 32 19 1 25 41 47 29 6 11 8 36 26 9 16 38 33 43 31 49 4 14 17 15 46 22 21 5 42 44 10 2 7 37 34 30 24 27 45 13 23 39 12 18 48 40 50 35 3 20 28 
student 362: 32 18 2 27 40 46 23 9 6 5 35 22 11 12 31 38 43 33 49 1 8 15 20 48 25 19 3 45 47 10 7 17 36 41 29 30 26 37 13 24 39 16 14 44 42 50 34 4 21 28 
student 363: 37 15 1 29 43 48 23 7 9 5 34 22 10 14 31 44 40 30 49 3 13 20 18 47 24 19 6 39 45 4 8 12 33 36 32 27 26 38 17 25 41 11 16 46 42 50 35 2 21 28 
student 364: 31 17 5 26 42 44 25 7 10 6 38 22 12 14 30 41 43 32 49 1 11 21 18 48 23 20 4 45 47 9 3 16 33 39 34 24 28 36 13 27 37 8 15 46 40 50 35 2 19 29 
student 365: 30 14 2 27 41 46 24 6 5 9 42 20 10 16 34 45 44 32 47 4 7 22 19 48 21 23 3 43 49 11 8 17 38 36 28 26 25 37 13 31 35 15 12 39 40 50 33 1 18 29 
student 366: 36 17 3 28 43 47 23 4 8 5 33 25 9 12 32 40 44 34 50 2 11 16 19 48 20 24 7 42 46 10 6 18 37 38 29 27 26 35 14 21 41 13 15 45 39 49 31 1 22 30 
student 367: 37 17 6 27 44 41 23 7 12 3 38 25 10 11 29 36 42 32 45 1 8 19 20 47 22 21 2 46 49 9 4 14 33 35 31 30 26 39 16 24 40 13 15 43 50 48 34 5 18 28 
student 368: 34 16 4 29 43 47 23 5 8 7 39 19 10 12 33 41 42 31 48 3 11 18 17 46 22 21 2 45 49 9 6 13 36 30 32 27 25 37 14 26 38 15 20 44 40 50 35 1 24 28 
student 369: 35 17 3 26 43 44 25 8 4 5 41 21 9 11 30 40 36 32 49 2 10 19 18 48 24 22 12 45 47 7 6 14 38 42 33 27 23 39 15 28 29 13 16 46 37 50 34 1 20 31 
student 370: 27 19 3 33 42 48 24 6 7 9 38 22 11 10 28 46 41 30 49 1 12 13 17 47 25 18 5 45 44 8 4 16 32 37 35 26 29 39 15 23 34 14 20 43 40 50 36 2 21 31 
student 371: 35 16 3 28 42 47 23 6 9 5 41 21 11 13 33 40 39 29 48 1 10 17 22 46 24 20 7 43 45 8 2 15 37 36 31 26 25 34 18 27 38 12 14 49 44 50 32 4 19 30 
student 372: 33 18 4 26 45 46 16 12 8 7 38 23 6 14 32 42 43 29 49 1 10 24 22 47 21 20 3 40 48 9 5 15 35 36 31 28 25 41 11 27 37 13 17 44 39 50 34 2 19 30 
student 373: 32 16 6 31 39 47 26 8 9 7 40 21 10 20 29 41 44 28 48 1 12 19 18 50 22 17 2 43 45 5 3 13 36 34 35 27 24 37 14 25 38 11 15 42 46 49 33 4 23 30 
student 374: 34 16 4 29 40 46 26 7 8 6 43 21 12 13 32 41 42 30 48 3 10 20 17 49 23 18 2 45 47 9 5 14 36 35 31 27 25 38 19 24 37 11 15 44 39 50 33 1 22 28 
student 375: 31 17 3 28 35 45 22 7 10 4 40 20 8 12 34 42 39 37 47 2 11 21 19 48 27 18 5 49 44 9 6 13 36 30 33 25 29 38 14 24 41 15 16 46 43 50 32 1 23 26 
student 376: 37 16 4 30 44 46 23 3 7 6 36 20 14 15 33 40 41 26 49 5 11 13 21 45 24 18 8 43 48 9 2 10 35 34 31 29 25 39 17 27 38 12 22 47 42 50 32 1 19 28 
student 377: 37 16 5 25 43 48 21 4 11 9 35 28 12 14 29 42 41 27 49 2 13 19 17 47 24 23 3 45 46 10 6 7 34 33 32 22 30 39 8 26 36 18 15 44 38 50 40 1 20 31 
student 378: 36 15 6 28 40 44 24 8 9 4 41 22 11 12 34 42 39 30 49 3 10 21 18 46 23 20 2 47 48 7 5 16 37 33 32 27 25 38 14 26 35 13 17 43 45 50 31 1 19 29 
student 379: 30 18 2 29 40 47 20 9 6 7 38 24 12 14 33 42 43 28 46 4 10 17 21 49 19 23 3 44 48 8 5 11 35 36 32 31 27 39 15 25 37 13 22 45 41 50 26 1 16 34 
student 380: 29 17 1 26 42 45 27 6 11 5 38 22 10 9 32 46 39 33 48 4 13 18 14 47 23 21 3 44 50 8 7 12 36 41 35 25 30 31 16 24 34 15 19 43 37 49 40 2 20 28 
student 381: 33 17 3 27 40 46 23 8 12 5 43 25 6 11 30 38 42 31 48 1 9 20 18 49 22 21 4 45 47 10 7 16 35 41 32 26 28 37 13 24 36 14 15 44 39 50 34 2 19 29 
student 382: 27 16 4 31 42 45 24 8 10 6 35 22 2 12 33 39 40 29 50 1 11 17 19 49 25 21 5 47 46 7 9 15 36 37 32 23 28 38 18 26 41 13 14 43 44 48 34 3 20 30 
student 383: 32 17 3 30 45 43 27 7 10 4 38 19 12 14 26 39 40 36 50 1 9 18 20 48 23 22 6 46 47 8 5 15 37 34 31 29 25 42 11 24 41 13 16 44 35 49 33 2 21 28 
student 384: 34 17 8 29 42 46 24 6 9 2 38 28 11 12 31 41 44 30 48 3 13 19 18 49 23 20 5 43 47 7 4 10 35 36 32 27 25 37 14 26 39 15 16 45 40 50 33 1 22 21 
student 385: 32 24 6 29 42 48 20 9 14 5 40 22 8 13 33 41 46 28 49 3 10 17 16 43 25 21 4 45 47 2 7 15 35 36 31 27 23 37 11 26 38 12 19 44 39 50 34 1 18 30 
student 386: 29 18 1 24 43 44 27 7 9 5 39 26 12 10 34 41 40 31 49 2 8 17 16 48 25 19 11 46 47 6 3 14 36 35 33 28 23 37 20 22 38 13 15 45 42 50 32 4 21 30 
student 387: 32 18 4 30 46 45 24 8 11 5 37 22 9 14 31 40 41 29 49 3 10 19 17 47 25 20 2 44 48 6 7 12 34 39 33 28 26 38 15 21 36 13 16 43 42 50 35 1 23 27 
student 388: 33 17 3 28 44 47 21 9 8 4 40 26 11 12 29 41 39 31 50 2 10 25 18 42 22 19 5 48 45 7 6 13 34 35 32 27 24 38 14 23 36 15 16 46 43 49 37 1 20 30 
student 389: 31 17 2 28 42 46 27 9 11 6 39 18 7 13 33 37 40 30 49 5 8 15 22 48 23 21 4 43 47 10 3 14 35 38 32 26 24 41 16 20 44 12 19 45 36 50 34 1 25 29 
student 390: 33 18 8 28 42 45 27 4 7 5 47 20 12 11 31 43 36 29 44 1 9 21 17 48 23 19 3 49 46 6 10 13 34 39 32 26 25 40 14 24 37 15 16 41 38 50 35 2 22 30 
student 391: 36 17 3 30 45 46 26 8 10 4 35 20 14 16 31 41 42 29 47 2 12 21 19 49 23 15 5 43 48 7 6 9 32 37 34 25 27 39 18 24 38 11 13 44 40 50 33 1 22 28 
student 392: 32 17 3 30 39 47 25 8 9 7 43 20 10 12 33 45 40 31 50 2 13 19 18 49 24 23 6 42 48 5 4 16 37 34 28 29 27 35 15 26 36 14 11 44 41 46 38 1 21 22 
student 393: 32 17 3 28 41 44 25 7 10 5 35 21 12 14 31 42 43 30 49 1 8 20 19 48 24 18 4 39 45 9 6 15 34 36 33 27 26 38 13 23 40 11 16 46 47 50 37 2 22 29 
student 394: 33 17 3 28 43 45 22 6 9 4 31 23 12 16 36 50 42 32 48 2 10 20 18 46 25 13 5 44 40 7 8 11 35 37 29 27 26 39 19 24 38 14 15 47 41 49 34 1 21 30 
student 395: 34 17 2 33 45 46 24 6 11 7 39 20 8 9 32 43 40 26 49 4 13 19 16 48 22 25 3 38 44 10 5 12 31 41 30 28 29 42 18 23 35 15 14 47 37 50 36 1 21 27 
student 396: 34 17 6 30 45 44 25 7 10 5 40 20 11 16 33 41 42 32 49 2 9 19 18 48 22 24 4 43 47 8 3 12 35 37 26 28 27 36 14 23 38 13 15 46 39 50 29 1 21 31 
student 397: 32 17 3 29 43 47 24 8 9 5 37 25 10 13 33 41 42 28 50 2 11 16 21 48 19 20 4 45 46 7 6 18 35 36 30 27 26 39 14 22 38 12 15 44 40 49 34 1 23 31 
student 398: 34 17 3 27 42 46 28 6 9 7 38 21 10 14 31 40 48 29 47 1 8 22 18 43 24 19 4 44 49 5 11 15 35 37 32 26 30 39 16 23 36 12 13 45 41 50 33 2 20 25 
student 399: 32 17 2 28 42 48 26 6 12 7 41 22 9 13 31 40 43 30 44 1 10 21 19 49 23 20 4 45 47 5 8 18 39 36 35 27 24 34 15 25 38 11 14 46 37 50 33 3 16 29 
student 400: 32 16 3 28 43 45 24 5 12 7 37 21 11 10 34 42 44 30 48 2 13 18 20 47 22 23 4 49 50 8 9 19 33 35 31 25 27 38 15 26 36 6 14 40 41 46 39 1 17 29 
student 401: 35 13 4 27 43 49 25 7 8 5 39 21 10 11 30 42 40 34 48 2 14 16 20 47 22 19 3 44 45 9 6 15 32 36 33 26 28 38 17 24 37 12 18 46 41 50 31 1 23 29 
student 402: 33 17 3 30 44 46 29 7 11 6 39 23 9 15 32 40 41 31 49 1 12 18 16 48 28 21 5 42 50 4 8 13 36 34 27 24 25 38 14 26 37 10 19 45 43 47 35 2 20 22 
student 403: 35 17 4 25 43 45 24 6 13 1 34 22 9 14 29 42 40 32 50 5 11 19 16 49 23 20 3 44 46 8 7 15 33 37 28 30 26 39 12 27 38 10 18 47 41 48 36 2 21 31 
student 404: 34 17 1 27 46 47 29 8 6 4 36 26 11 13 33 38 41 30 45 5 9 16 19 44 21 20 2 43 50 7 10 12 40 28 31 22 25 39 18 23 37 14 15 48 42 49 35 3 24 32 
student 405: 30 15 6 28 42 45 24 5 8 9 35 22 10 12 32 43 41 38 47 4 11 19 20 50 23 21 2 49 44 7 3 16 37 33 27 26 25 39 14 31 36 13 18 46 40 48 34 1 17 29 
student 406: 36 21 3 25 43 46 20 7 8 4 39 24 11 9 32 41 42 30 49 2 16 15 22 47 23 18 5 45 48 10 6 17 33 28 35 31 27 38 13 26 37 12 14 44 40 50 34 1 19 29 
student 407: 34 18 4 27 43 44 23 16 8 3 40 22 12 11 32 41 42 30 48 1 9 20 21 49 25 19 2 46 47 7 6 14 35 38 31 24 26 36 13 28 37 10 15 45 39 50 33 5 17 29 
student 408: 34 18 2 30 41 45 24 7 9 4 40 23 13 14 28 47 42 31 48 3 10 19 17 49 27 20 6 43 46 8 5 11 36 35 32 25 21 38 15 29 37 12 16 44 39 50 33 1 22 26 
student 409: 33 16 5 23 44 47 25 7 13 4 42 19 10 14 31 39 46 32 49 2 11 20 18 50 26 22 3 41 45 9 6 15 35 36 29 27 28 38 8 24 37 12 17 40 43 48 34 1 21 30 
student 410: 31 21 3 28 45 48 24 8 11 4 39 20 6 13 34 40 43 30 42 5 9 19 18 50 23 26 7 46 47 10 1 15 36 38 33 25 27 35 16 22 37 12 14 44 41 49 32 2 17 29 
student 411: 35 17 3 28 45 47 23 6 9 5 40 20 12 14 34 43 39 29 44 2 11 18 19 49 24 21 7 41 48 8 4 10 36 33 32 27 25 42 15 26 37 13 16 46 38 50 31 1 22 30 
student 412: 35 15 3 30 48 43 25 6 7 4 40 21 9 14 31 42 41 29 49 2 10 19 17 47 22 24 5 44 46 12 8 13 34 37 23 28 26 36 16 27 39 11 18 45 38 50 33 1 20 32 
student 413: 31 18 3 28 43 46 24 7 8 2 41 21 11 13 35 40 42 30 48 4 10 16 23 50 20 19 6 44 47 9 5 12 33 39 34 29 27 38 14 22 36 15 17 45 37 49 32 1 26 25 
student 414: 32 17 2 29 45 47 25 7 9 4 41 21 11 14 24 42 40 35 50 3 10 20 18 48 26 22 6 44 43 8 5 13 33 37 30 28 23 38 16 27 39 12 15 46 34 49 36 1 19 31 
student 415: 33 16 12 31 42 44 19 5 11 6 40 26 8 10 35 45 46 28 49 2 9 18 20 48 23 25 4 43 47 3 7 13 30 34 32 24 22 37 15 27 38 14 17 41 39 50 36 1 21 29 
student 416: 33 16 4 28 44 49 25 7 9 6 38 23 10 13 32 39 43 30 45 2 11 19 14 47 24 18 5 42 48 8 3 17 35 37 31 26 27 40 15 21 36 12 20 46 41 50 34 1 22 29 
student 417: 35 19 1 27 43 50 23 9 7 5 38 21 10 18 31 39 41 33 49 2 11 20 15 47 25 17 3 42 46 6 8 12 34 37 32 30 28 44 14 26 36 13 16 45 40 48 29 4 22 24 
student 418: 34 16 1 28 43 45 19 9 10 2 41 22 4 15 31 38 42 29 50 5 11 21 18 48 20 24 8 44 47 7 6 17 33 36 32 27 26 39 13 25 37 12 14 46 40 49 35 3 23 30 
student 419: 34 17 3 26 45 48 22 6 10 5 38 19 11 15 33 43 39 27 50 4 8 23 18 40 20 29 2 44 49 9 7 12 32 42 31 25 24 37 16 28 36 14 13 47 41 46 35 1 21 30 
student 420: 42 15 4 29 43 46 26 11 9 7 37 19 8 13 35 38 40 28 50 2 10 22 20 48 24 21 6 45 47 5 3 14 34 33 32 23 27 41 16 25 36 12 17 44 39 49 31 1 18 30 
student 421: 31 14 1 29 44 46 26 2 11 5 41 20 7 15 34 42 38 30 49 6 12 21 17 47 23 22 9 43 48 10 4 16 32 39 33 28 25 36 8 24 37 13 19 45 40 50 35 3 18 27 
student 422: 34 18 3 29 38 47 23 6 9 5 40 22 13 15 31 41 45 30 49 2 11 20 16 50 21 25 4 43 48 8 7 14 33 35 32 27 24 37 10 26 39 12 17 46 42 44 36 1 19 28 
student 423: 33 18 3 26 43 46 24 9 11 4 39 22 7 10 30 41 42 31 47 1 14 17 19 48 21 23 5 44 49 12 6 20 38 37 32 28 27 40 15 25 34 13 8 45 36 50 35 2 16 29 
student 424: 28 13 4 31 39 47 26 6 9 2 38 22 11 14 37 44 40 27 50 1 10 19 15 46 24 17 5 43 48 7 8 16 41 32 35 29 25 42 18 23 36 12 20 45 33 49 34 3 21 30 
student 425: 34 19 5 29 44 45 28 9 10 3 39 22 11 12 31 40 42 30 50 2 13 21 20 46 23 17 6 47 48 7 4 14 33 37 32 18 25 35 16 26 38 8 15 41 43 49 36 1 24 27 
student 426: 36 16 3 27 41 47 24 7 8 5 35 22 9 10 31 37 44 28 48 2 14 21 18 46 23 20 4 43 50 12 6 11 39 33 30 32 26 40 17 25 34 13 15 45 42 49 38 1 19 29 
student 427: 34 16 3 26 45 43 28 10 8 7 39 22 9 13 32 42 41 30 49 2 11 19 18 47 21 20 6 44 46 4 5 14 37 33 29 27 25 38 17 23 36 12 15 48 40 50 35 1 24 31 
student 428: 34 17 2 28 46 50 24 7 11 6 39 21 13 15 32 40 41 31 49 4 9 23 10 48 22 20 3 44 47 8 5 14 36 33 30 27 25 38 16 26 37 12 19 43 42 45 35 1 18 29 
student 429: 36 18 5 27 45 50 24 6 7 9 38 20 8 10 32 41 44 28 42 3 11 17 21 48 23 22 2 43 46 13 4 12 33 39 35 31 25 37 15 26 34 14 16 47 40 49 29 1 19 30 
student 430: 33 20 2 25 45 46 24 11 9 4 40 26 10 13 32 42 41 29 47 1 7 19 18 48 22 21 3 43 49 8 6 14 37 35 30 31 23 39 16 28 38 12 17 44 36 50 34 5 15 27 
student 431: 32 20 1 30 42 47 29 4 10 5 39 22 12 8 33 40 45 28 49 2 13 19 18 46 23 21 3 43 48 7 9 17 34 38 31 27 24 37 14 25 35 15 11 44 41 50 36 6 16 26 
student 432: 35 16 1 27 43 48 25 8 9 4 38 22 11 13 33 40 42 29 50 7 12 20 19 46 24 18 5 44 49 6 3 17 37 41 30 31 26 36 14 21 32 10 15 47 39 45 34 2 23 28 
student 433: 32 20 3 34 43 48 22 7 9 5 41 18 8 13 31 40 42 28 47 1 10 17 14 45 23 25 4 44 49 12 6 16 38 35 30 26 24 37 19 27 36 11 15 46 39 50 33 2 21 29 
student 434: 36 19 5 31 43 47 21 7 9 6 39 22 8 13 32 40 41 27 48 4 11 17 15 45 20 25 10 44 49 3 2 14 33 38 29 26 30 37 23 24 34 12 16 46 42 50 35 1 18 28 
student 435: 36 22 4 26 45 46 27 5 6 10 39 17 11 7 33 43 41 31 47 1 9 20 23 42 24 19 2 44 50 8 12 13 35 34 28 29 25 37 18 21 38 15 14 48 40 49 30 3 16 32 
student 436: 35 16 5 28 43 46 24 9 8 7 45 18 10 13 34 36 41 31 49 4 12 22 17 50 21 15 3 44 47 6 2 20 33 38 30 26 27 39 14 25 37 11 19 42 40 48 32 1 23 29 
student 437: 26 16 9 31 44 48 25 7 8 4 39 22 10 12 28 40 43 32 50 2 13 19 17 46 24 18 3 42 49 6 5 15 38 35 36 29 27 34 20 23 37 11 14 45 41 47 33 1 21 30 
student 438: 32 17 3 33 42 46 26 6 9 4 41 16 11 13 29 39 44 23 48 1 12 20 19 50 22 25 2 45 43 7 8 15 34 36 31 27 24 40 10 28 37 14 18 49 38 47 35 5 21 30 
student 439: 40 18 3 28 38 47 25 6 9 5 35 19 8 15 36 42 43 27 48 2 11 20 17 46 23 22 4 45 49 12 7 10 32 33 31 24 29 39 16 26 37 13 14 44 41 50 34 1 21 30 
student 440: 32 19 1 30 42 45 22 2 9 4 41 20 10 12 29 37 43 33 50 6 11 18 21 49 24 17 3 44 48 8 7 14 35 38 28 27 26 36 15 25 39 13 16 47 40 46 34 5 23 31 
student 441: 35 13 3 28 44 47 24 7 6 5 38 23 12 8 32 41 43 31 48 2 10 18 15 46 20 22 4 42 50 9 11 16 37 33 30 27 26 39 19 25 36 14 17 45 40 49 34 1 21 29 
student 442: 33 19 6 25 45 46 22 2 10 5 41 24 4 13 32 40 42 30 48 1 12 16 15 49 20 23 9 37 47 8 7 17 35 38 31 28 27 39 18 26 36 11 14 43 44 50 34 3 21 29 
student 443: 33 16 3 28 43 48 25 7 8 4 39 23 10 14 32 42 47 31 50 1 9 20 12 45 24 21 5 41 46 11 6 13 34 38 27 30 26 37 17 22 36 15 19 44 40 49 35 2 18 29 
student 444: 28 16 3 30 42 46 25 7 8 5 39 21 10 12 27 43 40 31 48 2 14 20 17 49 23 22 4 44 45 11 6 13 35 37 32 26 29 38 18 24 36 9 15 47 41 50 34 1 19 33 
student 445: 28 16 4 29 43 45 22 8 10 7 38 23 14 12 33 42 44 31 48 2 6 19 18 49 24 21 3 41 47 9 5 17 37 39 32 25 26 36 15 27 34 11 13 46 40 50 35 1 20 30 
student 446: 33 16 1 28 44 46 20 10 8 5 38 26 2 12 32 41 45 25 49 4 9 21 19 48 27 22 7 43 47 11 6 13 31 39 34 29 23 36 15 24 37 14 17 42 40 50 35 3 18 30 
student 447: 35 22 3 29 43 46 23 7 8 4 40 18 13 15 30 42 39 33 47 2 11 14 16 48 24 20 6 41 49 10 9 17 36 34 31 26 27 38 12 25 37 5 19 45 44 50 32 1 21 28 
student 448: 37 20 2 31 44 45 19 10 6 4 39 17 12 15 32 35 43 33 48 3 7 18 16 47 25 22 8 42 49 11 5 13 38 34 30 26 28 36 14 24 41 9 23 46 40 50 29 1 21 27 
student 449: 35 15 3 25 41 45 24 6 11 7 36 23 8 12 34 43 47 27 48 4 13 28 17 46 21 20 2 42 49 10 5 14 38 37 31 29 26 39 16 22 33 9 18 44 40 50 32 1 19 30 
student 450: 34 16 2 30 45 47 24 8 9 4 40 23 13 12 31 38 43 29 49 3 10 18 20 48 22 21 7 44 46 6 5 14 35 36 33 27 26 37 15 25 39 11 17 41 42 50 32 1 19 28 
student 451: 34 13 7 27 44 49 26 6 5 4 39 28 15 10 32 43 42 23 48 2 8 19 18 50 22 20 3 46 45 14 12 11 33 36 31 30 25 38 16 21 37 9 17 40 41 47 35 1 24 29 
student 452: 36 19 5 29 42 47 26 4 9 7 39 22 10 15 35 43 41 30 45 1 12 18 17 49 23 20 3 44 46 8 6 14 32 34 31 27 25 38 16 24 37 11 13 48 40 50 33 2 21 28 
student 453: 31 18 5 29 43 49 26 2 6 8 38 22 9 14 32 41 44 30 50 3 10 17 19 48 21 23 4 40 46 12 7 13 37 35 33 28 25 39 15 27 34 11 16 45 42 47 36 1 20 24 
student 454: 34 16 2 29 46 43 24 10 3 6 38 21 9 14 33 42 37 31 48 5 12 20 19 45 26 22 4 41 49 8 7 17 36 35 32 25 23 40 13 30 39 11 15 47 44 50 28 1 18 27 
student 455: 31 16 2 29 39 45 25 7 9 8 41 20 11 14 30 38 43 27 48 3 17 19 18 49 24 22 6 44 47 5 4 13 34 36 32 28 26 40 15 23 42 10 12 46 37 50 35 1 21 33 
student 456: 32 14 2 24 42 48 25 8 6 4 37 21 13 16 33 40 41 30 45 3 11 20 18 49 23 19 7 43 47 10 5 9 35 36 31 26 29 39 17 27 38 12 15 46 44 50 34 1 22 28 
student 457: 34 17 3 29 46 48 22 8 12 6 38 21 11 16 35 39 44 31 49 2 10 23 19 47 24 18 5 43 45 7 9 13 36 33 30 27 26 41 15 25 37 4 14 42 40 50 32 1 20 28 
student 458: 33 21 4 27 43 45 23 7 9 2 41 24 11 12 32 37 42 28 49 1 14 13 18 50 22 20 3 44 46 8 6 15 34 40 30 29 26 36 16 25 38 10 19 47 39 48 35 5 17 31 
student 459: 33 17 4 27 42 49 24 9 7 5 39 21 11 13 32 37 41 28 47 2 10 22 15 46 23 16 3 48 50 6 8 14 36 35 31 26 25 40 19 29 38 12 18 45 43 44 34 1 20 30 
student 460: 30 19 7 24 43 46 25 5 10 3 39 20 9 13 35 42 44 28 48 1 6 12 16 50 23 22 4 41 47 11 8 17 33 37 32 31 29 38 15 26 36 18 14 45 40 49 34 2 21 27 
student 461: 33 15 3 32 42 46 23 6 8 9 40 22 11 13 28 39 41 31 49 4 10 16 18 47 24 20 2 45 48 7 5 14 34 36 30 26 27 37 21 25 38 12 17 44 43 50 35 1 19 29 
student 462: 34 17 2 32 44 45 23 5 12 10 36 21 9 16 30 42 43 28 48 6 7 15 19 47 24 20 4 38 49 8 1 18 35 39 31 26 27 40 14 25 37 13 11 46 41 50 33 3 22 29 
student 463: 32 18 3 28 43 46 26 12 8 4 42 22 10 14 31 37 45 27 48 2 15 20 19 47 23 17 5 44 49 6 7 13 38 34 30 29 24 36 9 25 40 11 16 39 41 50 35 1 21 33 
student 464: 33 18 2 30 42 46 23 8 9 4 38 21 11 10 28 39 43 31 49 5 12 19 17 48 24 20 3 45 47 6 7 14 34 35 32 22 29 40 15 26 36 13 16 44 41 50 37 1 25 27 
student 465: 33 15 6 28 43 46 24 7 8 5 41 21 11 10 29 39 40 37 49 4 13 19 18 48 22 23 2 44 47 9 3 12 34 35 31 26 27 36 16 25 38 14 17 45 42 50 32 1 20 30 
student 466: 32 19 3 30 40 46 22 8 10 6 42 20 9 12 34 41 43 29 48 1 13 21 17 45 28 23 4 44 49 5 7 14 36 35 31 27 26 39 15 24 37 11 16 47 38 50 33 2 18 25 
student 467: 29 14 3 27 43 48 23 6 9 5 40 22 17 20 33 41 42 30 49 2 8 15 16 47 24 21 4 45 46 12 7 10 34 38 32 26 28 39 13 31 36 11 18 44 37 50 35 1 19 25 
student 468: 29 18 3 26 45 47 22 7 11 4 39 20 8 13 32 41 43 30 50 1 19 15 14 48 25 23 2 42 46 10 6 12 34 36 31 27 28 40 16 24 35 9 17 44 37 49 38 5 21 33 
student 469: 32 17 5 29 44 46 20 6 9 4 40 23 10 12 30 41 42 31 45 1 11 19 18 48 22 24 3 43 50 8 7 14 37 35 33 27 26 38 16 25 36 13 15 47 39 49 34 2 21 28 
student 470: 32 14 1 29 46 44 25 7 10 4 39 22 9 15 31 38 43 33 42 2 12 19 20 50 23 16 5 45 47 8 3 11 36 35 30 28 27 41 17 26 37 13 18 48 40 49 34 6 21 24 
student 471: 34 15 1 27 44 47 14 7 6 3 43 24 12 13 30 40 42 33 48 4 11 16 18 41 23 20 5 46 50 9 8 10 36 32 31 26 25 38 19 28 37 22 17 45 39 49 35 2 21 29 
student 472: 32 17 5 35 44 47 22 4 12 6 41 21 9 13 31 40 39 28 48 3 10 23 18 50 25 20 7 43 46 8 2 14 36 30 29 34 26 38 15 27 37 11 16 45 42 49 33 1 19 24 
student 473: 31 18 3 26 44 49 20 4 11 6 41 23 8 13 33 42 45 29 46 1 12 19 17 50 24 21 7 38 48 5 10 15 34 36 39 28 25 37 16 30 35 9 14 43 40 47 32 2 22 27 
student 474: 34 17 3 25 42 46 18 8 10 2 37 22 11 15 33 40 41 29 49 4 6 21 16 48 30 20 5 45 47 9 7 13 35 28 32 27 26 44 14 23 36 12 19 43 38 50 39 1 24 31 
student 475: 32 17 8 28 45 48 22 7 10 6 33 23 9 12 31 40 41 35 49 3 11 21 14 47 24 20 5 44 42 4 2 13 34 37 30 27 25 39 19 29 38 15 16 46 43 50 36 1 18 26 
student 476: 30 16 5 32 44 47 24 10 8 6 37 20 4 13 31 41 40 28 48 3 9 19 17 49 34 18 2 42 45 14 7 15 36 35 29 27 25 39 11 23 38 12 21 46 43 50 33 1 22 26 
student 477: 26 18 4 30 44 46 22 8 9 2 38 27 5 16 32 43 41 25 50 3 10 17 20 47 21 23 6 42 49 7 12 11 34 36 33 29 28 39 15 24 37 13 14 45 40 48 35 1 19 31 
student 478: 35 18 2 25 40 44 23 6 15 5 34 27 8 14 32 33 45 30 50 1 9 19 11 49 21 20 4 46 48 10 7 16 37 36 31 28 26 41 13 24 39 12 17 42 43 47 38 3 22 29 
student 479: 34 15 5 29 45 40 22 6 12 11 36 19 8 9 33 42 44 25 49 1 14 18 20 48 27 23 4 46 43 7 3 13 35 37 31 26 28 39 16 24 38 10 17 47 41 50 32 2 21 30 
student 480: 35 17 3 28 44 41 23 4 9 7 39 21 10 13 32 42 43 31 50 2 11 19 18 46 20 22 6 47 45 8 5 15 30 37 29 26 24 38 16 27 34 12 14 48 40 49 36 1 25 33 
student 481: 36 19 3 29 42 44 25 7 8 6 38 23 9 12 32 40 43 31 49 1 13 18 15 46 22 20 4 45 47 11 5 14 39 37 30 27 26 33 16 24 35 10 21 48 41 50 34 2 17 28 
student 482: 33 17 1 36 47 48 20 8 10 6 34 22 9 11 32 43 42 29 50 3 14 23 18 49 24 19 5 40 45 7 4 12 31 35 28 27 26 41 16 25 38 15 13 44 39 46 37 2 21 30 
student 483: 34 17 3 29 44 43 24 9 7 5 42 21 8 16 32 41 35 28 48 2 12 15 19 49 22 23 4 45 47 10 6 11 33 39 30 27 25 37 13 26 38 14 18 46 40 50 36 1 20 31 
student 484: 34 21 3 31 43 48 24 7 8 4 41 25 10 13 33 46 40 29 50 5 11 19 16 47 26 22 1 42 44 9 6 14 30 32 37 20 23 38 18 27 36 12 15 45 35 49 39 2 17 28 
student 485: 30 16 1 27 43 47 23 4 9 5 40 22 18 10 34 44 41 32 49 2 11 17 24 50 21 20 6 42 46 7 8 13 35 33 28 29 26 37 14 25 38 12 15 45 39 48 36 3 19 31 
student 486: 32 12 2 28 40 43 21 6 8 5 39 22 10 15 33 42 45 31 49 3 13 24 19 47 23 20 4 41 50 9 7 14 36 35 34 26 27 38 17 25 37 11 18 46 44 48 29 1 16 30 
student 487: 35 17 2 26 42 44 23 11 8 3 39 28 10 12 32 41 43 31 49 4 7 19 18 46 24 21 6 45 48 9 5 15 30 36 33 25 20 40 13 27 38 14 16 47 37 50 34 1 22 29 
student 488: 33 15 4 29 46 45 24 7 10 5 41 13 9 19 32 43 42 30 47 1 11 18 22 49 23 20 3 39 48 8 6 17 34 37 36 26 25 40 14 27 35 12 16 44 38 50 31 2 21 28 
student 489: 35 14 4 28 43 47 24 7 12 5 39 22 6 15 31 42 40 29 49 2 11 16 19 48 23 21 9 44 45 10 1 13 36 33 32 27 26 34 18 25 37 8 17 46 41 50 38 3 20 30 
student 490: 39 17 1 26 43 47 27 10 8 7 35 18 9 13 30 44 41 33 49 5 11 19 16 50 25 23 6 45 48 2 12 15 40 34 31 24 28 36 14 22 37 4 20 42 38 46 32 3 21 29 
student 491: 31 19 1 30 44 46 23 7 8 5 37 18 10 14 34 40 42 33 49 4 11 17 20 48 24 22 9 45 47 6 3 15 36 32 29 28 25 41 13 26 38 12 16 43 39 50 35 2 21 27 
student 492: 32 16 3 28 44 49 24 8 9 6 39 23 12 13 34 40 42 31 47 1 10 19 18 48 22 20 5 45 46 7 4 15 33 36 29 17 27 37 11 25 38 14 26 43 41 50 35 2 21 30 
student 493: 33 14 2 28 45 44 24 9 7 4 39 23 8 13 32 41 42 31 49 10 12 19 17 48 25 22 3 46 47 5 6 18 34 36 30 26 27 43 15 20 37 11 16 40 38 50 35 1 21 29 
student 494: 36 17 3 26 41 43 23 10 9 5 40 21 8 14 34 38 44 28 50 6 11 19 18 47 22 25 4 48 46 2 7 13 33 35 32 31 27 39 15 24 37 12 16 45 42 49 30 1 20 29 
student 495: 30 16 3 28 45 41 24 8 7 5 38 22 14 13 34 43 42 29 50 2 10 21 20 47 27 23 4 46 44 9 6 12 35 39 32 26 17 37 15 25 36 11 18 48 40 49 33 1 19 31 
student 496: 41 23 1 24 44 47 28 5 8 6 38 21 10 16 32 40 42 31 49 3 11 19 17 45 22 25 4 43 48 9 7 13 33 36 30 27 29 37 12 18 35 14 15 46 39 50 34 2 20 26 
student 497: 35 18 3 27 50 43 26 11 6 9 36 21 7 13 28 39 41 34 48 2 8 19 17 45 23 20 4 46 42 5 10 14 40 37 30 31 22 38 15 25 33 12 16 47 44 49 32 1 24 29 
student 498: 33 18 3 28 43 44 23 6 8 9 39 22 10 13 34 45 41 31 49 2 11 20 14 48 25 19 5 46 47 7 4 15 35 36 32 27 26 37 16 24 38 12 17 42 40 50 29 1 21 30 
student 499: 33 19 4 28 43 47 23 7 9 3 36 21 13 14 32 40 42 30 48 1 11 18 12 49 20 16 5 44 46 8 6 10 38 35 31 27 26 41 17 25 37 15 22 45 39 50 34 2 24 29 
