student 0: 3 38 20 10 21 29 41 13 12 48 45 11 1 4 37 32 23 5 46 25 7 30 9 24 47 15 16 8 35 39 19 33 49 6 50 34 18 31 17 14 26 2 43 28 42 27 36 22 44 40 
student 1: 4 42 22 10 17 29 38 14 13 45 47 19 5 1 41 30 23 6 49 21 8 35 3 24 48 16 15 9 33 37 26 32 46 7 50 36 20 31 12 11 27 2 40 28 39 25 34 18 43 44 
student 2: 2 38 24 10 13 28 42 15 16 47 50 9 5 1 39 30 27 4 46 22 8 35 7 25 45 19 17 12 20 34 23 37 49 6 48 33 21 32 14 11 31 3 44 29 41 26 36 18 40 43 
student 3: 4 36 22 7 13 29 40 15 17 46 49 12 5 1 38 32 24 3 47 27 10 34 6 37 44 20 18 11 28 35 21 33 48 9 50 30 19 31 14 8 26 2 45 23 41 25 39 16 43 42 
student 4: 5 36 23 7 11 31 42 17 14 47 49 12 4 3 39 29 25 6 45 22 13 35 2 26 43 18 16 9 32 38 21 30 48 8 50 34 20 33 15 10 24 1 46 28 40 27 37 19 41 44 
student 5: 5 39 23 2 20 33 38 18 14 46 47 8 4 1 41 28 26 6 48 21 9 37 3 24 45 16 13 10 30 32 22 31 49 15 50 35 19 34 12 11 25 7 44 29 42 27 36 17 43 40 
student 6: 3 35 24 7 20 27 45 14 12 44 50 9 1 2 39 29 25 5 47 21 11 30 6 22 46 17 16 15 32 43 23 42 49 8 48 28 19 36 10 13 33 4 41 31 37 26 34 18 40 38 
student 7: 5 39 22 2 16 30 43 15 13 47 48 11 9 1 42 35 24 6 46 23 7 33 4 25 45 17 18 12 27 34 21 26 50 10 49 31 20 38 8 14 32 3 44 29 37 28 36 19 41 40 
student 8: 5 37 20 7 21 28 39 13 16 42 49 11 4 3 38 29 22 9 47 23 8 33 2 24 46 17 14 10 34 36 30 32 48 6 50 35 19 31 15 12 27 1 45 26 40 25 44 18 43 41 
student 9: 4 39 22 7 18 34 41 20 12 49 50 10 2 3 38 31 26 5 46 27 14 36 6 25 44 16 15 9 30 32 19 33 48 8 47 35 17 29 11 13 24 1 45 23 40 28 37 21 43 42 
student 10: 7 33 26 3 19 27 39 13 15 47 49 14 5 4 38 30 28 10 45 22 6 36 2 25 44 8 18 11 34 37 21 32 48 9 50 35 20 31 12 16 29 1 42 24 41 23 40 17 46 43 
student 11: 6 38 21 8 16 29 40 15 14 44 49 10 3 1 36 31 23 7 50 24 13 37 5 25 45 18 20 11 30 41 22 35 47 4 48 34 19 33 9 12 28 2 46 27 39 26 32 17 42 43 
student 12: 6 39 24 3 19 30 36 17 21 46 49 11 4 2 44 29 25 8 47 15 13 34 5 26 43 16 18 7 32 37 20 35 48 9 50 33 14 31 10 12 27 1 41 23 42 28 38 22 45 40 
student 13: 6 38 22 5 20 28 39 15 11 47 49 10 3 1 42 33 26 7 45 24 9 34 4 23 46 17 16 12 29 37 19 32 48 8 50 36 21 30 13 14 27 2 44 31 40 25 35 18 43 41 
student 14: 2 36 17 8 9 32 39 21 15 46 50 11 6 4 40 27 24 3 48 23 7 37 5 26 44 14 18 10 33 38 22 31 47 12 49 34 20 30 13 16 29 1 43 28 41 25 35 19 42 45 
student 15: 3 38 27 8 18 28 43 16 12 45 49 14 2 6 39 30 22 5 47 25 10 32 4 20 41 17 11 9 33 37 21 31 48 7 50 34 23 35 15 13 24 1 44 26 40 29 36 19 42 46 
student 16: 4 39 20 7 19 29 45 18 14 47 50 12 3 5 38 31 24 2 49 22 10 32 6 30 44 15 17 9 34 40 23 28 42 8 48 33 21 37 11 13 27 1 46 25 36 26 35 16 41 43 
student 17: 6 36 25 7 11 33 38 15 16 43 44 12 5 3 42 30 27 4 49 21 10 37 2 22 48 18 17 19 31 34 24 32 47 8 50 35 13 23 9 14 28 1 46 29 41 26 40 20 45 39 
student 18: 7 39 22 3 20 29 40 16 14 46 50 8 4 1 37 31 23 6 47 27 12 36 5 25 44 18 15 10 34 38 21 32 48 9 49 33 19 30 11 13 28 2 45 26 43 24 35 17 42 41 
student 19: 3 36 20 9 11 29 41 15 17 47 50 10 2 4 40 30 24 7 44 22 12 35 6 25 45 21 18 8 31 38 19 37 49 5 48 34 23 32 13 14 28 1 43 27 46 26 33 16 39 42 
student 20: 6 36 20 10 21 40 31 18 15 47 48 8 4 2 42 27 23 5 49 22 12 35 1 26 45 16 14 7 38 37 17 33 46 11 50 34 19 28 9 13 24 3 43 32 39 29 30 25 44 41 
student 21: 4 39 22 7 14 27 40 17 15 47 48 10 3 5 37 32 25 9 46 23 1 34 6 28 45 18 16 12 33 38 21 30 49 8 50 35 20 29 11 13 31 2 44 26 41 24 36 19 42 43 
student 22: 7 40 23 9 18 29 42 16 14 48 47 12 3 1 37 26 25 5 45 24 8 33 4 27 44 17 15 10 32 34 21 36 46 6 50 38 20 31 11 13 28 2 49 22 41 30 35 19 43 39 
student 23: 5 37 21 4 17 29 43 18 14 48 49 15 6 2 39 30 27 7 45 20 9 33 3 26 38 13 16 11 35 40 23 31 47 8 50 36 22 32 10 12 28 1 42 25 41 24 34 19 46 44 
student 24: 5 37 20 2 18 29 41 10 17 48 49 12 7 3 40 32 21 6 45 24 8 36 4 25 44 14 15 11 34 38 22 31 46 9 50 33 23 30 13 16 27 1 47 28 39 26 35 19 43 42 
student 25: 7 39 21 5 19 31 50 17 16 44 45 8 3 2 38 32 22 9 49 24 10 36 4 26 47 14 15 13 34 37 23 33 46 6 48 30 18 27 11 12 28 1 43 29 42 25 35 20 41 40 
student 26: 6 41 22 8 19 32 40 16 14 47 50 13 4 3 37 31 23 5 48 21 10 35 2 24 45 17 15 7 34 38 20 30 46 9 49 29 28 33 11 12 27 1 39 26 43 25 36 18 42 44 
student 27: 3 37 19 7 18 30 40 16 15 47 46 11 5 2 41 33 24 4 48 23 10 34 9 27 44 13 17 8 32 36 22 29 49 6 50 35 20 28 12 14 26 1 43 31 42 25 38 21 39 45 
student 28: 3 38 19 9 20 26 41 13 17 45 49 7 4 2 39 33 22 8 47 25 6 36 5 24 44 16 15 14 34 37 21 32 50 10 48 31 23 29 11 12 30 1 40 28 42 27 35 18 46 43 
student 29: 3 40 24 10 21 29 31 14 13 46 49 11 2 5 36 30 25 7 47 20 8 39 4 26 44 18 16 9 35 38 23 34 50 6 48 37 19 33 15 12 22 1 42 28 41 27 32 17 45 43 
student 30: 5 39 22 6 19 26 41 16 14 50 49 11 1 3 40 35 27 8 45 23 7 31 4 29 47 18 15 13 37 34 21 32 48 9 44 33 20 28 10 12 30 2 46 24 42 25 36 17 38 43 
student 31: 6 37 23 10 16 27 40 13 18 47 49 12 3 2 36 30 25 7 44 21 8 33 5 24 45 15 19 9 38 39 20 32 48 4 50 31 22 35 14 11 28 1 42 26 41 29 34 17 46 43 
student 32: 5 38 22 7 18 24 40 17 16 46 50 11 4 2 39 29 23 6 48 25 10 34 3 26 45 13 14 8 35 37 21 32 47 9 49 33 20 31 12 15 27 1 44 28 41 30 36 19 43 42 
student 33: 4 48 20 10 19 28 37 11 15 43 46 7 2 3 45 34 23 6 42 22 8 35 5 27 41 16 17 13 38 39 25 32 50 9 49 33 21 31 12 14 26 1 47 24 36 29 30 18 40 44 
student 34: 4 40 21 10 18 28 39 11 13 45 47 12 1 5 38 30 25 6 48 22 7 34 3 26 42 20 15 9 33 37 23 31 46 8 50 35 19 32 14 16 29 2 49 24 41 27 36 17 44 43 
student 35: 3 40 24 7 19 30 39 15 14 49 48 11 4 1 41 27 23 10 47 22 5 34 6 29 45 17 16 8 33 37 21 31 46 9 50 36 18 32 12 13 26 2 43 28 42 25 35 20 44 38 
student 36: 5 37 21 10 22 30 36 16 8 43 48 12 3 2 40 28 24 6 49 18 9 29 4 25 42 15 17 7 33 38 20 35 47 11 50 34 23 32 14 13 31 1 45 26 44 27 41 19 46 39 
student 37: 4 36 24 8 22 29 43 12 9 45 49 13 3 1 34 32 25 6 47 21 10 37 5 23 40 16 18 11 30 42 19 35 48 7 50 33 17 27 15 14 31 2 46 28 38 26 41 20 44 39 
student 38: 13 38 21 7 18 26 40 16 9 46 49 4 3 5 37 29 25 8 45 27 11 35 2 28 47 19 14 15 34 39 22 31 48 6 50 36 20 33 10 12 24 1 44 30 43 23 32 17 42 41 
student 39: 4 33 22 8 16 27 40 14 15 44 49 10 2 1 36 35 23 6 48 21 7 37 5 25 46 17 20 12 30 34 19 29 47 9 50 38 24 32 13 11 31 3 43 26 41 28 39 18 45 42 
student 40: 4 38 23 6 15 34 41 14 18 46 50 10 3 1 39 29 21 8 45 25 11 31 5 24 44 17 20 12 33 37 22 30 48 9 49 35 19 32 13 7 28 2 43 27 40 26 36 16 47 42 
student 41: 4 38 22 7 20 27 40 18 14 47 44 13 6 2 37 28 24 5 50 26 8 39 3 30 48 19 16 11 33 35 17 29 43 9 49 34 21 32 10 12 31 1 45 25 41 23 36 15 46 42 
student 42: 6 41 21 8 19 25 43 16 12 47 49 14 5 1 38 33 31 3 48 23 10 36 2 22 45 15 13 7 32 35 28 30 50 9 42 34 18 29 11 17 27 4 44 26 39 24 37 20 40 46 
student 43: 2 38 23 8 15 29 40 14 13 45 50 10 3 5 37 30 24 7 49 20 17 32 1 25 44 21 16 9 35 39 22 28 46 6 48 36 19 34 11 12 31 4 47 27 41 26 33 18 42 43 
student 44: 2 38 21 8 19 29 40 13 10 44 47 16 3 4 39 30 23 5 48 26 9 34 6 24 46 18 14 11 33 36 20 32 49 7 50 35 22 28 12 15 31 1 41 27 42 25 37 17 43 45 
student 45: 4 39 22 10 21 31 40 16 15 44 50 7 5 1 37 29 24 3 46 23 8 35 6 25 47 17 14 9 33 36 19 32 48 12 49 34 20 30 11 13 27 2 45 26 42 28 38 18 41 43 
student 46: 2 39 19 5 20 23 40 15 14 44 49 10 6 3 37 27 30 7 48 28 11 33 4 21 45 16 17 9 34 35 18 32 46 8 50 36 22 29 12 13 31 1 43 25 41 24 38 26 47 42 
student 47: 5 43 25 8 18 30 37 19 11 46 49 9 3 1 40 28 22 10 44 26 12 35 4 23 45 17 15 7 31 36 20 33 48 6 50 34 16 32 14 13 24 2 47 29 39 27 38 21 41 42 
student 48: 5 37 21 8 16 27 42 15 13 46 47 14 2 1 38 32 24 4 50 26 10 40 3 23 49 17 19 11 30 36 22 31 45 9 48 35 20 33 6 12 28 7 41 29 39 25 34 18 44 43 
student 49: 8 36 21 7 18 32 42 15 14 50 48 11 2 6 38 30 23 4 45 25 3 35 1 28 46 16 17 9 31 39 22 33 47 10 49 34 19 24 12 13 27 5 43 29 41 26 37 20 44 40 
student 50: 5 41 24 7 16 30 40 18 12 47 49 13 4 2 37 31 22 3 44 28 8 34 6 25 45 17 15 9 33 36 21 39 46 10 50 32 20 29 11 14 26 1 42 27 38 23 35 19 48 43 
student 51: 5 34 21 6 16 30 39 18 15 44 50 11 2 4 37 32 25 7 47 23 8 35 3 24 46 14 17 10 36 38 22 33 49 9 48 31 19 28 13 12 29 1 41 27 45 26 42 20 43 40 
student 52: 4 36 18 7 19 30 39 15 13 46 48 9 2 5 37 32 23 6 47 24 11 35 3 25 41 16 17 14 33 40 22 31 45 8 50 34 21 28 10 12 29 1 49 27 43 26 38 20 44 42 
student 53: 4 39 20 3 14 25 40 16 12 47 50 15 2 1 42 33 22 5 48 24 9 38 6 26 44 18 19 11 30 37 23 32 45 7 49 34 21 29 13 10 36 8 46 28 41 27 35 17 43 31 
student 54: 7 38 22 2 17 24 41 15 16 47 44 11 4 1 40 30 26 5 48 25 8 36 6 23 46 20 14 9 32 37 21 33 50 13 49 34 18 31 12 10 27 3 42 28 45 29 35 19 39 43 
student 55: 5 38 24 8 18 30 39 15 14 46 50 12 7 1 40 34 22 4 47 23 9 36 3 25 42 19 16 10 27 35 21 33 49 6 48 31 20 32 11 13 26 2 43 29 41 28 37 17 45 44 
student 56: 5 36 20 6 19 28 38 18 12 45 48 14 2 3 39 31 23 4 46 24 11 32 7 26 47 21 16 9 33 40 17 34 50 8 49 35 15 29 13 10 30 1 41 27 43 25 37 22 44 42 
student 57: 4 40 20 7 16 30 38 15 14 45 48 11 5 1 39 31 26 3 49 23 9 27 6 24 44 17 18 8 35 37 22 33 50 10 46 36 21 34 13 12 29 2 43 28 41 25 32 19 47 42 
student 58: 5 42 22 8 18 27 37 14 15 46 49 13 3 1 39 31 29 6 45 25 9 35 4 20 47 17 16 11 34 40 19 30 48 7 50 33 24 32 12 10 28 2 41 26 38 23 36 21 44 43 
student 59: 8 41 30 6 18 25 34 9 16 44 49 14 3 2 37 31 28 4 48 21 7 36 5 19 45 17 10 11 29 39 22 35 46 12 50 38 20 32 15 13 27 1 47 26 40 24 33 23 42 43 
student 60: 6 40 24 4 21 31 39 13 17 43 50 10 2 3 38 34 28 8 46 19 7 30 5 23 48 15 12 11 32 37 22 29 44 9 49 35 18 33 14 16 27 1 42 26 45 25 36 20 41 47 
student 61: 5 37 22 9 18 31 39 16 13 45 48 11 4 2 42 26 28 7 47 23 12 36 3 29 46 20 15 8 34 33 21 32 49 6 50 35 17 30 10 14 25 1 41 24 43 27 38 19 44 40 
student 62: 9 37 24 3 19 32 46 13 15 48 49 12 5 2 39 27 25 6 44 22 7 34 4 26 47 17 16 10 33 35 21 30 45 8 50 38 18 31 14 11 29 1 43 23 41 28 36 20 42 40 
student 63: 7 40 23 10 19 32 41 13 18 46 50 11 3 2 38 28 24 5 45 22 6 34 4 25 47 15 17 9 35 36 21 31 48 8 49 30 16 33 12 14 29 1 42 27 39 26 37 20 44 43 
student 64: 4 39 21 8 17 30 40 15 16 47 48 7 3 5 37 34 22 6 43 25 9 35 1 31 45 13 18 12 33 38 23 28 44 11 50 29 19 32 10 14 27 2 46 26 42 24 36 20 41 49 
student 65: 6 38 25 7 14 30 40 18 16 49 50 12 5 1 31 32 22 4 44 17 8 37 3 28 46 23 13 9 36 35 21 33 47 15 48 34 19 29 10 11 26 2 43 24 41 27 42 20 45 39 
student 66: 4 33 23 8 17 29 41 15 14 50 48 10 3 1 36 30 20 6 46 24 9 38 5 25 45 16 19 12 32 39 22 31 47 7 49 35 21 34 13 11 27 2 42 28 43 26 37 18 40 44 
student 67: 5 37 24 7 17 28 40 19 15 46 47 11 3 2 39 30 20 6 50 26 9 33 4 27 45 16 14 8 35 34 22 32 48 10 49 36 21 31 13 12 29 1 44 23 42 25 38 18 43 41 
student 68: 4 37 19 8 16 28 41 20 7 46 47 13 1 2 39 31 22 6 43 24 11 34 5 29 48 17 15 10 33 38 23 32 49 9 50 36 18 30 12 14 27 3 44 26 40 25 35 21 45 42 
student 69: 6 35 16 10 20 28 39 13 15 45 49 9 3 2 38 30 24 7 48 22 4 37 5 23 44 19 17 12 33 40 26 32 46 8 50 34 21 29 14 11 31 1 43 25 42 27 36 18 47 41 
student 70: 4 37 22 6 17 21 40 18 12 43 46 16 8 2 39 32 29 5 47 23 9 38 3 25 50 15 14 7 33 36 20 31 48 10 49 34 24 27 13 11 30 1 44 28 45 26 35 19 42 41 
student 71: 6 39 22 9 17 26 40 15 13 44 49 7 2 1 37 29 24 3 45 23 14 35 5 25 48 16 21 10 32 38 20 34 46 8 50 33 19 31 12 11 30 4 47 28 41 27 36 18 43 42 
student 72: 8 37 21 6 20 27 40 14 12 44 50 11 4 1 39 30 24 5 48 22 7 35 2 28 43 17 15 10 33 38 23 31 47 9 49 34 19 32 16 13 25 3 46 29 41 26 36 18 45 42 
student 73: 4 41 21 7 13 28 36 14 8 49 46 12 9 1 31 30 25 5 45 22 10 34 3 29 44 16 18 6 38 37 19 35 50 11 47 39 20 32 24 15 27 2 42 23 40 26 33 17 48 43 
student 74: 6 37 21 5 23 29 38 16 19 46 48 10 2 1 42 30 25 7 47 22 9 34 4 28 44 14 13 12 32 36 24 33 49 8 50 40 20 31 15 11 27 3 45 26 39 18 35 17 43 41 
student 75: 4 42 23 3 11 30 41 16 17 46 49 15 2 6 37 29 26 8 47 22 7 36 5 19 45 14 20 10 33 38 25 32 48 9 50 34 21 35 12 13 28 1 39 27 40 24 31 18 43 44 
student 76: 9 39 24 6 17 28 41 14 13 47 49 11 2 1 37 25 27 8 45 21 5 36 3 23 44 20 15 10 31 38 22 30 48 7 50 34 18 35 12 16 29 4 43 26 40 32 33 19 46 42 
student 77: 4 39 23 7 21 28 40 19 11 44 49 12 2 6 37 29 24 9 45 17 5 34 1 25 48 15 20 10 35 36 16 31 47 8 50 30 22 33 14 13 26 3 42 27 41 32 38 18 46 43 
student 78: 3 37 21 5 20 28 39 15 13 43 50 14 2 4 40 32 26 8 45 23 7 34 6 30 49 18 16 9 31 38 19 29 48 10 47 35 17 33 11 12 24 1 42 27 41 25 36 22 46 44 
student 79: 6 38 23 7 13 31 42 15 16 44 50 8 3 9 39 34 26 2 47 22 11 36 4 24 46 17 18 12 35 37 20 32 48 5 49 30 19 29 14 10 25 1 45 27 41 28 33 21 40 43 
student 80: 5 37 21 7 18 30 40 13 16 46 48 10 4 2 38 33 25 3 49 24 9 36 6 20 43 14 17 12 32 34 23 42 47 8 50 35 22 29 15 11 28 1 41 27 39 26 31 19 45 44 
student 81: 5 38 22 12 18 23 39 14 16 40 48 11 2 3 44 29 25 6 46 15 8 33 4 26 43 19 17 10 34 36 24 32 47 7 50 35 21 31 13 9 28 1 49 27 41 30 37 20 45 42 
student 82: 5 39 22 6 20 28 40 14 13 41 50 12 3 4 36 29 24 8 43 23 10 38 2 26 42 17 15 7 32 37 21 31 49 9 46 34 19 27 16 11 30 1 47 35 44 25 33 18 45 48 
student 83: 6 39 23 4 20 31 40 15 13 49 50 9 3 2 38 28 19 11 46 16 7 35 5 29 45 18 17 14 33 36 22 32 47 8 48 34 21 30 10 12 26 1 42 27 44 25 37 24 43 41 
student 84: 4 39 22 5 19 31 48 15 13 46 45 11 3 2 38 28 24 8 47 26 9 35 7 25 44 16 17 14 32 37 21 29 49 6 50 34 20 33 10 12 30 1 43 27 40 23 36 18 42 41 
student 85: 5 37 20 6 14 29 42 15 13 50 48 16 3 2 41 30 21 4 46 24 9 38 10 26 45 18 17 7 35 39 19 28 47 8 49 36 22 33 11 12 32 1 43 27 34 25 31 23 40 44 
student 86: 7 38 23 4 17 29 40 16 14 46 49 10 3 1 39 30 26 6 47 24 8 36 5 22 45 13 9 12 34 37 21 32 48 11 50 35 19 31 15 18 28 2 42 25 41 27 33 20 44 43 
student 87: 6 36 12 3 15 29 41 19 14 43 50 10 4 1 40 30 26 7 47 24 8 38 5 23 45 22 16 13 37 35 21 33 49 11 48 34 18 31 9 17 28 2 42 27 39 25 32 20 46 44 
student 88: 5 37 23 11 18 30 40 15 14 47 50 10 4 2 39 33 21 7 48 24 8 35 3 25 45 17 16 9 31 38 20 32 46 6 49 34 22 29 12 13 28 1 44 27 41 26 36 19 42 43 
student 89: 5 37 23 6 17 29 40 13 11 46 49 12 4 3 39 33 24 7 47 20 9 32 1 25 43 16 18 10 35 38 21 31 48 8 50 34 22 30 15 14 28 2 45 27 41 26 36 19 44 42 
student 90: 5 38 21 11 19 30 41 10 15 44 49 13 3 1 40 32 24 2 48 28 7 37 4 27 45 17 16 9 33 31 22 34 50 8 47 35 20 26 12 14 29 6 46 25 42 23 36 18 39 43 
student 91: 4 38 21 5 14 29 40 17 16 45 48 7 2 3 39 30 23 9 46 24 8 34 6 25 47 20 18 10 35 37 15 32 49 11 50 33 19 31 12 13 28 1 44 27 41 26 36 22 43 42 
student 92: 4 37 22 7 16 29 38 13 17 45 46 9 3 2 39 31 24 6 49 23 14 34 5 25 47 20 19 8 35 40 21 32 48 10 50 33 18 30 11 12 27 1 42 28 41 26 36 15 44 43 
student 93: 5 39 24 7 19 26 38 15 14 46 50 8 9 1 41 30 23 6 47 22 10 33 3 25 44 17 18 11 31 36 21 32 48 4 49 35 20 27 12 13 34 2 45 29 40 28 37 16 43 42 
student 94: 5 38 21 7 15 30 43 16 12 44 50 13 2 3 40 28 18 10 48 24 6 35 1 25 41 22 17 8 31 36 23 33 45 11 49 34 20 32 9 14 29 4 42 26 37 27 39 19 46 47 
student 95: 4 39 21 3 19 30 37 16 15 47 48 12 2 5 42 29 23 7 50 22 8 36 6 27 44 17 14 11 35 38 20 33 46 9 49 32 24 31 10 13 28 1 41 26 40 25 34 18 43 45 
student 96: 7 36 19 8 15 28 39 17 13 43 41 6 3 1 40 27 24 4 47 23 10 34 5 29 44 21 20 12 35 33 18 30 49 9 50 38 16 31 11 14 26 2 48 37 42 25 32 22 45 46 
student 97: 6 37 22 5 19 30 40 16 11 43 48 12 2 3 39 34 25 9 45 24 7 33 4 28 47 18 13 8 38 36 21 31 46 10 49 29 20 32 15 14 27 1 50 26 42 23 35 17 44 41 
student 98: 4 38 22 7 18 30 40 16 17 44 49 9 5 1 39 28 23 8 47 24 12 35 3 29 46 15 13 10 34 37 21 31 48 6 50 32 19 33 11 14 26 2 43 27 41 25 36 20 45 42 
student 99: 6 42 19 8 20 28 39 12 17 46 50 11 3 2 37 32 23 9 49 25 5 38 4 26 45 18 13 7 30 34 14 33 48 10 47 36 21 29 15 16 31 1 43 27 40 24 35 22 44 41 
student 100: 5 36 24 13 18 27 40 16 10 44 50 8 4 2 41 32 22 7 45 26 6 35 3 23 46 21 17 11 37 38 19 30 49 9 48 34 15 29 12 14 25 1 39 31 42 28 33 20 43 47 
student 101: 5 38 18 7 23 28 40 15 16 46 50 14 3 2 39 27 24 6 48 20 9 35 4 21 47 12 19 11 33 36 22 31 44 10 45 37 17 30 8 13 32 1 49 26 42 29 34 25 41 43 
student 102: 3 41 24 5 17 27 37 16 14 46 49 9 2 6 36 28 25 8 50 21 11 34 4 23 43 15 18 12 33 39 20 32 47 7 48 35 22 31 10 13 30 1 45 29 40 26 38 19 44 42 
student 103: 5 38 21 7 16 31 39 15 14 48 50 9 4 1 43 32 29 11 44 24 8 35 3 25 46 18 17 10 34 36 23 22 49 6 47 26 20 33 12 13 28 2 41 27 40 30 37 19 42 45 
student 104: 8 38 22 7 16 29 40 17 10 48 49 11 5 2 45 30 27 4 46 26 12 35 1 23 44 19 13 9 31 36 20 32 47 6 50 33 21 34 14 15 28 3 43 25 39 24 37 18 41 42 
student 105: 11 39 22 6 21 27 36 17 14 43 50 10 7 2 37 30 24 8 47 23 5 28 3 26 46 15 19 13 35 38 20 33 49 4 48 34 18 32 9 12 29 1 44 31 41 25 40 16 45 42 
student 106: 5 36 21 9 17 30 41 15 8 49 50 10 3 2 38 29 23 11 47 28 12 39 6 24 45 18 16 7 32 35 19 33 46 4 48 34 22 31 13 14 27 1 43 26 42 25 37 20 44 40 
student 107: 3 37 21 13 18 30 42 14 12 45 50 8 11 1 40 29 25 4 48 22 9 39 2 26 38 16 19 5 32 36 23 34 47 7 49 35 17 31 10 15 28 6 46 27 41 24 33 20 43 44 
student 108: 4 39 23 7 18 33 37 16 11 44 47 6 1 2 42 28 24 5 46 21 10 35 8 26 49 14 19 15 32 40 22 30 50 9 48 34 20 27 12 13 25 3 45 31 41 29 36 17 38 43 
student 109: 6 34 23 9 18 25 42 15 14 45 48 3 4 1 39 29 27 2 47 24 12 37 5 20 43 17 16 8 33 38 22 26 49 10 50 30 21 31 11 13 35 7 44 32 40 28 36 19 46 41 
student 110: 6 39 20 10 18 28 40 19 12 49 48 9 2 1 38 29 24 7 44 23 5 36 4 25 46 15 16 8 30 37 22 34 47 11 50 35 17 32 13 14 31 3 45 27 42 26 33 21 41 43 
student 111: 8 40 22 9 19 28 41 18 13 43 48 7 5 1 37 32 24 3 46 23 6 35 4 20 49 17 16 12 34 38 26 31 47 11 50 33 21 30 10 14 29 2 44 27 42 25 36 15 45 39 
student 112: 6 40 24 7 16 28 41 12 15 46 50 11 2 3 38 31 26 9 47 21 10 36 4 22 45 19 17 5 27 39 23 32 48 8 49 34 20 33 13 14 29 1 43 30 42 25 37 18 35 44 
student 113: 6 40 23 10 16 29 44 14 15 45 48 7 1 2 39 28 21 8 46 24 13 37 3 25 47 17 20 11 34 38 18 31 50 5 49 33 22 32 12 9 27 4 43 26 36 30 35 19 42 41 
student 114: 3 35 22 6 16 30 36 15 14 43 48 10 1 2 39 28 23 5 49 25 9 38 7 26 47 18 19 12 34 40 21 32 46 8 50 33 17 31 11 13 29 4 45 24 42 27 37 20 41 44 
student 115: 6 41 23 5 21 29 38 13 20 48 47 10 4 3 37 32 22 9 49 24 11 34 1 25 43 19 15 12 31 39 18 30 46 7 50 35 14 33 16 8 28 2 44 27 40 26 36 17 42 45 
student 116: 4 38 21 7 18 28 40 13 16 46 50 11 1 5 39 31 26 2 47 25 8 36 6 23 45 17 14 15 35 37 22 33 48 9 49 32 20 27 12 10 30 3 44 24 41 29 34 19 42 43 
student 117: 5 41 19 6 18 29 47 15 12 48 46 8 4 2 39 31 24 7 45 22 10 34 3 28 38 17 16 11 32 35 20 30 49 9 50 37 25 33 14 13 27 1 44 21 42 26 36 23 43 40 
student 118: 5 37 24 8 20 26 39 16 14 48 49 11 3 2 38 30 23 7 43 28 10 33 4 22 46 15 17 9 31 41 21 36 47 6 50 34 18 32 12 13 29 1 45 25 40 27 35 19 44 42 
student 119: 5 35 21 9 18 26 37 15 16 48 49 12 2 3 40 31 30 6 45 22 10 38 4 24 46 17 14 8 34 36 20 32 47 7 50 33 23 29 13 11 28 1 42 27 43 25 39 19 41 44 
student 120: 5 43 21 7 17 28 33 16 15 46 50 11 2 1 38 30 23 6 48 24 9 36 3 26 47 19 14 10 34 37 22 35 44 8 49 32 20 31 12 13 29 4 41 25 40 27 39 18 45 42 
student 121: 9 36 23 5 18 30 39 15 14 46 50 11 2 1 38 29 22 7 47 20 8 35 4 25 44 16 17 13 31 37 19 33 49 6 48 34 24 32 12 10 27 3 43 28 42 26 40 21 45 41 
student 122: 4 39 23 3 18 27 40 14 11 48 49 8 7 5 37 33 26 12 45 16 6 36 1 21 46 15 17 9 38 35 24 32 44 10 50 31 22 30 13 19 29 2 47 28 42 25 34 20 41 43 
student 123: 5 37 23 7 18 33 40 17 15 42 45 16 2 1 39 29 24 6 46 22 9 34 4 25 48 13 12 11 35 38 19 32 50 8 49 31 20 30 14 10 28 3 47 26 43 27 36 21 44 41 
student 124: 5 39 24 9 15 18 42 14 19 45 47 11 1 4 37 30 29 6 48 25 8 35 3 27 46 20 22 10 38 36 23 32 50 7 49 34 21 31 12 13 26 2 44 16 41 28 33 17 43 40 
student 125: 5 39 21 7 19 31 40 16 14 46 48 11 1 4 38 34 23 6 49 22 9 32 3 26 45 13 17 10 33 35 25 36 47 8 50 24 20 29 12 15 28 2 43 30 41 27 37 18 44 42 
student 126: 1 36 20 8 17 28 42 16 13 48 47 12 4 3 35 38 23 7 43 26 11 33 5 24 45 18 15 10 34 39 22 30 49 6 50 31 21 32 9 14 27 2 46 29 41 25 37 19 44 40 
student 127: 7 35 20 5 18 29 39 13 15 46 50 11 1 2 42 30 25 9 47 23 8 36 4 24 45 12 16 10 34 38 22 32 48 6 49 33 21 31 14 17 27 3 43 28 41 26 37 19 44 40 
student 128: 10 38 21 5 17 31 40 15 16 48 47 13 3 4 39 28 25 8 49 23 9 33 7 24 46 18 14 6 34 37 22 29 50 2 45 35 20 32 12 11 27 1 44 26 43 30 36 19 41 42 
student 129: 6 40 24 8 12 35 37 17 15 44 49 10 3 1 39 27 23 4 48 22 11 32 5 26 46 19 18 9 29 36 20 33 50 7 47 38 21 28 13 14 25 2 45 31 41 30 34 16 43 42 
student 130: 7 39 21 10 18 24 41 13 9 45 50 17 2 1 38 31 23 8 49 25 11 36 3 27 44 16 14 15 32 35 20 34 47 4 48 37 22 30 12 6 29 5 42 28 40 26 33 19 43 46 
student 131: 1 37 17 10 13 29 48 12 16 46 44 9 6 2 38 31 26 4 47 23 5 34 7 24 45 18 20 11 33 41 21 32 49 8 50 39 22 30 14 15 28 3 43 27 35 25 36 19 42 40 
student 132: 5 38 21 6 18 28 35 17 15 48 49 9 3 2 41 32 19 7 45 30 11 37 4 23 42 16 14 12 31 39 26 34 47 8 50 33 20 29 10 13 27 1 46 22 43 25 36 24 44 40 
student 133: 5 38 23 7 20 34 39 10 16 45 49 6 3 2 41 32 24 8 47 22 15 37 4 25 43 17 14 12 36 29 19 35 50 9 48 33 18 31 13 11 27 1 40 26 44 28 30 21 42 46 
student 134: 3 39 24 10 22 31 43 16 15 45 49 14 8 2 40 34 19 5 50 25 7 38 4 20 44 17 12 9 30 35 23 32 47 6 48 33 18 29 11 13 28 1 46 27 41 26 36 21 37 42 
student 135: 2 36 20 5 19 32 40 15 14 47 49 13 8 3 38 28 21 10 46 22 9 35 4 30 43 17 16 6 39 37 24 31 48 7 50 33 23 29 12 11 27 1 44 26 41 25 34 18 45 42 
student 136: 4 37 21 7 23 29 41 14 13 48 47 11 3 2 38 30 24 5 45 17 10 36 6 27 42 20 16 9 33 40 18 31 49 8 50 34 22 32 12 15 28 1 46 26 44 25 35 19 43 39 
student 137: 3 38 20 16 15 28 42 19 12 46 49 5 4 2 40 29 23 10 47 24 7 34 1 27 45 14 17 9 33 37 22 32 48 6 50 36 21 31 11 13 30 8 44 26 41 25 35 18 39 43 
student 138: 3 31 23 8 16 30 38 15 14 45 47 13 2 1 36 37 22 7 50 26 11 44 5 24 46 17 19 10 32 39 20 35 48 6 49 33 21 29 12 9 28 4 43 27 42 25 41 18 40 34 
student 139: 9 40 22 3 15 28 37 18 13 47 49 6 4 5 36 30 25 7 45 23 8 38 1 24 46 14 19 12 34 39 21 33 48 11 50 31 20 32 16 10 29 2 44 27 42 26 35 17 43 41 
student 140: 5 42 21 9 19 29 40 14 11 46 50 6 3 4 36 34 26 7 47 22 8 33 1 27 44 17 16 12 31 37 20 32 48 10 49 35 18 30 13 15 25 2 45 28 41 23 39 24 43 38 
student 141: 7 41 21 6 17 29 37 13 16 44 50 9 3 1 39 30 24 11 45 23 12 31 2 25 43 18 14 10 33 32 22 38 48 5 49 36 20 34 15 8 27 4 47 28 46 26 35 19 42 40 
student 142: 9 35 23 8 21 29 45 16 14 44 50 12 6 4 41 32 24 5 46 22 3 34 7 26 40 18 2 10 28 36 25 33 48 11 49 43 19 30 15 13 31 1 39 20 42 27 38 17 47 37 
student 143: 3 38 22 10 18 30 42 16 9 47 49 13 2 4 39 35 25 6 46 23 11 34 5 28 45 8 15 12 29 37 19 27 48 7 50 31 21 32 14 17 26 1 44 33 41 24 36 20 43 40 
student 144: 4 37 22 7 19 29 39 11 17 46 45 14 5 1 38 32 23 6 50 24 13 35 3 26 48 15 18 9 33 41 25 31 49 8 47 34 16 30 10 12 21 2 44 28 40 27 36 20 43 42 
student 145: 5 36 23 7 17 30 38 16 15 45 49 12 4 3 42 28 24 6 46 22 9 35 2 25 44 18 14 10 33 39 21 29 50 8 48 34 19 32 11 13 27 1 43 31 40 26 37 20 47 41 
student 146: 7 40 20 5 15 29 41 12 17 45 50 10 4 3 38 30 21 8 44 24 9 39 2 25 42 19 14 11 35 37 23 32 46 6 49 36 18 31 13 16 28 1 34 26 43 27 33 22 48 47 
student 147: 2 37 18 4 19 27 42 14 13 48 49 10 5 3 38 31 24 6 46 17 7 36 9 23 44 16 21 11 33 34 29 32 47 8 50 35 22 30 12 15 28 1 41 26 45 25 39 20 43 40 
student 148: 7 39 20 8 19 31 43 16 5 44 47 13 1 2 38 30 21 6 50 23 9 36 3 27 45 17 15 11 33 37 25 28 49 10 48 35 22 32 14 12 29 4 46 26 41 24 34 18 40 42 
student 149: 4 39 22 9 19 28 41 17 12 46 47 11 2 3 43 31 23 8 48 21 10 35 5 25 45 18 15 6 34 37 24 36 49 7 50 33 20 29 13 14 27 1 42 30 38 26 32 16 40 44 
student 150: 5 44 22 8 18 28 39 15 13 47 46 14 4 2 37 30 26 6 48 25 10 32 1 23 43 16 17 9 33 36 21 34 50 7 49 35 19 31 11 12 27 3 45 29 40 24 38 20 42 41 
student 151: 3 39 21 8 16 28 45 18 13 48 49 10 7 2 43 30 23 1 47 24 6 37 5 25 44 19 15 9 33 36 17 32 46 12 50 35 22 27 11 14 31 4 40 29 41 26 34 20 42 38 
student 152: 4 35 21 7 16 30 39 13 15 45 48 10 1 2 40 32 24 6 49 23 12 31 5 27 46 18 17 9 36 25 20 38 50 8 47 37 26 34 11 14 29 3 43 22 42 28 33 19 41 44 
student 153: 4 39 21 7 19 31 37 14 11 45 46 15 6 2 44 26 22 5 48 23 9 34 3 27 50 16 20 12 35 38 18 29 42 8 49 36 24 32 10 13 30 1 47 25 41 28 33 17 43 40 
student 154: 4 34 21 2 20 29 41 14 16 46 48 12 10 3 37 30 25 5 47 23 8 38 6 27 45 15 17 7 35 40 22 31 50 9 49 32 19 33 11 13 26 1 39 28 43 24 36 18 44 42 
student 155: 6 36 24 7 19 32 40 16 14 49 46 10 3 2 38 27 21 4 45 23 9 35 5 25 43 20 13 12 31 39 17 30 47 8 48 37 22 33 11 15 29 1 44 28 41 26 34 18 50 42 
student 156: 1 39 23 6 19 30 40 13 15 47 48 8 10 3 36 28 22 5 46 26 7 35 4 32 45 18 16 12 33 38 20 31 50 9 49 34 17 29 11 14 24 2 44 25 41 27 37 21 42 43 
student 157: 3 37 24 6 18 30 42 17 14 47 49 13 8 4 38 29 25 5 44 19 11 34 2 20 46 15 16 7 33 36 21 32 48 9 50 41 26 31 10 12 27 1 45 23 40 22 35 28 43 39 
student 158: 5 35 22 9 15 30 36 11 10 48 49 8 2 3 38 33 24 6 50 23 14 42 4 25 45 18 16 12 37 39 19 27 46 7 47 34 20 31 13 17 29 1 43 26 40 28 32 21 41 44 
student 159: 5 41 23 6 19 28 40 11 15 44 48 9 2 3 39 29 26 8 46 22 10 35 4 24 43 16 17 12 33 38 21 32 50 7 49 34 20 30 13 14 31 1 45 27 47 25 36 18 42 37 
student 160: 5 38 20 7 18 28 39 21 12 47 49 13 1 2 40 30 29 4 46 23 8 37 6 24 45 17 16 11 36 35 19 34 48 9 50 32 22 31 14 10 26 3 44 25 42 27 33 15 41 43 
student 161: 2 38 19 8 18 31 36 15 16 45 47 13 3 5 40 27 24 7 46 20 10 37 4 29 48 17 11 12 34 39 23 33 50 9 49 32 22 30 6 14 28 1 41 26 44 25 35 21 43 42 
student 162: 5 38 20 8 16 28 46 18 17 43 48 11 2 3 42 30 22 7 50 25 9 35 4 27 44 15 14 10 31 37 26 33 49 6 47 34 19 32 13 12 29 1 40 24 39 23 36 21 41 45 
student 163: 2 41 24 8 18 33 39 15 13 46 50 11 4 1 30 31 25 5 45 22 6 27 7 23 44 16 17 10 34 37 21 35 48 9 49 36 20 32 14 12 29 3 47 28 40 26 38 19 42 43 
student 164: 6 37 22 9 18 28 40 15 11 46 49 12 3 2 44 32 24 8 48 23 7 33 4 25 43 17 16 10 34 38 20 30 45 5 50 35 21 31 13 14 29 1 47 27 41 26 36 19 42 39 
student 165: 5 33 22 8 19 27 39 17 14 45 48 11 3 2 37 35 23 7 47 25 6 32 4 24 41 16 21 10 38 40 18 29 50 9 49 31 20 30 12 13 28 1 46 26 42 34 36 15 43 44 
student 166: 4 38 23 8 18 28 42 14 15 46 48 7 3 1 39 33 20 9 44 24 10 35 5 27 41 17 16 11 32 36 22 31 47 6 50 34 21 30 12 13 26 2 49 29 40 25 37 19 45 43 
student 167: 7 40 21 9 19 28 47 14 12 49 45 10 5 2 39 29 23 4 42 24 6 36 3 25 46 13 18 11 30 37 22 33 48 8 50 32 20 35 16 15 31 1 44 26 41 27 34 17 43 38 
student 168: 5 38 25 7 16 26 46 15 13 44 50 8 3 2 41 30 21 6 47 23 10 37 4 24 43 18 17 9 35 40 19 31 48 12 49 33 22 32 14 11 29 1 39 28 36 27 34 20 45 42 
student 169: 5 39 20 6 16 35 38 14 12 44 50 13 1 3 40 25 23 4 47 22 10 32 8 26 43 17 15 9 33 37 21 31 48 7 49 34 18 30 11 24 29 2 46 28 41 27 36 19 45 42 
student 170: 7 38 25 3 15 30 41 17 18 45 47 13 4 1 39 31 24 6 46 26 9 36 5 27 44 16 14 10 29 33 21 34 48 8 50 35 19 28 11 12 32 2 40 23 42 22 37 20 49 43 
student 171: 11 33 23 7 17 36 40 13 16 49 48 12 3 4 39 29 25 6 46 22 9 34 1 24 45 15 18 5 38 37 21 30 47 8 50 31 19 32 10 14 28 2 43 27 41 26 35 20 42 44 
student 172: 8 41 19 5 15 28 40 12 18 48 50 7 4 1 33 32 23 2 44 24 11 37 6 26 43 16 14 10 34 38 22 31 47 9 49 36 21 27 13 17 30 3 42 25 39 29 35 20 45 46 
student 173: 4 38 22 9 21 28 39 17 10 47 50 12 5 3 43 31 23 6 46 24 11 36 8 25 45 14 16 7 33 37 20 32 48 2 49 34 18 30 13 15 29 1 44 26 40 27 35 19 42 41 
student 174: 4 40 22 6 18 29 39 15 13 45 46 12 5 1 37 31 23 9 50 19 8 32 3 27 49 17 16 10 34 38 25 33 48 7 47 35 21 28 11 14 26 2 44 24 42 30 36 20 43 41 
student 175: 7 40 22 4 19 28 41 20 14 44 48 11 3 2 38 29 25 6 45 24 8 33 5 23 47 17 15 10 30 37 21 34 46 9 50 35 16 32 12 18 31 1 43 27 42 26 36 13 49 39 
student 176: 7 45 23 5 20 27 36 15 14 44 50 12 8 3 38 30 21 2 47 25 11 35 4 24 39 16 18 6 31 37 17 32 48 10 49 34 19 33 9 13 29 1 42 28 43 26 41 22 46 40 
student 177: 7 39 24 5 20 30 40 13 16 47 49 12 1 3 36 29 23 8 46 22 6 35 4 33 45 19 14 11 32 37 18 31 48 9 50 34 21 27 15 10 25 2 43 26 42 28 38 17 44 41 
student 178: 2 39 20 9 18 30 44 13 15 47 43 14 1 6 34 29 24 4 48 22 8 38 3 25 45 12 17 10 36 37 19 32 49 11 50 33 21 31 7 16 27 5 42 28 46 26 35 23 40 41 
student 179: 7 34 23 2 18 32 39 15 14 48 50 12 4 3 38 26 22 6 46 24 10 37 5 25 43 16 17 11 33 36 21 31 47 8 49 35 20 29 13 9 28 1 44 27 42 30 40 19 41 45 
student 180: 7 40 21 9 14 23 38 11 18 46 48 12 6 1 36 32 22 5 47 24 8 34 3 25 44 19 16 10 37 39 26 31 49 4 50 33 20 30 13 15 28 2 43 29 41 27 35 17 45 42 
student 181: 3 39 22 13 18 30 36 15 14 48 49 10 6 2 37 32 24 5 41 23 8 35 7 28 50 17 16 9 34 38 21 33 47 4 45 31 20 27 12 11 29 1 46 26 40 25 44 19 43 42 
student 182: 5 33 22 7 21 34 39 9 15 48 50 11 2 4 38 26 25 3 44 23 8 29 6 20 43 18 16 12 36 37 19 31 49 10 46 47 28 27 14 13 30 1 42 32 40 24 35 17 45 41 
student 183: 6 37 15 5 21 30 41 16 11 47 46 14 2 1 38 26 22 8 48 25 10 34 4 29 44 17 13 9 33 40 23 32 50 7 49 35 19 31 12 18 28 3 45 24 39 27 36 20 43 42 
student 184: 5 38 15 8 18 25 40 14 20 45 48 13 3 2 39 30 24 7 46 17 9 36 4 26 47 21 16 10 33 37 23 32 49 6 50 29 22 31 12 11 34 1 44 27 41 28 35 19 42 43 
student 185: 4 38 24 9 18 26 45 17 15 46 50 13 5 3 41 31 29 7 49 23 10 34 1 21 44 16 11 8 32 37 22 30 47 6 48 35 19 28 14 12 33 2 43 27 40 25 36 20 42 39 
student 186: 3 36 23 9 21 28 41 15 13 48 47 12 4 1 38 31 19 6 46 25 8 33 5 20 42 22 14 11 32 37 27 35 49 7 50 39 16 29 10 18 30 2 43 24 40 26 34 17 45 44 
student 187: 4 37 24 5 16 30 39 17 13 45 48 11 9 2 38 25 23 10 47 27 14 35 3 22 46 19 15 6 33 42 20 31 49 7 50 32 21 36 8 12 26 1 44 29 40 28 34 18 43 41 
student 188: 4 38 20 7 19 27 40 13 18 45 47 12 3 2 37 30 24 5 46 22 10 35 6 25 48 11 15 14 32 39 21 34 49 8 50 36 23 31 9 16 28 1 44 29 41 26 33 17 43 42 
student 189: 6 39 26 5 16 28 38 20 18 47 43 13 3 2 42 30 24 7 45 22 9 35 4 23 40 21 12 10 33 37 19 36 49 8 50 32 15 31 11 14 29 1 48 27 41 25 34 17 46 44 
student 190: 6 33 25 5 18 29 42 16 13 43 49 9 2 3 36 30 21 7 48 20 11 39 4 26 47 14 17 10 35 38 22 31 45 8 50 37 24 32 12 15 23 1 46 28 40 27 34 19 44 41 
student 191: 2 37 21 9 17 29 40 16 15 44 49 13 7 5 38 31 25 8 50 24 10 35 3 23 45 22 12 6 32 39 19 33 47 4 48 34 20 26 11 14 30 1 46 28 43 27 36 18 41 42 
student 192: 12 34 26 4 20 27 42 14 19 43 46 7 2 5 40 29 23 3 50 22 11 31 6 24 45 15 17 9 35 39 16 33 48 8 49 37 21 30 13 10 25 1 38 32 41 28 36 18 47 44 
student 193: 8 39 25 5 16 31 42 12 17 44 48 13 2 4 38 29 22 6 49 28 9 36 3 20 47 18 15 11 34 33 21 30 46 7 50 37 19 32 14 10 27 1 43 26 40 24 35 23 45 41 
student 194: 6 35 24 8 16 30 41 14 15 47 49 10 2 1 39 29 22 7 48 20 9 33 5 25 45 21 17 11 37 40 23 32 46 4 50 38 19 31 13 12 26 3 42 27 43 28 34 18 44 36 
student 195: 5 40 25 6 20 29 39 14 13 41 46 10 2 3 37 31 26 7 48 24 11 33 4 15 49 17 18 9 32 38 19 30 43 8 50 34 22 36 12 16 28 1 45 27 42 23 35 21 44 47 
student 196: 8 38 24 5 16 29 41 15 13 44 50 11 3 2 39 31 25 4 48 20 6 37 7 23 47 17 18 10 32 34 21 33 46 9 49 35 22 30 14 12 27 1 45 28 42 26 36 19 40 43 
student 197: 5 39 20 8 15 28 41 17 12 46 50 13 2 3 42 31 23 4 43 24 9 35 6 26 44 21 22 10 37 36 18 29 47 7 49 33 19 32 14 11 30 1 45 25 34 27 40 16 38 48 
student 198: 4 39 25 8 24 30 40 14 12 46 49 10 7 3 35 29 20 9 47 18 6 33 1 22 45 17 19 13 32 37 15 31 48 5 50 38 23 34 11 16 28 2 44 27 42 26 36 21 43 41 
student 199: 2 36 19 7 17 29 41 14 21 44 48 9 4 3 38 28 25 6 46 22 11 35 5 24 43 16 15 10 33 34 23 30 49 8 50 37 18 31 12 13 27 1 47 26 45 32 39 20 42 40 
student 200: 4 39 18 11 20 25 41 13 8 48 50 7 3 2 38 30 23 9 40 21 10 34 5 29 47 14 16 15 35 37 17 31 49 6 46 32 26 33 12 19 28 1 45 27 44 24 36 22 42 43 
student 201: 6 38 20 7 19 23 40 16 15 47 49 13 3 1 41 27 25 5 45 24 10 31 4 26 39 18 14 8 34 35 17 37 46 9 50 32 21 30 11 12 29 2 44 36 42 28 33 22 48 43 
student 202: 7 37 21 8 18 27 41 16 11 45 47 10 1 3 40 34 22 5 48 25 9 35 4 26 44 17 14 15 39 38 24 31 49 6 50 32 19 28 12 13 29 2 42 20 36 30 33 23 46 43 
student 203: 4 39 22 7 18 29 37 17 16 48 49 10 1 5 40 28 25 6 47 20 9 36 2 24 46 13 12 14 35 34 21 30 45 8 50 32 23 33 11 15 31 3 43 27 42 26 38 19 41 44 
student 204: 6 38 19 7 14 33 41 17 15 45 49 11 2 1 39 28 24 5 47 23 8 35 3 25 43 18 16 9 37 42 22 29 48 10 50 32 21 31 12 13 30 4 46 27 40 26 36 20 44 34 
student 205: 1 37 22 7 16 30 41 13 15 45 50 10 4 3 39 32 24 9 47 21 6 33 5 27 46 17 14 12 26 38 23 35 48 8 49 34 20 31 19 11 29 2 44 28 40 25 36 18 42 43 
student 206: 2 39 24 13 19 30 41 14 12 43 48 10 8 3 42 35 26 5 47 22 6 28 4 23 40 18 16 9 36 32 20 33 50 7 49 34 21 31 11 15 29 1 46 27 44 25 37 17 38 45 
student 207: 3 36 23 6 19 28 39 13 14 47 48 12 4 2 41 27 20 7 49 24 8 33 5 25 46 18 16 9 37 35 22 34 50 11 44 31 17 29 10 15 30 1 45 32 40 26 38 21 43 42 
student 208: 2 35 27 5 17 22 40 14 15 44 50 12 7 3 39 29 26 8 47 23 9 38 4 31 45 16 18 11 32 33 19 34 48 6 49 37 20 30 10 13 28 1 42 25 41 24 36 21 46 43 
student 209: 6 36 20 7 18 28 44 16 11 42 49 10 2 1 40 32 24 5 46 23 9 39 4 25 48 14 22 12 33 43 21 30 47 8 50 34 17 31 13 15 27 3 37 26 45 29 35 19 41 38 
student 210: 5 30 21 7 16 29 39 15 11 43 48 19 2 1 38 32 25 6 46 23 10 36 4 27 45 17 14 9 31 44 20 33 47 8 50 35 18 34 13 12 24 3 49 26 40 28 37 22 42 41 
student 211: 7 35 21 6 16 29 44 14 23 47 48 11 1 5 39 30 24 4 49 22 10 34 3 26 45 18 15 9 32 37 20 31 46 8 50 33 19 36 12 13 28 2 43 27 40 25 38 17 41 42 
student 212: 6 37 21 10 18 33 40 17 15 44 49 9 5 4 39 31 25 3 46 23 8 35 2 24 47 16 14 13 32 38 19 30 48 7 50 34 22 28 11 12 29 1 41 27 43 26 36 20 45 42 
student 213: 6 38 25 7 18 30 39 16 13 47 50 12 3 1 44 34 26 4 45 19 9 35 8 22 43 17 15 10 32 37 20 31 49 5 48 33 24 29 11 14 28 2 46 27 41 23 36 21 42 40 
student 214: 6 39 23 7 17 30 41 16 14 47 49 11 2 3 38 25 26 5 46 21 12 35 4 27 45 18 15 10 33 37 22 31 48 8 50 34 19 32 13 9 29 1 44 28 40 24 36 20 43 42 
student 215: 7 39 23 10 15 29 37 14 16 49 48 9 1 2 42 33 22 8 46 26 5 35 4 24 45 18 17 6 34 38 21 31 47 13 50 32 20 30 11 12 28 3 43 27 40 25 36 19 44 41 
student 216: 4 38 26 5 18 31 41 14 10 46 49 17 1 3 39 29 23 7 47 22 8 33 6 24 45 15 16 9 30 37 19 36 48 11 50 32 20 35 13 12 27 2 44 28 43 25 34 21 42 40 
student 217: 4 35 22 8 24 30 40 16 13 50 48 11 1 5 37 27 25 9 44 18 10 38 3 26 45 19 17 7 33 39 21 32 47 6 49 34 20 31 12 14 23 2 46 29 41 28 36 15 43 42 
student 218: 3 35 21 9 19 28 39 15 11 45 49 13 2 5 37 29 26 8 48 22 6 36 4 23 46 20 12 14 31 40 18 34 47 10 50 33 25 32 7 16 30 1 44 27 41 24 38 17 42 43 
student 219: 4 37 22 8 13 30 40 15 16 42 49 10 2 3 38 33 27 6 45 23 9 34 5 25 46 18 17 14 35 41 21 29 47 7 50 32 20 31 11 12 28 1 48 24 39 26 36 19 44 43 
student 220: 6 37 22 5 19 32 40 13 12 46 49 11 3 1 39 29 24 7 47 23 8 35 2 26 42 20 17 10 34 38 21 28 48 9 50 33 18 30 15 14 31 4 44 27 41 25 36 16 45 43 
student 221: 4 38 19 9 16 31 39 14 13 43 45 11 7 2 40 29 20 5 50 22 6 35 3 23 48 24 15 8 34 37 25 32 47 10 49 33 21 30 17 12 26 1 44 27 46 28 36 18 42 41 
student 222: 4 40 23 5 18 26 36 12 14 46 49 9 2 3 42 30 22 6 47 24 10 38 7 27 39 17 16 13 31 33 21 32 48 8 50 34 20 35 11 15 29 1 43 28 44 25 41 19 37 45 
student 223: 8 35 25 4 18 29 38 20 11 46 48 19 1 6 39 34 26 5 47 23 13 36 2 21 45 15 14 10 37 42 17 31 49 12 50 32 16 24 9 7 30 3 44 28 40 27 33 22 41 43 
student 224: 1 38 24 7 18 25 40 16 13 47 49 10 3 2 39 30 32 6 45 23 9 35 5 21 46 17 19 11 34 31 20 33 48 8 50 37 22 29 12 14 28 4 43 26 41 27 36 15 44 42 
student 225: 6 38 22 7 20 33 40 16 13 44 49 12 3 1 39 31 26 9 46 24 8 36 5 21 43 19 15 10 32 37 23 28 48 2 50 35 18 27 11 14 30 4 47 25 41 29 34 17 45 42 
student 226: 7 34 20 3 17 28 39 14 12 44 50 10 5 1 37 32 23 9 49 25 8 33 6 24 42 18 16 11 31 38 22 35 48 4 47 30 19 46 13 15 29 2 45 27 40 26 36 21 41 43 
student 227: 3 43 22 9 18 33 39 14 15 42 48 8 5 2 32 26 24 7 46 23 6 36 4 31 47 17 16 11 28 37 21 34 49 10 50 30 20 35 12 13 29 1 40 27 44 25 38 19 45 41 
student 228: 8 38 22 6 15 29 42 14 16 44 50 13 2 4 40 31 23 1 48 24 9 35 5 27 39 18 19 10 32 37 20 30 43 7 49 34 21 33 11 12 28 3 45 26 41 25 36 17 46 47 
student 229: 1 34 22 8 18 30 40 16 11 46 50 9 4 3 39 29 26 5 49 23 7 36 6 25 48 17 13 12 33 37 19 32 44 10 47 35 21 31 15 14 28 2 42 24 41 27 38 20 45 43 
student 230: 7 40 22 8 19 34 43 17 11 47 44 6 2 3 38 30 24 4 49 21 12 36 5 28 46 16 15 10 31 37 23 29 50 9 48 35 20 32 14 13 27 1 45 26 39 25 33 18 42 41 
student 231: 3 40 16 8 18 32 39 14 20 47 48 9 5 4 36 26 25 6 49 23 7 37 2 24 46 17 15 12 35 31 22 29 50 10 45 33 21 34 13 11 30 1 42 27 43 28 38 19 44 41 
student 232: 5 39 25 7 19 32 41 17 16 46 49 11 3 2 40 27 24 6 48 21 9 37 4 30 44 15 14 8 31 38 20 36 45 10 50 34 18 23 12 13 29 1 47 28 42 26 35 22 43 33 
student 233: 4 39 19 7 16 29 41 13 14 48 43 12 6 2 44 31 24 5 45 25 9 36 3 23 46 18 17 10 34 35 21 32 49 8 50 33 22 30 15 11 28 1 42 26 37 27 38 20 40 47 
student 234: 5 37 22 9 13 28 43 14 11 47 48 12 2 1 38 31 24 7 46 23 8 35 3 27 45 17 16 15 32 36 19 33 49 6 50 34 21 30 20 10 25 4 40 26 42 29 39 18 44 41 
student 235: 2 47 18 9 20 31 40 17 10 46 49 7 4 3 35 30 13 19 45 23 6 37 5 25 43 16 15 12 33 38 26 29 48 8 50 36 21 32 11 14 27 1 41 24 44 28 34 22 42 39 
student 236: 3 38 20 6 10 31 42 13 18 46 48 11 1 5 37 26 22 7 44 23 8 36 4 28 45 17 15 12 32 34 24 29 49 9 50 35 19 33 14 16 30 2 47 27 39 25 40 21 43 41 
student 237: 3 39 23 6 21 31 37 15 11 43 49 14 4 1 41 33 25 5 47 20 8 35 2 26 46 19 18 12 34 36 22 29 48 9 50 32 17 30 10 13 24 7 44 27 45 28 38 16 42 40 
student 238: 6 36 23 3 16 29 41 15 14 46 49 10 4 1 40 30 28 5 47 24 11 38 7 19 45 17 18 9 33 37 22 32 48 8 50 34 21 31 12 13 27 2 39 26 42 25 35 20 43 44 
student 239: 4 38 20 7 21 22 42 16 11 46 43 12 5 3 49 30 24 6 47 26 9 39 2 25 40 13 17 15 28 37 19 34 48 8 50 35 18 33 14 10 29 1 45 27 32 31 36 23 44 41 
student 240: 3 40 22 5 18 28 37 12 16 48 49 21 2 4 42 29 31 7 47 23 8 32 6 13 46 20 15 10 36 35 26 33 44 9 50 38 19 30 11 14 24 1 45 27 39 25 34 17 43 41 
student 241: 2 36 22 6 18 28 41 13 12 47 48 10 4 5 39 33 21 7 46 25 9 37 1 26 44 17 15 14 32 38 23 31 49 8 50 35 20 30 11 16 29 3 45 24 42 27 34 19 40 43 
student 242: 5 36 24 7 17 26 35 19 13 47 46 10 3 1 41 28 29 6 45 22 9 38 4 27 44 16 15 11 34 42 21 33 49 8 50 37 20 32 12 14 25 2 48 30 39 23 31 18 40 43 
student 243: 1 38 22 6 16 30 40 15 14 43 50 9 4 2 39 27 24 10 48 23 11 36 8 26 47 18 17 7 31 37 21 33 46 5 49 34 20 32 13 12 28 3 42 29 41 25 35 19 45 44 
student 244: 8 43 23 14 17 30 41 16 15 45 48 10 4 2 35 32 22 3 44 21 6 34 7 26 46 18 13 9 33 39 20 31 50 5 49 36 25 29 11 12 27 1 47 28 37 24 38 19 42 40 
student 245: 7 36 29 6 17 28 39 15 14 44 49 12 2 1 41 31 24 5 47 23 9 38 4 25 46 18 16 10 34 35 19 30 48 8 50 32 20 33 11 13 27 3 42 26 43 21 40 22 37 45 
student 246: 6 39 22 5 19 27 37 14 15 45 49 11 1 3 43 30 18 7 47 24 8 36 4 28 46 16 20 10 35 38 21 33 48 9 50 26 17 31 13 12 25 2 44 29 41 32 34 23 42 40 
student 247: 2 37 22 7 15 30 39 12 16 50 46 8 9 4 38 31 25 3 45 23 6 34 5 27 48 14 17 10 32 35 19 33 47 13 49 41 18 26 20 11 28 1 44 29 40 24 36 21 42 43 
student 248: 6 39 25 5 18 30 40 16 14 41 49 12 3 4 38 27 22 7 47 24 9 35 1 23 43 17 13 11 34 32 21 37 50 8 48 28 19 33 10 15 31 2 45 29 46 26 36 20 44 42 
student 249: 7 40 21 6 17 29 42 14 15 49 50 10 3 2 39 31 25 4 44 24 11 34 5 26 45 20 16 9 32 35 23 30 47 8 48 38 19 37 13 12 28 1 46 27 41 22 33 18 43 36 
student 250: 2 38 23 6 22 30 41 15 14 47 50 9 3 1 39 29 24 5 48 26 11 37 7 28 42 17 16 8 34 35 21 32 46 10 49 36 20 31 12 13 25 4 45 19 44 27 33 18 43 40 
student 251: 1 33 22 8 17 28 41 15 16 46 47 12 2 5 39 30 23 6 48 24 9 36 4 25 43 18 14 11 32 38 21 34 44 7 49 35 20 31 13 10 29 3 50 27 40 26 37 19 42 45 
student 252: 7 38 23 14 15 29 39 16 18 46 48 8 3 2 40 35 22 11 47 21 5 30 4 24 44 13 12 19 34 36 17 32 49 9 50 37 28 31 6 10 27 1 42 25 41 26 33 20 45 43 
student 253: 2 37 22 7 17 29 42 12 15 45 47 10 4 3 40 30 26 8 49 21 20 35 6 24 44 14 16 9 31 34 23 33 50 5 48 36 18 32 11 13 25 1 43 27 46 28 39 19 41 38 
student 254: 1 39 23 9 19 32 37 11 18 47 49 10 5 4 40 30 26 6 48 21 14 34 2 24 45 16 17 12 33 35 22 31 46 7 50 36 15 29 13 8 27 3 44 25 41 28 38 20 42 43 
student 255: 6 37 20 7 15 28 39 23 16 47 50 8 4 3 40 31 21 2 45 24 10 35 5 25 44 14 11 12 34 38 19 30 48 9 49 33 17 32 13 22 29 1 46 27 41 26 36 18 43 42 
student 256: 5 38 18 6 13 29 40 16 14 47 48 15 2 3 37 24 23 8 46 35 10 34 4 28 45 19 17 11 32 39 22 31 49 7 50 33 21 25 9 12 30 1 43 27 42 26 36 20 41 44 
student 257: 3 32 22 8 15 28 39 11 18 46 48 10 5 1 38 30 23 4 47 25 9 40 6 24 45 17 14 13 33 37 21 29 49 7 50 35 19 34 12 16 31 2 42 27 41 26 36 20 44 43 
student 258: 7 39 25 11 22 30 38 15 10 43 49 12 3 2 41 31 23 9 47 21 8 36 5 27 46 16 18 6 33 37 17 29 48 4 50 34 20 32 14 13 26 1 45 28 40 24 35 19 44 42 
student 259: 3 40 28 11 18 31 42 15 17 47 49 10 5 2 38 29 21 6 45 23 7 33 4 22 41 14 16 9 32 37 19 30 48 8 50 36 20 34 13 12 26 1 46 27 39 25 35 24 44 43 
student 260: 8 36 24 5 19 29 40 23 14 47 50 12 4 7 42 30 27 3 45 20 9 37 6 25 44 16 15 10 32 35 18 33 49 2 46 34 22 31 11 13 28 1 38 21 41 26 39 17 48 43 
student 261: 4 40 23 7 18 26 39 15 19 49 48 10 5 3 37 32 22 6 45 24 9 31 1 25 46 16 13 14 34 36 21 29 50 8 47 38 17 35 11 12 28 2 43 27 44 30 33 20 41 42 
student 262: 5 37 27 4 18 29 40 15 16 42 49 12 8 6 38 30 24 2 48 22 7 39 3 28 43 19 21 9 31 35 14 33 45 10 50 36 23 32 13 11 26 1 46 25 41 20 34 17 47 44 
student 263: 7 35 25 8 18 27 38 19 13 48 49 9 3 2 41 31 22 6 44 23 4 36 5 24 46 16 15 11 33 39 20 32 45 10 50 34 17 29 12 14 26 1 47 28 40 30 37 21 43 42 
student 264: 3 46 21 6 20 29 39 13 15 44 45 10 2 1 41 31 24 7 50 23 5 35 8 27 38 17 16 11 32 37 19 34 47 9 49 33 18 30 14 12 28 4 48 25 40 26 36 22 43 42 
student 265: 3 37 22 8 20 28 40 15 14 46 49 10 4 2 38 30 23 6 48 24 7 32 5 26 45 17 16 11 34 36 18 31 47 9 50 35 21 33 12 13 27 1 44 29 39 25 41 19 43 42 
student 266: 6 35 22 4 17 27 46 8 12 47 49 15 5 3 37 32 23 7 48 21 13 30 2 24 43 18 14 11 33 38 20 34 50 9 45 39 19 28 16 10 31 1 41 26 40 29 36 25 44 42 
student 267: 6 38 22 11 21 31 39 16 10 44 49 9 1 4 40 29 24 3 47 23 8 36 5 26 46 20 17 12 32 37 15 30 48 7 50 33 19 35 13 14 28 2 45 27 41 25 34 18 43 42 
student 268: 7 38 28 8 16 26 41 11 15 46 49 14 2 4 40 29 25 6 50 18 5 34 3 23 43 21 20 9 37 35 17 32 48 12 47 33 22 31 10 13 27 1 42 30 39 24 36 19 45 44 
student 269: 3 35 20 9 19 29 42 16 17 46 45 14 2 4 39 30 26 7 49 24 8 37 6 27 44 15 13 11 33 36 22 31 47 5 50 34 21 32 12 10 23 1 40 25 41 28 38 18 48 43 
student 270: 4 37 19 7 22 32 41 13 12 50 46 11 3 2 39 29 26 5 44 20 10 35 6 23 47 17 15 8 33 38 21 28 48 9 49 36 27 34 14 16 25 1 45 24 43 31 30 18 42 40 
student 271: 4 36 20 18 17 29 41 16 14 47 49 13 3 2 42 30 24 7 40 25 5 32 6 23 48 15 12 11 33 35 19 38 46 8 50 34 22 31 9 10 27 1 45 28 37 26 39 21 43 44 
student 272: 5 41 25 7 20 29 39 16 13 47 50 10 3 2 38 31 23 6 49 22 9 34 4 26 46 18 15 14 36 35 21 33 45 8 48 30 17 32 11 12 27 1 43 28 40 24 37 19 44 42 
student 273: 1 36 22 11 19 25 44 15 13 49 46 10 2 4 39 28 20 8 48 26 12 34 5 32 45 16 17 7 31 38 18 29 47 6 50 33 21 30 14 9 27 3 42 24 40 37 35 23 43 41 
student 274: 5 41 26 6 17 31 40 15 16 45 48 10 1 3 39 28 29 7 46 23 11 34 4 24 47 18 14 9 32 38 21 33 49 8 50 35 20 30 12 13 27 2 42 25 37 22 36 19 43 44 
student 275: 5 37 22 7 18 29 42 12 15 47 48 11 3 1 38 30 23 9 49 25 6 39 4 21 45 17 16 8 35 36 20 33 46 13 50 31 24 32 10 14 28 2 43 27 40 26 34 19 41 44 
student 276: 5 39 22 7 20 26 40 15 14 46 50 11 3 4 38 30 27 8 47 24 6 32 2 23 41 17 16 9 34 37 21 33 49 10 48 35 19 28 12 13 31 1 44 29 42 25 36 18 45 43 
student 277: 6 36 23 5 21 26 40 13 12 50 48 10 3 2 42 28 24 8 46 20 9 35 4 29 47 17 15 11 34 39 25 33 45 7 49 30 18 32 16 14 27 1 43 31 44 22 38 19 41 37 
student 278: 2 37 22 8 17 24 49 15 13 43 50 12 1 4 38 25 28 7 45 23 9 32 5 27 42 18 16 11 31 36 20 39 48 6 47 33 21 34 14 10 30 3 41 29 40 26 35 19 44 46 
student 279: 7 37 20 6 15 23 40 17 18 47 48 11 10 4 38 30 28 8 50 24 5 36 1 26 44 14 16 9 33 39 22 29 46 3 49 34 19 31 12 13 32 2 45 27 42 25 35 21 43 41 
student 280: 4 35 20 7 10 28 39 21 15 40 50 11 3 2 38 30 26 6 49 23 9 41 5 27 43 17 16 13 33 34 19 31 47 8 45 36 24 32 14 12 25 1 48 29 42 22 37 18 44 46 
student 281: 5 41 26 8 19 32 39 15 13 45 48 10 1 4 38 29 22 6 47 20 12 35 3 24 46 16 18 11 33 37 23 31 50 7 49 34 21 30 17 9 25 2 44 27 42 28 36 14 40 43 
student 282: 5 36 22 7 17 29 42 13 16 44 49 12 3 2 40 30 23 6 48 24 11 37 4 27 43 19 15 9 34 41 21 33 47 8 50 31 18 32 10 14 28 1 45 26 38 25 35 20 39 46 
student 283: 6 42 22 7 20 33 41 15 14 44 45 8 4 2 37 27 23 9 49 24 12 35 3 25 47 17 16 5 30 36 21 29 50 10 46 34 18 38 13 11 31 1 48 28 39 26 32 19 43 40 
student 284: 8 38 21 7 16 29 40 12 9 45 47 13 5 2 39 30 24 10 46 22 6 31 3 25 50 19 15 11 32 36 20 37 48 4 49 34 23 33 14 17 27 1 44 28 41 26 35 18 42 43 
student 285: 6 38 21 9 16 28 37 19 17 44 49 14 3 2 40 30 22 5 47 25 13 39 4 27 46 15 12 8 32 36 18 35 48 7 50 33 23 31 10 11 29 1 45 26 42 24 34 20 41 43 
student 286: 5 35 23 8 18 29 39 14 13 46 48 12 1 3 33 34 25 7 45 24 10 32 2 22 42 15 17 9 36 31 21 37 50 6 49 40 20 30 16 11 28 4 47 27 41 26 38 19 44 43 
student 287: 4 40 24 5 20 30 38 12 11 49 47 16 6 3 41 29 25 10 46 21 9 35 2 23 45 17 13 8 33 37 18 31 48 7 50 34 22 32 14 15 28 1 43 27 42 26 36 19 44 39 
student 288: 5 34 25 7 21 33 41 17 15 46 50 9 4 1 40 27 19 6 48 23 8 35 3 26 44 16 12 13 32 39 22 31 47 10 49 36 18 28 11 14 29 2 45 30 42 24 37 20 43 38 
student 289: 3 47 19 8 15 26 40 16 14 46 49 11 1 4 39 32 27 5 45 21 10 34 2 23 43 17 18 9 30 36 22 37 48 6 50 35 24 28 12 13 31 7 44 29 41 25 33 20 42 38 
student 290: 9 34 22 7 16 29 38 17 15 45 50 8 4 2 37 39 24 5 46 25 10 35 3 23 49 18 14 11 33 36 19 31 47 6 48 32 21 30 12 13 27 1 43 26 42 28 44 20 40 41 
student 291: 7 33 19 6 25 28 41 12 14 45 48 15 2 5 40 30 20 4 47 26 13 36 3 27 49 22 16 10 32 38 21 31 46 8 50 35 17 34 11 9 29 1 44 24 37 23 39 18 42 43 
student 292: 5 35 22 1 17 28 40 16 14 48 50 10 7 4 39 31 24 3 46 23 9 36 12 26 43 19 18 8 33 37 21 32 49 6 44 34 20 29 13 11 30 2 47 27 42 25 38 15 41 45 
student 293: 9 38 20 3 24 30 35 15 16 45 50 11 5 2 43 33 23 6 47 21 8 37 4 22 42 17 12 13 32 40 19 36 48 7 49 31 25 28 10 14 29 1 46 27 39 26 34 18 44 41 
student 294: 8 42 22 7 15 32 38 13 14 47 50 3 4 2 39 30 27 6 46 23 10 31 5 24 44 18 17 12 28 35 21 33 49 16 48 36 19 34 11 9 29 1 45 26 43 25 37 20 41 40 
student 295: 7 35 22 3 17 31 37 18 16 46 50 13 6 2 40 32 24 4 47 23 8 41 5 26 44 15 14 9 34 30 21 33 49 12 48 36 20 27 11 10 28 1 45 29 39 25 38 19 43 42 
student 296: 3 37 22 4 15 28 40 14 16 46 50 13 5 2 39 30 24 6 48 27 9 36 1 23 44 19 17 7 33 34 21 31 47 10 49 35 20 32 11 12 26 8 42 25 45 29 38 18 43 41 
student 297: 6 40 21 8 16 32 39 13 20 49 47 10 3 2 44 28 24 5 48 23 9 34 4 25 38 17 14 15 35 33 19 31 46 7 50 36 22 30 12 11 29 1 45 26 37 27 42 18 43 41 
student 298: 4 37 22 6 21 31 41 13 16 48 49 15 3 2 40 32 28 5 45 24 8 35 9 23 43 14 19 11 33 38 18 30 50 7 47 36 20 29 12 10 26 1 44 25 46 27 34 17 42 39 
student 299: 6 37 21 7 18 29 40 16 15 48 49 13 5 2 39 26 24 9 47 23 10 38 3 25 44 17 4 11 34 35 22 32 46 8 50 36 19 31 14 12 28 1 45 30 41 27 33 20 43 42 
student 300: 2 40 22 6 18 31 42 14 16 44 50 11 5 3 38 33 24 10 47 23 8 32 4 26 46 21 15 9 35 37 20 34 48 7 49 29 19 30 13 12 27 1 43 28 41 25 36 17 39 45 
student 301: 6 44 19 8 15 29 38 21 17 43 47 11 2 4 39 32 27 5 45 22 12 37 3 20 50 16 14 9 35 33 23 34 48 7 49 36 18 30 13 10 28 1 42 26 40 24 31 25 46 41 
student 302: 3 37 22 11 18 32 39 15 13 47 49 8 4 1 40 26 28 5 48 23 12 36 6 27 43 17 21 14 31 38 20 29 44 9 50 34 19 33 7 10 30 2 42 25 41 24 35 16 46 45 
student 303: 4 38 22 2 19 30 44 15 12 43 48 14 5 3 39 27 25 8 50 23 9 34 6 26 42 18 16 11 32 36 20 33 47 7 46 35 21 31 10 13 29 1 49 28 40 24 37 17 41 45 
student 304: 5 42 22 6 18 27 38 14 13 45 50 11 3 2 39 31 25 9 48 24 10 34 4 21 47 16 17 7 32 36 23 35 44 8 49 33 20 30 15 12 29 1 46 28 41 26 37 19 43 40 
student 305: 6 37 22 7 16 29 39 20 17 43 49 12 3 4 40 30 24 5 42 21 11 38 2 25 47 15 14 8 33 35 23 32 48 10 50 34 19 31 9 13 28 1 46 27 41 26 36 18 45 44 
student 306: 5 37 22 7 12 29 40 21 15 47 49 14 3 2 38 30 23 8 44 24 6 35 4 26 48 17 16 9 32 39 18 31 46 13 50 34 19 36 10 11 27 1 45 28 41 25 33 20 42 43 
student 307: 1 38 26 8 21 31 41 17 11 44 50 10 5 6 39 29 24 3 47 22 7 37 9 25 46 16 12 14 35 36 20 30 48 4 49 33 19 34 13 15 27 2 45 23 42 28 32 18 43 40 
student 308: 5 38 27 8 20 31 40 17 11 44 48 10 1 6 39 30 23 7 46 22 12 35 2 24 47 16 15 9 25 36 21 33 49 3 50 34 19 32 13 14 29 4 45 28 41 26 37 18 43 42 
student 309: 7 37 17 6 20 27 36 14 13 46 49 12 5 1 41 28 26 4 48 23 8 38 3 30 45 19 16 11 32 39 24 33 42 10 50 35 21 29 9 15 31 2 47 22 40 25 34 18 43 44 
student 310: 5 37 22 9 18 31 42 13 14 45 48 11 2 3 36 28 23 6 47 24 7 33 4 25 50 17 15 10 34 41 20 29 43 8 49 35 21 32 12 16 30 1 40 26 39 27 38 19 46 44 
student 311: 7 40 21 8 12 29 39 24 18 48 49 14 6 1 37 30 26 3 44 22 10 33 2 23 46 16 13 9 31 38 20 36 47 5 50 34 17 32 11 15 27 4 42 28 41 25 35 19 43 45 
student 312: 3 39 22 7 13 23 46 15 14 44 49 11 4 2 40 31 26 6 47 30 9 36 5 24 48 20 17 16 34 37 18 32 41 8 50 35 19 29 12 10 27 1 42 25 38 28 33 21 45 43 
student 313: 7 36 21 5 18 29 37 14 16 46 47 10 2 3 40 34 26 6 43 24 9 33 4 23 45 17 15 11 30 39 25 31 49 8 50 35 19 32 13 12 28 1 48 22 44 27 38 20 42 41 
student 314: 4 37 25 6 19 30 38 12 17 46 45 9 3 2 40 29 22 7 48 24 11 33 5 28 42 16 13 14 32 39 21 35 49 8 50 34 20 31 10 18 26 1 47 27 41 23 36 15 44 43 
student 315: 5 38 24 8 20 30 40 15 17 48 47 9 4 2 37 29 23 3 46 22 7 35 6 27 45 18 14 10 34 41 19 32 50 12 49 33 21 28 11 13 31 1 42 26 43 25 36 16 44 39 
student 316: 5 39 21 7 18 27 46 13 17 44 49 10 3 2 38 33 23 9 45 24 6 35 4 25 47 16 12 11 32 37 20 28 48 8 50 31 22 34 14 15 30 1 41 29 42 26 36 19 43 40 
student 317: 6 41 22 11 14 29 40 17 9 48 49 12 2 3 37 30 26 7 46 24 8 35 4 23 45 19 13 5 33 36 20 31 50 15 47 34 18 32 16 10 25 1 43 28 42 27 38 21 44 39 
student 318: 4 38 24 10 20 32 40 14 18 45 49 12 3 1 39 29 25 7 47 22 6 34 5 27 44 17 15 8 36 37 21 33 50 9 48 30 19 31 11 13 23 2 42 28 41 26 35 16 46 43 
student 319: 2 35 20 10 21 30 40 16 18 46 47 9 6 4 34 31 23 3 48 26 11 37 5 24 45 13 17 8 32 39 22 33 50 7 49 36 15 29 14 12 28 1 43 27 42 25 38 19 44 41 
student 320: 7 33 24 6 18 31 37 16 13 45 49 10 1 5 40 35 27 4 46 25 11 38 3 22 43 17 15 9 32 39 21 30 48 8 50 34 19 29 12 14 26 2 47 23 41 28 36 20 44 42 
student 321: 6 40 21 10 20 28 38 13 14 46 49 9 2 3 37 29 22 7 47 23 16 35 5 26 44 17 15 8 31 39 18 30 48 4 50 36 19 32 11 12 33 1 43 27 42 25 34 24 45 41 
student 322: 4 37 24 6 16 30 42 13 15 46 48 11 2 3 38 29 21 10 47 19 8 34 7 25 43 23 14 5 32 35 22 33 49 18 50 36 17 31 9 12 27 1 44 28 40 26 39 20 45 41 
student 323: 4 39 25 2 20 28 40 11 14 43 50 12 3 5 38 30 22 10 45 24 13 37 7 23 49 17 15 6 33 35 21 31 46 8 47 36 16 32 9 18 27 1 48 29 41 26 34 19 42 44 
student 324: 3 38 23 8 18 27 39 15 14 44 48 10 2 1 43 30 26 4 46 20 5 32 7 28 45 19 16 6 36 37 17 33 49 12 50 31 25 35 13 11 29 9 47 22 40 24 34 21 42 41 
student 325: 5 38 21 10 18 30 43 12 14 45 49 13 4 3 41 32 22 6 48 28 7 35 1 24 44 19 16 11 29 37 17 36 47 8 50 33 20 26 15 9 31 2 46 23 40 27 34 25 42 39 
student 326: 5 37 20 6 16 32 39 15 13 42 49 12 8 3 40 29 26 4 47 22 7 35 1 24 46 11 18 10 34 38 23 30 45 9 50 33 21 31 14 17 28 2 48 27 41 25 36 19 44 43 
student 327: 5 40 26 15 17 29 38 13 14 46 48 8 2 1 39 30 22 6 45 24 7 33 3 28 44 21 16 11 32 36 20 31 49 10 50 37 19 35 9 12 27 4 43 25 47 23 34 18 41 42 
student 328: 5 37 19 7 20 21 38 15 14 47 49 9 3 4 42 30 25 1 48 18 12 35 8 26 44 17 16 6 33 39 23 32 46 10 50 34 22 29 11 13 28 2 45 31 43 27 36 24 40 41 
student 329: 4 38 22 13 19 36 40 17 9 41 47 11 3 2 43 27 24 6 46 23 5 35 7 25 50 15 16 8 31 37 21 34 48 10 49 32 18 29 12 14 30 1 44 28 45 26 33 20 42 39 
student 330: 4 32 24 8 19 30 40 15 12 46 50 11 7 2 29 31 25 6 47 22 5 35 3 21 45 18 23 10 37 39 17 34 49 9 48 36 16 33 14 20 28 1 44 26 41 27 38 13 43 42 
student 331: 5 40 24 6 17 29 41 10 11 48 50 9 4 2 38 33 27 7 46 23 12 32 1 22 39 14 20 13 31 37 19 34 47 8 49 35 21 30 15 16 26 3 42 28 44 25 36 18 45 43 
student 332: 7 37 19 10 18 25 42 12 15 45 48 6 3 8 41 29 23 4 47 24 11 35 1 27 43 16 17 9 31 38 22 36 49 5 50 32 21 34 13 14 26 2 46 30 40 28 33 20 44 39 
student 333: 8 34 22 11 17 28 40 14 15 47 49 10 2 3 39 33 25 9 46 27 6 29 1 21 45 23 16 12 32 37 19 31 48 5 50 36 20 35 7 13 24 4 44 30 43 26 38 18 42 41 
student 334: 5 39 17 9 14 29 41 13 19 45 49 8 3 2 38 31 23 7 46 25 6 37 1 27 48 18 15 10 34 36 21 32 47 16 50 33 22 28 11 12 30 4 44 26 40 24 35 20 42 43 
student 335: 3 38 14 9 17 34 40 16 18 46 47 12 2 5 39 30 24 4 45 22 6 36 7 23 43 15 19 8 31 37 25 28 50 10 49 35 21 33 11 13 29 1 48 27 41 26 32 20 44 42 
student 336: 6 39 22 3 20 28 42 14 15 46 50 11 4 2 41 31 26 7 47 24 9 35 5 25 43 13 17 10 36 34 21 30 45 8 48 33 19 32 12 16 23 1 49 29 40 27 37 18 44 38 
student 337: 5 39 24 7 21 29 41 17 15 46 48 12 2 3 38 30 25 6 47 22 8 31 4 26 45 16 13 9 32 40 18 36 50 11 49 34 20 33 14 10 28 1 44 27 42 23 37 19 35 43 
student 338: 4 36 21 11 18 28 41 15 13 46 50 10 2 5 39 33 22 6 48 24 8 35 3 23 45 16 17 9 34 40 20 31 49 7 47 32 25 30 12 14 29 1 44 27 37 26 38 19 42 43 
student 339: 8 38 18 13 16 25 40 19 11 47 49 12 5 2 39 24 22 7 48 21 4 36 3 27 44 17 15 9 32 37 26 33 46 6 50 34 23 31 10 14 30 1 43 28 45 29 35 20 41 42 
student 340: 7 39 19 4 17 27 43 14 15 47 49 11 5 1 38 28 24 6 44 23 9 36 2 30 46 18 16 10 33 37 20 32 48 8 50 34 22 31 12 13 29 3 45 25 40 26 35 21 42 41 
student 341: 8 38 32 6 15 33 42 13 17 43 50 12 2 3 44 28 23 5 47 20 7 37 4 25 46 18 16 10 34 36 22 31 48 9 49 35 21 30 14 11 29 1 45 24 40 26 27 19 41 39 
student 342: 7 37 21 6 19 34 40 9 13 45 48 17 3 2 39 29 25 4 50 28 12 30 5 23 44 15 16 11 33 36 22 32 47 8 49 35 20 26 14 10 31 1 41 24 38 27 46 18 43 42 
student 343: 5 39 22 8 18 30 40 15 14 48 49 10 2 7 36 32 29 3 47 24 9 33 4 25 45 21 16 12 31 37 23 35 44 6 50 38 19 27 11 13 26 1 46 28 43 20 34 17 41 42 
student 344: 8 38 24 4 18 31 40 14 17 48 46 11 6 3 39 32 27 7 47 23 10 35 1 28 44 20 15 9 30 37 21 29 50 5 49 36 16 33 12 13 25 2 43 22 41 26 34 19 45 42 
student 345: 6 38 21 5 20 33 40 12 11 47 50 10 3 1 35 32 24 14 45 25 8 37 4 27 44 17 19 9 34 39 22 29 49 7 46 36 18 15 13 16 30 2 43 26 41 28 31 23 42 48 
student 346: 8 40 22 7 20 35 39 15 13 46 50 12 4 2 32 29 24 6 47 23 10 36 3 25 44 17 16 5 33 38 21 34 48 9 49 31 19 30 11 14 27 1 45 28 42 26 37 18 41 43 
student 347: 2 42 21 4 19 25 40 17 16 47 50 10 5 1 38 28 24 9 43 18 8 33 7 32 46 14 15 11 30 37 31 29 49 6 48 34 20 36 12 13 27 3 45 22 44 26 35 23 39 41 
student 348: 5 34 19 7 14 35 40 16 13 45 48 15 3 2 42 26 25 6 46 24 9 37 4 23 47 18 17 11 36 32 22 31 49 8 50 33 20 29 10 12 28 1 39 30 41 27 38 21 43 44 
student 349: 5 39 23 9 18 29 37 16 15 45 50 10 4 1 40 28 27 6 46 21 7 36 3 22 47 17 13 8 34 38 20 32 48 14 49 33 24 30 11 12 31 2 44 26 42 25 35 19 41 43 
student 350: 6 37 25 3 21 30 39 19 9 48 49 11 1 5 41 29 22 10 46 23 13 35 4 24 45 17 14 12 33 38 15 31 47 7 50 34 20 32 16 8 28 2 42 27 44 26 36 18 43 40 
student 351: 2 37 27 8 18 26 41 16 14 48 49 10 5 1 39 31 19 6 46 23 7 35 3 28 45 15 20 12 32 40 22 34 47 9 50 33 21 30 11 13 25 4 42 24 43 29 38 17 44 36 
student 352: 5 36 21 7 18 27 42 14 13 44 48 15 3 1 39 31 24 6 47 26 8 35 4 23 46 16 17 11 32 38 20 30 49 9 50 34 22 33 12 10 29 2 45 28 43 25 37 19 41 40 
student 353: 4 34 21 9 18 32 36 12 10 48 46 13 2 1 39 29 25 8 47 23 11 30 5 24 44 17 16 7 37 40 19 31 50 6 49 33 22 35 14 15 28 3 41 27 42 26 38 20 45 43 
student 354: 7 40 19 4 20 26 41 10 11 44 50 14 3 1 38 29 23 6 48 25 8 34 5 24 47 15 17 16 30 37 22 33 49 9 45 35 21 32 12 13 31 2 46 27 39 28 36 18 43 42 
student 355: 5 35 24 10 18 29 44 17 14 43 47 12 4 1 36 30 25 6 45 22 8 41 2 23 38 15 16 9 34 40 21 39 48 7 50 32 20 31 13 11 27 3 42 26 37 28 33 19 49 46 
student 356: 10 41 27 7 19 29 38 16 14 47 48 13 6 2 32 30 28 9 42 22 1 39 3 23 43 18 17 5 34 37 21 33 45 11 50 36 15 31 8 12 25 4 49 26 46 24 35 20 44 40 
student 357: 1 40 24 8 18 29 39 15 13 47 49 11 5 4 37 32 25 7 44 21 9 36 3 23 41 17 16 10 30 38 22 34 48 6 50 33 20 31 14 12 28 2 43 27 45 26 35 19 46 42 
student 358: 6 36 24 10 17 28 41 19 11 45 48 9 2 3 40 27 20 7 44 23 15 35 4 25 47 13 12 14 32 37 22 33 50 5 49 39 18 29 16 8 30 1 46 31 38 26 34 21 43 42 
student 359: 5 38 22 6 19 30 36 14 17 46 50 8 2 3 41 28 23 7 45 24 11 39 4 25 40 16 15 10 33 37 21 31 48 9 49 34 20 32 12 13 27 1 47 29 42 26 35 18 43 44 
student 360: 5 40 20 6 17 29 38 16 13 47 50 11 2 1 39 32 24 7 48 23 9 35 4 28 46 18 14 8 33 36 22 34 45 10 49 31 21 30 12 15 27 3 42 25 43 26 37 19 41 44 
student 361: 7 42 22 8 20 30 39 11 14 46 43 4 3 6 34 27 23 2 48 19 13 37 5 26 44 17 16 12 35 38 25 33 50 9 49 31 18 32 10 15 29 1 47 28 40 24 36 21 45 41 
student 362: 5 37 22 9 17 28 38 16 11 48 49 14 7 1 41 30 25 3 50 23 10 35 6 24 46 19 15 12 33 39 20 32 44 8 47 34 21 31 4 13 27 2 45 29 42 26 36 18 43 40 
student 363: 7 37 21 5 28 31 42 13 14 48 49 18 3 2 39 27 25 8 44 23 12 36 4 22 46 19 16 11 30 35 15 32 47 9 50 34 17 33 6 10 26 1 41 29 40 24 38 20 45 43 
student 364: 3 36 22 7 15 27 41 16 14 40 47 12 4 2 39 33 26 5 48 23 9 34 6 31 45 18 17 10 30 38 21 32 46 8 50 35 20 28 11 13 29 1 43 25 42 24 37 19 49 44 
student 365: 5 39 21 6 14 24 40 17 12 46 45 11 4 2 37 31 25 7 47 22 3 34 8 26 42 15 20 9 32 38 23 33 49 16 50 36 13 30 10 18 29 1 48 28 41 27 35 19 44 43 
student 366: 5 40 28 7 20 30 38 15 11 49 44 10 1 2 41 32 22 6 48 19 9 36 4 25 45 18 16 13 35 34 23 29 50 8 47 31 17 33 14 12 26 3 43 24 42 27 37 21 46 39 
student 367: 5 38 20 7 16 30 34 14 15 49 50 10 4 3 40 29 23 9 46 26 6 32 2 24 44 18 13 8 35 36 21 33 47 11 48 39 22 31 12 17 28 1 42 25 43 27 37 19 41 45 
student 368: 4 36 23 6 17 28 41 16 12 46 50 9 2 5 40 29 25 8 49 22 7 39 3 24 45 18 15 11 33 35 20 32 47 10 48 34 21 30 14 13 27 1 44 26 42 31 37 19 38 43 
student 369: 4 37 18 9 21 31 39 15 12 50 49 13 5 2 42 32 22 6 48 19 7 34 3 25 47 16 17 10 33 36 24 29 45 8 46 35 23 27 11 14 28 1 41 30 43 26 40 20 38 44 
student 370: 4 41 22 10 18 31 37 17 14 45 49 11 3 2 39 29 25 8 43 23 6 36 5 27 44 13 16 12 34 40 20 32 47 7 50 30 21 33 15 9 26 1 48 24 42 28 35 19 46 38 
student 371: 3 36 20 7 17 27 39 14 18 45 50 12 4 2 38 28 24 5 48 23 9 37 6 25 46 16 15 11 35 41 22 32 49 8 47 33 21 31 10 13 30 1 44 29 42 26 34 19 40 43 
student 372: 2 36 23 8 18 31 44 15 12 45 50 11 5 1 38 32 24 6 47 22 9 33 3 25 41 16 17 10 30 42 21 37 48 7 49 34 20 29 14 13 27 4 43 28 39 26 35 19 40 46 
student 373: 5 37 25 9 14 28 32 7 12 47 49 15 3 8 42 36 24 4 46 23 6 31 2 30 44 18 16 11 40 33 17 29 45 10 50 34 21 35 13 19 27 1 48 22 43 26 39 20 41 38 
student 374: 5 46 20 7 15 24 38 18 14 44 45 12 3 2 37 30 28 6 49 25 13 31 4 22 47 16 23 8 34 36 21 33 48 9 50 35 19 29 10 11 32 1 42 27 40 26 39 17 41 43 
student 375: 8 39 20 6 14 29 40 16 15 44 49 13 4 2 37 27 22 5 46 21 7 34 3 28 47 18 17 9 33 38 24 31 48 12 50 32 19 35 11 10 30 1 42 26 43 25 36 23 45 41 
student 376: 6 38 24 8 18 27 40 9 16 43 49 11 4 2 39 28 29 5 48 22 10 33 3 23 45 17 13 14 34 36 21 31 46 7 50 35 20 30 15 12 32 1 47 26 44 25 37 19 42 41 
student 377: 11 37 15 5 18 29 40 17 12 47 48 10 2 3 43 30 27 4 46 23 7 38 8 24 45 19 14 9 31 39 22 33 49 6 50 34 21 32 13 16 26 1 44 25 41 28 36 20 42 35 
student 378: 9 34 23 6 19 31 41 17 14 45 50 15 3 2 43 29 25 10 48 22 12 33 4 27 47 18 16 8 35 42 24 30 46 5 49 36 7 32 11 13 28 1 40 26 38 21 39 20 37 44 
student 379: 1 35 28 6 18 27 39 15 13 44 48 12 4 3 37 32 29 8 47 22 11 36 5 25 42 17 16 10 30 38 19 34 45 7 49 33 24 21 9 14 31 2 46 23 41 26 40 20 50 43 
student 380: 6 40 22 8 17 29 33 15 13 45 49 11 3 1 38 30 23 4 47 24 10 37 5 25 44 19 16 7 36 39 21 34 48 9 50 32 18 31 14 12 27 2 46 26 35 28 41 20 43 42 
student 381: 6 36 22 2 17 20 41 11 15 50 48 12 4 1 38 29 24 7 46 25 9 35 5 26 45 18 14 10 30 39 23 32 47 8 49 37 21 33 16 13 31 3 43 27 44 28 34 19 42 40 
student 382: 3 35 24 11 18 30 37 16 14 46 50 10 1 4 41 31 23 6 47 22 8 42 2 28 44 12 21 9 32 38 20 34 48 7 49 36 17 27 13 15 29 5 45 26 39 25 33 19 43 40 
student 383: 5 37 22 10 19 29 40 14 15 47 49 9 1 3 38 27 25 6 48 24 8 35 4 26 44 17 16 7 33 39 23 30 46 11 50 34 18 32 12 13 31 2 43 21 42 28 36 20 45 41 
student 384: 5 38 24 6 16 33 40 15 11 44 49 12 2 4 37 28 21 7 48 25 9 34 1 26 46 22 17 10 31 36 20 30 47 8 50 35 18 32 14 13 29 3 45 27 39 23 41 19 42 43 
student 385: 6 39 24 7 23 29 44 15 20 45 50 12 4 1 35 31 17 9 47 26 8 34 5 21 42 18 13 10 33 32 16 37 48 2 49 30 19 36 11 14 27 3 46 28 41 25 38 22 43 40 
student 386: 7 41 21 9 20 25 42 14 17 47 48 13 3 2 44 28 24 4 50 23 8 38 5 26 45 18 11 10 32 34 22 36 46 6 49 33 16 30 15 12 29 1 40 27 39 31 35 19 43 37 
student 387: 5 38 22 6 16 30 42 19 15 43 45 12 4 1 44 26 25 7 48 23 8 37 3 29 46 17 14 9 36 39 21 32 49 11 50 34 18 31 10 13 24 2 40 27 33 28 35 20 41 47 
student 388: 6 39 25 4 19 30 40 17 12 46 50 15 3 1 41 31 22 7 48 21 9 36 5 32 42 13 18 11 29 37 24 33 47 8 49 35 20 26 10 14 28 2 44 27 38 23 34 16 45 43 
student 389: 6 39 21 7 17 31 47 19 12 46 50 13 1 2 40 25 22 8 43 26 5 37 4 27 45 15 14 10 32 34 23 30 48 9 49 33 20 36 11 18 29 3 44 28 41 24 35 16 38 42 
student 390: 3 34 24 8 17 28 41 16 15 47 48 10 2 4 40 30 29 7 43 20 9 33 6 27 46 21 18 12 26 38 19 32 49 5 50 37 22 35 13 11 25 1 39 31 42 23 36 14 45 44 
student 391: 9 36 24 7 17 30 39 14 16 47 45 11 2 4 40 32 22 5 49 21 8 37 3 23 46 19 15 10 31 38 20 34 48 6 50 35 25 28 12 13 29 1 41 27 42 26 33 18 44 43 
student 392: 7 41 24 6 18 33 36 13 11 44 45 10 3 2 42 30 21 4 48 22 8 35 5 26 46 17 16 15 32 37 23 31 49 9 50 34 20 28 14 12 29 1 47 25 39 27 38 19 43 40 
student 393: 7 39 20 6 12 32 40 15 16 45 50 11 2 1 38 29 22 3 46 28 9 33 5 25 49 21 17 10 30 36 19 31 47 8 48 37 24 34 13 14 27 4 42 23 44 26 35 18 43 41 
student 394: 2 36 22 10 21 30 46 18 8 44 49 12 1 3 37 29 24 4 48 23 7 39 6 25 45 13 16 14 32 35 19 31 47 9 50 34 20 33 11 15 28 5 43 26 38 27 40 17 42 41 
student 395: 3 37 23 10 20 28 39 12 19 46 49 11 1 4 44 31 24 5 47 22 9 33 6 25 45 13 18 7 34 36 14 35 48 8 50 38 21 32 15 16 30 2 42 27 43 29 26 17 41 40 
student 396: 6 36 19 9 20 30 39 15 13 46 49 8 5 3 38 29 23 4 45 24 10 35 2 25 47 17 16 11 31 40 22 34 48 7 50 32 21 33 14 12 28 1 44 26 42 27 37 18 43 41 
student 397: 5 35 23 11 20 32 44 16 14 46 49 9 3 2 38 29 24 6 43 19 7 36 4 26 47 18 17 10 33 39 21 34 48 8 50 31 22 30 13 12 27 1 45 25 40 28 37 15 41 42 
student 398: 4 33 23 8 20 30 41 14 16 45 47 15 3 1 40 29 18 5 48 24 12 36 6 22 46 17 19 10 34 38 21 31 50 9 49 37 26 32 7 13 25 2 43 28 42 27 35 11 44 39 
student 399: 8 38 23 3 17 31 44 19 14 48 50 7 11 4 42 30 24 6 43 21 13 34 1 25 49 15 16 9 33 36 20 29 46 5 47 32 22 37 10 12 28 2 45 26 40 27 35 18 41 39 
student 400: 4 40 21 8 24 31 39 14 13 45 48 10 9 2 38 29 26 7 47 22 11 35 3 23 44 17 18 15 32 37 25 30 49 6 50 33 20 34 5 12 27 1 43 19 41 28 36 16 46 42 
student 401: 5 37 26 7 12 25 40 17 11 47 49 13 3 2 39 30 27 6 46 20 8 34 4 23 45 21 16 10 33 38 22 32 48 9 50 36 19 31 14 15 29 1 44 28 41 24 35 18 43 42 
student 402: 2 37 25 8 20 29 41 17 15 44 49 12 3 4 38 31 22 5 46 26 7 34 6 23 45 18 16 9 33 39 21 32 47 11 50 35 19 30 10 13 28 1 40 24 43 27 36 14 42 48 
student 403: 3 42 22 7 18 30 40 16 13 41 47 11 5 1 38 29 25 6 48 23 9 33 2 24 44 17 15 10 36 39 21 31 45 8 50 34 20 32 12 14 26 4 43 27 46 28 35 19 37 49 
student 404: 7 36 23 5 18 30 39 15 13 45 48 10 3 2 38 29 24 6 49 22 11 35 4 26 46 17 14 8 33 40 21 32 47 9 50 34 19 31 12 16 27 1 44 25 42 28 37 20 43 41 
student 405: 3 42 24 4 18 29 38 11 13 45 48 12 2 5 41 26 22 10 47 21 8 36 9 25 43 16 17 6 33 35 23 30 50 7 49 34 20 32 14 15 27 1 46 28 39 31 37 19 44 40 
student 406: 4 41 21 3 16 30 40 12 10 46 49 14 7 1 33 29 20 6 48 23 18 36 5 24 43 19 22 13 34 37 17 31 47 8 50 35 25 32 11 9 28 2 42 27 44 26 39 15 45 38 
student 407: 5 38 21 7 15 30 42 13 18 46 48 11 6 2 35 29 24 3 50 20 9 36 4 25 47 16 17 8 31 40 23 32 45 10 49 34 22 33 14 12 28 1 44 27 39 26 37 19 43 41 
student 408: 4 38 20 3 19 24 40 16 14 44 47 10 1 5 39 28 23 8 50 27 11 33 6 26 46 18 17 7 34 37 22 32 48 9 49 35 21 31 12 13 30 2 43 29 42 25 36 15 45 41 
student 409: 4 38 22 5 18 30 40 15 12 50 46 16 1 3 39 27 23 8 47 29 7 35 6 28 45 17 13 11 26 37 21 34 49 9 48 33 20 31 14 10 25 2 41 32 42 24 36 19 44 43 
student 410: 7 37 17 8 21 25 38 11 14 43 47 10 3 1 40 27 24 5 48 22 9 39 4 26 46 19 20 13 31 36 23 32 49 6 50 34 18 33 12 15 30 2 45 29 42 28 35 16 44 41 
student 411: 7 42 18 9 19 31 40 13 16 45 48 8 3 2 39 28 24 5 46 23 10 33 4 26 44 17 14 11 34 36 21 32 47 6 50 35 25 30 12 15 27 1 49 29 43 22 37 20 38 41 
student 412: 7 40 22 5 19 29 41 10 14 47 46 11 6 4 39 28 20 3 45 24 12 35 2 27 49 17 21 8 33 36 23 30 48 9 50 34 16 31 15 13 32 1 44 25 42 26 37 18 43 38 
student 413: 6 27 23 8 20 35 34 12 15 46 47 11 5 2 37 30 25 9 48 22 7 38 4 24 44 18 16 3 33 45 17 36 49 10 50 31 21 32 13 14 28 1 43 29 40 26 39 19 41 42 
student 414: 4 36 24 9 23 30 39 15 16 45 50 12 2 1 37 27 22 6 47 21 8 34 5 28 44 20 17 10 31 38 19 40 48 7 49 33 18 32 14 11 29 3 46 25 41 26 35 13 43 42 
student 415: 7 41 24 11 18 25 40 13 17 45 47 10 5 1 39 31 26 9 48 23 2 29 3 22 42 16 14 8 36 38 20 35 49 6 50 34 21 33 12 15 30 4 46 27 43 28 37 19 44 32 
student 416: 5 45 24 8 21 27 37 15 13 44 48 11 4 7 39 29 23 6 49 19 2 35 3 25 43 16 17 9 33 41 22 32 47 10 50 34 18 31 14 12 30 1 46 28 38 20 36 26 42 40 
student 417: 4 38 21 8 18 27 40 16 12 47 50 11 2 3 36 33 23 9 49 22 10 35 6 24 42 20 14 5 32 39 19 31 46 7 48 34 25 30 13 15 29 1 45 26 43 28 37 17 44 41 
student 418: 3 39 22 7 20 28 36 17 13 46 48 15 5 2 42 27 23 4 47 29 9 35 6 25 45 16 14 11 34 40 21 33 49 8 50 32 19 31 12 10 30 1 44 26 38 24 37 18 43 41 
student 419: 5 39 25 7 16 29 35 19 15 47 46 13 4 1 42 30 23 6 43 22 9 34 3 21 41 17 14 12 37 36 20 33 48 10 50 40 24 32 8 11 28 2 44 26 38 27 31 18 49 45 
student 420: 6 37 23 10 16 26 40 13 15 46 49 11 3 5 39 32 25 4 45 20 9 34 1 27 44 17 18 7 30 38 22 33 47 8 50 36 21 31 14 12 28 2 48 29 41 24 35 19 43 42 
student 421: 11 46 23 6 16 29 39 19 15 50 48 9 3 2 36 33 24 4 44 22 8 35 7 26 43 14 17 12 32 37 21 31 47 5 49 34 20 30 13 10 28 1 45 25 40 27 38 18 42 41 
student 422: 5 36 21 9 19 29 42 17 16 45 49 6 3 2 38 30 26 7 46 24 10 32 8 22 41 13 18 11 31 40 20 33 48 4 50 35 25 34 12 14 28 1 44 27 47 23 37 15 39 43 
student 423: 7 32 18 6 15 30 44 13 16 47 50 10 4 2 41 28 26 5 46 23 11 31 3 29 43 20 17 9 33 38 22 34 49 8 48 37 21 36 12 14 25 1 40 27 45 24 35 19 42 39 
student 424: 4 40 21 8 22 31 39 15 13 47 45 14 3 1 36 29 27 6 48 25 5 33 2 23 43 18 17 9 35 37 19 30 49 10 50 44 20 32 11 12 28 7 41 26 46 24 34 16 38 42 
student 425: 6 33 21 4 18 29 39 11 15 45 50 9 3 1 37 30 26 8 49 24 7 36 5 23 47 16 17 13 32 35 22 34 46 10 48 41 19 31 14 12 28 2 44 27 40 25 38 20 43 42 
student 426: 7 40 20 4 22 29 39 15 14 47 48 11 2 3 36 24 23 5 46 25 13 33 6 26 44 16 17 8 34 38 21 31 49 10 50 35 19 32 9 12 30 1 45 27 42 28 37 18 43 41 
student 427: 6 39 29 9 16 24 38 15 14 43 49 12 1 2 33 34 26 4 46 23 8 36 5 22 45 18 17 10 28 41 21 30 47 7 48 35 20 27 11 13 25 3 40 32 42 31 37 19 50 44 
student 428: 4 39 24 6 16 29 44 13 9 49 46 10 1 7 45 30 25 8 47 19 15 35 3 27 42 21 14 11 34 37 22 33 50 5 48 32 20 31 17 12 28 2 43 23 41 26 36 18 40 38 
student 429: 6 39 22 5 15 24 38 18 16 43 49 9 3 2 46 31 30 8 42 19 10 34 4 26 47 17 12 14 28 37 23 36 48 7 50 33 21 29 11 13 27 1 45 25 40 32 35 20 44 41 
student 430: 7 38 25 5 16 26 42 11 10 49 45 13 3 1 40 31 23 9 46 21 12 33 4 28 41 17 19 8 34 36 22 32 47 6 50 37 20 27 14 15 30 2 44 29 39 24 35 18 48 43 
student 431: 3 41 22 7 15 25 46 17 11 39 45 9 5 1 38 34 26 6 44 23 8 36 2 24 42 18 14 16 31 33 20 30 48 10 49 37 21 32 12 13 29 4 50 28 35 27 43 19 40 47 
student 432: 5 41 22 10 16 27 38 18 13 46 49 14 1 4 35 32 23 6 48 24 7 34 3 26 45 17 15 9 31 36 20 40 47 8 50 33 19 30 11 12 29 2 43 28 39 25 37 21 44 42 
student 433: 3 36 27 8 17 31 42 21 13 45 49 11 2 1 40 26 23 4 47 22 10 33 7 24 44 16 14 12 32 35 19 30 48 6 50 38 20 29 9 15 28 5 46 25 39 34 37 18 43 41 
student 434: 7 38 22 8 15 27 41 13 17 45 49 11 5 1 36 31 24 2 47 21 9 34 4 29 46 20 14 23 33 43 19 32 48 10 50 35 18 26 12 6 30 3 44 28 39 25 37 16 42 40 
student 435: 3 37 26 4 14 35 40 17 15 47 49 11 6 2 38 30 22 7 48 24 9 34 5 25 44 20 19 10 33 36 21 32 46 8 50 31 23 27 12 13 16 1 45 29 42 28 39 18 43 41 
student 436: 5 36 22 7 18 28 39 14 17 48 47 15 2 3 38 30 19 4 46 23 12 32 6 25 43 13 20 8 34 37 21 33 50 9 49 35 16 31 10 11 26 1 45 27 44 29 40 24 41 42 
student 437: 6 40 24 4 21 26 42 18 11 45 49 14 5 3 37 28 22 7 47 25 8 35 1 16 46 19 13 12 32 39 23 29 48 10 50 36 20 31 9 15 34 2 44 30 38 27 33 17 43 41 
student 438: 1 35 21 8 16 28 40 14 10 48 49 11 6 5 39 33 24 7 44 23 4 36 3 26 46 18 15 12 32 38 19 31 50 9 47 37 20 30 13 17 27 2 43 29 41 25 34 22 45 42 
student 439: 9 40 21 6 18 31 41 13 17 45 49 7 8 2 38 32 20 3 47 26 5 35 4 24 43 16 14 15 33 37 23 30 48 12 50 34 19 29 10 11 27 1 44 28 39 25 36 22 46 42 
student 440: 7 37 19 6 21 30 42 17 12 46 48 8 1 4 39 29 26 5 47 23 11 35 3 27 49 18 14 15 33 38 22 31 43 9 50 34 20 32 10 13 28 2 45 25 40 24 36 16 41 44 
student 441: 1 36 20 5 18 29 39 17 12 46 47 9 7 2 45 30 24 8 44 28 3 38 10 25 42 16 15 6 32 37 21 31 48 11 49 33 19 35 14 13 23 4 41 27 43 26 34 22 40 50 
student 442: 8 41 21 10 18 30 38 22 15 46 49 11 6 2 39 31 27 14 47 23 7 35 4 19 45 17 13 1 34 36 25 33 48 3 50 32 16 28 12 9 29 5 44 26 40 24 37 20 43 42 
student 443: 6 38 22 5 16 29 47 13 15 46 50 11 2 1 43 31 25 9 42 24 14 30 4 27 48 17 20 8 34 37 21 33 49 7 45 35 19 32 10 12 28 3 44 26 39 23 36 18 41 40 
student 444: 8 37 23 9 18 32 38 17 12 44 49 10 3 1 39 24 15 7 46 25 5 33 6 26 43 19 14 11 29 36 20 34 48 4 50 31 22 30 16 13 35 2 47 28 45 27 40 21 42 41 
student 445: 3 38 24 6 18 28 39 16 12 46 47 11 5 1 43 30 27 10 49 23 7 36 4 22 42 15 13 8 31 35 20 33 48 9 50 34 19 32 14 17 26 2 44 29 45 25 37 21 41 40 
student 446: 5 37 22 8 18 29 40 17 16 44 47 9 6 2 41 31 24 7 45 20 13 34 4 25 46 11 15 12 38 35 19 36 50 3 48 33 21 30 10 14 28 1 49 26 43 27 32 23 39 42 
student 447: 4 36 28 7 16 29 40 15 13 46 47 10 2 6 37 31 21 3 45 24 11 38 5 26 44 17 14 9 30 39 22 32 49 8 50 34 20 25 12 18 27 1 48 33 41 23 35 19 43 42 
student 448: 7 39 24 11 20 33 42 12 14 45 47 3 1 2 38 27 25 6 44 19 10 35 9 26 49 17 16 8 34 36 18 31 48 4 50 32 23 30 13 15 28 5 41 29 46 22 37 21 40 43 
student 449: 6 35 23 11 17 28 41 18 14 46 49 9 5 8 39 30 27 4 47 22 3 38 1 24 45 19 15 7 31 36 21 32 48 12 50 37 16 29 10 13 34 2 44 25 40 26 33 20 43 42 
student 450: 4 38 22 6 18 26 37 15 11 46 49 12 3 1 41 29 23 8 45 24 13 35 5 25 47 16 17 9 34 33 21 30 48 10 50 36 20 31 7 14 32 2 43 27 42 28 39 19 44 40 
student 451: 5 36 28 6 19 30 39 13 17 44 48 14 1 3 40 29 22 7 47 21 9 35 4 24 46 23 16 12 32 38 15 31 45 8 50 33 20 34 11 10 26 2 42 27 49 25 37 18 43 41 
student 452: 7 39 19 3 16 23 41 18 14 47 49 13 4 1 40 30 27 8 45 25 6 37 5 24 48 21 15 10 32 38 17 31 50 9 46 33 22 35 11 12 29 2 44 26 36 28 34 20 43 42 
student 453: 4 37 23 5 19 29 43 15 13 38 49 11 3 2 42 30 27 7 48 25 8 40 9 24 45 16 14 10 35 32 20 33 47 6 50 36 22 28 12 17 31 1 39 26 41 21 34 18 46 44 
student 454: 5 39 24 7 14 31 45 13 12 48 50 15 3 1 41 29 27 6 47 22 11 32 4 18 43 16 19 10 36 35 17 30 49 9 46 33 23 34 21 8 28 2 42 26 38 25 37 20 44 40 
student 455: 7 39 20 5 18 30 40 11 14 44 49 10 2 3 36 29 21 8 47 23 16 34 4 27 45 17 15 9 33 38 26 32 48 6 50 37 19 31 12 13 24 1 46 28 41 25 35 22 43 42 
student 456: 5 38 16 8 23 32 40 13 17 47 50 10 2 4 39 29 22 3 48 21 11 37 9 25 45 14 18 7 30 36 20 34 49 6 46 31 19 33 12 15 28 1 44 26 41 27 35 24 43 42 
student 457: 3 38 20 7 18 27 39 14 16 46 50 12 4 2 41 29 31 6 47 22 9 33 5 23 45 15 17 11 35 37 26 32 49 8 48 34 21 24 13 10 25 1 43 28 42 30 36 19 44 40 
student 458: 6 38 21 7 16 32 40 17 19 42 49 10 2 1 39 30 25 5 47 22 8 36 4 24 44 11 15 12 33 37 20 34 48 9 50 35 23 31 13 14 27 3 46 28 41 26 29 18 43 45 
student 459: 8 38 23 13 11 25 43 12 19 46 48 15 3 2 42 30 22 4 47 21 10 35 5 26 32 17 20 6 40 37 16 33 49 7 50 29 18 27 9 14 34 1 45 31 39 28 36 24 44 41 
student 460: 5 38 22 7 18 30 40 17 16 47 50 8 2 4 35 31 25 6 43 27 10 39 1 24 46 15 13 12 32 37 21 29 49 9 48 34 23 33 11 14 28 3 42 26 41 19 36 20 45 44 
student 461: 8 41 25 6 16 27 36 15 13 47 44 11 3 1 40 32 18 4 49 24 5 34 9 28 48 19 20 7 33 37 26 35 50 10 45 29 21 30 12 14 31 2 46 23 39 22 38 17 42 43 
student 462: 3 40 21 9 16 30 44 15 11 49 50 10 4 2 39 27 25 6 47 22 8 37 5 24 43 17 19 13 33 35 18 36 46 7 48 34 23 31 14 12 29 1 42 28 38 26 32 20 45 41 
student 463: 6 41 25 10 17 28 39 15 14 46 49 5 2 1 37 31 23 7 48 22 3 38 8 27 43 16 18 11 36 32 21 35 50 9 45 30 20 33 12 13 26 4 44 29 42 24 34 19 47 40 
student 464: 6 34 24 10 17 29 43 15 9 42 49 13 2 5 38 31 25 4 46 19 11 36 3 26 41 16 18 8 33 40 23 32 48 12 50 35 21 30 14 7 28 1 44 27 39 22 37 20 47 45 
student 465: 4 46 20 5 18 30 39 16 13 47 49 14 2 3 43 28 21 9 45 24 8 35 6 26 44 15 17 11 33 38 23 31 48 7 50 34 22 32 10 12 29 1 42 27 37 25 36 19 40 41 
student 466: 9 37 18 7 19 28 40 14 15 43 48 10 6 5 38 30 24 3 47 23 8 35 4 26 45 21 17 12 31 39 20 29 49 2 50 33 16 32 13 11 34 1 46 27 41 25 36 22 44 42 
student 467: 4 36 26 8 16 27 41 17 18 46 49 9 2 1 40 30 24 5 47 21 12 35 3 22 43 15 14 7 33 37 23 31 48 10 50 34 19 32 13 11 29 6 39 25 42 28 38 20 45 44 
student 468: 3 37 22 6 19 29 43 20 13 47 50 7 1 8 39 30 18 9 45 24 10 35 4 26 40 21 14 12 31 38 23 32 49 5 48 34 17 33 11 15 28 2 46 25 44 27 36 16 42 41 
student 469: 3 35 21 5 18 29 41 16 13 47 49 11 6 4 37 30 24 8 48 22 10 36 2 25 46 15 19 9 31 39 23 34 45 7 50 33 20 32 14 12 27 1 43 28 38 26 40 17 44 42 
student 470: 9 38 21 7 20 28 44 10 13 46 49 6 4 1 39 33 22 3 48 26 11 35 5 23 45 17 16 12 31 36 25 32 50 8 47 34 19 30 14 15 27 2 43 29 42 24 37 18 41 40 
student 471: 4 37 21 6 17 32 41 13 7 47 48 11 3 2 39 27 25 8 45 23 5 34 9 26 44 18 14 10 35 38 22 31 50 12 49 33 20 28 15 16 30 1 43 29 40 24 36 19 46 42 
student 472: 2 38 22 10 21 26 40 16 17 46 49 9 4 6 39 31 23 3 47 25 5 34 8 28 45 19 13 7 32 35 18 36 48 11 50 33 20 27 15 14 29 1 44 24 41 30 37 12 43 42 
student 473: 6 37 23 9 17 32 41 16 18 50 47 10 2 3 38 33 24 8 46 22 7 36 4 25 45 13 15 11 30 39 21 29 48 5 49 34 19 28 12 14 26 1 42 31 40 27 35 20 44 43 
student 474: 7 38 21 6 22 30 43 16 12 46 50 10 3 2 39 28 20 4 47 25 9 35 5 24 45 17 23 13 34 36 19 31 48 8 49 33 18 29 11 14 27 1 42 32 40 26 37 15 41 44 
student 475: 7 39 21 11 19 30 45 18 13 47 50 8 2 3 40 29 24 5 38 23 10 35 4 25 44 16 12 9 34 36 22 32 49 6 48 37 17 31 14 15 28 1 46 27 41 26 33 20 43 42 
student 476: 4 35 26 7 17 25 42 12 18 46 44 13 3 2 37 29 23 6 49 22 9 36 1 24 48 16 15 10 34 39 21 31 43 8 50 33 20 32 11 14 30 5 45 27 40 28 38 19 41 47 
student 477: 5 37 22 7 19 31 40 17 14 45 46 13 3 4 39 35 21 8 49 24 6 33 2 27 48 12 16 9 36 30 23 38 47 10 50 29 20 28 11 15 32 1 42 25 44 26 34 18 43 41 
student 478: 7 38 21 8 15 28 40 14 12 45 49 16 4 3 39 33 23 5 46 20 6 34 2 24 44 10 17 13 35 37 19 32 48 11 50 31 25 30 9 22 29 1 43 27 42 26 36 18 47 41 
student 479: 4 37 23 6 16 28 41 15 14 46 50 12 2 1 39 38 20 9 49 24 5 35 7 25 45 19 17 11 32 36 21 31 48 10 47 34 18 27 8 13 30 3 43 29 42 26 33 22 40 44 
student 480: 6 36 14 8 17 24 37 21 13 46 47 18 2 5 41 30 25 7 48 22 11 38 3 26 45 16 15 9 35 34 19 33 49 4 50 32 20 31 12 10 28 1 44 29 40 27 39 23 43 42 
student 481: 6 35 21 9 14 32 40 15 17 49 47 10 2 3 43 26 23 5 45 24 11 37 4 25 48 16 22 13 29 38 18 31 42 7 50 34 20 33 12 8 28 1 46 27 39 30 36 19 41 44 
student 482: 4 37 24 7 20 26 44 15 19 45 49 8 3 2 39 29 21 6 47 18 11 36 5 25 46 17 13 10 32 34 22 30 50 9 48 35 23 33 12 16 31 1 41 28 40 27 38 14 43 42 
student 483: 4 39 22 8 18 28 41 12 13 46 49 11 1 2 38 31 19 7 47 25 9 37 5 26 44 16 20 15 32 35 17 34 48 6 50 33 24 30 10 14 23 3 45 29 42 27 36 21 43 40 
student 484: 7 39 28 3 20 34 37 16 14 47 48 11 2 4 42 23 25 8 45 24 9 35 5 26 40 17 15 10 32 38 21 33 50 6 49 31 19 30 12 13 27 1 43 22 44 29 36 18 41 46 
student 485: 8 39 21 2 17 27 41 10 14 46 50 11 4 1 40 30 23 6 49 22 9 29 5 26 48 18 16 12 34 38 24 33 47 7 45 36 20 31 13 15 28 3 43 32 42 25 35 19 37 44 
student 486: 5 42 25 7 16 22 39 15 14 47 44 11 3 2 40 30 27 6 49 23 10 36 4 20 45 17 18 8 33 37 24 29 50 9 48 32 21 31 12 13 26 1 46 35 38 28 34 19 41 43 
student 487: 4 38 21 5 19 27 39 15 12 47 49 17 2 3 36 32 25 8 41 23 13 35 6 24 46 18 14 9 34 37 16 31 48 7 50 33 22 30 10 11 26 1 45 29 40 28 42 20 43 44 
student 488: 3 39 22 6 17 27 43 16 14 45 47 12 8 2 36 32 25 5 46 24 7 34 4 28 48 18 15 9 33 38 23 31 49 10 50 35 20 26 11 13 30 1 44 19 42 29 37 21 40 41 
student 489: 3 41 18 7 20 31 39 15 12 46 49 13 6 5 38 30 21 4 48 27 9 35 1 29 43 19 16 10 34 36 23 32 45 8 50 28 22 33 11 14 26 2 47 25 40 24 37 17 44 42 
student 490: 3 39 20 8 12 31 36 19 13 45 47 7 4 2 43 29 24 6 42 26 10 35 5 25 48 16 17 9 34 38 23 33 50 14 49 32 18 27 15 11 30 1 44 22 40 28 37 21 46 41 
student 491: 5 34 23 7 18 32 46 13 15 45 49 12 2 3 36 29 25 6 47 22 14 33 4 26 43 17 16 10 35 37 21 31 48 8 50 41 20 30 9 11 28 1 44 27 38 24 40 19 42 39 
student 492: 2 36 23 5 18 30 41 13 16 46 50 10 4 3 39 34 27 7 48 25 12 35 6 26 45 14 17 9 29 37 21 31 49 8 47 33 20 32 15 11 24 1 44 22 38 28 40 19 43 42 
student 493: 5 37 24 10 18 27 42 14 12 47 48 11 3 2 38 32 26 6 46 20 9 36 4 22 45 17 15 8 30 33 23 35 49 7 50 34 21 31 19 13 29 1 41 28 44 25 43 16 40 39 
student 494: 5 37 23 4 18 24 39 16 15 49 46 12 3 2 41 31 19 7 47 26 9 35 6 38 43 17 10 11 33 36 22 25 50 8 48 30 21 27 14 13 34 1 45 29 42 28 32 20 40 44 
student 495: 5 38 19 8 21 28 41 13 6 46 49 16 3 1 40 20 27 7 48 29 11 37 4 24 45 15 18 9 33 34 22 32 47 10 50 35 17 31 12 14 30 2 44 26 43 25 39 23 42 36 
student 496: 1 39 24 8 18 27 40 15 14 46 48 9 5 3 32 28 17 2 45 22 10 38 6 25 44 21 16 7 35 36 19 34 49 11 50 30 23 29 13 12 33 4 47 31 41 26 37 20 43 42 
student 497: 3 38 19 6 15 29 42 18 16 48 40 4 8 7 39 31 25 5 46 22 11 33 2 27 47 17 14 13 35 36 23 32 43 9 50 30 20 34 10 12 28 1 45 26 41 24 37 21 49 44 
student 498: 4 46 23 9 16 28 37 18 19 44 49 11 2 1 36 31 21 5 45 24 10 35 7 25 43 13 14 8 30 38 20 32 47 6 50 34 17 29 12 15 27 3 42 33 39 26 41 22 40 48 
student 499: 4 38 20 7 24 31 41 14 12 44 48 13 3 2 39 28 25 6 45 22 8 36 5 26 49 16 19 10 33 34 21 32 47 9 50 35 18 30 11 15 23 1 43 29 46 27 37 17 42 40 
