student 0: 12 28 18 44 11 32 10 40 8 31 24 14 23 41 17 48 43 2 33 38 45 13 46 42 1 39 22 15 26 35 19 29 36 21 50 3 25 6 7 16 30 37 47 27 4 5 20 9 49 34 
student 1: 15 28 22 44 10 30 5 36 8 31 21 13 20 47 14 46 42 11 41 35 50 12 43 39 1 38 18 17 24 32 19 26 34 25 49 4 29 7 6 16 33 37 45 23 3 2 27 9 48 40 
student 2: 13 34 18 43 9 29 12 36 7 32 23 11 20 47 14 46 39 3 38 33 50 15 45 41 4 42 22 16 21 37 19 28 40 25 48 5 26 1 2 17 35 30 44 27 8 6 24 10 49 31 
student 3: 10 29 14 42 15 27 12 40 8 33 25 17 23 47 11 45 39 2 36 38 49 22 46 41 7 43 18 16 20 35 19 31 37 28 50 1 21 4 5 13 30 32 44 26 3 6 24 9 48 34 
student 4: 10 29 15 44 16 31 11 38 8 32 23 12 20 43 14 47 40 4 37 34 48 13 42 45 1 41 22 17 24 33 21 27 39 26 50 2 25 7 3 18 30 36 46 28 6 5 19 9 49 35 
student 5: 11 27 16 44 10 28 12 41 3 32 23 13 25 43 15 48 36 4 38 37 46 14 45 39 1 42 21 19 22 35 20 30 40 26 50 2 24 6 9 18 33 31 47 29 8 7 17 5 49 34 
student 6: 11 31 17 45 12 30 9 40 10 25 20 13 26 46 14 47 38 1 39 35 49 18 41 44 4 42 21 15 22 34 16 29 37 23 48 3 27 2 7 19 33 32 43 28 5 6 24 8 50 36 
student 7: 10 28 18 45 12 31 11 39 7 32 26 14 20 48 15 46 42 1 34 37 50 13 43 41 2 38 23 16 29 35 22 27 40 21 47 3 24 5 6 17 36 33 44 25 4 9 19 8 49 30 
student 8: 14 30 18 45 9 29 7 38 6 31 24 12 23 48 15 44 41 4 36 37 50 13 42 43 1 40 22 16 21 34 19 26 39 27 49 2 25 5 10 17 32 33 46 28 3 11 20 8 47 35 
student 9: 11 29 18 45 12 27 8 39 10 32 24 14 22 48 15 47 40 3 35 23 49 13 43 42 2 41 20 16 25 37 19 28 38 26 50 4 31 9 7 17 36 33 46 30 1 5 21 6 44 34 
student 10: 9 29 16 42 11 39 12 38 8 31 24 13 20 48 17 46 43 6 36 37 50 15 44 41 1 40 21 22 23 35 18 30 34 26 49 2 25 4 5 14 27 32 45 28 3 7 19 10 47 33 
student 11: 9 27 22 42 13 31 11 40 10 32 25 14 21 47 15 45 43 1 39 36 50 12 34 41 5 44 20 16 26 37 18 28 38 23 48 2 24 3 6 17 33 30 46 29 7 8 19 4 49 35 
student 12: 7 31 15 41 12 27 10 40 8 30 28 11 21 44 13 47 38 5 35 36 48 22 42 45 1 39 19 17 24 33 18 29 37 23 50 2 25 3 6 16 43 34 46 26 4 9 20 14 49 32 
student 13: 11 29 18 45 12 31 10 39 8 32 21 15 20 41 14 46 40 2 38 36 49 13 44 42 3 43 24 16 25 30 19 28 37 23 50 1 27 4 5 17 34 33 48 26 7 6 22 9 47 35 
student 14: 13 31 18 43 11 24 12 39 7 29 26 10 19 46 17 48 40 3 38 36 47 14 42 44 1 41 21 16 25 33 22 30 37 27 50 2 28 4 9 15 32 35 45 23 6 5 20 8 49 34 
student 15: 10 32 22 47 3 29 14 39 8 33 23 12 19 46 13 49 41 5 36 37 50 18 43 44 1 40 20 16 24 35 17 26 38 25 42 4 30 2 7 15 31 27 45 28 6 11 21 9 48 34 
student 16: 11 28 15 44 10 30 12 41 8 32 25 13 22 47 16 43 39 4 37 36 49 14 42 45 1 40 21 17 24 35 20 29 38 26 50 2 23 3 6 18 33 31 46 27 7 5 19 9 48 34 
student 17: 10 28 23 44 12 27 9 36 8 32 25 14 21 45 13 48 42 3 37 40 50 15 39 41 1 43 18 17 20 34 19 31 35 26 49 2 24 7 5 16 33 30 46 29 4 6 22 11 47 38 
student 18: 11 32 18 46 9 29 10 40 15 31 19 12 23 47 17 45 39 4 38 37 49 13 43 41 1 42 21 14 22 33 16 28 35 25 48 2 26 5 6 20 30 36 44 27 3 7 24 8 50 34 
student 19: 12 31 13 43 17 28 7 42 9 33 29 15 23 47 14 44 39 8 37 36 49 11 45 41 2 40 20 16 22 38 21 27 35 25 50 1 26 5 3 18 30 32 46 24 4 6 19 10 48 34 
student 20: 11 32 19 42 12 30 13 39 9 23 25 15 20 47 18 45 38 2 37 41 46 14 43 50 1 40 16 10 24 34 21 27 35 26 49 3 28 5 6 17 36 33 44 29 7 4 22 8 48 31 
student 21: 11 30 19 43 13 23 10 37 15 29 24 12 20 45 16 46 42 4 41 34 50 17 47 40 2 38 22 18 25 39 14 31 36 26 49 1 28 6 3 8 33 32 44 27 5 9 21 7 48 35 
student 22: 10 33 17 42 13 28 11 39 4 30 23 14 22 49 12 48 41 2 38 31 50 15 44 40 1 43 21 16 24 36 18 29 37 25 45 3 26 6 5 19 34 32 47 27 7 8 20 9 46 35 
student 23: 9 28 19 45 14 31 8 40 12 30 20 13 25 50 11 44 38 3 39 37 49 17 43 42 1 41 16 15 23 32 21 27 35 29 46 2 26 4 7 18 33 36 48 24 5 10 22 6 47 34 
student 24: 13 30 19 43 9 32 4 37 11 33 21 12 24 49 15 45 41 3 38 39 48 14 42 44 1 40 20 16 25 34 17 27 35 26 50 2 31 5 7 18 28 29 46 22 6 8 23 10 47 36 
student 25: 9 29 16 44 12 28 11 38 8 33 20 13 24 45 14 49 40 2 37 32 50 15 42 43 1 41 23 17 22 39 21 30 34 18 47 3 25 5 6 19 36 31 46 27 7 4 26 10 48 35 
student 26: 10 30 22 42 16 28 6 38 13 35 24 12 21 49 15 44 40 7 39 34 50 11 43 41 1 46 17 18 23 33 14 27 37 25 48 3 26 2 8 19 31 32 47 29 5 4 20 9 45 36 
student 27: 9 31 18 46 10 29 8 40 12 34 25 16 21 43 17 47 39 1 38 37 49 14 41 45 3 42 20 15 22 33 19 26 36 24 50 2 27 4 6 13 30 32 44 28 5 11 23 7 48 35 
student 28: 9 28 18 46 10 30 13 39 6 32 23 12 22 48 16 45 40 3 36 38 47 15 43 44 7 41 21 14 25 34 19 29 37 26 49 2 27 5 1 17 33 31 42 24 4 8 20 11 50 35 
student 29: 11 31 17 44 12 30 13 37 8 32 23 9 20 47 16 46 35 5 36 39 50 14 43 42 3 40 19 21 26 38 18 27 41 25 49 1 22 2 4 15 34 29 45 24 7 6 28 10 48 33 
student 30: 8 26 20 43 12 28 11 42 7 32 24 13 21 48 17 40 41 2 39 34 49 14 44 37 4 45 15 16 25 29 19 30 38 23 50 3 27 9 5 18 36 33 47 31 1 6 22 10 46 35 
student 31: 11 32 19 42 12 31 9 41 6 27 25 13 23 47 17 46 37 3 38 35 49 15 44 43 1 40 21 18 22 36 16 28 39 26 50 2 24 4 10 14 30 33 45 29 5 7 20 8 48 34 
student 32: 9 27 17 44 13 31 7 38 10 29 19 12 23 47 14 46 39 3 36 42 48 15 41 40 1 43 22 16 24 35 21 30 37 20 49 4 26 2 5 18 32 33 45 28 6 8 25 11 50 34 
student 33: 11 27 16 44 12 29 10 38 9 28 24 13 22 47 15 50 39 4 35 40 49 14 46 42 1 41 20 17 23 36 19 33 37 25 45 2 26 6 5 18 32 31 43 30 3 7 21 8 48 34 
student 34: 16 32 17 42 10 28 8 38 11 31 22 18 21 45 14 47 39 1 36 35 50 12 44 41 2 46 13 15 24 40 20 26 37 27 49 4 25 6 5 19 33 29 43 30 7 3 23 9 48 34 
student 35: 12 30 19 42 17 28 6 38 3 32 22 14 24 49 13 43 44 4 37 33 50 16 41 36 2 45 20 10 26 35 18 25 40 27 48 1 23 7 5 15 31 39 47 29 9 8 21 11 46 34 
student 36: 12 32 14 41 10 27 7 42 8 34 24 20 23 47 16 45 40 2 39 35 50 13 46 43 6 31 19 15 28 33 17 25 38 21 48 3 26 4 1 18 36 30 44 29 5 9 22 11 49 37 
student 37: 15 29 16 44 10 30 8 36 6 32 24 12 23 46 14 45 40 4 39 38 50 13 43 42 1 41 21 19 20 37 18 28 35 27 49 2 25 3 9 17 31 33 47 26 5 11 22 7 48 34 
student 38: 11 32 13 44 17 28 7 37 10 29 22 14 23 48 20 45 41 4 38 35 50 12 42 43 3 39 19 15 25 34 18 26 40 31 49 1 24 5 8 16 36 33 47 27 6 9 21 2 46 30 
student 39: 13 29 17 40 10 32 12 38 9 30 25 11 21 45 16 47 42 5 39 34 50 15 46 44 1 41 20 14 23 36 19 28 37 24 49 2 27 4 7 18 31 33 43 26 6 3 22 8 48 35 
student 40: 11 29 15 48 12 28 9 40 7 30 22 14 32 42 16 47 44 5 35 31 50 17 46 45 1 41 21 13 23 38 18 27 37 24 43 4 26 2 10 19 33 36 39 25 6 3 20 8 49 34 
student 41: 7 30 19 42 12 28 8 38 10 31 23 13 21 45 16 47 40 4 37 34 48 17 41 39 2 46 20 14 25 36 22 29 44 27 50 3 24 1 11 15 35 32 43 26 5 9 18 6 49 33 
student 42: 7 29 14 44 17 27 15 38 6 30 23 16 22 46 10 47 39 3 41 37 50 9 43 42 4 40 19 18 31 34 20 28 36 24 49 2 25 1 12 13 35 32 45 26 5 8 21 11 48 33 
student 43: 11 30 20 45 12 29 10 37 8 28 24 14 25 44 18 47 43 2 39 32 48 13 46 41 3 42 19 16 22 35 17 31 38 23 50 1 27 4 6 15 34 33 40 26 7 5 21 9 49 36 
student 44: 12 27 17 46 13 30 10 40 6 31 29 11 20 45 15 47 44 3 38 36 50 14 43 42 4 39 22 16 24 35 19 28 37 23 49 2 25 1 9 18 32 33 41 26 8 5 21 7 48 34 
student 45: 11 28 19 41 7 31 6 42 10 34 21 13 23 47 15 46 37 4 40 35 49 14 44 43 1 38 18 20 25 36 17 24 39 26 48 3 22 2 8 16 33 32 45 29 5 9 27 12 50 30 
student 46: 8 30 19 45 13 28 11 40 9 31 20 14 22 44 15 46 41 2 39 36 49 12 43 35 1 42 21 18 25 34 17 27 38 29 48 3 23 4 6 16 33 32 47 26 5 10 24 7 50 37 
student 47: 11 32 18 41 9 31 16 43 7 36 24 8 22 45 14 48 40 2 42 37 50 13 44 39 5 34 20 12 25 35 19 28 38 23 49 1 26 4 10 17 29 33 46 27 3 6 21 15 47 30 
student 48: 10 30 20 44 11 26 8 39 5 31 18 13 23 46 16 47 41 3 38 36 49 14 42 43 4 40 21 15 25 34 19 27 37 24 48 1 32 6 7 17 33 29 45 28 2 12 22 9 50 35 
student 49: 10 29 18 45 12 28 9 41 5 36 24 17 21 48 15 43 40 6 35 34 46 13 42 44 1 38 20 14 22 33 16 31 39 25 49 2 26 4 8 19 32 30 47 27 3 7 23 11 50 37 
student 50: 12 26 17 43 8 33 13 42 11 30 24 10 20 46 16 45 40 2 39 38 47 15 41 36 1 50 18 19 25 35 22 31 37 21 49 3 29 4 9 14 28 32 44 27 5 6 23 7 48 34 
student 51: 12 31 16 43 17 30 13 39 8 28 22 9 27 47 19 48 40 3 34 37 49 10 42 45 1 41 18 14 23 35 20 26 38 25 50 2 24 5 6 15 33 32 46 29 4 7 21 11 44 36 
student 52: 11 27 18 47 12 31 13 40 8 29 22 6 26 46 16 44 37 3 39 38 49 14 42 41 2 43 20 15 21 35 19 28 36 25 50 1 30 4 9 17 34 33 45 24 7 5 23 10 48 32 
student 53: 7 30 20 45 11 29 10 35 9 31 24 16 21 44 14 47 40 4 38 36 50 13 41 46 3 42 22 19 23 34 17 28 39 25 49 2 26 5 1 15 33 32 43 27 6 8 18 12 48 37 
student 54: 6 35 18 44 11 31 13 39 9 28 22 12 21 48 16 45 40 7 34 36 50 14 42 43 5 41 24 15 25 37 23 27 38 19 49 1 26 3 8 17 32 30 47 29 2 4 20 10 46 33 
student 55: 5 35 19 44 16 28 15 38 8 31 22 10 26 48 12 47 41 3 37 33 45 13 43 42 1 39 18 14 27 36 20 29 40 24 50 2 23 4 7 17 30 32 46 25 9 6 21 11 49 34 
student 56: 9 28 24 44 13 30 11 37 7 31 23 12 26 46 19 47 40 3 36 39 50 14 43 42 1 41 17 20 21 34 16 29 38 22 49 2 25 8 5 15 35 32 45 27 4 6 18 10 48 33 
student 57: 12 31 17 46 11 27 10 38 7 34 24 13 23 45 15 44 40 4 39 36 50 20 43 42 6 41 19 16 18 35 21 28 37 25 48 2 29 1 5 14 32 30 49 26 8 3 22 9 47 33 
student 58: 11 31 19 46 12 27 10 42 7 32 20 13 21 45 15 41 38 4 39 35 50 17 44 40 1 43 22 14 24 36 18 28 37 26 47 2 29 6 8 16 33 30 49 25 3 5 23 9 48 34 
student 59: 12 26 16 44 11 31 8 42 7 32 17 18 25 46 14 45 41 3 40 35 50 13 43 39 2 38 21 15 22 34 20 29 37 28 49 1 24 4 5 19 30 33 47 27 6 10 23 9 48 36 
student 60: 10 28 20 47 18 30 12 40 4 31 25 11 22 48 14 45 35 9 44 34 50 13 43 37 5 42 17 19 23 36 16 29 39 24 49 1 27 2 7 15 33 32 41 26 3 6 21 8 46 38 
student 61: 12 32 15 41 16 28 11 39 9 33 24 14 19 48 18 46 36 3 43 38 50 10 40 45 4 44 23 13 25 37 20 27 35 26 49 2 31 5 1 17 34 30 42 22 6 7 21 8 47 29 
student 62: 8 30 21 48 14 29 7 37 11 34 17 12 27 49 15 46 38 1 39 33 43 19 41 47 2 44 20 13 24 35 16 26 40 23 50 4 28 5 9 18 32 36 42 25 3 10 22 6 45 31 
student 63: 10 32 16 44 13 31 11 40 9 29 23 14 24 48 12 45 37 1 39 34 50 15 43 41 2 42 20 17 27 36 19 21 38 25 47 3 28 5 7 18 33 30 46 26 6 4 22 8 49 35 
student 64: 9 31 18 46 10 30 8 40 12 28 25 13 21 45 19 47 41 2 38 36 50 16 42 43 1 39 24 15 26 35 17 29 37 22 49 5 23 3 7 14 34 32 44 27 6 4 20 11 48 33 
student 65: 11 30 20 43 12 29 8 35 9 32 23 16 18 47 13 44 39 1 40 38 50 14 45 41 3 42 17 15 21 34 19 24 36 27 48 4 25 5 2 26 31 37 46 28 6 7 22 10 49 33 
student 66: 12 31 18 46 10 30 9 39 7 34 22 13 25 48 16 45 41 4 35 43 50 14 44 40 1 36 19 15 24 38 17 27 32 26 47 2 23 3 8 21 37 33 42 28 5 6 20 11 49 29 
student 67: 11 31 18 44 13 29 10 39 9 32 22 14 25 48 17 46 37 3 35 30 49 8 41 43 1 42 21 15 23 40 19 27 36 26 50 2 24 5 7 16 38 33 45 28 4 6 20 12 47 34 
student 68: 13 30 19 45 11 26 8 36 7 32 27 15 20 49 14 46 39 4 38 34 50 16 44 41 1 42 18 17 22 37 21 28 40 24 48 2 25 9 6 12 35 31 43 29 3 5 23 10 47 33 
student 69: 12 29 19 43 11 28 9 37 7 31 24 16 23 47 14 46 41 3 39 32 50 15 40 44 5 42 17 13 25 38 20 30 33 26 48 1 21 6 8 18 34 35 45 27 4 2 22 10 49 36 
student 70: 13 30 21 49 12 23 9 43 8 31 25 14 20 39 15 48 41 5 37 36 50 11 44 40 2 42 18 16 28 34 17 29 38 26 47 3 24 1 7 19 32 33 45 27 4 6 22 10 46 35 
student 71: 9 30 17 37 12 28 10 38 8 31 22 13 23 46 18 47 42 5 44 39 49 14 43 45 2 40 21 16 26 35 19 27 36 32 50 1 24 4 6 15 33 29 41 25 3 7 20 11 48 34 
student 72: 11 30 17 44 7 29 10 36 8 31 21 13 22 48 16 45 41 2 37 38 47 18 40 42 4 43 20 12 26 35 19 27 39 25 50 1 24 3 5 15 34 32 46 28 14 6 23 9 49 33 
student 73: 9 30 19 44 10 31 11 39 8 28 23 14 22 48 16 46 40 1 36 37 49 13 43 42 3 41 20 15 24 34 18 29 32 26 50 4 25 2 6 17 38 33 45 27 5 7 21 12 47 35 
student 74: 11 30 18 42 12 27 7 37 2 33 24 14 19 47 15 43 39 9 38 41 50 17 44 46 4 40 28 16 22 31 21 25 36 23 49 5 26 1 6 13 32 35 45 29 3 8 20 10 48 34 
student 75: 10 30 18 41 15 24 11 39 6 31 23 12 22 48 16 45 33 9 40 34 49 13 42 44 1 43 20 17 25 35 19 29 38 27 50 3 26 2 7 14 36 32 46 28 5 4 21 8 47 37 
student 76: 11 34 17 42 12 32 13 41 9 29 24 10 25 48 15 45 39 6 37 36 46 14 43 47 1 40 22 19 23 35 18 27 38 26 50 2 21 4 7 16 31 30 49 28 3 8 20 5 44 33 
student 77: 11 24 17 46 12 30 7 38 10 29 23 13 21 47 16 45 40 2 37 31 50 14 42 41 1 43 19 15 26 36 18 32 39 27 49 4 25 3 9 20 33 35 44 28 5 6 22 8 48 34 
student 78: 9 29 20 50 14 32 12 41 4 33 23 13 21 44 16 45 42 6 39 31 49 10 48 43 1 38 22 17 25 37 18 26 36 28 47 2 27 3 8 15 35 30 40 24 5 7 19 11 46 34 
student 79: 12 29 19 45 11 30 10 40 9 32 22 16 21 48 15 43 44 1 37 36 49 13 39 42 2 41 20 17 25 33 14 28 34 24 46 5 27 3 8 18 31 35 47 26 7 4 23 6 50 38 
student 80: 11 28 18 39 21 26 12 38 7 33 24 8 20 49 13 45 44 4 37 40 47 14 42 43 1 41 17 16 23 36 22 27 34 25 48 2 30 3 6 15 35 31 46 29 5 9 19 10 50 32 
student 81: 11 26 17 45 13 34 12 40 10 30 22 14 18 48 19 46 37 1 39 38 49 15 44 41 3 42 24 9 23 35 20 27 33 25 50 2 29 5 6 16 36 32 43 31 4 8 21 7 47 28 
student 82: 10 32 18 45 7 28 9 37 5 35 24 12 22 46 16 47 42 2 41 39 50 15 44 40 1 38 20 17 25 34 19 27 29 23 49 3 26 4 8 21 30 36 43 31 6 11 13 14 48 33 
student 83: 12 30 17 43 11 28 10 42 8 31 26 13 22 50 16 46 38 5 39 36 48 15 44 41 2 40 21 18 29 35 20 25 37 23 49 1 24 6 7 14 33 32 45 27 4 9 19 3 47 34 
student 84: 9 34 18 41 17 26 8 39 10 31 20 12 23 46 13 50 40 2 38 33 48 14 45 43 3 42 21 16 24 36 19 29 37 25 49 1 27 4 6 15 32 30 44 28 5 7 22 11 47 35 
student 85: 12 30 18 45 17 28 10 40 7 31 23 11 14 47 16 48 33 2 38 36 46 15 41 42 1 39 19 20 24 37 13 29 44 25 50 4 26 3 8 22 34 32 43 27 5 6 21 9 49 35 
student 86: 14 34 16 42 15 26 10 39 11 31 23 13 22 46 12 48 40 3 37 29 50 8 44 43 1 41 21 20 24 32 19 28 38 27 49 2 25 9 6 17 33 35 45 30 4 7 18 5 47 36 
student 87: 14 31 21 44 13 30 9 37 11 29 24 12 22 41 15 47 40 6 36 34 49 10 43 45 5 42 17 19 23 39 20 28 38 25 50 1 26 4 2 16 33 32 46 27 7 3 18 8 48 35 
student 88: 13 31 20 39 9 30 8 41 7 33 22 12 21 45 15 47 42 4 38 37 49 14 44 40 1 43 24 17 23 34 16 28 32 26 48 2 27 3 6 19 35 36 46 25 5 10 18 11 50 29 
student 89: 11 30 18 45 10 29 12 39 8 31 25 13 23 43 14 49 40 5 38 37 50 17 47 41 2 42 21 15 22 36 20 28 32 27 48 3 26 1 4 16 34 33 44 24 6 7 19 9 46 35 
student 90: 7 30 20 43 13 31 10 36 9 27 22 11 18 47 14 44 40 3 39 37 50 12 45 41 1 42 21 19 23 35 17 24 38 26 48 2 28 4 5 16 32 29 46 33 8 6 25 15 49 34 
student 91: 8 29 20 45 12 31 11 41 6 33 24 18 21 46 15 47 42 4 38 34 48 13 43 40 1 36 16 17 23 39 19 28 35 26 50 2 25 7 5 14 32 30 44 27 3 10 22 9 49 37 
student 92: 15 31 17 44 12 29 5 40 9 30 23 10 21 49 11 47 38 2 39 37 50 14 42 41 1 43 19 16 24 36 18 28 35 25 46 7 27 4 8 20 32 33 45 26 6 3 22 13 48 34 
student 93: 9 27 17 45 11 30 12 42 8 32 26 14 23 46 13 47 40 6 38 36 50 16 43 39 1 41 21 18 22 35 19 25 37 24 48 2 29 3 7 15 34 33 44 28 4 5 20 10 49 31 
student 94: 17 28 18 42 11 29 9 47 6 30 21 14 25 45 12 48 44 5 37 38 50 15 41 40 2 39 20 13 24 35 19 31 36 22 49 7 23 1 10 16 33 34 43 27 3 4 26 8 46 32 
student 95: 15 26 17 44 11 30 9 39 7 32 24 16 21 43 14 47 40 5 42 37 48 13 34 41 2 45 22 12 27 36 19 29 38 23 50 1 33 8 3 18 28 31 46 25 4 10 20 6 49 35 
student 96: 11 30 18 43 16 32 9 39 8 27 22 13 24 47 17 44 40 2 38 34 50 12 41 45 6 46 20 14 25 33 19 28 36 23 48 1 26 4 3 15 31 35 42 29 5 7 21 10 49 37 
student 97: 15 33 18 46 10 27 13 38 6 31 23 14 26 43 16 47 44 3 37 36 48 11 42 41 1 40 20 17 24 32 19 28 39 25 50 2 22 5 8 12 30 34 45 29 4 7 21 9 49 35 
student 98: 10 32 21 45 9 29 13 39 6 30 23 12 18 50 14 47 40 3 38 35 48 17 44 43 1 42 19 16 26 31 15 28 37 24 46 2 25 4 7 20 34 33 41 27 5 8 22 11 49 36 
student 99: 14 32 18 45 10 30 9 37 12 31 21 11 23 47 15 48 41 3 39 38 50 13 43 40 1 42 20 16 24 36 19 29 35 25 46 2 26 4 8 17 34 28 44 27 6 7 22 5 49 33 
student 100: 12 29 17 43 11 33 9 40 10 31 24 13 23 50 18 47 35 3 39 37 48 14 44 41 4 42 22 20 21 38 16 30 26 25 45 1 27 2 5 15 34 32 46 28 6 7 19 8 49 36 
student 101: 8 33 21 45 12 30 16 37 6 27 23 11 20 48 17 46 39 4 38 36 49 13 44 42 2 43 22 14 25 32 15 29 40 28 50 3 24 5 7 18 34 31 41 26 1 9 19 10 47 35 
student 102: 10 27 13 45 14 28 8 37 11 29 20 17 16 48 18 38 42 4 41 39 49 15 44 43 2 40 22 12 24 35 19 32 36 25 46 3 26 6 7 21 31 34 47 30 5 9 23 1 50 33 
student 103: 14 29 22 42 12 28 9 39 5 33 19 17 21 48 13 46 40 1 37 35 50 15 45 43 7 41 20 16 24 36 11 27 38 23 47 2 26 3 4 18 31 32 44 30 8 6 25 10 49 34 
student 104: 11 28 17 42 13 29 9 40 8 32 24 12 27 47 15 46 39 2 38 36 48 14 43 44 3 41 19 16 21 35 18 30 33 22 49 1 25 7 4 20 34 31 45 26 5 6 23 10 50 37 
student 105: 12 30 21 44 8 28 14 34 7 32 22 15 25 46 11 48 41 4 38 39 49 16 43 42 2 40 18 19 26 36 17 27 37 23 47 1 24 5 10 13 35 31 45 29 6 3 20 9 50 33 
student 106: 7 29 16 45 17 27 13 40 12 35 23 11 21 50 19 46 39 5 41 36 48 10 44 42 1 38 20 14 22 33 18 28 34 25 49 4 26 2 3 15 31 32 43 30 9 8 24 6 47 37 
student 107: 8 27 16 44 11 29 12 36 4 30 24 13 22 48 15 46 39 2 38 35 50 14 43 41 7 42 20 17 25 40 21 33 32 23 47 1 26 6 3 18 37 34 45 28 5 10 19 9 49 31 
student 108: 10 32 15 43 14 29 13 39 9 30 24 11 22 49 12 46 40 3 38 36 50 17 42 44 1 41 18 16 26 35 19 28 37 25 48 2 27 7 4 21 34 31 47 23 6 8 20 5 45 33 
student 109: 11 27 22 45 14 24 10 40 7 31 21 16 23 46 13 44 42 4 39 35 49 12 41 36 2 43 20 15 28 37 18 29 38 19 50 1 25 3 8 17 33 32 48 30 6 5 26 9 47 34 
student 110: 11 25 18 43 13 31 7 41 5 29 26 15 22 47 12 49 40 3 38 36 48 14 44 42 1 39 19 16 23 32 20 30 37 24 50 4 27 6 10 17 34 33 46 28 2 8 21 9 45 35 
student 111: 15 28 16 42 10 32 13 37 4 33 23 11 24 47 18 48 41 5 36 39 49 12 40 46 1 44 21 17 25 27 19 30 38 26 50 2 20 9 7 14 35 34 43 29 3 8 22 6 45 31 
student 112: 14 32 21 48 7 30 10 40 4 28 27 13 20 47 15 44 42 6 39 36 49 18 46 41 3 37 23 12 19 31 17 29 35 26 50 1 22 2 5 16 33 38 43 25 11 9 24 8 45 34 
student 113: 8 35 18 44 9 30 12 39 10 28 22 14 24 49 16 48 41 4 38 34 50 15 42 43 1 40 21 13 23 37 20 26 32 25 45 2 29 5 3 17 31 33 47 27 7 6 19 11 46 36 
student 114: 10 31 19 41 11 29 9 42 7 32 24 12 27 48 17 46 39 1 37 36 49 13 44 43 2 40 22 15 21 38 18 26 35 23 47 3 25 4 5 16 34 30 45 28 6 8 20 14 50 33 
student 115: 13 33 20 45 6 26 12 42 9 30 23 16 18 47 17 44 37 3 38 34 49 11 39 43 1 41 22 15 27 40 14 28 36 21 48 2 25 4 5 19 31 32 46 29 7 8 24 10 50 35 
student 116: 12 30 15 44 10 29 9 38 11 35 23 16 22 48 14 45 39 3 40 36 50 13 42 41 1 43 18 17 24 34 21 28 37 25 49 2 27 7 4 19 31 32 47 26 6 8 20 5 46 33 
student 117: 18 34 17 45 11 30 9 39 10 31 25 12 21 50 15 46 43 4 33 27 49 13 42 40 1 41 20 14 29 36 19 26 32 23 47 3 24 2 8 16 28 35 44 37 5 7 22 6 48 38 
student 118: 10 31 18 49 9 28 12 37 8 43 25 16 22 39 14 44 41 5 38 35 50 13 46 45 2 40 20 17 23 34 19 29 36 27 48 1 26 6 3 15 30 33 47 24 4 7 21 11 42 32 
student 119: 11 29 18 41 12 28 9 39 6 31 23 13 22 46 15 49 40 2 32 36 50 14 43 45 1 42 21 16 27 38 19 30 37 25 47 3 24 5 4 17 35 34 44 26 7 8 20 10 48 33 
student 120: 11 32 16 49 7 25 12 42 10 30 22 13 18 45 15 44 38 4 37 36 50 14 43 41 3 40 23 17 29 35 20 21 39 24 47 1 26 2 6 19 33 31 46 28 9 5 27 8 48 34 
student 121: 7 29 18 42 12 32 9 40 10 28 23 13 22 47 15 50 35 1 39 33 49 14 44 41 2 43 21 16 24 37 20 30 38 25 45 3 26 4 6 17 31 36 46 27 5 8 19 11 48 34 
student 122: 10 29 19 44 13 25 9 36 8 31 24 15 23 48 14 46 39 1 37 38 49 11 43 41 2 42 22 16 17 33 21 28 34 26 50 3 27 4 7 18 30 35 45 32 5 6 20 12 47 40 
student 123: 10 29 17 43 12 27 9 41 11 32 23 15 22 49 16 47 42 1 38 31 50 13 39 45 2 40 21 20 24 34 18 26 37 25 46 5 28 8 4 14 36 33 44 30 3 7 19 6 48 35 
student 124: 10 34 18 43 13 32 12 38 4 27 25 17 20 47 14 45 35 6 37 36 50 11 42 44 1 41 21 15 24 31 19 29 40 26 49 2 28 5 7 16 33 30 46 22 3 8 23 9 48 39 
student 125: 10 27 18 41 13 30 11 42 8 31 26 12 21 48 15 45 38 3 34 36 50 14 46 43 4 40 20 16 24 39 19 33 37 25 47 2 28 5 7 17 29 35 44 22 6 1 23 9 49 32 
student 126: 16 31 18 44 6 30 10 41 13 29 23 9 21 48 15 47 42 5 36 34 50 11 43 40 1 38 19 12 25 35 20 24 39 27 49 2 26 8 3 17 32 28 45 33 14 4 22 7 46 37 
student 127: 10 31 14 42 8 29 11 41 18 30 23 15 21 46 16 45 40 3 38 33 49 12 43 44 2 39 19 13 24 37 22 28 36 25 50 4 26 6 5 17 32 35 47 27 1 7 20 9 48 34 
student 128: 13 31 15 41 8 26 10 39 9 32 23 16 27 48 11 46 42 6 37 29 49 14 45 40 3 43 19 20 22 34 21 28 38 24 50 2 30 1 7 18 35 33 44 25 4 12 17 5 47 36 
student 129: 12 29 13 43 11 30 8 44 9 25 23 14 22 45 17 47 38 4 39 35 48 15 42 41 1 40 21 16 31 34 19 28 37 27 50 2 26 7 5 18 33 32 46 24 3 6 20 10 49 36 
student 130: 8 29 16 46 13 31 10 38 9 27 23 11 20 49 17 45 39 2 41 36 50 15 43 40 1 42 25 14 22 35 18 30 37 26 47 6 28 3 5 21 34 33 44 24 4 7 19 12 48 32 
student 131: 16 29 18 43 12 30 10 40 8 31 25 13 23 49 14 46 34 4 38 37 48 11 42 41 2 44 19 17 21 39 22 27 32 28 50 3 26 1 6 15 33 35 45 24 7 5 20 9 47 36 
student 132: 9 32 19 47 14 28 8 40 10 30 24 12 20 48 17 46 39 4 38 37 50 15 43 42 3 41 23 11 22 36 18 27 35 29 45 1 25 2 5 16 33 31 44 26 6 7 21 13 49 34 
student 133: 12 30 19 43 9 26 10 38 8 32 23 15 22 48 14 46 42 3 40 33 50 13 41 45 1 37 20 16 27 36 18 25 39 24 49 2 28 4 7 21 34 31 44 29 6 5 17 11 47 35 
student 134: 12 30 20 45 9 31 8 40 13 28 19 10 21 48 14 46 41 5 39 37 49 16 43 38 1 42 17 18 24 35 23 29 36 26 50 4 25 2 7 15 32 33 44 27 6 11 22 3 47 34 
student 135: 17 31 18 46 13 27 10 39 6 30 22 11 25 49 12 47 40 4 36 35 48 14 43 42 1 41 23 15 21 37 19 29 38 26 50 5 28 2 7 16 32 33 44 24 3 8 20 9 45 34 
student 136: 11 33 20 46 12 30 9 39 8 29 24 17 21 47 14 35 41 1 38 37 50 13 40 45 2 44 18 15 27 36 19 25 43 23 48 4 28 3 6 16 32 31 42 26 5 7 22 10 49 34 
student 137: 10 30 18 47 12 29 9 40 11 32 22 13 21 46 15 44 39 3 34 41 50 14 36 45 2 42 20 16 24 31 19 25 35 26 49 1 28 5 7 17 38 33 43 27 6 4 23 8 48 37 
student 138: 11 35 20 48 6 27 12 41 10 33 23 13 25 45 14 44 36 2 39 34 50 15 46 40 1 43 19 16 21 37 17 30 38 26 47 4 24 3 7 18 31 29 42 28 5 8 22 9 49 32 
student 139: 9 33 20 45 10 30 13 39 11 32 25 12 19 46 15 50 40 7 37 34 48 14 42 41 4 43 21 16 23 35 17 27 38 24 44 1 29 2 5 22 31 28 49 26 3 6 18 8 47 36 
student 140: 19 26 20 41 12 31 9 40 5 33 23 10 22 49 17 44 38 4 36 39 46 13 47 43 2 42 16 15 27 37 18 25 35 28 50 1 29 3 7 14 32 30 45 24 6 11 21 8 48 34 
student 141: 11 29 19 44 14 26 10 38 6 31 25 13 22 46 17 45 42 3 33 39 50 15 43 41 2 36 20 18 21 34 16 30 40 23 47 1 27 8 4 12 37 35 48 28 5 7 24 9 49 32 
student 142: 11 24 18 46 13 32 10 43 9 31 26 14 27 48 15 44 39 2 38 35 47 12 42 40 1 41 20 16 28 36 19 25 37 22 50 3 21 4 8 17 29 33 45 30 5 6 23 7 49 34 
student 143: 8 30 17 46 14 29 12 41 1 32 25 13 21 44 9 47 38 10 37 39 49 18 43 42 2 40 15 19 26 35 20 28 36 27 50 3 24 4 7 16 31 33 45 23 5 6 22 11 48 34 
student 144: 11 33 16 42 13 31 9 36 7 29 18 12 25 47 14 46 37 5 40 39 50 15 43 41 2 44 22 17 26 35 21 24 38 23 48 4 28 3 6 19 34 32 45 27 1 8 20 10 49 30 
student 145: 9 29 19 45 11 30 8 34 12 31 26 13 22 49 16 47 41 3 40 38 44 14 43 42 1 39 21 15 27 36 17 23 37 24 50 2 25 4 5 18 33 32 46 28 10 6 20 7 48 35 
student 146: 9 31 20 47 13 34 11 40 5 33 24 14 23 45 12 46 39 4 32 35 50 15 44 43 2 42 17 18 21 37 22 26 38 29 49 3 25 6 1 16 28 30 41 27 7 8 19 10 48 36 
student 147: 12 32 16 49 10 28 3 41 8 30 27 13 20 44 14 48 40 1 38 37 47 18 45 42 2 39 22 15 23 34 19 33 35 21 50 5 29 4 7 17 31 36 43 24 6 9 25 11 46 26 
student 148: 11 29 21 40 12 26 10 41 9 32 20 13 25 46 14 47 42 1 37 35 50 17 43 44 2 39 16 15 22 31 19 28 38 23 49 3 30 7 4 18 34 33 48 27 5 6 24 8 45 36 
student 149: 11 29 18 43 12 30 8 41 9 34 24 16 25 46 13 48 38 2 36 35 50 17 44 42 5 45 22 14 23 33 20 28 40 26 49 1 27 4 3 15 37 31 39 21 10 6 19 7 47 32 
student 150: 11 29 15 43 12 30 9 41 8 34 23 13 22 48 16 47 37 3 39 33 49 14 42 45 1 38 20 17 24 40 18 28 35 27 44 2 25 6 5 19 31 32 46 26 4 7 21 10 50 36 
student 151: 11 30 14 43 12 29 9 38 7 31 25 15 22 48 13 44 42 3 35 34 50 17 45 40 2 41 21 20 23 39 16 26 37 24 49 1 28 5 6 18 36 32 47 27 4 10 19 8 46 33 
student 152: 10 32 19 45 13 25 12 40 8 30 23 21 24 49 14 47 43 3 38 35 50 11 42 44 1 41 16 18 22 37 20 29 39 26 48 2 28 7 5 15 34 31 36 27 4 6 17 9 46 33 
student 153: 16 31 17 42 11 30 10 39 9 27 25 12 22 47 14 45 41 3 36 34 50 13 44 43 1 38 19 18 23 40 21 24 37 29 48 2 26 5 6 15 35 33 49 28 4 7 20 8 46 32 
student 154: 14 31 18 47 12 33 11 39 8 29 22 16 26 46 21 43 41 4 37 36 50 15 45 38 1 44 9 13 23 34 20 28 40 25 49 2 24 7 5 17 35 30 42 27 3 6 19 10 48 32 
student 155: 8 30 16 43 11 28 14 38 4 35 29 13 22 46 15 47 41 7 40 37 50 12 44 42 2 39 21 17 25 36 20 33 34 24 48 1 23 5 3 18 31 26 45 27 9 6 19 10 49 32 
student 156: 10 27 19 41 9 36 11 39 8 32 23 13 22 50 15 48 40 4 38 35 46 14 43 42 1 45 21 16 24 31 18 29 37 25 47 2 26 5 6 17 34 28 44 30 3 7 20 12 49 33 
student 157: 12 27 19 43 7 32 10 36 11 30 21 13 26 46 17 45 42 3 39 38 50 14 44 41 1 40 22 15 23 37 18 33 31 29 49 2 24 4 9 16 34 28 48 25 6 8 20 5 47 35 
student 158: 13 32 17 45 9 28 10 35 7 30 24 15 23 47 14 48 40 3 37 39 50 12 43 42 1 41 22 16 21 38 18 29 36 25 49 2 27 8 4 20 33 31 44 26 5 11 19 6 46 34 
student 159: 9 30 17 44 13 27 12 37 7 32 22 10 21 48 18 46 41 3 35 36 50 16 38 43 1 42 24 15 28 33 19 29 40 26 47 2 25 6 4 14 39 34 45 23 8 5 20 11 49 31 
student 160: 9 29 15 37 12 19 11 42 8 31 20 13 24 48 16 46 39 3 38 35 49 14 43 45 2 40 18 21 25 33 22 27 41 26 50 1 34 6 4 17 32 30 44 28 7 5 23 10 47 36 
student 161: 13 34 18 46 11 27 12 37 8 30 19 10 21 45 14 49 40 3 36 43 48 15 41 42 7 38 23 17 26 35 20 31 39 25 47 2 29 4 5 16 28 33 44 24 1 6 22 9 50 32 
student 162: 11 29 24 44 12 23 9 41 6 31 21 14 20 47 17 46 38 2 39 36 50 13 42 43 1 40 18 15 32 34 19 28 37 30 49 3 26 7 4 16 33 27 45 22 5 8 25 10 48 35 
student 163: 12 32 18 44 16 27 10 39 6 34 22 11 25 48 15 46 41 2 38 37 50 13 45 40 8 42 23 14 20 33 19 30 36 24 49 3 26 1 4 17 35 29 43 28 9 5 21 7 47 31 
student 164: 12 29 19 45 11 28 10 39 2 30 25 13 22 48 14 46 38 3 35 36 50 17 43 41 1 40 21 18 23 37 15 31 42 26 49 4 24 7 6 20 33 32 44 27 9 5 16 8 47 34 
student 165: 11 31 15 44 12 33 10 37 6 30 20 13 17 45 22 47 40 5 41 36 49 16 43 42 2 39 19 14 24 35 21 29 38 27 48 1 26 3 7 18 25 32 46 28 4 8 23 9 50 34 
student 166: 9 30 23 46 11 29 10 38 13 31 22 15 21 44 12 47 39 1 43 40 50 16 41 37 2 42 19 17 24 35 14 25 32 27 49 3 26 5 4 18 34 33 45 28 6 8 20 7 48 36 
student 167: 12 29 19 47 14 31 13 43 9 32 22 10 23 39 8 48 35 6 41 30 50 15 42 44 2 40 21 16 24 37 18 27 38 28 49 3 26 5 4 17 34 33 46 25 1 7 20 11 45 36 
student 168: 14 30 23 47 13 29 12 40 8 32 25 10 21 48 16 44 39 3 35 37 50 11 43 42 1 41 19 17 22 31 15 28 34 24 46 2 26 5 9 18 33 36 49 27 6 4 20 7 45 38 
student 169: 11 26 16 50 12 27 9 37 7 31 23 14 21 49 13 44 39 4 38 41 48 15 40 45 1 42 20 18 25 35 17 30 36 24 46 2 29 5 8 19 32 33 43 28 6 3 22 10 47 34 
student 170: 8 33 18 45 14 28 13 38 11 30 27 12 23 44 17 48 41 3 39 32 50 9 42 37 1 40 20 15 22 43 19 26 36 24 49 2 29 5 6 16 35 31 46 25 4 10 21 7 47 34 
student 171: 8 30 18 44 10 29 13 42 11 31 22 15 21 49 12 47 40 3 39 36 48 14 38 41 1 43 20 17 23 34 19 26 37 24 50 7 28 4 2 16 33 32 45 27 5 9 25 6 46 35 
student 172: 11 29 16 44 13 31 12 38 10 30 23 9 21 47 15 46 42 4 41 36 49 14 43 40 1 39 22 18 25 34 19 28 37 26 48 3 24 5 6 17 32 35 45 27 7 2 20 8 50 33 
student 173: 11 28 19 46 13 32 12 35 10 29 24 9 26 48 16 45 40 1 39 36 47 15 43 41 2 42 22 14 25 31 18 30 38 21 49 6 27 4 3 20 34 33 44 23 5 7 17 8 50 37 
student 174: 10 29 17 44 14 28 7 48 11 33 22 12 24 45 15 43 42 1 38 34 50 16 40 46 2 31 25 13 26 36 18 27 37 21 47 3 23 9 8 20 30 35 41 32 4 5 19 6 49 39 
student 175: 11 30 22 46 14 29 9 41 8 31 17 12 20 37 18 48 42 2 38 35 50 13 44 39 4 45 24 15 27 40 19 25 36 23 47 1 26 3 6 16 32 33 43 28 7 5 21 10 49 34 
student 176: 11 30 22 47 13 28 7 40 2 31 25 10 21 46 14 45 44 4 36 35 50 12 43 41 1 38 17 16 20 37 24 29 39 26 48 3 27 8 5 18 33 32 42 23 6 9 19 15 49 34 
student 177: 11 26 14 43 13 30 10 37 8 32 21 12 20 45 17 46 42 3 41 38 50 15 40 39 1 44 19 18 27 35 23 29 36 24 49 2 25 4 7 16 33 31 48 28 5 9 22 6 47 34 
student 178: 12 25 17 44 9 29 13 41 10 31 22 16 21 46 18 45 32 2 42 39 49 11 40 43 3 38 20 15 23 37 19 28 36 26 50 1 30 5 7 14 35 33 48 27 6 4 24 8 47 34 
student 179: 10 36 22 34 11 28 9 37 4 33 20 13 14 46 15 45 44 3 43 35 49 16 40 42 2 41 23 19 21 38 18 30 39 27 48 8 24 1 7 17 31 29 47 26 5 6 25 12 50 32 
student 180: 16 32 14 43 10 28 11 45 6 31 27 13 23 49 17 46 39 5 34 37 47 12 42 41 3 40 21 15 20 36 18 30 38 24 48 2 25 1 9 19 33 29 44 26 8 4 22 7 50 35 
student 181: 10 27 16 43 18 30 12 38 9 35 19 8 22 48 15 46 40 3 39 37 50 13 42 36 1 44 21 14 25 33 23 26 34 24 47 2 29 5 6 20 32 31 45 28 4 7 17 11 49 41 
student 182: 11 30 18 44 13 29 10 41 8 33 24 14 23 47 16 46 43 4 39 37 49 12 40 38 7 42 22 17 25 35 19 28 34 27 50 1 26 6 5 15 36 31 45 21 3 9 20 2 48 32 
student 183: 8 33 16 44 11 31 12 38 9 26 23 14 21 48 13 41 39 3 37 36 45 18 42 46 1 43 20 15 24 32 19 29 40 25 50 2 27 7 4 22 34 30 47 28 5 6 17 10 49 35 
student 184: 10 29 14 44 8 30 7 39 12 31 21 11 23 46 19 47 42 3 41 32 49 16 37 43 5 40 17 15 24 36 22 26 38 25 48 1 28 2 6 18 34 33 45 27 4 9 20 13 50 35 
student 185: 10 32 17 40 12 29 9 37 3 30 23 13 22 47 16 45 42 5 39 35 49 14 44 43 1 41 20 18 24 34 19 27 38 25 50 2 28 6 7 15 36 33 46 26 4 8 21 11 48 31 
student 186: 12 31 16 48 11 28 9 43 7 36 20 13 24 47 15 41 39 6 38 35 50 14 44 40 1 45 18 17 23 33 19 29 37 25 46 2 27 3 10 21 30 32 42 26 5 4 22 8 49 34 
student 187: 10 30 18 46 11 29 7 40 9 32 23 13 22 49 16 47 41 2 37 36 50 15 38 43 1 44 19 17 24 35 20 27 31 25 48 3 26 4 5 14 39 33 45 28 8 12 21 6 42 34 
student 188: 15 28 18 43 12 29 10 40 8 27 20 11 24 47 13 41 38 2 39 36 50 16 44 46 3 42 19 14 23 33 21 25 37 30 49 1 32 9 5 17 31 35 45 26 4 7 22 6 48 34 
student 189: 10 35 18 43 13 30 11 40 3 31 26 12 22 47 16 44 42 2 39 37 50 14 38 41 5 45 19 17 23 33 21 24 36 25 48 7 29 1 8 15 32 27 46 28 4 6 20 9 49 34 
student 190: 13 31 17 43 10 29 5 37 9 30 26 15 23 47 16 45 39 3 41 38 50 12 42 40 2 46 21 18 20 35 19 28 36 24 49 1 27 7 8 14 32 34 44 25 4 6 22 11 48 33 
student 191: 10 30 16 45 11 29 17 38 9 31 24 20 21 46 14 50 43 1 39 37 49 13 41 42 2 40 19 15 26 36 8 27 33 25 47 3 23 4 6 22 34 32 44 28 5 12 18 7 48 35 
student 192: 14 31 19 42 11 28 10 39 9 30 20 15 24 47 13 46 35 4 38 33 49 12 44 43 1 40 18 16 29 37 21 27 41 26 48 2 23 3 8 17 32 36 45 25 6 5 22 7 50 34 
student 193: 15 32 19 47 18 28 10 36 8 31 24 13 22 46 11 45 39 1 41 34 50 14 44 42 4 37 21 16 25 30 17 27 38 23 49 5 26 7 3 12 33 35 43 29 6 2 20 9 48 40 
student 194: 8 31 18 45 10 30 11 39 17 28 26 14 21 46 15 47 41 6 38 36 49 12 42 40 1 44 19 16 27 35 20 25 37 24 50 3 23 2 5 13 33 32 43 29 4 9 22 7 48 34 
student 195: 12 34 18 45 11 32 8 40 7 27 21 13 24 48 16 46 41 4 39 35 49 14 38 43 1 42 19 17 25 36 15 28 37 26 44 3 29 2 6 22 30 33 47 23 5 10 20 9 50 31 
student 196: 10 32 21 48 13 25 12 40 7 29 17 14 20 44 11 43 39 4 38 36 49 18 46 42 1 41 22 19 23 35 16 30 37 28 50 3 26 2 8 15 31 33 45 27 5 6 24 9 47 34 
student 197: 9 30 17 44 12 31 7 39 10 27 26 14 23 45 13 47 40 1 37 32 50 15 43 42 2 41 18 16 19 34 21 29 38 25 49 4 28 3 6 20 35 33 46 24 5 8 22 11 48 36 
student 198: 12 32 19 47 10 31 9 41 8 28 24 13 21 49 16 43 34 3 45 39 50 14 35 44 5 42 22 18 23 37 17 27 38 25 48 2 29 1 6 15 30 36 40 26 7 11 20 4 46 33 
student 199: 11 28 9 44 12 23 8 37 7 30 18 16 22 49 15 45 41 6 38 36 48 14 43 40 3 42 21 19 26 35 17 32 39 25 50 1 27 13 4 20 31 33 46 29 2 5 24 10 47 34 
student 200: 9 29 21 45 7 28 8 38 10 30 14 13 25 48 18 43 39 3 40 36 50 15 44 41 1 42 22 16 20 35 19 33 37 24 47 2 27 5 11 17 34 31 46 26 4 6 23 12 49 32 
student 201: 9 28 17 42 11 32 12 38 10 33 26 13 21 48 16 47 43 4 40 35 49 15 44 41 7 39 20 14 22 36 19 30 37 23 50 1 27 2 3 18 29 31 46 25 5 8 24 6 45 34 
student 202: 10 32 19 39 16 29 11 38 8 30 27 9 22 47 17 44 45 3 41 35 50 15 43 46 1 40 18 12 24 33 20 26 36 21 49 2 25 4 6 14 37 34 42 28 5 7 23 13 48 31 
student 203: 8 32 18 43 15 29 10 38 9 30 22 11 25 46 17 45 40 2 39 37 50 13 44 42 1 41 14 16 23 35 21 27 36 28 48 3 24 4 5 19 34 31 47 26 6 7 20 12 49 33 
student 204: 10 22 18 43 11 32 16 38 9 31 24 12 23 45 13 47 41 1 39 35 48 15 46 40 3 42 21 17 26 34 19 30 37 28 50 5 25 2 6 14 36 33 44 27 4 8 20 7 49 29 
student 205: 8 31 21 45 13 29 12 39 9 28 23 11 22 49 16 47 42 3 37 38 40 14 44 43 1 41 18 15 24 35 17 30 36 25 50 4 26 2 7 19 33 32 46 27 5 10 20 6 48 34 
student 206: 10 26 18 43 12 28 9 38 7 31 24 11 22 50 14 45 41 2 37 39 49 17 40 44 1 42 20 16 29 35 19 30 36 23 48 6 25 5 8 15 33 27 47 32 4 3 21 13 46 34 
student 207: 14 33 18 42 9 27 10 39 7 35 25 12 22 49 13 47 40 3 37 38 50 11 45 41 1 44 21 16 17 34 23 29 36 24 48 2 28 4 5 20 30 32 46 26 6 15 19 8 43 31 
student 208: 10 29 18 41 11 28 8 39 7 30 24 17 21 46 14 47 42 4 38 35 49 13 43 44 2 40 25 16 26 37 15 31 36 27 48 1 22 3 6 19 33 32 45 23 5 9 20 12 50 34 
student 209: 13 29 17 42 8 34 11 38 10 30 25 14 23 43 16 45 46 3 39 37 50 12 44 40 1 41 22 20 21 36 19 28 33 26 49 2 24 5 7 18 35 32 47 27 6 9 15 4 48 31 
student 210: 9 33 15 45 14 30 11 36 6 25 22 12 24 47 16 46 39 2 37 40 50 13 41 44 1 42 21 20 27 35 18 29 38 23 49 3 26 4 5 17 32 31 43 28 7 10 19 8 48 34 
student 211: 19 31 21 46 12 28 8 41 10 32 23 13 22 44 11 48 42 2 38 36 50 15 40 39 4 45 17 16 25 29 18 30 37 26 49 1 24 5 3 14 35 34 43 27 6 7 20 9 47 33 
student 212: 9 37 16 42 11 27 13 43 8 29 24 12 20 48 15 47 40 3 36 35 49 14 44 38 1 41 18 19 23 34 22 31 39 26 50 2 25 6 7 17 33 30 45 28 5 4 21 10 46 32 
student 213: 8 28 16 45 12 35 11 33 7 31 23 15 24 46 14 43 36 2 41 37 50 13 44 42 1 40 20 17 25 29 18 30 39 22 49 3 27 5 6 19 38 32 47 26 4 9 21 10 48 34 
student 214: 8 30 17 44 16 27 9 42 10 32 21 14 22 48 12 47 41 3 38 29 49 13 40 43 1 37 23 15 24 34 19 31 39 25 50 2 26 5 7 18 35 33 45 28 4 11 20 6 46 36 
student 215: 12 31 20 45 16 29 10 36 11 32 23 19 22 50 9 46 41 5 35 39 49 13 42 37 1 43 17 14 25 38 15 27 40 24 48 2 26 3 4 18 34 30 44 28 6 8 21 7 47 33 
student 216: 11 29 16 45 9 28 10 35 7 32 21 12 23 47 14 43 40 3 39 37 48 8 41 44 1 42 20 13 24 36 19 27 38 26 50 2 30 4 6 15 34 31 46 25 5 17 22 18 49 33 
student 217: 11 30 17 42 14 28 7 38 12 32 22 13 20 47 15 40 39 1 36 35 49 10 46 43 2 44 24 16 23 41 19 26 37 25 48 4 27 3 6 18 33 31 50 29 5 9 21 8 45 34 
student 218: 9 33 18 42 11 28 8 37 5 34 24 14 22 48 17 43 39 6 36 35 49 13 45 44 3 40 21 15 25 31 19 30 41 23 47 1 27 2 7 16 38 29 46 26 4 10 20 12 50 32 
student 219: 10 33 16 44 12 30 8 41 5 28 23 13 22 47 15 45 42 1 35 39 50 18 43 38 2 40 19 14 25 32 20 29 37 24 49 3 26 7 6 17 36 31 48 27 4 9 21 11 46 34 
student 220: 8 30 18 46 11 23 12 40 10 29 24 13 22 48 17 45 44 2 39 36 49 14 42 38 4 41 20 15 25 32 19 28 34 27 47 1 33 3 6 16 35 26 43 31 7 5 21 9 50 37 
student 221: 17 31 10 43 7 28 11 41 12 29 25 13 20 45 16 44 42 3 37 40 50 14 47 39 2 38 21 19 23 36 22 26 34 24 46 1 30 4 5 15 32 35 48 27 6 8 18 9 49 33 
student 222: 9 25 28 46 10 30 8 39 6 35 21 14 26 44 13 45 40 4 36 34 47 18 43 42 2 41 15 19 17 37 16 27 38 22 50 1 24 5 3 23 32 31 49 29 11 7 20 12 48 33 
student 223: 16 34 19 44 12 31 10 39 6 28 24 14 23 47 11 49 36 4 35 38 50 13 41 43 1 40 20 15 25 37 18 26 42 27 48 2 22 3 9 17 32 30 46 29 5 7 21 8 45 33 
student 224: 12 35 17 43 13 30 9 38 8 29 20 14 31 45 15 46 39 5 41 34 48 11 44 42 2 40 19 16 22 36 21 25 37 24 50 1 26 3 6 18 32 28 47 27 4 7 23 10 49 33 
student 225: 13 28 18 45 11 27 9 35 7 39 23 14 24 47 15 46 40 3 38 37 49 12 41 43 4 42 20 16 22 33 19 29 36 25 48 1 26 2 8 17 32 30 44 31 6 5 21 10 50 34 
student 226: 12 27 18 46 14 31 10 39 9 34 26 11 22 49 15 47 40 3 36 38 45 13 44 43 2 41 21 16 23 37 20 29 33 28 50 1 25 4 7 17 35 30 42 24 5 6 19 8 48 32 
student 227: 10 33 16 45 13 31 9 41 4 30 27 14 25 48 15 46 39 3 38 37 47 11 40 43 2 42 19 17 24 36 20 29 35 22 49 1 26 5 6 18 32 34 44 23 7 8 21 12 50 28 
student 228: 12 28 18 45 11 37 10 39 9 29 26 13 23 46 14 49 41 2 38 32 47 15 43 40 3 42 19 17 22 33 16 25 34 24 48 1 35 5 4 20 30 31 44 27 6 7 21 8 50 36 
student 229: 20 27 17 46 12 26 11 42 10 29 23 7 21 47 14 44 38 4 36 35 49 13 39 41 5 40 19 15 22 34 18 30 37 24 48 2 28 1 3 16 33 31 45 43 6 9 25 8 50 32 
student 230: 10 28 17 44 11 37 9 40 15 30 23 12 19 45 16 48 35 3 38 39 50 13 41 49 2 42 22 14 25 32 18 26 33 29 46 4 27 5 6 21 34 31 43 24 1 7 20 8 47 36 
student 231: 10 31 20 44 13 29 5 41 9 33 22 14 25 48 16 47 42 2 40 35 49 17 45 39 1 37 19 12 23 32 18 28 38 24 46 7 26 11 4 15 36 30 43 27 3 6 21 8 50 34 
student 232: 16 29 20 47 13 32 11 41 5 30 21 10 24 44 17 50 34 3 40 37 45 14 42 43 2 39 18 15 28 35 19 27 38 23 49 1 25 9 6 12 33 31 46 26 7 4 22 8 48 36 
student 233: 11 30 19 44 16 32 7 39 10 37 25 13 20 45 15 48 41 8 35 40 50 14 43 42 4 38 18 23 22 33 17 27 36 24 49 2 26 3 5 12 31 29 46 28 1 6 21 9 47 34 
student 234: 12 28 19 47 11 30 9 41 6 31 21 14 26 44 15 45 37 3 32 39 50 13 43 42 4 38 18 17 22 35 24 27 40 25 46 1 23 2 7 16 34 33 49 29 5 8 20 10 48 36 
student 235: 10 27 17 46 15 31 12 39 8 36 23 16 21 47 9 45 40 3 37 35 50 19 41 44 4 42 18 14 22 34 24 32 38 25 48 1 26 5 7 13 29 28 43 30 2 6 20 11 49 33 
student 236: 12 30 16 42 11 29 10 39 5 28 26 13 22 48 15 46 40 8 37 38 49 14 41 43 1 44 20 18 23 33 17 32 35 25 47 4 24 6 3 19 31 36 45 27 2 9 21 7 50 34 
student 237: 11 29 19 43 14 28 5 41 13 31 24 15 21 47 17 49 40 2 37 35 48 16 42 46 1 39 9 6 23 36 22 25 38 26 50 10 30 3 4 18 32 33 44 27 7 8 20 12 45 34 
student 238: 11 29 18 45 13 30 12 40 7 31 24 16 20 46 15 47 43 4 39 35 50 14 42 36 1 44 23 10 26 38 19 28 37 25 49 2 27 9 3 17 32 33 41 22 5 6 21 8 48 34 
student 239: 12 28 19 44 15 29 10 37 5 31 22 14 21 46 13 50 40 3 41 39 49 16 38 43 1 42 17 11 24 33 20 30 32 26 47 2 27 4 8 18 34 35 45 23 9 6 25 7 48 36 
student 240: 14 29 18 42 12 30 10 37 9 32 25 15 21 48 11 45 41 3 35 40 46 16 39 44 2 38 19 17 24 36 20 28 43 23 47 1 26 5 4 13 33 31 49 27 6 7 22 8 50 34 
student 241: 15 33 19 47 14 30 9 42 7 29 18 12 26 49 20 41 40 4 37 34 50 13 44 43 1 39 21 11 24 35 17 27 38 23 46 2 25 3 6 16 36 32 48 28 5 10 22 8 45 31 
student 242: 13 28 19 44 5 37 12 36 9 30 29 14 21 48 15 46 41 1 39 34 50 11 40 42 2 43 20 17 24 35 18 26 38 25 49 3 23 6 4 16 31 33 45 27 8 10 22 7 47 32 
student 243: 13 30 15 45 9 29 6 39 3 31 14 10 23 49 20 50 42 2 38 36 48 17 40 41 1 44 19 18 24 35 21 28 37 27 46 4 26 7 8 16 34 33 47 25 5 12 22 11 43 32 
student 244: 7 29 14 45 12 32 8 37 11 31 24 13 22 47 17 46 40 3 42 34 50 16 44 41 1 36 23 18 25 38 15 27 39 20 49 2 26 4 10 19 33 28 43 30 6 5 21 9 48 35 
student 245: 12 30 18 45 14 31 11 40 9 36 23 10 21 46 15 42 38 2 39 35 50 13 44 43 1 41 20 17 25 34 19 29 37 27 47 4 26 3 6 16 32 24 49 28 5 7 22 8 48 33 
student 246: 10 26 18 40 11 30 12 38 9 31 24 13 22 49 14 44 46 4 39 36 48 17 47 43 2 41 23 15 25 34 20 29 37 21 50 6 27 1 5 16 33 32 42 28 3 7 19 8 45 35 
student 247: 12 31 19 46 14 30 7 39 9 28 20 13 23 41 10 45 38 1 40 37 49 15 44 42 3 43 22 16 24 35 21 29 36 25 50 4 27 2 11 17 32 34 47 26 5 6 18 8 48 33 
student 248: 10 25 17 42 9 29 14 40 4 30 23 13 19 46 12 45 39 2 36 37 48 20 41 44 1 43 21 15 26 34 18 31 38 24 50 5 28 3 7 16 33 32 47 27 11 6 22 8 49 35 
student 249: 15 30 13 45 11 28 5 38 9 27 24 14 22 46 16 44 40 6 42 35 50 12 41 48 1 31 19 20 23 37 21 33 39 25 47 2 26 3 4 17 34 29 43 32 8 7 18 10 49 36 
student 250: 8 30 19 46 14 28 12 38 10 31 24 11 23 47 17 45 39 7 33 41 49 13 42 44 1 40 22 15 21 36 20 29 37 25 43 3 27 6 4 16 34 32 48 26 2 9 18 5 50 35 
student 251: 10 31 18 46 11 29 9 39 12 33 17 15 22 48 13 44 40 3 38 35 50 14 43 42 1 41 20 16 26 37 21 27 36 23 49 6 25 5 8 19 30 32 45 28 4 2 24 7 47 34 
student 252: 14 31 16 48 11 29 10 37 8 30 22 13 24 45 21 47 39 9 36 38 49 19 44 46 1 41 20 15 28 40 17 25 35 23 50 2 26 3 5 12 33 32 42 27 4 6 18 7 43 34 
student 253: 10 29 18 42 11 26 8 39 16 30 22 12 20 48 13 45 41 2 34 38 50 15 46 40 1 43 21 17 28 36 19 31 37 25 49 3 24 4 5 14 32 35 44 23 6 9 27 7 47 33 
student 254: 11 32 19 40 12 26 8 35 10 31 22 13 27 48 15 46 41 3 39 33 49 16 43 44 4 42 21 14 25 34 18 23 36 24 50 2 28 1 6 17 38 30 45 29 5 7 20 9 47 37 
student 255: 11 28 23 48 12 31 9 40 4 30 29 14 21 47 17 45 39 5 38 37 50 13 44 43 6 41 15 18 22 34 16 27 36 25 49 2 24 1 7 19 33 32 42 26 3 8 20 10 46 35 
student 256: 11 32 21 40 10 29 8 36 4 31 24 16 18 50 14 44 39 5 41 35 47 15 45 42 1 43 22 13 25 33 17 28 37 27 49 3 23 6 2 19 34 30 46 26 9 7 20 12 48 38 
student 257: 12 29 20 43 11 30 10 39 6 32 22 15 23 48 13 47 42 2 36 31 50 16 40 44 3 41 19 14 24 35 17 27 37 26 45 1 25 4 7 18 38 34 46 28 5 8 21 9 49 33 
student 258: 9 30 17 41 10 25 8 39 11 31 26 13 23 50 14 42 40 1 38 34 49 15 46 44 3 43 21 18 20 33 16 29 35 22 45 2 27 4 6 19 37 32 47 28 5 7 24 12 48 36 
student 259: 9 29 17 45 12 30 10 41 6 32 26 14 21 44 16 46 42 2 39 36 50 15 47 43 3 38 19 18 23 35 24 28 37 25 49 1 27 4 5 13 31 33 40 22 7 8 20 11 48 34 
student 260: 14 32 19 41 11 25 10 35 7 30 23 15 16 46 13 47 42 3 38 36 50 12 45 44 1 40 21 17 27 37 20 28 39 24 48 2 26 8 6 18 31 33 43 29 4 5 22 9 49 34 
student 261: 9 30 24 40 12 27 10 42 11 31 22 13 20 47 15 46 41 2 36 34 50 14 44 39 3 43 18 16 21 35 19 29 38 23 49 1 28 8 4 17 33 32 45 25 5 7 26 6 48 37 
student 262: 9 30 15 45 11 27 12 42 7 33 23 14 21 47 16 43 32 4 39 38 50 18 44 41 1 40 17 19 24 37 20 28 36 26 49 2 25 5 8 13 35 34 46 29 3 6 22 10 48 31 
student 263: 12 30 19 45 16 26 11 38 8 29 20 10 17 47 13 43 40 4 34 31 48 15 46 39 1 44 21 14 24 37 22 25 41 23 50 2 27 5 6 28 35 32 42 33 3 7 18 9 49 36 
student 264: 15 31 14 45 6 28 8 35 9 32 29 11 25 48 18 46 42 3 34 40 50 13 43 39 1 41 21 16 23 37 19 27 38 26 49 2 22 7 4 17 36 30 44 24 5 10 20 12 47 33 
student 265: 11 27 19 44 13 25 10 39 5 31 21 18 23 47 15 46 40 3 34 36 50 14 43 45 1 42 17 12 26 35 22 28 38 24 48 2 29 4 6 20 33 32 41 30 7 8 16 9 49 37 
student 266: 5 32 16 47 12 31 11 40 2 28 23 14 25 46 19 45 38 6 39 37 49 13 42 43 3 41 21 15 24 36 18 29 30 20 50 4 26 1 9 17 33 34 44 27 7 8 22 10 48 35 
student 267: 8 31 19 45 11 30 16 40 6 28 24 9 23 48 15 46 39 3 38 33 49 14 42 43 1 41 21 12 20 36 18 29 37 25 47 2 27 5 13 17 34 32 44 26 7 4 22 10 50 35 
student 268: 10 33 20 46 12 29 11 41 8 31 19 14 23 47 13 44 35 5 40 34 48 15 42 39 1 43 22 16 25 37 18 28 38 27 49 3 24 4 6 21 30 32 45 26 2 7 17 9 50 36 
student 269: 10 34 19 45 11 30 8 38 12 29 22 13 21 46 15 43 42 1 39 36 50 14 44 41 3 40 16 18 27 33 20 28 37 25 49 4 26 6 2 17 31 35 48 24 7 5 23 9 47 32 
student 270: 15 28 18 43 9 30 10 42 8 32 20 12 22 46 13 45 35 6 40 37 49 14 36 38 1 47 19 16 25 39 23 26 33 24 48 2 29 4 5 17 31 34 44 27 3 7 21 11 50 41 
student 271: 13 36 17 46 10 28 12 39 9 29 30 14 25 50 16 44 40 3 37 35 49 15 43 42 1 41 11 18 27 38 19 24 32 26 48 2 23 5 7 21 31 33 45 20 4 6 22 8 47 34 
student 272: 3 27 16 45 10 31 9 41 8 30 23 14 25 47 12 46 42 5 37 36 49 13 44 38 2 33 18 24 22 35 20 29 39 21 50 1 26 6 4 17 40 32 43 28 7 11 19 15 48 34 
student 273: 12 29 19 39 13 30 10 41 8 26 24 15 20 47 11 46 40 2 38 37 50 16 44 43 1 42 22 17 23 35 21 33 36 25 48 4 27 5 3 14 32 31 45 28 7 6 18 9 49 34 
student 274: 11 27 24 43 9 29 12 38 10 30 18 15 22 48 14 45 42 3 39 40 47 13 41 50 1 44 17 16 26 35 19 25 37 23 49 2 28 6 5 20 33 31 36 32 4 7 21 8 46 34 
student 275: 9 26 21 42 11 28 8 37 7 32 25 12 24 50 17 45 40 3 38 36 48 13 44 43 1 41 19 14 22 35 20 29 39 27 49 2 23 4 6 18 34 30 46 31 5 10 16 15 47 33 
student 276: 11 29 15 47 12 31 10 37 6 25 23 13 22 43 16 44 40 3 41 36 45 14 46 42 1 39 21 20 26 35 18 30 38 27 49 2 28 4 5 17 32 33 48 24 7 8 19 9 50 34 
student 277: 12 30 14 43 11 32 8 39 9 34 24 13 27 47 15 46 40 3 38 37 49 18 42 45 1 41 20 17 19 33 21 29 36 23 48 4 25 5 2 16 31 28 44 26 6 7 22 10 50 35 
student 278: 11 30 17 44 14 26 12 39 8 28 24 15 22 48 18 50 36 3 31 34 49 13 42 41 1 47 21 10 27 38 19 25 37 23 46 2 33 6 7 16 35 32 43 29 5 4 20 9 45 40 
student 279: 10 32 18 44 15 29 11 37 8 31 21 14 23 48 12 46 41 4 40 33 50 13 43 42 2 39 20 16 24 34 19 27 38 28 49 1 25 5 3 17 30 36 45 26 6 7 22 9 47 35 
student 280: 11 32 18 47 9 26 10 37 6 33 23 13 21 45 17 43 41 3 38 35 50 14 42 40 1 46 22 16 31 30 19 28 36 25 49 2 24 7 5 15 39 29 44 27 4 8 20 12 48 34 
student 281: 10 29 18 42 12 30 11 38 7 31 20 13 21 46 17 48 45 1 44 33 50 15 43 39 5 36 19 14 25 40 22 27 37 26 49 2 24 3 4 16 32 35 41 28 6 8 23 9 47 34 
student 282: 12 29 17 44 13 28 8 39 9 31 22 10 24 50 14 46 42 5 40 33 48 21 43 38 2 41 18 19 26 34 15 30 37 23 49 1 27 6 4 16 32 36 45 25 3 7 20 11 47 35 
student 283: 6 27 14 42 10 30 9 39 4 32 21 12 20 47 11 46 43 3 41 37 50 17 44 40 2 35 23 16 31 34 19 26 38 24 48 1 28 8 15 18 36 33 45 25 5 13 22 7 49 29 
student 284: 15 31 17 46 13 30 9 40 8 27 23 11 21 50 12 45 39 1 38 36 48 16 42 49 2 41 19 18 25 35 20 29 37 26 47 5 24 3 6 14 33 32 43 28 4 7 22 10 44 34 
student 285: 11 31 18 44 16 28 10 38 14 30 22 3 20 47 13 46 40 2 39 37 50 12 43 42 5 41 19 17 24 36 15 27 35 25 49 1 26 4 7 21 32 34 45 29 6 9 23 8 48 33 
student 286: 12 30 16 45 11 32 10 35 6 34 22 14 19 48 15 46 38 5 36 37 49 13 42 43 2 40 21 23 24 41 17 29 39 26 50 3 25 4 8 20 31 28 44 27 1 7 18 9 47 33 
student 287: 15 25 17 46 11 28 9 40 6 30 24 12 27 43 14 48 39 4 37 35 50 21 44 41 2 42 13 16 23 34 19 31 36 29 47 3 26 5 7 18 33 32 45 22 1 8 20 10 49 38 
student 288: 10 30 18 40 9 31 11 38 7 29 23 14 25 50 17 45 42 3 39 36 49 12 41 44 1 47 21 20 24 33 19 28 37 22 48 2 26 4 13 15 34 35 43 27 5 8 16 6 46 32 
student 289: 10 30 19 45 9 28 12 37 11 26 23 14 17 47 13 44 41 7 39 36 50 15 42 43 1 40 25 16 20 35 22 29 33 21 49 4 27 5 3 18 31 32 46 34 2 6 24 8 48 38 
student 290: 13 31 17 44 14 27 12 40 10 33 23 11 22 47 15 48 38 3 35 32 46 9 43 42 1 41 20 16 29 37 19 30 39 26 50 2 25 5 7 18 28 36 45 24 6 4 21 8 49 34 
student 291: 9 31 21 45 12 25 13 40 5 35 19 11 23 50 14 41 42 6 39 33 48 15 38 46 1 44 17 18 22 36 20 27 37 30 49 2 28 7 4 16 32 29 47 24 8 3 26 10 43 34 
student 292: 14 28 17 41 7 27 10 40 3 30 23 12 32 44 15 47 39 2 42 35 50 16 38 49 1 43 20 19 26 36 18 25 37 21 48 6 24 4 8 13 31 33 45 29 5 9 22 11 46 34 
student 293: 13 28 17 46 8 27 12 37 9 32 25 11 18 45 14 47 38 4 36 39 50 16 42 40 1 41 19 21 20 43 22 26 35 24 49 3 31 5 7 15 33 30 44 29 2 6 23 10 48 34 
student 294: 10 28 19 50 13 32 9 37 12 30 25 14 22 43 11 44 47 4 41 38 49 18 45 39 1 40 21 15 23 31 17 27 34 24 48 3 26 5 7 16 33 35 42 29 2 6 20 8 46 36 
student 295: 8 28 20 45 12 31 13 38 10 30 26 11 21 48 15 44 41 2 37 34 50 14 43 42 3 40 22 16 23 33 19 25 36 27 47 5 24 1 7 17 39 35 46 29 9 4 18 6 49 32 
student 296: 14 27 18 44 9 25 13 42 10 29 20 15 22 47 16 41 38 2 40 36 50 11 46 43 1 35 24 12 26 37 19 30 39 28 45 3 32 5 4 17 33 31 49 21 6 7 23 8 48 34 
student 297: 11 27 16 44 12 33 8 41 7 29 23 14 22 45 20 46 40 4 39 34 49 13 43 42 5 38 19 15 24 31 18 28 37 25 47 1 26 2 6 17 35 32 48 30 3 9 21 10 50 36 
student 298: 9 31 18 47 12 29 13 41 11 32 23 17 21 45 10 50 39 5 36 35 49 16 43 42 2 40 24 14 25 37 19 28 38 22 48 1 26 3 6 15 30 33 44 27 4 8 20 7 46 34 
student 299: 14 35 18 46 9 29 12 39 8 37 26 13 25 48 10 45 36 5 38 41 47 17 40 42 2 43 21 15 24 32 19 28 33 23 50 1 22 4 11 16 31 30 44 27 6 3 20 7 49 34 
student 300: 11 27 19 47 13 31 9 40 8 33 23 12 21 44 17 45 42 3 37 35 48 16 43 41 1 39 20 14 24 34 22 28 38 25 49 2 26 5 6 15 30 36 50 29 4 7 18 10 46 32 
student 301: 14 34 17 43 15 30 10 37 8 32 21 12 24 45 13 49 40 3 35 41 50 11 42 44 1 33 22 18 23 38 20 29 31 27 46 2 25 4 5 16 39 28 47 26 6 7 19 9 48 36 
student 302: 16 29 14 46 10 28 9 39 7 25 24 13 22 47 18 45 40 4 38 35 50 17 41 43 2 42 21 12 26 36 19 31 37 23 48 3 27 5 11 20 33 32 44 30 1 8 15 6 49 34 
student 303: 12 29 23 45 11 27 10 34 8 32 21 14 22 47 13 44 38 3 41 37 50 19 46 43 2 42 16 17 24 36 15 31 39 28 49 1 25 7 5 18 30 33 40 26 4 6 20 9 48 35 
student 304: 14 33 18 44 11 26 10 40 6 28 21 12 19 45 17 48 41 9 29 39 50 13 46 38 1 42 22 15 24 32 20 31 37 27 49 2 23 4 3 16 35 34 43 25 5 7 30 8 47 36 
student 305: 7 32 20 44 11 29 9 39 8 33 26 12 22 46 16 49 43 1 37 34 48 15 45 42 2 40 17 18 25 36 21 28 38 23 50 3 24 4 6 14 30 31 41 27 5 13 19 10 47 35 
student 306: 9 29 21 42 14 32 11 38 7 30 24 12 19 47 16 49 40 1 41 36 45 15 44 50 2 39 10 17 18 35 23 27 37 25 46 5 31 3 6 22 33 28 43 26 4 13 20 8 48 34 
student 307: 13 32 20 44 11 29 10 35 8 36 25 12 22 47 15 40 37 5 38 33 50 14 45 42 4 39 19 16 24 41 18 28 43 23 49 3 26 2 6 17 34 31 46 27 1 7 21 9 48 30 
student 308: 9 31 21 47 13 29 10 40 7 33 23 12 20 46 17 45 39 2 37 35 49 14 43 42 1 41 16 15 26 36 19 28 38 24 50 3 25 4 6 18 30 32 44 27 5 8 22 11 48 34 
student 309: 10 30 15 40 14 31 4 41 8 29 26 11 21 47 16 46 39 2 37 38 49 13 45 43 1 44 19 17 24 34 18 28 35 23 50 3 25 5 7 20 36 32 42 27 6 9 22 12 48 33 
student 310: 10 33 19 47 14 29 13 40 4 32 21 11 25 48 12 43 37 6 38 36 49 15 45 41 2 44 18 17 26 34 22 24 39 27 46 1 23 3 7 16 31 30 42 28 5 8 20 9 50 35 
student 311: 11 31 17 45 14 27 13 43 8 36 23 10 21 48 15 46 38 2 37 41 50 12 42 40 4 39 22 16 24 34 18 28 35 25 47 1 26 3 6 20 30 32 44 29 5 7 19 9 49 33 
student 312: 14 26 15 42 9 30 7 37 12 31 23 16 22 47 8 43 41 3 39 40 49 17 34 45 2 44 19 18 24 36 20 29 38 25 50 1 27 5 4 13 35 32 46 28 6 10 21 11 48 33 
student 313: 12 30 17 46 13 31 10 41 7 26 24 11 21 42 18 50 44 3 40 37 49 14 38 34 1 45 19 15 27 36 20 29 39 22 48 2 23 5 9 16 35 33 43 28 6 8 25 4 47 32 
student 314: 13 32 18 46 10 28 11 42 8 29 21 12 25 47 16 44 39 1 40 35 50 14 45 41 2 38 23 15 22 34 19 27 36 24 49 5 26 6 7 17 37 31 43 30 3 4 20 9 48 33 
student 315: 11 28 22 44 12 30 9 40 6 31 21 13 26 50 14 47 38 5 37 35 43 15 46 49 1 41 18 17 23 36 16 29 39 25 42 3 24 4 8 20 34 32 48 27 2 7 19 10 45 33 
student 316: 12 30 15 43 13 27 6 38 9 31 22 18 21 50 14 42 39 4 37 34 41 8 47 45 3 44 20 29 23 35 19 25 40 28 49 1 26 5 2 16 32 36 46 24 7 11 17 10 48 33 
student 317: 11 29 24 44 15 31 8 39 13 30 22 10 20 47 16 49 37 2 40 36 48 14 42 43 1 41 18 19 23 35 21 28 38 27 50 3 26 4 9 12 34 33 45 25 5 6 17 7 46 32 
student 318: 10 31 19 44 11 25 9 39 7 30 23 14 21 48 15 47 45 5 40 38 50 13 42 41 1 37 20 16 24 36 18 29 35 26 46 8 27 2 6 17 34 32 43 28 3 4 22 12 49 33 
student 319: 11 32 21 42 10 29 13 39 9 30 20 12 22 46 15 44 43 1 37 38 50 17 41 40 2 45 18 14 24 33 19 28 36 23 49 3 25 4 7 16 34 31 47 27 5 6 26 8 48 35 
student 320: 10 31 16 42 12 28 11 40 9 32 24 13 21 45 17 44 41 2 38 33 49 15 46 39 3 43 23 20 25 37 18 30 36 27 50 1 26 5 6 14 34 29 47 22 4 8 19 7 48 35 
student 321: 10 24 17 43 12 28 9 39 8 31 25 14 23 47 16 48 41 5 36 35 50 13 42 45 1 40 21 18 22 33 15 30 38 27 49 2 29 4 3 19 34 32 46 26 6 7 20 11 44 37 
student 322: 8 30 18 45 12 28 11 36 9 31 22 15 23 48 14 47 39 6 37 38 50 13 44 43 1 42 21 16 24 40 17 27 35 25 41 4 26 3 7 20 32 33 46 29 5 2 19 10 49 34 
student 323: 12 29 18 44 11 28 8 37 9 30 24 15 22 48 16 46 39 5 41 35 50 14 43 40 2 42 19 13 25 34 17 31 36 21 49 1 26 6 7 23 38 33 45 27 3 4 20 10 47 32 
student 324: 13 29 18 45 11 30 10 40 6 31 23 12 22 49 17 48 41 1 34 33 50 15 44 42 2 39 20 14 24 35 19 28 37 25 47 3 26 4 8 16 38 36 43 27 7 5 21 9 46 32 
student 325: 11 29 18 44 15 34 10 40 9 30 26 13 20 47 16 46 38 3 41 37 50 14 42 43 2 39 23 12 21 35 17 28 36 24 48 1 27 4 6 19 31 32 45 25 8 5 22 7 49 33 
student 326: 9 24 19 47 13 32 11 39 10 29 27 14 20 48 15 46 40 3 35 38 50 16 45 43 1 37 23 12 22 36 18 28 42 25 49 2 31 8 4 17 33 30 41 26 6 5 21 7 44 34 
student 327: 12 34 18 44 11 31 9 40 6 29 24 14 23 46 15 45 39 3 37 36 49 13 42 43 2 41 20 16 19 32 21 28 38 26 48 1 25 4 8 17 35 30 47 27 5 7 22 10 50 33 
student 328: 12 27 18 45 11 32 10 39 7 26 25 14 23 50 13 48 42 2 38 36 47 15 46 43 3 40 19 16 21 35 20 31 37 28 49 1 24 4 5 17 33 29 44 30 6 9 22 8 41 34 
student 329: 2 29 20 42 11 31 12 38 7 32 23 13 22 47 16 46 39 5 41 27 48 15 43 44 1 40 17 14 25 36 18 30 33 24 50 3 26 6 8 19 34 35 45 28 9 4 21 10 49 37 
student 330: 10 30 12 46 14 29 9 42 6 33 23 11 22 44 19 47 36 7 37 35 50 16 41 43 2 40 21 17 24 38 18 27 39 26 45 1 25 4 5 15 31 34 48 28 3 8 20 13 49 32 
student 331: 14 21 18 44 10 29 8 39 9 31 25 13 23 41 15 50 42 3 38 34 49 12 45 43 1 40 20 16 24 36 19 35 37 26 47 2 27 5 6 17 32 28 48 30 4 7 22 11 46 33 
student 332: 6 30 17 38 16 29 9 41 13 32 22 20 23 47 11 46 42 7 36 31 50 10 43 44 2 45 19 12 25 34 18 28 37 24 48 1 26 4 3 15 35 33 39 27 8 5 21 14 49 40 
student 333: 13 30 19 43 11 29 10 41 8 32 22 16 21 48 14 42 45 5 38 36 46 18 47 40 1 39 12 15 24 35 28 26 37 23 50 2 25 7 6 17 34 31 44 27 3 4 20 9 49 33 
student 334: 12 32 17 44 15 28 10 38 6 29 24 11 18 46 14 45 41 3 39 33 50 13 43 42 1 37 16 19 21 36 22 31 40 27 49 4 26 5 2 20 34 35 48 25 8 7 23 9 47 30 
student 335: 11 29 19 44 12 30 5 40 7 31 26 13 23 41 16 47 42 2 39 34 48 15 46 43 8 37 14 17 22 36 20 28 38 24 49 1 25 4 9 18 35 32 45 27 3 6 21 10 50 33 
student 336: 10 30 19 42 13 24 12 37 9 38 21 15 22 46 11 49 39 4 35 34 48 16 45 41 1 43 20 14 28 33 18 29 40 27 47 3 23 5 8 17 36 31 44 26 6 7 25 2 50 32 
student 337: 11 29 20 42 14 26 10 38 8 32 22 13 19 48 15 47 36 3 37 34 49 12 43 44 2 41 18 17 24 33 16 25 40 30 50 1 28 4 5 21 39 31 45 27 6 7 23 9 46 35 
student 338: 12 30 18 43 17 29 8 42 7 33 25 9 22 50 13 46 41 2 36 35 49 16 40 44 4 39 19 15 23 32 21 27 38 26 48 3 28 11 1 14 31 34 45 24 5 6 20 10 47 37 
student 339: 9 31 17 44 15 27 8 41 7 30 23 12 21 48 14 50 37 3 39 38 49 13 43 45 4 40 18 16 25 36 22 28 34 29 47 6 26 1 10 20 35 33 42 24 2 5 19 11 46 32 
student 340: 11 31 17 40 12 28 10 42 8 30 24 19 23 50 14 44 38 1 43 35 48 13 46 41 6 39 18 15 26 34 22 25 37 20 47 4 27 5 7 16 32 33 45 29 2 3 21 9 49 36 
student 341: 15 33 17 45 6 27 11 38 8 30 21 10 18 42 14 46 43 2 36 35 50 12 44 41 1 40 22 16 32 37 20 26 39 24 49 9 25 4 7 19 31 29 48 28 5 13 23 3 47 34 
student 342: 12 30 17 46 6 29 11 41 9 32 26 15 23 49 18 48 40 3 34 37 50 13 42 43 1 38 20 8 24 39 19 28 36 27 47 4 22 5 7 16 33 35 45 25 2 10 21 14 44 31 
student 343: 9 35 16 44 10 31 13 37 8 30 23 12 22 49 14 45 40 3 34 38 50 15 43 41 1 42 21 17 25 33 20 29 39 27 46 2 24 4 6 18 32 28 47 26 5 7 19 11 48 36 
student 344: 9 29 18 45 11 31 10 38 6 25 24 13 23 41 14 47 44 4 39 37 50 17 43 40 1 42 15 16 22 35 20 28 36 27 49 7 30 2 3 19 34 32 46 26 8 5 21 12 48 33 
student 345: 13 34 18 44 12 30 11 40 7 31 23 10 19 45 15 47 39 4 37 36 49 17 42 46 2 41 21 14 24 33 20 28 38 25 48 3 26 1 6 16 32 35 43 27 5 8 22 9 50 29 
student 346: 12 30 22 44 13 37 9 38 7 28 18 14 23 47 16 45 41 2 39 35 49 11 42 43 1 40 17 19 21 36 20 27 31 26 50 3 25 6 5 15 34 32 46 29 4 10 24 8 48 33 
student 347: 10 30 18 43 11 27 7 39 12 34 24 15 23 48 14 46 44 4 38 33 49 13 42 41 1 37 20 17 28 32 19 29 40 25 50 2 21 5 9 16 31 35 45 26 3 6 22 8 47 36 
student 348: 13 30 18 42 12 29 11 37 9 34 20 14 23 47 15 46 40 5 36 39 50 10 43 45 1 41 21 16 24 32 19 33 35 26 44 3 25 2 4 17 31 28 49 27 6 8 22 7 48 38 
student 349: 9 30 19 41 10 28 12 38 7 32 23 16 21 47 18 45 42 4 40 36 50 13 43 39 1 44 26 14 22 35 17 29 37 24 49 2 25 5 8 15 33 34 46 27 6 3 20 11 48 31 
student 350: 11 28 20 43 14 30 10 39 6 31 24 12 17 47 13 46 37 3 36 34 50 18 42 41 1 45 21 15 23 35 16 29 40 25 49 5 26 4 7 19 32 33 44 27 2 8 22 9 48 38 
student 351: 12 31 19 43 11 29 9 39 14 36 23 10 24 47 13 46 41 3 37 35 49 15 40 42 5 44 21 16 20 34 17 27 38 26 50 1 28 2 8 18 32 30 45 22 4 6 25 7 48 33 
student 352: 11 29 18 44 13 27 12 40 9 32 24 10 20 48 15 46 39 2 38 36 50 17 41 43 3 42 19 14 23 37 21 25 35 28 49 1 30 4 6 16 33 31 45 26 5 7 22 8 47 34 
student 353: 13 31 20 45 12 29 10 41 7 33 25 14 22 47 9 40 46 5 39 34 50 15 48 43 1 35 19 16 23 37 17 28 38 24 49 2 26 3 6 18 32 30 42 27 4 8 21 11 44 36 
student 354: 9 32 17 45 13 25 2 37 12 29 22 11 24 46 16 50 38 6 40 39 47 15 44 43 3 42 20 18 21 35 19 31 36 26 49 5 27 1 8 14 30 34 41 28 4 7 23 10 48 33 
student 355: 13 35 17 47 11 31 5 37 4 32 29 9 24 49 14 45 40 3 36 34 50 12 44 41 2 42 18 16 21 38 20 25 39 27 46 1 22 6 10 19 30 28 43 26 7 8 23 15 48 33 
student 356: 19 31 16 45 15 30 11 39 6 32 21 10 20 46 14 47 41 3 38 37 48 12 43 35 1 42 22 13 23 36 18 28 40 26 49 7 25 2 5 17 27 34 44 29 4 8 24 9 50 33 
student 357: 9 31 20 42 11 30 15 37 7 33 25 12 21 49 13 45 39 6 47 34 48 16 41 44 2 40 22 19 23 35 17 27 36 26 50 1 24 3 8 14 38 32 43 28 5 4 18 10 46 29 
student 358: 10 29 19 44 13 27 8 42 3 36 25 11 22 48 16 47 39 4 38 34 50 14 43 41 1 40 23 17 21 32 18 35 37 26 49 2 28 5 7 15 30 31 46 24 6 9 20 12 45 33 
student 359: 11 33 18 45 12 29 10 39 9 31 20 13 23 49 15 47 40 5 38 37 50 14 44 41 1 42 22 21 27 35 17 25 36 28 48 2 24 3 6 16 32 30 46 26 4 8 19 7 43 34 
student 360: 11 32 16 39 12 30 10 40 6 34 25 13 21 47 15 45 42 9 38 35 49 14 41 44 1 43 18 17 23 36 20 28 37 24 50 3 26 7 4 19 31 27 46 29 2 8 22 5 48 33 
student 361: 12 29 18 44 15 28 9 38 6 31 25 16 21 47 11 46 41 2 39 37 50 13 43 42 1 40 22 14 26 34 20 30 36 23 48 4 27 3 10 17 33 32 45 24 5 7 19 8 49 35 
student 362: 13 31 17 43 11 25 8 39 6 32 26 12 24 48 18 44 40 5 34 38 50 14 42 47 1 41 19 16 22 36 23 27 37 21 46 2 29 3 7 15 33 28 45 30 4 9 20 10 49 35 
student 363: 7 30 15 43 14 28 13 40 4 32 27 16 25 47 19 44 38 5 36 37 50 11 45 42 2 41 22 12 21 34 17 29 35 23 49 1 24 6 10 18 33 31 46 26 3 8 20 9 48 39 
student 364: 13 30 20 43 12 29 11 40 6 33 18 9 22 47 17 45 37 1 41 34 50 14 44 39 2 42 21 16 24 38 19 28 35 25 49 5 27 3 8 15 31 32 46 26 4 7 23 10 48 36 
student 365: 11 29 19 41 14 30 10 39 7 25 22 15 23 47 13 46 34 2 38 37 50 16 42 40 1 45 21 17 24 36 20 33 43 26 48 5 27 3 8 12 32 31 44 28 4 6 18 9 49 35 
student 366: 8 29 16 39 13 31 12 40 6 30 27 14 23 46 11 48 38 3 33 36 50 15 42 45 1 37 20 17 22 43 19 28 41 26 47 2 25 4 5 18 32 35 44 24 10 9 21 7 49 34 
student 367: 12 29 16 47 13 30 9 37 7 31 23 11 19 48 14 44 38 5 41 35 50 20 43 45 1 40 15 21 24 36 18 27 39 25 49 3 26 2 6 17 34 32 42 28 4 10 22 8 46 33 
student 368: 10 30 20 44 12 26 7 40 5 31 24 13 21 47 14 45 39 4 37 34 50 11 41 43 2 42 23 15 25 35 17 29 38 27 49 1 22 6 3 18 36 33 46 28 16 8 19 9 48 32 
student 369: 12 33 18 45 10 30 9 40 5 35 25 17 22 48 14 46 39 3 38 37 50 13 43 41 1 42 20 16 23 36 19 24 34 26 47 2 28 6 7 15 32 31 44 29 4 8 21 11 49 27 
student 370: 10 30 19 44 12 29 11 38 9 31 22 14 24 49 16 45 39 5 34 37 47 13 43 40 2 42 17 20 23 33 18 28 41 25 50 1 26 3 8 15 35 32 46 27 6 7 21 4 48 36 
student 371: 11 30 20 44 14 29 10 37 5 32 22 17 23 50 16 45 39 1 38 40 49 15 43 42 2 41 18 12 27 34 21 26 36 24 48 3 28 4 8 13 35 33 46 25 7 6 19 9 47 31 
student 372: 10 29 17 46 12 30 9 40 11 33 23 15 24 49 14 45 42 4 38 34 48 13 36 44 3 41 18 19 20 39 22 27 35 28 50 2 26 8 6 16 37 31 43 25 5 1 21 7 47 32 
student 373: 10 33 16 45 12 28 9 40 8 30 25 13 18 47 15 46 41 4 38 36 50 17 44 42 3 35 21 19 26 37 20 27 39 23 49 1 29 2 5 14 31 32 43 24 6 7 22 11 48 34 
student 374: 8 29 18 41 13 37 10 35 5 30 27 12 25 46 15 47 40 4 39 34 48 14 43 42 1 44 19 16 22 36 20 33 32 24 49 3 23 9 7 17 31 26 45 28 2 6 21 11 50 38 
student 375: 10 28 18 44 11 29 9 40 7 32 25 12 24 47 14 45 34 3 39 42 50 16 43 41 2 37 19 13 17 36 20 26 38 23 48 1 31 4 8 21 33 30 46 27 5 6 22 15 49 35 
student 376: 10 37 20 43 9 26 13 45 7 31 24 12 22 47 16 48 38 3 40 36 49 15 42 41 1 39 21 14 27 32 18 29 35 25 46 2 30 4 5 17 34 28 44 23 6 11 19 8 50 33 
student 377: 16 32 19 41 11 30 13 40 6 28 23 8 24 50 17 46 42 3 38 36 48 12 43 39 1 45 20 18 26 37 22 29 35 14 49 2 25 4 7 15 33 31 44 27 5 9 21 10 47 34 
student 378: 6 29 20 48 14 32 12 38 9 30 22 17 23 49 10 47 43 7 39 34 50 13 41 37 1 42 15 16 24 36 18 26 40 25 46 2 28 3 8 19 33 31 44 27 4 5 21 11 45 35 
student 379: 11 31 18 41 13 27 8 37 7 36 23 16 25 46 15 47 40 2 38 34 50 14 45 43 3 42 19 12 24 35 20 30 39 26 48 1 21 6 10 17 32 28 44 33 5 4 22 9 49 29 
student 380: 9 30 18 46 10 26 6 38 7 31 23 11 21 48 14 44 40 8 42 37 49 15 41 39 2 45 22 17 24 33 19 25 35 27 50 1 29 3 5 16 34 32 47 28 12 4 20 13 43 36 
student 381: 9 31 21 46 11 29 10 40 8 30 26 17 22 44 16 43 33 2 41 35 49 13 45 42 1 39 15 20 19 37 14 27 38 24 48 5 25 7 4 18 32 34 50 28 3 6 23 12 47 36 
student 382: 15 32 18 44 12 29 9 40 11 30 25 10 20 49 16 46 37 2 39 34 48 13 43 42 4 41 21 7 23 35 19 28 38 26 50 1 27 3 6 17 36 33 45 24 5 8 22 14 47 31 
student 383: 13 31 16 44 14 26 9 41 10 32 27 11 21 47 12 45 39 5 33 37 50 17 46 42 1 40 20 15 23 38 19 24 36 25 49 2 28 6 8 18 34 29 43 30 7 4 22 3 48 35 
student 384: 10 27 20 43 14 30 9 37 6 32 21 13 23 44 11 48 40 4 39 38 49 18 46 41 2 42 22 16 25 34 17 29 36 24 47 3 28 8 5 15 31 35 45 26 1 12 19 7 50 33 
student 385: 18 29 14 44 11 32 9 39 8 27 26 15 21 48 13 45 40 6 38 35 50 12 43 42 2 41 19 16 23 36 20 28 37 22 49 3 24 5 4 17 33 31 46 30 7 10 25 1 47 34 
student 386: 14 30 12 46 15 33 10 41 7 29 23 13 17 47 11 45 32 6 37 39 50 19 44 42 1 40 20 21 26 35 18 28 38 27 49 2 25 4 3 16 34 31 43 24 5 8 22 9 48 36 
student 387: 10 36 18 44 11 34 8 39 9 30 23 12 20 48 15 45 40 5 37 32 50 17 42 41 2 43 21 19 26 31 16 28 38 22 49 1 27 4 3 14 35 24 47 29 7 6 25 13 46 33 
student 388: 11 22 20 41 12 30 9 39 6 32 28 13 21 48 16 45 46 4 42 36 49 15 44 40 1 38 24 14 23 34 18 27 37 26 47 5 25 2 7 19 31 35 43 29 8 3 17 10 50 33 
student 389: 10 32 24 48 14 27 4 42 11 30 25 16 20 46 15 44 45 5 35 34 49 12 41 40 2 37 21 13 17 38 19 26 39 22 50 1 23 6 7 18 29 33 43 31 3 8 28 9 47 36 
student 390: 12 31 17 46 14 28 7 40 6 30 18 15 26 48 16 47 39 5 37 38 50 13 41 44 2 43 19 20 21 34 9 23 36 27 49 1 25 3 8 22 35 33 42 29 4 10 24 11 45 32 
student 391: 14 28 20 46 10 27 12 41 8 32 21 17 24 48 13 45 39 5 38 36 50 11 44 43 3 42 16 15 22 37 18 31 35 25 49 1 26 2 7 19 33 29 47 30 4 6 23 9 40 34 
student 392: 12 30 15 46 2 27 11 41 10 31 24 13 22 45 16 48 38 5 39 35 50 14 42 44 1 37 23 17 20 36 18 26 40 25 47 4 29 3 7 19 32 33 43 28 6 9 21 8 49 34 
student 393: 11 29 15 43 12 28 3 37 13 32 25 17 20 46 8 44 40 6 38 36 50 16 41 47 1 42 24 14 23 34 19 22 39 27 48 5 26 2 4 18 31 35 45 30 9 7 21 10 49 33 
student 394: 16 30 18 41 13 27 7 43 9 29 22 11 20 48 14 44 36 2 40 37 47 15 46 45 1 42 19 12 24 35 21 31 39 25 50 3 28 6 5 17 34 33 38 26 4 8 23 10 49 32 
student 395: 13 26 16 43 11 29 6 37 9 31 22 12 21 44 17 47 41 1 39 38 48 15 40 42 2 45 18 19 23 35 14 25 36 28 50 3 30 7 4 24 32 33 46 27 5 8 20 10 49 34 
student 396: 16 26 19 44 9 30 11 37 10 31 27 14 21 48 15 46 43 6 41 28 49 12 40 42 1 39 17 13 29 32 20 33 38 25 50 2 24 4 7 18 35 34 45 23 3 5 22 8 47 36 
student 397: 9 29 21 43 12 28 7 38 10 33 24 13 22 47 15 44 42 2 41 35 50 19 40 45 3 37 14 18 23 36 17 31 39 25 49 1 26 11 5 16 32 30 46 27 6 4 20 8 48 34 
student 398: 15 28 19 44 12 29 9 42 10 31 22 11 18 50 16 46 38 3 41 36 49 14 43 40 2 39 20 17 24 37 21 27 35 26 48 1 25 5 6 13 33 34 45 30 7 8 23 4 47 32 
student 399: 11 29 18 44 16 30 14 41 8 32 26 9 22 45 13 42 40 3 37 36 50 10 47 43 1 35 21 15 20 38 19 31 39 24 49 2 25 4 6 17 33 28 46 27 5 7 23 12 48 34 
student 400: 10 28 19 44 13 29 9 42 8 32 22 15 21 46 14 50 35 4 41 33 49 12 36 38 1 43 18 17 24 37 23 27 40 25 48 3 30 2 5 16 34 31 45 26 6 7 20 11 47 39 
student 401: 9 29 18 42 11 31 8 38 7 32 26 12 23 46 14 47 44 4 41 37 49 17 40 43 2 39 21 15 24 35 19 25 36 20 48 5 28 1 6 16 33 30 45 27 3 10 22 13 50 34 
student 402: 8 28 20 44 12 27 11 38 9 29 25 13 19 45 15 48 42 6 41 35 50 14 46 40 4 39 22 16 31 32 18 23 36 21 47 3 26 1 10 17 33 37 43 30 2 5 24 7 49 34 
student 403: 11 28 18 44 8 29 15 40 12 33 23 10 21 48 13 46 38 2 43 34 50 16 41 42 4 39 20 19 24 36 17 30 37 27 47 1 25 6 3 14 32 31 45 26 7 5 22 9 49 35 
student 404: 9 32 14 38 12 29 11 41 7 30 20 13 24 45 16 43 44 5 37 33 50 15 47 40 2 39 21 18 26 36 17 28 42 23 49 1 25 4 6 19 35 31 46 27 3 8 22 10 48 34 
student 405: 13 29 14 46 16 25 9 36 7 26 21 12 19 45 11 47 40 3 39 38 48 15 44 42 1 41 23 17 22 35 20 31 33 28 50 2 30 4 5 18 32 37 43 24 10 6 27 8 49 34 
student 406: 9 30 17 40 15 31 11 39 6 32 24 13 20 48 12 46 42 2 38 37 41 16 47 43 1 44 22 14 25 35 18 27 34 19 50 3 23 5 10 21 36 28 45 26 4 8 29 7 49 33 
student 407: 11 29 17 45 12 32 9 37 8 30 21 16 24 50 14 47 40 5 36 33 48 13 46 42 1 41 20 18 25 35 19 23 39 27 49 3 26 2 4 15 31 38 43 28 6 7 22 10 44 34 
student 408: 11 32 18 45 14 27 8 39 10 30 22 12 23 47 20 44 40 1 36 35 48 13 41 42 2 43 21 15 26 34 17 29 38 24 50 3 25 6 5 16 33 31 49 28 4 7 19 9 46 37 
student 409: 7 31 18 45 12 32 11 39 13 29 23 14 22 46 8 47 41 5 34 35 49 15 44 42 1 38 20 16 25 37 19 28 40 26 50 2 24 6 4 17 30 33 43 27 3 10 21 9 48 36 
student 410: 11 31 19 44 13 28 10 37 4 30 24 14 22 47 16 48 39 1 38 33 50 12 43 41 2 42 21 15 25 36 17 26 40 27 49 5 23 6 7 18 34 32 45 29 3 9 20 8 46 35 
student 411: 12 33 19 45 11 34 9 40 8 29 21 14 23 44 15 42 39 1 37 36 49 13 46 43 2 41 20 16 25 31 18 27 38 24 50 3 26 4 5 17 30 32 47 28 7 6 22 10 48 35 
student 412: 12 28 22 45 10 23 8 43 7 32 21 15 20 49 16 47 40 1 38 35 50 13 46 39 2 41 24 18 25 34 17 30 36 26 42 4 27 3 5 14 31 37 44 29 6 11 19 9 48 33 
student 413: 13 29 19 44 9 27 11 40 8 32 23 14 22 48 12 46 39 3 38 36 50 16 42 43 2 41 20 15 24 31 18 34 37 25 49 1 26 4 6 17 35 30 45 28 7 5 21 10 47 33 
student 414: 8 29 18 45 15 34 7 39 6 30 26 12 13 49 14 43 38 3 42 36 50 16 44 40 1 41 21 17 22 35 19 24 37 23 48 2 27 10 4 20 31 32 46 28 5 11 25 9 47 33 
student 415: 9 28 20 46 8 29 12 39 5 30 24 13 21 47 15 45 42 2 38 36 49 14 43 40 1 41 22 17 23 32 19 34 37 27 48 3 26 4 7 18 33 31 50 25 6 11 16 10 44 35 
student 416: 9 29 16 41 13 33 12 42 6 30 24 8 21 46 14 47 39 3 38 34 49 15 44 43 1 40 20 19 22 36 23 28 37 27 50 2 25 5 4 18 32 35 45 26 10 7 17 11 48 31 
student 417: 9 28 18 45 13 31 12 41 8 26 22 11 20 46 15 44 38 6 39 35 50 14 48 42 1 40 19 17 25 36 21 33 37 29 49 2 24 3 4 16 32 30 43 27 5 7 23 10 47 34 
student 418: 11 30 20 41 12 29 9 42 8 34 24 14 21 48 15 47 39 4 38 31 49 10 46 45 1 40 17 18 23 33 22 28 37 25 44 2 27 6 3 16 35 32 43 26 13 5 19 7 50 36 
student 419: 12 30 20 43 13 27 10 39 9 31 22 15 21 46 19 47 40 4 38 36 50 14 44 41 1 42 23 17 25 37 11 26 35 24 48 3 28 5 6 16 33 32 45 29 2 7 18 8 49 34 
student 420: 10 33 19 45 12 28 11 39 7 34 23 17 21 48 13 47 40 2 36 32 50 14 42 41 1 37 20 18 26 35 15 29 43 27 49 4 25 9 5 16 31 30 46 24 3 6 22 8 44 38 
student 421: 12 31 17 43 11 26 10 41 7 32 20 13 24 46 16 45 34 1 38 39 49 14 44 40 2 42 21 15 23 37 22 25 33 29 50 5 27 3 6 18 36 28 47 30 4 8 19 9 48 35 
student 422: 11 30 17 45 14 28 9 40 7 31 23 13 24 47 15 46 37 8 35 33 49 12 41 43 1 42 19 18 22 39 20 29 34 26 50 2 25 3 5 16 38 32 44 27 4 6 21 10 48 36 
student 423: 10 29 18 45 13 30 11 39 8 31 24 14 23 48 16 46 41 2 38 37 50 12 42 44 6 40 20 15 22 36 19 27 35 26 49 1 28 3 5 17 32 33 43 25 4 7 21 9 47 34 
student 424: 10 29 14 43 12 28 11 37 4 32 22 15 20 45 13 47 39 3 38 36 50 16 44 41 1 40 19 17 25 42 18 30 31 24 48 2 27 5 8 23 33 34 46 26 6 7 21 9 49 35 
student 425: 11 30 18 43 12 35 9 39 8 31 20 13 23 45 16 47 40 7 42 34 50 14 46 38 1 41 17 15 21 32 24 27 37 25 49 2 28 5 6 22 36 33 44 26 4 3 19 10 48 29 
student 426: 9 28 19 41 13 32 8 39 6 30 24 14 22 49 16 47 43 2 37 35 48 10 44 40 1 38 20 15 23 42 18 29 36 27 46 4 25 7 12 17 31 34 45 26 3 5 21 11 50 33 
student 427: 13 35 16 44 9 21 8 36 7 28 27 14 24 47 17 46 40 6 45 37 50 12 42 41 1 39 22 11 25 32 20 29 38 30 48 3 23 4 5 19 33 31 43 26 2 15 18 10 49 34 
student 428: 10 28 23 43 13 29 8 36 9 31 16 11 24 45 14 46 42 3 44 37 50 15 41 40 4 38 19 18 25 35 17 20 39 26 49 1 30 5 2 22 34 33 47 27 6 7 21 12 48 32 
student 429: 13 31 17 46 10 28 12 40 9 29 25 11 21 48 15 47 38 6 36 37 49 14 45 44 1 41 20 23 22 35 18 26 39 24 50 2 27 3 7 16 33 32 43 30 4 8 19 5 42 34 
student 430: 10 28 20 44 13 27 12 33 4 31 26 15 19 46 16 45 42 6 41 35 50 11 43 38 1 40 22 14 23 37 21 29 39 24 49 5 25 2 7 17 34 32 48 30 3 8 18 9 47 36 
student 431: 11 29 19 46 18 30 10 41 7 33 23 14 21 45 13 49 38 1 37 36 50 9 42 40 3 43 22 15 26 31 17 25 35 24 48 2 27 6 8 16 34 32 44 28 4 5 20 12 47 39 
student 432: 10 29 16 39 11 31 12 43 6 30 21 14 23 48 15 49 41 5 37 42 47 13 45 36 1 38 20 17 24 34 19 28 40 25 46 2 26 3 8 18 35 32 44 27 4 9 22 7 50 33 
student 433: 11 27 16 43 10 29 12 35 9 33 24 15 22 47 14 49 40 5 39 37 48 13 41 42 1 45 21 18 25 36 17 26 38 31 46 4 23 2 8 19 30 28 44 32 3 6 20 7 50 34 
student 434: 11 31 18 44 12 29 6 38 5 26 22 15 24 41 16 50 39 2 42 36 46 14 47 43 1 40 20 19 28 34 13 27 37 25 49 4 23 7 9 17 32 33 48 30 8 3 21 10 45 35 
student 435: 8 30 15 45 10 25 9 39 7 33 23 14 22 49 17 43 41 5 38 35 50 13 42 44 1 40 19 18 27 36 21 28 37 24 48 3 26 2 16 12 34 31 47 29 4 6 20 11 46 32 
student 436: 16 33 18 44 9 27 11 31 4 29 24 13 21 45 17 48 41 3 38 39 46 14 43 40 10 42 20 15 22 36 19 30 37 25 50 1 26 2 8 12 35 32 47 28 5 6 23 7 49 34 
student 437: 11 29 20 44 12 32 10 36 9 26 23 14 22 45 17 49 40 4 41 38 50 13 46 43 2 39 21 16 27 37 18 28 35 24 47 3 30 8 1 19 34 31 42 25 5 7 15 6 48 33 
student 438: 10 30 16 42 13 31 11 49 9 28 23 12 22 48 15 46 39 1 41 37 47 14 40 43 2 38 20 17 24 35 19 27 33 26 50 3 25 4 7 18 32 34 44 29 5 6 21 8 45 36 
student 439: 11 29 20 47 12 30 8 36 4 31 26 16 23 42 14 39 46 3 44 37 50 13 43 41 1 40 19 15 21 38 18 28 35 24 49 2 25 7 9 17 34 32 48 27 5 6 22 10 45 33 
student 440: 9 30 22 41 15 32 10 39 11 35 25 14 23 48 12 46 37 3 40 34 50 17 44 43 2 42 18 13 21 36 19 28 38 27 49 4 24 1 8 16 31 29 45 26 6 7 20 5 47 33 
student 441: 10 29 19 43 13 28 11 41 9 30 24 15 18 47 16 44 39 5 37 36 50 12 45 42 1 40 20 17 22 38 23 33 34 26 49 2 25 3 6 21 31 35 46 27 4 7 14 8 48 32 
student 442: 10 30 17 44 14 27 13 38 6 28 22 11 23 50 18 48 40 4 41 35 46 12 43 37 3 42 21 15 24 31 20 29 39 34 49 1 19 5 2 16 36 32 45 25 8 9 26 7 47 33 
student 443: 7 30 18 48 9 34 16 40 12 29 23 13 22 47 15 46 38 5 39 35 50 11 44 42 1 41 20 14 27 37 19 26 36 21 49 2 28 3 8 17 32 31 45 25 6 10 24 4 43 33 
student 444: 13 40 16 48 7 30 12 36 11 31 22 14 23 46 18 39 47 3 38 35 49 15 43 42 5 41 17 20 24 34 21 26 37 25 50 1 27 2 4 10 28 32 44 29 6 8 19 9 45 33 
student 445: 7 31 26 43 19 30 13 41 10 32 24 12 18 48 11 45 39 4 36 35 50 14 47 42 1 40 22 17 20 37 16 27 38 21 46 2 25 3 8 15 33 29 44 28 6 5 23 9 49 34 
student 446: 9 29 20 42 15 27 10 35 11 30 23 13 25 47 17 46 41 3 36 38 49 12 43 40 1 44 21 14 24 39 19 33 37 22 50 2 26 5 6 16 32 34 48 28 4 7 18 8 45 31 
student 447: 12 29 22 44 10 32 11 38 7 30 21 13 17 46 16 48 41 4 37 36 49 15 43 42 1 40 14 18 24 34 20 28 39 25 50 3 27 2 5 19 35 31 45 23 6 8 26 9 47 33 
student 448: 12 38 17 43 10 28 13 37 6 30 23 11 22 47 16 46 39 4 40 36 49 14 45 41 1 42 20 18 25 33 19 27 34 29 48 2 26 7 5 15 35 32 44 24 3 8 21 9 50 31 
student 449: 12 29 15 44 9 30 13 39 8 32 25 10 20 49 16 47 41 3 38 37 48 14 43 40 1 42 19 21 23 35 17 28 34 24 46 2 26 4 5 18 36 33 45 27 6 7 22 11 50 31 
student 450: 12 33 20 45 8 27 11 39 9 30 24 13 21 46 16 49 32 1 36 41 50 15 44 43 2 42 17 14 28 37 19 29 38 26 48 3 22 6 5 18 34 31 40 25 4 7 23 10 47 35 
student 451: 8 30 17 45 13 29 11 40 6 28 22 12 31 47 14 46 39 7 36 38 50 15 44 42 1 41 19 16 26 32 21 23 34 27 49 3 24 2 4 18 35 33 43 25 5 9 20 10 48 37 
student 452: 11 33 22 45 10 27 13 36 6 31 24 16 23 46 17 41 39 3 42 28 50 12 43 44 2 40 20 15 25 38 18 30 35 29 49 1 21 4 8 14 34 32 48 26 5 7 19 9 47 37 
student 453: 10 34 19 40 13 28 11 39 8 30 23 14 22 45 15 47 44 2 36 35 48 12 43 41 1 42 18 20 24 37 16 27 38 26 50 5 25 3 4 17 32 33 46 29 6 7 21 9 49 31 
student 454: 11 30 12 45 10 28 13 35 7 31 23 15 19 47 14 46 41 4 38 34 50 17 42 39 2 40 18 16 25 33 21 27 44 26 48 1 29 3 5 20 37 36 43 24 6 8 22 9 49 32 
student 455: 8 28 18 49 11 29 15 34 4 31 23 12 22 45 16 46 42 3 38 37 48 14 43 41 1 36 19 17 24 35 13 30 40 26 47 2 25 7 9 21 32 39 44 27 5 6 20 10 50 33 
student 456: 13 26 18 45 12 27 10 39 9 29 24 14 21 47 11 50 43 1 38 37 49 15 44 42 3 41 20 17 25 36 19 32 35 23 40 4 28 8 6 16 34 30 48 31 5 2 22 7 46 33 
student 457: 10 29 21 47 12 30 11 42 6 32 23 14 20 49 13 48 39 9 37 36 50 16 43 40 2 41 18 19 25 34 22 28 38 26 46 4 27 1 7 17 35 31 44 24 3 5 15 8 45 33 
student 458: 12 30 20 45 14 32 9 40 8 29 23 13 21 49 15 44 37 2 38 31 48 16 43 42 1 39 19 11 24 33 22 28 41 25 46 3 26 5 6 17 34 36 50 27 4 7 18 10 47 35 
student 459: 9 37 17 43 14 29 13 35 6 31 22 11 24 45 23 47 41 4 38 39 49 12 44 42 1 40 19 16 21 36 18 30 34 25 50 2 27 5 7 15 28 32 48 26 3 8 20 10 46 33 
student 460: 17 30 20 45 10 29 6 39 3 34 26 11 19 44 13 46 41 4 33 35 49 16 43 40 1 42 22 14 24 37 21 27 38 23 50 2 25 5 8 15 36 31 47 28 7 9 18 12 48 32 
student 461: 9 31 23 47 11 35 13 39 8 29 20 10 19 46 16 44 42 2 36 37 50 14 41 38 4 45 22 18 21 28 26 27 40 25 49 1 30 3 5 15 33 32 43 24 6 7 17 12 48 34 
student 462: 10 29 19 48 16 31 9 36 8 30 18 11 22 41 13 46 42 5 38 39 49 14 45 43 1 40 24 15 25 34 23 27 35 26 50 2 21 6 4 17 37 33 47 28 3 7 20 12 44 32 
student 463: 10 29 13 43 18 31 11 38 8 30 24 16 19 42 15 50 44 2 37 36 49 12 45 41 1 39 21 14 26 34 17 25 40 23 48 3 27 6 4 20 32 35 46 28 5 7 22 9 47 33 
student 464: 15 32 14 43 13 30 12 39 11 31 22 17 23 44 16 46 41 2 40 35 49 7 38 47 1 45 21 10 24 36 19 26 37 28 48 4 25 6 9 18 27 33 42 29 3 8 20 5 50 34 
student 465: 14 30 17 45 11 29 12 39 8 32 23 10 18 48 13 44 38 5 40 36 49 15 42 41 2 43 22 19 24 37 20 25 35 26 50 1 27 3 4 16 34 31 46 28 6 7 21 9 47 33 
student 466: 9 33 15 42 13 29 10 39 11 32 25 17 26 48 16 47 37 3 40 38 50 12 41 43 2 44 22 14 19 35 23 28 36 24 49 4 20 7 5 18 31 30 45 27 1 8 21 6 46 34 
student 467: 11 32 20 46 12 25 9 37 7 30 22 13 23 47 17 45 38 2 40 35 50 14 43 41 6 42 16 15 24 33 18 28 39 26 49 1 27 5 8 19 34 31 44 29 3 4 21 10 48 36 
student 468: 12 34 21 44 8 31 11 37 7 29 23 10 22 46 16 48 42 3 35 33 50 13 41 43 2 40 19 17 25 39 18 30 38 27 47 1 28 6 5 15 36 24 45 26 4 9 20 14 49 32 
student 469: 12 30 21 44 10 28 5 40 11 31 27 13 20 45 15 50 38 3 32 41 49 14 43 42 1 37 17 19 29 36 18 26 39 23 48 2 24 4 7 16 34 33 47 25 6 8 22 9 46 35 
student 470: 11 30 12 44 14 29 9 38 8 32 23 16 24 49 21 46 43 4 40 35 50 10 41 42 1 39 20 18 25 36 19 28 37 26 48 2 22 3 6 15 34 31 45 27 5 13 17 7 47 33 
student 471: 11 36 18 46 13 28 8 37 10 29 24 12 23 45 17 47 40 3 41 35 48 14 43 44 2 38 22 16 26 39 20 31 34 25 50 1 21 4 7 15 32 30 42 27 6 9 19 5 49 33 
student 472: 10 28 17 44 13 30 12 35 4 31 25 7 22 46 15 42 40 2 37 33 50 14 48 43 5 41 19 16 27 38 23 26 39 24 47 1 29 8 9 18 34 32 45 21 6 3 20 11 49 36 
student 473: 14 27 16 46 11 29 10 41 7 31 21 13 22 47 18 45 37 2 36 38 50 15 44 40 4 42 19 17 26 34 20 28 35 25 48 1 24 6 3 12 33 32 43 23 8 9 30 5 49 39 
student 474: 11 30 18 45 13 26 16 40 6 32 23 10 21 48 14 42 39 3 38 37 50 12 46 44 1 41 19 15 24 34 20 28 36 25 47 2 27 5 7 17 33 29 43 31 4 8 22 9 49 35 
student 475: 11 30 25 45 15 27 10 40 4 29 21 12 22 43 13 46 41 1 36 37 50 16 44 42 2 33 18 17 23 39 19 28 38 26 48 5 24 6 8 14 34 31 47 32 3 7 20 9 49 35 
student 476: 7 30 19 42 12 26 14 40 9 31 25 10 22 48 15 47 41 6 38 35 50 13 45 44 1 39 20 16 21 33 18 28 37 27 49 2 29 8 4 17 32 34 46 23 3 5 24 11 43 36 
student 477: 10 30 20 45 14 28 13 39 8 31 25 12 19 47 15 44 41 5 38 35 50 11 43 40 1 42 18 16 29 37 21 27 36 24 49 2 22 3 4 17 32 33 46 26 6 7 23 9 48 34 
student 478: 12 32 19 48 13 29 7 40 10 28 22 14 24 50 17 45 41 3 38 35 47 11 43 42 1 39 20 15 23 34 18 30 36 25 46 2 26 4 8 16 33 31 44 27 5 6 21 9 49 37 
student 479: 11 32 21 45 14 28 7 43 8 29 20 12 22 40 15 50 42 4 38 41 46 13 44 37 2 36 24 17 19 39 16 26 35 25 47 1 30 3 6 18 33 31 48 27 5 9 23 10 49 34 
student 480: 12 33 19 47 13 30 10 40 8 31 22 15 23 49 11 46 39 5 32 36 50 14 41 44 1 42 20 16 24 37 17 28 38 26 48 3 25 6 4 18 29 35 43 27 2 7 21 9 45 34 
student 481: 10 30 18 43 13 29 11 38 9 31 23 12 19 49 15 45 40 2 39 37 47 20 46 42 3 41 21 14 24 33 17 27 36 25 48 1 26 4 7 16 32 35 44 28 6 5 22 8 50 34 
student 482: 12 27 17 44 8 30 11 40 6 31 22 15 25 49 14 46 39 7 38 34 50 19 42 43 1 41 21 13 24 37 18 26 33 23 47 2 28 3 5 16 32 35 45 29 4 9 20 10 48 36 
student 483: 6 30 21 42 11 26 14 43 7 31 20 12 22 46 13 44 45 1 41 38 49 15 47 40 2 39 18 17 25 36 24 28 37 34 50 3 23 5 10 16 33 32 29 27 4 8 19 9 48 35 
student 484: 12 28 17 42 10 29 8 39 2 34 18 13 23 47 15 50 40 4 38 35 45 14 46 44 11 41 20 16 21 33 19 30 36 26 49 3 31 6 5 25 37 27 43 24 1 7 22 9 48 32 
student 485: 8 27 19 43 11 28 7 41 15 31 23 12 22 46 17 48 42 3 38 34 47 14 45 40 1 39 21 13 26 37 18 30 35 24 50 2 25 5 4 16 33 32 44 29 10 9 20 6 49 36 
student 486: 9 32 16 41 13 29 7 36 6 30 23 11 21 48 15 47 44 3 45 35 49 14 38 46 1 37 19 25 22 40 18 26 42 24 50 2 28 5 8 17 34 33 39 27 4 12 20 10 43 31 
student 487: 10 25 18 44 12 28 11 39 6 34 22 15 27 48 13 46 40 4 41 35 50 14 42 36 1 43 24 16 32 38 19 26 37 21 49 2 30 7 5 17 31 29 47 23 3 8 20 9 45 33 
student 488: 11 29 18 44 12 27 9 40 8 34 22 13 21 46 16 43 36 3 39 35 47 15 50 42 6 41 20 17 23 37 19 30 38 24 49 1 25 4 2 14 32 31 45 28 5 7 26 10 48 33 
student 489: 14 26 19 44 13 30 9 43 10 29 23 11 18 49 15 45 40 1 38 34 50 12 41 42 4 39 24 16 32 35 17 25 36 20 48 2 27 3 6 22 31 33 46 28 7 8 21 5 47 37 
student 490: 8 31 18 47 11 30 15 39 7 32 23 10 19 48 20 44 40 4 38 35 50 13 45 42 1 41 21 12 24 34 17 29 37 25 46 2 27 3 6 14 36 28 43 26 5 16 22 9 49 33 
student 491: 11 32 18 46 13 26 12 42 8 31 22 15 27 50 16 48 41 3 40 36 49 9 44 43 1 37 20 14 23 34 19 30 39 24 47 2 25 6 4 17 35 29 38 28 7 10 21 5 45 33 
student 492: 8 31 18 48 17 29 12 40 11 34 24 14 21 47 10 45 38 5 39 36 50 9 43 42 1 41 19 15 23 35 20 28 37 25 46 3 26 2 6 16 30 33 44 27 4 7 22 13 49 32 
student 493: 10 27 15 45 13 29 11 40 8 35 23 12 22 44 17 47 41 7 39 36 49 14 46 38 2 42 16 19 26 34 20 30 37 24 48 3 25 4 6 18 31 32 43 28 5 1 21 9 50 33 
student 494: 8 30 16 40 25 28 11 41 6 34 23 12 20 47 15 46 44 2 38 36 50 13 43 39 1 42 21 14 24 35 18 27 37 22 48 4 26 3 7 17 32 31 45 29 5 10 19 9 49 33 
student 495: 11 29 14 44 15 30 12 39 10 33 24 13 23 46 4 47 38 1 40 35 50 16 43 42 2 41 22 17 26 36 19 28 37 21 48 5 25 3 9 18 32 31 45 27 6 7 20 8 49 34 
student 496: 11 34 20 43 13 28 9 39 7 30 18 12 24 47 16 44 40 2 37 35 48 15 42 45 6 41 14 17 25 38 21 23 36 27 50 1 31 4 3 19 33 29 46 26 5 8 22 10 49 32 
student 497: 8 29 16 46 13 30 11 36 9 32 21 12 24 45 15 49 39 1 40 37 50 14 42 43 2 41 20 17 25 34 18 22 35 26 48 4 28 5 3 19 33 38 44 27 6 7 23 10 47 31 
student 498: 7 32 20 41 11 28 12 40 8 33 25 13 24 47 14 46 36 1 38 42 50 15 44 45 4 37 22 16 23 39 18 30 35 21 49 2 27 3 5 17 31 29 43 26 6 9 19 10 48 34 
student 499: 8 29 20 45 11 27 10 43 5 31 23 14 22 46 16 47 40 1 35 36 50 15 49 42 3 39 17 19 25 34 21 28 38 30 48 9 26 6 2 13 33 32 41 18 4 7 24 12 44 37 
