student 0: 3 28 33 19 50 1 12 43 36 18 40 10 6 42 13 37 15 9 45 26 35 41 21 4 31 24 7 27 20 22 23 39 8 29 32 47 17 38 44 2 34 46 49 11 14 30 16 5 25 48 
student 1: 1 29 30 19 50 2 9 43 34 18 38 15 8 41 11 36 14 10 44 23 35 46 20 3 32 26 5 28 21 24 22 40 12 27 39 45 17 37 42 7 33 47 49 6 13 31 16 4 25 48 
student 2: 4 30 32 23 48 1 9 42 37 15 40 12 8 41 14 38 16 11 43 24 35 45 17 2 33 26 5 22 21 25 20 39 10 29 31 46 18 36 44 6 34 47 50 7 13 28 19 3 27 49 
student 3: 2 29 32 20 49 1 9 43 35 22 39 13 8 41 14 36 19 12 44 23 37 46 21 3 30 24 5 27 17 25 18 40 10 26 33 45 16 38 42 7 34 47 50 6 15 31 11 4 28 48 
student 4: 2 32 33 19 50 5 10 42 36 17 38 11 8 39 15 37 16 9 44 24 35 46 21 1 29 25 3 27 20 23 22 41 13 26 31 47 18 40 43 7 34 45 48 4 14 28 12 6 30 49 
student 5: 3 31 34 20 49 1 7 41 36 17 40 11 9 44 16 37 14 12 43 22 32 47 21 2 33 25 6 27 19 24 23 39 10 26 30 46 18 38 42 8 35 45 50 5 13 28 15 4 29 48 
student 6: 2 30 33 19 48 4 7 40 34 17 42 12 10 43 13 37 16 11 46 24 36 44 23 3 31 25 5 26 22 21 20 38 9 27 35 41 18 39 45 8 32 47 50 6 15 29 14 1 28 49 
student 7: 1 34 33 21 50 5 12 43 35 20 40 9 7 42 14 37 15 10 44 26 36 45 19 2 28 23 8 29 18 22 25 39 11 24 32 46 17 38 41 6 31 47 49 4 13 27 16 3 30 48 
student 8: 1 33 32 20 50 2 8 43 35 18 40 12 6 41 16 36 14 11 45 22 37 47 21 3 31 24 4 28 19 26 23 38 9 25 30 44 17 39 42 10 34 48 49 7 13 29 15 5 27 46 
student 9: 1 31 32 18 45 3 9 43 33 17 42 10 11 41 14 36 19 12 39 23 37 44 21 5 29 25 4 27 20 24 22 40 7 26 34 50 15 38 46 8 35 47 48 6 16 30 13 2 28 49 
student 10: 1 30 31 17 49 2 8 41 36 20 42 12 5 39 18 38 16 11 46 25 33 45 22 3 34 24 4 29 19 23 21 40 10 26 35 43 14 37 44 6 32 47 50 9 13 28 15 7 27 48 
student 11: 3 29 35 19 49 2 9 47 37 13 38 11 8 43 18 36 16 12 40 22 33 45 21 1 31 26 7 27 23 24 20 42 10 28 32 44 17 39 41 6 34 46 50 5 14 30 15 4 25 48 
student 12: 1 31 32 18 48 3 11 42 35 19 43 14 9 40 13 37 15 12 45 23 36 46 21 2 30 25 5 26 20 24 22 39 8 27 34 41 17 38 44 7 33 47 50 6 10 29 16 4 28 49 
student 13: 1 32 33 20 48 2 8 44 36 18 41 10 7 40 13 35 16 12 43 23 37 45 21 3 30 24 6 31 17 27 22 42 9 26 29 46 19 38 39 11 34 47 50 5 15 25 14 4 28 49 
student 14: 1 31 32 23 50 2 9 44 37 17 40 13 8 41 12 35 16 10 46 27 36 45 20 3 30 22 4 28 19 25 21 39 11 26 33 43 18 38 42 7 34 47 48 6 14 29 15 5 24 49 
student 15: 1 33 30 20 50 2 11 43 36 17 40 12 8 42 15 41 14 10 44 22 37 46 21 3 32 23 6 27 19 26 24 39 9 25 31 45 18 34 38 7 35 47 48 5 13 29 16 4 28 49 
student 16: 1 29 35 15 48 2 11 41 36 18 45 9 8 40 14 39 17 12 44 22 37 46 20 5 30 25 4 31 21 24 23 38 10 27 33 42 19 34 43 7 32 47 50 6 13 28 16 3 26 49 
student 17: 1 31 32 18 50 4 10 42 35 22 41 17 9 39 13 37 15 8 43 19 34 46 21 3 30 25 2 28 14 24 23 40 11 27 33 45 20 38 44 7 36 48 47 6 12 29 16 5 26 49 
student 18: 1 32 33 16 50 2 9 43 36 18 40 11 8 42 14 38 15 12 41 22 35 47 19 3 29 25 5 30 20 23 24 45 10 28 31 46 21 37 39 7 34 44 48 6 13 26 17 4 27 49 
student 19: 2 33 31 18 50 1 10 43 35 20 37 11 7 40 9 38 19 16 42 23 36 47 22 4 28 26 6 29 15 24 21 41 12 25 34 48 17 39 46 8 32 44 45 5 13 30 14 3 27 49 
student 20: 6 30 34 17 50 1 8 42 33 19 40 14 7 41 12 39 15 11 43 22 38 45 21 2 28 26 5 29 20 24 23 37 9 25 32 46 18 36 44 4 35 48 49 10 13 31 16 3 27 47 
student 21: 2 33 34 19 50 5 9 43 36 17 40 11 8 41 14 38 15 12 46 22 37 42 21 3 32 26 1 27 20 25 24 35 10 23 30 45 18 39 44 4 31 48 49 7 13 29 16 6 28 47 
student 22: 3 27 30 19 49 2 10 47 35 16 38 12 6 43 14 37 15 11 41 23 36 46 20 1 33 25 7 31 21 24 22 40 9 26 29 45 18 39 44 8 34 42 50 5 13 32 17 4 28 48 
student 23: 1 31 34 18 50 3 9 43 32 20 41 13 5 40 11 37 17 12 44 23 36 45 21 2 30 26 6 27 19 24 22 39 7 28 33 46 14 38 42 10 35 47 49 8 16 29 15 4 25 48 
student 24: 4 32 34 17 50 2 9 43 36 16 40 10 5 41 13 38 15 11 44 21 35 46 25 1 29 26 8 28 22 23 20 37 7 24 33 42 19 39 45 14 31 48 49 6 12 30 18 3 27 47 
student 25: 1 29 32 20 50 2 10 43 38 17 42 13 9 39 12 35 15 11 44 23 37 45 22 4 30 25 7 28 21 24 19 40 8 26 31 47 18 36 41 5 34 46 49 3 14 33 16 6 27 48 
student 26: 1 31 33 19 50 2 12 40 35 15 37 11 9 42 16 36 14 10 45 21 41 44 23 4 30 25 3 28 22 24 20 39 8 27 32 48 18 38 43 6 34 46 49 5 13 26 17 7 29 47 
student 27: 1 33 34 17 50 4 9 43 35 19 41 12 7 40 15 38 14 11 45 23 36 46 21 2 29 25 5 27 20 26 22 39 10 24 28 44 16 37 42 8 30 47 48 6 13 31 18 3 32 49 
student 28: 3 36 30 18 48 1 9 40 34 17 41 10 8 42 14 35 16 11 45 19 37 46 21 5 31 25 6 29 20 23 22 39 12 26 32 44 24 38 43 7 33 47 50 4 13 28 15 2 27 49 
student 29: 2 31 32 24 50 4 15 38 35 17 45 10 11 46 12 37 13 8 43 23 36 44 20 5 26 22 3 28 19 25 21 41 7 27 34 42 18 39 40 9 33 47 49 6 14 30 16 1 29 48 
student 30: 3 31 32 20 49 1 9 39 33 17 43 12 6 42 14 38 15 11 40 24 37 47 21 4 30 25 5 26 19 23 22 41 10 27 34 45 16 35 44 8 36 46 48 7 13 29 18 2 28 50 
student 31: 1 31 32 20 50 2 11 42 37 18 38 12 8 40 13 36 15 9 44 25 33 45 23 3 30 27 5 29 16 21 22 41 10 24 35 46 19 39 43 7 34 48 49 6 17 28 14 4 26 47 
student 32: 1 30 34 19 48 2 6 43 37 17 40 13 11 44 7 36 14 9 45 22 33 42 21 3 31 25 8 27 20 24 23 39 12 26 32 46 18 38 41 5 35 50 49 10 16 29 15 4 28 47 
student 33: 3 30 32 25 50 2 8 42 35 18 39 13 6 40 15 41 14 10 45 21 37 49 16 4 29 24 5 28 19 22 20 38 11 26 33 44 23 36 43 9 34 46 48 7 12 31 17 1 27 47 
student 34: 1 31 35 18 50 2 8 44 37 19 38 15 11 41 14 36 16 10 43 20 34 46 21 4 29 26 5 25 23 24 22 39 9 27 32 45 13 40 42 7 33 47 48 6 12 30 17 3 28 49 
student 35: 2 30 33 20 50 1 8 42 35 17 40 11 4 41 15 39 16 10 44 23 36 48 22 3 32 25 5 27 18 24 21 38 12 26 31 45 19 37 43 9 34 46 49 7 13 28 14 6 29 47 
student 36: 2 32 37 20 50 1 9 41 34 18 39 13 8 43 14 36 15 12 45 23 40 46 28 5 29 24 3 27 21 22 19 38 10 25 33 42 16 35 44 6 31 47 49 7 11 30 17 4 26 48 
student 37: 2 30 34 19 50 1 8 44 31 18 43 12 9 37 14 40 15 11 42 22 36 46 20 6 33 25 4 27 23 24 21 39 10 26 32 45 16 38 41 5 35 48 49 7 13 28 17 3 29 47 
student 38: 1 32 34 20 47 3 9 41 33 17 40 11 8 43 12 39 16 13 42 22 37 46 23 4 30 25 6 29 21 24 18 38 10 26 31 45 15 36 44 7 35 48 50 5 14 27 19 2 28 49 
student 39: 1 29 34 17 50 2 13 42 35 18 40 11 8 41 15 39 14 9 45 27 37 44 21 3 30 23 7 28 20 25 22 38 10 24 32 43 19 36 47 5 31 48 46 6 12 33 16 4 26 49 
student 40: 1 30 32 22 50 2 9 43 37 21 38 12 8 42 17 34 14 13 44 23 36 45 19 3 29 24 5 28 18 26 20 39 10 25 35 46 16 40 41 7 33 47 48 6 15 31 11 4 27 49 
student 41: 1 32 33 20 50 2 10 44 36 18 38 9 8 43 12 37 16 11 40 22 35 46 21 3 30 26 5 24 19 25 23 42 15 27 31 45 17 41 39 6 34 47 48 7 13 28 14 4 29 49 
student 42: 1 33 34 18 43 4 7 41 35 16 42 12 6 39 14 37 15 11 44 24 36 48 23 2 28 25 5 29 22 20 19 40 10 30 31 46 21 38 45 9 32 47 49 8 13 27 17 3 26 50 
student 43: 1 32 33 17 50 2 7 40 35 18 38 14 12 41 13 37 15 10 45 20 39 46 23 5 29 24 4 28 21 25 22 42 11 27 31 44 16 34 43 9 36 47 48 6 8 30 19 3 26 49 
student 44: 2 31 33 20 47 3 9 44 34 17 41 11 1 40 15 36 16 10 48 23 37 45 22 4 32 26 8 30 18 24 21 38 12 25 35 43 19 39 42 6 29 46 50 7 13 28 14 5 27 49 
student 45: 2 30 33 20 48 4 10 43 36 18 38 11 8 40 16 35 15 13 44 24 39 49 22 3 23 27 6 29 19 26 21 42 9 25 32 47 17 37 45 7 34 41 50 1 14 28 12 5 31 46 
student 46: 1 32 33 19 50 2 9 45 35 17 41 12 3 37 14 39 15 11 42 22 36 48 21 7 30 23 5 25 24 26 20 40 10 27 31 43 18 38 44 8 34 46 47 6 13 29 16 4 28 49 
student 47: 3 31 33 18 50 6 9 44 35 19 40 12 7 41 13 39 14 10 38 24 36 46 22 1 26 25 2 28 20 23 21 42 11 27 32 47 17 37 43 8 34 45 49 4 16 30 15 5 29 48 
student 48: 1 30 33 19 49 2 12 44 35 18 40 11 7 41 13 37 14 9 42 22 36 46 21 3 31 24 5 27 20 26 23 38 8 29 32 45 16 39 43 10 34 47 50 6 15 28 17 4 25 48 
student 49: 1 31 32 19 50 2 7 42 36 14 39 11 10 41 15 35 13 8 47 21 37 46 22 3 29 27 5 26 20 23 24 38 12 25 33 44 18 40 43 9 34 45 49 6 16 30 17 4 28 48 
student 50: 1 29 34 19 49 2 8 43 38 18 41 12 10 36 14 39 15 11 45 23 35 42 21 4 31 26 5 28 20 25 22 40 9 24 32 47 17 37 44 7 33 48 50 6 13 30 16 3 27 46 
student 51: 1 31 30 22 50 2 11 39 33 20 40 12 9 45 13 37 14 10 47 23 36 42 25 3 19 26 5 28 17 21 24 41 8 27 35 48 18 38 44 6 34 43 46 7 16 29 15 4 32 49 
student 52: 2 31 32 18 50 1 13 41 36 19 35 7 4 44 14 38 17 10 43 23 37 47 21 3 30 25 5 28 20 24 22 39 11 26 34 46 16 40 42 9 33 45 49 8 12 29 15 6 27 48 
student 53: 1 29 34 23 49 3 8 43 35 19 37 9 10 42 15 38 14 13 41 22 36 46 21 4 31 27 6 26 17 25 18 39 11 24 32 45 20 40 44 5 33 47 50 7 12 28 16 2 30 48 
student 54: 4 30 35 19 50 1 8 48 34 18 39 15 9 41 13 38 14 10 45 23 36 43 22 2 32 25 7 27 21 24 20 40 11 26 31 44 17 37 42 6 33 46 49 5 12 28 16 3 29 47 
student 55: 2 31 33 19 50 1 8 43 37 18 42 14 7 36 13 34 16 11 41 23 38 46 21 3 29 26 6 28 20 24 22 39 10 27 32 45 17 40 44 9 35 47 49 5 12 30 15 4 25 48 
student 56: 3 30 32 22 50 1 6 44 33 18 41 12 8 37 14 38 16 11 43 24 34 46 20 2 29 27 4 36 19 23 21 40 10 25 31 42 17 39 45 9 35 47 49 5 13 28 15 7 26 48 
student 57: 4 31 33 19 50 1 12 42 35 18 39 10 8 41 13 38 14 11 47 22 37 43 21 5 30 26 6 28 20 23 24 40 9 27 32 45 15 36 44 7 34 46 49 3 16 29 17 2 25 48 
student 58: 1 32 31 18 50 2 8 42 34 17 39 11 6 41 15 38 16 13 45 20 37 46 24 3 30 25 5 27 21 23 22 35 10 28 33 44 14 40 43 9 36 47 49 7 12 29 19 4 26 48 
student 59: 1 31 34 19 48 2 10 43 35 16 40 12 8 42 14 37 15 9 44 23 36 46 22 5 29 26 6 25 20 24 21 39 11 27 32 45 18 38 41 7 33 50 49 4 13 30 17 3 28 47 
student 60: 1 29 32 18 48 2 9 43 35 20 38 11 8 41 17 36 15 12 45 21 37 46 23 3 31 25 6 28 19 27 22 40 10 24 33 42 16 39 44 7 34 47 50 4 14 30 13 5 26 49 
student 61: 1 31 34 19 49 2 11 43 36 18 41 13 6 40 10 33 16 9 42 23 35 46 21 4 30 25 7 27 22 20 24 38 12 28 37 45 15 39 44 5 32 50 47 8 14 29 17 3 26 48 
student 62: 2 30 31 17 50 1 11 45 35 20 32 12 8 44 14 36 13 10 46 22 39 42 23 3 33 26 6 29 19 24 21 38 9 25 34 43 18 40 41 5 37 47 48 7 15 27 16 4 28 49 
student 63: 1 30 31 19 50 2 12 44 37 18 40 15 8 42 13 35 14 10 45 23 36 47 20 4 32 25 5 26 22 21 24 39 6 27 33 46 17 38 41 9 34 43 49 7 11 28 16 3 29 48 
student 64: 1 31 34 19 50 2 11 40 37 17 42 10 9 41 15 36 14 8 44 22 35 45 24 3 30 26 4 27 20 23 21 39 12 25 32 46 18 38 43 7 33 47 49 6 13 29 16 5 28 48 
student 65: 3 31 36 19 49 4 10 45 37 18 41 13 8 39 14 34 16 9 44 22 35 47 21 1 28 27 6 26 20 25 24 38 11 23 32 46 17 40 43 7 33 42 50 5 12 30 15 2 29 48 
student 66: 2 34 32 20 48 1 9 40 37 18 43 14 7 42 15 36 12 11 44 19 35 46 23 3 25 29 4 28 22 24 21 39 10 26 33 45 17 38 41 6 31 49 50 8 13 30 16 5 27 47 
student 67: 1 32 33 21 45 2 6 44 34 14 40 12 10 41 13 37 17 11 43 23 35 46 20 3 31 24 5 28 18 26 22 38 9 25 29 47 19 39 42 7 36 50 49 8 15 30 16 4 27 48 
student 68: 1 30 33 18 49 2 8 36 38 19 43 14 10 40 13 37 15 11 41 22 35 47 23 5 32 25 4 28 21 24 20 42 9 26 31 44 17 39 46 7 34 45 50 6 12 29 16 3 27 48 
student 69: 2 31 33 19 49 3 8 42 36 18 41 12 5 44 13 38 15 9 43 25 37 46 20 4 30 26 7 28 21 23 22 39 11 27 32 45 17 35 40 10 34 48 50 6 14 29 16 1 24 47 
student 70: 2 35 32 17 48 1 8 41 33 19 40 12 7 42 14 36 15 11 45 23 37 46 21 4 29 22 10 28 20 25 24 39 9 26 31 43 16 38 44 5 34 47 50 6 13 30 18 3 27 49 
student 71: 2 31 33 20 49 1 9 43 37 22 42 17 8 41 15 39 16 11 46 23 36 44 14 3 30 24 7 28 19 25 21 38 10 27 29 40 18 35 45 6 34 47 50 4 13 32 12 5 26 48 
student 72: 1 36 31 17 49 3 6 39 32 18 44 12 8 41 14 37 20 11 45 23 33 46 21 4 29 25 7 28 19 24 22 38 10 26 34 43 16 40 42 2 35 48 50 9 13 30 15 5 27 47 
student 73: 1 32 35 18 50 3 10 42 37 17 40 9 11 45 14 38 16 12 44 23 34 47 21 2 30 24 4 29 20 25 22 39 5 26 33 43 15 36 41 7 31 48 49 6 13 28 19 8 27 46 
student 74: 1 31 35 19 50 2 8 41 34 18 40 13 5 42 15 37 14 11 43 21 36 44 22 6 30 26 7 28 20 25 24 39 9 23 32 47 16 38 46 10 33 45 48 3 12 29 17 4 27 49 
student 75: 1 30 31 18 50 2 9 41 34 17 40 10 12 44 13 35 20 11 42 22 37 45 21 4 38 25 5 26 19 24 23 39 8 29 32 43 15 36 46 6 33 47 49 7 14 28 16 3 27 48 
student 76: 1 31 33 22 49 2 8 42 35 19 44 14 9 39 15 38 18 12 45 25 37 46 16 4 30 28 6 29 23 21 20 41 11 24 32 40 13 36 43 3 34 47 50 7 10 27 17 5 26 48 
student 77: 1 30 33 20 50 2 10 42 35 18 41 12 6 39 13 34 14 11 44 25 38 47 19 3 28 23 5 27 24 22 21 40 7 29 32 45 17 36 43 8 37 48 46 9 15 31 16 4 26 49 
student 78: 11 31 33 20 50 1 8 43 34 15 40 10 7 41 12 37 14 9 44 24 36 48 19 4 30 23 2 28 21 25 22 39 13 26 32 45 18 38 42 6 35 46 49 5 17 29 16 3 27 47 
student 79: 2 34 30 21 49 3 9 43 35 19 38 13 8 40 14 37 17 11 46 23 36 47 20 1 27 24 4 31 18 25 22 42 12 28 33 41 16 39 44 7 32 45 50 6 10 29 15 5 26 48 
student 80: 2 29 34 19 50 3 10 42 35 18 40 12 8 41 14 36 15 11 45 23 37 47 21 1 31 25 5 26 20 24 22 38 9 27 32 43 17 39 44 6 33 48 49 7 13 30 16 4 28 46 
student 81: 2 30 34 18 50 1 10 42 32 14 39 9 8 40 12 36 15 13 44 24 37 47 20 4 31 21 6 28 23 25 22 41 11 26 33 46 16 38 43 5 35 48 45 7 19 29 17 3 27 49 
student 82: 1 32 31 18 50 3 9 45 37 19 39 12 8 41 17 38 13 11 44 25 36 47 22 2 30 26 7 28 20 24 23 40 10 27 35 46 16 34 43 6 33 42 48 5 14 29 15 4 21 49 
student 83: 4 28 33 18 49 2 9 45 36 17 40 14 8 41 12 37 13 11 42 21 35 50 22 7 31 25 3 29 23 24 19 39 10 26 32 43 16 38 46 5 34 44 47 6 20 30 15 1 27 48 
student 84: 1 32 33 18 48 2 8 43 35 14 37 12 6 41 15 36 16 10 45 23 38 46 17 3 31 22 7 29 20 24 25 39 11 28 27 42 21 40 44 9 34 49 50 5 13 30 19 4 26 47 
student 85: 3 30 34 19 49 6 10 43 33 18 41 14 8 40 13 38 15 12 42 23 36 45 21 1 32 26 4 27 20 24 22 37 9 29 28 46 17 39 44 5 35 47 50 7 11 31 16 2 25 48 
student 86: 1 32 33 18 47 7 10 48 40 19 37 12 6 38 14 36 13 9 44 22 35 45 20 2 30 26 4 28 23 24 21 41 5 25 31 43 15 39 42 8 34 49 46 11 17 29 16 3 27 50 
student 87: 1 28 31 20 50 2 8 44 35 19 40 13 7 43 14 38 15 11 39 22 34 47 25 4 33 26 3 27 21 24 18 41 10 30 37 46 17 36 45 9 29 48 42 6 12 32 16 5 23 49 
student 88: 1 32 29 19 50 2 9 42 34 16 37 13 8 40 14 36 17 10 46 23 35 47 22 3 30 25 4 28 21 24 20 39 11 26 33 44 18 38 43 7 41 45 49 6 12 31 15 5 27 48 
student 89: 1 32 34 18 49 3 9 41 35 17 39 11 10 40 13 38 19 8 47 22 37 48 21 4 30 28 5 27 20 25 23 42 12 24 33 46 15 36 43 7 31 44 50 6 14 26 16 2 29 45 
student 90: 2 32 34 20 48 1 9 41 35 16 39 13 7 42 15 37 18 11 47 26 36 46 21 4 28 23 5 31 22 24 19 38 10 25 29 45 17 40 44 6 33 43 49 8 14 30 12 3 27 50 
student 91: 4 29 33 19 50 1 11 44 40 18 41 12 10 39 14 36 15 7 45 20 35 46 21 3 32 26 6 31 23 22 24 38 9 25 30 43 17 37 42 5 34 47 49 8 13 28 16 2 27 48 
student 92: 1 34 32 18 50 3 7 40 35 20 39 11 9 41 15 38 16 12 44 22 36 46 21 2 30 25 5 27 19 24 23 42 10 26 31 45 17 37 43 8 33 48 49 6 13 29 14 4 28 47 
student 93: 2 31 30 25 50 3 7 42 34 20 44 12 8 39 15 37 14 11 43 23 35 45 18 1 33 24 6 28 19 22 21 41 10 26 32 46 16 38 40 9 36 47 49 5 13 29 17 4 27 48 
student 94: 1 35 32 16 50 2 10 42 31 18 38 13 8 39 12 40 15 11 44 22 41 47 21 3 29 28 5 26 20 24 23 37 9 27 30 45 17 34 43 6 36 46 49 7 14 33 19 4 25 48 
student 95: 1 31 33 20 49 4 9 43 35 15 41 11 8 39 18 37 14 12 46 23 36 45 19 5 30 26 6 25 22 24 21 38 10 27 32 44 16 40 42 7 34 47 48 2 13 29 17 3 28 50 
student 96: 2 29 32 18 50 1 6 41 35 20 42 8 7 40 14 38 19 16 45 24 36 46 21 9 27 26 4 30 15 23 22 37 10 25 34 43 13 39 44 5 33 47 48 11 12 31 17 3 28 49 
student 97: 1 31 33 19 50 2 9 43 36 18 41 12 8 42 13 38 15 10 44 24 34 45 23 4 30 26 5 28 20 22 21 40 11 25 32 48 17 35 39 7 37 46 49 6 14 29 16 3 27 47 
student 98: 2 29 27 18 45 1 10 42 36 19 40 14 8 39 15 37 16 13 48 22 32 44 23 4 30 25 6 34 21 26 20 41 9 24 35 43 12 38 46 7 33 49 47 5 11 28 17 3 31 50 
student 99: 2 32 33 17 50 1 9 40 38 16 39 11 8 37 18 34 14 12 41 23 36 46 20 3 30 28 6 27 25 24 22 43 10 21 31 48 15 35 47 7 42 45 49 5 13 29 19 4 26 44 
student 100: 1 31 33 18 50 2 8 41 35 17 40 13 9 38 15 37 12 10 44 23 36 47 21 3 29 24 4 28 20 25 22 42 11 26 32 45 14 39 43 5 34 49 46 6 16 30 19 7 27 48 
student 101: 4 32 31 19 50 1 12 44 35 18 38 11 7 40 14 39 15 10 45 23 36 43 20 2 28 26 5 27 22 24 25 41 9 21 33 46 17 37 42 8 34 47 49 6 13 29 16 3 30 48 
student 102: 3 30 34 20 49 1 8 41 35 19 39 12 7 43 13 38 17 9 46 22 36 47 21 4 31 26 5 28 18 23 24 37 11 27 32 45 15 40 42 10 33 48 44 6 14 29 16 2 25 50 
student 103: 1 29 32 17 50 2 7 42 36 21 40 12 10 41 15 35 18 11 46 23 37 44 19 3 30 25 4 28 22 24 20 39 9 26 34 43 16 38 45 8 33 49 47 6 13 31 14 5 27 48 
student 104: 1 33 35 23 50 4 9 43 37 18 40 14 8 42 12 38 16 11 49 22 34 44 20 2 30 25 3 29 19 24 21 36 10 27 32 46 13 39 41 7 26 45 48 6 15 31 17 5 28 47 
student 105: 3 31 34 16 50 2 11 42 38 20 41 12 8 40 14 36 15 10 44 25 35 45 22 4 30 24 5 28 18 23 19 39 9 26 32 46 17 37 43 7 33 48 49 6 13 29 21 1 27 47 
student 106: 2 33 31 16 50 3 8 41 35 20 42 14 7 37 13 38 15 11 43 26 36 45 22 1 30 25 5 28 18 23 21 40 10 24 32 44 19 39 46 9 34 47 49 6 12 29 17 4 27 48 
student 107: 2 32 36 18 50 1 8 44 34 19 40 12 9 42 13 38 14 10 43 26 35 46 21 3 29 25 6 28 20 27 22 39 11 23 33 41 17 37 45 4 31 48 49 7 16 30 15 5 24 47 
student 108: 2 32 36 20 50 1 9 42 37 18 39 13 6 40 14 34 16 10 44 24 35 47 22 4 30 26 5 28 21 25 19 41 12 23 31 45 17 38 43 8 33 46 49 7 11 29 15 3 27 48 
student 109: 1 30 35 19 49 3 8 42 34 18 41 13 9 40 15 37 14 12 44 24 39 46 21 2 33 22 5 27 20 23 26 38 10 25 31 45 17 36 43 6 32 47 50 7 11 29 16 4 28 48 
student 110: 1 28 34 16 50 2 15 41 35 20 40 14 5 42 12 38 13 10 44 24 33 45 19 3 31 26 4 27 21 23 22 39 9 25 32 46 18 36 43 8 37 47 49 7 11 30 17 6 29 48 
student 111: 1 33 37 16 49 4 8 44 34 20 36 14 2 41 13 38 17 12 40 28 35 46 24 3 31 23 5 29 22 21 19 43 10 25 32 45 18 39 42 7 30 47 50 9 11 27 15 6 26 48 
student 112: 1 29 31 18 50 2 10 40 35 17 39 11 7 42 13 38 14 8 47 23 36 44 21 5 30 24 6 32 20 25 22 41 12 27 34 43 16 37 45 9 33 46 48 4 15 28 19 3 26 49 
student 113: 1 33 31 19 46 2 7 41 39 18 38 12 10 43 14 37 16 11 42 24 35 45 20 4 32 30 6 28 21 23 22 36 9 25 29 47 17 40 44 8 34 48 50 5 13 27 15 3 26 49 
student 114: 2 35 33 20 50 3 9 39 37 17 42 11 8 41 16 38 14 12 43 22 34 46 19 1 30 25 4 29 21 24 23 40 10 28 31 45 18 36 44 7 32 47 48 5 13 27 15 6 26 49 
student 115: 1 32 35 20 50 2 8 43 36 16 42 11 9 39 14 37 15 12 46 22 34 45 21 4 31 23 5 30 18 25 24 38 10 27 33 41 19 40 44 6 29 47 49 7 13 28 17 3 26 48 
student 116: 2 34 32 19 50 1 12 43 37 17 39 11 8 42 14 36 16 10 44 22 35 45 24 3 28 23 4 30 20 27 21 40 9 25 31 47 18 38 41 7 33 46 49 5 13 29 15 6 26 48 
student 117: 1 35 32 19 46 2 11 41 34 18 40 10 9 42 14 36 15 8 43 23 33 47 21 3 28 24 6 31 20 25 22 38 12 26 30 45 17 37 44 7 39 48 50 5 13 29 16 4 27 49 
student 118: 1 31 32 15 50 4 11 43 36 20 40 14 10 42 16 37 19 7 46 24 35 47 21 2 29 23 5 27 22 28 18 39 8 25 30 41 17 38 44 9 33 48 49 6 12 34 13 3 26 45 
student 119: 2 29 33 20 50 5 9 39 41 19 37 12 11 42 15 38 14 8 44 23 34 46 17 3 31 25 6 30 21 24 22 40 7 28 32 45 18 36 43 10 35 49 48 4 13 26 16 1 27 47 
student 120: 3 30 33 20 50 1 15 39 35 19 41 10 8 44 14 37 16 11 42 24 38 47 18 2 31 26 4 29 21 22 23 40 9 25 32 45 17 43 36 7 34 48 46 5 12 28 13 6 27 49 
student 121: 2 30 32 21 49 1 9 42 36 18 39 13 7 41 12 35 14 11 45 24 38 44 20 5 31 23 3 29 19 26 22 37 10 25 33 48 17 40 43 8 34 47 46 4 15 27 16 6 28 50 
student 122: 1 33 29 18 48 5 9 43 35 22 39 13 6 41 14 37 15 11 42 21 36 46 19 2 32 26 4 27 20 23 24 40 10 28 31 44 16 38 45 8 34 50 49 7 12 30 17 3 25 47 
student 123: 1 32 30 19 50 2 8 39 34 16 40 11 7 41 17 42 14 9 44 29 36 46 21 3 33 23 6 27 20 28 22 37 10 24 31 45 18 38 43 13 35 47 49 5 12 25 15 4 26 48 
student 124: 1 29 34 19 50 2 7 41 33 18 45 11 10 40 14 38 15 9 44 23 36 42 22 5 31 16 3 28 20 27 24 39 13 25 32 48 21 37 43 4 35 46 49 8 12 30 17 6 26 47 
student 125: 2 31 35 19 49 1 10 43 33 21 40 11 8 41 14 36 15 9 44 22 39 45 23 4 28 27 5 29 20 26 16 37 12 25 34 48 18 38 42 7 32 47 50 6 13 30 17 3 24 46 
student 126: 1 32 34 19 49 3 10 42 33 17 41 12 9 40 14 37 18 11 45 21 36 46 24 5 31 27 4 28 23 22 20 38 8 25 30 48 16 39 44 6 35 43 50 7 13 29 15 2 26 47 
student 127: 5 32 31 17 48 1 9 43 33 15 39 13 10 41 12 36 14 16 42 22 38 46 21 2 30 26 4 28 20 25 23 37 8 24 34 44 19 40 45 7 35 47 49 6 11 27 18 3 29 50 
student 128: 1 30 33 18 50 2 9 45 35 19 41 12 6 39 16 36 14 13 42 25 37 47 20 5 31 27 3 29 21 23 22 43 11 24 34 44 17 38 40 7 32 46 48 4 10 28 15 8 26 49 
student 129: 1 30 31 19 50 3 9 41 34 18 43 12 7 39 14 36 13 11 44 23 37 46 24 2 32 27 6 26 22 25 20 38 10 21 33 45 16 40 42 4 35 47 49 8 17 29 15 5 28 48 
student 130: 1 29 34 19 49 3 10 42 35 17 39 12 5 41 11 38 14 13 44 23 37 45 21 6 33 26 7 27 25 20 22 32 9 24 31 47 16 40 43 8 36 46 48 2 18 28 15 4 30 50 
student 131: 1 35 29 19 50 2 9 42 30 18 40 12 8 41 15 39 17 13 45 22 36 47 21 5 28 26 3 32 20 24 23 37 11 27 33 44 16 38 43 6 34 48 49 7 10 31 14 4 25 46 
student 132: 2 32 34 19 50 1 9 41 35 22 42 13 8 40 15 37 14 11 44 26 36 45 21 3 31 25 4 28 18 20 24 39 10 30 27 46 17 38 43 7 33 49 47 6 12 29 16 5 23 48 
student 133: 1 30 33 18 50 4 8 45 34 17 39 15 7 37 13 40 14 11 43 24 38 44 23 2 31 25 5 29 21 20 28 41 10 22 32 47 19 36 42 6 35 46 48 9 12 27 16 3 26 49 
student 134: 1 31 36 20 50 2 8 41 34 19 42 17 3 37 12 39 14 10 43 23 35 47 21 5 32 25 6 28 18 26 22 38 11 27 29 46 16 40 44 9 33 45 49 7 13 30 15 4 24 48 
student 135: 2 31 34 19 50 3 8 47 35 18 40 7 15 41 16 36 14 10 43 23 37 44 22 1 29 24 4 27 20 21 25 39 11 26 33 45 17 38 42 5 32 46 49 9 13 30 12 6 28 48 
student 136: 1 35 28 18 49 2 7 43 32 17 39 15 4 42 14 40 16 10 41 23 37 47 21 5 31 26 6 25 20 24 22 38 11 27 33 44 19 36 46 9 34 45 50 8 12 30 13 3 29 48 
student 137: 1 30 34 19 46 4 8 42 35 18 39 10 9 41 14 36 17 12 45 23 33 47 22 2 29 25 3 28 20 24 21 37 11 26 32 44 16 38 43 7 40 48 50 5 15 31 13 6 27 49 
student 138: 1 34 36 19 46 3 10 50 31 18 42 7 8 41 14 35 16 11 43 23 37 45 21 5 29 25 6 27 20 24 22 39 12 26 30 44 17 38 40 2 33 48 49 9 13 32 15 4 28 47 
student 139: 2 30 34 20 49 3 10 41 35 18 43 12 8 44 11 39 16 13 42 25 37 46 22 1 33 26 4 28 19 24 23 38 9 27 31 45 15 36 40 7 32 48 47 6 14 29 17 5 21 50 
student 140: 4 32 33 19 50 1 10 42 37 18 39 9 7 41 14 35 16 12 44 23 36 46 24 2 29 27 5 28 20 22 21 40 11 25 30 45 17 38 43 6 34 47 48 8 13 31 15 3 26 49 
student 141: 1 30 31 18 50 2 12 43 33 17 46 10 8 42 15 35 19 14 39 22 38 48 20 3 29 25 5 28 23 24 21 40 9 26 34 41 16 37 44 6 36 47 45 4 11 32 13 7 27 49 
student 142: 1 32 31 19 50 4 8 44 34 18 40 13 11 41 16 36 14 7 48 23 35 45 20 2 30 24 9 28 25 21 22 39 10 26 33 46 17 38 42 5 37 43 47 6 12 29 15 3 27 49 
student 143: 1 32 35 18 50 2 8 41 34 17 40 11 10 38 15 37 14 9 44 22 33 49 24 5 29 25 3 28 20 23 21 39 13 26 30 42 19 45 43 7 36 47 48 6 12 31 16 4 27 46 
student 144: 1 34 37 19 50 2 10 30 35 18 43 11 7 42 17 36 16 8 44 24 38 45 22 4 28 26 5 29 21 23 20 40 12 25 32 49 13 39 41 6 33 46 47 9 14 31 15 3 27 48 
student 145: 1 29 33 17 50 2 12 42 37 18 39 11 5 40 13 41 14 9 46 23 34 45 20 3 31 24 4 30 19 25 22 36 8 26 32 43 21 38 44 7 35 47 49 10 15 27 16 6 28 48 
student 146: 1 31 33 18 49 2 8 45 34 17 40 13 7 42 16 36 11 12 44 22 37 43 21 4 28 29 9 26 20 25 23 38 10 24 32 47 19 39 41 3 35 48 50 5 14 27 15 6 30 46 
student 147: 1 30 32 18 50 2 9 36 35 17 41 14 8 39 16 38 13 11 47 24 37 48 21 4 29 25 5 27 20 23 22 42 10 26 33 44 19 40 43 7 34 46 49 6 12 31 15 3 28 45 
student 148: 1 31 33 13 48 2 10 44 34 18 41 11 8 42 16 37 19 9 43 23 36 45 20 4 30 26 5 25 22 24 21 39 12 28 32 46 14 38 40 7 35 49 50 6 15 29 17 3 27 47 
student 149: 4 33 32 16 50 3 8 42 35 19 39 21 7 41 12 36 14 13 45 23 37 46 20 1 27 28 5 26 18 25 24 40 11 22 30 44 17 38 43 2 34 47 49 9 10 31 15 6 29 48 
student 150: 1 31 33 20 49 2 9 40 34 18 38 11 8 46 14 39 13 15 43 24 36 44 21 3 30 23 5 28 19 25 22 42 10 27 32 45 17 35 41 7 37 47 50 6 12 29 16 4 26 48 
student 151: 2 29 32 22 50 1 8 42 37 18 40 12 7 39 14 38 16 10 44 21 36 45 20 11 31 25 3 28 19 24 23 41 9 26 33 46 17 34 43 6 35 48 47 5 13 27 15 4 30 49 
student 152: 2 30 33 18 49 1 7 39 35 16 40 11 9 42 17 41 12 13 45 23 36 50 20 3 31 27 4 24 19 25 21 38 10 29 32 44 22 37 43 8 34 46 48 5 14 28 15 6 26 47 
student 153: 3 31 34 16 50 1 6 43 35 19 41 9 5 42 14 37 15 12 45 24 36 47 20 2 33 25 4 27 23 21 22 38 10 30 28 44 18 39 40 7 32 48 46 8 13 29 17 11 26 49 
student 154: 1 30 32 19 49 2 7 44 38 18 40 11 6 39 10 36 17 12 43 23 42 46 22 3 29 25 5 33 15 24 20 35 13 26 31 45 21 37 41 8 34 50 47 4 16 28 14 9 27 48 
student 155: 1 31 35 19 50 2 6 45 34 18 40 10 11 41 14 38 16 9 43 24 36 46 21 3 29 27 8 26 20 25 22 37 12 23 33 44 15 39 42 7 32 47 49 5 13 30 17 4 28 48 
student 156: 1 30 32 19 47 5 9 41 33 16 38 13 8 39 14 43 15 11 44 24 37 49 22 2 28 23 4 34 20 25 21 40 12 26 31 48 18 36 42 7 35 45 50 6 10 29 17 3 27 46 
student 157: 1 32 33 12 50 3 8 42 37 16 35 15 11 43 14 38 18 10 45 22 36 49 21 2 29 27 7 28 17 24 23 39 9 25 31 44 20 40 41 5 34 47 48 6 13 30 19 4 26 46 
student 158: 1 35 32 19 50 3 11 41 34 18 42 12 8 38 15 39 14 9 46 22 33 45 20 2 30 24 5 28 21 26 23 40 10 25 36 44 16 37 43 7 31 48 47 6 13 29 17 4 27 49 
student 159: 1 31 33 20 50 2 10 41 35 17 44 8 9 40 13 37 15 14 45 22 36 46 19 6 30 24 4 27 18 25 21 38 12 26 32 43 23 39 42 7 34 49 48 5 11 29 16 3 28 47 
student 160: 1 31 33 24 50 2 10 42 34 20 39 12 4 41 14 38 16 9 43 21 36 48 17 6 30 25 7 26 22 23 18 40 11 27 32 47 19 37 44 8 35 49 46 5 13 29 15 3 28 45 
student 161: 1 32 33 19 50 3 5 42 36 18 41 15 12 39 14 34 17 13 45 23 38 49 21 2 30 25 4 28 22 24 20 40 9 26 29 43 11 37 44 8 35 47 48 7 10 31 16 6 27 46 
student 162: 1 29 34 19 49 2 8 42 33 21 38 12 7 41 16 39 15 10 44 25 35 45 17 3 31 26 6 28 20 22 24 37 11 27 32 47 18 40 43 4 36 48 50 9 13 30 14 5 23 46 
student 163: 2 34 32 19 50 1 9 42 36 22 40 16 8 41 12 39 13 10 43 24 35 46 23 4 31 25 7 27 20 21 17 38 11 28 26 44 18 37 45 5 33 48 49 6 14 30 15 3 29 47 
student 164: 2 31 33 17 49 1 9 44 37 16 38 12 8 41 20 36 14 11 43 24 34 46 19 4 30 25 3 27 21 22 23 39 10 26 32 45 18 40 42 7 35 48 50 6 13 29 15 5 28 47 
student 165: 3 31 33 21 50 4 8 42 34 17 39 12 7 41 14 35 16 11 45 23 38 46 22 1 29 24 5 27 18 26 19 40 10 25 32 43 20 37 44 9 36 47 49 6 13 30 15 2 28 48 
student 166: 1 31 33 18 50 2 5 42 35 20 39 11 4 41 13 40 16 8 45 23 37 46 21 7 30 28 6 27 17 25 22 36 10 26 32 44 14 38 43 12 34 49 47 9 15 29 19 3 24 48 
student 167: 2 29 34 21 50 1 10 40 36 18 44 14 5 41 13 35 15 11 45 20 37 47 23 3 30 27 4 26 25 22 19 39 9 24 32 43 17 38 42 8 33 46 49 7 12 28 16 6 31 48 
student 168: 2 33 29 20 49 1 8 45 35 18 37 14 7 40 17 39 16 10 43 26 36 47 25 4 32 23 5 31 21 22 19 38 11 24 27 46 12 41 42 9 34 44 50 3 15 30 13 6 28 48 
student 169: 1 28 36 18 49 3 13 45 34 20 41 10 9 42 11 38 14 12 47 26 35 43 22 2 31 24 5 27 19 23 21 40 6 25 33 37 17 39 46 8 32 44 50 7 16 29 15 4 30 48 
student 170: 2 28 34 18 45 1 9 42 35 19 41 11 8 39 13 37 15 12 47 23 38 46 22 3 30 24 4 27 20 26 21 40 10 25 31 44 17 36 43 6 33 49 48 7 16 32 14 5 29 50 
student 171: 2 31 33 19 50 3 9 43 35 18 39 12 8 38 14 37 15 11 45 23 36 47 21 4 30 25 5 27 20 24 22 41 10 29 32 46 17 40 42 7 34 48 49 6 13 28 16 1 26 44 
student 172: 1 29 35 18 48 4 8 45 33 16 37 11 3 44 12 42 19 5 40 21 36 41 20 2 31 24 10 28 23 22 25 39 13 26 34 47 14 38 43 9 32 46 50 7 17 30 15 6 27 49 
student 173: 2 31 34 21 50 3 8 43 36 13 40 10 9 41 15 35 16 14 44 23 37 45 17 5 29 24 1 30 20 27 22 39 12 26 32 46 19 38 42 7 33 49 48 6 11 28 18 4 25 47 
student 174: 2 32 37 19 48 1 9 43 33 17 40 16 7 41 12 35 14 15 44 22 36 50 21 4 28 26 5 29 20 24 23 39 11 25 30 46 13 38 42 8 34 45 47 6 10 31 18 3 27 49 
student 175: 1 34 31 19 50 3 9 42 35 18 40 14 10 41 13 32 15 12 45 22 37 47 23 2 30 25 8 28 20 24 21 38 7 29 33 44 16 39 43 5 36 48 49 4 11 27 17 6 26 46 
student 176: 2 31 34 18 48 1 7 41 35 16 43 11 9 40 14 37 15 10 42 24 36 46 23 6 29 26 4 25 19 20 22 39 12 27 32 49 21 38 44 3 33 45 50 8 13 30 17 5 28 47 
student 177: 1 29 34 20 50 2 9 36 33 18 41 14 8 42 13 39 15 11 45 23 37 46 21 3 28 26 4 31 19 25 24 38 10 22 32 44 16 40 43 7 35 47 49 5 12 27 17 6 30 48 
student 178: 2 31 34 19 50 5 6 44 35 20 40 13 8 41 12 37 16 11 43 23 36 46 21 3 30 25 4 28 18 22 26 39 9 27 32 45 14 38 42 7 33 48 49 10 15 29 17 1 24 47 
student 179: 1 31 33 19 49 2 8 43 38 17 41 12 7 42 13 34 16 9 45 24 36 44 22 3 30 27 4 28 21 26 20 39 11 25 32 47 18 37 40 6 35 46 50 10 15 29 14 5 23 48 
student 180: 1 32 37 18 50 3 13 41 33 23 39 9 8 42 14 38 15 6 43 22 36 44 21 2 30 24 5 29 19 25 20 40 12 26 31 45 16 35 47 10 34 46 49 7 11 27 17 4 28 48 
student 181: 1 30 33 18 50 2 8 42 35 19 38 10 7 41 13 39 14 9 45 28 36 47 24 3 31 21 4 27 20 23 22 40 11 25 32 46 17 37 43 12 34 48 49 6 15 29 16 5 26 44 
student 182: 3 28 37 18 48 1 9 42 35 21 36 10 8 41 11 39 14 12 44 23 40 45 20 2 30 27 4 29 19 24 22 38 13 25 31 46 17 34 43 6 33 49 50 5 15 32 16 7 26 47 
student 183: 4 31 36 19 50 3 9 41 35 18 37 12 8 42 16 34 14 11 44 23 38 47 21 2 30 24 5 28 20 25 22 39 10 26 33 45 17 40 43 6 32 46 49 7 13 29 15 1 27 48 
student 184: 1 31 35 20 49 2 8 43 34 18 38 12 9 41 14 37 16 10 44 23 36 48 21 4 30 25 3 27 19 24 22 39 11 28 32 45 17 40 42 6 33 47 50 7 13 26 15 5 29 46 
student 185: 1 33 32 20 50 2 12 40 35 18 42 9 7 41 14 37 15 8 44 25 36 46 24 3 30 27 4 21 19 26 23 38 10 29 34 43 16 39 45 11 31 47 49 5 13 28 17 6 22 48 
student 186: 1 32 31 18 50 3 9 41 33 19 39 13 8 40 12 37 16 11 44 24 35 49 22 2 28 25 5 29 21 27 20 38 10 26 34 45 15 42 43 7 36 47 46 6 14 30 17 4 23 48 
student 187: 2 28 36 20 49 3 8 41 35 18 39 14 9 42 13 37 15 11 45 19 34 43 24 4 30 26 1 29 22 31 21 40 10 23 32 47 16 38 44 7 33 48 50 6 12 27 17 5 25 46 
student 188: 2 32 31 17 50 1 4 40 36 16 39 14 11 43 13 37 15 10 46 22 41 45 19 3 29 25 6 30 20 24 23 34 7 27 33 44 21 38 42 9 35 47 48 8 12 26 18 5 28 49 
student 189: 1 31 33 21 50 2 11 44 36 18 39 12 8 41 14 37 16 13 40 23 35 45 19 3 29 27 7 25 24 22 20 43 9 26 32 46 17 38 42 6 34 48 49 4 10 30 15 5 28 47 
student 190: 2 28 34 18 50 1 9 39 37 20 41 13 8 40 10 36 15 12 43 22 35 46 21 4 31 26 6 29 25 23 19 42 11 27 33 45 17 38 44 5 32 48 49 7 16 30 14 3 24 47 
student 191: 4 31 33 18 50 2 11 44 36 19 41 13 8 38 12 37 16 9 40 24 35 46 21 1 30 25 3 28 20 22 23 39 10 26 32 43 15 42 45 6 34 47 48 7 17 29 14 5 27 49 
student 192: 1 28 33 17 46 2 10 41 35 18 39 12 8 42 9 36 16 11 45 23 34 47 22 4 30 26 5 29 21 24 19 40 13 27 38 43 20 37 44 7 31 49 50 6 14 32 15 3 25 48 
student 193: 1 31 33 18 49 2 7 40 36 20 41 13 5 42 12 38 16 14 45 19 37 44 22 4 30 27 3 28 21 23 24 39 10 25 34 46 17 32 43 9 35 47 48 8 11 29 15 6 26 50 
student 194: 2 33 32 17 50 1 9 47 36 18 43 12 7 39 13 35 15 11 42 24 34 45 21 3 28 22 5 29 20 26 23 37 10 27 30 44 19 41 40 6 38 46 48 8 14 31 16 4 25 49 
student 195: 1 29 32 18 50 2 9 42 34 16 41 14 5 40 10 38 17 13 43 23 36 47 21 4 30 26 6 28 20 24 22 39 11 25 31 45 12 37 44 8 35 46 49 7 15 33 19 3 27 48 
student 196: 1 30 35 18 49 2 5 41 34 19 38 11 7 40 13 37 15 12 45 23 36 46 20 6 28 25 9 27 22 24 21 39 10 26 33 44 17 42 43 8 31 47 50 3 14 32 16 4 29 48 
student 197: 3 30 33 19 50 1 9 43 35 16 37 11 8 40 18 38 14 13 44 23 36 46 21 2 29 26 4 28 20 25 22 41 10 24 32 47 15 39 42 7 34 45 49 6 12 31 17 5 27 48 
student 198: 1 33 34 19 49 2 15 41 36 18 37 10 8 38 13 39 14 11 44 22 35 50 23 6 30 28 4 26 20 25 21 46 9 24 32 42 17 40 43 7 31 47 45 5 12 29 16 3 27 48 
student 199: 1 30 34 17 50 2 6 42 35 16 39 15 9 40 13 37 14 12 41 22 36 48 20 4 29 26 5 27 23 21 28 38 10 24 31 43 18 44 46 8 33 45 49 7 11 32 19 3 25 47 
student 200: 1 35 33 20 50 2 7 42 31 18 39 10 9 43 14 37 16 11 41 22 36 46 23 4 32 26 5 28 19 27 21 40 12 25 30 44 17 38 45 8 34 49 47 6 13 29 15 3 24 48 
student 201: 3 31 34 22 50 1 9 43 38 15 37 13 7 39 16 41 14 11 48 23 35 46 20 4 30 24 8 27 19 21 18 40 10 26 32 45 25 36 42 6 33 47 44 5 12 29 17 2 28 49 
student 202: 2 32 33 17 50 4 5 45 36 16 41 14 10 40 15 37 13 11 42 23 35 48 21 1 31 29 6 26 19 24 22 39 9 25 28 44 20 38 43 8 34 46 47 7 12 30 18 3 27 49 
student 203: 1 31 34 20 49 2 9 44 35 14 39 12 8 41 19 37 13 18 42 23 36 47 22 3 30 26 7 27 17 24 21 40 10 25 32 43 16 38 46 4 33 48 45 6 11 29 15 5 28 50 
student 204: 1 29 35 19 48 2 8 41 36 20 40 14 11 43 16 37 15 10 44 24 34 46 21 3 31 25 5 28 18 23 22 38 9 26 33 45 17 39 42 7 32 47 50 6 12 27 13 4 30 49 
student 205: 1 32 35 17 50 3 8 44 36 23 40 12 10 39 14 37 16 13 46 22 31 48 20 2 30 26 5 28 19 24 21 38 9 25 33 45 15 41 42 7 34 47 49 6 11 29 18 4 27 43 
student 206: 1 32 33 19 47 2 5 42 36 16 39 8 13 41 11 37 18 12 44 23 35 48 22 4 29 28 6 24 20 25 21 40 10 26 31 43 17 38 45 7 34 49 50 9 14 30 15 3 27 46 
student 207: 3 32 33 18 50 2 8 42 35 19 40 12 10 43 13 37 14 11 47 22 36 41 23 1 29 25 5 28 20 24 21 39 9 27 31 44 15 38 46 6 34 45 49 4 17 26 16 7 30 48 
student 208: 1 30 33 19 50 2 5 43 35 18 41 11 7 42 15 40 14 10 45 23 36 44 21 3 31 26 6 28 20 25 22 39 9 24 32 48 17 37 38 12 34 46 49 8 13 29 16 4 27 47 
student 209: 1 30 34 17 50 2 9 43 36 20 40 13 6 41 14 37 15 10 42 24 35 47 19 3 21 28 5 29 25 23 22 38 12 26 32 46 18 39 44 7 33 48 49 8 11 31 16 4 27 45 
student 210: 1 30 33 19 48 2 12 41 36 18 42 11 9 39 13 37 16 10 45 25 35 47 21 4 31 23 6 29 24 20 22 38 8 28 32 44 14 40 43 7 34 46 49 3 15 27 17 5 26 50 
student 211: 3 31 33 20 49 1 8 39 35 18 40 10 7 43 12 37 16 13 46 24 34 45 19 4 30 25 6 29 21 23 22 38 9 27 32 44 15 42 41 11 36 48 47 2 14 28 17 5 26 50 
student 212: 1 31 33 20 50 2 6 43 37 18 40 11 12 41 10 39 15 13 44 21 34 47 22 3 30 23 5 27 19 24 25 38 8 28 32 45 17 36 42 9 35 46 48 7 14 29 16 4 26 49 
student 213: 1 30 34 18 50 2 9 44 37 19 40 10 8 43 13 38 16 12 42 25 36 45 20 3 33 21 6 29 23 24 22 32 11 26 31 49 17 39 41 7 35 46 48 4 14 28 15 5 27 47 
student 214: 2 30 33 18 50 1 11 44 36 19 40 12 7 42 16 37 13 10 43 27 34 46 22 4 28 24 3 26 20 23 21 39 9 29 32 45 17 38 41 8 35 47 49 5 14 31 15 6 25 48 
student 215: 2 31 33 18 49 1 13 46 35 19 41 11 8 42 14 38 16 12 39 22 36 47 21 3 28 27 6 26 20 24 25 40 10 23 32 44 17 37 43 7 34 48 50 4 9 29 15 5 30 45 
student 216: 2 32 33 20 49 4 8 42 35 17 39 14 7 40 12 36 15 10 45 23 37 46 21 1 31 29 6 30 19 27 22 38 9 24 28 43 18 41 44 5 34 50 48 11 13 25 16 3 26 47 
student 217: 3 32 35 20 49 1 12 42 36 11 41 14 9 40 15 34 17 13 44 23 39 47 21 2 29 27 6 26 19 24 22 38 10 25 31 45 18 37 43 4 33 48 50 5 8 30 16 7 28 46 
student 218: 3 31 32 20 47 2 10 42 36 18 44 12 8 39 13 37 15 11 45 22 33 48 21 1 29 25 7 27 19 24 23 41 9 26 35 43 17 38 40 6 34 46 49 5 14 28 16 4 30 50 
student 219: 1 31 32 19 50 4 12 41 36 17 42 13 9 40 14 37 15 11 44 23 38 46 18 3 30 25 2 27 22 24 21 39 8 28 33 45 20 34 43 7 35 47 49 6 10 29 16 5 26 48 
student 220: 1 32 34 17 50 2 11 46 33 13 39 12 8 41 16 36 18 9 44 25 35 47 21 3 30 26 6 29 20 23 22 38 10 24 31 43 15 37 42 7 40 48 49 5 14 28 19 4 27 45 
student 221: 1 32 33 19 50 3 9 43 36 17 38 12 8 41 14 37 15 11 42 25 35 46 20 2 30 26 6 28 23 24 21 40 10 22 31 44 18 39 45 7 34 47 49 5 13 29 16 4 27 48 
student 222: 1 30 34 18 47 2 8 33 35 15 40 14 9 41 12 38 13 10 45 27 37 46 17 3 31 22 7 28 21 24 23 43 11 25 32 44 20 39 42 6 36 49 50 4 16 29 19 5 26 48 
student 223: 3 32 31 20 50 1 13 42 36 18 40 11 9 38 14 37 12 10 45 23 35 47 21 4 28 24 5 30 19 27 25 41 8 26 33 44 17 39 43 6 34 46 48 7 16 22 15 2 29 49 
student 224: 2 31 36 16 50 1 9 38 37 18 42 10 8 41 14 33 15 11 44 22 35 46 20 3 30 23 4 27 19 24 26 40 13 25 32 43 21 39 47 7 34 45 48 6 12 29 17 5 28 49 
student 225: 1 33 32 22 50 3 9 41 36 19 39 15 8 43 14 37 16 11 42 25 34 46 24 2 30 21 6 29 17 26 20 40 10 28 31 44 18 38 45 7 35 47 49 5 12 27 13 4 23 48 
student 226: 1 32 33 20 50 6 10 40 35 18 38 9 7 42 13 37 15 12 46 19 36 47 22 3 31 25 4 28 21 24 23 43 11 26 30 41 17 39 45 8 34 44 49 5 14 29 16 2 27 48 
student 227: 1 36 33 20 49 2 8 40 32 21 41 10 12 42 14 37 17 11 43 24 35 47 22 4 27 23 3 31 16 25 19 38 9 26 30 46 18 39 44 6 34 50 48 7 13 28 15 5 29 45 
student 228: 1 31 35 21 49 2 9 42 34 17 39 11 8 40 14 37 15 12 43 22 36 47 19 3 30 25 5 27 23 20 24 41 10 26 32 46 16 38 44 7 33 48 50 6 13 29 18 4 28 45 
student 229: 2 31 33 19 50 4 10 42 37 17 39 12 9 40 14 38 15 13 45 24 32 48 20 1 30 25 8 28 22 23 21 41 5 27 36 46 18 35 43 7 34 47 49 6 11 29 16 3 26 44 
student 230: 1 29 33 18 50 2 9 40 35 17 42 12 8 39 14 36 15 10 43 22 37 45 23 3 30 31 5 25 21 26 20 41 11 24 32 46 19 38 44 7 34 47 48 6 13 28 16 4 27 49 
student 231: 1 34 37 18 50 4 9 43 38 20 41 10 7 36 12 33 14 16 45 23 30 42 19 2 31 28 3 29 21 25 22 39 11 24 32 46 17 40 44 6 35 48 49 5 13 27 15 8 26 47 
student 232: 1 31 33 18 48 3 8 42 35 19 37 11 9 40 15 38 14 13 45 24 36 47 23 4 30 21 5 29 20 27 22 39 10 25 32 46 17 43 41 7 34 44 50 6 12 28 16 2 26 49 
student 233: 1 31 32 17 49 2 9 40 34 16 39 12 8 42 18 36 14 13 46 23 37 44 21 3 29 26 5 28 20 25 22 38 10 24 33 43 15 41 45 7 35 47 48 6 11 30 19 4 27 50 
student 234: 2 30 34 19 50 3 7 43 36 16 39 12 9 41 15 35 14 11 42 22 37 46 21 1 28 24 5 26 18 25 23 40 10 27 32 44 20 38 45 6 33 48 49 8 13 29 17 4 31 47 
student 235: 1 32 33 20 50 2 8 44 34 19 40 14 7 41 15 37 12 13 42 21 36 47 22 3 29 25 6 27 18 24 23 39 10 26 30 45 17 38 43 9 35 46 49 5 11 31 16 4 28 48 
student 236: 3 32 29 19 50 1 10 45 35 18 41 11 7 44 14 37 15 12 42 22 36 47 21 2 30 23 5 27 24 25 20 39 9 26 33 46 17 38 40 8 34 43 49 6 13 31 16 4 28 48 
student 237: 1 33 31 19 50 3 10 43 35 18 39 16 7 41 13 37 14 12 42 24 36 46 21 2 30 23 9 27 20 25 22 40 8 26 32 45 17 38 44 6 34 47 48 5 11 29 15 4 28 49 
student 238: 2 32 34 19 50 4 9 43 36 18 40 14 7 41 15 35 13 11 44 23 33 47 20 1 29 25 5 28 22 26 21 39 10 24 31 46 16 38 42 6 37 48 45 8 12 30 17 3 27 49 
student 239: 1 31 38 17 48 2 9 40 36 20 42 11 8 43 14 35 15 13 41 22 33 45 23 4 30 25 3 29 18 24 21 39 10 26 32 49 19 37 44 7 34 47 50 5 12 27 16 6 28 46 
student 240: 1 31 33 18 49 2 8 43 37 17 41 12 7 40 15 38 14 13 47 26 35 50 20 3 25 23 5 29 21 28 22 39 9 27 34 45 16 36 44 6 32 46 48 11 10 30 19 4 24 42 
student 241: 2 30 35 20 50 3 8 43 34 18 40 13 10 41 9 39 17 12 45 23 31 46 21 5 27 25 6 28 19 24 22 38 11 29 33 42 15 36 44 4 37 49 48 7 14 32 16 1 26 47 
student 242: 1 31 34 18 50 4 10 42 32 19 39 12 8 41 15 38 14 11 44 23 37 46 21 3 30 27 5 28 20 24 22 40 7 26 33 45 16 36 43 9 35 48 49 6 13 29 17 2 25 47 
student 243: 2 30 34 19 50 1 8 43 36 16 37 9 10 39 13 38 15 12 42 20 33 46 22 6 31 24 7 26 21 25 23 41 11 29 32 44 18 40 45 4 35 48 47 5 14 28 17 3 27 49 
student 244: 1 34 32 18 47 2 9 42 36 21 41 12 8 37 14 39 15 11 43 20 38 46 19 3 30 26 4 29 22 24 23 40 10 25 31 45 17 35 44 7 33 48 50 6 13 27 16 5 28 49 
student 245: 1 33 36 20 50 2 11 43 35 17 42 12 6 41 14 39 15 10 44 23 37 45 19 4 29 30 3 28 21 25 22 40 7 27 31 46 16 38 34 9 32 48 49 5 13 26 18 8 24 47 
student 246: 1 31 32 18 48 6 10 41 36 17 38 11 9 44 14 37 15 12 45 23 34 49 21 2 29 26 4 28 19 25 22 39 8 24 33 43 20 40 42 5 35 46 47 7 13 30 16 3 27 50 
student 247: 1 31 32 21 50 2 8 42 35 13 40 12 10 39 14 37 15 9 44 24 36 45 19 4 30 25 5 28 22 23 20 38 11 26 33 47 17 41 43 7 34 48 46 6 16 29 18 3 27 49 
student 248: 2 29 31 17 50 1 10 49 35 20 41 13 6 40 12 38 14 9 43 27 37 44 18 4 32 25 5 24 22 23 19 36 11 30 26 45 16 39 42 7 34 46 48 8 15 33 21 3 28 47 
student 249: 1 32 33 18 49 3 9 43 38 19 36 11 7 40 12 41 15 10 42 23 35 45 21 2 31 22 5 28 20 25 24 39 13 26 30 48 17 37 44 8 34 46 50 6 14 29 16 4 27 47 
student 250: 2 32 30 20 50 3 1 41 34 18 40 13 10 42 11 36 16 12 44 23 37 48 22 4 26 24 6 25 19 28 21 39 9 27 35 47 17 38 43 7 33 45 49 8 14 31 15 5 29 46 
student 251: 1 32 34 20 49 2 9 42 36 18 41 13 7 40 14 35 15 10 45 24 37 44 22 5 31 25 4 29 19 23 21 39 11 26 33 46 17 38 43 6 30 47 48 8 12 27 16 3 28 50 
student 252: 2 33 32 18 50 1 10 41 36 19 42 11 7 40 16 38 17 9 44 24 37 49 21 4 28 25 3 29 20 23 22 35 13 27 30 45 15 39 43 8 34 46 48 6 12 31 14 5 26 47 
student 253: 5 30 32 22 50 2 12 43 37 19 38 13 4 40 15 36 16 11 46 21 35 48 18 3 34 24 6 27 23 20 25 39 9 26 28 42 17 41 44 7 33 45 47 8 10 31 14 1 29 49 
student 254: 1 28 34 16 50 2 9 42 35 22 41 11 12 40 14 38 15 10 44 23 36 45 20 4 31 25 7 29 19 24 21 37 8 26 32 46 18 39 43 6 33 47 48 5 13 30 17 3 27 49 
student 255: 1 32 33 16 50 2 9 40 35 21 41 13 7 42 11 36 17 10 43 23 37 45 22 4 29 24 5 27 19 26 20 39 8 28 30 47 18 38 44 6 34 46 49 12 14 31 15 3 25 48 
student 256: 1 32 34 23 49 3 11 41 33 14 39 12 7 42 13 37 19 8 43 22 36 45 21 2 29 27 4 31 17 24 20 40 10 25 30 50 18 38 44 5 35 46 47 6 15 28 16 9 26 48 
student 257: 2 32 33 19 50 3 10 43 35 17 40 11 6 41 14 36 16 12 45 22 38 46 23 1 29 25 7 28 20 24 21 39 9 27 30 44 18 37 42 8 34 48 49 5 13 31 15 4 26 47 
student 258: 6 31 35 19 50 1 7 39 33 17 38 10 8 41 18 43 16 14 44 26 36 45 21 2 29 25 3 27 20 24 22 40 9 23 32 47 13 37 42 5 34 48 46 4 15 28 12 11 30 49 
student 259: 2 30 32 17 48 1 8 43 36 18 40 13 7 38 15 37 16 11 42 23 35 46 21 3 31 22 5 29 19 25 24 41 9 26 34 45 20 39 44 10 33 47 49 6 12 28 14 4 27 50 
student 260: 3 33 34 17 48 1 9 43 32 19 40 13 8 42 16 36 15 10 44 22 37 49 21 4 30 25 5 27 20 24 23 39 12 26 31 46 18 38 41 2 35 45 50 7 11 29 14 6 28 47 
student 261: 2 31 33 21 50 1 9 43 35 17 41 14 7 42 11 40 15 13 39 25 36 46 24 3 30 26 8 28 18 20 22 38 10 23 34 45 19 37 44 6 32 48 49 5 12 29 16 4 27 47 
student 262: 1 30 35 20 48 2 7 42 36 18 38 11 9 40 13 39 15 17 44 23 34 45 19 4 29 25 6 31 22 24 21 37 10 26 33 47 14 41 43 8 32 46 50 5 12 28 16 3 27 49 
student 263: 1 30 33 19 50 2 11 42 34 18 41 13 8 40 12 37 14 10 45 22 39 46 23 3 31 24 4 28 20 26 21 38 9 25 32 43 17 36 44 7 35 47 49 6 15 29 16 5 27 48 
student 264: 2 32 33 19 50 4 9 44 35 18 39 13 8 41 15 36 12 10 48 23 37 45 20 7 30 27 5 25 21 24 22 38 11 26 31 43 17 40 42 6 34 49 47 1 14 29 16 3 28 46 
student 265: 3 30 34 18 50 1 8 39 35 16 37 12 10 43 14 41 15 11 42 22 36 46 21 4 31 29 6 27 19 25 23 45 9 24 32 44 20 38 40 7 33 47 49 5 13 28 17 2 26 48 
student 266: 1 34 31 19 50 3 8 42 36 18 37 13 9 43 15 39 14 10 45 22 33 41 20 5 25 26 4 32 21 28 23 40 11 24 30 47 17 35 44 7 38 46 49 6 16 29 12 2 27 48 
student 267: 4 31 32 16 50 1 8 40 33 20 39 12 9 42 14 34 15 11 44 24 36 43 22 2 30 26 6 28 21 17 25 41 10 23 37 46 19 38 45 7 35 47 49 5 13 29 18 3 27 48 
student 268: 1 34 31 19 50 4 8 43 33 17 41 12 10 40 13 35 18 11 44 24 37 47 21 2 29 26 9 27 20 25 22 39 7 28 32 45 16 38 46 3 36 42 49 6 14 30 15 5 23 48 
student 269: 3 31 34 22 50 2 8 42 33 20 38 10 11 41 14 39 16 9 45 23 37 44 21 1 30 28 5 24 17 26 18 36 12 25 32 48 19 40 43 7 35 46 49 6 13 27 15 4 29 47 
student 270: 1 33 32 19 50 2 8 41 34 17 39 13 9 44 14 37 15 11 45 20 36 43 25 3 29 26 5 31 21 22 24 38 10 27 30 46 18 40 42 6 35 48 47 7 12 28 16 4 23 49 
student 271: 1 30 33 24 50 3 8 41 35 20 42 14 10 39 15 37 19 9 46 21 34 47 13 2 32 25 4 27 23 22 18 38 11 29 31 43 17 40 44 6 36 45 48 5 12 26 16 7 28 49 
student 272: 5 39 32 17 50 4 9 43 36 18 40 12 8 44 14 37 15 11 42 22 34 45 21 2 30 24 7 29 20 25 23 38 10 26 28 46 19 35 41 6 33 47 49 3 13 31 16 1 27 48 
student 273: 1 31 35 19 50 2 9 43 36 18 42 13 8 40 14 38 16 12 45 21 37 46 22 4 33 26 5 29 20 24 23 39 10 25 32 44 17 34 41 6 30 47 49 7 11 28 15 3 27 48 
student 274: 1 31 34 18 50 2 9 40 37 19 41 12 7 42 16 39 14 13 46 21 35 47 22 3 30 24 4 29 20 23 28 38 10 25 33 45 17 36 43 6 32 49 44 8 11 27 15 5 26 48 
student 275: 1 27 33 19 49 3 9 43 38 17 41 15 6 35 14 37 16 12 42 23 36 44 20 2 30 28 5 29 21 26 22 40 10 24 31 46 18 39 45 8 34 47 50 7 11 32 13 4 25 48 
student 276: 1 30 31 22 50 3 9 41 33 17 40 14 8 43 13 37 19 11 44 21 36 46 20 5 34 28 6 29 18 24 23 39 10 25 35 45 16 38 42 7 32 48 49 2 12 27 15 4 26 47 
student 277: 2 35 32 15 50 3 4 40 33 19 41 11 9 45 14 34 17 10 43 24 37 48 23 1 30 28 7 27 20 22 21 38 12 25 31 44 18 39 42 8 36 47 49 6 13 26 16 5 29 46 
student 278: 2 30 32 15 50 1 9 43 35 20 38 3 11 42 16 37 10 13 44 24 34 46 21 4 33 23 6 27 18 25 22 40 12 26 31 45 19 39 41 8 36 47 48 7 14 29 17 5 28 49 
student 279: 1 26 32 19 50 2 9 44 37 18 40 11 7 41 14 36 15 13 43 24 35 45 22 4 31 20 3 29 21 25 23 39 10 27 34 46 17 38 42 6 33 47 49 5 12 30 16 8 28 48 
student 280: 2 32 33 20 50 1 10 43 35 18 40 15 9 42 14 37 8 12 46 23 38 49 21 5 30 29 7 27 19 24 22 39 11 25 31 45 17 36 41 6 34 44 48 4 13 28 16 3 26 47 
student 281: 3 32 33 20 50 1 7 45 36 12 44 11 8 42 16 37 17 15 41 22 35 46 19 2 29 23 4 28 21 25 24 43 10 26 30 39 18 38 40 9 34 47 48 6 13 31 14 5 27 49 
student 282: 1 30 33 19 49 3 11 42 35 16 40 12 6 41 15 36 14 10 44 22 37 46 25 2 29 26 5 28 18 20 21 38 9 23 32 47 24 39 43 8 34 45 50 7 13 31 17 4 27 48 
student 283: 2 31 34 20 50 1 7 38 36 18 41 14 9 43 15 35 16 13 45 26 37 47 23 4 29 27 3 24 19 21 25 39 10 22 32 44 17 40 42 8 33 46 49 6 11 28 12 5 30 48 
student 284: 1 31 33 19 49 2 6 37 34 18 41 13 7 42 14 36 15 10 45 21 38 46 23 3 30 26 4 28 20 22 24 39 8 25 32 43 17 40 44 12 35 47 50 5 9 29 16 11 27 48 
student 285: 1 31 32 20 50 2 9 39 37 19 40 14 8 41 13 35 15 11 48 23 38 46 22 3 33 29 5 27 21 24 18 42 10 25 28 44 16 36 43 6 34 47 45 7 12 26 17 4 30 49 
student 286: 4 31 33 18 48 1 9 40 34 17 42 10 8 39 14 37 16 11 44 23 36 45 20 2 29 30 3 26 19 25 21 41 12 27 32 43 22 38 46 7 35 47 50 6 13 28 15 5 24 49 
student 287: 1 33 31 19 49 3 9 41 36 20 40 13 8 42 14 38 15 10 45 23 35 47 21 5 28 24 4 25 22 29 16 37 11 26 27 44 18 39 43 7 34 46 50 2 12 30 17 6 32 48 
student 288: 3 30 34 18 50 1 13 40 35 21 39 14 7 42 16 36 12 10 45 23 43 49 20 4 26 24 5 27 19 28 22 37 8 25 33 44 17 38 41 9 32 46 48 6 11 31 15 2 29 47 
student 289: 1 31 33 19 49 3 10 41 34 17 39 14 5 42 13 37 15 11 43 22 36 44 23 2 27 24 4 30 20 26 21 40 12 25 32 46 18 38 45 7 35 48 47 8 9 28 16 6 29 50 
student 290: 2 29 33 17 49 1 10 42 36 19 44 13 8 41 12 35 15 11 40 23 37 43 20 3 31 21 5 28 18 27 24 39 9 25 32 47 22 38 45 7 34 48 46 6 14 30 16 4 26 50 
student 291: 2 27 31 19 49 3 10 42 36 17 40 11 6 41 13 37 12 14 45 25 34 46 21 1 33 26 5 30 20 24 22 38 9 28 29 44 18 39 43 7 35 48 50 8 15 32 16 4 23 47 
student 292: 1 30 33 21 50 5 16 43 35 15 40 11 7 41 17 36 13 10 46 20 37 45 22 2 31 25 4 29 19 26 23 42 9 24 32 44 18 39 38 6 34 47 49 8 12 27 14 3 28 48 
student 293: 1 29 33 21 49 2 9 39 41 19 42 11 8 44 18 37 12 13 40 24 34 43 20 4 31 25 6 28 17 23 22 38 10 26 32 47 14 36 45 5 35 46 50 7 15 30 16 3 27 48 
student 294: 1 29 33 20 49 2 9 43 35 18 40 6 8 41 15 38 16 13 44 25 36 42 19 3 31 24 7 30 23 21 22 39 11 26 32 48 17 37 45 10 34 46 50 5 14 28 12 4 27 47 
student 295: 2 28 34 16 48 4 7 44 36 17 38 15 8 40 14 37 12 11 41 23 33 46 21 3 31 25 5 30 19 24 22 39 9 29 32 45 20 42 49 10 35 43 50 6 13 27 18 1 26 47 
student 296: 2 33 31 19 50 1 11 42 37 17 41 13 9 40 14 38 15 12 45 23 35 48 21 5 30 25 3 29 20 24 22 39 8 26 28 44 18 36 43 6 34 46 49 7 10 32 16 4 27 47 
student 297: 2 29 35 19 50 3 9 42 36 18 40 16 7 39 13 37 14 11 44 23 34 49 20 1 31 25 6 28 21 24 22 38 12 26 33 45 17 41 43 8 32 47 46 5 10 30 15 4 27 48 
student 298: 2 32 33 19 47 5 4 41 34 16 43 11 10 39 14 35 15 12 45 23 37 46 20 1 29 24 7 27 22 26 21 40 9 25 36 42 18 38 44 8 31 48 50 6 13 28 17 3 30 49 
student 299: 3 34 33 13 49 2 8 42 38 16 41 12 6 40 14 36 17 10 47 25 35 46 23 1 28 22 5 29 19 21 24 37 11 27 31 44 18 39 43 9 32 48 45 7 15 30 20 4 26 50 
student 300: 4 31 35 20 50 1 8 41 34 18 42 11 10 39 12 36 15 17 44 22 37 46 19 2 26 28 5 30 21 24 23 40 9 27 32 47 16 38 43 6 33 45 49 7 13 29 14 3 25 48 
student 301: 1 33 34 21 50 2 9 41 36 14 43 15 8 40 16 37 20 10 44 19 35 46 24 4 29 23 6 28 18 25 22 38 12 27 32 42 13 39 45 7 31 48 49 3 11 30 17 5 26 47 
student 302: 2 31 34 20 45 3 9 43 36 18 41 11 8 40 17 38 10 13 42 21 37 46 24 1 30 25 5 28 19 22 23 39 12 26 32 47 15 35 44 7 33 49 48 6 14 29 16 4 27 50 
student 303: 6 32 29 19 47 1 10 42 35 18 40 12 9 41 13 38 16 8 45 24 36 48 22 2 27 25 4 30 20 23 21 39 11 26 34 44 14 37 46 7 33 43 50 5 15 31 17 3 28 49 
student 304: 1 33 31 17 48 2 9 41 36 19 40 13 7 42 15 35 16 12 44 22 39 45 25 3 30 26 6 24 20 27 21 38 10 23 34 46 18 37 43 8 32 47 50 4 14 29 11 5 28 49 
student 305: 1 31 32 18 50 2 9 42 35 19 40 11 8 41 16 36 15 12 43 23 37 44 21 4 29 24 3 26 20 25 22 39 10 28 34 45 17 38 48 5 33 46 49 7 13 30 14 6 27 47 
student 306: 1 30 35 18 49 3 10 42 36 19 40 11 5 41 16 37 12 13 46 23 33 43 20 2 32 25 7 31 21 24 22 39 8 26 29 47 15 38 44 9 34 45 50 6 14 28 17 4 27 48 
student 307: 1 31 33 20 49 2 9 44 37 19 42 12 8 38 15 35 13 17 45 24 34 41 21 4 30 23 3 29 18 25 22 40 11 26 32 48 16 39 47 6 36 43 46 7 10 28 14 5 27 50 
student 308: 1 36 31 18 48 2 10 44 34 20 40 12 5 41 15 38 19 11 46 25 35 47 17 3 30 23 9 24 22 27 21 39 13 28 33 43 16 37 42 6 32 45 50 7 8 29 14 4 26 49 
student 309: 2 34 33 20 49 1 9 43 36 17 40 14 8 42 15 37 13 10 45 22 31 46 23 3 29 26 7 28 21 24 19 38 11 25 30 44 18 39 41 6 35 47 50 5 12 32 16 4 27 48 
student 310: 1 31 34 19 49 2 10 41 32 20 40 14 8 42 15 38 13 11 44 24 36 45 21 4 30 25 6 29 16 23 22 39 9 26 28 46 17 37 43 5 35 47 50 7 12 33 18 3 27 48 
student 311: 1 31 33 18 50 4 7 43 34 17 40 14 9 41 11 35 19 12 45 23 38 49 22 2 32 24 5 28 21 27 20 39 10 25 29 44 16 36 42 8 37 47 48 6 15 30 13 3 26 46 
student 312: 1 30 32 19 50 3 10 41 37 18 44 9 7 46 12 38 14 13 42 24 36 45 21 2 29 26 5 27 20 25 22 33 11 23 35 43 17 40 39 8 34 47 49 6 15 31 16 4 28 48 
student 313: 2 31 29 19 46 1 10 42 36 15 40 11 8 41 14 37 17 12 44 22 35 47 21 3 33 26 4 30 20 24 23 39 9 25 32 45 18 38 43 7 34 48 50 5 16 27 13 6 28 49 
student 314: 2 35 32 18 49 1 8 43 37 16 40 13 9 41 14 36 15 10 42 24 34 44 21 3 26 25 6 30 20 22 23 39 11 27 28 46 17 38 45 7 31 47 50 4 12 33 19 5 29 48 
student 315: 2 32 34 18 49 1 11 42 33 20 38 10 8 40 12 37 17 14 44 24 36 47 19 3 29 26 6 27 22 23 21 39 9 30 28 45 16 41 43 7 35 50 48 5 15 31 13 4 25 46 
student 316: 1 34 33 19 49 6 10 44 35 16 42 13 7 37 14 36 15 12 45 23 39 46 20 2 29 25 4 30 21 26 24 38 9 22 31 41 18 40 43 11 32 47 50 5 8 27 17 3 28 48 
student 317: 2 29 33 21 49 1 10 39 35 19 44 13 8 43 11 37 15 14 42 23 36 46 20 3 32 27 5 28 18 24 22 40 9 25 31 45 17 38 41 7 34 50 48 6 12 30 16 4 26 47 
student 318: 2 28 34 18 46 3 7 42 35 17 40 13 11 41 16 37 10 12 45 22 36 43 21 1 33 24 8 27 19 25 23 39 9 26 32 49 15 38 48 6 30 47 50 4 14 31 20 5 29 44 
student 319: 1 31 32 19 50 2 7 42 37 18 40 10 9 41 14 36 15 13 43 23 33 47 20 3 28 25 5 29 21 22 24 39 11 30 34 46 17 38 45 6 35 44 49 8 12 27 16 4 26 48 
student 320: 4 30 32 19 50 1 13 44 35 18 41 9 8 43 16 36 10 11 40 23 37 47 21 2 31 24 3 29 17 25 22 39 7 26 33 42 20 38 46 6 34 45 49 12 14 28 15 5 27 48 
student 321: 2 32 33 17 50 1 9 45 36 18 41 12 6 37 14 38 15 11 42 23 34 47 22 3 30 27 8 29 20 24 25 40 10 19 31 44 16 39 43 7 35 49 48 5 13 28 21 4 26 46 
student 322: 2 34 37 19 50 3 8 42 32 20 41 9 6 40 14 35 13 15 44 24 36 46 23 1 29 27 5 28 17 21 22 38 12 25 30 45 18 39 43 10 33 48 47 7 11 31 16 4 26 49 
student 323: 1 32 31 22 49 2 9 42 35 18 41 12 7 40 13 38 16 10 43 23 37 45 19 3 30 26 5 27 20 21 25 39 11 28 34 44 17 36 46 8 33 47 50 6 15 29 14 4 24 48 
student 324: 1 32 33 18 50 3 8 43 35 19 38 12 7 42 14 39 16 10 44 23 36 46 20 6 31 24 2 27 22 25 21 41 11 26 29 45 17 37 40 9 34 48 47 5 13 30 15 4 28 49 
student 325: 1 34 30 17 49 3 8 42 33 19 40 9 7 43 14 36 15 12 41 21 37 46 18 2 35 24 4 28 22 26 23 38 10 25 29 44 20 39 45 11 32 50 47 6 13 31 16 5 27 48 
student 326: 1 30 33 21 50 2 9 43 35 19 42 12 8 39 14 37 16 10 46 20 38 44 18 3 31 28 4 26 22 25 23 40 11 24 32 47 17 36 41 6 34 45 48 7 13 27 15 5 29 49 
student 327: 1 30 32 19 49 2 9 43 37 18 40 12 8 41 15 35 14 10 44 22 36 45 20 3 29 25 6 24 26 23 21 39 11 28 34 48 16 38 42 5 33 50 47 7 13 31 17 4 27 46 
student 328: 1 31 32 18 50 2 7 42 35 16 36 10 9 39 14 40 12 13 45 23 38 47 22 4 30 25 5 28 21 24 20 43 11 26 33 46 19 37 41 8 34 44 48 6 15 29 17 3 27 49 
student 329: 1 32 33 19 50 2 8 42 35 17 39 11 7 41 15 37 13 12 44 23 36 45 22 3 30 27 4 28 21 25 20 40 10 24 29 46 18 38 43 9 34 47 49 5 14 31 16 6 26 48 
student 330: 1 30 33 18 50 2 12 40 35 21 39 11 7 37 14 38 17 6 44 19 36 49 23 5 32 25 3 27 20 24 22 41 10 26 31 45 15 42 43 8 34 47 46 9 16 29 13 4 28 48 
student 331: 1 31 33 19 50 2 9 42 35 18 39 10 7 41 14 36 15 13 47 23 37 44 20 3 30 25 4 27 22 24 21 40 6 26 32 46 16 38 43 11 34 45 48 8 12 29 17 5 28 49 
student 332: 1 30 32 22 49 4 8 43 34 21 38 12 9 42 13 37 17 11 46 23 36 45 19 6 31 27 3 26 18 24 20 39 10 29 35 44 16 40 41 5 33 48 47 7 14 28 15 2 25 50 
student 333: 6 31 34 20 50 1 8 43 35 18 39 11 7 42 12 37 16 9 41 21 36 46 19 2 30 25 3 28 23 24 22 40 14 26 33 45 17 38 44 10 32 48 49 5 13 29 15 4 27 47 
student 334: 1 31 35 17 50 5 9 42 33 18 39 11 10 45 14 37 15 8 41 22 36 44 23 2 27 24 4 29 20 21 25 40 12 26 32 43 19 38 46 7 34 48 49 6 13 30 16 3 28 47 
student 335: 1 31 32 20 49 4 8 39 33 17 38 12 10 42 14 37 15 11 41 23 34 45 18 2 30 24 3 26 21 28 22 40 9 25 35 44 19 43 46 7 36 48 50 5 13 29 16 6 27 47 
student 336: 2 32 33 20 49 1 15 42 35 18 40 12 6 41 13 36 10 9 44 28 38 47 23 4 30 24 7 29 19 21 25 39 11 22 31 46 17 34 43 8 37 48 50 5 14 27 16 3 26 45 
student 337: 1 28 33 16 50 2 11 41 36 18 42 13 7 40 15 37 17 10 44 20 35 46 23 4 26 22 8 31 19 27 25 39 9 24 30 45 14 38 43 6 34 48 49 3 12 32 21 5 29 47 
student 338: 2 31 30 21 47 1 9 42 34 17 39 12 6 43 19 41 14 11 45 23 35 46 20 3 32 27 5 25 18 24 22 38 10 28 33 44 16 37 40 8 36 50 49 7 13 29 15 4 26 48 
student 339: 1 30 35 20 50 5 9 44 34 14 38 12 8 41 13 36 15 11 43 24 40 47 19 2 31 27 4 28 21 23 22 39 10 25 33 46 17 37 42 7 32 45 49 6 18 29 16 3 26 48 
student 340: 2 29 35 18 50 1 6 41 34 17 46 13 8 40 14 38 21 11 43 23 33 45 19 3 30 26 9 28 20 25 22 39 10 31 32 44 16 37 42 5 36 48 49 4 12 27 15 7 24 47 
student 341: 1 29 34 19 50 2 7 42 39 14 37 13 9 41 16 35 17 10 44 18 36 48 21 5 31 24 4 28 22 23 25 38 11 26 32 46 20 40 43 6 33 49 47 8 12 30 15 3 27 45 
student 342: 2 31 35 18 48 3 9 45 38 20 40 13 8 34 12 36 16 10 46 24 37 42 21 4 30 25 5 27 19 23 22 41 11 26 32 43 17 39 44 7 33 47 50 6 14 29 15 1 28 49 
student 343: 1 29 33 19 49 2 9 46 36 17 40 12 8 44 13 37 11 14 41 23 34 47 21 4 32 26 3 28 20 27 22 39 10 24 31 45 18 38 42 6 35 43 50 7 16 30 15 5 25 48 
student 344: 2 33 34 18 50 1 9 38 32 19 40 12 8 41 16 39 14 10 44 22 36 45 21 3 30 24 6 27 20 23 25 42 11 28 31 46 15 37 43 5 35 47 48 7 13 29 17 4 26 49 
student 345: 1 32 31 20 50 3 9 42 36 19 39 11 8 43 15 38 13 14 44 22 34 45 23 2 29 24 4 30 18 25 21 37 10 28 33 46 16 41 40 5 35 47 49 7 12 27 17 6 26 48 
student 346: 2 33 30 19 50 5 10 43 35 15 41 13 7 40 14 38 16 12 42 23 36 45 22 3 32 25 8 28 18 24 21 39 11 26 31 46 20 37 44 6 34 47 48 4 9 29 17 1 27 49 
student 347: 2 30 33 18 50 1 8 43 35 17 38 13 9 44 14 40 16 11 41 22 36 46 24 3 28 23 4 25 19 29 21 39 10 26 31 45 20 37 42 6 34 47 49 7 12 32 15 5 27 48 
student 348: 1 30 35 20 49 2 11 43 34 19 38 13 5 42 15 37 16 10 44 26 39 46 17 4 31 28 6 27 21 23 22 41 8 24 33 47 18 40 36 9 32 48 50 7 12 29 14 3 25 45 
student 349: 1 28 34 14 50 2 10 43 37 18 42 13 9 40 15 36 16 11 44 26 35 46 23 4 29 25 5 32 20 21 24 38 8 27 31 45 19 39 41 7 33 47 49 6 12 30 17 3 22 48 
student 350: 1 32 34 21 49 2 8 43 39 16 37 9 4 38 15 41 18 12 44 22 36 45 20 5 31 26 6 29 19 25 23 40 11 27 33 46 17 28 42 10 35 47 50 7 13 30 14 3 24 48 
student 351: 3 29 31 19 50 1 4 42 36 17 38 12 10 43 15 35 16 11 45 23 37 49 20 2 32 24 7 25 22 26 21 41 9 27 33 48 13 39 44 6 34 47 46 8 14 30 18 5 28 40 
student 352: 1 32 33 19 50 4 9 43 35 18 38 12 5 41 16 37 14 11 45 22 39 48 25 2 29 27 6 28 20 23 21 34 10 24 31 44 17 40 42 8 36 46 49 7 13 30 15 3 26 47 
student 353: 3 31 35 18 50 1 8 42 33 16 38 14 11 41 13 37 15 12 43 23 36 47 25 5 30 26 7 29 20 22 21 40 10 24 32 45 19 39 44 9 34 46 49 4 6 28 17 2 27 48 
student 354: 1 32 33 20 50 4 9 40 35 19 41 11 7 42 14 36 15 12 43 23 37 45 18 2 30 24 5 28 22 25 21 39 10 26 29 46 17 38 44 6 34 49 47 8 13 31 16 3 27 48 
student 355: 2 31 32 19 48 1 10 41 36 17 45 11 7 35 14 38 16 12 43 22 37 44 21 3 30 23 6 28 20 24 26 40 8 25 33 46 15 39 42 9 34 47 49 5 13 27 18 4 29 50 
student 356: 3 31 34 18 50 1 11 41 33 16 40 13 9 42 14 36 17 10 47 25 35 45 24 2 28 19 5 30 21 26 22 39 6 23 32 43 20 38 44 8 37 46 48 7 12 27 15 4 29 49 
student 357: 1 31 35 21 49 3 10 42 39 19 40 13 8 41 17 36 15 12 44 24 34 47 18 2 29 25 5 30 20 23 22 38 11 26 32 45 16 37 43 7 33 48 46 6 9 28 14 4 27 50 
student 358: 1 32 33 21 47 5 7 46 35 18 43 12 9 41 15 37 16 11 42 20 34 44 23 4 27 29 3 28 17 24 22 38 10 25 30 45 19 40 39 8 36 48 50 6 13 31 14 2 26 49 
student 359: 4 32 33 19 47 3 8 41 34 18 39 13 10 42 12 40 15 11 45 23 37 48 21 1 30 26 7 28 22 25 24 38 9 20 31 43 16 36 44 6 35 49 50 5 14 29 17 2 27 46 
student 360: 1 30 32 18 49 3 9 44 34 17 41 12 7 42 14 38 15 13 43 23 39 47 20 2 31 27 5 28 21 25 24 37 11 22 33 45 19 35 40 6 36 48 46 8 10 29 16 4 26 50 
student 361: 1 29 32 17 50 2 6 42 36 19 39 12 9 44 14 34 15 10 48 21 37 45 20 5 28 25 8 31 22 24 23 41 13 26 35 43 18 38 47 7 33 40 46 3 11 30 16 4 27 49 
student 362: 2 31 32 19 49 1 8 43 33 17 39 12 7 40 14 35 15 10 42 24 37 45 20 5 34 21 3 26 22 25 23 41 9 29 36 46 18 38 44 11 30 47 50 6 13 28 16 4 27 48 
student 363: 1 31 33 19 49 2 8 41 35 18 40 11 9 43 14 36 17 12 42 22 38 45 20 3 30 25 4 26 21 24 23 39 10 29 32 50 15 37 46 7 34 47 48 6 13 28 16 5 27 44 
student 364: 2 33 34 18 47 3 10 42 36 16 41 11 7 40 12 37 14 9 44 24 35 49 22 5 32 28 6 26 19 25 20 39 17 23 30 48 21 43 31 8 38 45 50 4 13 29 15 1 27 46 
student 365: 1 30 33 21 49 2 6 43 35 17 39 11 4 41 14 36 15 10 42 22 37 45 20 9 32 24 7 26 18 25 23 40 12 28 31 46 16 38 44 8 34 47 50 3 13 29 19 5 27 48 
student 366: 1 32 33 20 50 3 8 42 36 18 40 12 9 41 13 38 15 11 45 30 35 47 22 5 28 24 4 27 19 21 23 37 10 26 31 43 17 39 44 2 34 46 49 7 14 29 16 6 25 48 
student 367: 1 32 33 18 50 4 11 44 36 17 42 12 8 41 13 37 15 10 43 21 35 45 19 5 28 25 2 29 20 24 23 39 9 27 34 48 22 38 40 7 30 46 49 6 14 31 16 3 26 47 
student 368: 1 30 33 18 50 2 10 42 36 19 40 11 8 43 14 37 15 12 44 22 35 46 21 3 31 25 5 28 20 23 24 38 9 26 32 45 17 39 41 7 34 47 49 6 13 29 16 4 27 48 
student 369: 3 31 33 18 49 1 10 48 35 17 39 13 7 41 14 37 15 11 42 21 38 46 22 2 30 24 4 28 25 23 20 40 8 27 32 44 19 36 43 9 34 45 50 6 12 29 16 5 26 47 
student 370: 2 31 35 19 49 1 7 43 34 20 41 14 8 33 13 39 16 9 44 26 37 45 22 3 30 24 4 28 18 23 21 40 11 25 32 48 15 38 42 6 36 47 50 10 12 27 17 5 29 46 
student 371: 1 30 32 22 50 2 4 42 34 16 39 11 10 40 13 38 15 12 44 24 36 47 21 5 33 26 7 27 20 23 19 37 17 25 31 46 18 41 43 8 35 48 49 3 9 29 14 6 28 45 
student 372: 1 31 32 16 50 2 10 42 37 20 40 12 5 41 13 34 15 11 43 25 36 46 23 3 30 24 4 26 19 22 21 39 9 28 33 45 18 38 44 8 35 47 49 6 14 29 17 7 27 48 
student 373: 1 31 32 20 50 2 6 42 34 14 41 18 9 40 15 38 12 10 44 21 37 46 22 3 30 25 7 28 17 23 24 39 11 26 33 47 19 36 43 8 35 48 49 5 13 29 16 4 27 45 
student 374: 1 31 37 20 50 2 6 42 33 17 41 12 8 39 16 35 14 11 46 24 38 44 21 3 28 25 4 27 18 23 22 40 9 26 32 45 19 36 43 5 34 47 49 7 13 29 15 10 30 48 
student 375: 2 31 32 20 48 5 8 40 36 16 42 13 9 41 11 37 15 10 47 23 35 44 19 4 29 24 1 28 21 25 22 39 12 26 33 49 18 38 43 7 34 45 50 3 14 30 17 6 27 46 
student 376: 1 31 33 18 50 3 10 42 36 16 45 12 8 35 14 39 15 11 43 27 37 49 20 2 29 25 6 30 21 23 22 40 9 26 32 44 19 38 41 4 34 46 47 7 13 28 17 5 24 48 
student 377: 1 31 33 19 49 3 10 40 34 18 42 15 7 39 11 37 13 12 44 22 38 48 21 4 28 26 5 29 20 23 24 41 8 25 32 45 17 36 43 9 35 46 47 6 14 30 16 2 27 50 
student 378: 1 32 33 18 50 2 9 41 35 19 43 12 8 39 15 37 14 11 46 24 36 48 21 3 29 23 5 27 20 25 22 40 10 26 31 44 17 38 42 7 34 49 45 6 13 30 16 4 28 47 
student 379: 1 33 32 19 50 2 7 41 34 18 40 16 9 42 14 37 15 12 44 25 35 46 21 3 31 26 5 23 20 24 22 38 10 27 29 45 17 39 43 4 36 47 49 8 11 30 13 6 28 48 
student 380: 1 29 33 19 49 3 7 42 34 18 41 13 11 40 14 38 15 10 43 22 36 47 20 2 31 26 5 27 23 24 21 37 9 25 32 45 17 39 44 4 35 48 50 8 12 30 16 6 28 46 
student 381: 4 31 32 19 50 1 9 42 35 18 40 12 8 41 15 37 13 11 46 22 36 48 21 2 27 24 3 30 20 28 23 39 10 25 29 44 16 38 43 7 33 47 49 6 14 34 17 5 26 45 
student 382: 2 31 33 17 50 1 9 42 34 20 40 12 6 41 15 38 18 11 43 22 36 48 21 3 30 24 5 28 19 25 23 39 10 26 32 44 16 37 45 8 35 49 47 7 14 29 13 4 27 46 
student 383: 2 30 34 18 47 1 8 41 35 20 43 11 7 40 15 36 16 12 42 24 38 45 21 3 28 27 5 29 19 23 22 37 10 25 32 50 17 39 46 6 33 48 49 9 13 31 14 4 26 44 
student 384: 1 31 33 19 50 2 11 38 41 21 39 14 8 40 12 36 15 10 44 25 35 47 20 4 30 23 6 28 17 24 22 37 9 27 34 46 18 42 43 7 32 45 48 5 13 29 16 3 26 49 
student 385: 2 37 32 20 50 1 5 42 34 17 41 15 10 39 14 38 11 13 45 22 35 46 19 4 28 24 6 27 21 23 26 40 9 25 31 44 18 36 43 8 33 47 49 7 12 29 16 3 30 48 
student 386: 2 30 31 17 48 3 9 42 38 22 39 12 8 41 14 35 20 11 43 25 37 46 16 4 27 23 5 28 19 26 21 36 10 24 33 45 18 40 44 7 34 47 50 6 13 32 15 1 29 49 
student 387: 1 33 37 16 50 3 10 42 32 19 40 9 7 41 15 39 14 13 46 25 35 47 23 2 28 26 5 29 20 22 21 38 12 24 31 45 17 36 43 8 34 48 49 6 11 30 18 4 27 44 
student 388: 1 31 34 13 50 2 9 42 37 20 40 10 8 41 15 38 16 12 43 24 32 47 19 3 27 25 6 30 22 23 21 36 11 26 35 46 18 39 44 7 33 48 49 5 14 28 17 4 29 45 
student 389: 3 32 33 20 48 1 8 40 35 17 39 11 9 42 14 36 13 12 43 23 37 46 21 7 30 24 4 28 19 27 22 41 10 25 31 44 18 38 45 5 34 47 50 6 15 29 16 2 26 49 
student 390: 2 33 39 19 48 4 11 47 34 18 42 10 9 41 13 36 15 12 40 23 37 44 21 1 31 25 5 27 20 26 22 35 6 24 32 49 17 38 43 7 30 46 45 8 14 29 16 3 28 50 
student 391: 1 31 32 20 50 3 11 45 36 18 40 12 10 41 14 38 16 9 43 25 35 42 23 2 28 27 5 30 19 26 24 39 8 21 34 46 13 37 49 7 33 44 47 6 15 29 17 4 22 48 
student 392: 3 31 36 19 49 2 9 43 33 23 37 13 6 40 14 41 15 11 47 22 34 46 20 4 29 28 5 25 18 24 21 39 10 26 35 45 17 38 42 8 32 44 48 7 12 27 16 1 30 50 
student 393: 1 31 32 19 49 3 8 37 35 18 43 9 13 41 14 40 15 11 44 22 36 45 21 2 29 26 4 30 20 24 23 38 10 28 33 42 17 39 47 5 34 48 46 6 12 25 16 7 27 50 
student 394: 1 29 33 18 49 2 10 42 36 20 40 14 8 41 13 37 15 11 45 24 35 46 23 5 31 27 9 25 21 19 22 39 7 28 32 50 16 38 43 6 34 47 44 4 12 30 17 3 26 48 
student 395: 1 30 35 22 47 3 8 44 37 17 39 12 10 40 13 36 14 11 42 21 33 43 20 5 29 26 4 25 23 24 19 41 9 27 32 45 18 38 46 7 34 48 50 2 15 31 16 6 28 49 
student 396: 1 30 34 19 49 2 8 42 36 20 37 10 9 40 16 39 15 12 44 23 38 46 21 3 32 25 4 28 17 26 24 31 11 22 33 45 18 41 43 7 35 47 50 5 13 29 14 6 27 48 
student 397: 1 32 33 16 50 2 10 45 35 18 36 11 8 43 14 37 15 12 47 21 39 46 23 3 29 22 4 28 20 24 25 41 9 26 34 42 19 40 38 6 31 44 49 7 13 30 17 5 27 48 
student 398: 1 32 33 16 47 2 9 42 39 19 40 13 7 41 14 36 15 10 44 23 35 46 21 3 28 25 5 27 20 24 22 37 11 30 34 45 18 38 43 6 31 49 50 8 12 29 17 4 26 48 
student 399: 3 33 32 17 48 1 9 43 36 18 39 11 8 41 19 35 13 10 42 22 37 44 21 4 30 25 6 29 20 24 23 40 12 26 31 46 16 38 47 7 34 45 50 5 14 28 15 2 27 49 
student 400: 2 32 33 19 50 1 8 44 34 17 42 10 11 40 15 37 16 12 46 20 36 45 21 3 31 25 7 28 22 23 24 38 9 26 29 41 18 39 43 5 35 47 49 6 13 30 14 4 27 48 
student 401: 1 32 29 18 50 6 5 42 35 26 41 10 11 40 14 38 15 9 44 22 36 45 20 2 31 25 3 27 19 23 21 39 12 28 34 46 17 37 43 8 33 47 49 4 13 30 16 7 24 48 
student 402: 2 30 33 19 48 1 7 45 36 17 40 11 12 41 16 38 14 10 43 26 35 49 21 3 29 23 9 28 20 22 24 39 8 27 32 46 18 37 42 6 34 44 50 4 13 25 15 5 31 47 
student 403: 1 32 31 17 50 5 10 41 36 16 40 12 9 39 20 35 14 19 45 26 37 47 18 2 30 25 6 24 23 22 21 38 7 27 33 43 15 42 49 3 34 44 46 8 11 29 13 4 28 48 
student 404: 1 34 32 19 50 3 10 49 33 17 41 14 8 42 13 37 15 11 43 22 36 46 21 4 31 24 5 29 20 23 25 39 9 28 26 44 18 38 40 7 35 47 48 6 12 30 16 2 27 45 
student 405: 2 31 34 19 49 1 12 42 35 21 41 11 8 40 14 36 15 10 44 22 37 45 18 3 33 25 6 24 23 27 20 38 9 26 30 47 17 39 43 5 32 48 50 7 13 28 16 4 29 46 
student 406: 2 31 34 18 46 7 9 44 33 17 39 15 4 42 13 36 14 11 43 25 35 45 21 1 30 24 5 27 20 23 22 37 10 29 32 40 19 38 47 8 41 50 48 6 12 28 16 3 26 49 
student 407: 1 31 33 19 48 2 9 42 35 16 43 11 7 40 14 37 15 10 45 20 36 50 22 6 30 26 12 27 21 24 23 39 8 25 32 44 17 38 41 5 34 46 49 4 13 28 18 3 29 47 
student 408: 3 26 33 17 50 2 11 41 35 20 39 12 7 42 16 36 14 10 45 23 40 44 18 1 31 30 6 25 22 24 21 38 9 28 27 46 19 37 43 5 34 47 48 8 13 32 15 4 29 49 
student 409: 2 31 32 17 49 3 9 44 36 19 37 13 10 42 15 38 14 7 43 20 35 48 22 1 30 25 5 29 18 24 23 40 11 27 33 45 21 39 41 8 34 46 47 6 12 28 16 4 26 50 
student 410: 1 32 31 23 50 2 9 45 37 22 40 12 13 41 16 36 14 8 43 21 35 44 17 4 30 26 7 28 20 24 19 39 10 25 33 46 18 38 42 3 34 47 49 6 11 29 15 5 27 48 
student 411: 1 32 35 19 50 2 8 41 36 18 39 15 6 42 16 40 13 11 44 24 34 46 23 3 28 25 7 26 22 21 20 38 10 29 31 45 17 37 43 4 33 48 47 5 12 30 14 9 27 49 
student 412: 2 33 28 18 50 1 14 41 35 22 43 12 9 40 11 39 13 10 44 24 36 42 21 6 31 25 5 29 20 23 19 38 4 27 32 46 16 37 45 7 34 49 47 8 15 30 17 3 26 48 
student 413: 1 30 31 19 50 3 6 37 35 15 41 9 8 42 14 38 16 13 45 24 36 46 22 7 33 28 4 27 20 25 21 40 12 23 32 44 18 39 43 10 34 47 49 5 11 29 17 2 26 48 
student 414: 1 33 32 18 48 2 10 41 36 17 38 12 6 39 13 37 15 11 45 23 34 47 22 7 30 26 4 28 21 24 20 44 9 25 31 42 19 40 43 8 35 46 49 5 14 29 16 3 27 50 
student 415: 1 27 30 20 49 2 8 45 33 18 44 12 7 40 14 37 16 9 42 25 36 46 22 3 23 31 4 29 19 26 21 38 11 28 32 43 17 39 41 6 35 47 50 10 13 34 15 5 24 48 
student 416: 1 35 34 16 50 3 9 41 33 20 40 12 8 42 17 39 13 11 44 23 36 46 19 2 29 25 6 26 22 27 21 37 10 24 31 43 15 38 45 7 32 47 49 5 14 28 18 4 30 48 
student 417: 2 32 35 18 50 5 10 42 34 20 39 13 8 40 14 33 15 9 44 23 36 46 19 1 28 24 4 29 21 25 22 41 11 26 31 45 17 38 43 7 37 49 48 6 12 30 16 3 27 47 
student 418: 3 31 34 18 49 4 10 43 32 20 40 12 9 42 13 39 14 11 44 25 35 45 22 1 30 26 5 29 21 24 23 36 7 19 33 46 16 38 41 6 37 48 50 8 15 28 17 2 27 47 
student 419: 4 32 33 17 50 2 9 44 36 18 41 12 8 42 14 37 15 11 45 22 34 46 20 1 31 25 3 29 21 24 23 38 10 26 27 43 19 39 40 7 35 48 47 6 13 30 16 5 28 49 
student 420: 1 30 34 18 47 3 6 41 35 22 40 12 9 43 14 37 16 11 46 23 36 44 21 8 28 29 4 31 20 24 19 39 10 27 33 48 17 38 42 7 32 50 49 5 13 26 15 2 25 45 
student 421: 1 32 31 18 50 2 5 42 37 21 41 13 8 39 15 34 14 10 44 23 36 45 22 4 35 26 6 30 19 24 20 38 9 25 28 46 17 40 43 12 33 47 49 7 11 27 16 3 29 48 
student 422: 2 31 34 17 50 1 8 43 37 19 41 11 9 40 12 35 16 7 44 23 36 45 21 3 30 26 5 28 20 24 22 39 14 25 32 47 18 38 42 10 33 48 49 6 15 29 13 4 27 46 
student 423: 1 32 31 20 50 2 8 42 36 19 41 12 9 39 14 40 18 11 47 22 35 45 21 3 30 24 5 28 17 23 27 38 10 26 33 43 16 37 46 7 34 44 49 6 13 29 15 4 25 48 
student 424: 1 31 33 19 50 3 9 45 34 17 37 14 11 41 12 38 16 7 43 23 36 44 21 2 29 24 4 30 20 25 22 40 10 26 32 46 18 39 42 8 35 47 49 5 15 28 13 6 27 48 
student 425: 1 30 34 21 48 2 11 42 35 20 41 9 10 40 14 38 15 12 44 23 39 45 18 4 27 26 6 29 19 24 22 37 8 28 33 43 16 36 46 7 32 47 50 5 13 31 17 3 25 49 
student 426: 3 32 33 18 46 2 9 41 37 17 40 12 11 44 14 36 19 10 45 23 34 48 22 1 31 25 6 28 20 24 21 39 8 27 30 43 16 38 42 7 35 47 50 5 13 29 15 4 26 49 
student 427: 2 31 33 17 49 3 10 43 37 16 40 11 8 41 15 35 14 12 47 22 39 46 23 4 29 24 1 28 20 25 21 38 9 26 32 44 19 36 42 7 34 48 50 6 13 30 18 5 27 45 
student 428: 2 34 33 18 50 5 7 40 31 16 43 12 9 39 14 37 15 11 44 23 36 46 19 6 32 25 8 28 20 24 22 42 10 27 29 45 21 38 41 1 35 48 49 3 13 30 17 4 26 47 
student 429: 6 31 30 18 47 1 10 42 37 16 41 9 8 38 15 34 17 13 44 20 35 46 22 3 29 27 4 32 21 24 23 40 11 25 36 45 19 39 43 7 33 48 50 5 12 28 14 2 26 49 
student 430: 1 31 32 19 49 2 7 42 34 16 41 12 11 39 13 38 14 10 44 23 35 45 22 3 29 25 5 27 20 24 21 40 9 26 33 47 15 36 43 6 37 50 48 4 17 28 18 8 30 46 
student 431: 2 31 33 20 48 1 9 44 35 19 40 11 8 41 14 37 15 10 43 28 32 46 21 3 29 25 4 26 18 24 23 38 12 22 34 45 17 39 42 7 36 50 49 5 13 30 16 6 27 47 
student 432: 1 32 29 20 50 2 8 37 33 19 34 12 6 40 13 39 16 11 46 24 38 45 18 3 30 22 5 31 21 25 23 42 10 28 36 44 17 41 43 9 35 47 49 7 15 27 14 4 26 48 
student 433: 1 27 36 21 49 2 8 43 35 17 41 11 9 42 14 38 12 13 47 24 34 46 22 4 31 25 5 29 19 20 23 37 10 28 30 44 18 39 40 7 33 45 50 6 15 32 16 3 26 48 
student 434: 2 32 34 20 49 1 10 40 36 15 41 14 8 43 12 38 18 11 44 21 35 47 24 4 30 23 3 28 22 26 17 39 9 27 31 46 19 37 42 6 33 50 45 7 16 29 13 5 25 48 
student 435: 1 31 32 20 49 2 11 44 33 19 39 12 9 41 14 37 15 7 45 27 36 46 18 4 28 23 3 24 22 25 21 40 10 26 34 42 16 38 43 8 35 50 48 5 13 30 17 6 29 47 
student 436: 2 33 31 19 50 1 8 42 39 18 40 12 9 41 14 34 13 11 43 23 35 45 20 3 29 26 7 30 21 25 22 37 10 24 36 46 16 38 44 4 32 48 47 5 15 28 17 6 27 49 
student 437: 1 31 34 16 50 2 9 42 35 20 40 13 8 41 12 37 15 10 43 25 39 48 21 3 30 27 5 22 19 24 23 38 11 26 32 45 18 36 44 7 33 46 49 6 17 29 14 4 28 47 
student 438: 1 33 32 16 49 3 8 44 37 20 40 14 9 42 17 39 13 10 41 23 34 46 21 2 29 24 5 27 18 30 22 38 12 26 31 45 19 36 43 6 35 50 48 7 11 28 15 4 25 47 
student 439: 1 37 34 20 50 2 8 44 41 16 35 11 10 36 14 39 15 13 43 22 33 46 30 5 32 26 4 25 18 23 21 40 9 24 29 42 19 38 45 6 31 49 47 7 12 27 17 3 28 48 
student 440: 1 34 35 20 50 2 8 40 37 18 41 12 11 39 16 38 13 10 45 25 36 43 19 3 27 24 4 29 21 23 22 42 9 26 32 46 17 31 44 7 33 47 49 6 14 30 15 5 28 48 
student 441: 2 33 31 19 49 3 9 43 36 21 40 12 7 41 14 38 15 11 45 23 37 42 17 4 30 24 6 28 22 25 20 39 10 26 32 48 16 35 44 8 34 46 47 1 13 29 18 5 27 50 
student 442: 2 32 31 16 50 3 9 40 37 18 41 10 14 42 13 38 17 11 44 23 36 46 20 1 30 27 5 29 19 26 22 39 8 24 34 45 21 33 43 7 35 47 49 6 12 25 15 4 28 48 
student 443: 1 30 33 20 48 3 8 43 32 9 40 13 10 42 15 38 16 11 45 23 36 44 19 4 29 25 5 27 18 24 22 39 12 26 31 46 21 37 41 6 35 47 50 7 14 34 17 2 28 49 
student 444: 1 28 39 20 50 2 9 43 36 19 41 10 7 44 16 37 14 12 46 21 34 45 15 3 31 24 4 30 22 25 23 38 11 26 32 42 18 35 40 8 33 47 49 6 13 29 17 5 27 48 
student 445: 2 31 33 19 50 3 5 44 37 18 41 12 7 40 11 38 16 9 45 22 35 46 21 6 30 27 1 28 20 24 23 36 14 25 32 43 17 39 42 10 34 47 49 8 13 29 15 4 26 48 
student 446: 1 32 30 18 50 2 8 38 35 22 42 13 7 39 16 36 15 11 45 21 40 44 23 5 31 27 3 28 19 24 20 43 9 25 34 48 17 37 41 6 33 46 49 10 12 29 14 4 26 47 
student 447: 1 31 34 19 50 2 12 40 30 17 39 14 7 43 10 35 13 11 44 23 37 46 20 4 33 26 3 29 21 25 22 41 9 24 32 45 18 38 42 6 36 47 49 5 16 28 15 8 27 48 
student 448: 3 30 33 19 50 4 12 43 35 14 40 13 8 41 15 34 10 11 44 25 38 46 21 2 31 27 5 28 20 22 24 39 9 23 32 45 18 37 42 7 36 47 48 6 17 29 16 1 26 49 
student 449: 4 30 34 20 50 1 9 43 35 17 39 10 7 41 13 37 15 12 46 23 36 49 22 2 32 24 8 28 19 25 21 40 11 26 31 44 18 38 42 6 33 48 47 3 14 29 16 5 27 45 
student 450: 1 31 32 20 50 2 13 42 35 19 39 10 7 41 15 37 12 11 43 25 40 45 21 3 26 28 4 29 18 23 22 38 9 27 33 47 16 36 44 8 34 48 46 5 14 30 17 6 24 49 
student 451: 1 28 33 19 48 2 6 40 35 16 42 12 8 39 17 37 14 11 45 22 36 47 21 4 31 25 3 29 20 23 24 41 10 26 34 46 18 38 43 9 32 44 50 7 13 27 15 5 30 49 
student 452: 1 30 32 20 50 2 14 40 36 17 44 10 8 42 15 33 16 11 41 23 37 45 22 5 31 26 3 29 19 21 24 39 9 27 35 43 18 38 46 7 34 47 49 4 13 28 12 6 25 48 
student 453: 1 34 31 18 50 2 9 42 35 17 43 16 8 41 13 37 10 11 44 21 36 48 22 3 30 24 5 28 20 25 23 39 12 27 33 45 19 38 40 7 32 46 49 6 14 29 15 4 26 47 
student 454: 4 32 33 17 50 1 9 38 34 19 42 11 8 41 14 39 16 12 44 23 36 45 25 5 30 24 2 29 20 26 22 37 10 27 31 46 18 40 43 6 35 47 49 3 13 28 15 7 21 48 
student 455: 1 33 29 20 50 2 9 42 36 19 43 15 8 40 12 37 14 11 41 23 35 47 17 4 30 25 5 27 22 24 21 39 10 26 31 46 18 38 44 7 34 48 49 6 13 32 16 3 28 45 
student 456: 2 31 33 16 50 4 11 42 36 19 41 14 8 40 12 34 15 10 44 22 37 47 21 6 30 25 5 28 20 24 23 38 9 27 32 45 18 39 43 7 35 46 49 3 13 29 17 1 26 48 
student 457: 1 33 31 19 49 2 10 44 35 18 41 16 8 42 13 37 14 12 43 23 36 48 22 4 32 28 3 27 20 21 24 39 9 25 29 46 17 38 40 6 34 45 47 5 11 30 15 7 26 50 
student 458: 1 33 32 19 49 2 8 43 36 18 40 9 6 41 14 37 15 12 42 21 35 47 23 4 31 25 5 28 20 24 22 39 13 27 29 44 17 38 46 10 34 50 48 7 11 30 16 3 26 45 
student 459: 1 29 33 19 48 2 7 41 36 14 40 12 8 43 15 34 17 13 44 23 37 45 21 4 31 25 9 28 18 24 22 38 11 26 32 46 20 39 42 3 30 47 50 6 16 35 10 5 27 49 
student 460: 3 29 32 22 48 2 11 41 35 20 39 7 9 42 13 37 14 15 44 25 36 43 21 1 30 23 4 33 18 26 19 38 12 28 31 47 17 40 46 6 34 45 50 5 10 27 16 8 24 49 
student 461: 3 30 32 18 49 2 5 45 35 19 42 11 9 40 15 36 14 12 44 22 37 43 21 4 28 26 7 29 20 24 23 39 10 25 33 46 16 38 41 8 34 50 47 6 13 31 17 1 27 48 
student 462: 1 31 32 22 50 2 13 43 36 18 40 10 11 41 15 37 14 9 42 26 34 47 21 5 30 24 6 29 19 23 20 38 8 25 33 44 16 39 45 4 35 46 49 7 12 28 17 3 27 48 
student 463: 3 32 34 14 49 2 9 41 40 15 39 11 7 42 16 36 17 10 50 26 35 45 20 1 30 25 6 28 21 22 23 38 8 24 31 44 19 37 43 12 33 46 48 4 13 29 18 5 27 47 
student 464: 1 31 32 22 50 3 8 47 34 17 42 12 9 40 13 38 15 11 41 21 36 45 20 5 28 26 4 27 18 23 25 37 10 24 33 44 16 39 43 7 35 46 49 6 14 30 19 2 29 48 
student 465: 1 32 34 18 49 3 9 42 35 19 39 13 8 40 12 41 15 14 46 22 38 45 20 2 31 26 7 27 24 25 21 36 10 23 30 44 16 37 43 6 33 47 48 4 11 29 17 5 28 50 
student 466: 1 34 36 19 50 2 8 41 31 23 42 11 10 39 14 37 15 12 44 22 35 45 20 3 32 25 7 28 18 26 21 40 9 24 33 46 16 30 43 5 38 47 48 4 13 29 17 6 27 49 
student 467: 1 31 35 19 50 4 11 42 34 18 39 13 8 41 14 37 15 9 43 26 36 45 20 2 29 24 6 27 21 22 23 44 12 25 32 46 17 38 40 7 33 48 49 5 10 30 16 3 28 47 
student 468: 2 32 33 15 48 3 8 42 35 20 41 13 9 40 16 36 14 12 44 19 38 46 18 5 30 23 6 28 21 24 25 39 11 26 31 45 22 37 43 7 34 50 47 4 10 29 17 1 27 49 
student 469: 1 27 32 19 50 2 9 41 35 18 40 14 8 45 11 37 16 12 47 20 36 44 24 3 31 23 5 30 21 26 22 39 10 28 33 43 15 38 42 7 34 48 46 4 13 29 17 6 25 49 
student 470: 1 31 34 18 50 2 10 44 35 19 40 11 9 43 15 39 14 13 45 27 36 46 22 3 30 20 5 25 21 23 26 38 8 24 32 42 17 37 41 7 33 48 47 6 12 28 16 4 29 49 
student 471: 3 30 32 18 50 1 8 43 35 20 37 10 15 39 12 42 13 9 44 24 40 47 22 2 34 25 7 28 19 23 21 38 16 26 31 45 17 36 41 5 33 48 49 4 11 29 14 6 27 46 
student 472: 1 31 32 19 49 2 10 40 34 17 39 11 6 44 12 38 15 14 43 22 36 47 21 3 30 25 8 26 20 23 24 41 9 28 33 45 18 37 42 4 35 48 50 7 13 29 16 5 27 46 
student 473: 1 31 33 18 50 2 7 41 35 19 39 10 11 43 16 37 12 13 42 25 38 46 21 3 24 27 4 28 20 23 22 34 9 29 32 45 17 40 44 8 36 47 49 6 15 30 14 5 26 48 
student 474: 1 29 34 20 49 2 10 40 35 17 41 15 6 42 13 38 14 12 43 24 39 47 18 7 30 22 3 27 21 25 23 37 11 26 32 44 19 36 45 9 33 46 48 5 8 28 16 4 31 50 
student 475: 3 31 35 17 48 1 9 49 33 19 41 11 8 40 13 43 16 14 42 23 36 44 21 2 29 24 6 28 20 25 22 38 10 27 34 46 15 39 37 5 32 47 50 7 12 30 18 4 26 45 
student 476: 1 33 34 19 50 2 12 42 32 18 41 11 8 39 14 37 17 13 45 24 36 47 23 7 30 26 3 29 20 22 21 40 9 25 31 46 16 38 43 4 35 44 49 6 10 28 15 5 27 48 
student 477: 1 33 31 19 49 2 6 41 38 15 42 16 9 37 13 35 11 12 46 23 36 47 22 3 30 24 5 29 20 26 21 40 10 27 32 44 18 39 43 7 34 48 50 8 14 28 17 4 25 45 
student 478: 1 31 30 19 48 3 12 44 36 18 40 13 6 41 14 34 15 11 43 24 37 46 21 2 29 25 5 28 20 23 22 39 8 27 32 45 16 38 42 10 35 47 50 7 9 33 17 4 26 49 
student 479: 1 31 32 22 50 2 9 42 33 20 40 12 6 43 13 39 16 11 45 19 37 44 21 4 30 25 5 26 15 24 23 38 10 29 35 48 18 36 41 8 34 46 49 7 14 28 17 3 27 47 
student 480: 2 32 35 21 49 1 10 40 33 18 41 11 9 42 14 37 15 13 43 24 36 45 19 4 27 25 5 28 20 22 23 39 7 26 31 46 16 38 44 6 29 47 50 8 12 34 17 3 30 48 
student 481: 3 31 34 19 49 5 6 43 35 18 40 10 4 42 13 37 16 8 44 23 36 47 21 2 29 26 7 30 20 24 22 39 12 25 32 45 17 38 41 9 33 46 48 11 14 28 15 1 27 50 
student 482: 1 31 32 22 50 2 7 41 35 17 40 12 11 42 13 36 14 10 46 23 38 48 20 3 27 25 6 26 19 21 24 39 9 28 33 45 15 37 43 8 34 44 47 5 16 30 18 4 29 49 
student 483: 1 33 31 15 50 2 9 42 35 19 40 11 7 41 14 38 16 12 44 26 32 45 25 4 29 23 5 28 20 24 21 39 10 22 36 48 17 37 43 8 34 46 49 6 13 30 18 3 27 47 
student 484: 3 34 32 17 50 1 8 47 31 23 40 10 4 41 15 39 12 13 43 22 35 45 21 2 30 24 6 29 19 25 20 38 11 28 33 44 18 37 42 9 36 46 49 7 14 27 16 5 26 48 
student 485: 1 31 34 26 49 2 9 44 35 18 39 11 8 42 14 37 15 12 41 21 36 46 20 3 29 24 6 27 19 22 23 38 10 25 32 43 17 40 45 4 33 47 48 7 13 30 16 5 28 50 
student 486: 1 28 35 19 49 2 6 42 33 17 39 11 8 40 16 38 14 10 43 24 36 46 22 3 31 27 4 30 18 26 21 37 12 23 32 45 20 41 44 9 34 47 48 7 13 25 15 5 29 50 
student 487: 1 33 32 18 50 4 8 42 35 14 41 12 9 37 15 36 17 11 46 23 34 48 20 2 30 26 6 27 19 25 21 39 13 24 38 43 22 40 45 7 31 47 49 3 10 29 16 5 28 44 
student 488: 1 31 33 20 49 2 9 44 34 17 40 11 8 42 14 36 16 12 41 23 37 46 22 3 30 25 7 28 19 24 21 38 10 27 32 45 18 39 43 6 35 47 48 5 13 29 15 4 26 50 
student 489: 1 30 36 18 50 4 10 41 34 19 39 12 8 42 14 35 15 11 47 24 37 48 22 2 32 25 6 28 20 23 21 40 5 26 33 44 17 38 43 9 31 45 46 7 13 29 16 3 27 49 
student 490: 3 28 33 19 50 1 7 47 37 18 40 12 4 41 14 36 15 11 43 21 35 45 25 2 30 26 10 27 24 22 20 39 8 23 32 44 16 38 42 9 34 49 48 6 13 31 17 5 29 46 
student 491: 1 31 34 19 50 3 9 42 30 18 39 13 5 41 15 37 11 14 43 24 36 46 21 2 29 28 7 27 20 23 22 40 10 25 32 44 17 38 45 8 35 49 48 6 12 33 16 4 26 47 
student 492: 1 30 33 16 50 2 10 42 34 20 41 11 8 37 12 39 14 13 44 22 36 47 18 7 29 25 4 28 21 24 23 40 9 27 32 45 19 38 43 5 35 46 49 6 15 31 17 3 26 48 
student 493: 1 32 35 18 50 2 9 43 30 17 42 8 10 40 13 38 16 11 45 26 36 41 19 3 31 24 5 29 21 22 23 37 14 25 33 48 20 39 44 6 34 47 49 7 12 28 15 4 27 46 
student 494: 1 32 27 20 48 2 13 43 35 18 38 12 9 44 10 39 14 11 40 23 36 46 21 4 30 26 5 29 16 25 22 42 8 24 33 45 15 37 41 7 34 47 50 6 17 31 19 3 28 49 
student 495: 1 31 33 17 50 5 9 42 35 19 46 12 8 40 16 36 15 11 43 22 34 45 20 4 30 26 3 29 18 23 25 39 10 24 32 44 21 37 41 7 38 48 49 2 13 27 14 6 28 47 
student 496: 1 32 35 20 50 2 9 41 36 18 40 12 8 42 14 33 16 10 45 24 37 48 19 3 30 27 7 25 22 21 23 38 11 28 34 44 17 39 43 4 29 47 49 6 13 31 15 5 26 46 
student 497: 1 30 34 17 49 3 8 43 35 20 39 16 10 40 13 36 15 12 44 24 37 47 21 4 33 25 7 29 19 23 22 42 9 28 32 45 18 38 41 2 31 48 50 6 11 27 14 5 26 46 
student 498: 2 32 30 15 50 1 7 40 35 20 41 12 9 42 14 38 16 11 43 25 36 46 21 3 27 23 6 31 18 24 19 39 10 26 33 47 22 37 44 8 34 48 49 5 13 29 17 4 28 45 
student 499: 1 30 33 19 50 3 9 43 34 18 38 13 8 40 12 39 15 10 41 21 36 46 26 2 31 23 7 25 20 24 22 44 11 29 32 42 17 37 45 5 35 47 49 6 14 28 16 4 27 48 
