student 0: 24 47 20 48 9 25 19 43 45 3 7 15 10 33 34 13 21 42 18 29 2 36 41 35 27 31 8 28 4 44 12 50 23 22 39 1 11 32 16 38 26 17 37 30 5 46 6 49 40 14 
student 1: 23 48 26 50 7 24 19 42 46 2 10 16 8 34 32 11 25 41 21 27 3 38 39 36 30 29 5 20 6 45 12 49 17 18 43 1 15 31 22 35 28 13 40 33 9 47 4 44 37 14 
student 2: 25 46 24 47 9 26 19 36 43 2 7 16 6 32 34 12 22 44 17 27 3 39 42 35 29 30 11 20 5 45 13 50 18 23 40 1 10 31 21 37 28 14 41 33 8 49 4 48 38 15 
student 3: 23 46 25 47 5 27 20 40 42 3 7 16 12 34 36 11 21 41 22 26 6 37 43 35 31 30 9 24 4 45 13 50 17 19 44 1 10 29 18 32 28 15 38 33 8 48 2 49 39 14 
student 4: 20 46 26 47 12 28 24 41 45 1 6 16 5 34 36 10 23 43 17 25 3 39 38 40 27 33 9 22 7 44 13 50 18 19 42 2 8 29 21 35 30 14 37 32 11 48 4 49 31 15 
student 5: 24 47 23 50 11 28 19 40 45 1 8 16 5 35 33 13 22 44 26 27 3 38 43 36 29 30 9 20 7 42 10 49 17 21 41 2 12 31 18 34 25 15 39 32 6 46 4 48 37 14 
student 6: 24 41 26 47 6 28 19 43 48 2 8 17 10 37 32 11 23 44 18 25 3 38 40 34 29 35 7 22 5 42 12 49 20 21 45 1 14 30 16 33 27 15 39 31 9 50 4 46 36 13 
student 7: 23 45 26 47 12 35 18 42 46 1 6 17 8 32 39 13 24 41 19 25 3 37 38 33 28 30 9 22 5 44 10 50 21 20 43 4 11 27 16 36 29 15 40 31 7 48 2 49 34 14 
student 8: 25 46 24 47 10 27 21 41 44 2 6 19 4 34 39 12 22 43 16 26 3 38 40 35 29 33 8 23 7 45 13 49 17 18 42 1 11 31 20 30 28 14 37 32 9 48 5 50 36 15 
student 9: 24 47 27 48 10 25 22 38 45 1 7 15 6 33 32 12 26 44 17 21 3 40 41 39 28 34 8 23 5 43 16 50 19 20 42 2 11 31 18 37 29 14 35 30 9 46 4 49 36 13 
student 10: 24 47 27 42 8 29 21 39 46 2 6 16 4 33 34 12 22 44 17 26 3 41 38 36 32 30 9 23 7 45 14 48 18 20 43 1 10 31 19 35 28 15 37 25 11 49 5 50 40 13 
student 11: 26 47 25 46 10 23 21 44 43 2 5 15 3 33 38 12 24 42 17 27 4 36 37 34 28 31 8 22 7 45 14 50 16 20 41 1 11 29 18 35 30 13 40 32 9 49 6 48 39 19 
student 12: 24 49 26 46 7 27 20 41 45 1 6 18 8 32 36 17 22 43 15 25 4 39 38 37 29 33 11 21 5 44 12 50 16 23 42 3 9 28 19 34 30 14 40 31 10 48 2 47 35 13 
student 13: 22 46 26 45 9 32 19 42 48 1 7 17 6 30 34 11 24 44 15 28 4 38 40 35 25 31 10 21 3 43 13 49 23 20 41 2 12 29 18 36 27 16 39 33 8 47 5 50 37 14 
student 14: 23 45 27 46 9 28 21 41 44 2 6 16 1 31 37 13 22 43 17 25 4 38 40 33 29 34 5 24 7 48 12 50 20 19 42 3 10 32 18 35 26 15 39 30 11 47 8 49 36 14 
student 15: 24 46 25 48 11 30 18 38 45 2 8 15 6 34 36 10 22 42 16 26 3 43 41 37 27 32 9 21 7 44 14 50 17 20 40 1 13 31 23 35 28 19 39 29 5 47 4 49 33 12 
student 16: 23 44 27 46 10 26 24 41 47 2 8 18 7 33 34 9 14 43 17 28 4 38 40 37 25 31 13 21 5 45 12 50 19 22 42 1 11 30 20 35 29 15 39 32 6 49 3 48 36 16 
student 17: 26 47 24 46 10 27 22 34 44 2 7 15 6 32 35 11 23 42 19 25 3 38 41 40 30 29 8 20 4 45 13 50 17 21 43 1 12 31 18 36 28 16 39 33 9 48 5 49 37 14 
student 18: 22 45 26 44 9 27 23 41 46 2 7 15 6 33 35 12 24 43 17 25 4 38 40 34 28 31 10 21 3 47 16 49 19 20 42 1 11 30 18 36 29 14 39 32 8 48 5 50 37 13 
student 19: 24 46 25 47 12 27 19 42 45 1 7 15 6 32 35 9 22 43 17 26 3 37 41 36 29 34 10 20 5 44 13 49 18 23 38 2 11 31 21 33 28 16 39 30 8 50 4 48 40 14 
student 20: 23 46 21 48 7 26 24 43 45 3 6 15 4 34 33 11 20 42 16 27 1 40 41 35 29 32 8 25 10 44 12 50 17 22 39 2 14 31 19 36 28 18 38 30 9 47 5 49 37 13 
student 21: 27 47 23 45 9 26 20 39 46 4 8 14 6 32 33 10 22 44 17 25 3 41 38 37 30 29 11 24 5 43 12 50 18 21 42 1 13 31 19 34 28 16 40 36 7 48 2 49 35 15 
student 22: 22 44 26 45 11 24 20 41 48 6 8 16 7 34 37 12 25 43 15 29 2 38 40 36 28 32 5 23 4 46 13 47 18 21 42 1 10 27 19 35 31 17 39 33 9 49 3 50 30 14 
student 23: 20 45 24 46 10 26 23 41 47 1 7 16 5 33 35 11 22 42 17 28 3 37 39 36 27 31 9 25 6 44 12 49 18 21 43 2 15 30 19 34 32 13 38 29 8 48 4 50 40 14 
student 24: 22 42 27 47 11 26 21 41 45 2 8 16 6 32 35 10 23 46 19 24 3 39 40 34 30 33 9 25 5 44 13 49 18 17 43 1 12 29 20 36 28 15 38 31 7 50 4 48 37 14 
student 25: 25 45 21 48 11 30 19 38 47 3 6 15 5 33 32 12 23 41 17 26 2 36 42 37 29 34 9 24 4 43 13 50 20 18 44 1 10 27 22 35 28 16 40 31 8 49 7 46 39 14 
student 26: 26 45 25 47 11 27 18 41 44 2 7 14 6 36 31 9 23 43 17 24 4 37 40 35 28 29 8 22 10 48 12 50 19 21 42 1 13 30 20 32 33 16 39 34 5 46 3 49 38 15 
student 27: 25 45 26 46 13 35 20 40 47 3 7 16 4 30 33 11 22 42 17 29 5 41 37 38 28 32 9 23 6 44 12 50 19 21 43 1 10 27 18 34 24 15 39 31 8 49 2 48 36 14 
student 28: 17 46 25 49 10 28 21 41 47 3 7 14 6 30 33 12 24 44 19 26 5 38 40 34 31 35 9 23 4 43 11 50 22 20 42 1 13 29 18 37 27 16 39 32 8 45 2 48 36 15 
student 29: 25 47 21 46 10 29 20 41 45 1 7 16 4 33 34 15 23 43 17 28 3 40 37 36 27 32 12 24 6 44 11 49 18 22 42 2 9 30 19 35 26 14 39 31 8 48 5 50 38 13 
student 30: 25 48 24 45 10 26 21 41 46 2 7 19 6 31 37 13 23 43 15 28 5 36 42 34 27 33 8 22 4 44 12 49 17 20 40 1 11 30 18 38 29 16 35 32 9 50 3 47 39 14 
student 31: 26 43 20 49 9 28 22 39 45 2 8 17 6 33 35 11 24 46 14 25 3 38 42 34 29 32 7 21 5 44 13 50 18 23 40 1 12 31 19 37 27 16 41 30 10 47 4 48 36 15 
student 32: 24 48 26 46 8 31 21 43 45 2 7 16 6 36 32 12 22 41 15 27 3 40 42 38 29 30 10 23 5 44 18 50 17 20 37 1 13 28 19 34 25 14 35 33 9 47 4 49 39 11 
student 33: 23 46 25 47 10 26 20 41 45 2 5 15 7 32 34 13 24 42 18 27 3 38 40 37 29 30 11 22 4 44 14 50 19 21 43 1 8 31 17 33 28 16 39 35 9 48 6 49 36 12 
student 34: 19 46 23 47 9 27 22 42 44 4 8 16 6 32 35 13 21 43 20 26 1 38 39 37 28 33 11 24 5 45 12 50 17 18 41 2 10 31 25 34 29 14 40 30 7 48 3 49 36 15 
student 35: 20 46 24 48 8 26 21 41 44 4 9 16 3 34 31 14 23 43 18 29 2 39 40 38 28 33 7 25 6 45 15 50 17 22 42 1 10 30 19 36 27 13 37 32 11 47 5 49 35 12 
student 36: 23 47 25 50 8 27 20 42 45 3 6 17 7 31 34 14 21 41 16 26 4 32 44 39 29 37 9 24 5 43 12 48 18 22 40 1 11 30 19 36 28 13 38 33 10 49 2 46 35 15 
student 37: 24 46 25 47 16 28 21 41 45 1 8 15 5 32 33 12 20 43 17 27 6 39 40 34 31 29 9 23 4 44 13 50 18 22 42 2 10 26 19 36 30 14 38 35 7 49 3 48 37 11 
student 38: 20 45 25 47 12 27 21 41 44 3 8 15 4 33 35 14 24 43 17 26 1 39 38 36 30 29 11 23 5 46 9 50 18 19 42 2 10 31 22 34 28 16 40 32 7 48 6 49 37 13 
student 39: 22 46 26 47 11 27 18 44 39 3 1 17 7 33 34 10 25 38 16 24 4 36 41 35 31 29 9 23 6 45 14 50 19 21 43 2 13 32 20 40 28 15 42 30 8 48 5 49 37 12 
student 40: 24 45 27 46 10 26 21 41 44 2 7 15 6 32 34 11 23 48 20 25 4 38 40 36 29 33 9 22 3 43 14 49 16 19 42 1 12 30 18 35 28 17 39 31 8 47 5 50 37 13 
student 41: 22 46 25 47 9 27 24 41 45 1 8 16 4 33 37 12 20 43 17 26 2 38 39 31 34 32 10 21 5 44 13 49 18 23 42 3 11 28 19 35 29 15 40 30 6 48 7 50 36 14 
student 42: 23 46 26 48 12 25 21 44 45 2 5 19 7 32 36 8 20 38 17 28 3 39 41 33 31 30 10 24 4 42 13 50 15 22 43 1 11 29 18 35 27 14 40 34 9 47 6 49 37 16 
student 43: 24 46 25 48 8 28 21 41 42 2 9 16 6 32 34 15 23 44 17 27 4 35 40 37 29 33 11 22 5 45 13 50 19 18 43 1 10 30 20 36 26 12 39 31 7 47 3 49 38 14 
student 44: 23 44 24 46 9 25 21 41 45 3 7 14 6 29 35 13 27 43 17 28 2 39 40 34 30 33 12 22 5 48 15 47 18 19 42 1 8 31 20 37 26 11 38 32 10 49 4 50 36 16 
student 45: 23 50 24 47 11 28 20 41 44 7 4 16 9 34 32 14 25 42 18 26 3 37 39 40 29 35 6 22 5 45 13 49 19 21 43 1 12 30 15 33 27 17 38 31 8 46 2 48 36 10 
student 46: 24 45 25 46 11 28 20 42 47 4 9 19 7 32 33 12 23 44 16 27 3 34 40 37 29 35 8 22 6 43 13 50 21 18 41 1 10 30 17 36 26 15 39 31 5 49 2 48 38 14 
student 47: 25 46 24 47 11 28 20 40 44 3 7 17 5 33 34 12 23 43 13 27 1 39 38 36 29 32 9 21 6 45 14 50 16 22 42 2 10 31 18 35 26 15 41 30 8 48 4 49 37 19 
student 48: 28 45 23 48 7 26 22 42 46 3 6 17 5 35 34 12 24 44 16 25 1 40 38 36 30 33 9 21 10 43 11 50 18 19 41 2 13 27 20 31 29 15 39 32 8 47 4 49 37 14 
student 49: 25 47 24 46 9 27 20 43 45 2 10 16 5 33 31 13 21 42 19 28 3 37 39 35 26 32 8 22 7 44 12 50 18 23 41 1 11 29 17 36 34 14 38 30 6 48 4 49 40 15 
student 50: 25 46 26 47 12 27 19 41 42 3 6 16 8 33 34 10 24 44 17 22 2 40 39 35 29 31 7 23 5 45 15 49 18 21 43 1 13 30 20 37 28 11 38 32 9 48 4 50 36 14 
student 51: 20 49 28 44 10 27 19 41 45 2 6 14 5 34 33 15 25 42 17 22 4 40 39 37 30 32 9 24 8 47 12 50 18 23 43 1 11 29 21 36 26 16 35 31 7 46 3 48 38 13 
student 52: 24 49 26 47 14 25 22 44 40 2 4 16 5 34 33 9 23 45 18 27 3 37 42 38 28 31 11 21 6 46 12 50 19 20 43 1 10 32 17 35 30 13 39 29 8 41 7 48 36 15 
student 53: 23 46 29 47 10 26 21 41 43 2 9 14 6 31 35 13 22 44 17 25 3 40 42 36 27 34 7 24 5 45 12 50 18 19 38 1 11 30 20 33 28 16 39 32 8 49 4 48 37 15 
student 54: 18 46 24 48 10 33 22 42 44 3 8 16 6 34 32 13 23 45 17 26 2 39 41 38 31 29 9 21 5 43 12 49 19 25 36 1 11 28 20 35 27 15 40 30 7 50 4 47 37 14 
student 55: 23 46 27 44 11 29 24 45 47 1 7 16 3 32 41 10 20 40 17 25 5 38 43 37 28 31 9 21 4 39 13 49 18 22 42 2 12 30 19 35 26 15 36 33 8 50 6 48 34 14 
student 56: 26 46 24 47 9 29 22 41 42 3 7 18 6 33 37 14 23 44 15 27 2 35 40 36 28 32 10 21 5 50 13 48 20 19 43 1 11 31 17 34 25 12 39 30 8 45 4 49 38 16 
student 57: 24 46 25 47 6 28 19 40 44 3 4 16 9 33 34 11 23 43 17 26 2 38 39 35 30 32 10 21 8 45 13 50 18 20 41 1 12 31 22 37 27 15 42 29 7 49 5 48 36 14 
student 58: 25 47 26 38 10 23 22 46 45 3 6 17 7 33 34 12 24 43 18 27 2 37 40 36 29 31 9 20 5 44 13 49 16 21 42 1 11 32 19 35 28 15 39 30 8 48 4 50 41 14 
student 59: 26 44 28 48 10 27 19 42 46 2 5 20 8 33 32 12 23 41 16 22 6 38 39 35 30 37 7 24 4 45 13 49 17 21 43 1 11 25 18 34 29 15 40 31 9 47 3 50 36 14 
student 60: 24 46 25 47 11 28 20 41 44 2 7 17 6 31 34 12 21 45 16 26 5 37 40 36 29 33 9 22 4 43 13 48 18 23 42 1 10 30 19 32 27 14 38 35 8 50 3 49 39 15 
student 61: 25 45 23 48 12 28 20 44 47 2 9 15 7 34 33 13 22 40 18 24 3 37 39 35 29 32 5 26 6 41 11 50 14 19 43 1 10 30 21 42 27 16 38 31 8 46 4 49 36 17 
student 62: 27 48 28 46 10 26 22 40 44 5 8 16 6 34 31 11 23 43 19 24 3 37 38 39 30 25 7 21 2 47 13 50 18 17 41 1 12 33 20 36 29 15 42 32 9 49 4 45 35 14 
student 63: 21 43 24 45 12 26 22 42 46 1 9 17 7 31 34 11 23 44 19 25 4 40 39 33 28 37 6 29 5 47 13 49 16 20 41 2 10 32 18 35 27 15 36 30 3 50 8 48 38 14 
student 64: 25 47 24 44 9 26 20 41 46 2 7 15 6 34 33 12 22 45 19 28 3 39 40 38 27 32 10 23 4 43 13 50 17 21 42 1 11 30 18 35 29 16 36 31 8 48 5 49 37 14 
student 65: 24 46 25 47 10 27 21 36 45 2 7 17 3 33 34 12 23 41 16 26 4 39 43 44 28 31 9 22 6 42 14 48 18 20 40 1 11 30 19 35 29 15 38 32 8 49 5 50 37 13 
student 66: 18 49 23 47 11 28 21 40 45 1 6 17 7 33 34 13 27 44 16 25 2 39 36 38 30 32 9 22 5 43 14 48 24 20 41 3 10 26 19 35 31 12 42 29 8 46 4 50 37 15 
student 67: 24 46 25 48 10 27 17 42 45 3 8 19 5 32 34 12 22 43 20 26 2 35 40 37 28 33 9 23 7 47 13 50 16 21 41 1 11 30 18 36 29 15 38 31 6 44 4 49 39 14 
student 68: 25 46 24 47 9 27 21 41 44 2 7 16 6 34 37 12 23 43 17 26 3 39 40 38 31 30 10 22 5 45 13 50 19 20 42 1 11 29 18 36 28 15 35 32 8 48 4 49 33 14 
student 69: 24 46 25 47 10 26 22 41 42 2 7 18 3 33 35 9 23 44 21 27 4 36 39 38 28 32 11 19 6 45 12 50 14 17 43 1 16 31 20 37 29 15 40 30 8 49 5 48 34 13 
student 70: 27 45 25 46 10 24 21 43 42 2 6 16 5 33 34 13 23 44 17 28 4 38 39 36 29 32 9 22 7 47 12 50 18 20 41 1 11 31 19 35 26 15 40 30 8 48 3 49 37 14 
student 71: 25 43 23 47 10 29 20 41 50 2 8 15 5 33 34 11 22 42 19 26 3 45 40 35 30 31 9 21 4 44 12 46 16 18 39 1 13 28 24 36 27 17 38 32 7 48 6 49 37 14 
student 72: 22 43 27 46 11 26 21 49 47 4 7 16 6 36 33 18 23 42 17 25 5 39 41 34 31 32 8 24 3 44 13 50 14 19 38 1 10 30 20 35 28 15 40 29 9 45 2 48 37 12 
student 73: 24 45 26 46 9 27 23 43 37 3 11 15 8 33 34 12 20 41 18 29 1 38 42 39 25 31 5 21 6 47 13 50 16 22 44 2 7 30 19 35 28 17 40 32 10 48 4 49 36 14 
student 74: 26 46 23 49 9 27 20 43 41 2 6 18 7 30 34 12 21 44 15 25 3 37 42 33 28 32 10 24 4 45 13 50 16 22 39 1 11 31 19 35 36 17 38 29 8 47 5 48 40 14 
student 75: 20 46 24 48 11 28 25 41 45 2 8 16 6 34 32 7 23 40 17 26 4 42 37 36 29 33 10 22 5 44 13 49 18 21 43 1 12 31 19 35 27 15 38 30 9 47 3 50 39 14 
student 76: 23 47 25 46 13 27 22 40 48 3 5 15 8 32 35 14 24 44 20 26 2 38 37 36 30 33 7 19 6 43 16 49 18 17 42 1 10 28 21 41 29 12 39 31 9 45 4 50 34 11 
student 77: 24 46 27 49 11 26 23 42 45 4 8 17 2 32 34 12 21 41 16 25 5 38 40 35 28 33 7 22 6 43 13 50 18 20 44 3 10 29 15 36 31 19 39 30 9 47 1 48 37 14 
student 78: 24 46 26 47 8 25 21 43 44 2 10 17 7 34 32 11 23 42 16 27 5 36 40 38 30 31 9 20 4 45 15 50 18 22 41 3 13 33 19 37 28 14 35 29 6 48 1 49 39 12 
student 79: 25 45 21 49 5 28 23 41 46 2 6 15 4 34 32 12 22 44 17 26 3 38 40 36 27 31 9 24 8 42 14 50 18 20 43 1 11 29 19 33 30 16 39 35 10 47 7 48 37 13 
student 80: 23 46 26 49 9 27 20 41 44 3 7 16 2 36 37 12 25 43 17 24 5 34 39 35 30 31 8 21 4 45 13 50 22 19 40 1 10 29 18 32 28 14 42 33 11 48 6 47 38 15 
student 81: 24 47 25 48 10 26 19 39 46 5 7 15 6 33 38 12 22 41 17 28 1 40 42 35 29 32 9 23 2 43 13 50 21 18 44 3 11 30 20 34 27 16 37 31 8 45 4 49 36 14 
student 82: 26 43 24 49 10 28 22 42 44 2 7 16 6 32 34 14 23 40 13 25 3 38 41 36 30 31 9 21 4 45 15 50 20 18 46 1 11 33 19 35 27 17 39 29 8 47 5 48 37 12 
student 83: 25 44 24 47 10 28 21 41 48 1 7 19 5 36 33 12 23 46 13 26 3 38 39 35 29 32 9 22 4 43 15 50 16 18 42 2 11 30 20 34 27 14 40 31 8 49 6 45 37 17 
student 84: 24 47 25 46 10 29 21 42 45 3 7 18 6 34 32 13 19 43 16 26 1 40 37 39 30 33 8 23 5 44 12 50 17 22 41 2 11 28 20 35 27 15 38 31 9 48 4 49 36 14 
student 85: 24 42 25 49 9 26 21 41 46 4 7 16 5 37 35 12 23 44 19 27 2 38 40 33 29 32 8 22 6 43 13 50 18 20 45 1 10 31 17 34 28 15 39 30 11 47 3 48 36 14 
student 86: 24 44 25 48 11 27 19 41 47 2 7 13 5 34 31 14 21 43 22 26 3 39 40 36 29 33 9 23 4 45 12 50 15 20 42 1 10 32 17 35 28 18 38 30 8 49 6 46 37 16 
student 87: 22 43 25 46 10 29 24 42 47 3 9 16 8 30 34 11 23 48 18 26 5 38 39 37 28 33 4 21 7 40 15 49 20 19 44 1 12 31 17 35 27 14 41 32 2 50 6 45 36 13 
student 88: 24 47 25 46 9 26 22 43 45 3 8 16 6 30 35 12 23 41 14 28 5 38 42 37 27 31 11 21 4 44 15 50 18 20 39 1 10 32 19 36 29 17 40 34 7 48 2 49 33 13 
student 89: 26 45 23 49 10 27 22 41 46 4 7 16 5 32 34 14 25 44 19 24 2 39 40 36 29 33 9 18 6 43 11 50 17 20 42 1 13 30 21 35 28 12 38 31 8 47 3 48 37 15 
student 90: 23 47 27 49 14 25 21 41 45 1 7 16 6 33 34 10 24 43 19 28 3 39 42 36 31 32 9 22 5 44 11 50 18 20 40 2 12 29 17 35 26 15 37 30 8 46 4 48 38 13 
student 91: 24 48 22 49 7 29 23 40 45 2 8 16 6 32 34 14 26 41 20 25 4 35 43 38 28 33 11 21 3 46 9 50 18 19 44 1 12 30 17 37 27 15 39 31 10 47 5 42 36 13 
student 92: 23 46 26 47 10 30 24 40 45 2 7 15 6 34 33 14 22 41 19 25 4 38 39 36 27 31 8 21 5 44 12 50 17 20 43 1 11 29 16 35 28 18 42 32 9 49 3 48 37 13 
student 93: 27 47 21 46 10 28 23 40 45 3 7 14 6 34 33 12 24 41 16 25 1 37 42 39 29 31 9 19 4 44 15 50 20 22 43 2 11 30 17 35 26 18 36 32 8 49 5 48 38 13 
student 94: 26 44 21 46 10 24 23 39 43 4 8 15 9 33 34 12 22 42 17 27 1 40 41 37 31 32 7 25 5 45 16 50 18 20 47 3 11 28 19 36 29 13 38 30 6 48 2 49 35 14 
student 95: 27 45 24 46 10 26 23 42 47 4 6 16 8 32 39 12 20 43 13 25 5 40 37 36 28 34 7 21 3 44 17 50 18 22 41 2 11 29 19 38 30 15 35 31 9 49 1 48 33 14 
student 96: 23 48 26 47 11 24 20 40 45 2 5 17 8 33 34 14 25 44 19 28 3 38 41 36 29 30 9 22 6 42 12 49 18 21 43 1 10 31 15 35 27 13 39 32 7 50 4 46 37 16 
student 97: 25 47 23 46 8 28 21 37 45 3 10 13 6 34 33 11 24 44 17 26 1 39 38 41 29 30 9 22 5 42 15 50 19 20 40 2 12 31 18 35 27 16 43 32 7 48 4 49 36 14 
student 98: 24 48 26 46 10 25 18 39 43 3 6 15 7 33 34 12 20 44 17 27 1 38 41 35 30 31 9 22 5 42 13 50 19 21 45 4 11 32 23 36 28 16 37 29 8 47 2 49 40 14 
student 99: 23 44 25 47 10 26 22 42 46 2 8 20 13 35 33 14 24 43 15 27 1 38 41 37 29 32 7 21 6 45 11 49 18 19 40 4 9 30 17 34 28 16 39 31 5 50 3 48 36 12 
student 100: 29 47 23 45 8 27 21 41 44 1 6 16 5 33 36 12 24 43 17 25 3 39 38 37 28 32 9 20 4 42 13 50 19 22 46 2 10 31 18 35 26 15 34 30 11 48 7 49 40 14 
student 101: 24 46 26 47 11 25 20 40 44 3 7 18 5 31 32 10 23 43 15 27 1 37 38 42 29 34 9 19 6 45 16 50 17 22 41 2 12 30 21 36 28 14 39 33 8 49 4 48 35 13 
student 102: 24 47 23 45 11 27 19 42 46 3 4 15 10 34 33 12 20 43 16 26 2 36 40 37 30 31 7 25 6 44 9 49 18 22 39 1 17 28 21 38 29 14 41 32 8 50 5 48 35 13 
student 103: 23 44 26 50 10 28 24 40 46 1 5 12 6 32 33 13 21 43 17 25 3 38 39 35 29 34 9 22 4 45 14 49 19 20 42 7 11 30 18 36 31 15 41 27 8 47 2 48 37 16 
student 104: 25 46 27 49 11 26 21 38 44 2 6 14 7 33 35 13 22 40 16 24 3 36 43 37 28 30 8 23 5 45 12 50 17 19 41 1 10 32 20 34 31 18 42 29 9 47 4 48 39 15 
student 105: 25 46 26 49 5 22 19 39 45 2 6 14 7 30 36 11 21 42 17 28 3 38 41 33 27 34 10 24 8 43 15 50 23 20 44 1 12 31 18 37 29 16 40 32 9 48 4 47 35 13 
student 106: 26 44 24 46 10 29 20 41 43 4 7 16 5 33 36 11 23 45 15 25 1 38 39 37 27 32 9 21 6 47 13 50 19 22 42 2 12 28 17 34 30 14 40 31 8 49 3 48 35 18 
student 107: 23 44 24 50 11 28 20 41 46 2 7 14 4 33 34 13 26 42 17 29 3 37 40 36 30 27 9 22 6 43 15 48 19 18 45 1 10 32 21 35 25 12 39 31 8 47 5 49 38 16 
student 108: 22 46 25 48 10 24 20 41 45 2 7 17 6 33 34 11 27 44 16 26 3 38 40 36 31 32 8 23 4 43 13 50 19 21 42 1 12 28 18 35 29 15 39 30 9 47 5 49 37 14 
student 109: 25 45 27 47 11 24 21 44 43 2 9 15 6 35 39 14 23 38 18 28 3 40 37 34 31 32 8 22 5 41 12 49 17 20 42 1 10 29 19 33 26 13 46 30 7 50 4 48 36 16 
student 110: 23 47 26 46 9 27 22 43 42 1 8 16 6 33 36 12 21 41 17 28 3 39 40 34 25 32 10 24 5 45 13 50 18 20 44 2 11 29 19 37 31 15 38 30 7 49 4 48 35 14 
student 111: 21 47 22 45 8 26 23 41 44 1 6 15 7 35 34 14 25 43 17 27 2 39 37 36 29 31 9 24 4 46 10 50 18 19 42 3 13 33 20 32 28 12 40 30 11 48 5 49 38 16 
student 112: 22 46 26 44 9 27 21 40 45 4 8 15 5 37 33 17 25 48 16 31 3 38 39 35 28 32 11 24 2 42 12 50 18 20 43 1 10 29 19 34 23 14 36 30 6 47 7 49 41 13 
student 113: 24 48 25 46 9 29 20 41 47 1 7 16 5 34 33 12 23 43 17 28 3 39 38 37 31 30 13 22 6 40 11 50 18 21 45 2 10 32 19 35 26 15 42 27 8 44 4 49 36 14 
student 114: 26 45 28 46 10 30 22 40 48 2 6 16 8 33 34 12 23 42 18 25 3 39 43 37 24 31 9 21 5 44 14 50 15 20 41 1 11 32 19 36 27 13 38 29 7 47 4 49 35 17 
student 115: 23 44 25 46 9 28 20 37 47 3 6 17 4 33 34 7 24 42 16 27 5 39 43 38 30 31 8 22 2 45 15 49 21 18 41 1 13 26 19 35 29 12 40 32 11 48 10 50 36 14 
student 116: 26 46 25 47 12 20 22 40 45 1 7 11 5 32 33 13 23 50 18 27 4 36 39 35 30 34 8 24 6 41 14 49 17 21 44 2 9 29 19 38 28 16 37 31 10 43 3 48 42 15 
student 117: 24 45 25 46 9 27 21 43 49 1 10 16 5 34 35 15 20 41 19 26 3 38 39 36 28 32 8 22 7 44 14 50 18 23 42 2 12 30 13 33 29 17 40 31 4 47 6 48 37 11 
student 118: 24 41 25 46 13 29 22 42 45 4 7 15 6 34 30 9 21 44 17 26 2 39 38 33 31 36 10 23 5 47 12 49 19 20 43 1 14 32 18 35 28 16 40 27 8 48 3 50 37 11 
student 119: 25 46 27 47 10 28 21 44 40 2 7 15 6 38 31 11 23 39 18 26 3 36 43 35 24 34 9 22 5 45 13 50 17 20 41 1 12 30 19 33 29 16 42 32 8 49 4 48 37 14 
student 120: 24 46 26 48 9 25 20 41 44 3 7 17 6 30 36 12 23 43 19 27 1 33 40 34 32 29 10 21 4 45 13 50 16 22 42 2 11 31 18 35 28 15 39 37 8 49 5 47 38 14 
student 121: 21 46 24 47 11 27 23 43 45 4 6 17 3 34 33 14 25 42 18 26 1 38 40 36 30 32 10 22 9 44 13 50 8 20 41 2 12 31 19 35 29 16 39 28 7 48 5 49 37 15 
student 122: 25 46 22 47 10 28 20 38 43 2 5 11 7 33 34 13 23 40 15 26 3 37 39 36 31 32 9 19 6 44 12 50 17 24 45 1 14 30 18 41 27 16 42 29 8 48 4 49 35 21 
student 123: 25 50 29 44 11 27 23 37 47 2 9 15 8 34 33 12 22 42 16 24 4 38 43 35 28 31 10 21 3 45 13 49 17 20 41 1 6 32 18 36 26 14 40 30 7 46 5 48 39 19 
student 124: 22 43 25 48 9 26 23 40 45 2 6 16 7 35 33 13 24 47 17 28 4 38 39 36 31 32 11 21 3 44 12 50 18 20 42 1 8 27 19 34 29 15 41 30 10 46 5 49 37 14 
student 125: 24 47 25 45 10 28 21 46 44 5 8 13 2 32 35 14 23 39 17 26 3 37 41 38 27 31 9 22 6 42 15 49 18 19 43 1 11 29 20 34 30 16 40 33 4 48 7 50 36 12 
student 126: 24 45 26 48 8 28 22 44 46 2 10 15 6 32 35 13 21 43 16 27 3 38 37 36 29 33 9 23 5 42 11 50 20 19 41 1 12 30 18 34 25 14 40 31 7 47 4 49 39 17 
student 127: 24 43 25 47 10 30 20 44 46 2 6 14 5 33 35 15 23 45 17 26 4 39 40 36 28 34 7 21 8 42 13 50 18 19 41 1 12 29 22 31 27 11 38 32 9 49 3 48 37 16 
student 128: 23 44 24 48 11 29 20 41 40 1 8 16 6 35 33 12 25 39 17 26 2 36 43 38 30 32 9 22 4 46 15 50 18 21 45 7 10 31 19 37 27 13 42 28 5 47 3 49 34 14 
student 129: 25 47 26 44 10 30 20 40 46 3 5 14 8 33 34 11 21 43 18 27 4 39 41 35 29 32 9 24 6 45 13 50 16 22 42 1 12 28 19 37 23 17 36 31 7 48 2 49 38 15 
student 130: 24 47 25 46 9 27 18 40 43 2 7 17 5 32 35 10 23 42 15 26 3 38 39 34 28 33 8 20 6 44 13 48 21 19 45 1 12 30 22 36 29 16 41 31 11 49 4 50 37 14 
student 131: 23 44 24 48 8 27 22 41 45 5 9 15 4 33 34 12 26 42 16 28 2 39 47 36 25 32 10 20 3 43 11 50 19 17 40 6 14 30 21 35 29 18 38 31 7 46 1 49 37 13 
student 132: 24 47 22 49 13 27 26 41 45 2 7 15 6 33 34 14 25 43 17 23 4 36 40 35 29 32 8 21 5 44 11 48 18 19 42 1 12 30 20 38 28 10 39 31 9 46 3 50 37 16 
student 133: 27 46 22 49 9 26 20 40 45 1 8 16 7 31 33 12 21 42 17 25 2 39 37 34 28 35 11 24 6 44 15 50 18 19 41 5 10 32 23 36 30 14 43 29 4 48 3 47 38 13 
student 134: 25 46 27 48 11 24 21 40 45 4 7 16 6 32 34 9 23 43 17 26 1 39 37 36 29 31 10 22 5 42 12 47 19 20 41 2 14 33 18 35 28 15 44 30 8 49 3 50 38 13 
student 135: 25 47 23 48 9 27 20 42 45 2 7 16 6 33 34 11 22 44 17 26 3 37 40 35 29 31 10 24 5 43 13 50 19 18 41 1 12 32 21 36 28 15 39 30 8 46 4 49 38 14 
student 136: 24 46 25 47 11 27 22 42 43 2 6 17 7 32 33 12 23 44 15 26 3 38 40 37 30 31 10 21 4 45 13 50 18 20 41 1 8 29 19 35 28 16 39 34 9 48 5 49 36 14 
student 137: 24 45 23 47 10 26 22 42 44 1 6 15 5 34 35 12 21 46 17 28 3 39 40 33 31 30 9 25 8 43 14 49 18 20 41 2 11 32 19 36 29 16 38 27 7 50 4 48 37 13 
student 138: 24 45 25 46 9 26 20 41 47 1 10 15 3 35 33 13 23 42 19 27 5 37 38 39 32 28 8 22 6 43 12 50 18 21 44 2 11 31 16 34 29 17 40 30 4 49 7 48 36 14 
student 139: 23 48 24 47 9 26 20 43 45 2 7 14 6 34 35 13 25 42 19 32 3 40 39 36 28 31 8 22 5 44 11 50 16 21 41 1 12 29 17 33 30 18 38 27 10 46 4 49 37 15 
student 140: 25 47 24 49 14 28 22 41 45 1 7 16 6 32 34 10 23 44 19 26 3 38 42 35 29 33 11 20 2 43 12 48 17 21 40 4 9 31 18 36 30 15 39 27 8 46 5 50 37 13 
student 141: 25 46 26 48 11 29 19 41 45 5 7 15 4 33 35 21 24 42 16 23 3 37 39 40 30 32 8 22 6 44 12 50 18 17 43 1 10 27 20 34 28 13 36 31 9 47 2 49 38 14 
student 142: 23 46 29 47 7 24 26 41 42 4 6 14 2 33 34 15 22 44 17 27 1 39 40 35 25 31 11 21 10 45 13 50 18 20 43 3 9 30 19 36 28 16 38 32 8 49 5 48 37 12 
student 143: 23 45 26 46 13 28 20 42 48 1 8 16 7 34 33 9 25 44 18 22 5 39 40 37 29 32 4 21 6 43 10 50 19 24 41 2 15 30 17 36 27 14 35 31 12 47 3 49 38 11 
student 144: 24 47 23 48 10 29 20 42 41 4 7 16 5 39 31 11 26 45 13 28 2 34 38 36 30 32 8 21 9 43 14 50 18 19 44 1 12 27 22 37 25 15 40 35 6 46 3 49 33 17 
student 145: 24 46 27 49 10 26 21 40 44 1 8 15 7 33 35 13 23 43 16 25 3 38 39 34 29 32 6 22 5 45 12 50 17 20 42 2 11 30 19 37 28 18 41 31 9 47 4 48 36 14 
student 146: 24 47 25 48 10 29 21 44 45 4 7 18 5 33 35 13 23 39 17 26 1 40 38 36 30 32 9 22 3 41 14 50 16 20 46 2 11 27 19 34 28 15 42 31 8 43 6 49 37 12 
student 147: 25 45 24 46 9 27 22 41 47 8 7 13 2 35 34 11 23 44 17 26 3 38 39 36 29 31 10 20 1 43 14 50 19 18 42 4 12 30 21 33 28 15 40 32 6 48 5 49 37 16 
student 148: 25 45 23 48 11 27 21 41 44 2 5 16 7 33 34 9 24 43 19 26 4 38 39 36 30 32 13 22 3 50 12 49 17 20 42 1 10 31 18 40 29 14 37 28 8 47 6 46 35 15 
student 149: 23 45 24 46 9 30 22 37 44 2 7 13 5 33 34 14 25 41 16 29 3 39 40 35 31 32 10 21 6 50 18 49 20 19 42 1 11 28 17 36 26 15 43 27 8 47 4 48 38 12 
student 150: 25 46 19 47 12 28 21 40 45 3 4 15 6 34 31 11 24 43 17 26 5 38 42 36 29 33 9 23 8 44 14 50 20 22 41 2 10 32 18 35 27 13 39 30 7 48 1 49 37 16 
student 151: 24 47 27 50 11 29 21 40 49 2 7 18 5 32 36 9 23 43 16 26 3 38 41 35 22 28 12 25 6 44 10 48 17 20 42 1 13 33 19 37 30 14 39 31 8 45 4 46 34 15 
student 152: 25 46 28 49 9 23 24 41 45 1 8 17 6 39 33 12 22 43 16 27 3 37 40 35 29 34 7 21 5 44 14 50 18 20 42 2 10 30 19 36 26 15 38 32 11 47 4 48 31 13 
student 153: 24 45 26 46 9 27 20 42 44 2 6 19 5 30 38 14 23 36 17 25 7 41 40 37 29 35 10 22 4 48 13 47 18 16 43 1 12 31 21 33 28 15 39 32 8 50 3 49 34 11 
student 154: 23 46 25 45 10 31 19 40 44 1 4 21 7 36 32 12 22 43 16 27 5 38 37 34 28 33 9 20 6 50 14 49 17 24 42 3 11 29 18 41 26 15 39 30 8 47 2 48 35 13 
student 155: 25 46 23 50 10 26 24 41 45 3 7 19 6 33 34 12 21 44 14 27 4 38 39 35 29 31 9 20 5 43 11 49 18 22 42 2 13 30 17 36 28 16 40 32 8 47 1 48 37 15 
student 156: 27 45 25 47 9 26 19 43 40 4 7 16 6 32 31 12 22 42 17 23 1 38 39 36 29 33 10 24 5 50 13 48 18 21 44 2 11 30 20 35 28 14 41 34 8 49 3 46 37 15 
student 157: 25 48 26 46 10 27 17 42 41 1 7 16 6 34 35 12 23 45 19 24 4 37 39 29 31 33 9 22 5 44 13 50 20 18 43 2 11 32 21 36 30 15 40 28 8 47 3 49 38 14 
student 158: 24 47 25 48 7 26 22 41 45 1 9 16 5 32 34 11 23 44 17 27 4 38 40 35 29 33 12 21 2 43 13 50 19 18 42 3 10 31 20 36 28 14 39 30 8 46 6 49 37 15 
student 159: 28 42 25 47 14 27 19 40 45 2 6 17 7 32 34 11 22 44 16 23 4 39 38 33 29 30 9 21 5 46 10 50 20 24 41 1 12 31 18 36 26 15 43 35 8 48 3 49 37 13 
student 160: 26 45 22 48 13 27 21 41 46 4 7 17 6 33 36 8 25 42 16 24 2 38 39 35 30 32 10 23 3 44 15 50 18 20 43 1 11 28 19 34 29 14 40 31 9 47 5 49 37 12 
student 161: 22 44 26 48 7 28 20 41 46 1 8 17 4 34 33 9 24 39 16 27 2 40 38 36 29 31 11 23 5 45 13 50 18 21 43 3 12 30 19 35 25 15 42 32 10 47 6 49 37 14 
student 162: 26 45 23 47 10 27 20 43 44 4 7 13 5 33 34 12 24 42 18 25 6 37 41 38 31 32 8 22 3 46 14 49 17 21 40 1 11 28 19 35 29 16 39 30 9 48 2 50 36 15 
student 163: 23 44 24 45 11 29 20 42 47 3 9 16 7 31 33 14 26 43 17 25 4 38 40 36 28 30 8 22 5 46 12 49 18 21 41 1 10 27 19 35 32 15 39 34 6 48 2 50 37 13 
student 164: 23 44 26 42 12 27 21 41 47 1 6 15 3 33 36 11 24 43 19 28 4 38 39 35 30 32 9 22 8 45 16 50 17 18 46 2 10 31 20 34 29 14 40 25 7 49 5 48 37 13 
student 165: 25 47 22 48 10 28 24 43 44 6 8 16 4 33 35 11 21 40 19 26 1 41 39 37 30 32 9 23 5 46 13 50 18 20 42 3 12 27 17 34 29 15 38 31 7 45 2 49 36 14 
student 166: 24 41 25 44 6 27 21 40 48 3 5 17 8 32 34 11 23 45 19 28 2 39 42 36 29 33 14 22 7 47 10 50 16 20 43 1 12 30 18 35 26 15 38 31 9 46 4 49 37 13 
student 167: 26 46 23 47 10 28 22 42 45 2 7 18 6 33 34 12 24 43 15 25 5 36 39 35 29 31 9 20 3 44 13 50 21 19 41 1 11 30 17 40 27 14 38 32 8 49 4 48 37 16 
student 168: 21 43 26 47 6 27 25 44 45 3 12 15 2 34 35 9 22 42 18 23 7 38 40 32 29 31 10 24 5 46 14 49 17 19 41 1 11 33 20 36 28 16 39 30 8 50 4 48 37 13 
student 169: 22 46 24 47 9 31 16 44 45 2 5 13 6 33 34 12 25 42 18 26 3 39 37 38 28 30 10 23 7 41 14 50 20 19 40 1 11 32 21 35 27 15 43 29 8 49 4 48 36 17 
student 170: 21 44 25 47 17 27 20 40 43 2 8 16 6 31 33 11 24 46 18 26 3 39 42 35 36 32 9 23 4 45 13 50 15 22 41 1 5 28 19 34 29 14 38 30 12 48 7 49 37 10 
student 171: 24 47 25 45 10 27 21 42 46 3 6 17 5 35 32 12 23 43 16 26 1 37 40 34 28 33 7 22 4 44 13 49 20 19 41 2 11 30 18 36 29 15 39 31 9 50 8 48 38 14 
student 172: 21 46 26 47 12 28 22 39 42 1 7 15 10 32 36 8 24 48 18 25 2 37 40 41 29 33 5 23 11 43 13 50 16 19 45 3 9 31 20 34 27 14 38 30 4 44 6 49 35 17 
student 173: 26 47 22 48 10 28 24 43 45 5 6 16 4 35 33 13 21 44 19 27 1 40 41 36 29 31 8 23 7 42 12 49 18 20 38 3 11 32 17 34 25 15 39 30 9 50 2 46 37 14 
student 174: 24 45 27 47 10 25 17 44 46 3 9 15 7 35 33 12 18 42 19 29 2 38 40 36 28 34 8 23 5 43 13 50 21 22 39 1 11 30 20 32 26 16 41 31 6 48 4 49 37 14 
student 175: 26 45 23 47 13 25 19 39 44 1 6 17 2 36 33 10 24 41 18 27 9 43 42 35 31 29 4 21 7 46 16 49 15 22 40 5 11 32 20 34 28 14 38 30 8 50 3 48 37 12 
student 176: 24 46 25 49 11 27 21 41 43 4 7 16 3 32 34 12 23 44 18 26 2 38 40 35 30 31 9 20 8 45 10 48 17 19 42 1 13 33 22 36 28 14 39 29 5 47 6 50 37 15 
student 177: 25 49 24 46 11 26 21 40 44 2 5 16 9 29 33 13 23 45 17 27 3 38 39 36 28 34 6 18 8 43 12 50 19 20 41 1 10 31 22 35 30 15 42 32 7 48 4 47 37 14 
student 178: 24 47 23 46 10 28 25 44 45 2 7 14 6 29 35 15 22 41 18 30 4 38 39 36 27 32 8 20 5 42 11 50 13 21 40 1 12 33 19 34 31 16 43 26 9 48 3 49 37 17 
student 179: 24 45 26 49 11 25 22 41 47 2 7 17 6 32 34 15 23 43 14 31 4 39 38 35 28 33 8 21 5 44 12 50 18 20 40 1 9 29 19 36 27 16 42 30 10 48 3 46 37 13 
student 180: 24 49 25 44 11 27 19 41 45 1 4 17 5 33 34 12 22 42 14 26 3 37 40 36 28 32 10 20 6 46 13 50 18 21 43 2 9 31 23 35 29 16 39 30 8 47 7 48 38 15 
student 181: 24 46 26 48 9 27 21 41 42 3 7 15 8 35 31 12 23 45 17 25 5 33 39 36 32 34 10 22 4 43 11 50 18 19 44 1 13 29 20 38 28 16 37 30 6 47 2 49 40 14 
student 182: 23 49 25 46 12 27 20 39 45 1 10 16 6 32 35 14 24 42 17 26 3 38 40 36 29 34 8 22 4 43 11 50 18 21 41 2 9 31 19 33 28 13 44 30 7 47 5 48 37 15 
student 183: 24 47 25 46 10 27 19 42 44 3 7 12 6 32 35 13 22 43 16 26 2 39 40 36 28 30 9 23 5 45 14 50 21 18 41 1 11 31 20 34 29 15 37 33 8 48 4 49 38 17 
student 184: 20 47 25 48 9 26 19 37 44 1 7 14 5 34 33 12 23 42 16 27 4 39 43 36 28 31 11 24 6 45 13 50 17 22 41 3 10 30 18 35 29 15 40 32 8 49 2 46 38 21 
student 185: 25 46 24 45 10 27 19 44 47 2 5 14 7 32 35 13 22 43 18 26 3 38 34 36 31 33 9 23 4 39 15 50 20 21 42 1 12 29 17 37 28 16 40 30 8 48 6 49 41 11 
student 186: 26 46 25 47 8 28 22 41 45 2 7 15 6 31 33 11 18 44 19 24 4 37 40 36 30 32 9 23 5 43 13 50 21 17 42 1 10 34 20 35 27 16 39 29 12 48 3 49 38 14 
student 187: 23 46 24 48 12 28 21 41 45 1 6 17 7 31 35 11 25 43 16 26 3 39 32 36 29 33 8 22 5 42 13 50 18 20 44 2 10 34 19 37 27 15 40 30 9 47 4 49 38 14 
student 188: 24 49 25 45 10 29 21 40 46 1 7 15 5 33 32 11 23 43 17 28 3 37 38 36 31 27 9 22 8 44 13 50 19 20 41 2 16 30 18 34 26 12 42 35 6 48 4 47 39 14 
student 189: 23 46 24 49 11 27 21 41 45 3 8 17 9 32 34 12 25 42 15 26 2 39 40 37 28 31 6 22 4 47 13 50 18 20 43 1 10 29 19 33 30 14 38 35 5 44 7 48 36 16 
student 190: 23 44 25 47 10 27 24 41 43 5 4 17 6 34 33 15 22 45 18 26 3 39 40 36 29 32 9 21 7 42 11 50 12 20 46 1 14 30 19 35 28 16 38 31 8 49 2 48 37 13 
student 191: 25 44 26 47 11 24 21 42 46 2 9 17 5 33 34 12 23 43 16 27 3 40 39 37 29 30 8 22 7 45 13 49 18 20 41 1 10 28 19 36 31 15 38 32 6 50 4 48 35 14 
student 192: 23 48 25 45 9 28 21 42 46 1 11 16 6 32 31 10 26 44 15 27 3 39 40 36 29 33 7 22 5 41 13 49 19 20 43 2 12 30 18 34 24 17 38 35 8 50 4 47 37 14 
student 193: 25 47 26 49 10 27 24 41 42 3 6 17 8 32 34 14 22 40 16 29 4 38 39 35 28 31 9 21 2 44 15 50 18 20 45 1 11 30 19 33 23 12 43 36 7 48 5 46 37 13 
student 194: 24 45 27 41 12 28 22 36 47 3 5 16 8 30 33 11 23 46 19 25 2 37 42 39 29 34 7 21 9 44 15 50 17 20 40 1 10 31 18 35 26 13 43 32 6 48 4 49 38 14 
student 195: 27 46 25 48 11 29 20 40 44 3 7 12 6 30 32 13 24 42 17 23 1 38 41 37 34 31 10 22 8 45 16 50 18 21 43 4 9 33 19 36 28 14 39 26 5 49 2 47 35 15 
student 196: 26 48 24 45 8 25 19 39 44 4 10 16 6 33 34 14 23 43 15 27 3 38 41 35 29 31 7 20 5 47 13 49 18 22 42 2 9 30 21 37 28 17 40 32 11 50 1 46 36 12 
student 197: 23 46 25 48 11 26 21 41 44 2 8 14 6 33 36 15 24 45 16 28 3 38 40 35 30 32 10 20 5 42 17 50 22 19 43 1 12 29 18 34 27 13 39 31 7 49 4 47 37 9 
student 198: 24 46 23 47 14 29 21 41 44 1 7 16 5 32 40 8 26 42 18 27 4 38 39 36 28 33 10 22 3 43 12 48 17 20 45 2 11 31 19 34 25 13 35 30 9 49 6 50 37 15 
student 199: 25 44 28 48 10 23 21 41 45 3 7 16 6 33 34 12 24 46 17 29 5 38 40 37 31 32 9 20 4 43 13 47 18 22 42 2 11 27 19 35 26 15 39 30 8 50 1 49 36 14 
student 200: 22 49 25 47 9 26 21 41 46 1 8 15 6 33 35 11 24 43 16 28 2 38 40 34 30 32 10 23 5 44 13 50 17 20 42 3 12 29 19 36 27 18 39 31 7 45 4 48 37 14 
student 201: 24 46 26 48 12 27 18 41 44 1 7 15 6 34 32 11 21 43 17 25 2 38 40 35 29 31 10 20 5 42 13 50 22 23 45 4 9 33 19 37 28 16 39 30 8 47 3 49 36 14 
student 202: 28 45 23 48 10 30 25 44 46 1 7 16 5 34 37 12 22 42 17 27 2 36 35 31 26 33 9 20 4 43 13 49 19 21 41 6 11 32 18 39 24 14 40 29 8 47 3 50 38 15 
student 203: 24 43 28 46 9 26 22 40 45 2 6 16 8 31 32 12 23 47 17 25 3 38 41 35 29 36 7 20 5 42 14 50 18 21 44 1 11 30 19 33 27 15 39 34 10 49 4 48 37 13 
student 204: 25 46 24 47 9 28 21 40 44 2 7 17 6 34 31 14 20 42 18 27 3 41 39 38 29 36 10 23 5 45 13 50 19 15 43 1 11 32 22 33 26 12 35 30 8 49 4 48 37 16 
student 205: 24 48 25 47 8 28 17 42 44 1 10 18 5 34 33 11 22 41 16 26 4 35 39 36 29 31 9 19 6 43 14 50 20 23 45 2 12 30 21 37 27 13 40 32 7 46 3 49 38 15 
student 206: 20 47 25 46 10 27 22 43 44 2 5 17 6 29 34 13 24 42 16 26 4 38 39 37 31 32 12 23 3 45 14 50 21 18 41 1 11 33 19 36 28 15 40 30 9 48 7 49 35 8 
student 207: 24 50 25 46 12 27 19 40 45 1 5 14 9 34 29 13 22 43 18 26 2 35 39 37 30 32 7 21 6 44 8 49 20 15 42 3 10 31 23 36 28 17 38 33 11 47 4 48 41 16 
student 208: 27 45 25 46 11 26 22 39 47 3 5 15 8 31 33 10 23 44 17 24 2 38 41 35 32 37 9 21 6 43 13 50 18 20 42 1 12 29 19 34 28 14 40 30 7 48 4 49 36 16 
student 209: 27 44 22 46 9 25 21 36 45 2 7 14 6 35 30 12 24 43 18 26 4 40 42 38 31 32 10 23 5 47 15 50 16 20 37 1 11 34 19 33 28 17 41 29 8 48 3 49 39 13 
student 210: 21 48 25 47 10 28 23 40 46 1 7 17 6 33 34 12 24 45 16 26 5 37 41 39 27 32 8 22 4 43 13 50 18 20 42 3 11 31 19 36 30 15 35 29 9 44 2 49 38 14 
student 211: 23 46 26 47 11 27 21 41 45 2 9 16 7 34 32 13 25 44 19 24 6 39 40 36 30 31 8 22 4 43 14 50 18 20 42 3 12 29 17 35 28 15 38 33 5 48 1 49 37 10 
student 212: 22 46 24 44 10 28 21 43 49 1 11 18 4 31 36 8 25 40 14 27 2 35 41 34 32 33 9 20 5 45 12 50 17 23 42 6 13 26 19 37 29 16 38 30 7 47 3 48 39 15 
student 213: 24 44 25 47 10 30 21 41 46 2 4 16 6 34 29 13 23 42 17 26 1 38 40 37 28 33 9 22 8 43 11 50 19 20 45 3 12 31 18 35 27 15 39 32 7 49 5 48 36 14 
student 214: 23 46 26 48 11 28 21 44 43 2 10 17 4 34 35 9 24 41 16 25 5 38 39 36 27 33 8 22 3 45 13 49 19 20 42 1 12 29 18 32 30 15 40 31 7 47 6 50 37 14 
student 215: 24 44 25 48 11 26 23 42 45 2 6 15 7 32 34 10 22 41 16 29 4 40 39 36 28 31 9 21 5 47 13 50 19 18 43 1 12 30 20 35 27 17 38 33 8 49 3 46 37 14 
student 216: 23 47 25 46 11 29 19 43 45 2 7 13 5 34 32 12 22 42 15 27 4 36 39 38 30 33 9 20 6 44 18 50 14 24 41 1 10 26 16 35 28 17 40 31 8 48 3 49 37 21 
student 217: 22 46 25 49 10 26 20 41 45 2 6 18 4 33 34 12 24 43 16 27 3 38 40 36 29 32 8 21 9 44 13 47 23 19 42 1 11 31 17 35 28 14 37 30 7 48 5 50 39 15 
student 218: 25 45 27 47 11 30 20 37 46 4 7 16 5 33 39 9 24 42 18 28 1 43 40 35 26 32 10 21 3 44 12 50 23 19 41 2 13 29 17 34 22 15 38 31 8 49 6 48 36 14 
student 219: 24 45 23 48 14 26 21 42 47 2 4 16 7 32 33 11 28 43 18 25 6 37 40 36 27 34 9 22 5 44 12 49 17 20 41 1 8 30 19 35 29 15 39 31 10 46 3 50 38 13 
student 220: 25 46 23 47 10 27 21 40 50 2 7 17 6 32 33 14 24 43 18 26 3 37 41 35 28 34 9 22 5 44 11 48 19 16 42 1 12 31 20 36 29 15 39 30 8 45 4 49 38 13 
student 221: 25 48 24 46 9 28 21 44 47 2 5 15 4 32 34 10 23 42 17 26 12 38 41 35 30 29 8 22 6 43 11 50 20 19 39 1 13 31 18 37 27 16 40 33 7 45 3 49 36 14 
student 222: 25 46 23 47 9 27 21 43 44 2 7 17 5 29 33 14 22 42 18 26 3 37 41 38 30 31 12 24 6 45 15 49 16 20 40 1 13 34 19 35 28 11 39 32 8 48 4 50 36 10 
student 223: 25 47 24 46 8 27 20 42 45 1 7 15 6 35 31 14 22 41 18 26 2 40 37 34 32 33 10 21 4 44 12 50 16 23 43 3 11 30 19 38 28 17 36 29 9 48 5 49 39 13 
student 224: 23 47 27 49 9 26 21 43 45 2 5 18 7 33 34 12 25 41 14 24 1 37 40 36 28 30 8 22 4 42 15 48 16 19 44 3 11 29 20 35 31 17 39 32 10 46 6 50 38 13 
student 225: 26 44 25 48 9 30 20 42 46 2 5 15 10 32 34 11 21 43 16 27 7 39 41 35 31 33 6 23 4 45 14 50 18 22 37 1 13 29 19 36 28 12 40 24 8 47 3 49 38 17 
student 226: 25 47 26 48 8 24 22 38 44 4 12 16 6 34 37 10 20 43 17 28 2 40 41 36 31 32 9 23 3 45 11 50 19 21 42 1 13 29 18 35 27 14 39 30 7 46 5 49 33 15 
student 227: 23 47 24 49 10 28 16 41 46 4 6 18 9 35 32 12 25 43 17 26 3 37 40 38 29 33 8 22 5 45 13 50 19 21 42 2 11 31 20 34 27 15 39 30 7 44 1 48 36 14 
student 228: 22 41 27 50 9 25 21 43 44 1 6 14 4 33 37 11 24 46 17 26 2 38 42 36 29 32 8 23 5 47 15 49 19 20 39 3 13 30 16 31 28 12 40 34 7 48 10 45 35 18 
student 229: 26 48 24 44 15 30 22 42 47 1 9 19 7 31 34 12 23 43 18 25 3 40 38 36 28 33 11 21 5 45 13 49 17 14 41 4 6 29 20 35 27 16 39 32 8 46 2 50 37 10 
student 230: 22 47 25 50 10 27 21 41 45 1 7 18 6 33 37 11 24 43 16 26 4 42 38 35 31 32 9 20 5 44 12 49 17 19 40 2 15 29 23 34 28 14 39 30 8 46 3 48 36 13 
student 231: 27 47 25 46 14 26 19 40 44 2 6 15 7 34 35 13 20 45 17 28 3 37 41 38 24 32 9 22 5 43 11 50 18 23 42 1 10 30 21 33 29 16 39 31 8 49 4 48 36 12 
student 232: 25 47 26 46 10 27 22 40 48 2 9 16 5 32 33 12 23 43 18 24 4 38 41 37 29 30 8 20 3 45 13 50 17 21 42 1 11 31 19 34 28 14 39 35 6 49 7 44 36 15 
student 233: 28 43 23 47 14 27 19 41 46 3 6 17 7 33 36 11 24 45 18 25 2 40 35 38 26 30 9 22 4 44 12 49 20 21 42 1 8 32 16 34 29 15 39 31 10 48 5 50 37 13 
student 234: 23 45 26 47 10 27 22 42 44 1 6 18 7 32 34 15 24 43 17 25 4 39 40 36 30 37 9 20 5 46 12 50 16 21 41 2 11 29 19 31 28 14 35 33 8 48 3 49 38 13 
student 235: 24 47 23 48 9 27 19 41 43 2 7 17 6 32 34 13 26 44 15 25 4 39 40 36 30 33 5 21 8 46 12 49 22 20 42 3 11 31 18 35 29 14 37 28 10 45 1 50 38 16 
student 236: 24 44 25 47 9 27 23 43 50 3 8 16 6 35 33 12 22 41 17 26 4 39 40 36 31 28 10 21 1 46 13 49 18 20 42 2 11 30 19 34 29 15 38 32 7 48 5 45 37 14 
student 237: 23 47 27 46 14 25 24 39 45 2 8 16 6 33 36 10 21 44 19 29 1 42 41 34 28 31 12 20 5 43 18 49 17 22 40 3 9 30 15 37 26 13 35 32 7 48 4 50 38 11 
student 238: 25 48 22 42 9 27 19 40 46 3 6 16 8 33 35 13 20 43 17 26 4 36 39 38 30 31 11 23 5 45 10 50 21 24 44 1 12 29 18 37 28 14 41 32 7 49 2 47 34 15 
student 239: 22 46 24 48 10 25 23 42 45 1 9 17 14 29 34 13 26 44 16 28 4 38 39 36 27 33 7 21 2 41 11 49 18 19 43 3 12 30 20 35 31 5 37 32 8 47 6 50 40 15 
student 240: 25 46 21 47 11 27 22 42 41 3 9 19 6 33 35 10 23 45 13 26 1 39 40 36 29 30 8 24 5 43 16 50 14 20 44 2 15 31 17 34 28 12 37 32 7 48 4 49 38 18 
student 241: 24 46 25 48 10 28 21 40 45 2 6 19 7 31 34 12 23 43 18 27 3 39 41 36 33 30 9 22 5 44 13 50 15 20 42 1 11 32 16 35 26 17 38 29 8 47 4 49 37 14 
student 242: 24 46 25 47 9 27 21 39 45 2 7 16 6 31 32 12 23 43 19 29 4 36 40 35 28 34 10 22 5 44 15 50 13 20 42 1 11 30 18 37 26 17 41 33 8 48 3 49 38 14 
student 243: 23 45 25 47 10 27 22 40 46 5 7 18 6 34 31 11 19 43 15 26 1 38 41 37 29 32 9 24 4 44 13 50 17 20 42 2 12 30 21 35 28 16 39 33 8 48 3 49 36 14 
student 244: 25 43 24 46 10 26 22 40 47 5 2 17 7 35 34 12 21 44 18 28 3 38 41 36 30 32 9 23 6 45 13 50 16 20 42 1 11 29 19 33 27 14 39 31 8 49 4 48 37 15 
student 245: 24 46 26 44 9 29 19 39 50 1 7 17 6 37 34 15 23 42 18 25 3 41 40 31 28 30 10 22 4 45 14 49 21 20 43 2 12 32 16 35 27 13 38 33 8 48 5 47 36 11 
student 246: 26 46 23 49 11 27 21 37 45 1 7 19 4 34 35 12 22 39 15 25 3 41 43 38 29 33 9 24 5 44 17 50 16 20 42 2 10 30 18 32 28 14 40 31 8 47 6 48 36 13 
student 247: 23 46 25 47 11 27 19 41 44 7 6 16 5 35 36 14 24 45 10 26 2 32 42 37 30 34 9 22 4 40 15 50 18 21 43 1 12 29 20 31 28 13 39 33 8 48 3 49 38 17 
student 248: 26 44 24 47 8 27 22 41 46 1 6 16 7 30 35 15 20 42 17 25 3 37 38 33 29 34 10 23 5 43 12 49 18 21 36 2 11 31 19 39 28 14 40 32 9 48 4 50 45 13 
student 249: 23 45 25 47 11 29 16 38 44 1 6 17 5 31 35 12 22 42 18 26 3 43 40 36 30 33 9 24 8 46 13 49 20 21 41 2 10 32 19 34 27 15 39 28 7 50 4 48 37 14 
student 250: 26 45 21 46 8 27 22 42 43 2 10 15 4 32 34 13 23 44 19 25 5 41 39 37 28 31 12 24 3 40 9 47 17 20 48 1 14 30 18 36 29 16 38 33 6 50 7 49 35 11 
student 251: 22 47 24 50 10 30 20 43 40 2 7 19 6 33 34 12 26 42 15 25 3 38 39 37 28 31 9 23 4 45 13 49 17 21 44 1 11 29 18 35 27 16 41 32 8 46 5 48 36 14 
student 252: 23 46 26 47 8 30 21 41 48 1 9 16 5 34 33 17 24 43 18 27 4 38 39 35 28 29 10 22 6 44 14 50 19 20 42 2 12 31 15 37 25 13 36 32 7 45 3 49 40 11 
student 253: 21 46 29 48 11 23 22 40 45 4 7 14 5 32 34 10 25 44 15 26 2 37 38 36 28 33 8 24 6 43 16 50 18 20 42 1 12 30 19 35 27 17 41 31 9 47 3 49 39 13 
student 254: 24 47 26 48 9 23 22 39 46 2 6 17 4 34 35 11 25 42 18 29 3 33 40 38 27 32 10 20 7 43 14 50 16 19 41 1 12 30 21 37 28 15 44 31 8 45 5 49 36 13 
student 255: 24 45 29 46 11 30 22 38 49 2 7 18 4 32 33 12 20 44 17 25 6 36 43 39 28 34 9 23 3 41 16 50 19 21 42 1 8 31 15 35 26 14 37 27 10 48 5 47 40 13 
student 256: 24 46 25 47 10 27 23 40 45 2 7 15 6 34 35 12 21 42 16 26 3 36 44 37 28 30 9 20 5 41 14 50 18 19 43 1 11 29 22 33 31 17 39 32 8 48 4 49 38 13 
student 257: 22 44 25 50 10 27 21 40 45 2 9 16 5 33 34 12 28 42 18 24 3 37 39 36 29 31 7 23 8 43 13 49 19 20 46 1 11 30 17 35 26 15 41 32 6 47 4 48 38 14 
student 258: 24 47 21 45 10 26 20 38 46 3 7 16 5 33 34 11 23 44 17 27 2 40 41 36 28 31 8 25 6 43 13 49 18 22 42 1 12 30 19 35 29 14 39 32 9 48 4 50 37 15 
student 259: 24 46 26 47 7 25 22 41 45 1 3 16 6 36 35 11 23 43 18 27 4 38 39 32 28 31 10 21 5 44 14 50 17 19 42 2 13 33 20 34 30 12 40 29 9 48 8 49 37 15 
student 260: 23 46 25 47 9 29 20 42 45 2 7 16 5 33 31 12 24 43 18 26 1 37 41 35 28 34 11 22 6 44 13 49 17 21 40 3 10 30 19 38 27 14 39 32 8 50 4 48 36 15 
student 261: 24 47 25 45 10 26 20 42 43 2 7 15 6 35 32 12 23 41 17 27 5 38 39 36 29 33 8 22 3 46 16 50 18 21 44 1 11 30 19 37 28 13 40 31 9 49 4 48 34 14 
student 262: 24 46 25 49 11 30 19 38 42 4 8 16 6 37 36 12 23 41 18 26 2 34 44 35 27 32 7 22 5 45 15 50 17 21 40 1 10 29 20 33 28 14 39 31 9 47 3 48 43 13 
student 263: 25 45 24 46 12 29 22 44 47 4 7 14 6 35 32 15 23 43 19 28 3 38 41 36 31 30 8 21 2 42 9 50 16 20 39 1 10 27 18 34 26 17 40 33 11 48 5 49 37 13 
student 264: 22 46 25 48 12 27 21 44 47 1 8 16 6 30 33 11 23 42 18 26 2 39 40 36 28 32 7 24 4 43 14 50 17 20 38 3 10 34 19 35 29 15 41 31 9 45 5 49 37 13 
student 265: 24 45 25 48 10 28 17 42 46 2 8 16 5 33 34 11 23 43 15 27 4 38 39 36 26 32 9 21 7 44 13 50 22 20 41 1 14 30 19 35 31 18 40 29 6 47 3 49 37 12 
student 266: 27 47 23 45 9 28 22 38 46 2 13 18 8 34 33 12 24 43 16 25 5 39 44 36 32 31 6 21 4 41 11 50 17 20 42 1 10 26 19 35 29 15 40 30 7 48 3 49 37 14 
student 267: 26 46 23 48 13 27 20 41 42 2 7 16 6 32 38 10 24 44 19 25 5 39 40 35 28 34 9 21 4 45 12 50 17 22 43 1 11 30 18 31 29 15 36 33 8 47 3 49 37 14 
student 268: 24 46 26 49 10 27 22 42 47 2 6 20 7 34 37 14 25 43 12 23 3 36 41 35 30 29 9 21 4 44 13 50 17 19 39 1 11 33 18 32 28 16 40 31 8 48 5 45 38 15 
student 269: 23 47 26 48 9 31 20 41 44 4 7 15 6 35 33 13 24 43 17 25 5 36 37 38 27 30 10 22 3 45 14 49 18 19 42 1 11 29 21 34 28 16 40 32 8 46 2 50 39 12 
student 270: 25 47 24 46 8 27 21 41 45 3 6 17 7 36 30 10 23 43 18 26 2 38 40 35 29 34 11 22 4 44 12 49 14 19 42 1 15 32 20 33 28 16 39 31 9 48 5 50 37 13 
student 271: 24 45 23 47 14 26 25 41 43 2 5 15 8 34 33 10 21 44 12 27 3 39 40 36 29 32 9 22 6 46 13 49 16 20 42 1 11 30 19 35 28 17 38 31 7 48 4 50 37 18 
student 272: 24 48 25 46 8 27 19 43 45 3 7 14 6 34 32 18 21 41 23 26 4 39 42 37 29 31 9 22 5 44 11 49 17 20 38 1 10 33 16 35 28 15 40 30 12 47 2 50 36 13 
student 273: 24 47 22 46 10 26 21 45 44 3 9 15 5 34 35 11 25 41 18 28 2 38 43 36 27 30 8 23 7 42 13 50 19 20 40 1 12 31 14 33 29 17 39 32 6 48 4 49 37 16 
student 274: 27 49 23 46 5 29 21 39 42 1 8 16 7 35 33 15 24 40 18 26 3 43 41 36 28 30 12 22 6 45 10 48 19 20 44 2 9 31 13 34 25 14 38 32 11 47 4 50 37 17 
student 275: 25 45 24 47 9 29 23 39 46 2 7 15 6 34 33 12 22 43 18 26 5 37 42 36 30 32 10 21 4 44 13 49 17 19 41 3 11 28 20 35 27 14 40 31 8 48 1 50 38 16 
student 276: 25 45 23 46 12 27 22 40 44 2 6 20 8 33 35 11 24 43 13 26 3 37 41 36 29 31 10 18 4 47 14 50 19 21 42 1 9 32 17 38 28 15 39 30 7 48 5 49 34 16 
student 277: 22 46 25 47 8 27 14 40 45 2 6 21 9 31 33 11 24 43 15 26 3 36 41 37 29 30 13 23 5 44 12 50 18 20 42 1 10 32 17 38 28 19 39 35 7 48 4 49 34 16 
student 278: 24 46 25 47 10 26 20 42 45 2 5 13 4 32 34 12 23 43 15 27 3 39 41 38 29 33 9 22 7 44 14 50 18 21 40 1 11 31 19 36 28 17 37 30 8 49 6 48 35 16 
student 279: 25 49 23 44 5 27 20 38 48 3 8 14 7 33 30 10 21 43 17 26 4 37 40 34 28 35 9 22 6 45 12 47 18 24 42 1 13 29 19 36 31 16 39 32 11 46 2 50 41 15 
student 280: 23 47 29 46 12 26 25 41 45 3 7 16 5 33 36 11 21 42 19 24 4 39 38 35 27 31 9 22 6 44 13 49 17 20 43 2 10 32 18 34 28 15 40 30 8 48 1 50 37 14 
student 281: 23 46 26 50 9 27 21 38 45 3 7 13 6 34 35 11 25 44 17 24 1 41 40 36 29 31 8 22 5 43 12 49 18 20 42 2 14 30 19 32 28 15 39 33 10 47 4 48 37 16 
student 282: 25 45 24 50 10 26 22 38 46 3 5 16 7 33 34 13 23 42 19 28 2 41 40 36 32 31 9 21 6 44 14 48 17 18 43 1 12 27 20 37 29 11 35 30 8 47 4 49 39 15 
student 283: 23 46 24 44 9 21 20 42 47 1 7 16 6 34 35 12 28 41 17 30 3 39 40 36 27 29 11 25 4 45 13 49 18 22 43 2 10 33 19 32 26 14 37 31 8 48 5 50 38 15 
student 284: 24 48 25 45 10 27 18 42 44 1 7 16 6 33 35 13 23 43 20 26 3 38 39 36 29 32 9 21 5 46 12 50 17 22 41 2 11 31 19 34 28 15 40 30 8 49 4 47 37 14 
student 285: 22 47 25 49 12 27 21 41 44 4 5 18 6 33 35 13 24 43 16 28 3 39 36 37 32 31 7 23 10 45 14 50 20 19 42 1 9 29 17 34 26 15 40 30 8 46 2 48 38 11 
student 286: 25 45 23 48 10 30 21 42 46 3 7 18 6 32 35 12 24 41 15 27 1 37 40 36 29 31 9 22 5 44 13 49 17 20 43 2 11 33 19 34 26 16 39 28 8 50 4 47 38 14 
student 287: 25 44 24 47 11 29 23 43 46 2 6 15 7 33 34 13 21 42 19 26 4 40 39 36 28 32 9 22 3 45 12 50 18 20 41 1 10 30 16 35 27 14 38 31 8 48 5 49 37 17 
student 288: 29 46 24 47 12 26 17 42 45 1 8 16 3 34 33 11 25 43 18 19 6 36 38 39 31 32 7 23 5 44 14 49 21 22 41 2 10 27 20 35 28 15 40 30 9 48 4 50 37 13 
student 289: 28 46 24 47 12 27 22 40 45 4 8 15 5 33 37 11 21 44 17 23 7 42 39 34 31 32 6 25 3 43 13 49 18 19 41 2 14 30 20 35 26 16 38 29 9 48 1 50 36 10 
student 290: 24 46 23 48 10 28 20 44 45 3 6 15 8 32 34 13 25 43 16 26 1 36 40 37 29 33 9 22 5 42 11 50 17 21 41 2 12 31 18 35 27 14 39 30 7 47 4 49 38 19 
student 291: 23 39 24 45 11 28 21 41 47 1 7 15 4 32 33 10 25 42 18 26 3 40 43 36 34 31 9 22 6 44 17 48 16 20 46 2 12 29 19 37 27 14 38 30 8 50 5 49 35 13 
student 292: 24 48 25 42 9 28 19 39 47 2 8 16 6 32 34 13 23 43 17 27 3 38 41 36 26 30 7 22 5 45 12 50 21 20 44 1 11 33 18 35 29 15 40 31 10 46 4 49 37 14 
student 293: 24 48 25 46 10 26 18 40 45 1 6 14 7 33 34 11 21 43 17 31 3 37 39 35 27 32 8 20 5 44 13 49 22 23 42 4 9 29 19 38 28 16 41 30 12 50 2 47 36 15 
student 294: 24 46 26 48 10 27 22 40 43 3 9 14 6 32 33 12 23 42 17 25 4 37 45 36 30 35 7 21 5 44 13 50 18 20 39 2 11 31 19 34 29 16 38 28 8 49 1 47 41 15 
student 295: 26 47 27 48 10 25 19 43 46 4 7 15 5 33 34 12 23 41 17 24 3 42 39 36 31 30 9 22 6 45 13 50 21 20 40 2 11 29 18 35 28 16 38 32 8 44 1 49 37 14 
student 296: 22 47 25 49 9 28 20 41 45 2 8 16 6 33 34 10 23 43 18 27 4 39 38 36 29 32 7 24 3 42 15 50 19 21 44 1 11 30 17 35 26 13 40 31 12 46 5 48 37 14 
student 297: 24 47 25 46 13 27 19 42 44 3 8 15 5 34 32 12 23 45 17 26 2 38 41 35 30 33 11 20 4 43 9 50 18 21 40 1 10 28 22 37 29 16 39 31 6 49 7 48 36 14 
student 298: 29 48 26 46 10 25 22 40 45 4 3 13 6 33 39 14 21 41 16 27 5 37 42 35 28 31 8 23 7 44 12 49 18 20 43 2 11 30 19 34 24 15 38 32 9 47 1 50 36 17 
student 299: 25 46 27 48 9 28 22 41 44 3 4 18 7 33 34 11 21 45 20 24 5 36 40 35 29 32 8 23 6 43 13 49 17 19 42 2 12 30 16 39 26 15 38 31 10 47 1 50 37 14 
student 300: 24 44 27 46 11 28 20 42 43 1 6 14 5 32 34 13 23 45 17 25 4 39 36 38 26 33 8 22 7 47 12 50 15 21 41 2 10 30 18 35 29 16 40 31 9 48 3 49 37 19 
student 301: 25 49 26 45 12 27 21 41 44 2 7 13 5 33 34 10 23 43 16 24 9 37 39 36 28 31 8 22 4 46 11 48 18 19 42 1 15 30 20 35 29 17 40 32 6 50 3 47 38 14 
student 302: 25 47 17 48 11 27 21 42 43 2 7 14 6 31 35 12 23 45 19 26 1 41 39 36 29 28 9 22 5 44 13 46 16 24 40 3 10 30 20 33 34 15 38 32 8 49 4 50 37 18 
student 303: 24 43 25 50 10 27 21 42 47 1 7 16 8 34 32 12 22 44 17 26 3 38 39 35 29 33 6 23 4 45 13 48 18 19 40 2 11 30 20 36 28 14 41 31 9 46 5 49 37 15 
student 304: 23 45 22 46 11 27 20 42 43 1 5 15 4 32 34 10 26 44 19 25 6 37 40 36 29 33 9 24 7 47 14 50 17 21 41 2 13 30 18 35 28 16 38 31 8 48 3 49 39 12 
student 305: 24 47 29 48 10 26 21 40 46 2 5 17 4 34 32 11 23 42 20 25 9 38 39 37 28 33 8 22 3 44 13 49 18 19 41 1 12 30 15 35 27 14 36 31 7 50 6 45 43 16 
student 306: 23 46 26 49 11 30 21 42 47 3 9 14 6 33 34 12 22 41 16 27 2 39 40 35 28 31 8 24 5 43 13 48 19 20 45 1 10 29 18 37 25 15 38 32 7 44 4 50 36 17 
student 307: 21 48 24 46 11 28 22 41 44 3 10 23 8 34 35 13 19 45 16 26 2 38 40 36 30 32 7 25 5 43 15 50 17 20 42 1 12 31 18 33 27 14 39 29 6 47 4 49 37 9 
student 308: 24 45 29 47 10 26 19 38 44 4 5 16 8 33 35 14 22 43 21 27 3 39 40 37 30 32 7 25 2 46 12 49 17 20 42 1 11 31 18 34 23 15 41 28 6 48 9 50 36 13 
student 309: 26 46 27 47 8 25 21 40 45 2 10 16 6 33 34 13 22 44 17 24 4 38 41 35 30 32 9 23 1 43 12 50 19 20 42 5 11 29 18 37 28 15 39 31 7 48 3 49 36 14 
student 310: 22 46 25 47 8 26 23 42 45 1 6 16 7 34 32 13 24 37 18 28 5 39 41 36 31 33 12 21 4 44 14 50 17 20 43 3 10 29 19 35 27 15 40 30 9 48 2 49 38 11 
student 311: 26 46 24 47 10 25 21 41 45 1 7 15 6 33 35 11 23 43 17 32 5 38 40 34 31 30 20 22 4 44 13 48 16 19 42 2 9 28 18 37 27 14 36 29 8 49 3 50 39 12 
student 312: 26 43 22 49 12 27 23 40 48 2 7 16 6 33 35 11 21 44 17 24 3 38 41 34 30 32 8 25 5 45 13 50 19 18 42 1 10 28 20 36 29 14 39 31 9 46 4 47 37 15 
student 313: 24 46 26 48 8 25 19 42 43 2 7 18 6 31 35 12 23 44 20 27 5 38 41 36 28 33 10 22 4 45 13 50 17 21 40 1 11 32 15 34 29 16 39 30 9 47 3 49 37 14 
student 314: 25 45 24 46 10 30 19 43 44 2 9 15 7 31 34 12 23 42 17 26 3 36 40 37 27 32 11 21 6 47 14 50 22 20 41 1 8 29 18 35 28 16 38 33 5 49 4 48 39 13 
student 315: 26 49 22 44 9 29 23 41 45 2 8 18 6 33 34 15 24 43 19 28 3 38 40 36 30 27 10 21 4 46 11 50 16 20 42 1 12 31 17 35 25 13 39 32 7 47 5 48 37 14 
student 316: 24 46 25 48 9 27 21 43 44 1 5 17 7 31 34 13 23 41 18 26 4 40 42 36 32 33 10 22 3 45 14 50 19 16 39 2 12 29 20 35 30 15 38 28 8 47 6 49 37 11 
student 317: 27 46 19 49 10 26 22 41 45 2 7 14 6 34 32 12 23 44 17 24 3 36 40 37 30 33 9 25 5 43 11 48 20 15 42 1 16 29 21 35 28 18 39 31 8 47 4 50 38 13 
student 318: 24 46 27 47 10 26 21 40 45 1 4 16 8 34 32 12 22 48 20 25 3 39 43 37 28 30 9 19 7 42 13 50 15 17 41 2 11 29 23 36 31 14 33 35 5 44 6 49 38 18 
student 319: 23 46 26 47 11 29 19 44 43 2 6 15 7 31 36 13 25 45 18 27 5 42 40 34 30 24 10 22 4 41 14 50 20 17 37 1 9 28 21 35 33 16 39 32 8 48 3 49 38 12 
student 320: 23 47 30 48 10 29 22 41 45 1 7 15 5 37 32 14 24 44 18 25 4 38 39 35 28 33 8 21 6 43 13 50 20 17 42 2 11 27 19 34 26 16 40 31 9 46 3 49 36 12 
student 321: 25 49 26 46 8 29 19 41 45 3 7 15 5 33 31 13 22 42 18 24 2 37 40 35 30 34 11 21 4 43 16 50 20 23 44 1 10 28 17 38 27 14 39 32 9 47 6 48 36 12 
student 322: 23 44 24 45 5 27 22 42 47 1 8 13 9 33 35 12 26 43 18 28 2 37 39 34 29 32 15 21 6 46 14 50 19 16 41 3 11 30 20 36 25 17 40 31 7 48 4 49 38 10 
student 323: 24 46 26 47 10 28 18 41 45 2 7 17 8 31 39 11 23 44 15 25 3 35 40 37 27 33 6 20 5 43 13 50 19 22 42 1 14 30 21 34 29 16 38 32 9 48 4 49 36 12 
student 324: 24 48 27 47 10 25 19 42 46 2 5 14 9 33 32 13 23 45 16 28 3 39 40 37 29 36 8 21 7 43 17 41 22 18 44 1 11 30 20 35 26 15 38 31 4 50 6 49 34 12 
student 325: 24 46 25 47 11 27 21 41 50 2 7 16 3 29 34 10 23 39 18 26 6 38 42 35 30 31 8 22 4 44 14 48 17 20 43 1 13 33 19 37 28 15 40 32 9 49 5 45 36 12 
student 326: 25 47 26 46 10 23 21 42 45 1 7 16 6 34 36 11 22 41 19 27 3 40 39 33 29 37 9 24 2 44 13 50 17 20 43 4 15 30 18 32 28 14 38 31 8 48 5 49 35 12 
student 327: 21 45 25 49 10 26 18 42 41 1 8 17 7 31 36 12 23 44 16 28 3 39 38 35 29 30 9 24 5 48 13 50 20 22 43 2 11 32 19 34 27 15 40 33 6 46 4 47 37 14 
student 328: 25 48 24 46 10 27 21 40 45 2 8 17 3 32 33 11 23 44 16 26 4 39 41 35 28 37 7 22 6 43 13 50 19 20 42 1 12 31 18 34 30 15 38 29 9 47 5 49 36 14 
student 329: 24 45 26 48 9 27 20 43 44 2 8 16 7 34 35 12 25 47 18 23 3 39 36 38 28 32 10 22 5 42 13 50 17 21 41 1 11 30 19 31 29 15 40 33 6 46 4 49 37 14 
student 330: 26 45 23 47 9 21 22 41 46 4 7 14 8 32 33 12 25 42 17 27 1 38 39 36 29 34 10 24 5 44 13 49 18 19 43 2 11 31 20 35 28 16 40 30 6 48 3 50 37 15 
student 331: 25 45 27 47 5 26 22 40 44 11 12 16 4 31 33 8 24 42 19 28 1 37 38 35 30 36 13 21 3 43 15 50 17 18 41 10 6 29 20 34 23 14 46 32 7 48 2 49 39 9 
student 332: 25 47 24 48 10 27 20 40 45 4 9 17 5 30 33 15 23 43 16 26 2 39 35 37 28 32 7 22 6 44 13 49 19 18 42 1 12 31 21 36 29 14 38 34 8 46 3 50 41 11 
student 333: 25 46 24 47 9 29 23 39 45 6 8 16 5 30 36 13 20 41 17 26 1 40 38 37 31 35 10 22 3 43 11 50 18 21 44 2 12 27 19 32 28 14 42 33 7 49 4 48 34 15 
student 334: 25 46 26 48 9 27 20 39 42 2 8 16 6 34 33 12 24 45 17 23 3 38 40 35 30 32 10 22 5 43 15 49 21 19 44 1 11 29 18 37 28 14 41 31 7 47 4 50 36 13 
student 335: 26 46 24 50 12 27 20 41 47 4 7 17 6 33 34 11 23 42 18 25 1 37 40 36 31 30 8 22 5 43 13 48 14 21 44 3 10 29 19 35 28 16 38 32 9 45 2 49 39 15 
student 336: 24 45 25 46 8 27 19 43 48 5 9 18 6 37 32 16 23 44 17 26 2 35 41 33 29 34 10 22 4 39 12 50 20 15 42 1 11 30 21 36 28 13 40 31 7 47 3 49 38 14 
student 337: 22 46 25 48 8 27 21 39 45 2 6 16 7 35 33 10 23 42 17 26 3 37 38 36 29 32 12 24 4 44 14 50 18 19 40 1 11 31 20 34 28 15 43 30 9 49 5 47 41 13 
student 338: 26 44 24 50 10 33 18 41 46 5 6 16 7 35 36 12 25 45 20 23 2 38 40 34 27 30 9 19 4 42 13 47 17 22 43 1 8 31 21 32 28 15 39 29 11 48 3 49 37 14 
student 339: 25 47 24 45 11 27 21 39 46 2 9 15 7 34 33 10 26 44 17 23 3 38 41 35 29 31 13 22 4 43 16 49 18 19 42 1 12 30 20 36 28 14 40 32 8 48 6 50 37 5 
student 340: 24 46 25 47 10 27 20 41 45 3 8 13 4 33 35 12 23 43 16 28 2 40 39 37 29 32 9 22 6 44 17 50 18 21 42 1 11 30 19 34 26 15 38 31 7 49 5 48 36 14 
student 341: 22 44 24 47 10 28 23 41 46 2 9 15 8 33 34 13 25 42 18 26 4 37 40 36 27 31 3 21 5 45 16 50 17 19 43 1 12 30 20 38 29 11 39 32 7 48 6 49 35 14 
student 342: 24 46 26 49 10 29 21 42 45 2 4 16 9 32 34 14 22 43 15 25 3 37 40 36 27 31 8 23 7 44 13 48 18 20 41 1 11 30 19 35 28 17 39 33 6 47 5 50 38 12 
student 343: 24 47 25 48 11 28 20 42 45 4 7 17 6 32 35 13 22 43 19 27 2 38 39 37 29 33 8 23 3 44 12 50 18 14 40 1 10 31 21 34 26 16 36 30 9 46 5 49 41 15 
student 344: 24 49 26 50 11 31 23 41 45 2 9 16 6 34 32 10 25 44 17 28 1 43 36 35 20 29 7 19 4 42 15 48 18 21 39 5 12 30 22 40 27 14 38 33 8 46 3 47 37 13 
student 345: 24 45 25 49 11 31 21 40 46 2 6 18 7 33 35 14 22 41 16 26 3 37 42 36 28 32 10 23 5 44 8 50 17 20 43 1 12 29 19 34 27 13 39 30 9 48 4 47 38 15 
student 346: 24 48 25 46 10 28 21 41 43 4 7 17 6 33 39 11 23 42 15 27 1 37 40 36 26 32 9 22 5 45 14 50 18 20 44 2 12 30 19 34 29 16 38 31 8 47 3 49 35 13 
student 347: 18 46 25 47 9 27 23 41 45 1 7 16 6 29 34 11 22 44 17 28 3 36 40 35 30 39 8 24 5 43 14 50 20 21 42 2 10 33 19 32 26 15 38 31 13 49 4 48 37 12 
student 348: 23 46 26 50 10 29 20 41 44 3 6 15 7 32 33 12 25 43 17 21 5 37 40 38 31 39 11 24 2 45 19 49 16 22 42 1 8 30 18 36 28 14 34 27 9 47 4 48 35 13 
student 349: 24 45 21 47 10 29 22 41 46 2 7 17 5 33 36 12 28 42 16 25 3 35 40 34 31 32 8 23 6 44 13 49 18 19 43 1 11 30 20 37 27 14 39 26 9 48 4 50 38 15 
student 350: 24 49 26 47 13 27 23 43 45 2 8 14 6 32 34 16 20 44 15 25 3 37 38 35 31 33 7 22 4 41 12 50 18 21 42 1 11 29 19 36 30 17 39 28 10 46 5 48 40 9 
student 351: 23 46 26 45 11 33 19 42 47 1 5 13 6 34 35 12 24 43 16 27 2 38 40 37 28 31 9 22 3 44 14 48 21 20 41 8 10 29 18 32 25 17 39 30 7 49 4 50 36 15 
student 352: 23 47 25 45 13 27 21 41 46 6 7 16 3 34 31 14 24 44 18 26 5 36 40 37 29 32 11 22 4 43 10 50 17 20 42 2 9 30 19 35 28 15 39 33 8 48 1 49 38 12 
student 353: 24 45 27 46 9 26 21 43 44 4 7 16 8 33 35 13 22 47 19 25 2 37 40 38 29 32 10 23 5 42 12 49 18 20 41 1 11 30 17 34 28 15 39 31 6 48 3 50 36 14 
student 354: 23 46 25 49 9 28 22 40 45 2 6 16 7 30 34 12 24 43 17 26 3 39 37 36 27 32 10 21 5 44 13 50 19 18 41 1 11 29 20 35 31 15 42 33 8 48 4 47 38 14 
student 355: 22 48 25 46 11 29 26 43 45 2 6 16 3 33 31 12 24 42 17 23 5 36 40 35 28 30 9 21 4 44 13 50 18 19 41 1 10 32 20 37 27 15 38 34 8 47 7 49 39 14 
student 356: 22 46 26 47 7 28 21 39 45 4 2 15 10 29 35 11 24 43 18 25 6 38 41 37 30 31 8 23 5 44 12 50 17 20 42 1 13 32 19 34 27 16 40 33 9 48 3 49 36 14 
student 357: 25 46 26 47 9 28 21 44 42 2 6 18 1 35 31 13 24 43 17 22 7 39 41 37 29 34 10 23 5 45 12 50 15 19 38 3 11 33 20 32 27 14 40 30 8 48 4 49 36 16 
student 358: 24 46 26 47 12 27 21 41 45 3 9 17 7 32 33 13 22 43 15 23 1 37 39 40 28 34 11 25 6 44 14 49 18 19 42 2 10 31 20 36 29 16 38 30 5 50 4 48 35 8 
student 359: 24 45 27 50 10 25 23 41 44 4 6 15 1 33 35 11 22 48 19 30 5 39 40 34 29 32 9 20 7 43 12 49 17 18 42 2 14 26 21 36 28 13 38 31 8 46 3 47 37 16 
student 360: 24 44 25 49 7 26 21 40 46 3 13 16 5 33 35 11 23 43 19 27 2 39 41 36 30 34 8 22 6 45 12 50 18 20 42 1 9 29 17 32 28 15 37 31 10 48 4 47 38 14 
student 361: 23 47 27 48 10 26 21 41 46 3 8 16 6 31 34 9 22 43 18 24 2 37 39 38 28 32 7 25 4 44 12 50 17 20 42 1 14 29 19 35 30 15 40 33 11 45 5 49 36 13 
student 362: 24 45 27 47 11 29 21 42 46 2 9 16 5 28 35 14 22 43 17 25 3 39 40 36 26 33 7 23 6 44 12 50 15 19 34 1 8 31 20 41 32 18 38 30 10 49 4 48 37 13 
student 363: 25 48 24 49 9 28 22 44 43 1 11 17 8 33 34 10 23 42 15 26 3 37 41 35 27 32 7 21 6 46 13 47 19 18 40 2 12 29 20 36 30 16 38 31 5 45 4 50 39 14 
student 364: 24 42 25 46 11 27 21 44 47 4 6 15 9 30 34 12 22 45 17 26 2 39 40 35 31 33 8 23 5 43 13 50 19 20 41 1 10 29 18 37 28 16 36 32 7 48 3 49 38 14 
student 365: 24 47 26 49 11 25 19 38 42 2 6 16 7 33 34 10 23 45 15 27 3 37 41 35 28 31 9 21 1 43 12 50 18 22 40 4 13 32 20 36 30 17 44 29 8 46 5 48 39 14 
student 366: 24 46 25 50 10 28 20 41 45 2 4 16 9 34 33 12 23 43 18 26 3 37 39 38 32 31 8 22 6 44 13 49 19 21 42 1 11 29 17 35 27 15 40 30 7 48 5 47 36 14 
student 367: 18 47 25 49 11 28 24 45 43 1 6 16 8 34 35 9 23 42 19 26 3 39 40 31 30 33 7 22 5 46 12 50 17 20 37 2 15 29 21 38 27 13 36 32 10 48 4 44 41 14 
student 368: 25 46 24 48 11 26 21 37 43 2 4 19 8 34 33 12 23 45 18 27 3 40 42 36 31 30 10 22 6 41 14 50 16 15 44 1 13 29 20 35 28 17 39 32 9 49 5 47 38 7 
student 369: 25 45 29 48 10 26 23 42 46 2 8 14 6 34 33 12 24 43 16 22 5 39 40 37 31 30 9 21 3 44 13 50 20 19 41 1 11 28 17 36 27 18 38 32 7 47 4 49 35 15 
student 370: 27 46 25 42 10 29 18 37 47 1 9 16 2 34 36 6 23 44 17 24 3 33 41 39 28 32 8 21 7 45 12 48 19 22 43 4 13 30 20 38 26 15 35 31 11 49 5 50 40 14 
student 371: 25 47 23 45 8 28 24 41 43 5 7 19 6 34 36 15 21 42 13 26 2 38 40 31 29 33 10 18 3 46 12 50 16 22 44 1 14 30 20 37 27 17 39 32 9 48 4 49 35 11 
student 372: 25 45 24 48 12 27 18 42 44 1 7 14 6 33 34 9 23 40 17 26 5 38 39 36 29 32 10 22 2 47 16 50 21 20 43 4 13 30 19 35 28 15 41 31 8 49 3 46 37 11 
student 373: 25 47 24 49 13 26 22 40 44 3 6 17 7 33 35 12 23 45 14 27 1 36 42 39 31 32 9 21 5 43 11 48 18 20 41 2 10 28 19 38 29 16 37 30 8 46 4 50 34 15 
student 374: 25 43 24 47 10 27 23 42 45 2 6 16 5 34 36 12 22 41 17 26 3 40 44 38 28 31 9 20 7 37 13 49 18 21 46 1 11 32 19 33 29 15 39 30 8 48 4 50 35 14 
student 375: 24 46 25 47 14 27 17 41 45 2 6 13 3 36 35 12 22 43 18 26 1 39 40 37 33 31 9 23 8 44 11 49 21 20 42 4 10 29 19 32 28 16 38 30 7 48 5 50 34 15 
student 376: 22 45 23 47 7 25 20 37 44 3 8 18 5 35 38 10 24 46 16 26 2 34 42 36 31 32 12 21 9 40 15 50 17 28 43 1 6 29 19 33 27 14 41 30 11 49 4 48 39 13 
student 377: 25 46 24 48 11 30 23 39 45 2 9 16 5 33 34 10 19 40 17 26 3 38 43 36 31 28 8 21 6 41 15 49 14 20 42 1 12 32 22 35 27 18 44 29 7 47 4 50 37 13 
student 378: 24 46 26 47 8 27 21 42 45 4 3 17 6 34 35 12 22 44 18 25 2 37 41 36 29 31 10 23 5 43 14 49 19 16 38 1 11 30 20 32 28 15 40 33 9 48 7 50 39 13 
student 379: 25 42 24 46 10 26 21 43 41 2 5 15 7 34 30 11 22 49 19 27 3 40 39 36 29 33 6 23 4 45 14 48 17 18 44 1 12 32 20 35 28 16 38 31 9 47 8 50 37 13 
student 380: 22 42 27 47 9 26 19 41 46 3 8 16 6 33 35 12 23 45 18 25 4 43 38 39 29 32 10 24 5 40 15 50 17 21 44 1 11 30 20 34 28 14 36 31 7 48 2 49 37 13 
student 381: 22 46 27 47 5 29 20 40 43 2 10 19 6 34 33 13 25 44 14 28 3 38 42 36 26 30 8 21 9 45 12 48 17 18 41 1 7 32 23 37 24 16 39 31 11 49 4 50 35 15 
student 382: 23 48 26 46 11 27 21 40 45 5 6 17 4 34 33 8 24 42 19 25 2 36 41 38 28 31 9 22 7 44 13 50 16 20 43 1 12 32 18 37 29 14 39 30 10 47 3 49 35 15 
student 383: 20 50 26 45 9 27 24 41 46 1 8 16 7 34 37 10 23 40 17 25 3 38 44 33 29 32 6 22 5 42 13 49 18 19 43 2 12 30 21 36 28 15 39 31 11 47 4 48 35 14 
student 384: 22 45 25 47 10 29 16 41 46 2 8 15 7 32 34 13 26 44 17 24 3 37 40 38 27 31 6 23 4 43 12 48 18 21 42 1 11 30 20 35 28 19 39 33 9 49 5 50 36 14 
student 385: 26 47 24 46 11 32 20 40 44 3 7 16 6 33 34 10 21 42 18 27 2 39 43 35 28 31 9 22 5 45 13 50 19 17 41 1 12 29 23 37 25 15 38 30 8 48 4 49 36 14 
student 386: 31 41 24 47 10 28 20 42 46 3 7 16 6 36 33 12 22 49 15 25 1 40 39 37 26 29 9 23 5 44 13 50 19 21 43 2 11 27 18 34 30 14 35 32 8 45 4 48 38 17 
student 387: 23 44 24 47 11 28 22 40 45 2 5 17 6 34 32 12 25 46 15 27 4 42 43 37 29 31 14 21 3 38 9 50 19 18 41 1 10 30 20 35 26 13 39 33 8 49 7 48 36 16 
student 388: 25 46 24 41 12 27 21 40 45 2 7 16 6 35 33 10 23 48 17 26 3 37 42 38 29 32 8 22 5 43 14 50 18 20 44 1 11 30 19 34 28 13 39 31 9 49 4 47 36 15 
student 389: 23 47 24 48 10 27 25 44 45 2 9 18 6 34 32 12 22 42 21 26 4 38 40 35 31 33 8 20 3 43 13 49 17 19 41 1 11 29 16 37 28 15 39 30 7 46 5 50 36 14 
student 390: 24 48 25 47 10 26 19 40 41 4 5 17 3 33 35 15 23 45 20 28 2 38 43 36 30 32 8 22 6 39 12 50 16 21 42 1 11 29 18 37 27 14 44 31 9 49 7 46 34 13 
student 391: 25 48 24 44 11 26 22 39 45 1 6 17 9 33 34 14 23 42 18 27 2 43 40 37 30 32 8 20 4 46 12 50 15 21 41 3 10 28 19 35 29 16 38 31 7 49 5 47 36 13 
student 392: 24 46 29 48 11 26 20 41 45 4 7 17 5 30 33 15 23 43 16 25 2 38 40 36 32 28 9 22 6 44 12 50 19 18 42 1 10 31 21 35 27 14 39 34 8 49 3 47 37 13 
student 393: 25 42 24 47 8 28 21 40 45 3 10 17 5 34 32 14 23 44 15 26 6 38 41 36 29 30 7 22 4 46 11 49 18 20 43 1 12 31 19 35 27 16 39 33 9 48 2 50 37 13 
student 394: 25 46 26 47 11 28 18 42 45 2 8 21 6 30 33 13 20 44 16 22 3 37 39 38 29 34 10 24 5 43 7 50 19 23 41 1 12 31 17 35 27 14 40 32 9 48 4 49 36 15 
student 395: 23 45 24 46 10 28 21 43 44 3 6 16 9 36 33 13 22 47 17 26 2 41 34 39 30 32 7 25 5 42 12 50 18 20 40 1 11 29 19 37 27 15 38 31 8 48 4 49 35 14 
student 396: 24 45 25 47 11 28 20 42 43 1 6 17 5 34 32 12 21 44 18 27 3 36 41 38 29 33 10 23 7 46 13 50 22 19 39 2 8 30 16 35 26 14 37 31 9 48 4 49 40 15 
student 397: 23 46 24 47 9 27 21 43 45 1 4 17 10 33 34 13 25 42 16 26 2 39 40 37 29 32 7 19 8 41 12 49 18 22 44 3 11 30 20 35 28 14 36 31 6 48 5 50 38 15 
student 398: 32 46 24 47 7 26 21 40 45 1 9 17 8 34 35 12 23 39 19 25 2 36 41 37 29 31 10 20 4 43 13 50 18 16 42 5 11 28 22 33 27 15 44 30 6 48 3 49 38 14 
student 399: 24 44 27 47 12 26 22 41 46 2 6 16 9 33 34 11 23 43 18 25 3 39 40 36 32 29 7 17 4 45 13 50 19 21 42 1 8 31 20 35 28 15 37 30 10 48 5 49 38 14 
student 400: 24 46 25 47 12 30 22 40 45 9 6 17 4 34 28 13 23 43 16 26 3 38 41 35 27 33 8 21 5 44 11 49 18 20 42 1 10 29 19 36 31 15 39 32 7 48 2 50 37 14 
student 401: 23 45 24 46 13 30 19 41 44 4 2 17 1 31 35 15 25 43 14 26 5 39 37 38 27 33 10 22 7 47 12 48 18 21 42 3 8 32 20 34 28 16 40 29 9 49 6 50 36 11 
student 402: 24 43 25 45 12 28 22 40 48 2 5 17 4 34 35 11 23 44 18 26 3 39 42 38 29 32 9 21 6 46 13 49 16 20 41 1 10 30 19 33 27 15 37 31 8 47 7 50 36 14 
student 403: 26 45 23 50 9 28 21 39 47 5 6 15 8 32 33 16 22 44 18 25 3 42 40 35 30 34 12 24 4 41 11 49 17 20 43 1 10 29 19 36 27 14 38 31 7 46 2 48 37 13 
student 404: 25 47 26 46 10 20 23 42 45 2 7 14 4 38 34 16 24 43 17 28 5 37 40 32 29 31 9 22 3 44 12 49 19 21 41 1 11 33 18 35 27 13 39 30 8 48 6 50 36 15 
student 405: 24 45 27 48 10 34 23 41 46 1 6 15 7 31 35 12 21 43 20 22 4 39 38 36 26 32 9 25 3 44 13 49 17 16 40 2 11 29 18 37 28 19 42 30 8 50 5 47 33 14 
student 406: 24 47 27 44 9 29 22 41 42 3 8 19 6 37 30 12 23 43 15 25 4 38 39 40 26 32 11 18 7 45 13 50 17 21 46 2 10 31 20 36 28 16 35 34 5 48 1 49 33 14 
student 407: 23 43 28 44 9 24 25 41 46 3 4 19 7 33 37 11 22 47 17 26 2 38 39 35 27 32 10 20 6 42 13 50 16 21 45 1 12 30 18 34 29 15 40 31 8 48 5 49 36 14 
student 408: 24 48 27 46 9 29 21 41 45 2 6 16 7 34 32 12 22 44 17 25 5 37 40 36 30 33 11 23 4 42 14 50 20 19 43 1 10 31 18 38 28 13 39 26 8 49 3 47 35 15 
student 409: 20 47 24 48 11 29 17 41 46 2 5 15 6 34 36 12 25 43 18 27 4 37 39 35 30 32 10 21 8 45 14 49 19 22 42 1 13 26 23 33 28 16 38 31 7 50 3 44 40 9 
student 410: 24 47 26 46 12 27 22 40 42 1 7 17 6 35 33 11 23 44 16 25 3 37 41 34 29 32 10 20 5 45 13 49 18 21 43 2 9 30 19 36 28 15 39 31 8 50 4 48 38 14 
student 411: 24 48 26 46 8 25 20 41 44 1 7 16 6 33 34 13 23 42 18 27 3 37 43 35 28 32 12 22 4 45 10 47 19 21 40 2 11 30 17 36 29 15 39 31 9 49 5 50 38 14 
student 412: 23 43 24 47 10 27 21 38 45 4 7 14 6 34 33 12 22 41 18 26 5 39 40 36 29 32 9 25 3 46 11 50 15 20 42 1 16 31 19 35 28 17 44 30 8 49 2 48 37 13 
student 413: 22 45 23 47 11 29 21 40 43 3 6 13 9 35 33 12 25 44 19 26 4 37 41 38 31 32 8 24 5 46 14 50 18 20 42 1 10 28 16 34 27 17 39 30 7 48 2 49 36 15 
student 414: 23 46 24 48 10 25 22 42 45 3 7 18 6 32 34 15 27 40 13 26 1 37 41 38 29 33 9 21 5 44 11 50 14 16 43 2 12 31 19 35 28 17 39 30 8 49 4 47 36 20 
student 415: 23 46 25 47 10 28 20 41 45 2 7 16 6 32 36 12 22 42 19 26 3 37 43 38 31 34 9 21 5 44 13 49 18 24 39 1 11 29 17 35 30 15 40 33 8 48 4 50 27 14 
student 416: 24 47 27 46 10 26 21 42 43 2 6 19 4 32 33 7 23 45 14 25 3 38 40 37 28 35 11 22 8 44 12 49 18 20 39 1 15 30 17 34 29 16 41 31 9 50 5 48 36 13 
student 417: 23 46 25 47 12 28 20 44 45 3 9 15 6 32 36 11 24 43 19 27 2 37 42 34 30 31 10 22 5 40 14 50 17 18 41 1 8 29 21 33 26 16 39 35 7 48 4 49 38 13 
student 418: 25 45 26 44 9 27 21 40 43 2 6 18 8 34 33 11 23 47 16 24 3 39 38 37 29 31 10 22 5 46 12 48 17 19 41 1 13 30 20 36 28 14 42 32 7 49 4 50 35 15 
student 419: 27 47 23 50 9 24 19 41 46 6 7 16 4 33 34 11 22 43 18 26 2 35 37 38 29 31 8 25 5 44 13 48 17 21 42 1 10 30 20 36 28 14 40 32 12 45 3 49 39 15 
student 420: 24 45 25 48 11 28 21 41 46 6 3 17 8 33 35 12 23 43 14 27 1 39 40 37 29 32 7 19 9 44 13 50 22 20 42 2 10 30 18 34 26 16 38 31 15 49 4 47 36 5 
student 421: 25 48 27 42 10 28 22 43 46 1 7 18 6 35 34 12 21 44 15 24 4 36 41 37 31 32 9 23 8 45 14 50 16 20 40 2 11 30 19 33 26 13 39 29 5 47 3 49 38 17 
student 422: 24 48 25 45 6 28 18 40 47 1 7 23 10 34 36 11 22 42 16 27 5 39 41 33 29 32 13 21 3 44 15 50 17 20 43 2 8 30 19 35 26 12 37 31 9 46 4 49 38 14 
student 423: 23 48 26 45 10 25 19 41 46 3 8 16 5 36 28 13 24 43 18 29 2 38 40 39 31 34 9 22 4 44 14 49 17 21 42 1 11 30 20 33 27 15 37 32 7 50 6 47 35 12 
student 424: 22 46 25 48 11 26 21 40 45 1 6 15 7 32 36 14 20 43 18 27 5 39 41 37 30 33 8 24 4 44 13 50 19 17 42 2 10 29 23 34 28 16 38 31 9 47 3 49 35 12 
student 425: 23 44 25 46 10 27 22 37 41 3 7 16 9 33 34 13 24 45 15 26 2 39 40 36 29 30 11 21 5 47 12 49 17 20 43 1 8 32 19 35 28 18 42 31 6 48 4 50 38 14 
student 426: 25 50 26 46 11 31 22 41 44 3 7 18 6 33 34 12 23 43 16 24 1 35 40 37 30 32 9 17 5 45 13 49 19 20 42 2 10 27 21 36 28 15 39 29 8 47 4 48 38 14 
student 427: 23 41 25 46 11 27 19 42 44 2 7 18 4 29 39 10 24 45 20 26 5 36 37 40 31 33 9 22 6 48 15 50 17 21 43 1 12 32 14 34 28 16 38 30 8 47 3 49 35 13 
student 428: 26 46 23 49 9 28 22 42 45 2 10 15 8 30 34 12 24 43 18 25 4 39 37 38 31 33 7 21 3 44 13 50 17 20 41 1 11 29 19 35 27 16 40 32 6 47 5 48 36 14 
student 429: 21 45 22 49 10 27 23 42 46 2 7 12 5 34 35 11 24 40 16 26 3 39 41 38 31 32 8 25 6 44 14 50 19 20 43 1 13 30 17 33 28 15 36 29 9 47 4 48 37 18 
student 430: 23 45 27 48 10 25 19 41 46 2 5 13 4 33 32 11 24 42 16 28 7 37 40 35 30 31 8 22 6 47 12 49 18 21 43 1 15 29 20 36 26 17 38 34 9 44 3 50 39 14 
student 431: 23 46 25 47 11 28 21 42 45 2 6 15 7 33 34 12 24 43 20 26 5 38 40 36 31 29 9 22 3 44 13 48 18 17 41 1 10 27 19 35 30 16 39 32 8 50 4 49 37 14 
student 432: 24 47 27 43 8 21 18 41 46 2 4 17 5 33 36 10 23 44 20 26 3 39 38 34 29 32 11 25 7 45 15 50 16 19 42 1 14 30 22 35 28 13 40 31 9 49 6 48 37 12 
student 433: 24 45 26 47 12 25 21 42 46 2 6 16 5 33 31 13 22 44 17 28 3 38 40 36 29 34 8 23 4 43 15 48 18 19 41 1 10 30 20 35 27 14 39 32 7 49 9 50 37 11 
student 434: 21 44 23 48 10 27 19 42 46 2 3 17 8 33 34 13 26 43 15 25 4 38 41 35 28 32 11 20 7 45 12 50 18 24 40 1 9 30 22 36 29 14 39 31 6 47 5 49 37 16 
student 435: 22 45 28 47 10 26 20 43 46 1 7 16 4 35 31 12 23 44 17 25 2 37 41 36 29 34 9 24 5 42 13 48 18 19 40 3 11 30 21 32 27 15 39 33 8 49 6 50 38 14 
student 436: 21 49 24 48 13 28 22 43 46 1 7 16 6 34 33 12 27 44 20 25 2 40 38 36 26 31 10 23 3 42 11 47 17 19 41 4 8 32 18 35 29 14 39 30 9 45 5 50 37 15 
student 437: 21 50 26 45 13 27 18 41 46 4 6 17 7 34 33 10 25 42 16 24 2 40 39 35 29 36 9 22 3 44 12 49 19 23 43 1 11 30 20 31 28 15 38 32 8 48 5 47 37 14 
student 438: 20 46 29 47 9 28 22 43 45 1 6 18 4 36 33 10 24 40 15 25 5 38 41 35 27 32 13 23 8 44 12 50 17 19 42 2 14 30 21 34 26 16 39 31 7 49 3 48 37 11 
student 439: 24 47 25 46 5 34 20 41 45 4 8 16 2 30 32 12 22 44 18 26 3 38 40 36 28 31 9 23 7 43 17 49 14 21 42 1 11 35 19 33 27 15 39 29 10 48 6 50 37 13 
student 440: 23 46 25 47 9 27 24 43 45 2 10 14 7 31 34 12 22 40 16 28 5 38 42 35 29 32 8 20 3 44 13 48 18 19 39 1 11 30 21 41 33 15 36 26 4 50 6 49 37 17 
student 441: 24 46 25 47 10 28 21 41 44 2 7 17 4 34 36 13 22 45 16 26 5 38 39 35 31 30 9 23 3 42 15 49 19 20 43 1 11 27 18 33 32 12 40 29 8 48 6 50 37 14 
student 442: 26 45 24 47 10 28 20 43 44 1 8 14 6 31 35 12 23 40 17 25 3 38 41 39 27 33 9 22 5 46 13 50 19 18 42 2 11 30 21 36 29 16 37 32 7 48 4 49 34 15 
student 443: 24 47 25 46 10 28 21 44 42 3 7 16 1 32 36 11 22 40 19 26 5 38 41 34 27 29 9 23 6 45 13 50 18 20 43 2 12 31 17 37 30 15 39 33 8 48 4 49 35 14 
student 444: 24 47 26 46 16 27 21 41 42 2 10 14 5 34 33 13 23 40 18 25 4 38 45 36 32 31 8 20 6 44 12 50 15 22 43 1 9 28 19 35 30 17 39 29 7 48 3 49 37 11 
student 445: 17 46 25 47 10 28 23 41 45 3 8 19 5 34 32 12 24 38 21 26 2 40 39 36 27 33 9 22 6 44 13 48 16 20 42 1 11 29 18 37 31 14 43 30 7 50 4 49 35 15 
student 446: 21 45 24 48 9 28 22 40 46 5 7 16 6 33 34 12 25 43 18 26 2 36 39 37 30 32 11 23 4 44 14 49 19 20 42 1 10 27 17 35 29 15 41 31 8 47 3 50 38 13 
student 447: 26 44 25 45 10 28 18 41 49 1 6 20 7 34 33 15 23 48 16 27 3 37 40 36 22 31 9 17 5 42 13 50 12 24 43 2 11 30 21 35 29 19 39 32 8 46 4 47 38 14 
student 448: 24 45 25 48 11 27 17 41 44 2 6 19 8 33 34 10 23 43 18 26 1 38 37 35 28 32 9 22 5 46 13 49 14 21 42 3 12 30 20 36 29 16 40 31 7 47 4 50 39 15 
student 449: 25 43 30 45 11 28 26 44 47 5 7 16 3 32 35 12 23 42 17 24 1 38 41 34 27 31 9 20 8 46 13 50 18 21 40 4 10 29 19 36 22 15 39 33 6 48 2 49 37 14 
student 450: 24 46 25 47 9 29 18 42 45 2 4 16 5 33 35 12 23 44 17 26 6 38 41 36 30 32 8 22 3 43 13 50 20 19 39 1 11 28 21 34 27 15 37 31 10 48 7 49 40 14 
student 451: 28 49 24 46 10 26 22 43 45 2 8 16 3 37 33 11 23 39 13 25 4 40 38 35 29 30 9 20 6 44 14 50 18 21 41 1 12 32 19 34 27 15 42 31 7 47 5 48 36 17 
student 452: 25 47 24 46 10 26 21 42 45 1 9 17 6 32 33 12 23 44 18 27 5 38 39 35 30 34 8 22 4 41 13 50 20 15 43 3 11 29 19 36 28 16 40 31 7 48 2 49 37 14 
student 453: 24 50 25 46 9 27 20 39 44 2 14 13 6 31 35 10 22 47 17 26 3 38 40 33 28 34 8 23 7 43 12 49 18 21 42 1 11 32 19 36 29 15 41 30 5 48 4 45 37 16 
student 454: 26 47 21 46 13 25 22 40 44 2 8 11 4 32 39 12 24 45 20 27 3 38 42 34 29 35 9 28 6 43 14 50 17 16 41 1 10 30 19 33 23 15 37 31 7 49 5 48 36 18 
student 455: 23 45 25 47 9 27 19 42 46 1 7 18 6 35 34 10 24 40 16 26 5 38 37 36 31 32 8 22 3 44 11 48 17 21 43 2 12 28 20 33 29 14 41 30 13 49 4 50 39 15 
student 456: 26 44 21 48 10 27 23 41 45 3 9 17 4 33 34 11 24 43 16 25 2 39 40 37 29 32 6 22 8 46 12 50 18 19 42 1 13 30 20 35 28 14 38 31 7 47 5 49 36 15 
student 457: 24 47 25 49 9 31 20 41 45 2 7 15 6 35 33 13 22 42 19 28 1 40 36 37 26 30 10 23 5 44 12 48 17 21 43 3 11 32 18 34 27 16 38 29 8 46 4 50 39 14 
student 458: 22 46 24 47 9 27 23 42 45 1 8 17 6 33 34 12 26 43 16 25 5 39 40 37 29 32 10 20 7 44 13 49 19 21 36 2 11 28 18 35 31 15 41 30 3 48 4 50 38 14 
student 459: 21 49 25 50 10 26 20 41 46 3 5 16 7 34 35 11 24 44 17 27 1 36 40 37 30 32 9 22 4 43 14 48 18 19 42 2 13 28 23 33 29 15 39 31 8 45 6 47 38 12 
student 460: 22 47 28 46 12 24 23 41 45 3 8 14 2 34 33 11 25 43 16 26 4 38 39 37 29 31 9 21 6 44 15 49 20 19 42 1 10 32 18 35 27 17 40 30 7 48 5 50 36 13 
student 461: 25 47 28 49 10 29 18 46 44 2 8 17 7 33 37 11 23 36 15 26 3 40 42 38 24 34 6 19 5 43 12 50 16 22 41 1 13 32 21 30 27 20 35 31 9 48 4 45 39 14 
student 462: 25 46 24 47 12 27 21 42 45 4 5 15 7 34 33 14 23 44 17 26 3 37 39 35 29 31 9 22 6 43 11 50 19 20 41 1 10 30 18 36 28 16 40 32 8 49 2 48 38 13 
student 463: 24 45 25 50 11 28 21 43 44 1 6 15 7 34 36 13 23 42 18 26 3 38 39 33 27 31 12 22 5 47 17 46 19 16 41 2 9 29 20 35 32 14 40 30 8 48 4 49 37 10 
student 464: 23 47 25 46 11 27 21 39 45 1 7 17 6 32 35 13 24 43 16 29 3 38 37 40 26 33 9 22 5 44 10 50 18 20 41 2 12 30 19 34 28 14 42 31 8 48 4 49 36 15 
student 465: 27 45 24 44 17 28 21 41 49 2 4 15 7 33 34 10 22 43 16 26 3 39 40 35 32 31 8 23 6 46 13 50 19 20 42 1 11 29 18 36 25 14 38 30 9 47 5 48 37 12 
student 466: 24 46 26 48 11 27 23 38 44 2 7 15 6 34 31 12 22 41 18 25 4 37 39 40 29 30 9 20 5 42 10 50 19 21 45 1 13 33 17 35 28 14 43 32 8 47 3 49 36 16 
student 467: 22 45 24 47 10 29 18 41 46 2 6 15 3 34 39 12 23 43 16 27 1 38 40 33 26 32 9 25 7 44 11 50 20 21 42 4 14 28 19 35 31 13 37 30 8 48 5 49 36 17 
student 468: 20 47 25 46 11 28 17 41 42 1 7 13 6 33 34 10 27 43 16 26 3 39 37 36 23 31 18 24 5 44 14 48 21 22 45 2 9 29 19 35 30 15 40 32 8 49 4 50 38 12 
student 469: 25 48 22 45 12 27 21 43 47 4 8 18 6 35 30 10 24 42 17 26 3 38 39 36 29 31 7 23 5 44 11 49 16 19 41 1 15 32 20 34 28 13 40 33 9 50 2 46 37 14 
student 470: 24 45 28 47 8 25 21 42 46 3 7 19 6 33 34 13 23 40 15 26 4 37 38 35 27 32 10 22 5 43 12 48 16 18 44 1 11 29 20 36 30 17 41 31 9 49 2 50 39 14 
student 471: 22 49 28 44 11 26 24 41 48 4 7 13 8 32 33 14 21 43 17 27 2 37 40 38 25 36 9 20 6 45 15 50 19 18 42 1 10 29 23 34 30 12 39 31 5 46 3 47 35 16 
student 472: 27 48 24 46 12 26 20 41 44 2 10 17 6 33 34 11 21 43 16 25 4 38 39 36 30 32 9 23 3 42 14 50 18 19 45 1 8 28 22 40 29 13 37 31 7 47 5 49 35 15 
student 473: 24 47 27 46 10 25 21 44 43 6 7 13 5 36 34 12 23 42 14 26 3 33 40 38 28 32 9 22 4 45 15 49 17 18 41 1 11 30 19 35 29 16 37 31 8 48 2 50 39 20 
student 474: 28 48 24 46 10 26 18 41 45 3 4 23 7 35 33 11 22 44 15 25 1 38 40 36 29 30 8 21 5 47 13 50 19 20 43 2 12 31 17 34 27 14 39 32 9 42 6 49 37 16 
student 475: 24 47 25 48 10 28 21 43 42 2 7 14 6 33 34 12 23 45 18 27 4 37 39 40 26 32 9 22 5 41 13 49 16 20 44 1 11 30 19 35 31 15 38 29 8 50 3 46 36 17 
student 476: 25 47 27 49 9 24 21 40 44 6 5 15 7 33 34 11 23 45 17 30 3 38 39 35 29 31 8 22 4 41 13 50 18 19 43 1 12 26 20 36 28 16 42 32 10 46 2 48 37 14 
student 477: 25 44 23 47 11 24 21 42 43 3 9 17 5 34 32 12 26 46 18 27 6 38 39 35 29 33 7 22 1 45 13 50 20 19 40 2 10 30 15 36 28 14 41 31 8 48 4 49 37 16 
student 478: 23 44 25 47 10 28 18 48 45 5 3 16 7 31 35 12 24 40 20 26 1 36 37 33 30 29 8 22 6 43 15 50 17 21 42 4 11 34 19 38 27 14 39 32 9 49 2 46 41 13 
student 479: 25 46 24 47 10 27 21 42 44 6 3 17 9 35 31 13 23 45 15 26 2 38 43 36 28 30 7 22 5 40 14 50 20 18 41 1 12 29 19 34 32 11 39 33 8 48 4 49 37 16 
student 480: 24 46 26 48 9 27 20 41 45 2 7 15 6 28 32 11 23 42 17 21 8 38 40 36 29 34 10 25 3 44 14 47 18 22 43 1 12 30 19 35 33 16 37 31 4 49 5 50 39 13 
student 481: 21 47 30 45 10 29 18 41 44 2 7 15 5 35 37 13 23 43 20 26 3 36 40 39 31 28 9 22 6 46 12 50 24 17 42 1 11 27 16 34 25 14 38 33 8 48 4 49 32 19 
student 482: 25 46 24 48 10 28 21 41 45 2 7 16 4 35 33 11 23 43 18 26 3 34 42 37 29 32 9 22 6 44 12 50 15 20 39 1 13 30 19 36 27 17 38 31 8 47 5 49 40 14 
student 483: 25 44 24 46 9 27 19 41 45 3 10 17 5 32 35 12 23 42 15 26 1 40 43 36 28 33 8 21 7 47 18 50 20 22 37 2 11 29 16 34 31 14 39 30 6 48 4 49 38 13 
student 484: 24 45 25 46 10 27 20 41 43 2 7 16 6 33 34 13 22 44 17 26 3 37 38 39 28 32 9 23 5 47 14 49 18 21 40 1 12 30 19 36 29 15 42 31 8 48 4 50 35 11 
student 485: 24 47 26 45 9 27 22 40 43 2 5 16 8 34 33 14 23 46 21 25 3 39 38 36 28 32 11 20 6 44 13 49 18 19 42 1 12 30 17 35 29 15 41 31 7 48 4 50 37 10 
student 486: 24 45 25 47 10 27 22 41 46 2 6 15 7 34 36 9 20 44 19 26 3 39 31 38 29 33 11 23 5 43 16 49 17 21 42 1 14 30 18 37 28 12 40 32 8 48 4 50 35 13 
student 487: 24 46 26 48 10 30 15 41 44 2 9 12 5 32 34 11 22 43 20 28 4 37 39 36 27 31 8 17 6 45 14 50 19 23 40 1 13 29 21 35 25 18 42 33 7 47 3 49 38 16 
student 488: 22 46 24 49 10 26 25 41 44 4 9 17 2 35 36 12 18 43 19 23 3 32 40 37 29 31 8 27 7 45 13 50 16 21 42 1 11 30 20 34 28 14 39 33 6 48 5 47 38 15 
student 489: 21 45 23 50 9 27 20 43 46 2 4 17 8 33 34 11 22 42 12 25 3 38 41 37 30 32 10 26 5 44 14 48 19 24 40 1 13 29 18 35 28 16 39 31 6 47 7 49 36 15 
student 490: 22 47 24 48 11 26 20 39 46 1 6 15 5 34 35 17 25 43 16 27 3 38 40 37 31 32 9 23 8 45 13 50 18 21 42 2 12 29 19 30 28 14 41 33 7 44 4 49 36 10 
student 491: 26 45 23 48 7 27 21 43 46 1 11 14 8 35 36 10 17 40 18 25 2 39 31 37 28 33 9 22 4 44 13 49 19 24 42 3 12 30 20 34 32 16 41 29 6 47 5 50 38 15 
student 492: 27 45 24 49 10 26 23 41 48 2 7 16 8 31 36 13 20 44 17 25 3 38 40 35 28 34 9 21 5 42 11 50 18 19 43 1 12 29 22 33 30 15 39 32 6 46 4 47 37 14 
student 493: 24 45 25 46 11 26 21 41 47 2 7 15 6 33 34 10 22 48 16 27 3 37 40 36 28 32 9 23 4 42 13 49 18 19 43 1 12 29 20 35 30 17 38 31 8 44 5 50 39 14 
student 494: 23 46 24 47 10 26 21 44 43 2 8 16 6 33 34 12 25 45 17 27 3 40 38 35 30 31 9 22 5 42 14 50 18 20 41 1 11 29 19 36 28 15 39 32 7 48 4 49 37 13 
student 495: 29 46 24 48 12 25 23 40 44 2 6 16 5 33 34 11 21 42 18 26 3 38 39 36 27 30 10 22 7 43 15 50 17 19 45 1 8 28 20 35 31 14 41 32 9 47 4 49 37 13 
student 496: 24 46 25 47 9 26 21 40 43 2 8 14 4 33 34 12 22 44 17 29 3 39 38 36 28 31 10 23 7 45 13 50 19 18 42 1 11 30 20 35 27 16 37 32 6 49 5 48 41 15 
student 497: 26 47 22 45 10 24 21 41 46 1 7 15 6 32 35 12 23 43 17 28 3 36 39 37 29 33 9 25 4 44 13 48 20 19 40 2 11 30 18 34 27 16 42 31 8 49 5 50 38 14 
student 498: 23 42 24 47 9 28 20 41 46 4 6 17 8 33 34 12 21 45 16 25 2 38 40 35 30 31 10 26 5 44 13 50 18 22 43 1 11 29 19 36 27 15 39 32 7 48 3 49 37 14 
student 499: 24 44 27 47 9 26 20 40 46 3 8 18 2 32 36 12 22 42 17 25 5 37 41 34 30 33 10 21 6 45 13 49 16 19 43 1 11 29 23 38 28 15 39 31 7 48 4 50 35 14 
