student 0: 44 25 36 30 10 47 17 34 15 49 11 2 32 48 31 43 7 22 18 16 50 38 29 41 28 6 14 27 13 24 33 21 20 5 19 12 42 1 26 40 46 39 45 37 23 35 8 4 9 3 
student 1: 47 22 42 31 14 46 18 33 15 48 10 1 34 49 30 43 8 21 17 19 50 40 28 45 29 6 12 26 13 24 35 20 23 4 16 11 39 2 27 38 41 37 44 36 25 32 9 3 7 5 
student 2: 47 28 37 27 13 45 18 33 16 50 14 1 31 48 34 44 6 23 20 15 49 41 26 40 29 4 11 25 12 24 36 19 21 5 17 10 43 2 22 39 42 35 46 38 30 32 8 3 9 7 
student 3: 46 19 36 30 9 49 15 33 16 47 11 1 34 48 32 43 6 22 18 17 50 40 29 45 27 8 14 25 13 24 35 21 23 4 20 10 41 2 26 39 42 38 44 37 28 31 7 3 12 5 
student 4: 47 23 38 30 12 44 18 34 14 49 10 1 31 48 32 43 7 22 19 17 50 39 26 46 29 6 15 27 13 25 36 20 21 2 16 11 41 3 28 40 42 37 45 35 24 33 8 5 9 4 
student 5: 48 23 45 29 12 43 16 32 13 47 5 2 28 49 33 44 7 22 17 19 50 39 35 42 30 3 14 26 15 24 37 21 20 6 18 11 41 1 27 36 40 34 46 38 25 31 10 4 9 8 
student 6: 47 24 29 31 10 44 17 35 12 50 14 3 30 48 32 43 7 22 21 18 49 40 28 46 33 6 15 25 13 23 38 19 20 2 16 9 41 1 27 39 42 36 45 37 26 34 11 5 8 4 
student 7: 46 26 37 28 12 43 15 36 16 45 5 1 31 49 33 44 8 23 17 18 50 39 29 47 30 7 14 24 13 22 35 21 19 3 20 10 42 2 27 40 41 32 48 38 25 34 9 4 11 6 
student 8: 48 24 37 28 12 44 15 32 14 47 7 2 31 49 33 43 5 23 18 19 50 40 27 45 29 8 13 26 16 20 35 21 22 4 17 11 39 1 30 41 42 36 46 38 25 34 10 3 9 6 
student 9: 47 25 36 28 14 45 15 34 16 49 12 1 30 48 32 39 7 24 19 17 50 43 29 44 31 4 10 21 11 23 35 20 22 5 18 13 42 2 26 37 41 38 46 40 27 33 9 3 8 6 
student 10: 45 24 32 30 14 44 16 37 15 47 12 3 31 48 33 43 9 22 19 17 49 40 27 46 29 7 13 26 10 23 38 20 21 4 18 11 42 1 28 39 41 36 50 35 25 34 5 2 8 6 
student 11: 50 24 35 30 15 46 16 33 14 49 9 1 34 47 32 44 7 23 20 17 48 39 29 45 28 5 13 26 11 22 37 19 21 3 18 12 42 2 27 41 43 36 40 38 25 31 8 6 10 4 
student 12: 46 26 37 29 16 42 17 31 14 48 10 1 32 50 33 40 9 21 18 15 49 41 27 47 36 7 12 25 13 23 35 22 20 3 19 11 43 2 28 39 44 34 45 38 24 30 4 5 8 6 
student 13: 45 23 38 29 15 48 17 34 14 46 13 1 35 49 31 47 7 21 18 16 50 40 28 43 30 3 12 26 11 24 37 19 22 5 20 9 41 2 27 39 42 33 44 36 25 32 8 4 10 6 
student 14: 50 22 41 27 14 43 16 34 15 47 10 2 30 48 32 42 7 25 18 19 49 39 29 44 31 6 12 24 11 23 37 20 21 5 17 9 40 3 28 38 46 35 45 36 26 33 8 1 13 4 
student 15: 47 24 40 28 15 46 16 30 14 45 6 10 29 49 34 42 2 22 17 19 50 43 27 44 31 7 12 26 11 23 32 20 21 4 18 8 38 3 33 39 41 35 48 36 25 37 9 1 13 5 
student 16: 47 23 36 29 13 45 15 30 16 48 11 1 31 49 33 42 7 22 18 17 50 40 27 44 32 6 14 28 12 25 37 20 21 5 19 9 38 2 24 39 43 35 46 41 26 34 8 3 10 4 
student 17: 47 24 37 30 13 45 16 34 14 50 12 3 28 48 31 41 7 22 20 17 49 40 29 44 27 8 15 26 9 25 36 19 18 6 21 11 42 1 32 39 43 35 46 38 23 33 10 4 2 5 
student 18: 47 23 34 29 15 46 18 36 17 48 10 1 31 49 32 44 6 22 14 21 50 41 25 43 30 8 13 27 11 26 37 20 19 2 16 12 40 4 28 38 42 35 45 39 24 33 7 3 9 5 
student 19: 48 24 37 29 14 45 13 34 16 50 10 2 33 47 35 40 7 21 19 17 49 38 28 44 30 8 15 27 11 23 36 20 22 4 18 12 42 3 26 39 41 31 46 43 25 32 9 6 5 1 
student 20: 48 26 37 29 16 43 15 31 11 47 5 2 32 50 33 44 10 21 18 17 49 40 28 45 30 7 14 25 13 22 38 20 23 4 19 9 41 3 27 39 42 35 46 36 24 34 12 1 8 6 
student 21: 48 22 37 32 16 46 14 38 17 45 7 1 35 50 30 43 9 26 25 15 49 39 27 47 28 6 13 23 11 20 33 18 21 5 19 12 41 3 29 40 44 31 42 36 24 34 10 2 8 4 
student 22: 49 22 39 31 14 41 17 34 15 47 11 3 29 48 33 43 7 20 23 16 50 40 27 45 30 10 13 28 12 21 37 19 24 5 18 9 42 1 26 36 44 35 46 38 25 32 8 2 6 4 
student 23: 47 26 36 30 14 45 16 33 15 48 9 1 29 49 31 41 7 22 21 18 50 40 28 44 32 3 10 23 12 24 35 19 20 6 17 13 42 2 27 38 43 39 46 37 25 34 8 5 11 4 
student 24: 46 26 37 28 12 44 18 35 16 48 9 1 30 50 32 39 10 22 15 19 49 42 27 43 29 2 14 23 11 24 38 20 21 5 17 13 40 4 31 45 41 34 47 36 25 33 7 3 8 6 
student 25: 47 28 36 26 14 44 18 32 15 48 11 4 31 50 35 43 6 20 17 19 49 39 22 46 29 5 13 27 12 23 34 16 24 7 21 9 41 1 30 40 42 37 45 38 25 33 8 3 10 2 
student 26: 48 26 36 29 16 45 11 34 15 46 12 1 32 49 33 43 7 22 18 17 50 38 27 44 30 9 14 25 13 24 37 20 21 3 19 6 41 4 28 40 42 35 47 39 23 31 10 2 8 5 
student 27: 47 25 38 29 14 44 15 34 16 48 9 4 31 50 32 42 10 21 18 17 46 40 28 43 30 5 12 22 13 24 36 23 20 7 19 11 41 1 26 39 45 35 49 37 27 33 8 2 6 3 
student 28: 42 22 38 29 14 43 16 32 15 46 10 1 33 48 31 44 7 20 18 17 50 45 30 47 27 6 13 26 11 21 37 23 24 2 19 12 40 3 28 39 41 35 49 36 25 34 8 4 9 5 
student 29: 45 24 37 27 19 46 16 35 15 48 8 1 31 49 33 43 7 21 13 17 50 41 29 38 30 6 11 26 14 23 36 20 22 5 18 10 42 2 28 40 44 34 47 39 25 32 12 3 9 4 
student 30: 48 23 37 29 12 45 19 34 15 47 11 1 33 49 30 44 8 24 17 16 50 40 28 42 31 7 14 25 10 18 36 20 22 4 21 13 43 2 26 38 41 35 46 39 27 32 5 3 9 6 
student 31: 46 24 38 30 15 45 14 35 16 50 12 1 28 48 33 44 10 20 18 17 49 37 29 42 31 4 9 25 13 23 36 21 22 3 19 7 41 2 27 40 43 34 47 39 26 32 6 8 11 5 
student 32: 44 25 32 29 17 46 16 35 14 47 10 2 33 49 31 45 6 22 18 15 50 41 28 43 30 7 9 26 13 23 37 19 21 4 20 12 40 3 27 39 42 36 48 38 24 34 11 1 8 5 
student 33: 47 24 37 31 11 45 17 36 15 48 12 1 30 49 32 43 8 22 18 16 50 40 27 44 29 5 14 26 6 23 34 19 20 7 21 13 38 4 28 39 41 35 46 42 25 33 9 2 10 3 
student 34: 46 24 37 28 12 47 16 35 18 50 10 1 31 49 32 45 7 15 19 17 48 40 27 42 30 6 14 26 11 20 36 21 23 5 22 13 41 2 29 39 43 34 44 38 25 33 8 3 9 4 
student 35: 48 20 39 29 13 46 15 32 14 47 10 3 30 49 34 43 7 23 19 17 50 38 33 45 28 6 16 26 12 24 36 18 21 4 22 11 42 2 27 37 41 35 44 40 25 31 8 1 9 5 
student 36: 49 25 36 31 15 44 17 35 16 47 11 2 24 46 29 43 6 23 19 14 50 39 28 45 33 7 12 27 13 22 37 21 20 4 18 9 42 1 30 40 41 34 48 38 26 32 8 3 10 5 
student 37: 49 21 35 29 14 45 16 34 15 47 10 2 30 48 33 38 1 23 18 17 50 41 28 46 31 6 13 27 11 24 39 19 22 4 20 12 42 5 26 40 43 36 44 37 25 32 8 3 9 7 
student 38: 47 24 37 31 20 45 13 35 14 48 9 3 34 49 32 43 6 19 17 16 50 40 28 42 29 1 12 26 11 22 33 18 23 8 21 15 41 2 27 39 44 36 46 38 25 30 7 4 10 5 
student 39: 47 22 39 29 15 45 17 34 13 48 11 2 33 50 30 43 7 25 19 16 49 40 28 44 31 6 14 23 9 21 36 18 24 4 20 12 41 1 27 37 42 38 46 35 26 32 8 3 10 5 
student 40: 48 25 39 28 12 41 17 34 15 46 11 2 32 50 33 47 7 22 18 16 49 38 30 43 31 5 14 26 13 23 36 21 19 4 20 10 42 3 27 40 44 35 45 37 24 29 8 1 9 6 
student 41: 42 21 35 31 16 47 17 36 13 49 9 1 29 48 32 46 7 26 18 15 50 39 28 44 24 6 14 27 12 19 38 25 23 4 20 11 43 3 30 37 41 34 45 40 22 33 8 2 10 5 
student 42: 48 25 39 24 8 47 15 33 16 44 13 1 27 49 31 43 6 23 17 20 50 38 30 46 32 3 14 28 12 21 35 19 22 4 18 10 41 2 29 36 42 37 45 40 26 34 11 5 9 7 
student 43: 45 26 32 28 14 46 18 30 15 48 6 1 31 49 33 42 8 21 17 19 50 39 29 44 37 3 13 24 12 23 43 16 22 4 20 10 40 2 25 38 41 34 47 36 27 35 9 5 11 7 
student 44: 46 24 36 27 12 45 17 35 14 49 10 1 32 48 34 43 7 21 20 19 50 40 29 44 31 8 16 26 11 22 33 18 23 3 15 13 41 2 28 39 42 38 47 37 25 30 9 5 6 4 
student 45: 46 24 37 30 14 42 16 34 18 48 8 2 31 50 33 45 10 22 20 19 49 40 28 44 29 6 13 26 11 23 35 21 15 4 17 9 41 1 27 39 43 32 47 38 25 36 7 5 12 3 
student 46: 49 24 39 29 14 45 16 34 15 46 11 1 32 50 31 44 7 22 18 17 47 41 28 43 30 4 13 26 10 23 36 21 20 5 19 12 42 2 27 38 40 35 48 37 25 33 9 6 8 3 
student 47: 49 23 40 29 15 45 18 34 14 47 12 3 31 46 32 44 6 22 20 17 50 36 30 43 25 5 13 27 11 24 38 21 19 4 16 10 39 1 28 37 41 35 48 42 26 33 8 2 9 7 
student 48: 45 23 36 29 13 44 16 31 15 48 9 1 30 50 32 40 6 21 18 17 49 43 28 46 33 5 11 27 14 24 41 19 20 4 22 10 39 2 26 37 42 35 47 38 25 34 8 3 12 7 
student 49: 49 23 35 28 14 45 17 33 15 48 9 4 31 47 32 42 6 22 18 16 50 43 30 44 29 7 13 24 12 27 37 20 21 2 19 11 39 1 25 40 41 34 46 38 26 36 10 3 8 5 
student 50: 44 24 37 28 12 46 21 36 15 45 11 1 33 48 31 47 5 18 19 16 50 40 27 43 30 8 14 29 13 23 34 20 22 3 17 10 41 4 26 39 42 32 49 38 25 35 9 2 7 6 
student 51: 43 22 37 27 12 47 19 32 14 49 9 3 30 41 34 45 10 25 18 16 48 39 29 44 31 7 15 28 13 21 36 20 23 4 17 11 46 2 24 40 38 33 50 42 26 35 6 1 8 5 
student 52: 47 25 34 29 13 45 16 35 14 49 8 1 30 48 32 43 4 22 18 17 50 44 28 42 31 12 15 26 11 19 39 24 21 6 20 10 38 5 27 40 41 36 46 37 23 33 9 2 7 3 
student 53: 47 24 36 29 15 40 17 33 13 50 10 1 31 48 34 42 7 23 18 16 49 43 26 44 30 4 14 27 12 22 37 19 21 6 20 11 39 2 28 41 45 35 46 38 25 32 8 3 9 5 
student 54: 48 25 36 27 13 45 18 33 16 50 9 4 34 49 31 43 6 20 15 17 47 40 26 44 32 5 14 23 11 24 37 21 19 3 22 10 41 1 30 39 42 35 46 38 28 29 7 2 12 8 
student 55: 46 23 34 28 14 45 16 32 15 49 11 3 30 50 33 43 7 26 17 18 48 40 31 44 29 8 13 25 12 21 35 20 22 4 19 6 41 1 27 38 42 36 47 39 24 37 10 2 9 5 
student 56: 47 24 39 27 21 45 16 35 15 50 10 1 29 48 30 43 7 23 14 17 49 37 31 44 32 4 13 26 11 19 34 18 22 5 20 12 42 2 28 41 40 36 46 38 25 33 9 3 8 6 
student 57: 50 24 35 29 11 43 17 34 14 48 12 1 32 47 30 39 7 23 19 18 49 41 28 42 31 5 16 27 10 13 37 21 22 4 20 15 45 2 26 44 40 36 46 38 25 33 9 3 8 6 
student 58: 46 22 34 28 15 45 13 36 17 47 10 1 30 49 32 42 4 23 18 16 50 40 29 44 31 8 14 26 7 24 37 20 21 6 19 11 43 2 27 38 41 39 48 35 25 33 12 3 9 5 
student 59: 45 24 35 28 13 44 17 37 15 49 7 1 33 50 31 41 6 18 19 16 47 42 29 43 34 8 14 25 12 21 38 22 23 5 20 11 40 3 26 36 46 27 48 39 30 32 10 4 9 2 
student 60: 47 23 37 29 14 43 17 34 15 48 8 2 31 50 32 45 7 21 22 18 49 42 28 44 30 6 11 25 13 20 35 16 19 4 27 12 40 1 26 39 41 36 46 38 24 33 9 3 10 5 
student 61: 47 21 39 29 14 44 19 35 15 48 8 1 33 50 34 43 4 20 22 12 49 38 27 46 30 13 17 28 5 24 32 18 23 3 16 11 41 2 26 40 42 36 45 37 25 31 7 6 10 9 
student 62: 47 27 36 24 17 44 15 34 14 48 11 2 30 49 31 45 9 22 20 16 50 40 29 42 33 6 12 25 13 23 35 19 21 4 18 8 41 1 28 39 43 37 46 38 26 32 7 3 10 5 
student 63: 46 25 40 29 14 44 16 34 15 49 11 3 32 48 31 45 7 23 19 17 50 39 27 43 30 4 13 24 12 18 37 21 22 5 20 9 41 1 28 38 42 35 47 36 26 33 10 2 8 6 
student 64: 45 25 37 30 15 44 18 31 16 47 9 2 28 49 34 43 7 23 17 14 50 41 27 46 33 5 13 29 11 22 36 19 20 4 21 10 40 3 26 38 42 35 48 39 24 32 8 1 12 6 
student 65: 45 25 37 29 13 42 19 35 15 47 10 1 33 50 31 43 8 22 16 20 48 39 28 46 30 6 14 26 11 23 34 17 18 5 21 12 44 2 27 38 41 36 49 40 24 32 9 3 7 4 
student 66: 49 23 37 29 13 45 16 35 14 48 8 5 31 47 33 43 6 22 20 17 50 40 28 44 30 1 11 25 15 24 36 19 21 4 18 12 41 2 27 39 42 34 46 38 26 32 9 3 10 7 
student 67: 47 25 38 34 16 45 15 30 12 49 9 1 35 48 29 42 5 23 18 19 50 41 28 43 31 4 13 26 14 22 40 20 21 6 17 10 39 2 27 36 44 33 46 37 24 32 7 3 11 8 
student 68: 43 24 37 32 14 44 18 35 16 48 9 4 31 49 30 45 3 22 17 15 50 40 28 41 29 7 10 27 13 23 36 21 20 5 19 12 42 1 26 39 46 33 47 38 25 34 8 2 11 6 
student 69: 46 22 36 29 15 44 16 35 14 48 10 2 31 49 33 40 6 25 17 21 50 41 28 45 30 7 13 26 11 24 37 19 20 4 18 12 43 3 27 39 42 34 47 38 23 32 8 1 9 5 
student 70: 47 25 34 28 14 43 15 32 16 48 11 1 29 49 36 45 8 22 19 17 50 41 35 44 30 6 13 27 12 24 37 18 21 5 20 10 40 3 26 39 42 33 46 38 23 31 7 2 9 4 
student 71: 45 24 38 30 14 46 20 34 18 48 10 1 31 50 33 44 8 22 19 15 49 39 27 43 28 7 13 23 12 25 32 17 21 2 16 11 40 4 29 41 42 36 47 37 26 35 3 5 9 6 
student 72: 49 17 37 29 14 45 16 34 15 46 10 1 27 50 31 43 7 21 19 18 48 40 30 44 32 4 11 26 13 25 36 23 22 6 20 12 41 2 28 39 42 35 47 38 24 33 8 3 9 5 
student 73: 47 27 36 30 15 46 16 32 13 48 10 1 31 49 33 41 6 18 20 17 50 40 29 44 28 7 14 25 12 23 35 22 21 5 19 11 42 4 26 38 43 37 45 39 24 34 8 3 9 2 
student 74: 47 22 35 30 13 44 15 34 14 49 9 1 28 50 32 45 7 23 17 19 48 39 29 41 31 6 16 25 12 24 36 21 18 4 20 10 42 3 27 40 43 37 46 38 26 33 8 2 11 5 
student 75: 47 21 37 30 19 46 15 35 14 49 9 2 31 48 32 43 5 26 20 16 50 41 27 45 29 8 13 25 11 22 36 18 23 4 17 10 39 1 28 38 42 34 44 40 24 33 6 3 12 7 
student 76: 46 21 37 29 14 45 16 34 15 50 7 3 32 47 35 41 10 22 20 17 48 42 27 44 31 4 13 26 11 25 33 19 18 2 23 9 40 1 28 39 43 36 49 38 24 30 8 5 12 6 
student 77: 45 25 36 31 14 47 16 37 15 46 12 1 38 49 30 42 6 23 19 17 48 35 27 43 29 7 13 26 10 22 34 21 20 2 18 9 44 4 28 40 41 33 50 39 24 32 8 5 11 3 
student 78: 46 21 36 30 15 42 14 34 16 49 10 1 28 48 32 38 7 23 18 17 50 41 27 45 31 6 13 25 12 26 39 20 22 5 19 11 44 2 29 40 43 35 47 37 24 33 8 3 9 4 
student 79: 44 23 37 29 12 43 18 34 13 49 10 2 32 50 30 47 8 20 19 15 48 41 24 40 31 5 16 26 14 21 36 17 25 6 22 11 42 3 28 38 45 35 46 39 27 33 7 1 9 4 
student 80: 45 22 35 30 15 43 16 37 12 48 10 1 24 49 31 44 6 20 17 19 50 39 29 46 33 5 11 26 14 25 36 21 23 7 18 13 41 4 28 40 42 34 47 38 27 32 9 3 8 2 
student 81: 47 24 39 26 16 45 21 35 18 48 12 2 30 49 32 41 8 22 19 13 50 42 29 44 31 6 15 27 11 23 36 17 20 7 14 10 46 1 28 38 40 34 43 37 25 33 5 3 9 4 
student 82: 43 24 36 30 14 47 17 33 15 50 9 1 31 48 32 42 8 22 18 19 49 39 28 44 27 6 13 26 12 23 38 20 21 4 16 11 41 2 29 40 45 35 46 37 25 34 10 3 5 7 
student 83: 48 24 37 29 13 50 17 36 14 49 11 1 31 47 35 46 9 21 18 16 44 38 28 43 30 3 15 27 10 23 33 19 22 5 20 12 40 2 25 42 41 32 45 39 26 34 8 4 7 6 
student 84: 48 24 36 29 14 45 16 34 15 50 10 1 32 46 33 43 8 22 18 17 49 40 28 42 30 7 13 26 12 23 38 20 21 4 19 11 41 2 27 39 44 35 47 37 25 31 9 3 6 5 
student 85: 46 23 36 29 13 44 18 32 16 49 10 1 33 48 31 42 6 21 19 17 50 41 27 45 28 5 14 30 11 22 35 20 25 4 15 12 43 2 26 39 40 37 47 34 24 38 7 3 9 8 
student 86: 46 24 36 29 15 45 17 33 14 48 12 1 30 50 34 42 7 20 18 16 49 40 28 43 32 6 13 26 11 22 35 21 23 5 19 9 44 3 27 39 41 38 47 37 25 31 8 2 10 4 
student 87: 47 24 35 30 14 45 13 33 16 48 10 2 32 49 29 44 3 22 17 20 50 40 27 43 31 7 15 26 12 23 38 19 18 1 21 11 41 6 28 39 42 36 46 37 25 34 8 4 9 5 
student 88: 48 24 38 29 13 44 16 35 14 49 12 1 31 47 30 40 7 22 18 17 50 46 28 43 33 6 9 27 15 23 36 19 21 5 20 8 42 2 26 37 39 34 45 41 25 32 10 3 11 4 
student 89: 47 27 39 28 15 44 14 33 21 49 10 1 30 48 34 46 7 22 19 16 50 40 26 43 32 6 13 23 12 24 36 17 20 4 18 11 42 2 29 37 41 35 45 38 25 31 8 5 9 3 
student 90: 48 23 36 28 14 44 16 35 15 50 6 2 29 47 32 43 8 24 17 19 49 39 30 45 31 7 13 27 11 25 37 20 21 3 18 12 40 1 26 38 41 33 46 42 22 34 10 4 9 5 
student 91: 49 25 36 32 15 45 16 33 13 46 10 2 31 47 34 43 8 27 17 18 50 40 28 44 29 7 14 24 12 22 35 21 23 5 19 11 41 1 26 39 42 30 48 37 20 38 3 4 9 6 
student 92: 45 22 37 31 14 47 18 34 11 49 10 5 29 50 32 41 8 23 17 16 46 39 27 43 28 4 15 25 13 30 35 21 20 3 19 9 42 2 24 40 44 36 48 38 26 33 6 1 12 7 
student 93: 49 22 41 28 13 46 15 34 17 47 9 1 30 50 32 44 4 21 16 18 48 39 29 43 31 5 14 25 11 24 37 20 23 3 19 10 40 2 27 38 42 35 45 36 26 33 8 7 12 6 
student 94: 48 26 37 29 14 43 15 34 16 47 8 1 32 50 33 45 5 22 20 17 49 39 28 46 30 6 12 24 13 23 36 21 19 4 18 11 41 2 27 40 42 35 44 38 25 31 9 3 10 7 
student 95: 48 23 39 29 16 45 14 34 15 49 10 1 31 47 33 43 7 19 17 18 50 40 27 44 30 6 13 26 11 28 36 21 22 2 20 12 35 5 24 42 41 37 46 38 25 32 8 4 9 3 
student 96: 47 26 38 29 15 44 14 35 17 49 6 2 32 48 33 42 8 22 19 18 50 40 28 43 30 5 12 25 13 24 37 20 21 1 16 10 41 3 27 34 45 36 46 39 23 31 11 7 9 4 
student 97: 47 24 37 27 14 46 17 31 15 48 9 1 33 49 32 42 6 22 16 19 50 38 29 44 30 3 12 26 13 23 34 21 20 5 18 11 40 2 28 39 43 36 45 41 25 35 8 4 10 7 
student 98: 47 27 35 30 16 46 19 33 17 49 10 1 32 50 34 41 9 23 21 18 48 39 28 44 31 7 11 26 15 22 40 14 20 5 13 12 42 2 25 38 43 37 45 36 24 29 8 3 6 4 
student 99: 47 24 40 27 15 45 13 35 17 50 9 3 32 48 33 44 11 23 18 16 49 41 28 42 31 6 14 26 10 22 36 21 19 2 20 12 38 1 29 37 43 34 46 39 25 30 7 4 8 5 
student 100: 46 25 37 29 14 45 15 35 13 47 17 1 30 50 31 44 8 21 20 16 49 38 28 41 32 6 10 26 12 22 36 19 24 5 18 11 42 3 23 39 43 33 48 40 27 34 4 2 9 7 
student 101: 47 24 35 31 13 44 16 34 15 48 12 2 30 49 33 46 5 22 19 17 50 43 29 40 26 6 14 27 10 23 36 20 21 4 18 11 41 1 28 39 42 37 45 38 25 32 7 3 9 8 
student 102: 48 24 40 28 15 43 16 35 13 49 8 1 30 47 32 44 7 21 20 18 50 39 27 45 31 6 14 23 11 25 37 22 19 4 17 12 41 2 29 38 42 34 46 36 26 33 9 3 10 5 
student 103: 45 23 35 32 14 47 16 33 15 48 10 3 28 49 30 43 7 22 17 19 50 39 29 44 31 6 13 26 12 25 37 21 20 4 18 11 40 1 27 41 42 36 46 38 24 34 8 2 9 5 
student 104: 48 23 41 28 18 45 15 34 14 49 10 2 31 50 32 40 9 21 17 16 47 38 30 43 27 6 13 29 12 20 37 22 24 1 19 11 39 3 26 42 44 35 46 36 25 33 5 4 8 7 
student 105: 45 25 35 27 15 46 17 34 16 48 10 3 32 50 33 43 9 22 18 21 49 40 30 44 29 7 14 20 11 24 36 23 19 4 13 12 41 5 28 39 42 38 47 37 26 31 2 1 8 6 
student 106: 46 24 37 29 15 43 16 35 14 49 6 1 30 50 33 44 10 23 18 17 48 40 28 45 31 9 13 25 8 22 34 20 21 4 19 7 41 2 27 38 42 36 47 39 26 32 11 3 12 5 
student 107: 47 24 41 30 14 45 16 37 18 48 11 1 32 50 29 43 7 19 17 15 49 36 27 44 31 6 12 28 13 23 35 22 21 3 20 10 39 2 26 34 42 40 46 38 25 33 8 4 9 5 
student 108: 49 23 35 28 15 46 17 34 16 47 12 2 32 50 31 44 3 25 14 18 45 40 29 43 30 9 11 26 13 22 37 20 21 1 19 10 41 4 27 39 42 33 48 38 24 36 8 6 7 5 
student 109: 47 23 39 33 16 44 14 34 12 45 11 1 30 49 31 46 6 22 19 17 50 40 27 43 29 3 13 28 15 24 35 21 20 5 18 10 41 4 25 38 42 36 48 37 26 32 8 2 9 7 
student 110: 47 25 36 29 15 44 18 34 12 50 9 1 32 48 30 40 6 23 17 16 49 38 26 46 31 8 13 22 11 24 37 21 19 5 20 14 43 4 28 41 42 35 45 39 27 33 7 2 10 3 
student 111: 46 26 39 24 14 45 15 34 18 48 11 2 29 49 32 42 7 17 19 16 50 44 31 43 30 6 13 27 12 23 36 22 20 4 21 10 41 1 28 37 40 35 47 38 25 33 9 3 8 5 
student 112: 45 23 37 29 16 48 14 34 15 49 12 1 33 47 36 43 5 21 17 20 50 39 28 44 31 8 13 27 11 24 32 22 19 4 18 9 41 2 25 40 42 35 46 38 26 30 10 3 7 6 
student 113: 46 25 39 29 12 47 15 33 14 48 11 1 34 50 30 43 7 23 19 18 49 36 28 44 31 6 16 26 13 22 37 20 21 2 17 10 35 4 27 41 42 38 45 40 24 32 8 3 9 5 
student 114: 43 24 40 29 13 50 14 35 16 49 12 3 31 47 33 44 8 23 17 18 48 38 28 41 30 7 15 26 11 22 37 20 21 4 19 10 42 1 27 36 45 34 46 39 25 32 6 2 9 5 
student 115: 43 24 36 30 13 47 17 32 15 46 10 3 31 49 34 44 4 23 22 14 50 39 21 45 28 7 16 27 11 26 33 20 19 2 18 9 42 6 29 41 40 38 48 37 25 35 8 1 12 5 
student 116: 47 24 39 31 14 41 18 42 15 48 10 1 28 49 32 43 2 21 19 16 50 38 29 44 30 5 13 26 12 22 35 17 23 7 20 8 40 3 27 36 45 34 46 37 25 33 9 6 11 4 
student 117: 47 28 34 29 13 42 18 30 14 48 10 1 33 49 37 44 8 22 17 15 50 40 27 45 32 5 16 25 11 24 43 21 19 4 20 6 36 2 26 35 41 38 46 39 23 31 7 3 12 9 
student 118: 49 24 36 29 17 45 16 35 14 46 10 2 31 48 34 43 6 23 15 20 47 41 28 44 30 5 13 25 12 22 38 19 21 1 18 9 39 4 26 40 42 33 50 37 27 32 8 3 11 7 
student 119: 46 23 40 29 14 44 15 34 16 48 11 4 33 49 31 43 8 21 19 17 50 38 28 47 30 5 13 26 12 24 39 20 22 3 18 10 42 1 27 36 41 35 45 37 25 32 9 2 7 6 
student 120: 50 25 38 30 13 46 17 35 16 49 11 4 31 47 32 42 6 21 15 18 48 40 28 44 29 5 14 27 12 24 36 20 23 8 19 10 43 1 22 39 41 37 45 33 26 34 7 2 9 3 
student 121: 48 24 36 32 14 46 15 33 16 47 10 1 29 49 31 43 7 23 18 17 50 40 28 44 30 6 13 27 11 21 38 22 20 4 19 12 41 3 26 39 42 34 45 37 25 35 9 2 8 5 
student 122: 46 26 36 24 12 44 16 34 18 48 8 1 30 50 32 42 6 21 17 15 49 38 31 47 29 7 13 25 14 23 37 19 20 2 22 10 41 5 27 40 43 35 45 39 28 33 9 3 11 4 
student 123: 47 27 37 28 13 45 15 35 16 49 11 1 33 48 29 41 8 21 19 17 50 36 34 44 26 7 14 30 12 25 32 20 22 5 18 9 40 2 24 39 43 42 46 38 23 31 10 4 6 3 
student 124: 47 22 36 29 11 45 17 31 15 48 8 4 35 50 27 43 9 25 19 16 49 39 30 44 32 5 14 23 10 24 37 20 21 6 18 12 40 1 26 41 42 34 46 38 28 33 7 3 13 2 
student 125: 49 25 36 32 12 45 18 33 14 48 10 1 30 47 31 43 7 22 15 20 50 40 27 44 29 6 11 26 9 23 37 17 21 4 19 16 42 2 28 38 41 35 46 39 24 34 13 3 8 5 
student 126: 46 25 37 28 16 44 15 35 10 50 11 1 31 48 32 41 8 22 19 17 49 43 27 40 29 6 12 26 14 23 33 20 21 4 18 13 42 2 30 39 47 36 45 38 24 34 9 3 7 5 
student 127: 45 22 40 29 14 44 15 34 18 49 11 1 31 46 32 42 5 19 21 17 50 43 26 47 30 7 12 28 10 20 37 24 25 6 16 13 39 2 27 38 41 36 48 35 23 33 8 3 9 4 
student 128: 47 19 36 29 14 44 16 34 15 48 11 1 31 49 32 45 9 24 21 18 50 37 27 41 30 6 12 23 13 26 39 20 22 4 17 10 43 3 28 42 40 35 46 38 25 33 5 2 7 8 
student 129: 43 22 41 29 16 49 14 35 15 47 10 1 31 50 32 44 7 23 19 18 48 39 28 46 30 6 13 24 12 25 37 20 21 5 17 11 42 4 27 38 40 33 45 34 26 36 8 2 9 3 
student 130: 47 24 34 29 14 43 16 33 15 49 8 3 30 48 31 44 9 19 17 23 50 40 28 46 32 7 12 26 13 22 37 18 21 4 20 10 41 2 27 39 42 36 45 38 25 35 11 1 6 5 
student 131: 47 28 34 29 15 44 16 35 14 49 9 2 33 48 31 43 10 22 18 17 50 42 26 45 30 6 13 25 8 23 38 20 21 4 19 12 41 3 27 40 39 37 46 36 24 32 11 1 7 5 
student 132: 47 21 35 30 13 44 17 31 15 48 10 1 33 50 34 41 7 26 19 16 49 40 29 45 28 6 14 27 11 23 43 18 22 4 20 12 39 2 25 38 42 36 46 37 24 32 9 3 8 5 
student 133: 48 24 33 29 15 45 16 35 13 49 11 5 34 50 41 44 9 21 18 17 47 42 28 43 30 7 14 27 12 23 32 20 22 2 19 10 40 1 26 39 37 36 46 38 25 31 6 4 8 3 
student 134: 49 27 41 28 12 48 15 33 16 46 14 1 31 47 32 42 5 22 17 19 50 40 26 45 30 8 11 25 9 24 35 23 20 4 21 13 36 2 29 37 43 38 44 39 18 34 7 3 10 6 
student 135: 44 24 40 31 14 47 17 33 13 49 8 2 30 48 36 43 7 20 28 18 50 38 26 46 29 4 11 27 12 25 37 16 21 5 19 15 39 1 23 41 42 32 45 35 22 34 9 3 10 6 
student 136: 46 25 38 32 11 47 16 31 14 48 10 1 33 50 35 42 5 23 18 17 49 39 29 44 27 6 13 24 12 21 36 20 22 3 19 15 41 7 28 37 43 34 45 40 26 30 8 4 9 2 
student 137: 48 24 35 33 14 44 16 34 13 50 11 1 28 47 31 39 6 22 19 15 49 41 27 45 29 7 17 30 12 23 32 21 20 4 18 10 43 2 25 40 42 37 46 38 26 36 9 3 8 5 
student 138: 44 22 35 29 17 46 19 32 14 50 8 1 34 49 30 47 9 23 15 16 48 41 28 40 31 7 13 26 11 25 38 18 21 4 20 12 42 2 27 39 43 33 45 37 24 36 5 6 10 3 
student 139: 47 23 36 28 13 46 17 38 14 49 12 1 30 48 34 42 7 22 21 16 50 43 27 44 31 6 11 29 9 24 35 18 19 4 20 15 39 3 26 37 41 32 45 40 25 33 8 2 10 5 
student 140: 49 26 37 30 13 45 17 33 15 48 10 2 27 47 32 41 7 21 18 16 50 40 29 42 31 3 14 23 12 24 38 20 22 6 19 11 43 4 25 36 44 35 46 39 28 34 9 1 8 5 
student 141: 47 26 39 29 13 45 16 33 17 49 11 1 35 50 32 41 7 23 14 18 48 40 28 44 30 6 9 25 15 19 38 22 21 3 20 12 42 4 27 36 43 34 46 37 24 31 8 2 10 5 
student 142: 44 24 38 30 12 46 17 34 15 47 11 2 32 50 33 42 4 23 19 16 48 45 29 43 27 8 14 28 13 21 36 20 22 3 18 10 37 5 26 40 41 35 49 39 25 31 7 1 9 6 
student 143: 45 24 38 29 15 46 16 36 14 48 10 1 30 50 31 44 9 23 18 20 49 41 26 43 32 6 13 25 12 28 34 21 22 3 17 11 35 2 27 39 42 37 47 40 19 33 7 4 8 5 
student 144: 48 22 34 30 14 44 16 35 12 46 5 1 31 49 32 42 9 21 19 17 50 40 29 45 28 8 15 26 10 24 37 18 23 3 20 13 39 4 27 41 43 36 47 38 25 33 11 2 7 6 
student 145: 47 25 37 29 15 44 16 35 13 48 10 4 31 49 32 43 8 23 19 17 50 41 28 45 30 6 11 26 12 22 36 20 21 5 18 14 40 1 27 39 42 33 46 38 24 34 7 2 9 3 
student 146: 48 26 38 30 12 46 16 35 15 47 11 1 31 49 32 44 7 23 17 18 50 42 27 36 29 5 14 25 13 24 34 20 21 6 19 10 43 3 28 41 40 37 45 39 22 33 8 2 9 4 
student 147: 48 24 40 30 14 42 17 29 15 49 12 1 31 46 34 45 9 22 18 16 50 39 27 43 32 6 13 28 11 23 35 20 21 3 19 10 41 2 25 38 44 36 47 37 26 33 8 4 5 7 
student 148: 47 28 36 29 18 45 16 35 14 50 11 1 30 49 37 41 6 22 21 15 48 43 27 44 32 7 13 25 12 23 33 17 20 3 19 9 40 2 26 39 42 34 46 38 24 31 8 4 10 5 
student 149: 49 24 37 28 16 47 15 34 14 46 12 1 31 50 32 41 8 19 17 21 48 42 25 44 30 7 13 29 11 23 36 20 22 4 18 6 39 2 27 40 43 35 45 38 26 33 9 3 10 5 
student 150: 45 23 38 27 12 43 17 30 14 46 11 1 35 48 37 42 10 22 16 18 50 47 28 44 32 5 15 25 8 24 33 19 21 4 20 13 40 3 29 36 41 34 49 39 26 31 7 2 9 6 
student 151: 47 24 36 30 14 45 16 32 15 46 11 4 31 49 33 41 8 25 19 18 50 42 28 43 29 6 13 27 10 22 35 21 17 2 20 12 44 1 26 38 40 37 48 39 23 34 7 5 9 3 
student 152: 46 25 38 29 15 44 13 35 16 49 12 1 34 47 31 45 6 21 17 19 50 40 28 43 30 8 14 27 10 20 36 18 23 3 22 11 39 2 24 42 41 33 48 37 26 32 7 5 9 4 
student 153: 50 24 37 29 14 45 15 34 16 49 7 1 31 44 35 43 6 18 19 17 47 40 27 46 30 8 11 28 12 23 33 20 22 5 21 13 41 3 25 39 42 36 48 38 26 32 9 2 10 4 
student 154: 44 25 38 29 12 46 13 34 16 47 11 3 23 50 32 42 9 21 15 17 49 41 30 45 31 5 18 27 14 24 35 20 19 4 22 8 40 1 28 37 43 36 48 39 26 33 7 2 10 6 
student 155: 47 25 36 29 13 45 15 35 16 48 10 1 31 49 37 42 8 23 20 17 50 40 28 44 33 6 14 27 9 21 24 19 22 4 18 12 41 2 30 38 43 34 46 39 26 32 7 3 11 5 
student 156: 50 25 37 27 14 45 15 34 19 49 10 1 32 41 33 43 7 22 16 17 48 39 29 47 30 4 13 26 11 24 36 18 21 6 20 12 42 2 28 40 44 35 46 38 23 31 8 3 9 5 
student 157: 49 26 35 29 17 43 14 36 13 46 10 1 31 48 32 45 3 19 16 18 50 39 28 44 30 6 12 27 15 22 34 21 23 4 20 11 41 2 25 38 42 40 47 37 24 33 8 5 9 7 
student 158: 49 27 36 26 15 44 19 35 17 48 10 1 37 46 31 45 8 23 16 14 50 38 22 42 30 6 11 28 13 24 34 18 20 4 21 12 41 2 25 40 43 33 47 39 29 32 7 3 9 5 
student 159: 45 24 37 29 13 46 15 34 11 48 12 1 30 50 31 43 7 22 19 17 49 42 28 44 32 6 14 26 10 23 35 21 18 5 20 16 40 3 27 38 41 39 47 36 25 33 8 4 9 2 
student 160: 47 24 36 34 17 45 18 30 15 48 12 2 31 49 32 42 10 22 16 11 50 41 28 43 29 5 14 27 13 23 37 19 21 8 20 9 40 3 25 39 44 33 46 38 26 35 6 1 7 4 
student 161: 47 23 38 28 16 45 15 34 14 48 10 1 30 49 33 42 6 24 20 13 50 41 31 43 29 7 18 26 11 22 40 19 21 5 17 12 39 3 27 37 44 32 46 36 25 35 8 2 9 4 
student 162: 44 24 37 31 13 45 16 35 14 47 10 1 33 49 32 43 7 22 18 15 50 40 29 46 27 6 17 26 12 23 28 20 21 8 19 11 42 2 30 39 41 36 48 38 25 34 5 4 9 3 
student 163: 45 21 37 33 17 43 14 35 11 49 10 4 31 50 32 46 6 22 18 15 47 39 25 44 29 5 16 27 13 23 38 20 26 7 19 12 41 3 28 40 42 34 48 36 24 30 9 1 8 2 
student 164: 47 24 37 30 13 42 15 35 14 48 7 1 31 49 32 44 11 21 19 17 50 41 28 43 29 5 12 26 16 22 36 20 23 2 18 10 45 3 25 40 38 34 46 39 27 33 9 4 8 6 
student 165: 47 27 37 32 14 46 19 34 17 49 9 2 36 48 29 41 11 23 15 16 50 40 25 44 31 5 13 26 12 24 39 21 22 6 18 10 43 3 28 33 42 35 45 38 20 30 7 1 8 4 
student 166: 47 22 36 28 13 45 16 33 15 48 12 1 31 50 32 44 8 23 18 17 49 41 27 42 30 6 14 29 11 20 34 24 21 4 19 9 40 2 26 38 43 37 46 39 25 35 7 3 10 5 
student 167: 48 24 36 29 16 45 15 34 13 47 11 1 32 50 31 41 7 23 18 17 49 42 27 44 30 6 14 25 12 21 37 20 22 4 19 10 39 2 28 40 43 35 46 38 26 33 8 3 9 5 
student 168: 48 24 36 28 16 45 14 35 17 46 10 2 32 49 30 40 8 22 20 18 50 41 29 44 34 5 13 27 12 23 33 19 21 11 15 9 42 1 26 39 43 37 47 38 25 31 6 3 7 4 
student 169: 46 23 37 28 14 42 17 34 15 48 10 1 30 49 31 44 7 22 16 18 50 41 27 45 33 8 12 25 11 24 36 21 20 5 19 13 39 2 29 40 47 35 43 38 26 32 3 4 9 6 
student 170: 47 24 38 28 15 45 22 34 16 48 7 1 30 50 32 43 8 23 18 14 49 40 29 44 31 6 12 26 13 21 37 19 20 4 17 10 41 3 27 39 42 35 46 36 25 33 11 2 9 5 
student 171: 47 23 35 28 14 46 17 34 16 49 11 2 31 48 32 41 8 21 15 18 50 36 26 43 27 7 13 25 12 22 39 20 30 4 19 9 42 1 29 40 44 38 45 37 24 33 6 3 10 5 
student 172: 47 23 37 29 16 45 15 35 13 48 10 1 31 49 32 44 7 21 22 17 50 40 28 43 30 6 12 27 14 24 36 20 18 4 19 11 41 3 26 38 42 34 46 39 25 33 8 2 9 5 
student 173: 46 24 38 29 15 40 17 37 16 50 11 1 32 48 31 44 5 19 14 20 49 39 25 45 30 6 13 26 12 22 34 18 23 3 21 9 43 2 28 36 41 35 47 42 27 33 10 4 8 7 
student 174: 45 23 39 29 10 48 18 36 16 47 12 1 31 49 34 42 6 22 15 19 50 41 28 43 30 5 14 25 13 24 35 20 21 4 17 11 40 2 27 38 44 33 46 37 26 32 9 3 7 8 
student 175: 45 25 36 30 14 44 15 34 18 50 12 7 29 48 32 42 6 23 19 16 49 38 28 46 31 5 13 27 10 22 37 21 20 3 17 9 43 1 24 39 41 35 47 40 26 33 8 2 11 4 
student 176: 48 23 34 26 14 45 17 36 15 49 12 2 35 47 31 42 4 22 19 16 50 38 29 43 30 8 13 25 11 24 32 18 21 7 20 9 40 1 28 37 44 41 46 39 27 33 6 5 10 3 
student 177: 45 22 37 28 14 48 16 33 17 49 11 1 29 50 30 41 6 20 18 15 47 43 34 42 31 5 12 24 13 26 36 21 25 4 19 10 46 2 27 40 38 35 44 39 23 32 7 3 9 8 
student 178: 47 25 35 29 14 45 18 33 15 50 7 1 32 48 30 43 6 24 17 16 49 42 28 46 27 5 13 26 12 22 37 21 20 9 19 11 41 2 31 39 40 36 44 38 23 34 10 3 8 4 
student 179: 46 25 36 31 14 44 20 34 15 47 7 1 30 50 32 43 9 22 17 16 49 39 27 45 29 8 13 26 11 23 35 21 19 5 18 12 41 2 28 40 42 37 48 38 24 33 6 4 10 3 
student 180: 48 26 38 29 12 44 16 36 15 50 10 1 32 49 35 42 9 21 19 17 47 40 28 45 30 8 13 25 11 23 34 20 22 2 18 14 41 4 27 39 43 31 46 37 24 33 6 5 7 3 
student 181: 48 25 36 31 18 45 17 33 14 46 10 3 30 49 32 43 8 23 19 16 50 37 29 44 28 5 13 27 12 21 35 22 20 6 15 11 40 1 24 41 42 38 47 39 26 34 7 2 9 4 
student 182: 47 24 36 30 16 45 14 37 15 50 10 1 29 48 32 44 9 23 18 17 49 39 25 46 31 6 13 27 12 20 35 21 22 4 19 11 42 2 28 40 41 33 43 38 26 34 7 3 8 5 
student 183: 46 24 37 30 13 47 19 33 16 48 12 3 35 49 32 42 5 17 18 15 50 40 27 44 29 7 9 25 11 22 36 20 21 4 23 8 41 2 26 39 43 34 45 38 28 31 10 1 14 6 
student 184: 46 22 38 29 12 47 19 34 17 48 13 2 31 49 30 44 10 24 14 16 50 39 28 43 32 6 7 25 15 27 33 20 21 3 18 11 41 1 26 37 42 40 45 36 23 35 8 5 9 4 
student 185: 50 23 37 32 14 45 15 33 17 47 9 1 30 49 26 43 6 24 18 13 48 38 28 40 34 2 16 25 11 22 36 20 21 5 19 12 42 8 29 41 44 35 46 39 27 31 7 4 10 3 
student 186: 47 23 36 28 14 45 16 34 15 48 9 1 29 49 31 42 8 25 18 17 50 41 32 44 30 4 10 27 12 22 35 21 20 5 19 13 40 2 24 39 43 37 46 38 26 33 7 3 11 6 
student 187: 47 22 37 28 15 46 14 31 17 50 11 1 34 48 35 43 7 20 19 16 49 40 29 44 30 6 12 25 13 23 36 21 24 2 18 10 41 4 26 38 42 32 45 39 27 33 9 5 8 3 
student 188: 45 21 36 28 15 46 20 31 13 49 11 2 32 50 33 40 9 23 19 17 47 41 29 44 30 6 14 27 7 24 34 18 22 5 16 12 39 1 26 38 48 37 42 43 25 35 8 4 10 3 
student 189: 49 25 38 29 14 45 16 32 15 50 12 2 31 48 30 42 5 19 17 20 46 39 28 43 35 10 11 24 9 22 34 23 18 1 21 13 44 3 27 41 40 33 47 37 26 36 7 4 8 6 
student 190: 44 23 38 27 15 45 16 29 12 49 11 2 33 48 35 46 6 20 17 18 50 41 30 43 26 8 14 31 10 24 37 21 22 1 19 9 39 3 32 40 42 34 47 36 25 28 7 4 13 5 
student 191: 49 24 34 29 12 45 17 31 15 48 11 1 32 47 33 43 7 22 19 16 50 41 27 44 30 5 13 23 10 25 37 18 20 3 21 14 40 2 28 38 42 35 46 39 26 36 9 6 4 8 
student 192: 49 27 36 32 14 46 16 37 13 47 7 2 30 48 33 43 6 21 17 18 50 38 26 45 29 9 15 24 12 22 35 19 23 4 20 11 42 3 28 40 41 34 44 39 25 31 10 1 8 5 
student 193: 48 22 38 32 14 43 15 35 19 47 8 1 28 49 33 42 10 24 17 16 50 37 25 45 26 2 13 27 11 23 36 20 21 5 18 12 40 3 31 41 44 34 46 39 29 30 7 4 9 6 
student 194: 48 24 40 28 14 43 18 33 15 49 10 3 31 50 34 45 7 21 17 16 47 38 29 41 30 5 12 27 13 22 37 20 26 2 19 11 39 1 25 35 44 32 46 42 23 36 9 4 8 6 
student 195: 47 22 38 29 15 44 18 32 17 48 10 1 34 49 33 42 9 20 16 14 50 39 27 43 31 7 13 26 12 23 37 21 24 4 19 11 45 2 28 40 41 30 46 36 25 35 6 3 8 5 
student 196: 48 27 37 30 13 47 17 32 15 45 10 1 29 49 31 46 8 21 16 18 50 40 28 42 33 2 14 25 12 24 34 20 22 5 19 11 41 6 23 36 43 39 44 38 26 35 9 3 4 7 
student 197: 47 25 38 29 14 44 15 34 16 46 7 2 32 50 35 40 6 24 18 17 49 42 28 48 31 8 13 27 11 21 36 20 23 4 19 12 43 1 26 37 41 33 45 39 22 30 10 3 9 5 
student 198: 48 24 39 29 13 44 17 36 15 49 10 1 32 47 31 43 8 22 19 16 50 40 28 45 30 5 12 26 14 23 35 20 21 4 18 9 42 2 27 38 41 34 46 37 25 33 7 3 11 6 
student 199: 47 17 38 31 13 43 14 30 15 48 10 4 33 49 28 44 7 22 18 19 50 40 27 45 32 6 11 25 16 26 36 20 21 3 23 12 41 1 29 39 42 37 46 35 24 34 9 2 8 5 
student 200: 50 23 38 29 18 45 16 35 15 47 10 1 33 48 34 42 8 25 12 17 49 44 31 43 27 5 13 28 14 22 37 19 21 3 20 11 36 2 26 39 40 32 46 41 24 30 6 7 9 4 
student 201: 48 24 37 27 14 47 16 34 15 46 9 1 33 49 32 42 6 23 18 20 50 36 28 44 30 8 13 25 12 22 39 19 21 5 17 11 40 2 26 41 43 35 45 38 29 31 7 4 10 3 
student 202: 47 22 38 28 12 44 16 34 18 48 10 1 32 49 31 45 9 21 17 15 50 39 30 42 29 5 14 23 13 19 36 24 26 3 20 11 40 2 27 41 43 35 46 37 25 33 8 7 6 4 
student 203: 48 24 35 29 14 45 15 34 16 46 11 1 31 49 32 39 7 19 18 17 50 37 28 43 30 5 12 27 10 23 42 20 22 3 21 13 41 2 25 40 44 36 47 38 26 33 8 6 9 4 
student 204: 47 22 40 28 17 44 15 34 16 48 10 1 33 49 31 45 7 24 21 13 50 42 29 43 30 6 14 26 9 23 35 18 20 5 19 12 39 2 27 38 41 36 46 37 25 32 8 3 11 4 
student 205: 49 18 38 29 12 45 16 33 15 48 10 1 31 50 32 44 6 23 17 19 47 37 25 41 30 7 14 26 11 22 39 21 27 3 20 13 40 2 28 42 43 35 46 36 24 34 8 4 9 5 
student 206: 48 19 36 27 13 42 16 34 15 49 10 1 31 47 32 43 5 22 17 18 50 40 30 45 29 2 11 24 12 25 37 21 26 4 20 14 44 8 28 39 41 35 46 38 23 33 7 3 9 6 
student 207: 49 25 37 31 15 46 16 34 14 47 8 1 30 48 32 44 7 23 18 17 50 40 26 43 28 10 13 24 11 20 35 22 21 4 19 12 41 2 29 39 42 36 45 38 27 33 9 3 6 5 
student 208: 45 24 36 27 15 47 14 35 16 46 10 1 31 49 30 44 7 21 18 20 50 40 26 43 32 3 13 28 12 23 38 22 17 2 19 11 41 5 29 39 42 37 48 34 25 33 9 4 8 6 
student 209: 47 25 34 29 9 45 15 33 18 49 11 4 31 48 32 42 8 23 16 17 50 37 27 44 28 5 14 24 12 21 38 22 20 2 19 13 40 3 26 43 41 36 46 39 30 35 6 1 10 7 
student 210: 45 24 40 29 14 48 15 33 16 47 9 1 35 49 31 42 7 21 17 18 50 38 28 44 30 6 12 26 13 23 34 22 20 4 19 11 41 2 27 39 46 32 43 37 25 36 8 3 10 5 
student 211: 48 26 38 29 12 45 17 33 16 47 13 3 32 49 31 41 5 20 19 15 50 42 28 44 30 4 14 24 11 23 37 22 18 7 21 10 40 6 25 39 43 36 46 34 27 35 8 1 9 2 
student 212: 45 24 37 29 14 47 22 34 15 46 11 2 30 50 33 42 8 23 17 16 49 38 27 44 31 7 13 25 10 21 35 20 18 1 19 12 43 3 26 40 41 36 48 39 28 32 6 4 9 5 
student 213: 47 23 38 29 15 46 16 31 13 48 12 1 32 50 33 42 8 24 17 18 49 36 27 45 30 6 14 26 9 22 39 20 21 5 19 11 40 3 28 43 41 35 44 37 25 34 7 2 10 4 
student 214: 44 24 36 26 14 47 16 34 15 48 9 2 32 49 31 41 6 22 17 18 50 40 28 45 30 5 13 27 11 23 35 21 19 4 20 12 46 1 29 39 42 37 43 38 25 33 8 3 10 7 
student 215: 48 22 39 28 11 44 17 38 14 47 9 3 30 50 32 45 8 24 16 20 49 41 29 43 31 7 13 26 12 23 34 18 21 2 19 10 37 1 27 40 42 35 46 36 25 33 15 4 6 5 
student 216: 49 24 35 26 16 46 18 34 15 48 9 1 31 47 32 43 8 19 14 17 50 41 30 42 29 4 12 28 5 25 38 21 20 10 22 13 44 2 23 36 40 37 45 39 27 33 6 7 11 3 
student 217: 47 20 38 30 14 46 17 36 16 49 11 2 31 48 32 45 4 23 15 19 50 39 29 43 28 5 13 26 12 24 35 22 21 7 18 10 41 1 27 40 42 34 44 37 25 33 9 3 6 8 
student 218: 47 24 38 27 12 42 16 34 15 49 13 1 31 48 32 41 8 23 18 17 50 40 30 46 29 6 14 25 11 22 36 20 21 5 19 7 44 2 26 37 43 35 45 39 28 33 9 3 10 4 
student 219: 46 22 36 29 13 45 16 34 15 50 10 1 31 48 32 43 8 21 17 18 49 39 27 41 30 6 12 26 14 24 40 20 25 5 19 11 44 3 28 38 42 35 47 37 23 33 7 2 9 4 
student 220: 47 24 35 28 13 46 20 33 14 50 11 1 31 48 32 42 6 22 17 16 49 40 30 44 29 7 15 25 9 23 38 19 21 3 18 12 43 2 26 37 41 36 45 39 27 34 8 5 10 4 
student 221: 48 26 35 29 12 42 16 36 15 50 9 1 34 47 31 44 10 17 18 20 49 40 25 43 30 4 13 27 14 21 38 23 19 3 24 11 45 2 28 37 39 33 46 41 22 32 5 6 8 7 
student 222: 48 23 37 29 12 44 16 34 13 46 10 1 31 49 30 43 9 24 15 18 50 42 28 45 32 6 14 25 17 21 36 20 22 4 19 11 40 2 26 39 41 35 47 38 27 33 7 3 8 5 
student 223: 42 25 39 29 14 45 17 33 16 49 12 1 32 47 31 44 6 21 19 15 50 40 28 48 27 8 13 26 11 23 34 18 20 4 22 10 37 2 30 41 43 38 46 35 24 36 7 3 9 5 
student 224: 50 24 35 30 13 45 14 34 16 46 9 2 29 49 32 44 7 22 18 17 48 42 28 43 31 6 11 26 15 23 39 19 20 4 21 12 37 1 27 40 41 38 47 36 25 33 8 3 10 5 
student 225: 48 23 39 26 16 44 17 33 15 45 8 1 31 49 32 43 5 22 19 12 50 42 29 46 30 11 14 24 13 25 36 18 21 4 20 10 37 3 27 40 41 34 47 38 28 35 6 2 9 7 
student 226: 45 25 36 28 18 47 15 37 14 48 10 2 31 49 30 46 5 20 17 16 50 39 26 41 32 7 13 29 11 23 38 22 21 1 19 12 43 4 27 35 40 33 44 42 24 34 8 6 9 3 
student 227: 46 21 36 29 11 45 16 34 15 48 10 1 32 49 31 43 7 23 18 17 50 39 27 44 30 6 14 26 13 25 35 20 22 4 19 9 42 2 28 41 40 37 47 38 24 33 12 3 8 5 
student 228: 46 24 32 28 14 48 17 35 16 47 8 1 31 49 33 44 9 22 15 19 50 36 29 42 30 5 12 27 13 23 39 20 21 7 18 11 41 2 25 40 45 37 43 38 26 34 6 3 10 4 
student 229: 44 27 37 29 14 43 18 34 15 47 11 1 32 50 31 46 7 22 16 17 48 39 28 45 30 6 13 24 10 19 36 21 25 3 20 12 41 4 26 40 42 35 49 38 23 33 9 2 8 5 
student 230: 48 27 37 29 13 45 16 35 18 47 9 1 31 49 33 42 7 22 15 21 50 40 26 43 30 4 14 28 10 19 36 23 17 5 20 11 41 2 25 39 44 34 46 38 24 32 8 3 12 6 
student 231: 45 25 39 29 12 44 16 34 18 47 8 1 30 50 33 40 7 23 17 14 49 38 28 46 31 5 15 27 13 22 42 20 21 9 19 11 41 3 26 37 43 35 48 36 24 32 6 2 10 4 
student 232: 47 24 37 31 13 46 14 36 17 48 11 1 29 49 34 43 8 23 18 16 50 41 28 45 30 6 12 26 15 22 40 20 21 4 19 10 42 2 27 38 33 35 44 39 25 32 7 5 9 3 
student 233: 46 23 38 29 14 45 16 32 15 47 10 1 30 50 33 44 8 22 18 17 49 40 28 43 31 5 13 27 12 25 36 20 21 4 19 11 41 2 26 39 42 35 48 37 24 34 6 3 9 7 
student 234: 44 22 35 29 15 45 13 36 14 46 18 1 31 48 34 41 6 20 17 16 50 42 32 47 28 5 12 26 11 24 37 21 23 7 19 9 40 2 27 39 43 33 49 38 25 30 10 3 8 4 
student 235: 46 24 37 31 15 45 16 35 14 50 10 1 26 49 33 44 8 23 17 18 47 40 29 43 30 7 13 21 11 25 32 20 22 3 19 12 42 2 28 38 41 36 48 39 27 34 6 5 9 4 
student 236: 48 22 36 28 15 45 16 35 11 49 8 1 32 46 31 42 2 24 18 17 50 39 29 43 30 6 14 25 13 23 34 20 21 7 19 12 41 4 27 38 44 37 47 40 26 33 10 3 9 5 
student 237: 47 21 37 29 15 44 12 34 17 48 7 2 31 49 33 39 8 23 18 22 50 41 28 43 30 6 14 27 11 26 40 19 20 3 16 10 42 5 24 38 46 35 45 36 25 32 13 1 9 4 
student 238: 49 24 39 30 14 46 19 35 13 50 8 3 28 45 31 44 9 21 20 16 48 38 26 43 29 6 15 27 12 23 36 18 22 5 17 10 40 1 33 37 41 34 47 42 25 32 7 2 11 4 
student 239: 46 27 34 28 15 45 16 36 14 49 8 2 32 50 26 43 5 21 19 17 47 39 29 48 31 7 12 30 13 23 38 20 22 4 18 10 41 3 24 40 42 35 44 37 25 33 9 1 11 6 
student 240: 47 21 38 30 13 46 18 34 15 48 9 2 29 49 33 40 8 23 14 19 50 41 28 44 32 6 16 27 12 24 31 22 20 4 17 11 43 1 26 39 42 36 45 37 25 35 7 3 10 5 
student 241: 48 24 36 30 15 47 16 33 14 49 10 1 31 45 32 43 7 22 18 19 50 39 28 44 29 6 13 23 12 25 37 17 21 3 20 11 42 2 27 38 41 35 46 40 26 34 8 4 9 5 
student 242: 49 22 38 29 15 47 17 35 14 45 10 2 33 50 34 41 8 21 20 16 48 40 28 44 32 7 12 26 13 24 37 19 23 5 18 11 42 4 27 39 43 31 46 36 25 30 9 1 6 3 
student 243: 43 24 37 30 13 46 14 35 15 50 9 4 33 47 31 42 5 21 18 16 49 41 27 44 28 3 12 26 17 22 36 20 23 1 19 11 45 7 29 40 38 32 48 39 25 34 8 2 10 6 
student 244: 47 21 37 27 12 46 18 32 17 48 10 1 34 49 29 44 7 24 19 15 50 40 26 41 30 6 14 28 13 23 36 22 16 5 20 9 43 2 31 38 42 35 45 39 25 33 8 3 11 4 
student 245: 47 26 36 31 14 45 16 34 15 48 12 1 29 50 33 43 5 22 17 18 49 40 27 44 28 8 7 25 13 23 39 21 19 4 20 11 41 2 30 38 42 35 46 37 24 32 9 3 10 6 
student 246: 42 25 37 30 14 47 15 33 17 44 10 1 29 49 32 43 7 19 21 16 50 39 27 45 31 3 13 26 12 23 36 20 22 4 18 11 41 2 28 38 46 35 48 40 24 34 8 5 9 6 
student 247: 47 25 37 29 11 45 12 34 10 48 9 1 30 50 33 43 6 23 19 18 49 39 28 44 32 13 14 26 17 22 35 16 21 3 20 15 40 2 27 41 42 36 46 38 24 31 7 5 8 4 
student 248: 48 24 37 27 17 46 15 34 13 45 9 2 28 50 33 42 7 19 21 16 49 39 30 44 31 5 12 26 14 23 36 22 18 4 20 11 40 1 29 35 43 38 47 41 25 32 10 3 8 6 
student 249: 44 23 36 28 15 45 19 37 14 48 10 1 30 49 31 46 7 25 18 17 50 41 29 43 32 5 12 26 13 22 35 20 21 2 16 11 40 3 27 39 42 33 47 38 24 34 8 4 9 6 
student 250: 48 24 36 27 14 46 19 33 15 40 10 1 30 49 31 45 8 22 16 17 50 42 26 44 32 7 11 25 13 23 37 21 18 3 20 6 41 2 28 38 43 34 47 39 29 35 9 5 12 4 
student 251: 47 21 37 30 15 45 14 35 16 48 13 1 31 49 33 43 6 22 18 17 50 39 28 42 29 7 12 26 11 24 36 20 23 3 19 9 41 2 27 38 44 34 46 40 25 32 10 4 8 5 
student 252: 48 23 37 29 16 45 15 35 13 46 10 1 28 49 32 40 7 25 18 17 50 43 30 44 33 6 14 27 12 22 34 20 21 2 19 11 38 3 26 42 41 36 47 39 24 31 8 5 9 4 
student 253: 45 22 38 28 14 47 17 34 16 48 9 1 29 49 31 46 8 23 18 13 50 36 27 43 32 6 15 26 12 25 35 19 21 4 20 11 39 2 30 44 41 37 42 40 24 33 7 5 10 3 
student 254: 46 24 36 28 15 47 16 37 10 48 13 1 29 49 30 43 6 23 18 22 50 40 33 45 26 8 14 27 12 20 35 19 21 2 17 11 42 3 31 39 41 32 44 38 25 34 7 4 9 5 
student 255: 46 23 37 29 16 45 15 35 13 48 8 2 31 49 34 44 9 21 19 17 50 43 27 40 32 6 14 28 12 20 36 18 24 5 22 11 41 3 25 38 42 33 47 39 26 30 7 1 10 4 
student 256: 46 28 36 27 14 49 16 34 17 48 8 6 31 44 33 43 11 23 15 18 50 38 29 45 30 5 13 25 12 22 37 20 21 3 19 10 41 1 26 39 42 35 47 40 24 32 7 4 9 2 
student 257: 47 25 37 29 15 45 13 33 16 46 8 2 34 49 31 43 9 22 18 17 50 41 27 40 30 6 14 24 11 23 36 20 21 4 19 12 42 3 28 39 44 35 48 38 26 32 7 1 10 5 
student 258: 47 22 39 30 16 45 18 38 14 48 10 2 31 49 34 46 7 25 19 15 50 32 29 42 26 6 13 23 12 27 33 20 21 4 17 11 41 1 28 40 43 36 44 37 24 35 9 3 8 5 
student 259: 45 24 34 29 14 47 15 35 22 49 7 2 31 50 33 43 8 23 17 16 48 42 28 44 30 10 13 26 12 21 36 19 20 3 18 11 41 1 27 39 38 37 46 40 25 32 6 5 9 4 
student 260: 47 25 37 28 14 45 13 34 17 46 8 1 32 50 33 44 9 20 23 16 49 42 29 40 31 2 15 26 12 21 36 18 19 5 22 11 39 3 27 41 43 35 48 38 24 30 10 4 6 7 
student 261: 47 25 39 31 12 44 14 32 16 49 10 1 29 50 33 43 7 21 19 17 48 41 28 45 30 9 11 26 15 23 35 20 24 6 18 13 40 3 22 38 42 36 46 37 27 34 5 2 8 4 
student 262: 48 23 36 28 15 45 18 31 17 47 11 1 32 50 34 40 7 24 14 9 49 43 30 44 29 4 16 25 13 22 38 21 19 6 20 12 41 3 27 39 42 35 46 37 26 33 8 2 10 5 
student 263: 47 22 39 28 13 46 17 32 15 48 10 3 31 49 33 43 11 23 20 16 50 38 30 44 29 7 14 26 12 24 34 18 21 1 19 9 42 2 27 41 40 37 45 36 25 35 6 4 8 5 
student 264: 47 28 38 30 15 45 16 31 14 49 11 1 35 50 26 44 8 22 20 19 48 39 29 42 33 6 12 23 13 24 36 18 21 3 17 10 41 5 27 37 43 34 46 40 25 32 7 2 9 4 
student 265: 43 19 38 26 13 46 16 34 14 48 10 1 31 49 32 42 6 23 18 17 50 40 28 45 29 7 11 27 15 24 36 21 22 2 20 12 41 3 30 37 44 35 47 39 25 33 8 4 9 5 
student 266: 48 25 39 29 13 44 14 36 19 50 7 1 30 46 34 47 3 22 18 15 45 41 27 43 31 9 16 24 12 23 33 21 20 4 17 11 37 2 28 40 42 35 49 38 26 32 10 6 8 5 
student 267: 47 25 38 28 16 45 10 34 18 49 11 2 31 48 33 44 7 21 20 19 50 40 27 41 29 6 13 30 14 24 36 15 22 4 17 12 43 1 26 39 42 35 46 37 23 32 8 3 9 5 
student 268: 47 28 39 29 15 45 14 33 17 49 8 1 30 48 32 42 9 23 20 16 50 38 27 44 31 5 13 22 12 24 36 21 19 3 18 10 41 2 26 43 40 35 46 37 25 34 7 6 11 4 
student 269: 49 24 34 26 14 46 17 35 15 47 11 2 31 48 32 42 7 23 21 19 50 40 29 44 30 5 12 28 10 20 38 22 16 4 18 13 36 1 27 41 43 39 45 37 25 33 8 3 9 6 
student 270: 48 26 37 27 12 45 16 35 15 47 13 2 33 50 31 42 7 22 18 17 49 44 30 43 29 6 14 25 11 23 36 19 21 5 20 10 38 1 28 40 41 32 46 39 24 34 8 3 9 4 
student 271: 44 26 38 30 14 49 16 34 15 45 12 2 29 48 32 43 5 22 19 17 50 40 27 46 31 6 13 28 11 23 36 21 20 4 18 9 41 3 25 37 42 35 47 39 24 33 10 1 8 7 
student 272: 47 23 37 29 13 46 16 33 15 50 12 1 31 48 32 43 10 22 19 17 49 38 28 45 30 7 14 26 11 24 35 20 21 3 18 9 41 2 27 40 42 34 44 39 25 36 8 4 6 5 
student 273: 47 23 37 29 14 49 16 34 15 48 11 1 32 50 31 45 5 22 18 17 46 42 27 41 30 6 10 26 13 25 36 20 24 4 19 12 43 2 28 40 39 35 44 38 21 33 8 3 9 7 
student 274: 47 24 37 29 15 44 16 33 12 48 13 1 32 49 34 45 7 21 18 17 50 40 27 43 31 8 14 25 11 23 36 20 22 3 19 10 41 2 26 39 42 35 46 38 28 30 6 4 9 5 
student 275: 45 24 40 30 14 46 16 35 15 50 13 1 31 48 33 44 7 22 17 18 49 39 29 42 28 6 12 26 11 23 36 19 21 4 20 10 38 2 27 41 43 34 47 37 25 32 9 3 8 5 
student 276: 46 23 37 30 17 44 15 34 11 48 12 1 29 49 32 41 5 22 19 16 50 39 28 43 31 6 9 27 14 24 35 18 21 8 20 13 47 4 26 40 42 38 45 36 25 33 7 2 10 3 
student 277: 47 24 36 31 15 42 18 34 14 48 6 1 32 49 29 41 8 21 20 16 50 40 28 43 33 7 11 26 13 22 35 17 23 2 19 10 44 3 27 39 45 37 46 38 25 30 9 5 12 4 
student 278: 49 23 40 31 14 46 16 36 15 43 10 4 32 48 30 47 6 24 19 18 50 38 28 41 29 5 12 22 13 25 39 20 21 7 17 11 44 1 27 37 45 33 42 35 26 34 9 2 8 3 
student 279: 46 19 40 31 14 45 15 35 17 48 11 1 30 49 34 44 7 22 20 16 50 39 27 43 29 6 13 24 12 26 33 21 23 3 18 8 42 2 28 41 37 36 47 38 25 32 9 5 10 4 
student 280: 48 23 33 29 14 44 18 35 15 50 12 1 30 49 32 43 9 24 20 17 47 39 28 45 31 5 11 27 13 22 36 21 19 2 16 10 41 3 26 40 42 37 46 38 25 34 6 4 7 8 
student 281: 46 23 38 28 16 44 17 33 13 50 11 6 31 49 32 45 8 20 18 15 47 39 24 43 29 7 14 30 12 26 35 21 22 2 19 10 42 3 27 41 40 34 48 36 25 37 4 1 9 5 
student 282: 46 27 38 29 15 45 16 35 14 47 9 1 30 48 33 39 7 23 17 20 50 40 26 43 31 6 13 25 12 22 36 21 18 4 19 10 41 2 28 37 44 34 49 42 24 32 8 3 11 5 
student 283: 48 23 38 30 13 45 15 36 16 49 12 1 27 47 32 43 8 20 18 17 50 39 28 44 31 6 14 29 11 26 35 21 22 4 19 10 41 2 24 40 42 34 46 37 25 33 7 3 9 5 
student 284: 44 26 36 30 15 42 16 34 14 48 11 1 31 50 32 45 6 22 17 18 47 43 24 46 29 9 13 27 12 23 37 20 21 2 19 7 40 3 28 38 41 35 49 39 25 33 8 4 10 5 
student 285: 49 23 37 30 13 42 20 32 15 47 10 2 28 48 31 45 4 21 14 17 50 38 29 44 35 7 11 25 12 26 36 22 19 3 18 16 39 1 27 41 43 33 46 40 24 34 9 5 6 8 
student 286: 47 25 37 31 15 45 18 33 13 48 10 2 32 49 34 43 7 29 19 17 50 40 27 44 26 4 12 28 14 23 36 20 16 5 22 11 42 1 21 39 41 35 46 38 24 30 8 3 9 6 
student 287: 45 26 37 31 14 47 17 29 16 49 12 1 33 48 30 43 7 20 22 15 50 39 27 46 32 5 13 23 10 24 36 19 21 4 18 11 41 3 28 40 42 34 44 38 25 35 9 2 8 6 
student 288: 48 23 38 31 17 43 15 28 13 47 9 1 33 49 36 42 7 22 18 16 50 40 26 45 30 6 14 25 10 24 35 19 21 4 20 12 44 2 29 39 41 34 46 37 27 32 11 3 8 5 
student 289: 47 24 37 28 14 45 12 32 16 50 11 1 34 48 30 42 7 23 17 19 49 39 29 44 33 8 15 26 13 21 36 20 22 3 18 10 41 2 27 40 43 35 46 38 25 31 6 4 9 5 
student 290: 46 26 37 29 15 44 16 34 17 48 9 1 32 50 31 42 7 12 20 18 49 40 28 45 30 6 13 24 11 23 35 21 22 4 19 14 39 2 25 38 41 36 47 43 27 33 8 5 10 3 
student 291: 48 26 40 25 13 46 16 36 14 47 9 1 31 49 30 42 6 23 18 17 50 41 27 45 29 8 15 28 12 24 37 21 19 4 20 11 39 2 32 35 43 33 44 38 22 34 7 3 10 5 
student 292: 47 23 37 30 18 45 15 31 14 48 9 1 29 49 32 42 6 24 17 16 50 38 28 44 33 2 13 22 12 27 36 20 21 8 19 11 40 3 25 43 41 34 46 39 26 35 7 4 10 5 
student 293: 47 21 37 29 15 45 10 36 16 50 11 1 31 48 33 41 7 22 19 17 49 39 28 43 30 6 13 26 14 24 35 18 23 3 20 12 44 2 27 38 42 32 46 40 25 34 9 4 8 5 
student 294: 49 25 38 27 14 44 16 35 13 46 10 1 30 48 29 43 6 22 19 17 50 41 32 45 33 8 12 28 11 24 36 20 21 4 18 15 40 2 26 39 42 34 47 37 23 31 9 3 7 5 
student 295: 46 24 39 30 12 44 14 34 16 49 10 1 32 50 29 43 7 22 18 17 48 40 27 42 31 6 15 25 11 21 35 23 19 3 20 13 41 2 28 36 45 38 47 37 26 33 9 4 8 5 
student 296: 46 25 35 29 16 42 17 36 13 48 10 1 30 49 33 47 9 22 14 19 50 39 23 43 32 6 11 26 15 24 37 20 21 4 18 12 38 3 28 41 44 34 45 40 27 31 7 2 8 5 
student 297: 47 21 36 30 17 44 14 38 13 48 11 2 31 49 32 46 4 23 18 16 50 39 27 43 29 8 15 28 12 24 33 20 22 3 19 10 41 1 26 37 42 40 45 35 25 34 5 7 9 6 
student 298: 47 25 39 28 14 46 16 34 15 49 10 3 31 48 33 44 7 22 12 18 50 40 29 43 30 6 17 24 13 23 35 21 20 4 19 11 41 1 27 36 42 37 45 38 26 32 8 2 9 5 
student 299: 49 23 36 27 13 46 15 35 17 50 9 1 32 48 31 45 6 28 18 16 47 41 26 44 30 5 12 25 11 22 37 21 20 3 19 14 43 7 29 39 40 33 42 38 24 34 8 2 10 4 
student 300: 48 24 34 28 15 44 17 32 16 45 10 2 31 50 33 41 8 22 19 14 49 42 27 46 30 7 12 25 13 23 37 21 20 4 18 11 43 1 26 38 40 36 47 39 29 35 5 3 9 6 
student 301: 48 20 37 28 15 45 14 34 16 46 9 4 31 49 32 41 6 23 18 17 50 40 30 44 29 3 13 24 12 25 36 21 22 5 19 11 42 1 26 38 43 35 47 39 27 33 8 2 10 7 
student 302: 48 24 38 29 14 47 16 36 15 46 9 1 30 49 33 42 7 22 19 17 50 40 26 44 31 3 12 28 13 23 35 18 21 6 20 11 41 2 25 37 43 39 45 34 27 32 8 4 10 5 
student 303: 45 24 35 29 12 47 18 37 14 48 9 1 36 49 32 44 10 23 16 13 50 38 31 43 30 7 17 27 11 19 33 21 22 4 20 8 41 3 26 39 42 34 46 40 25 28 6 2 15 5 
student 304: 50 23 37 26 14 46 18 36 16 47 11 1 31 48 32 42 6 24 17 15 49 40 28 45 29 7 10 27 13 21 35 22 20 4 19 12 38 2 30 34 43 39 44 41 25 33 8 3 9 5 
student 305: 47 27 34 29 15 44 16 35 14 48 9 1 31 49 33 45 7 23 21 19 50 40 26 41 30 6 13 24 12 22 37 17 18 3 20 11 43 2 25 39 42 36 46 38 28 32 8 4 10 5 
student 306: 48 23 42 27 12 43 16 33 15 47 9 1 32 49 34 41 6 24 18 17 50 39 26 44 31 5 11 28 14 20 38 22 21 4 19 13 40 2 29 35 46 36 45 37 25 30 8 3 10 7 
student 307: 46 24 36 31 14 43 15 34 16 48 9 1 29 49 32 47 7 20 18 17 50 40 28 44 30 6 13 25 12 22 38 21 26 3 19 11 42 5 27 35 41 37 45 39 23 33 10 2 8 4 
student 308: 47 23 38 25 14 44 17 34 16 48 12 1 30 49 35 43 7 20 19 15 50 41 26 45 32 8 13 27 10 22 37 29 18 3 21 11 40 2 28 39 42 33 46 36 24 31 9 5 4 6 
student 309: 48 25 37 31 13 45 15 34 16 49 9 1 33 50 30 43 8 23 18 17 47 40 29 44 28 6 14 24 12 21 35 22 20 4 19 10 41 3 26 39 42 36 46 38 27 32 7 2 11 5 
student 310: 47 24 35 27 14 45 17 34 16 48 10 1 31 49 32 44 8 21 19 15 50 40 30 41 29 5 11 28 13 26 37 20 23 7 18 12 43 2 22 38 46 36 42 39 25 33 6 3 9 4 
student 311: 47 26 35 29 14 44 19 38 15 49 10 1 33 46 34 43 7 25 18 16 50 39 28 48 31 6 12 27 13 20 32 21 22 4 17 11 41 2 24 40 42 30 45 36 23 37 8 3 9 5 
student 312: 47 24 38 30 13 46 14 34 16 49 15 1 32 48 31 43 8 21 18 17 50 37 27 44 29 6 12 25 10 26 36 23 22 3 19 11 42 2 28 40 41 35 45 39 20 33 9 5 7 4 
student 313: 50 24 36 28 13 45 15 35 16 47 7 2 34 48 31 43 8 20 18 17 49 39 27 42 30 4 14 26 12 25 38 23 22 6 19 11 41 1 29 37 44 33 46 40 21 32 10 3 9 5 
student 314: 47 27 38 29 18 45 15 35 14 48 8 1 32 49 34 41 6 21 16 17 50 42 28 44 30 7 13 25 12 22 33 20 24 5 19 11 43 2 26 37 39 36 46 40 23 31 9 4 10 3 
student 315: 48 25 37 27 14 42 10 31 18 47 11 2 33 50 29 45 3 21 17 19 49 43 30 41 34 7 16 26 13 23 36 20 22 6 15 9 39 1 28 40 44 35 46 38 24 32 12 4 8 5 
student 316: 47 26 37 29 15 44 14 33 18 48 12 1 31 49 34 40 5 22 17 16 50 42 24 46 30 7 10 27 13 23 36 20 21 6 19 11 38 4 28 41 43 35 45 39 25 32 8 2 9 3 
student 317: 45 26 38 29 13 46 18 34 16 48 11 4 32 50 31 40 7 22 21 15 49 37 28 44 30 6 14 25 9 23 36 24 20 5 17 12 39 1 19 43 42 35 47 41 27 33 8 3 10 2 
student 318: 45 25 38 30 14 44 15 36 17 49 11 1 32 48 31 43 8 22 18 16 50 39 27 46 26 6 13 21 7 28 35 19 20 5 23 12 41 3 29 42 40 34 47 37 24 33 9 4 10 2 
student 319: 48 32 36 35 13 47 15 33 18 46 14 2 28 49 30 41 9 23 17 16 50 42 27 44 29 8 7 25 12 24 38 22 20 4 19 10 40 3 26 39 43 31 45 37 21 34 6 1 11 5 
student 320: 46 23 37 30 13 45 15 34 17 49 14 2 29 50 31 41 7 21 18 16 47 43 28 42 32 6 12 25 9 27 36 20 22 1 19 11 40 3 26 38 44 35 48 39 24 33 8 5 10 4 
student 321: 49 24 41 29 12 46 16 33 15 45 9 1 35 50 31 43 7 20 18 19 47 39 27 44 32 5 13 26 14 23 36 21 22 3 17 10 42 4 28 38 40 34 48 37 25 30 11 6 8 2 
student 322: 48 25 36 29 11 45 15 34 16 49 12 2 31 47 32 42 6 20 18 17 50 40 28 43 30 8 13 23 14 26 35 19 21 1 22 10 44 3 24 39 41 37 46 38 27 33 9 4 7 5 
student 323: 47 22 37 28 15 46 16 35 13 48 17 3 29 50 36 43 9 23 14 18 49 40 30 44 31 8 12 25 11 24 34 19 21 4 20 10 41 1 27 39 42 33 45 38 26 32 2 5 7 6 
student 324: 50 24 38 27 15 45 13 34 17 46 8 1 31 47 33 44 7 22 19 16 49 37 30 43 32 6 14 26 10 21 40 20 23 3 18 12 42 5 25 39 41 36 48 35 29 28 9 2 11 4 
student 325: 47 23 38 28 12 46 17 34 16 49 10 3 32 50 33 43 6 21 18 14 45 40 29 41 31 7 15 25 13 26 35 19 20 5 22 11 44 1 27 37 42 36 48 39 24 30 8 2 9 4 
student 326: 47 25 36 33 15 44 16 34 14 48 11 2 29 49 30 45 6 24 17 18 50 42 28 46 31 7 13 26 12 22 37 21 20 5 19 10 40 3 27 39 41 35 43 38 23 32 8 1 9 4 
student 327: 48 24 39 29 17 42 14 35 15 49 10 1 32 47 31 40 5 21 20 16 50 44 27 38 30 7 13 23 12 25 36 22 18 6 19 11 43 2 26 37 45 33 46 41 28 34 9 3 8 4 
student 328: 48 23 37 26 12 43 22 36 16 49 9 4 32 50 31 42 10 18 20 14 47 35 29 44 30 6 15 27 13 24 40 17 21 3 19 11 39 1 28 46 41 34 45 38 25 33 7 2 8 5 
student 329: 48 23 38 29 12 45 15 33 16 49 13 1 32 46 31 43 7 24 17 20 50 39 27 41 30 2 14 26 11 22 37 18 21 6 19 10 44 4 28 34 40 36 47 42 25 35 8 3 9 5 
student 330: 47 23 37 29 15 44 17 34 14 48 9 2 31 49 32 43 7 22 19 16 50 38 28 45 30 6 13 26 12 25 35 21 20 4 18 11 41 1 27 39 42 36 46 40 24 33 8 3 10 5 
student 331: 48 28 37 29 14 44 16 36 21 47 11 3 30 49 33 45 9 20 17 6 50 40 27 43 31 8 13 22 15 26 35 18 25 2 23 12 41 1 24 39 42 32 46 38 19 34 7 4 10 5 
student 332: 45 25 38 29 18 49 16 35 13 47 10 2 30 50 34 43 5 22 14 17 48 42 27 44 31 6 15 24 12 23 37 19 21 4 20 9 39 1 28 41 40 36 46 33 26 32 8 3 11 7 
student 333: 45 25 36 27 17 46 15 34 14 48 10 1 31 49 33 43 8 21 18 16 50 40 24 44 30 6 13 26 12 22 37 19 23 5 20 11 41 3 29 39 42 35 47 38 28 32 9 4 7 2 
student 334: 46 26 38 29 16 45 15 37 14 48 9 2 31 50 33 41 7 21 19 17 49 40 28 43 30 5 12 24 13 22 35 20 23 4 18 11 42 3 25 39 44 34 47 36 27 32 8 1 10 6 
student 335: 47 23 36 30 15 45 14 35 16 46 11 2 32 49 31 43 10 22 17 18 50 40 27 44 28 5 12 25 13 26 33 20 21 7 19 6 42 1 29 39 41 37 48 38 24 34 8 4 9 3 
student 336: 47 25 37 22 16 42 15 34 17 48 8 6 32 44 33 45 10 23 19 12 50 38 29 49 30 4 13 27 11 24 36 20 21 7 18 14 41 1 28 40 43 35 46 39 26 31 5 2 9 3 
student 337: 44 25 39 28 15 42 17 33 14 47 11 1 30 49 32 45 7 21 18 16 50 40 31 48 29 6 9 24 12 22 36 20 23 4 19 13 43 2 27 38 41 35 46 37 26 34 8 3 10 5 
student 338: 46 24 36 31 13 42 19 38 14 48 9 1 33 49 28 44 2 21 16 15 50 41 29 47 32 7 17 27 11 23 35 20 22 3 18 10 43 4 25 39 40 34 45 37 26 30 8 5 12 6 
student 339: 48 25 35 29 14 47 13 36 15 46 16 1 30 49 32 43 8 23 17 20 50 40 28 45 31 5 12 26 11 22 34 18 21 3 19 7 42 2 27 39 41 37 44 38 24 33 6 10 9 4 
student 340: 46 23 39 31 15 43 19 34 14 47 10 2 30 48 32 44 7 22 18 16 49 41 28 45 29 5 13 26 12 24 35 17 21 4 20 11 40 1 27 37 42 38 50 36 25 33 9 3 8 6 
student 341: 46 25 37 29 14 45 16 33 15 49 11 3 30 48 32 42 6 20 17 18 50 41 27 44 31 7 12 26 13 24 36 19 21 1 22 10 40 4 28 39 43 34 47 38 23 35 8 2 9 5 
student 342: 47 24 35 29 14 45 18 32 15 48 11 2 31 50 36 42 5 21 17 19 49 41 30 44 28 7 13 26 12 23 37 20 22 4 16 9 43 1 27 39 38 34 46 40 25 33 10 3 6 8 
student 343: 47 25 35 29 14 42 18 36 16 49 8 4 33 48 32 41 9 24 20 13 50 40 27 43 30 5 15 22 11 21 34 17 23 7 19 12 44 1 28 38 46 39 45 37 26 31 2 3 10 6 
student 344: 48 25 36 33 14 45 16 32 15 49 9 1 31 50 30 44 13 21 17 18 47 40 26 43 34 6 11 27 12 23 37 20 22 3 19 10 41 2 29 39 42 35 46 38 24 28 7 4 8 5 
student 345: 45 26 37 28 19 48 14 35 18 50 12 1 30 47 31 42 8 24 15 16 49 41 27 43 33 6 13 25 9 21 36 23 20 2 17 11 46 3 29 39 40 34 44 38 22 32 7 4 10 5 
student 346: 50 26 37 32 11 43 13 35 17 48 10 1 30 45 31 47 7 20 19 15 49 41 27 44 28 5 12 25 16 22 36 21 23 3 18 14 42 4 29 39 40 34 46 38 24 33 9 6 8 2 
student 347: 48 26 38 31 12 47 25 35 16 49 6 1 30 44 32 36 8 23 19 14 50 46 28 42 29 7 15 22 11 17 34 20 21 4 18 13 40 2 27 39 45 37 43 41 24 33 9 3 10 5 
student 348: 47 23 36 31 16 44 15 32 14 46 10 1 29 50 34 42 8 22 20 17 49 40 28 43 30 3 11 26 9 24 37 19 21 6 18 13 41 2 25 39 45 35 48 38 27 33 7 4 12 5 
student 349: 47 25 36 31 11 45 20 35 14 49 12 1 30 48 32 42 10 23 15 18 50 41 28 44 29 3 17 22 13 24 34 16 21 7 19 9 40 2 26 38 43 37 46 39 27 33 5 4 8 6 
student 350: 43 25 37 29 14 49 16 36 15 47 10 2 30 48 32 42 7 21 17 20 50 38 26 46 31 6 12 24 13 23 35 22 19 4 18 11 41 3 28 39 44 33 45 40 27 34 9 1 8 5 
student 351: 48 25 41 29 14 46 13 35 15 47 10 1 31 49 33 43 7 24 17 19 50 39 28 44 30 6 18 26 12 22 37 16 21 4 20 8 40 2 27 38 42 36 45 32 23 34 9 3 11 5 
student 352: 49 27 37 29 13 45 16 33 15 50 7 1 30 47 32 44 8 22 19 17 46 39 24 43 31 6 14 26 12 23 36 20 25 2 18 11 40 3 21 41 42 35 48 38 28 34 9 5 10 4 
student 353: 48 25 37 27 15 43 18 35 11 46 12 1 32 49 31 42 5 21 19 16 50 45 29 38 30 7 13 26 9 23 36 22 20 4 17 14 44 2 24 41 40 34 47 39 28 33 8 3 10 6 
student 354: 49 23 38 28 15 47 16 37 13 45 10 3 34 50 32 42 7 21 17 18 48 31 27 46 30 4 11 24 12 25 36 19 20 5 22 14 40 2 26 39 41 33 44 43 29 35 8 1 9 6 
student 355: 47 23 36 29 14 48 15 34 18 46 8 1 30 50 32 45 7 22 21 17 49 39 28 44 31 6 11 27 10 24 37 20 19 3 16 13 41 4 26 40 42 35 43 38 25 33 9 2 12 5 
student 356: 45 22 36 29 15 48 16 34 14 49 11 1 35 47 30 46 8 26 18 17 50 39 27 42 31 6 13 28 12 23 33 20 21 4 19 10 43 2 25 40 41 37 44 38 24 32 9 5 7 3 
student 357: 39 25 35 30 9 46 17 33 15 47 10 1 32 50 31 44 8 23 19 14 49 38 29 48 27 5 11 26 16 24 37 20 21 2 18 12 42 3 28 41 43 36 45 40 22 34 13 4 7 6 
student 358: 46 24 35 29 14 45 16 38 15 42 13 1 32 49 33 44 5 21 17 19 50 40 28 47 31 8 10 25 12 22 37 20 23 2 18 11 41 4 27 39 43 34 48 36 26 30 7 3 9 6 
student 359: 44 24 38 29 16 47 18 35 13 49 12 3 31 48 32 46 7 22 17 20 50 42 28 41 30 2 11 25 14 26 33 19 21 5 15 10 40 1 27 39 43 36 45 37 23 34 8 6 9 4 
student 360: 44 24 37 30 14 48 16 35 15 49 13 3 29 47 33 41 4 22 17 18 50 40 27 46 31 10 12 28 11 23 36 20 21 2 19 9 42 1 26 39 43 34 45 38 25 32 6 7 8 5 
student 361: 45 24 37 28 10 44 16 35 14 47 11 1 30 49 36 41 7 22 17 18 50 42 32 46 29 5 13 25 15 23 31 20 21 6 19 12 38 2 27 40 43 33 48 39 26 34 9 4 8 3 
student 362: 49 24 36 27 11 45 16 34 15 47 4 2 32 48 29 44 7 22 18 17 50 40 26 43 30 8 14 31 12 23 37 19 21 1 20 9 41 6 25 39 42 35 46 38 28 33 13 3 10 5 
student 363: 47 26 37 23 15 46 19 34 12 49 8 1 31 44 32 45 7 24 17 16 50 41 29 42 30 6 11 21 14 25 36 18 22 4 20 9 40 3 28 39 43 35 48 38 27 33 10 2 13 5 
student 364: 47 24 43 29 13 46 17 34 15 49 10 2 31 45 33 44 8 18 20 16 50 39 30 41 28 6 12 26 14 23 36 22 19 3 21 11 38 1 27 37 40 35 48 42 25 32 9 4 7 5 
student 365: 47 23 38 28 14 44 17 36 15 48 12 1 32 49 31 43 7 29 18 16 50 41 27 45 30 6 9 25 11 24 34 22 21 3 20 13 42 2 26 40 39 35 46 37 19 33 8 4 10 5 
student 366: 47 23 35 29 13 44 15 37 16 49 11 1 24 48 30 45 10 21 18 17 50 39 32 43 33 7 8 28 14 22 36 27 20 5 19 12 41 4 26 38 40 31 46 42 25 34 3 2 9 6 
student 367: 50 23 39 29 13 44 15 34 16 47 8 1 28 48 31 45 9 22 17 18 49 36 30 43 33 6 14 27 12 25 37 20 21 5 19 11 41 2 26 40 42 35 46 38 24 32 7 4 10 3 
student 368: 46 24 38 26 13 47 17 33 15 49 9 1 31 50 32 42 7 20 19 16 48 36 30 45 29 5 11 27 14 23 37 21 22 4 18 10 40 2 28 39 43 35 44 41 25 34 8 3 12 6 
student 369: 47 27 40 30 15 44 13 33 16 50 8 1 29 48 32 39 14 26 17 18 49 38 28 42 31 6 12 24 10 22 36 20 21 5 19 9 46 2 25 43 41 35 45 37 23 34 7 3 11 4 
student 370: 49 23 32 31 15 43 16 35 13 47 9 3 33 48 30 45 6 21 18 17 50 40 26 42 28 10 12 27 14 22 37 20 24 7 19 11 41 2 29 39 44 36 46 38 25 34 5 1 8 4 
student 371: 46 25 37 31 15 43 16 35 14 48 10 1 32 49 30 45 6 24 19 17 50 39 26 44 28 9 12 29 13 23 36 18 20 5 22 11 41 2 27 40 42 34 47 38 21 33 4 3 7 8 
student 372: 47 24 35 31 14 43 15 36 16 48 12 1 30 49 32 44 6 22 18 17 50 40 28 46 29 3 11 26 13 23 34 20 21 7 19 8 41 2 25 39 42 37 45 38 27 33 9 4 10 5 
student 373: 47 23 36 27 17 45 15 32 13 48 11 4 34 50 31 42 5 24 18 16 49 39 29 43 30 6 14 25 12 22 38 20 21 3 19 9 40 1 28 37 44 35 46 41 26 33 8 2 10 7 
student 374: 47 24 41 30 14 44 18 37 16 45 12 1 31 49 32 46 8 23 17 15 50 38 29 43 28 5 13 25 11 26 35 21 19 4 20 9 39 6 27 36 42 34 48 40 22 33 7 2 10 3 
student 375: 47 26 37 27 15 43 17 36 13 49 10 1 31 50 33 44 4 24 18 16 48 40 30 45 32 7 12 25 14 23 38 19 22 6 21 11 41 2 28 42 39 29 46 35 20 34 8 3 9 5 
student 376: 46 28 37 27 15 45 16 35 13 50 10 2 29 49 32 43 8 24 18 17 48 40 30 44 31 4 12 25 14 20 36 21 22 5 19 9 41 1 26 39 42 34 47 38 23 33 11 3 7 6 
student 377: 46 20 35 30 13 45 15 38 19 48 10 1 32 50 31 39 7 24 18 16 49 41 28 44 29 6 12 22 14 26 34 21 23 4 17 11 42 2 27 40 43 36 47 37 25 33 8 3 9 5 
student 378: 46 26 35 31 12 45 17 34 14 50 15 4 30 48 33 42 7 21 20 16 49 40 28 44 29 6 13 24 9 25 36 19 22 3 18 11 41 1 27 39 43 32 47 38 23 37 8 2 10 5 
student 379: 46 22 36 28 15 44 18 33 16 48 14 2 31 49 32 45 7 21 17 13 50 40 29 43 30 5 10 25 9 24 38 19 23 3 20 12 41 1 27 35 42 34 47 39 26 37 8 4 11 6 
student 380: 46 23 37 32 14 45 17 34 15 47 9 1 33 50 30 42 6 21 16 18 49 43 29 44 28 7 13 25 10 27 35 22 20 5 19 12 40 3 26 38 41 36 48 39 24 31 11 2 8 4 
student 381: 49 23 38 30 13 44 14 33 15 47 10 1 32 48 34 43 5 24 17 19 50 40 27 46 28 8 16 26 12 21 35 20 18 4 22 11 41 3 29 39 42 37 45 36 25 31 7 2 9 6 
student 382: 46 24 39 31 14 47 16 32 15 48 12 1 30 49 33 43 7 19 17 18 50 40 28 44 29 6 13 26 11 23 36 21 22 3 20 8 41 2 27 38 42 35 45 37 25 34 10 4 9 5 
student 383: 46 23 39 26 14 45 16 37 15 48 10 1 28 50 30 41 7 20 19 18 49 38 29 47 32 4 13 27 11 24 35 17 21 3 22 12 42 6 31 40 43 34 44 36 25 33 9 2 8 5 
student 384: 49 22 39 29 14 43 15 34 16 47 11 1 30 48 32 42 7 24 18 17 50 45 26 41 31 10 8 28 12 23 38 19 21 2 20 13 40 4 25 37 46 35 44 36 27 33 6 3 9 5 
student 385: 46 18 35 28 12 42 16 34 15 48 9 1 30 50 33 44 6 22 19 13 49 39 29 45 32 5 17 26 11 24 36 21 23 7 20 14 40 2 27 41 43 37 47 38 25 31 8 3 10 4 
student 386: 49 24 37 29 11 45 17 36 14 48 10 3 32 47 31 41 12 21 18 16 50 42 25 44 30 6 15 27 13 26 35 23 20 4 19 9 40 1 28 38 43 34 46 39 22 33 8 2 7 5 
student 387: 48 24 38 29 15 47 17 33 16 46 11 1 30 50 31 45 8 23 19 13 49 42 32 39 28 6 12 25 14 22 37 18 21 4 20 7 41 2 26 35 43 36 44 40 27 34 9 3 10 5 
student 388: 46 24 37 28 12 45 13 35 16 50 9 1 29 49 32 42 7 22 18 19 48 41 30 43 31 6 14 26 11 23 36 17 21 3 20 15 40 2 27 39 44 34 47 38 25 33 10 4 8 5 
student 389: 49 22 38 29 12 45 14 34 15 46 11 2 32 47 31 42 7 26 17 18 50 40 27 44 30 5 16 25 13 24 35 20 21 1 19 8 41 3 28 39 43 37 48 36 23 33 9 6 10 4 
student 390: 47 24 35 27 14 44 20 33 12 48 8 1 30 50 32 42 7 19 21 15 49 41 31 45 29 6 16 26 13 23 36 22 17 3 18 9 43 2 28 39 40 37 46 38 25 34 10 4 11 5 
student 391: 48 23 38 28 13 41 16 31 17 47 10 2 32 49 35 44 7 22 18 15 50 39 29 45 30 6 12 27 14 26 36 20 21 1 19 11 43 3 24 42 37 34 46 40 25 33 9 4 8 5 
student 392: 47 23 36 30 13 45 16 33 20 49 9 1 31 44 39 41 7 25 18 19 50 40 28 46 29 6 14 24 12 22 38 21 17 4 15 11 42 2 27 37 43 35 48 34 26 32 10 3 8 5 
student 393: 49 26 37 30 14 46 17 33 13 47 11 1 31 48 27 43 10 22 16 19 50 42 29 44 32 6 15 24 12 23 38 20 21 5 18 9 40 2 25 39 41 36 45 35 28 34 7 4 8 3 
student 394: 47 21 36 28 14 45 18 33 15 48 11 1 31 49 32 43 9 20 16 17 50 42 25 44 30 6 13 29 10 23 35 22 24 4 19 12 40 2 27 39 41 37 46 38 26 34 8 3 7 5 
student 395: 47 25 36 29 13 46 16 40 15 43 10 1 31 49 30 48 9 19 18 17 50 41 27 42 33 3 14 23 12 24 37 21 22 5 20 11 32 2 28 39 44 35 45 38 26 34 6 4 8 7 
student 396: 47 24 37 28 14 46 15 31 16 49 11 1 30 50 33 43 5 20 19 17 48 41 32 45 29 9 12 27 13 23 35 22 21 3 18 8 40 2 26 39 42 34 44 38 25 36 10 4 7 6 
student 397: 46 24 37 30 12 49 18 33 15 48 10 1 31 50 32 44 7 23 19 16 47 41 28 42 29 4 13 26 11 21 36 20 22 6 17 14 38 3 27 40 43 34 45 39 25 35 8 2 9 5 
student 398: 48 25 39 28 14 47 15 34 18 45 9 2 31 49 35 42 5 23 19 16 50 40 29 43 30 6 13 26 12 20 36 22 24 4 17 11 41 1 27 38 44 33 46 37 21 32 7 3 8 10 
student 399: 43 23 36 31 14 45 16 35 15 48 10 2 32 49 34 42 6 22 20 18 50 40 27 47 29 5 13 25 12 26 37 19 21 11 17 9 41 1 24 39 44 33 46 38 30 28 7 3 8 4 
student 400: 45 28 37 25 15 46 17 34 14 48 12 4 31 49 33 44 10 22 16 18 50 41 30 42 29 7 11 26 8 20 35 19 23 3 21 13 40 2 27 39 43 32 47 38 24 36 9 6 5 1 
student 401: 49 20 37 31 16 43 14 35 15 47 8 1 30 50 34 45 7 25 19 18 48 41 28 42 29 11 12 23 13 22 40 21 17 5 24 10 39 2 27 38 44 33 46 36 26 32 6 3 9 4 
student 402: 47 22 37 29 15 43 18 35 14 48 10 1 31 49 33 42 7 23 13 16 50 38 27 45 30 6 17 26 12 24 36 21 19 4 20 11 46 2 28 40 41 34 44 39 25 32 8 3 9 5 
student 403: 48 24 38 29 9 44 15 37 18 47 13 1 32 49 33 43 7 21 14 16 50 41 28 46 30 5 10 27 17 26 35 19 22 2 20 8 42 3 25 39 40 34 45 36 23 31 11 6 12 4 
student 404: 49 24 36 29 14 46 15 32 19 48 10 5 33 50 30 41 7 26 17 16 45 42 27 43 31 4 12 25 13 22 34 20 21 3 18 11 40 1 28 39 47 37 44 38 23 35 8 2 9 6 
student 405: 46 25 38 26 14 45 17 34 15 48 11 1 30 49 31 40 5 23 18 16 50 43 29 41 33 9 13 27 12 22 35 20 21 4 19 10 42 2 28 39 44 36 47 37 24 32 7 3 8 6 
student 406: 47 23 35 30 15 46 14 34 17 48 12 2 31 49 32 44 7 24 19 16 50 41 28 42 29 1 13 27 11 22 36 18 21 5 20 10 43 4 26 37 38 40 45 39 25 33 8 3 9 6 
student 407: 48 26 34 29 11 46 15 35 17 47 16 1 33 49 31 44 5 21 18 19 50 41 28 43 30 6 12 27 13 23 37 20 22 8 14 9 42 2 25 39 40 36 45 38 24 32 7 3 10 4 
student 408: 44 25 37 30 15 46 18 32 17 48 11 1 29 49 33 45 9 22 16 12 50 42 27 41 34 7 8 26 13 24 35 21 19 4 20 14 43 3 28 38 39 36 47 40 23 31 10 2 6 5 
student 409: 48 26 35 25 12 44 16 34 15 49 11 1 32 47 30 42 7 21 18 17 50 43 27 45 29 3 14 28 13 24 38 20 19 6 23 10 41 2 31 39 40 36 46 37 22 33 9 5 8 4 
student 410: 46 22 42 31 11 44 15 34 13 48 12 1 30 50 32 38 8 21 18 17 49 41 27 45 28 6 20 29 14 23 35 19 16 4 24 9 40 2 26 39 43 36 47 37 25 33 7 3 10 5 
student 411: 46 23 36 27 14 48 16 35 15 49 11 2 31 47 32 44 7 25 17 19 50 39 28 43 30 6 9 24 13 22 40 20 21 5 18 12 42 1 29 37 41 34 45 38 26 33 8 3 10 4 
student 412: 50 21 37 29 15 45 16 32 14 47 10 3 31 48 34 43 7 23 18 17 49 41 28 44 30 8 13 26 12 20 39 19 22 4 24 11 40 1 27 38 42 36 46 35 25 33 9 2 5 6 
student 413: 48 24 38 28 17 43 14 34 15 47 10 1 31 49 35 45 7 21 16 18 50 39 30 41 26 5 13 29 12 23 32 19 22 8 20 11 42 2 27 40 44 36 46 37 25 33 6 3 9 4 
student 414: 44 24 37 30 14 46 16 32 15 49 8 1 31 50 29 42 5 23 21 17 47 38 26 45 33 7 12 27 13 20 36 22 18 6 19 11 43 3 28 39 41 34 48 40 25 35 9 4 10 2 
student 415: 47 22 37 26 12 44 15 35 16 48 9 1 30 50 31 40 7 21 19 13 49 39 29 46 32 6 17 25 14 27 33 23 20 4 18 11 41 2 28 38 43 36 45 42 24 34 8 3 10 5 
student 416: 46 25 38 28 18 45 15 36 14 48 9 1 30 49 32 43 7 23 19 16 50 40 26 44 31 5 10 29 13 22 33 20 21 2 17 12 41 3 27 39 42 37 47 35 24 34 8 6 11 4 
student 417: 48 24 36 28 13 46 17 32 18 47 11 2 31 50 33 42 9 23 16 15 49 39 29 44 30 7 10 25 14 21 35 19 22 3 20 8 43 4 27 37 41 34 45 38 26 40 6 1 12 5 
student 418: 45 23 33 28 9 44 17 35 12 46 8 2 34 50 30 43 13 19 21 18 49 37 29 47 31 6 16 26 15 22 36 14 25 4 20 11 41 1 27 40 42 38 48 39 24 32 10 3 7 5 
student 419: 47 27 34 28 9 44 17 36 16 50 11 1 30 49 31 45 5 21 18 14 48 40 29 42 32 7 15 23 13 25 37 19 20 6 22 12 41 3 26 39 46 35 43 38 24 33 8 2 10 4 
student 420: 47 23 37 27 13 48 18 35 11 45 8 1 32 49 31 41 7 17 22 19 50 42 29 43 30 6 15 28 12 24 36 20 21 5 16 10 40 2 25 38 46 34 44 39 26 33 9 3 14 4 
student 421: 49 21 39 28 13 45 14 34 15 47 16 1 30 48 32 44 6 22 18 17 50 40 31 42 29 5 12 23 11 24 35 25 20 3 19 10 41 4 27 36 43 37 46 38 26 33 8 2 9 7 
student 422: 47 25 38 29 14 43 16 36 15 48 12 1 30 49 32 44 3 23 20 17 50 39 27 45 31 10 13 28 11 22 37 18 21 5 19 8 41 2 24 40 42 34 46 35 26 33 7 4 9 6 
student 423: 48 22 37 32 11 44 16 31 14 47 8 1 33 50 35 43 5 21 20 19 49 42 28 45 29 7 15 26 13 23 36 18 24 6 17 12 40 3 27 39 41 30 46 38 25 34 9 2 10 4 
student 424: 46 24 37 28 15 42 16 34 14 47 11 1 32 49 31 41 7 20 18 17 50 40 29 43 30 6 13 27 12 22 36 21 25 5 19 9 44 4 26 39 45 35 48 38 23 33 3 2 8 10 
student 425: 45 27 37 31 12 40 19 33 13 48 15 2 25 49 32 46 6 23 17 16 50 39 24 44 30 7 14 28 11 26 35 21 18 3 20 10 42 5 29 41 43 36 47 38 22 34 8 1 9 4 
student 426: 48 23 37 30 11 46 16 34 13 47 9 4 29 50 33 41 6 24 19 17 49 39 28 45 31 7 14 27 15 22 36 18 21 5 20 12 43 1 26 40 42 35 44 38 25 32 8 3 10 2 
student 427: 45 24 35 22 14 50 17 34 15 44 11 1 32 47 30 43 3 23 19 16 48 40 28 46 31 7 13 26 12 25 37 20 21 5 18 10 41 4 29 39 42 36 49 38 27 33 8 2 9 6 
student 428: 49 25 38 26 14 46 16 37 15 45 9 1 31 48 30 43 10 22 19 18 50 40 32 44 29 5 13 27 8 24 35 20 17 4 21 12 41 2 28 39 42 33 47 36 23 34 11 3 6 7 
student 429: 48 22 36 32 13 46 15 34 12 47 10 1 30 50 35 43 8 21 19 17 49 37 28 45 29 7 16 25 14 23 40 18 24 4 20 11 38 2 31 42 39 33 44 41 26 27 5 3 9 6 
student 430: 47 25 39 24 16 44 15 34 14 48 9 4 33 49 31 43 6 23 19 17 50 40 29 45 30 3 13 26 12 21 37 22 20 5 18 11 41 2 28 38 42 35 46 36 27 32 10 1 8 7 
student 431: 45 24 37 31 14 46 16 34 15 50 10 2 33 48 30 43 7 22 18 17 49 42 28 47 29 6 13 27 12 23 35 20 21 4 19 11 41 3 26 40 38 36 44 39 25 32 8 5 9 1 
student 432: 50 24 40 31 16 44 15 35 14 46 6 1 32 47 29 45 10 21 18 17 49 39 30 43 28 7 13 25 12 26 33 22 19 5 20 9 41 2 27 38 42 36 48 37 23 34 11 3 8 4 
student 433: 47 25 38 27 14 44 17 34 15 48 11 1 29 49 33 43 6 22 19 16 50 40 26 45 30 7 13 28 12 23 32 20 21 4 18 10 39 2 31 37 41 36 46 42 24 35 8 3 9 5 
student 434: 47 20 38 29 12 44 15 35 16 48 11 1 30 49 31 42 8 25 18 17 50 40 26 43 32 6 14 23 9 22 37 24 21 3 19 13 45 2 28 34 41 36 46 39 27 33 7 4 10 5 
student 435: 47 25 35 28 14 43 17 33 16 48 10 1 31 49 34 45 4 22 18 15 50 40 26 44 30 2 13 27 12 24 37 19 21 6 20 11 41 3 32 39 42 36 46 38 23 29 7 5 9 8 
student 436: 45 24 37 33 13 46 16 34 11 49 10 1 29 48 31 43 7 23 18 17 50 40 30 44 25 8 15 27 12 22 35 20 21 2 19 14 42 3 28 38 41 32 47 39 26 36 6 4 9 5 
student 437: 46 24 39 29 14 47 18 34 17 48 10 1 30 50 32 45 3 20 16 13 49 41 28 44 31 6 15 26 11 25 36 22 21 7 19 9 40 4 23 37 43 35 42 38 27 33 8 2 12 5 
student 438: 47 25 37 30 18 45 19 34 14 49 9 1 26 48 32 40 7 22 15 21 50 41 29 46 31 5 12 28 13 24 36 20 17 6 16 11 42 2 27 39 43 35 44 38 23 33 8 3 10 4 
student 439: 50 24 36 28 12 44 15 35 16 47 11 1 30 48 34 43 3 22 20 17 49 39 27 45 31 9 14 25 13 23 32 21 19 2 18 10 40 5 29 38 41 37 46 42 26 33 8 4 7 6 
student 440: 45 25 37 32 14 44 15 36 16 48 10 1 33 50 29 41 6 20 17 18 49 40 28 46 31 5 12 24 13 23 35 21 22 3 19 11 42 4 27 39 43 30 47 38 26 34 8 2 9 7 
student 441: 46 24 36 28 14 44 15 34 16 49 13 3 30 48 32 45 5 21 19 17 50 39 29 43 31 9 11 26 10 23 35 22 20 1 18 12 41 4 25 40 42 38 47 37 27 33 8 2 7 6 
student 442: 49 24 37 30 10 46 17 33 14 47 8 2 32 50 31 43 7 22 19 16 48 40 25 42 28 5 11 29 12 23 36 18 21 3 20 15 41 6 26 39 44 35 45 38 27 34 9 1 13 4 
student 443: 47 24 37 32 14 45 16 34 21 48 10 1 28 50 31 44 7 23 18 15 49 42 29 40 26 6 11 30 13 22 35 19 20 5 17 12 41 2 25 39 43 36 46 38 27 33 8 3 9 4 
student 444: 48 26 35 28 14 45 17 34 15 49 10 1 31 50 32 43 7 23 18 16 47 39 27 44 30 5 9 24 11 25 37 19 20 3 21 13 40 4 29 38 42 36 46 41 22 33 12 2 8 6 
student 445: 46 24 37 29 15 45 17 35 11 47 10 5 30 49 31 44 6 23 18 16 48 42 28 40 32 8 13 26 14 22 36 19 20 2 21 12 43 1 27 39 41 34 50 38 25 33 7 3 9 4 
student 446: 48 23 36 30 12 45 15 37 16 46 14 1 31 49 32 41 8 22 19 17 50 40 27 43 29 6 13 21 10 25 35 18 24 4 20 9 44 2 26 39 42 34 47 38 28 33 7 3 11 5 
student 447: 48 24 36 28 14 45 17 35 16 49 10 1 31 50 33 40 5 21 15 18 47 39 27 46 29 4 13 26 12 23 34 20 22 3 19 11 41 2 30 43 42 37 44 38 25 32 7 6 8 9 
student 448: 47 26 39 29 15 44 11 33 18 49 10 2 31 48 34 42 8 17 19 16 50 41 27 46 30 5 13 25 14 24 35 20 22 4 21 12 40 1 28 36 43 38 45 37 23 32 7 3 9 6 
student 449: 46 25 36 31 12 47 17 40 15 48 11 1 28 49 34 43 5 20 18 16 50 39 30 44 29 9 14 21 13 23 33 22 24 4 19 10 41 3 27 38 42 35 45 37 26 32 7 2 8 6 
student 450: 47 26 38 29 15 43 16 34 14 49 10 1 31 48 32 44 9 23 19 18 50 39 27 45 30 6 13 24 11 22 37 17 21 3 20 12 41 2 28 36 42 35 46 40 25 33 5 4 7 8 
student 451: 50 24 36 28 12 44 15 37 19 47 9 1 31 49 32 45 10 22 20 16 48 41 26 43 30 6 14 29 13 23 35 17 21 8 18 11 42 3 25 38 39 34 46 40 27 33 5 2 7 4 
student 452: 47 22 37 32 13 45 15 30 14 48 6 1 33 49 34 44 7 23 20 16 50 40 27 43 29 8 12 25 17 24 35 21 19 4 18 11 41 3 28 39 42 36 46 38 26 31 9 2 10 5 
student 453: 43 26 37 29 14 47 18 32 15 49 11 1 30 50 34 45 7 21 17 19 48 41 28 42 31 5 13 27 12 23 36 16 20 6 22 9 40 4 24 33 44 38 46 39 25 35 10 2 8 3 
student 454: 49 26 37 35 16 47 19 31 15 44 10 1 32 45 36 41 6 24 20 14 50 40 29 46 23 7 11 27 13 21 33 22 17 4 18 9 43 3 28 39 42 34 48 38 25 30 12 5 8 2 
student 455: 46 24 35 28 13 42 15 33 19 49 10 1 29 48 34 41 7 23 20 16 50 43 30 44 31 5 11 25 14 21 36 22 18 6 17 12 47 2 27 38 40 39 45 37 26 32 8 3 9 4 
student 456: 47 24 36 30 13 46 16 34 14 48 8 4 31 49 32 42 3 21 18 17 50 40 28 44 29 2 11 26 15 23 37 19 22 6 20 12 41 1 27 38 45 35 43 39 25 33 9 5 10 7 
student 457: 46 26 38 29 12 45 16 36 14 48 15 3 32 49 31 43 5 20 18 17 50 35 28 44 30 2 11 24 13 25 37 21 22 7 19 10 41 4 27 42 39 33 47 40 23 34 6 1 8 9 
student 458: 48 24 38 29 15 46 16 35 12 44 11 1 32 49 33 41 10 22 21 19 50 42 28 43 30 4 14 26 13 23 36 18 20 3 17 9 39 2 27 37 45 34 47 40 25 31 5 6 8 7 
student 459: 47 25 39 31 12 44 16 36 14 49 10 1 33 50 29 45 7 23 18 17 46 40 28 42 30 5 15 26 11 22 35 21 20 3 19 13 41 2 27 38 43 34 48 37 24 32 8 4 9 6 
student 460: 49 23 36 29 15 44 18 37 17 46 8 2 28 48 32 45 9 22 16 14 50 42 30 43 31 5 13 27 12 24 40 21 19 1 20 11 39 3 25 38 41 35 47 34 26 33 10 4 7 6 
student 461: 47 24 39 29 15 46 18 30 16 49 9 2 31 44 33 43 5 22 14 20 50 40 28 45 32 6 12 27 13 23 37 17 19 8 21 11 42 1 26 36 41 35 48 38 25 34 10 4 7 3 
student 462: 46 23 37 26 14 44 15 35 17 48 9 2 33 49 28 42 7 21 18 16 50 34 31 45 30 1 11 32 10 25 38 19 22 6 20 13 41 3 27 40 43 36 47 39 24 29 12 4 8 5 
student 463: 48 24 38 31 13 44 18 32 14 50 9 1 27 47 35 43 8 22 20 16 49 40 26 45 33 6 15 28 10 23 34 21 19 3 17 12 42 2 30 37 41 36 46 39 25 29 7 4 11 5 
student 464: 48 25 36 29 15 44 16 34 14 47 10 1 31 49 32 41 11 21 17 22 50 40 28 45 30 5 9 26 12 23 37 19 20 4 18 13 42 3 27 38 43 35 46 39 24 33 2 7 8 6 
student 465: 48 23 37 30 15 45 17 34 14 46 10 1 32 50 33 38 7 22 18 16 49 40 29 44 31 6 12 26 11 24 36 20 21 5 19 13 42 2 28 41 43 35 47 39 25 27 8 3 9 4 
student 466: 46 24 38 27 15 45 16 35 13 50 10 1 31 49 32 40 5 21 17 19 48 41 33 44 30 7 14 26 12 22 36 20 23 4 18 11 39 2 29 42 43 37 47 34 25 28 8 3 9 6 
student 467: 49 25 36 30 16 47 17 35 15 48 9 1 31 46 33 43 5 22 21 18 50 38 28 44 27 3 10 23 14 24 39 20 19 4 11 13 42 7 29 40 41 32 45 37 26 34 6 2 12 8 
student 468: 49 26 36 31 15 48 11 34 16 46 5 1 35 50 30 42 9 20 18 17 47 37 27 44 29 7 14 24 12 23 38 21 22 3 19 13 41 2 25 39 43 33 45 40 28 32 8 4 10 6 
student 469: 44 24 38 28 12 45 18 35 16 50 10 1 32 47 30 42 7 22 19 14 49 36 31 48 29 5 15 26 13 23 34 21 20 6 17 11 41 2 27 43 40 37 46 39 25 33 8 4 9 3 
student 470: 50 23 39 25 12 46 15 35 14 45 11 3 34 47 32 42 10 21 16 17 49 41 26 48 31 6 18 28 9 22 36 27 20 4 19 13 33 1 30 40 43 37 44 38 24 29 7 2 8 5 
student 471: 47 28 35 27 14 45 15 36 18 49 6 1 32 48 33 42 7 21 20 16 50 39 26 44 30 5 13 25 12 24 37 17 23 4 19 9 41 3 29 38 40 34 46 43 22 31 11 2 10 8 
student 472: 46 27 35 26 14 48 16 32 15 49 12 1 31 45 34 44 7 24 18 17 50 41 23 43 30 6 13 28 11 22 33 20 21 3 19 10 40 5 25 36 42 37 47 39 29 38 8 2 9 4 
student 473: 45 26 38 33 14 48 15 29 16 50 11 1 35 46 31 41 5 24 18 17 49 36 27 47 34 6 13 25 12 21 39 19 20 2 22 10 40 7 30 37 43 32 44 42 23 28 8 3 9 4 
student 474: 50 24 37 33 14 46 18 34 15 45 9 2 29 49 31 44 5 23 17 16 48 38 26 43 30 6 13 28 10 21 36 20 22 1 19 12 42 8 27 40 41 35 47 39 25 32 7 4 11 3 
student 475: 45 23 37 28 12 47 16 34 15 49 11 1 30 48 32 44 7 22 19 17 50 35 29 46 31 5 14 27 13 18 40 21 25 2 20 9 41 3 26 39 42 36 43 38 24 33 8 6 10 4 
student 476: 46 23 32 34 13 45 15 37 14 50 11 1 35 49 30 43 9 25 19 17 47 39 29 44 28 5 12 24 16 20 40 21 22 6 18 10 41 4 26 38 42 33 48 36 27 31 7 3 2 8 
student 477: 49 24 37 28 13 45 12 35 16 48 9 2 32 47 33 42 8 23 17 19 50 39 29 43 30 10 15 27 14 21 36 20 18 1 22 11 41 3 25 38 44 34 46 40 26 31 4 7 6 5 
student 478: 44 20 35 31 14 47 21 34 15 49 13 1 32 48 30 40 7 22 17 16 50 41 27 42 29 8 11 25 12 26 36 19 23 5 18 10 43 2 28 39 45 37 46 38 24 33 3 4 9 6 
student 479: 48 25 40 29 14 44 15 35 13 47 10 1 24 49 31 42 6 23 18 17 50 39 28 45 33 4 20 27 11 19 36 21 22 7 16 12 41 2 30 37 43 34 46 38 26 32 8 3 9 5 
student 480: 46 22 38 27 13 44 19 33 16 49 9 2 31 48 32 43 6 23 18 15 50 41 30 42 28 4 12 29 14 24 35 20 21 5 17 10 36 3 26 40 45 34 47 39 25 37 8 1 11 7 
student 481: 47 23 39 29 13 44 15 34 24 48 8 1 33 46 30 43 11 21 16 19 49 41 28 50 31 5 14 26 12 22 36 18 20 4 17 10 40 2 27 38 42 35 45 37 25 32 9 3 6 7 
student 482: 45 24 40 31 13 43 16 34 14 46 12 1 28 48 32 44 8 21 17 18 50 38 29 47 30 4 15 27 11 23 36 19 22 5 20 10 42 2 25 39 41 35 49 37 26 33 7 3 9 6 
student 483: 45 23 36 29 16 47 17 35 14 49 8 4 31 48 32 44 6 21 18 15 50 41 26 42 30 7 12 25 11 24 34 22 20 5 19 13 46 3 28 38 40 37 43 39 27 33 10 2 9 1 
student 484: 47 24 36 29 14 46 15 32 17 49 9 1 33 48 30 43 4 19 21 18 50 39 28 45 31 10 13 26 12 22 37 20 23 5 16 11 40 3 27 41 42 34 44 38 25 35 6 2 8 7 
student 485: 44 26 38 27 15 50 18 33 14 47 13 1 31 48 34 45 6 22 19 16 49 41 28 46 30 9 10 24 7 25 35 21 17 3 20 12 39 2 29 40 43 36 42 37 23 32 8 4 11 5 
student 486: 45 24 37 29 12 44 15 34 14 48 10 2 31 50 30 43 5 19 20 17 49 38 32 46 28 8 13 27 9 22 36 18 23 3 21 16 39 4 26 41 42 35 47 40 25 33 11 1 7 6 
student 487: 47 24 36 30 13 42 16 33 14 49 11 2 38 48 31 44 6 18 19 17 50 41 28 46 29 7 12 25 10 23 35 21 22 1 20 15 40 5 26 39 43 34 45 37 27 32 8 3 9 4 
student 488: 47 24 39 28 13 42 16 31 15 50 8 1 33 48 29 44 5 21 17 19 49 38 32 46 30 7 14 26 11 22 35 18 23 6 20 12 41 3 27 36 43 37 45 40 25 34 9 2 10 4 
student 489: 46 25 37 30 15 45 16 31 12 47 10 1 35 49 32 44 8 19 21 17 50 39 27 48 29 5 14 23 13 24 36 20 22 2 18 11 43 3 28 38 42 33 40 41 26 34 7 6 9 4 
student 490: 45 26 38 29 14 47 16 33 15 46 10 1 30 48 31 43 6 25 21 18 50 39 28 44 34 3 13 27 12 23 37 17 20 5 19 11 40 2 24 42 41 35 49 36 22 32 9 4 8 7 
student 491: 48 21 37 30 15 44 18 34 14 46 10 1 32 49 33 40 7 20 17 16 50 38 28 43 29 5 13 27 11 24 35 23 22 8 19 12 39 3 25 42 45 31 47 41 26 36 9 2 6 4 
student 492: 45 25 33 24 14 44 18 35 15 46 11 4 32 49 31 43 6 21 19 16 50 40 28 48 30 7 13 26 10 22 36 20 23 2 17 12 37 1 27 41 42 38 47 39 29 34 9 5 8 3 
student 493: 48 16 36 29 13 43 15 35 20 45 12 4 33 49 31 46 3 23 18 17 50 40 28 44 30 5 8 27 14 25 32 19 22 2 21 11 41 1 26 39 42 34 47 38 24 37 6 7 10 9 
student 494: 48 25 36 28 13 44 18 33 16 47 11 1 30 49 35 46 6 22 14 17 50 40 29 43 31 5 12 26 15 24 37 20 21 7 19 9 42 2 27 39 41 34 45 38 23 32 10 4 8 3 
student 495: 47 26 38 29 14 45 16 34 13 49 10 2 30 48 31 43 7 21 20 17 50 41 28 44 32 6 15 23 12 22 37 18 19 4 25 11 39 3 27 40 42 33 46 36 24 35 9 1 8 5 
student 496: 47 23 35 30 20 45 14 37 12 48 10 2 31 50 34 46 9 16 21 22 49 36 27 42 29 1 15 28 11 24 39 19 18 5 17 13 38 3 25 40 43 33 44 41 26 32 8 4 6 7 
student 497: 48 24 37 29 12 46 16 36 13 49 10 1 32 50 30 43 7 23 17 21 47 39 27 44 31 6 14 28 15 20 34 19 22 2 18 11 40 3 26 41 42 33 45 38 25 35 8 4 9 5 
student 498: 46 18 36 30 13 44 15 34 17 45 7 2 27 48 32 47 9 24 20 16 49 40 28 43 31 10 14 25 12 21 38 22 23 5 19 8 41 3 26 39 42 35 50 37 29 33 11 1 6 4 
student 499: 48 24 37 30 13 47 15 34 16 49 12 1 32 50 29 44 5 23 20 19 45 41 28 42 31 6 14 22 7 25 35 21 18 2 17 11 40 4 26 39 43 36 46 38 27 33 10 8 9 3 
