student 0: 30 49 43 41 35 6 11 48 39 42 10 21 46 45 15 34 33 3 16 12 17 31 29 13 18 37 8 20 19 5 24 1 27 26 28 7 4 9 32 36 50 23 2 44 14 38 47 25 22 40 
student 1: 33 47 48 42 32 3 9 46 40 41 10 24 43 44 15 37 35 5 17 11 16 31 30 12 18 34 8 19 20 6 22 2 29 28 23 7 4 13 25 38 50 27 1 49 14 36 45 21 26 39 
student 2: 32 50 46 41 37 6 9 48 40 42 11 25 47 44 16 38 33 3 22 13 15 29 30 14 18 34 5 20 19 7 24 1 26 28 27 8 4 10 31 36 49 23 2 45 12 35 43 17 21 39 
student 3: 32 49 43 37 33 4 10 48 40 41 13 21 45 42 16 44 35 7 18 12 11 29 28 14 17 38 6 19 22 5 26 2 24 30 27 8 3 9 34 36 50 23 1 47 15 31 46 20 25 39 
student 4: 33 49 42 40 32 5 11 48 37 41 14 24 44 45 17 36 34 4 16 12 15 31 29 13 18 35 7 19 21 8 25 1 27 28 26 6 3 9 30 39 50 23 2 47 10 38 46 20 22 43 
student 5: 31 46 43 42 33 7 8 48 39 49 11 22 50 41 18 38 34 1 19 14 15 30 29 12 16 35 9 17 20 4 24 6 25 28 27 5 3 10 32 37 47 26 2 45 13 36 44 21 23 40 
student 6: 33 47 45 41 32 5 10 49 39 42 12 20 43 44 18 35 34 4 19 11 15 29 28 13 14 38 9 17 24 6 25 2 26 30 27 7 1 8 31 37 50 23 3 46 16 36 48 21 22 40 
student 7: 32 49 44 42 31 8 10 47 39 43 11 24 45 41 14 38 33 2 18 13 15 29 27 12 17 35 7 20 21 3 25 4 26 28 30 6 5 9 34 40 50 23 1 46 16 37 48 22 19 36 
student 8: 33 48 44 40 32 5 10 47 42 41 11 23 46 43 16 34 36 4 17 12 15 29 30 13 20 35 9 18 19 6 27 3 25 26 28 8 1 7 31 39 49 24 2 50 14 38 45 21 22 37 
student 9: 30 50 44 42 33 7 10 46 40 43 11 22 47 41 16 36 34 2 18 13 14 28 31 12 17 35 5 19 20 9 26 3 25 29 27 6 4 8 32 38 48 23 1 49 15 37 45 21 24 39 
student 10: 28 46 44 37 34 5 10 48 38 43 11 22 47 41 13 36 35 3 20 14 17 31 27 12 18 33 8 16 19 6 24 2 25 30 29 7 4 9 32 40 50 26 1 45 15 39 49 21 23 42 
student 11: 33 47 44 39 27 5 8 50 41 42 11 22 48 43 12 36 34 4 17 13 15 30 32 14 18 35 10 21 19 9 25 2 26 29 28 6 3 7 31 38 49 23 1 46 16 37 45 20 24 40 
student 12: 33 48 41 42 31 6 12 50 39 40 10 22 45 44 16 37 34 5 18 11 14 30 26 13 17 35 8 19 21 3 25 2 28 29 27 7 4 9 32 43 49 23 1 46 15 36 47 20 24 38 
student 13: 33 49 44 39 30 5 12 48 42 43 15 22 46 41 18 35 34 3 17 10 11 29 28 13 16 32 7 19 20 6 26 2 36 27 25 8 4 9 31 40 50 24 1 45 14 38 47 21 23 37 
student 14: 32 46 47 44 36 6 10 50 40 41 12 22 43 42 15 33 34 4 18 11 16 29 30 13 17 37 9 19 21 7 27 2 25 28 26 1 5 8 31 38 49 24 3 48 14 35 45 20 23 39 
student 15: 31 49 47 41 33 4 10 48 43 37 13 19 42 44 15 35 34 6 18 12 16 30 29 11 17 38 5 20 21 8 25 2 27 28 26 7 3 9 32 36 50 24 1 46 14 39 45 22 23 40 
student 16: 33 50 46 39 32 5 9 47 38 44 13 25 43 42 17 37 34 8 18 11 12 30 28 15 16 35 10 20 19 6 24 2 27 29 26 7 3 4 31 40 49 23 1 48 14 36 45 21 22 41 
student 17: 31 49 44 40 33 2 10 47 39 41 11 23 45 42 14 37 34 4 19 15 12 30 29 18 16 35 8 21 20 5 24 1 26 28 27 9 3 7 32 38 50 25 6 48 13 36 46 17 22 43 
student 18: 31 48 42 41 36 7 10 47 40 43 12 23 46 44 14 39 33 2 17 11 15 30 29 13 16 35 8 18 20 6 25 4 26 28 27 5 3 9 32 34 50 24 1 49 21 38 45 19 22 37 
student 19: 31 49 45 40 30 5 11 48 39 38 9 24 44 43 15 37 35 4 20 13 14 34 29 12 16 33 8 19 18 6 27 1 28 26 22 7 3 10 32 42 50 25 2 47 17 36 46 21 23 41 
student 20: 30 49 44 41 35 3 7 47 40 42 8 22 50 43 17 34 36 5 20 12 16 33 29 13 18 37 11 19 14 9 25 2 26 28 27 10 4 6 31 38 48 23 1 46 15 32 45 21 24 39 
student 21: 33 48 43 39 30 5 9 50 41 42 11 23 44 45 15 35 34 2 21 12 14 29 31 13 16 36 10 19 18 6 24 1 26 28 27 8 4 7 32 37 49 25 3 47 17 38 46 20 22 40 
student 22: 32 50 43 42 31 6 14 49 39 47 7 21 48 40 18 35 36 3 17 11 13 34 29 12 16 33 9 20 22 5 24 2 26 28 27 8 4 10 30 41 45 25 1 46 15 37 44 19 23 38 
student 23: 32 49 43 39 31 4 9 47 41 42 12 19 46 44 16 36 34 5 17 11 14 29 27 13 18 38 7 20 21 8 28 1 26 25 33 6 2 10 30 35 50 24 3 48 15 40 45 22 23 37 
student 24: 32 49 45 40 30 5 14 48 41 42 11 24 43 50 17 37 36 4 18 10 12 34 28 13 16 33 9 19 21 8 27 1 25 31 26 7 3 6 29 38 46 23 2 44 15 35 47 20 22 39 
student 25: 34 50 44 40 32 6 8 47 41 42 11 24 45 43 14 38 33 2 20 12 15 30 31 13 16 35 9 18 21 7 26 5 28 25 29 4 3 10 27 37 49 23 1 48 17 36 46 19 22 39 
student 26: 33 49 45 43 32 7 14 48 42 39 12 22 41 44 16 36 35 5 18 10 11 24 30 15 13 34 6 20 19 4 25 1 28 27 29 8 3 9 31 38 50 23 2 47 17 37 46 21 26 40 
student 27: 34 42 47 41 32 4 14 48 40 45 12 24 43 46 15 36 39 5 18 10 16 27 30 13 20 35 9 19 17 6 25 2 26 29 28 8 3 7 31 37 44 22 1 50 11 33 49 23 21 38 
student 28: 36 50 45 40 34 5 16 46 41 43 9 25 44 42 17 38 30 4 18 14 11 32 31 12 15 33 8 22 20 7 21 2 26 29 27 6 3 10 28 35 49 19 1 48 13 37 47 23 24 39 
student 29: 34 49 46 40 32 5 10 48 42 43 12 24 41 45 15 35 36 4 18 11 14 30 29 13 16 38 9 19 21 6 26 2 25 28 27 8 3 7 31 37 50 23 1 47 17 33 44 22 20 39 
student 30: 30 49 44 42 33 6 10 48 39 40 11 21 45 43 17 37 31 4 16 12 14 32 26 9 18 35 5 22 19 13 27 1 25 29 28 7 2 8 34 38 50 24 3 47 15 36 46 20 23 41 
student 31: 33 49 43 41 34 5 11 46 40 42 9 23 48 47 16 28 35 8 17 14 13 31 32 12 18 37 10 20 21 4 26 2 25 30 27 7 3 6 29 38 50 24 1 45 15 36 44 22 19 39 
student 32: 31 49 45 40 29 6 10 48 39 43 13 24 46 44 16 38 33 1 18 12 14 30 28 9 17 32 8 19 21 2 25 5 22 35 27 7 4 11 34 37 50 20 3 42 15 36 47 23 26 41 
student 33: 34 49 44 41 32 4 9 47 42 39 11 19 48 43 22 38 33 7 21 13 15 30 29 14 16 35 10 17 18 5 23 3 27 28 24 2 6 8 31 37 50 25 1 45 12 36 46 20 26 40 
student 34: 33 48 46 39 32 4 10 49 40 42 13 21 45 43 16 37 35 3 19 11 14 31 27 12 17 34 8 18 20 6 25 1 26 29 28 7 2 9 30 41 50 24 5 47 15 38 44 22 23 36 
student 35: 31 50 44 41 33 6 10 48 40 42 11 21 46 43 16 38 34 1 18 12 13 30 29 15 19 35 8 17 22 5 25 4 28 27 26 7 2 9 32 37 49 24 3 45 14 36 47 20 23 39 
student 36: 31 49 43 41 33 4 8 50 40 44 11 23 46 42 20 37 34 3 18 12 14 30 29 13 16 35 6 19 22 9 25 2 26 28 27 5 7 10 32 38 45 24 1 48 15 36 47 17 21 39 
student 37: 34 49 43 41 31 4 12 47 39 42 8 21 45 46 13 40 33 3 19 11 16 30 28 14 15 35 9 22 17 6 25 2 29 27 24 7 5 10 32 37 50 23 1 44 18 36 48 20 26 38 
student 38: 31 48 45 43 33 6 10 38 42 41 13 25 47 44 16 36 34 4 20 14 12 29 30 9 17 37 11 18 19 5 24 3 26 28 27 8 1 7 32 39 50 22 2 46 15 35 49 23 21 40 
student 39: 33 50 39 41 35 5 11 47 42 43 13 23 45 44 14 38 30 1 17 9 12 32 28 15 18 34 8 19 21 6 26 3 29 27 25 7 4 10 31 37 49 22 2 48 16 36 46 20 24 40 
student 40: 34 48 43 40 31 6 10 47 41 44 12 24 45 42 19 38 32 8 17 11 14 30 27 13 16 35 7 18 20 5 25 1 29 26 28 4 3 9 33 39 49 23 2 50 15 36 46 22 21 37 
student 41: 31 50 44 41 33 3 7 49 35 42 12 24 46 43 18 36 37 6 17 11 15 30 29 13 16 34 10 19 22 4 23 5 26 28 27 8 2 9 32 38 47 20 1 45 14 39 48 21 25 40 
student 42: 33 50 45 41 31 4 9 48 40 42 11 21 46 43 16 34 36 5 18 12 14 27 28 13 17 35 8 23 19 3 25 2 29 30 26 6 7 10 32 38 49 24 1 47 15 37 44 20 22 39 
student 43: 33 49 46 43 34 5 9 50 40 42 10 23 45 41 18 38 35 4 14 12 13 32 29 15 20 31 11 16 26 8 24 3 22 28 27 6 1 7 30 37 47 21 2 48 17 36 44 19 25 39 
student 44: 34 47 42 41 33 4 10 48 39 45 11 22 44 43 17 37 32 6 19 12 14 30 29 13 16 36 7 18 21 5 26 3 25 27 28 8 2 9 31 38 50 24 1 49 15 35 46 20 23 40 
student 45: 34 49 45 41 31 5 12 50 40 42 10 23 46 43 17 36 33 3 18 11 14 32 29 13 20 35 7 16 22 6 26 1 25 28 27 9 2 8 30 38 48 24 4 44 15 37 47 21 19 39 
student 46: 34 47 43 42 32 5 11 50 39 41 10 25 44 46 14 38 33 4 16 12 17 28 31 13 18 36 7 19 20 6 26 3 22 27 24 9 2 8 29 37 49 23 1 45 15 35 48 21 30 40 
student 47: 33 50 44 41 30 4 9 49 40 43 10 23 45 42 15 37 36 2 19 14 12 31 29 13 18 34 6 21 20 7 17 3 26 28 27 11 5 8 32 38 48 25 1 47 16 35 46 22 24 39 
student 48: 28 50 44 41 34 4 10 48 40 42 12 21 45 43 18 36 33 6 15 13 14 32 29 16 19 35 9 20 17 5 27 1 30 25 26 7 3 8 31 37 49 23 2 47 11 38 46 24 22 39 
student 49: 32 49 42 39 28 5 9 47 43 41 13 20 48 45 21 35 36 2 17 12 14 30 34 18 15 33 11 22 10 7 31 4 26 29 25 8 1 6 27 38 50 24 3 44 16 37 46 19 23 40 
student 50: 33 50 46 40 32 3 11 48 41 42 15 22 45 43 16 35 34 4 18 12 13 29 30 9 19 39 10 17 20 6 24 2 23 31 27 7 5 8 28 37 49 26 1 47 14 36 44 21 25 38 
student 51: 36 49 43 42 32 6 10 48 41 40 12 20 45 44 15 35 33 5 18 11 17 28 30 13 16 34 8 21 19 3 24 4 25 29 27 7 2 9 31 37 50 23 1 47 14 38 46 22 26 39 
student 52: 32 49 44 41 33 4 9 48 39 42 18 23 46 43 15 36 35 3 16 11 13 30 28 12 19 37 8 20 17 6 27 2 26 29 24 7 5 10 31 38 50 25 1 47 14 34 45 22 21 40 
student 53: 33 49 45 42 31 7 10 48 40 41 11 22 44 43 16 39 35 4 17 12 13 30 29 15 18 34 8 19 20 5 27 3 26 28 25 6 2 9 32 38 50 23 1 47 14 37 46 21 24 36 
student 54: 28 49 47 40 33 5 11 50 42 41 9 26 44 43 16 38 32 2 21 12 14 31 34 15 17 35 8 18 22 7 27 1 23 30 24 6 4 10 25 39 45 20 3 46 13 36 48 19 29 37 
student 55: 33 49 44 40 32 6 9 48 41 42 12 21 45 43 18 37 34 4 25 13 15 29 31 14 16 35 10 19 17 5 24 2 28 26 27 7 3 8 30 38 50 23 1 47 11 36 46 20 22 39 
student 56: 32 49 46 43 33 3 10 50 40 41 11 22 44 42 16 37 36 4 18 12 13 31 30 15 17 35 8 19 21 5 27 2 25 26 29 6 7 9 28 38 48 24 1 45 14 34 47 23 20 39 
student 57: 35 48 41 40 32 5 11 47 46 42 13 22 44 43 17 37 33 4 18 10 14 29 30 12 15 34 9 20 19 6 24 2 26 28 27 8 1 7 31 38 49 25 3 50 16 36 45 23 21 39 
student 58: 32 47 41 43 30 2 12 50 39 44 11 22 46 42 15 37 33 5 18 14 13 31 28 10 20 34 7 17 19 6 24 3 27 25 29 9 4 8 36 38 48 23 1 49 16 35 45 21 26 40 
student 59: 33 50 43 40 31 2 9 47 41 42 13 22 44 46 17 35 38 7 21 11 14 32 28 10 15 34 8 18 19 4 24 5 29 27 25 6 3 12 30 36 48 26 1 45 16 39 49 20 23 37 
student 60: 31 48 44 41 30 5 10 47 40 42 13 23 45 43 16 37 34 3 15 11 18 32 28 14 19 35 9 17 20 6 24 1 27 26 29 7 2 8 33 38 49 21 4 50 12 36 46 22 25 39 
student 61: 34 45 44 41 32 5 10 47 40 43 12 21 46 42 19 35 36 4 18 13 15 30 23 14 16 33 8 17 22 6 28 2 26 29 27 7 3 9 31 37 50 25 1 48 11 38 49 20 24 39 
student 62: 34 48 45 41 31 6 14 47 40 42 9 22 44 43 19 37 33 4 17 7 16 28 30 13 18 35 5 20 21 8 25 2 26 27 29 10 3 11 32 38 50 23 1 49 12 36 46 15 24 39 
student 63: 34 50 44 41 32 9 8 49 37 42 12 21 46 43 16 38 33 4 17 7 14 31 28 13 19 40 5 22 18 6 25 2 30 27 24 10 3 11 29 39 47 26 1 45 15 35 48 20 23 36 
student 64: 35 50 45 42 33 7 12 48 38 47 10 24 44 46 16 37 36 4 20 11 13 31 29 14 18 32 8 17 19 6 23 2 25 28 27 5 3 9 30 40 43 26 1 39 15 34 49 21 22 41 
student 65: 32 44 43 42 34 5 9 49 39 45 11 27 46 41 14 38 33 3 19 12 13 29 30 15 17 35 7 18 21 6 24 1 25 26 28 8 4 10 31 40 50 20 2 48 16 36 47 22 23 37 
student 66: 34 49 43 44 33 5 9 46 40 41 11 22 45 42 18 39 30 3 16 14 15 29 31 13 20 35 10 21 17 8 25 1 26 28 27 6 2 7 32 36 50 24 4 48 12 38 47 23 19 37 
student 67: 34 43 47 41 30 6 11 49 40 42 9 22 44 46 16 36 37 4 17 14 13 31 29 12 18 35 8 20 21 5 26 2 25 28 27 7 3 10 32 38 50 24 1 48 15 33 45 19 23 39 
student 68: 31 47 43 42 35 3 8 49 34 40 12 22 45 44 20 37 38 6 13 11 17 29 27 15 16 36 9 18 19 5 23 4 26 30 28 7 2 10 32 41 50 24 1 48 14 33 46 21 25 39 
student 69: 37 47 45 40 32 4 8 50 36 42 11 23 43 46 20 39 34 5 14 10 15 30 29 13 17 31 9 18 19 6 26 2 28 27 25 7 3 12 33 38 49 24 1 44 16 35 48 21 22 41 
student 70: 32 49 43 41 33 10 14 48 39 42 8 22 45 44 17 37 34 4 19 11 13 31 27 12 18 35 7 16 21 5 24 2 25 26 30 6 3 9 28 40 50 29 1 46 15 36 47 20 23 38 
student 71: 32 48 43 42 31 5 7 49 39 41 15 21 46 44 12 36 35 4 19 11 17 29 30 16 14 34 10 13 23 8 22 2 25 27 28 6 3 9 33 40 50 24 1 45 18 37 47 20 26 38 
student 72: 31 47 46 42 33 5 10 49 39 40 15 21 43 44 13 41 34 3 18 11 16 28 27 14 17 36 7 19 22 6 29 2 24 26 30 8 4 9 32 37 50 25 1 45 12 35 48 20 23 38 
student 73: 33 50 45 41 31 8 10 49 40 42 9 25 43 44 15 37 34 3 18 13 16 32 28 12 17 35 11 20 19 6 24 1 26 27 30 4 5 7 29 39 47 22 2 48 14 36 46 21 23 38 
student 74: 32 49 43 39 34 7 12 47 37 42 11 25 46 44 16 38 35 5 19 10 14 31 30 13 17 36 9 21 22 6 26 3 29 28 24 8 4 2 27 40 50 23 1 48 15 33 45 18 20 41 
student 75: 33 49 42 43 34 6 10 48 40 41 7 22 46 44 15 36 35 5 16 13 14 30 29 12 20 32 9 18 17 3 24 2 27 26 28 8 4 11 31 38 50 25 1 47 19 37 45 21 23 39 
student 76: 32 46 43 40 30 5 8 48 41 42 14 22 44 49 15 37 35 3 17 12 18 29 31 11 16 36 6 19 21 9 25 4 23 26 28 7 2 10 33 38 50 27 1 47 13 34 45 20 24 39 
student 77: 33 50 45 42 32 7 14 47 40 41 13 22 46 43 16 37 34 4 18 12 15 30 29 10 17 35 9 21 19 5 25 3 27 26 28 6 2 8 31 38 48 24 1 44 11 36 49 23 20 39 
student 78: 31 45 46 41 34 4 11 48 38 42 13 22 44 43 17 37 33 5 16 12 8 28 30 15 18 35 9 19 20 6 25 2 26 27 29 7 3 10 32 39 50 21 1 49 14 36 47 24 23 40 
student 79: 33 49 43 41 32 4 11 47 40 44 12 21 45 42 16 34 35 5 17 8 14 30 28 13 22 38 9 20 18 7 27 3 26 29 25 6 1 10 31 37 50 24 2 46 15 39 48 19 23 36 
student 80: 33 50 45 44 32 6 10 49 42 39 11 25 43 41 14 38 36 4 18 12 15 27 29 13 17 34 8 22 23 7 24 1 26 30 28 5 3 9 31 40 48 21 2 46 16 37 47 19 20 35 
student 81: 32 50 43 41 34 7 10 49 40 45 8 18 44 42 14 37 36 5 17 16 15 28 30 11 19 33 6 21 20 4 24 3 29 26 27 9 2 12 31 39 48 23 1 47 13 35 46 25 22 38 
student 82: 33 48 42 43 32 5 10 44 40 41 13 22 46 45 17 38 37 3 18 12 11 31 28 14 16 34 7 20 21 9 26 4 25 27 29 6 2 8 30 36 50 24 1 47 15 35 49 19 23 39 
student 83: 33 48 44 41 31 3 10 50 40 43 11 21 42 45 16 36 35 8 17 13 12 29 30 15 18 34 7 19 20 5 24 2 25 27 28 4 6 9 32 38 49 26 1 46 14 37 47 23 22 39 
student 84: 34 48 44 40 31 7 12 49 39 45 8 25 46 41 15 42 29 6 18 11 14 30 32 13 17 36 10 21 19 3 22 1 26 27 28 5 4 9 33 35 50 24 2 43 20 38 47 23 16 37 
student 85: 34 49 44 41 33 7 12 48 40 42 10 19 45 43 16 38 31 4 24 11 13 30 28 14 17 36 9 20 18 6 25 1 27 29 26 3 5 8 32 37 50 22 2 47 15 35 46 21 23 39 
student 86: 37 49 43 38 33 5 12 48 41 42 10 23 46 44 14 36 34 6 17 11 16 30 29 13 18 35 7 19 20 2 22 4 26 28 27 8 3 9 31 39 50 25 1 47 15 32 45 21 24 40 
student 87: 33 49 43 38 32 6 11 48 42 44 9 22 46 39 18 35 34 3 16 13 12 31 28 15 19 37 8 20 17 5 25 1 30 23 27 7 2 4 29 41 50 26 10 47 14 40 45 21 24 36 
student 88: 33 50 38 40 29 5 11 49 45 47 10 23 42 43 15 35 34 2 18 14 12 32 30 13 17 37 8 16 22 6 26 3 25 27 28 7 4 9 31 39 46 21 1 48 20 36 44 19 24 41 
student 89: 33 48 44 41 34 5 11 49 42 38 10 18 46 43 17 36 32 4 19 13 16 29 30 15 12 35 8 23 20 6 25 1 22 28 26 7 3 9 31 39 50 27 2 47 14 37 45 24 21 40 
student 90: 31 50 46 39 33 5 9 48 42 43 10 25 45 40 13 36 34 4 18 11 15 28 32 14 17 35 12 19 21 6 26 2 23 30 27 8 3 7 29 38 49 24 1 47 16 37 44 20 22 41 
student 91: 34 49 44 41 33 6 11 48 39 42 9 18 43 45 17 36 37 4 19 13 12 29 28 14 16 35 10 20 22 5 24 2 26 30 27 8 3 7 32 38 50 23 1 47 15 31 46 21 25 40 
student 92: 33 49 43 46 32 4 10 48 41 40 11 20 44 45 17 38 34 5 18 13 12 31 29 14 16 35 8 19 21 6 25 3 27 28 26 7 2 9 30 37 50 24 1 47 15 36 42 22 23 39 
student 93: 33 48 43 42 30 5 9 46 40 41 10 22 44 45 20 37 34 4 14 11 13 31 29 15 17 35 12 16 19 7 23 2 27 25 28 6 3 8 32 38 49 24 1 47 18 36 50 21 26 39 
student 94: 34 47 41 44 32 6 10 49 40 38 9 22 45 43 17 36 33 5 15 11 13 30 28 14 18 39 7 19 21 3 25 2 26 29 27 12 1 8 31 37 50 23 4 48 16 42 46 20 24 35 
student 95: 35 49 44 42 31 5 10 45 40 41 11 22 46 43 16 37 33 4 19 12 14 30 29 13 18 34 9 21 17 6 26 2 24 27 28 7 3 8 32 39 50 25 1 48 15 36 47 20 23 38 
student 96: 31 48 44 40 30 4 10 45 38 42 11 21 49 43 17 36 33 2 16 12 14 32 29 13 18 35 6 20 19 8 24 1 27 28 25 5 7 9 34 39 47 23 3 50 15 37 46 26 22 41 
student 97: 32 48 45 38 33 5 12 50 42 39 13 22 44 43 16 40 34 4 18 9 15 29 30 11 17 35 10 20 19 6 23 2 26 28 25 7 3 8 31 37 49 24 1 47 14 36 46 21 27 41 
student 98: 30 49 40 47 28 5 10 48 39 42 11 24 43 45 17 41 37 1 18 12 16 29 32 14 15 34 7 19 20 6 23 3 26 31 27 8 4 9 33 35 50 22 2 44 13 36 46 21 25 38 
student 99: 32 49 44 39 31 7 12 48 43 40 9 20 45 41 15 42 34 4 19 11 14 28 33 13 16 35 8 23 18 5 27 1 25 29 26 6 3 10 30 36 50 24 2 46 17 37 47 21 22 38 
student 100: 32 48 46 39 31 5 10 49 41 38 12 24 47 43 14 40 34 7 18 1 15 29 30 13 16 35 11 22 19 8 25 4 26 28 27 6 3 9 33 42 50 23 2 45 17 36 44 21 20 37 
student 101: 32 50 41 39 31 7 12 48 43 42 10 21 45 44 17 40 36 2 19 14 15 30 33 13 11 34 8 18 23 4 28 1 29 26 22 5 6 9 25 35 49 27 3 47 16 38 46 20 24 37 
student 102: 33 49 44 40 32 5 10 48 43 41 12 24 46 42 17 38 34 3 19 11 14 30 29 13 18 37 6 15 20 8 25 4 26 28 27 7 2 9 31 36 50 23 1 47 16 35 45 21 22 39 
student 103: 32 50 46 42 33 3 11 47 39 43 12 23 45 44 16 37 34 6 20 10 15 28 25 17 14 35 8 19 21 1 27 4 22 31 26 7 5 9 29 40 49 30 2 48 13 36 41 18 24 38 
student 104: 35 49 41 40 32 4 12 48 42 43 9 22 44 45 17 38 33 5 18 14 13 29 28 11 15 34 7 20 19 6 26 1 27 31 25 8 3 10 30 37 50 24 2 46 16 36 47 21 23 39 
student 105: 32 50 43 37 30 6 11 48 39 46 9 18 45 42 17 36 34 5 15 12 13 28 29 14 19 40 8 22 20 7 31 4 24 27 26 1 2 10 33 38 49 23 3 47 16 35 44 25 21 41 
student 106: 34 48 44 41 31 5 8 50 39 42 10 22 45 43 15 37 35 3 18 11 14 30 29 12 17 32 9 23 20 7 25 2 27 28 26 6 4 13 33 38 49 21 1 46 16 36 47 19 24 40 
student 107: 32 49 44 40 34 4 10 47 38 43 11 22 45 42 17 39 33 5 18 12 13 31 29 14 15 35 8 19 20 6 27 1 24 28 26 7 2 9 30 36 50 25 3 46 16 37 48 21 23 41 
student 108: 33 49 41 42 32 5 11 48 40 43 14 21 45 44 16 37 34 6 18 13 12 29 31 8 17 35 10 19 22 2 25 3 24 26 28 9 4 7 30 38 50 27 1 47 15 36 46 20 23 39 
student 109: 32 47 44 42 33 5 12 50 40 41 14 24 45 43 18 36 30 2 19 7 15 34 29 13 16 35 9 21 17 8 26 1 23 27 25 6 4 11 31 38 49 28 3 48 10 37 46 20 22 39 
student 110: 33 47 46 40 30 8 11 49 38 41 12 21 42 45 17 35 34 3 22 15 13 29 28 7 16 37 6 18 20 5 27 2 26 31 25 9 4 10 32 39 50 24 1 48 14 36 43 19 23 44 
student 111: 33 45 43 41 34 7 10 50 39 42 12 24 46 44 13 36 32 3 20 11 15 31 30 14 16 38 8 18 19 6 26 1 25 28 27 5 4 9 29 40 49 23 2 48 17 37 47 21 22 35 
student 112: 32 49 44 41 33 3 11 46 40 43 12 20 48 42 16 39 34 6 19 9 13 30 29 14 17 35 8 18 22 5 24 1 27 25 28 7 2 10 31 36 50 26 4 45 15 38 47 23 21 37 
student 113: 33 48 44 40 32 6 9 49 41 42 7 24 45 43 16 37 34 4 20 12 15 31 28 13 17 35 10 21 19 5 23 2 26 29 27 8 3 11 30 38 50 25 1 47 14 36 46 18 22 39 
student 114: 39 50 44 40 31 9 8 48 42 41 11 21 45 43 15 34 33 2 18 12 14 30 28 13 17 35 5 20 22 6 24 3 27 26 29 7 4 10 32 36 49 25 1 47 16 37 46 19 23 38 
student 115: 34 49 46 41 32 6 11 48 42 43 12 20 45 40 17 38 33 3 15 14 16 30 27 13 18 35 8 19 21 5 23 4 25 28 29 7 1 9 31 39 50 26 2 47 10 37 44 24 22 36 
student 116: 33 50 47 41 32 5 7 48 36 42 10 22 44 43 15 39 35 4 18 14 13 30 29 12 17 34 8 20 19 6 27 2 26 25 28 9 3 11 31 37 45 24 1 46 16 38 49 21 23 40 
student 117: 34 50 43 39 32 6 5 46 38 44 9 21 45 42 16 37 33 2 18 12 15 28 30 13 17 35 8 20 19 10 25 3 27 29 26 7 4 11 31 40 47 23 1 48 14 36 49 22 24 41 
student 118: 33 48 39 43 32 6 8 50 41 42 12 22 45 46 15 35 34 4 17 11 13 30 27 10 18 36 7 19 21 5 25 1 26 29 28 9 3 14 31 38 49 23 2 47 16 37 44 20 24 40 
student 119: 33 50 44 43 32 6 9 48 40 42 8 21 45 41 18 37 34 4 20 11 13 31 29 14 19 35 10 15 17 5 23 1 26 28 25 7 2 12 30 38 49 27 3 46 16 36 47 22 24 39 
student 120: 36 48 39 44 32 5 13 50 43 41 11 23 42 45 20 34 31 4 19 10 12 30 28 14 16 35 8 17 22 6 24 2 27 29 26 7 3 9 33 40 49 25 1 47 15 38 46 18 21 37 
student 121: 32 48 46 42 31 9 12 45 40 37 10 22 44 43 15 34 35 4 18 13 16 30 29 11 17 38 5 19 20 6 25 3 26 28 27 8 2 7 33 39 50 24 1 49 14 36 47 21 23 41 
student 122: 32 49 43 41 34 6 10 48 40 42 8 22 44 45 18 36 35 5 16 11 15 30 27 14 20 31 9 17 21 12 24 3 28 26 29 7 1 2 33 38 50 25 4 47 13 37 46 19 23 39 
student 123: 35 50 43 38 34 6 13 47 41 42 10 25 44 45 16 37 29 4 18 9 15 30 32 11 17 33 12 19 20 5 23 2 26 27 28 7 3 8 31 39 48 22 1 46 14 36 49 21 24 40 
student 124: 33 48 44 40 32 5 7 46 41 42 9 21 45 47 17 37 35 2 18 13 14 30 29 12 23 34 10 19 20 8 22 1 26 28 27 6 4 11 31 38 50 25 3 43 15 36 49 16 24 39 
student 125: 36 45 44 40 33 5 10 49 41 42 12 21 46 43 19 37 30 4 18 11 15 31 29 13 14 34 8 17 20 6 25 2 26 27 28 7 3 9 32 38 50 22 1 47 16 35 48 23 24 39 
student 126: 31 50 45 42 33 6 9 47 40 41 11 22 46 43 16 37 34 4 18 12 14 30 29 13 17 35 10 20 19 5 24 2 27 28 26 8 3 7 32 38 44 25 1 49 15 36 48 21 23 39 
student 127: 31 49 46 44 36 5 9 47 39 43 11 22 42 41 15 37 32 4 20 10 14 29 30 13 17 34 7 18 19 6 25 3 26 27 28 12 2 8 33 40 50 24 1 48 16 35 45 21 23 38 
student 128: 32 48 43 42 29 4 8 47 39 45 16 20 44 41 18 38 35 5 17 10 13 27 31 12 15 34 6 19 21 7 22 3 30 24 23 9 2 11 33 36 50 26 1 49 14 37 46 25 28 40 
student 129: 33 50 46 43 30 3 9 45 39 40 11 27 44 42 14 37 34 1 17 12 15 31 28 13 16 36 8 20 21 4 23 7 26 29 25 5 6 10 32 41 49 22 2 48 18 35 47 19 24 38 
student 130: 32 47 46 42 33 7 8 49 39 43 14 23 45 41 17 38 34 6 18 11 16 28 27 12 15 35 9 21 19 3 25 4 29 30 26 5 1 10 31 37 50 24 2 48 13 36 44 22 20 40 
student 131: 33 48 45 44 32 5 7 50 41 39 13 22 42 43 15 40 29 3 16 12 18 31 30 11 17 35 9 20 19 6 24 2 27 28 25 8 1 10 37 36 49 23 4 47 14 34 46 21 26 38 
student 132: 32 48 46 44 29 3 13 43 40 41 15 23 47 42 16 36 35 7 19 9 14 27 26 12 17 38 11 18 20 5 28 2 24 30 31 6 4 8 33 37 50 21 1 45 10 34 49 22 25 39 
student 133: 33 48 42 43 32 5 11 44 39 40 10 19 46 45 23 36 37 2 17 12 16 30 29 13 15 34 8 18 21 7 25 4 26 28 27 9 3 6 31 38 50 24 1 47 14 35 49 22 20 41 
student 134: 36 47 42 39 31 5 12 49 43 45 10 24 44 41 16 38 33 4 21 11 14 30 29 13 17 34 7 18 22 6 28 1 25 27 26 8 3 9 32 40 50 23 2 48 15 35 46 20 19 37 
student 135: 31 49 44 41 32 5 8 48 40 43 11 20 45 42 16 37 33 4 19 12 15 35 28 13 17 34 10 18 22 6 27 2 26 25 30 9 3 7 29 38 50 21 1 47 14 36 46 23 24 39 
student 136: 35 49 44 43 32 4 10 48 41 42 12 21 45 40 13 37 34 5 16 11 15 31 30 14 18 33 9 19 20 6 24 3 25 28 27 7 2 8 29 38 50 23 1 46 17 36 47 26 22 39 
student 137: 36 44 43 46 32 6 10 50 41 38 12 21 45 42 18 34 35 3 19 11 16 28 29 14 17 33 9 15 20 7 27 4 23 30 25 5 2 8 31 39 48 26 1 49 13 37 47 22 24 40 
student 138: 33 49 47 41 32 6 10 48 40 42 11 22 44 43 17 37 35 5 19 15 14 31 30 12 13 34 4 18 21 8 24 2 26 28 27 9 3 7 29 38 50 25 1 45 16 36 46 20 23 39 
student 139: 33 48 41 43 34 5 10 49 37 42 12 21 45 44 17 39 35 4 18 13 14 31 30 11 16 32 9 19 20 6 25 2 27 28 26 7 3 8 29 38 50 24 1 47 15 36 46 22 23 40 
student 140: 34 49 46 39 32 6 10 48 41 42 11 22 45 43 15 35 33 5 18 12 17 30 31 14 13 36 9 19 21 4 26 1 25 28 27 7 3 8 29 38 47 23 2 44 16 37 50 20 24 40 
student 141: 36 50 45 41 35 7 11 48 38 42 14 22 47 43 10 34 30 4 20 9 15 31 28 12 17 32 8 19 18 5 21 2 26 29 27 6 3 13 33 39 49 23 1 44 16 37 46 24 25 40 
student 142: 32 48 43 42 33 3 9 49 39 40 12 21 45 44 17 37 34 4 14 11 15 29 27 16 13 35 10 18 19 7 24 1 26 28 31 6 5 8 30 41 50 25 2 46 20 36 47 23 22 38 
student 143: 29 49 45 42 32 6 10 47 40 41 12 28 48 43 15 36 39 4 17 11 14 26 27 16 18 34 7 21 20 5 24 2 25 31 30 9 3 8 33 37 50 19 1 46 13 35 44 22 23 38 
student 144: 31 49 47 42 34 5 12 45 40 41 10 23 43 44 15 36 35 7 16 11 14 32 29 13 18 37 6 20 19 4 26 3 30 28 25 8 2 9 27 38 50 24 1 48 17 33 46 21 22 39 
student 145: 32 49 44 40 30 6 9 48 41 42 12 22 45 43 17 38 33 1 20 10 16 31 28 15 13 35 11 19 18 5 26 4 27 25 29 8 3 7 34 37 50 24 2 47 14 39 46 21 23 36 
student 146: 34 50 44 41 32 7 5 48 40 42 12 24 45 43 19 36 35 2 18 10 15 29 31 14 21 33 8 13 20 9 23 6 26 28 27 4 1 11 30 39 49 17 3 47 16 38 46 22 25 37 
student 147: 31 48 44 43 34 6 5 49 40 41 8 24 45 42 16 38 32 4 19 15 13 29 33 12 17 36 7 18 20 9 25 2 26 28 27 10 3 11 30 39 50 22 1 46 14 35 47 23 21 37 
student 148: 33 45 48 40 31 4 11 49 42 46 8 22 43 41 14 36 39 3 15 10 17 28 29 13 16 34 9 19 21 5 25 6 26 30 27 7 1 12 32 37 47 24 2 50 18 35 44 20 23 38 
student 149: 32 48 45 41 33 6 10 50 40 42 13 23 44 43 15 35 36 4 18 12 14 31 27 11 16 34 8 19 21 5 25 2 26 29 28 7 3 9 30 38 49 24 1 47 17 37 46 22 20 39 
student 150: 34 49 43 42 32 8 10 45 40 41 11 22 46 44 12 38 36 2 19 14 18 28 30 15 16 33 5 20 17 6 24 1 25 29 27 9 4 7 31 37 50 26 3 47 13 35 48 21 23 39 
student 151: 27 50 47 44 32 6 10 46 41 40 8 22 43 42 16 37 35 7 17 12 14 30 29 13 19 33 11 18 20 5 26 1 28 31 25 4 3 9 36 38 49 24 2 45 15 34 48 21 23 39 
student 152: 33 49 43 42 32 5 11 47 41 39 12 18 46 44 15 36 34 4 22 10 14 31 28 13 17 35 6 19 20 7 23 1 26 27 29 8 3 9 30 38 50 25 2 48 16 37 45 21 24 40 
student 153: 33 48 45 42 32 6 9 49 39 41 11 22 44 43 15 37 35 5 17 12 16 29 31 14 18 34 7 19 21 2 24 3 26 28 27 8 4 10 30 40 50 25 1 47 13 38 46 20 23 36 
student 154: 32 48 41 40 35 5 12 49 37 42 13 21 45 44 15 34 33 3 18 10 11 27 30 14 20 36 7 16 22 6 25 4 26 28 29 8 1 9 31 43 50 24 2 47 17 38 46 19 23 39 
student 155: 34 46 49 41 32 10 7 47 40 45 8 24 43 42 16 39 33 1 19 15 14 28 31 12 17 35 6 18 20 5 22 3 26 30 27 9 4 13 29 37 50 25 2 48 11 36 44 23 21 38 
student 156: 33 48 45 40 38 6 10 46 39 41 11 22 47 43 14 36 34 5 18 12 15 28 30 17 13 32 4 19 21 7 24 3 29 27 26 8 2 9 31 37 50 20 1 49 16 35 44 25 23 42 
student 157: 34 49 43 40 32 8 10 46 42 41 12 22 45 44 16 38 35 4 17 5 14 29 27 13 18 36 6 19 20 9 24 1 30 28 25 11 2 7 31 37 50 26 3 48 15 33 47 21 23 39 
student 158: 33 48 44 42 32 6 12 47 40 41 11 25 45 43 16 39 34 5 20 10 15 29 31 13 17 36 4 18 19 7 24 1 27 26 28 8 3 9 30 37 50 22 2 46 14 35 49 21 23 38 
student 159: 33 46 43 38 32 7 9 48 40 42 15 23 45 44 17 39 34 5 20 10 14 30 31 13 16 35 8 21 18 6 26 3 25 28 27 4 2 11 29 37 49 24 1 47 12 36 50 19 22 41 
student 160: 33 49 45 42 32 6 10 48 38 39 11 21 46 43 17 35 34 5 20 13 12 30 29 15 16 37 8 18 22 3 24 2 27 26 28 7 4 9 31 40 50 23 1 44 14 36 47 19 25 41 
student 161: 34 50 43 42 32 8 9 49 41 40 11 22 48 44 17 36 39 5 19 13 15 28 29 14 16 35 10 18 21 4 26 3 30 27 25 7 1 6 31 38 47 23 2 46 12 33 45 20 24 37 
student 162: 28 49 46 42 34 8 10 48 43 41 11 24 38 44 16 37 33 2 19 12 15 32 31 13 17 35 4 18 20 6 23 1 26 29 30 7 5 9 27 40 50 25 3 47 14 36 45 22 21 39 
student 163: 33 48 44 42 30 6 11 47 41 39 10 19 45 43 21 36 34 4 20 12 14 31 28 13 15 35 7 17 18 8 27 1 26 29 25 5 2 9 32 38 49 24 3 50 16 37 46 23 22 40 
student 164: 31 48 45 41 32 5 10 49 39 42 11 22 46 44 14 40 34 4 18 12 13 30 28 15 17 36 7 19 21 6 25 2 29 26 24 8 3 9 33 38 50 27 1 47 16 35 43 20 23 37 
student 165: 32 48 46 37 31 6 11 45 40 42 10 24 47 43 17 38 34 3 13 12 16 30 29 14 18 35 7 19 20 4 25 5 27 26 28 8 2 9 33 39 49 23 1 50 15 36 44 21 22 41 
student 166: 34 49 44 43 32 8 10 47 37 41 11 22 45 42 17 38 35 4 18 12 14 30 27 13 16 33 6 19 20 7 24 2 26 28 29 5 3 9 31 39 50 23 1 46 15 36 48 21 25 40 
student 167: 32 50 44 39 31 8 11 47 42 40 10 21 45 43 17 41 34 7 15 12 14 33 28 13 20 35 9 16 19 4 26 2 24 27 29 6 3 5 30 37 48 23 1 46 18 38 49 25 22 36 
student 168: 32 50 44 43 35 6 10 49 40 41 12 23 45 42 16 36 34 5 18 11 15 31 30 13 17 33 8 19 20 1 21 3 26 27 28 7 4 9 29 38 47 25 2 48 14 37 46 22 24 39 
student 169: 34 47 42 41 31 6 9 49 40 43 10 20 46 48 16 32 35 4 17 12 13 29 27 14 18 38 8 19 25 3 28 2 24 23 30 7 5 11 33 37 50 26 1 45 15 36 44 22 21 39 
student 170: 33 49 46 42 29 4 11 48 40 41 8 25 44 43 15 38 34 6 17 9 16 31 30 12 18 36 7 20 21 5 23 2 27 26 28 10 3 14 32 37 50 24 1 45 13 35 47 19 22 39 
student 171: 33 50 44 41 30 2 11 45 40 43 10 24 46 42 20 38 34 4 18 13 12 29 28 15 17 35 7 22 16 5 25 3 19 32 26 8 6 9 31 37 49 27 1 47 14 36 48 21 23 39 
student 172: 30 46 45 40 33 5 10 49 38 43 12 22 44 42 15 34 35 3 17 11 19 29 31 14 13 36 9 20 18 6 28 1 25 26 27 7 2 8 32 37 50 24 4 48 16 39 47 21 23 41 
student 173: 34 48 44 40 31 5 8 49 41 42 11 23 45 43 16 39 36 3 17 12 14 32 29 13 19 33 9 21 18 7 26 2 22 30 27 6 4 10 28 37 50 25 1 46 15 35 47 20 24 38 
student 174: 32 48 44 35 33 5 11 47 40 42 12 22 45 43 17 36 34 4 15 10 14 31 29 13 21 38 8 18 19 6 25 1 24 27 28 7 3 9 30 39 49 26 2 50 16 37 46 20 23 41 
student 175: 32 49 46 42 33 1 13 47 40 43 9 21 44 41 17 34 35 4 18 12 11 30 31 15 16 36 10 20 24 6 22 5 27 28 26 7 2 8 29 39 50 25 3 48 14 37 45 19 23 38 
student 176: 34 48 41 37 33 5 13 49 42 43 11 27 44 45 17 36 32 4 16 10 15 30 31 12 19 35 8 18 21 6 25 2 26 28 24 9 3 7 29 40 50 22 1 47 14 38 46 20 23 39 
student 177: 35 48 45 41 31 6 11 49 40 43 15 20 47 42 14 38 33 4 19 10 12 29 30 13 16 37 8 17 21 7 25 2 27 28 26 5 3 9 32 34 50 24 1 46 18 36 44 22 23 39 
student 178: 33 48 42 41 34 5 10 50 39 45 11 22 44 43 14 36 35 4 18 12 13 30 27 16 17 32 9 19 20 6 25 3 26 29 28 8 2 7 31 37 49 23 1 47 15 40 46 21 24 38 
student 179: 34 48 44 39 32 5 13 49 40 42 10 22 45 43 15 38 37 7 19 11 12 30 27 16 18 33 9 17 23 4 26 2 28 25 29 8 3 6 31 35 50 21 1 46 14 36 47 20 24 41 
student 180: 34 49 45 41 32 4 8 47 40 42 11 21 43 44 14 35 33 3 17 13 12 30 29 16 19 36 9 22 20 5 24 1 26 28 27 7 2 10 31 39 50 25 6 46 15 37 48 18 23 38 
student 181: 33 50 44 41 32 4 12 45 37 43 14 22 46 47 17 36 34 1 19 8 15 31 29 11 26 35 9 16 20 5 28 3 24 25 23 6 7 10 30 38 48 27 2 49 13 39 40 18 21 42 
student 182: 33 49 45 40 32 7 10 47 41 46 12 21 44 42 14 37 35 6 19 11 13 31 28 15 18 34 9 17 20 2 23 1 26 29 27 4 5 8 30 38 50 25 3 48 16 36 43 22 24 39 
student 183: 32 47 44 39 34 7 11 50 41 42 10 20 45 43 12 40 36 5 19 13 15 28 30 14 16 35 8 22 23 4 26 2 27 29 25 6 3 9 31 33 48 21 1 49 17 38 46 18 24 37 
student 184: 33 49 44 40 32 5 12 48 39 43 10 21 45 42 18 35 37 3 17 11 14 29 30 13 16 34 9 19 20 6 27 4 25 26 28 8 2 7 31 41 50 24 1 46 15 36 47 22 23 38 
student 185: 32 50 41 39 33 4 8 47 38 43 9 22 45 44 17 36 35 5 19 11 13 30 31 15 16 37 7 21 18 6 24 2 26 28 27 10 3 14 29 40 49 25 1 48 12 34 46 20 23 42 
student 186: 30 50 43 39 34 5 10 47 42 41 13 24 45 44 14 37 33 3 18 11 15 32 28 12 17 35 8 21 19 7 26 1 31 27 23 6 4 9 29 38 49 22 2 46 16 36 48 20 25 40 
student 187: 32 48 44 40 29 5 8 49 39 43 11 19 45 41 16 36 34 2 13 12 15 33 26 14 18 35 10 21 20 6 25 1 28 27 31 7 4 9 30 37 50 24 3 46 17 38 47 22 23 42 
student 188: 32 49 45 47 31 3 14 48 37 40 12 22 42 41 17 36 35 7 16 11 13 30 33 10 18 34 6 19 24 4 23 2 25 28 27 8 1 9 29 38 50 26 5 44 15 39 46 20 21 43 
student 189: 30 47 48 38 34 5 11 49 42 41 10 22 46 43 15 35 33 2 20 12 16 31 29 13 17 36 8 18 19 6 25 1 26 28 27 7 4 9 32 40 50 24 3 45 14 37 44 21 23 39 
student 190: 33 48 44 38 35 4 9 47 40 42 11 22 45 43 15 39 31 5 21 16 14 26 29 12 19 37 8 20 18 7 24 2 27 30 28 6 3 10 32 34 49 23 1 50 17 36 46 13 25 41 
student 191: 35 47 43 44 34 6 10 50 40 42 12 22 45 41 16 37 33 5 18 13 14 30 29 11 17 32 8 19 21 3 26 1 24 27 28 7 4 9 31 38 49 25 2 48 15 36 46 20 23 39 
student 192: 33 48 43 46 32 6 9 47 41 42 11 22 40 45 16 37 34 5 18 8 13 30 29 12 17 35 10 21 19 4 27 1 25 26 28 7 3 15 31 38 49 24 2 44 14 36 50 20 23 39 
student 193: 36 47 43 40 31 7 10 46 42 44 12 21 49 41 15 39 34 4 19 13 16 29 32 11 17 33 8 18 20 6 28 2 24 27 25 9 3 5 30 35 50 26 1 48 14 37 45 22 23 38 
student 194: 33 47 45 42 32 2 9 48 39 43 12 21 44 40 11 37 34 3 19 10 16 27 29 15 18 35 14 17 20 6 25 4 26 31 28 5 7 8 30 38 50 23 1 49 13 36 46 22 24 41 
student 195: 32 50 44 38 31 6 9 49 40 41 13 18 45 43 16 36 33 5 20 11 14 30 28 12 19 37 4 17 21 7 24 3 26 29 23 8 1 10 34 39 46 27 2 47 15 35 48 25 22 42 
student 196: 33 48 44 42 32 6 9 49 41 40 10 24 45 43 16 35 34 5 19 12 14 23 30 13 18 36 8 17 21 4 26 2 27 29 28 11 3 7 31 38 50 25 1 47 15 37 46 20 22 39 
student 197: 32 48 42 41 36 1 9 50 39 43 12 21 45 44 16 33 35 4 20 14 17 30 29 11 13 38 10 25 19 7 23 3 26 28 27 8 5 6 31 37 49 24 2 46 15 34 47 18 22 40 
student 198: 30 49 46 37 29 6 10 47 42 41 12 21 44 43 18 39 33 3 16 11 14 32 31 13 20 35 9 17 19 5 26 2 24 28 27 7 4 8 34 40 50 25 1 45 15 36 48 22 23 38 
student 199: 34 49 45 41 32 7 10 50 36 44 12 22 43 42 17 37 33 3 14 11 13 30 31 15 18 38 8 20 19 6 27 5 25 29 26 4 2 9 28 39 48 23 1 47 16 35 46 21 24 40 
student 200: 33 49 44 39 32 6 7 47 48 42 10 19 43 41 16 38 34 4 20 13 12 30 28 15 18 35 11 21 17 8 23 1 29 26 27 9 3 5 31 40 50 24 2 45 14 36 46 22 25 37 
student 201: 32 50 46 42 33 5 10 47 39 40 11 23 44 43 14 36 34 3 18 13 12 29 27 15 17 35 8 19 20 6 25 1 24 28 31 7 4 9 30 37 48 22 2 49 16 38 45 21 26 41 
student 202: 31 47 46 39 34 6 10 49 41 42 11 22 43 44 16 38 37 2 17 12 14 29 28 13 18 35 9 21 20 7 23 3 27 30 26 5 4 8 33 36 50 25 1 48 15 32 45 19 24 40 
student 203: 37 46 45 42 34 5 10 50 40 43 11 22 44 41 15 38 30 1 19 14 9 27 25 13 17 32 8 18 20 6 26 3 24 31 29 7 4 12 33 36 49 23 2 48 16 35 47 21 28 39 
student 204: 32 49 46 41 33 6 5 43 40 42 10 22 47 44 16 34 35 4 18 12 13 31 29 14 17 36 9 19 20 8 24 2 26 25 30 7 1 11 28 39 50 23 3 48 15 37 45 21 27 38 
student 205: 39 50 42 40 31 6 9 48 44 43 12 22 45 41 16 38 33 4 18 11 13 28 29 14 17 34 10 19 20 7 27 2 24 30 26 8 3 5 32 37 46 25 1 49 15 35 47 23 21 36 
student 206: 31 49 44 42 34 3 10 46 41 39 11 22 45 40 15 37 35 5 18 12 13 30 28 14 17 36 8 19 21 6 27 4 24 29 26 7 1 9 32 43 50 25 2 48 16 33 47 20 23 38 
student 207: 31 48 44 41 35 4 10 47 32 45 15 21 43 42 16 38 34 6 19 12 11 29 28 14 18 33 9 20 17 7 24 2 27 30 26 8 3 5 36 39 50 25 1 49 13 37 46 23 22 40 
student 208: 33 49 44 40 32 5 7 48 41 42 11 23 46 45 15 39 34 4 18 12 14 30 28 13 17 36 8 19 20 6 26 1 27 25 29 10 3 9 31 35 50 24 2 43 16 38 47 21 22 37 
student 209: 32 48 42 43 35 9 11 44 40 47 7 21 45 41 16 38 33 5 18 14 15 31 30 13 17 34 10 19 20 6 24 1 27 26 28 4 3 12 29 37 49 25 2 50 8 36 46 22 23 39 
student 210: 34 48 44 43 32 5 11 49 39 40 14 24 45 41 18 37 33 3 20 12 13 29 28 9 16 35 10 17 19 4 26 2 25 31 27 8 6 7 30 38 50 23 1 46 15 36 47 21 22 42 
student 211: 33 49 44 42 32 6 8 48 37 45 11 21 40 43 18 36 35 2 16 13 17 29 30 12 15 34 9 20 24 5 25 4 27 28 26 7 3 10 31 39 50 23 1 46 14 38 47 19 22 41 
student 212: 33 48 43 41 32 4 7 44 40 42 12 23 45 46 17 37 34 6 20 13 10 29 30 14 16 36 9 18 19 5 25 3 26 28 27 8 2 11 31 39 49 24 1 50 15 35 47 21 22 38 
student 213: 29 49 45 44 33 4 10 48 42 38 11 20 47 41 16 35 34 3 17 12 14 31 28 13 18 37 8 21 22 6 27 5 26 30 25 9 2 7 32 40 50 24 1 46 15 36 43 19 23 39 
student 214: 34 50 45 40 32 5 7 49 42 39 12 19 44 43 15 41 33 4 18 11 13 31 30 14 16 35 9 20 21 8 25 2 26 27 28 6 3 10 29 37 47 23 1 48 17 36 46 22 24 38 
student 215: 32 49 46 41 30 5 8 48 39 42 11 20 47 44 17 37 35 4 21 12 14 31 29 15 16 36 7 18 19 6 28 2 25 27 26 9 3 10 33 38 50 23 1 43 13 34 45 24 22 40 
student 216: 31 47 46 42 30 4 11 44 41 43 7 22 49 40 18 39 32 5 15 12 17 28 33 13 16 34 8 19 20 6 23 1 26 29 27 9 3 10 35 37 48 24 2 50 14 36 45 21 25 38 
student 217: 31 50 43 41 34 4 11 48 40 42 10 22 45 44 16 37 35 1 17 13 14 32 29 12 18 36 8 19 21 6 25 3 26 28 27 7 5 9 30 39 49 24 2 47 15 33 46 20 23 38 
student 218: 33 49 47 41 32 5 11 48 40 42 12 23 43 44 16 38 36 4 20 14 9 29 28 13 19 34 7 17 18 6 21 2 26 27 30 8 3 10 31 39 50 25 1 46 15 35 45 22 24 37 
student 219: 33 49 46 37 34 5 9 47 41 43 11 23 48 42 17 39 35 4 15 13 14 28 30 12 18 32 7 20 19 8 25 2 26 29 27 6 3 10 31 38 50 24 1 45 16 36 44 21 22 40 
student 220: 31 49 41 42 33 2 10 48 35 46 11 22 43 45 20 36 37 7 16 12 17 29 28 13 14 34 8 18 24 5 23 1 25 32 27 6 4 9 30 40 50 26 3 44 15 38 47 19 21 39 
student 221: 34 49 41 42 32 5 11 48 39 43 10 20 47 46 16 36 37 1 17 14 13 30 29 12 18 33 8 19 21 6 27 3 25 26 28 7 4 9 31 38 50 23 2 45 15 35 44 24 22 40 
student 222: 38 49 44 40 30 6 13 47 42 41 11 22 45 48 15 39 32 7 18 10 14 37 27 12 17 35 9 19 20 4 25 2 26 29 28 5 3 8 31 34 50 23 1 46 16 33 43 21 24 36 
student 223: 30 48 44 42 29 5 14 47 41 39 10 22 45 43 15 38 35 4 19 16 11 34 28 12 18 36 7 20 21 9 25 1 27 31 26 6 3 8 32 40 50 24 2 46 13 33 49 23 17 37 
student 224: 33 48 44 40 35 5 8 47 41 42 11 23 45 43 17 37 32 4 24 12 18 30 29 13 21 34 9 15 19 7 25 1 26 28 27 6 3 10 31 39 50 22 2 49 14 36 46 20 16 38 
student 225: 32 49 46 41 33 3 10 47 39 43 11 22 44 42 15 36 37 5 18 12 16 31 30 14 17 35 7 19 20 6 24 4 28 26 25 8 2 9 29 38 50 27 1 48 13 34 45 21 23 40 
student 226: 33 50 44 41 32 6 10 47 40 42 9 24 46 43 16 37 34 5 18 12 14 30 28 13 17 35 8 19 20 4 26 2 23 27 29 7 3 11 31 38 49 25 1 48 15 36 45 21 22 39 
student 227: 35 48 45 42 29 6 10 49 39 41 12 22 46 43 19 40 32 3 20 13 14 33 30 11 15 34 9 16 17 5 24 1 28 27 26 7 4 8 31 38 50 25 2 44 18 36 47 21 23 37 
student 228: 33 50 43 41 32 3 12 48 39 42 10 22 46 44 19 35 37 4 18 13 11 27 31 16 17 34 8 14 20 6 25 2 26 30 29 9 1 7 28 38 49 23 5 47 15 36 45 21 24 40 
student 229: 33 50 45 43 34 5 11 48 40 44 10 23 42 41 15 38 28 4 21 12 14 31 30 13 19 35 6 16 20 7 26 2 29 27 24 8 1 9 32 37 49 25 3 47 17 36 46 18 22 39 
student 230: 35 49 44 41 33 7 11 47 40 42 12 22 45 43 15 38 36 5 18 10 14 29 28 13 20 34 8 16 21 3 24 1 27 30 26 6 4 9 31 37 50 25 2 48 17 32 46 19 23 39 
student 231: 34 49 43 41 32 7 11 50 36 42 12 25 45 44 16 38 35 4 20 10 14 31 29 13 17 33 9 19 21 2 15 6 27 30 28 5 3 8 26 39 48 24 1 47 18 37 46 23 22 40 
student 232: 33 48 42 44 29 6 11 46 39 40 12 23 43 45 17 35 34 3 16 9 14 28 30 13 18 36 10 19 24 7 22 4 26 31 27 8 2 5 32 38 50 25 1 47 15 37 49 21 20 41 
student 233: 33 49 43 42 32 6 11 48 41 40 10 24 45 44 17 35 34 2 16 12 15 31 28 14 18 36 7 19 20 3 23 4 25 30 27 9 5 8 29 39 50 26 1 47 13 37 46 21 22 38 
student 234: 32 44 42 46 31 6 9 49 39 41 12 24 43 47 17 34 35 3 16 11 14 33 30 13 19 36 4 18 21 7 25 5 26 29 27 8 2 10 28 38 50 23 1 48 15 37 45 20 22 40 
student 235: 32 47 44 46 33 4 12 48 39 43 10 23 42 40 15 35 36 5 20 11 14 29 28 13 17 34 9 19 21 7 25 3 26 22 31 8 2 6 30 37 50 27 1 49 18 41 45 16 24 38 
student 236: 35 50 43 40 33 6 11 48 41 42 7 22 45 44 16 37 34 2 19 14 12 32 29 13 20 31 10 17 21 8 24 4 26 30 27 9 5 3 28 36 49 25 1 46 15 38 47 18 23 39 
student 237: 31 50 45 40 32 7 11 49 39 41 10 21 47 44 17 38 36 4 19 6 12 30 29 14 18 34 9 16 20 8 23 3 26 28 27 5 1 13 33 42 46 25 2 48 15 35 43 22 24 37 
student 238: 32 47 44 40 31 6 12 48 39 42 10 21 46 43 15 36 37 4 18 11 14 30 29 13 17 34 7 19 20 5 25 3 27 26 28 9 2 8 33 38 50 22 1 49 16 35 45 24 23 41 
student 239: 33 50 43 41 31 5 14 49 40 42 12 20 45 44 17 36 35 3 19 10 15 27 28 11 16 34 9 18 21 6 25 2 26 32 30 7 4 8 29 39 46 24 1 47 13 37 48 22 23 38 
student 240: 31 49 42 39 32 6 10 47 44 41 11 25 45 43 21 38 33 4 17 12 14 29 35 18 16 34 8 15 19 2 22 3 26 27 23 7 5 9 30 37 50 28 1 48 13 36 46 20 24 40 
student 241: 34 48 45 39 31 6 10 49 41 44 13 22 43 42 17 37 32 1 12 14 11 29 30 19 18 33 9 20 15 5 24 2 26 28 27 7 4 8 35 38 50 25 3 46 16 36 47 21 23 40 
student 242: 33 49 44 41 29 3 8 48 40 42 9 19 45 43 14 37 34 2 18 12 15 28 31 13 16 35 11 20 22 6 25 5 30 27 24 4 7 10 32 38 50 26 1 47 17 36 46 21 23 39 
student 243: 35 49 42 44 32 5 10 48 38 45 12 22 43 41 15 37 34 3 16 13 17 30 29 6 18 33 11 20 21 7 25 4 27 26 28 9 2 8 31 36 50 24 1 47 14 39 46 19 23 40 
student 244: 33 49 43 40 30 5 9 48 39 42 11 22 45 41 16 37 34 4 20 13 15 28 29 10 17 35 7 19 21 6 23 3 27 25 32 8 2 12 31 38 47 26 1 46 14 36 50 18 24 44 
student 245: 33 47 44 41 32 6 10 49 39 43 11 24 45 42 16 37 36 1 19 12 15 29 27 13 18 34 8 17 20 7 23 2 28 30 26 5 3 9 31 40 50 22 4 48 14 35 46 21 25 38 
student 246: 33 45 43 44 32 3 12 49 35 40 8 23 46 42 17 37 34 2 16 13 15 30 29 10 18 38 9 19 20 7 26 4 25 28 27 5 6 11 31 39 50 24 1 48 14 36 47 22 21 41 
student 247: 33 47 46 40 32 2 10 45 41 42 11 21 50 44 12 39 35 5 25 13 14 31 29 16 15 34 9 19 18 7 24 3 27 28 26 6 4 8 30 36 49 22 1 48 17 38 43 20 23 37 
student 248: 32 50 45 39 34 5 12 48 42 41 11 22 46 43 16 36 33 3 19 13 14 30 28 15 17 35 8 20 18 7 25 4 27 29 26 6 2 9 31 38 49 23 1 44 10 37 47 21 24 40 
student 249: 33 47 46 40 32 1 10 44 39 41 8 24 42 45 14 38 35 6 17 12 18 31 30 13 15 36 11 19 20 7 26 3 29 27 23 4 5 9 28 37 50 25 2 48 16 34 49 22 21 43 
student 250: 34 50 46 38 31 1 9 49 39 41 12 23 44 42 16 37 32 7 19 14 10 29 30 13 15 35 11 17 22 5 25 3 26 27 28 8 4 6 33 40 48 24 2 47 18 36 45 20 21 43 
student 251: 35 49 43 42 32 4 10 47 40 41 14 21 45 44 17 38 33 3 18 11 16 30 28 13 12 34 7 20 19 5 26 1 25 29 27 8 6 9 31 39 50 23 2 48 15 37 46 22 24 36 
student 252: 32 45 48 42 33 3 10 49 38 46 13 24 43 39 16 37 34 5 19 12 15 28 30 11 17 36 7 18 20 6 25 2 26 27 29 9 4 8 31 40 50 23 1 44 14 35 47 21 22 41 
student 253: 34 48 47 39 33 10 6 49 41 45 13 22 43 42 16 38 32 4 19 9 15 29 31 12 17 36 5 18 20 8 28 2 25 27 26 11 3 7 30 37 50 23 1 46 14 35 44 21 24 40 
student 254: 34 50 43 40 33 3 10 48 38 42 11 22 44 45 15 36 32 2 19 14 16 31 29 12 17 35 7 20 18 6 25 4 27 28 26 8 5 9 30 39 49 24 1 46 13 41 47 21 23 37 
student 255: 35 49 46 41 31 8 6 45 40 42 11 23 44 43 19 36 33 4 18 13 12 32 29 16 17 34 9 20 15 5 25 2 28 26 27 7 3 10 30 37 48 24 1 50 14 38 47 21 22 39 
student 256: 31 49 43 40 32 8 7 47 41 42 14 22 44 46 17 37 35 3 19 12 13 28 29 11 18 34 9 16 21 5 27 4 25 30 26 6 2 10 33 39 50 24 1 45 15 36 48 20 23 38 
student 257: 34 48 43 41 31 4 7 50 40 42 10 22 46 45 16 38 33 3 15 13 14 29 32 12 17 36 11 19 21 9 24 5 26 28 27 6 2 8 30 37 49 25 1 47 18 35 44 20 23 39 
student 258: 33 48 46 41 31 6 7 50 40 42 10 20 43 44 15 39 34 4 17 11 19 30 37 13 16 38 9 22 18 8 26 1 28 23 29 5 3 12 27 32 49 24 2 47 14 36 45 21 25 35 
student 259: 33 49 43 47 29 4 10 46 40 42 12 17 48 36 18 38 35 6 19 13 15 31 28 11 16 34 8 20 21 7 25 2 26 30 24 5 3 9 32 41 50 23 1 44 14 39 45 22 27 37 
student 260: 32 49 44 39 33 5 9 48 42 41 10 22 47 43 15 37 34 4 18 19 12 29 30 14 16 35 8 17 20 6 26 2 25 28 27 7 3 11 31 38 50 24 1 46 13 36 45 21 23 40 
student 261: 33 48 41 42 32 4 10 49 38 39 11 21 45 44 17 40 35 5 18 12 15 25 26 13 14 34 9 19 20 6 28 2 27 29 31 7 3 8 30 37 50 24 1 47 16 36 46 22 23 43 
student 262: 33 50 43 40 30 1 7 48 42 41 11 21 47 46 16 35 31 6 18 12 14 34 29 13 17 37 10 19 20 4 26 5 23 28 27 8 3 9 32 36 49 25 2 44 15 38 45 22 24 39 
student 263: 33 49 43 41 31 4 11 48 38 42 8 26 44 47 16 39 36 5 22 13 14 34 28 12 18 35 9 17 20 6 23 2 25 29 27 7 3 10 30 32 50 21 1 45 15 37 46 19 24 40 
student 264: 32 46 44 43 33 6 9 48 40 41 10 16 45 42 19 35 36 2 14 15 13 30 29 12 20 38 3 18 21 8 24 4 27 25 28 7 5 11 31 37 50 26 1 49 17 34 47 22 23 39 
student 265: 34 49 43 41 31 6 8 47 37 42 12 21 48 44 17 35 33 2 19 15 13 26 27 11 16 36 7 20 18 5 23 1 24 30 28 9 4 10 32 39 50 29 3 46 14 38 45 22 25 40 
student 266: 33 45 46 39 32 3 12 49 38 41 9 23 47 43 16 40 34 1 17 13 10 29 28 14 18 35 8 19 21 5 25 4 31 20 27 7 6 11 30 37 50 26 2 48 15 36 44 22 24 42 
student 267: 33 49 40 42 32 4 12 47 37 43 10 18 48 44 15 38 36 6 17 11 9 30 27 19 16 35 7 20 21 5 25 2 26 29 28 8 3 13 31 39 50 24 1 46 14 34 45 23 22 41 
student 268: 33 49 44 39 32 3 9 50 41 43 12 21 45 42 16 36 34 5 18 10 13 30 29 14 17 37 8 25 19 6 26 2 24 28 27 7 4 11 31 38 46 22 1 47 15 35 48 20 23 40 
student 269: 33 50 44 41 32 6 11 48 38 43 14 22 45 42 12 37 34 4 18 10 16 31 26 15 17 35 5 20 23 8 24 1 27 28 29 7 3 9 30 39 49 25 2 46 13 36 47 19 21 40 
student 270: 33 48 45 39 32 5 12 49 36 42 10 25 46 43 15 40 34 4 18 13 14 31 27 11 17 35 8 19 20 6 29 1 24 26 22 7 3 9 30 41 44 21 2 47 16 37 50 28 23 38 
student 271: 33 49 46 38 32 5 11 48 40 43 10 22 41 44 15 37 34 4 18 12 17 30 29 13 16 35 8 19 20 7 23 1 27 26 28 6 3 9 31 39 50 25 2 47 14 36 45 21 24 42 
student 272: 32 49 45 42 31 7 8 47 39 43 15 21 46 41 14 40 35 1 17 11 12 28 30 18 16 33 6 19 22 5 25 3 26 29 27 9 4 10 34 36 50 24 2 48 13 38 44 20 23 37 
student 273: 34 47 44 42 32 4 9 50 41 43 12 22 45 40 14 36 33 3 19 10 18 30 29 13 15 35 11 17 20 7 24 6 28 27 26 5 1 8 31 38 49 25 2 46 16 37 48 21 23 39 
student 274: 31 48 47 43 32 5 10 49 40 41 14 21 42 44 16 37 34 3 18 12 11 30 29 13 17 35 9 20 23 6 24 4 26 28 27 7 2 8 33 39 50 25 1 45 15 36 46 19 22 38 
student 275: 32 49 43 44 34 5 11 47 41 42 16 23 45 37 15 39 33 3 17 10 13 30 26 12 19 38 9 18 21 4 25 2 27 28 29 7 6 8 31 36 50 24 1 48 14 35 46 20 22 40 
student 276: 32 49 46 42 31 5 12 48 40 43 10 25 44 41 14 37 35 3 15 11 20 30 29 17 16 36 7 19 18 8 27 2 22 24 28 6 4 9 33 38 50 23 1 47 13 34 45 21 26 39 
student 277: 34 49 43 37 33 6 9 48 39 44 13 24 47 42 16 36 32 4 19 14 18 29 28 11 12 38 10 21 17 7 22 2 26 30 27 8 3 5 31 35 50 25 1 46 15 40 45 20 23 41 
student 278: 33 49 44 40 31 4 12 48 39 41 10 20 45 43 17 37 35 3 18 11 16 32 30 13 15 36 8 19 22 7 25 2 26 28 27 6 5 9 29 38 50 24 1 46 14 34 47 21 23 42 
student 279: 35 49 46 41 33 4 7 45 38 42 11 22 48 43 16 39 34 9 18 15 14 30 32 12 17 36 6 19 20 2 28 3 26 29 27 10 8 5 25 37 50 24 1 44 13 31 47 21 23 40 
student 280: 34 50 43 38 32 4 9 46 37 40 11 23 49 41 16 39 30 1 17 14 15 29 31 12 18 36 8 19 20 6 26 3 28 25 27 7 5 10 33 42 48 24 2 44 13 35 47 21 22 45 
student 281: 34 50 43 40 29 5 10 48 39 42 11 22 44 46 17 35 36 4 18 12 15 33 32 14 16 37 8 19 21 6 24 2 26 28 27 7 3 9 31 38 49 23 1 47 13 30 45 20 25 41 
student 282: 33 50 41 40 32 5 11 49 39 42 9 22 48 43 16 38 34 4 20 14 12 30 29 13 18 36 6 17 19 10 25 1 24 28 27 7 3 8 31 37 47 23 2 46 15 35 44 21 26 45 
student 283: 34 48 45 44 30 4 7 49 38 43 8 22 42 39 18 40 37 3 15 13 14 32 27 10 17 33 12 20 21 6 28 5 24 26 31 9 2 11 29 36 50 25 1 46 16 35 47 19 23 41 
student 284: 33 50 46 41 34 6 11 48 39 43 12 20 44 42 14 37 31 4 19 13 15 29 28 9 18 35 10 17 21 7 25 1 30 27 26 8 3 5 32 38 49 24 2 47 16 36 45 22 23 40 
student 285: 33 50 44 40 32 5 8 47 39 43 11 22 45 42 16 37 34 4 17 12 15 28 30 13 18 35 10 20 19 6 25 2 26 29 27 7 3 9 31 41 49 23 1 48 14 36 46 21 24 38 
student 286: 33 48 45 43 35 7 6 50 38 40 9 22 44 42 12 37 32 5 19 13 15 30 31 16 17 36 10 18 21 4 28 2 26 29 25 8 3 11 27 39 49 24 1 46 14 34 47 20 23 41 
student 287: 32 48 45 47 34 7 10 50 38 42 11 22 41 43 20 37 35 3 19 12 17 30 27 13 15 33 6 18 16 5 31 2 25 26 28 9 1 8 29 39 49 23 4 46 14 36 44 21 24 40 
student 288: 34 49 44 43 31 5 13 48 39 46 11 22 42 38 16 37 36 3 17 10 14 29 32 12 18 35 7 21 19 6 24 4 27 30 25 8 2 9 28 41 50 26 1 47 15 33 45 20 23 40 
student 289: 32 49 44 38 34 4 9 48 41 43 12 24 45 42 14 35 30 3 16 15 10 31 28 19 17 37 8 18 20 7 22 2 29 26 27 6 5 13 33 36 50 25 1 47 11 39 46 23 21 40 
student 290: 34 50 42 40 33 5 12 47 37 41 8 25 44 48 17 35 38 6 18 13 14 30 29 9 16 31 10 19 22 7 20 2 24 28 27 1 4 11 32 39 49 26 3 45 15 43 46 23 21 36 
student 291: 34 49 44 41 32 6 11 50 39 42 13 18 45 43 20 38 33 4 19 12 15 30 29 14 16 36 10 17 21 5 27 3 26 24 28 7 1 8 31 40 48 25 2 46 9 35 47 23 22 37 
student 292: 33 49 48 39 32 3 10 50 38 41 12 22 43 44 17 36 34 5 20 11 14 24 30 13 16 40 7 18 19 6 27 1 26 28 29 8 2 9 31 37 47 25 4 45 15 35 46 23 21 42 
student 293: 32 48 40 42 33 7 8 46 41 43 9 22 45 44 17 35 34 4 18 12 15 30 27 13 16 38 10 19 23 5 24 2 26 29 25 6 3 11 31 36 50 21 1 49 14 37 47 20 28 39 
student 294: 33 48 44 41 32 4 11 49 39 42 6 23 45 43 16 35 34 5 19 13 14 31 28 12 18 36 10 21 17 8 25 1 24 30 27 7 3 9 29 37 50 26 2 47 15 38 46 22 20 40 
student 295: 34 46 43 41 30 2 10 50 39 42 9 23 45 44 21 35 33 1 17 11 15 29 28 12 14 36 13 19 22 7 25 4 26 32 27 5 6 8 31 40 49 24 3 48 16 37 47 18 20 38 
student 296: 33 49 47 42 32 6 10 48 40 43 11 23 44 41 17 36 34 5 18 14 15 31 29 13 16 35 8 19 20 4 24 2 26 28 27 9 3 7 30 38 50 22 1 45 12 37 46 21 25 39 
student 297: 33 49 38 44 32 5 9 47 42 46 11 23 48 45 17 34 35 4 18 12 13 29 30 14 16 36 7 21 19 3 22 1 26 28 27 6 10 8 31 41 50 25 2 43 15 37 39 20 24 40 
student 298: 32 46 43 38 31 1 11 49 42 44 10 24 45 41 16 37 33 6 18 12 15 26 30 13 17 36 8 19 21 7 20 2 27 29 23 5 4 9 35 39 50 25 3 48 14 34 47 22 28 40 
student 299: 34 48 44 41 32 5 8 47 40 43 11 22 50 42 21 38 35 4 18 12 15 29 28 13 16 31 10 19 20 6 25 3 33 26 27 7 2 9 30 37 49 24 1 46 14 36 45 17 23 39 
student 300: 36 48 46 40 34 7 10 50 42 41 12 23 43 45 18 38 30 1 19 11 14 33 28 13 17 32 8 21 20 5 25 3 26 29 27 6 4 9 31 39 47 24 2 44 15 35 49 22 16 37 
student 301: 35 48 43 41 32 5 9 46 45 40 12 23 50 37 16 36 38 4 18 13 14 29 31 11 17 28 10 19 21 6 25 2 30 27 26 7 3 8 33 39 49 20 1 47 15 34 44 22 24 42 
student 302: 33 49 45 41 35 4 9 47 40 43 15 22 48 42 14 38 32 6 19 10 16 30 31 12 17 34 8 18 20 5 24 1 26 29 27 7 3 13 28 37 50 25 2 44 11 36 46 21 23 39 
student 303: 34 46 44 42 32 4 10 50 40 41 12 22 45 43 16 39 36 5 18 11 14 30 29 13 15 33 6 19 21 7 25 3 27 28 26 8 1 9 31 37 49 24 2 47 17 35 48 20 23 38 
student 304: 33 45 44 43 34 5 9 49 38 42 10 21 46 41 17 40 32 8 19 13 14 30 28 15 18 36 7 16 20 4 25 3 29 26 27 6 2 11 31 39 50 24 1 48 12 35 47 22 23 37 
student 305: 32 50 45 41 31 5 8 47 39 43 12 21 44 42 15 38 35 6 16 13 14 30 29 9 20 34 7 17 19 4 27 2 24 28 26 10 3 11 33 36 49 25 1 48 18 37 46 23 22 40 
student 306: 30 49 45 42 29 5 10 47 38 44 11 22 46 40 16 39 35 4 17 12 14 32 27 13 19 36 7 18 21 8 24 2 26 28 34 6 3 9 31 41 50 25 1 48 15 33 43 20 23 37 
student 307: 34 49 43 39 29 6 9 46 41 42 10 22 45 48 13 37 36 4 19 12 15 30 31 14 18 35 11 17 21 7 23 1 25 28 27 5 3 8 32 38 50 24 2 44 16 33 47 20 26 40 
student 308: 34 49 47 41 30 6 9 48 40 45 10 23 46 43 16 38 33 3 18 11 13 31 27 12 17 35 8 21 20 1 26 4 25 29 28 7 5 14 32 37 50 22 2 44 15 36 42 19 24 39 
student 309: 31 49 45 41 33 6 12 48 40 42 10 23 44 43 16 38 34 4 14 11 17 29 30 13 18 35 7 27 20 5 21 2 25 28 24 9 3 8 32 37 50 26 1 47 15 36 46 22 19 39 
student 310: 32 48 46 40 35 5 9 47 42 41 11 23 44 43 15 37 33 4 17 12 14 29 25 13 19 34 8 20 21 7 26 3 27 30 28 6 1 10 31 39 50 24 2 49 16 36 45 22 18 38 
student 311: 32 49 41 43 34 6 8 48 40 45 10 23 46 44 17 39 35 5 20 13 12 30 29 14 15 33 7 18 19 4 24 2 25 28 26 9 3 11 31 37 50 27 1 47 16 36 38 21 22 42 
student 312: 33 50 45 40 32 4 11 47 41 42 10 23 44 43 18 38 34 6 19 14 13 30 29 12 16 35 9 17 20 5 25 2 27 28 26 7 3 8 31 36 46 24 1 48 15 37 49 21 22 39 
student 313: 33 49 47 42 34 4 9 48 40 39 12 22 44 43 16 36 37 5 17 13 11 29 32 14 20 27 6 18 19 10 23 2 24 30 28 7 3 8 31 38 50 26 1 46 15 35 45 21 25 41 
student 314: 32 46 44 40 30 5 10 49 39 42 12 20 45 43 17 37 34 4 18 9 15 31 26 13 14 35 11 19 21 7 27 2 25 29 28 6 3 8 33 41 50 23 1 48 16 36 47 22 24 38 
student 315: 32 49 44 42 34 6 10 47 39 41 14 22 48 43 18 37 35 3 20 11 13 30 28 12 21 33 9 16 17 7 24 2 25 27 26 8 4 5 31 40 50 23 1 45 15 36 46 19 29 38 
student 316: 31 48 44 40 30 7 10 49 36 42 12 17 46 43 14 35 34 4 18 13 11 33 29 19 16 37 8 22 20 5 25 1 27 28 26 6 3 9 32 39 50 24 2 47 15 38 45 21 23 41 
student 317: 33 47 45 42 31 7 9 48 41 39 11 23 46 44 16 35 34 4 18 12 14 29 27 13 17 36 10 19 22 5 25 3 26 32 28 6 2 8 30 37 50 21 1 49 15 38 40 20 24 43 
student 318: 33 49 45 42 31 7 10 48 40 43 11 23 44 41 16 36 34 2 20 13 12 29 30 14 18 35 8 15 21 9 24 3 26 28 27 6 5 4 32 37 50 22 1 47 17 39 46 19 25 38 
student 319: 33 48 42 43 32 5 9 46 39 44 14 21 49 40 13 41 35 4 17 11 15 29 28 12 19 34 7 20 22 6 24 1 26 30 27 10 3 8 31 38 50 25 2 45 16 36 47 18 23 37 
student 320: 30 49 45 41 35 4 11 47 39 43 9 22 44 42 17 38 33 6 18 12 15 29 34 13 14 32 10 19 21 7 26 1 27 28 25 5 2 8 31 37 50 24 3 46 16 36 48 20 23 40 
student 321: 33 48 43 42 32 10 9 50 39 40 13 22 44 46 17 36 35 4 12 14 11 30 29 15 20 37 8 16 21 5 24 2 26 28 25 3 6 7 31 38 49 27 1 47 19 34 45 18 23 41 
student 322: 33 48 45 41 34 6 8 49 40 42 15 22 43 44 17 38 31 2 18 11 13 29 30 12 14 36 7 19 20 5 26 3 28 27 25 10 4 9 32 39 50 24 1 47 16 35 46 21 23 37 
student 323: 34 49 46 40 33 6 10 48 41 42 11 22 44 43 17 38 35 3 13 14 15 25 31 12 19 32 7 23 20 5 24 1 21 28 29 8 4 9 30 36 50 27 2 47 16 37 45 18 26 39 
student 324: 31 49 42 41 30 5 9 50 40 47 14 22 43 44 15 37 36 3 18 10 12 32 29 13 17 34 7 20 19 8 27 1 25 28 26 4 6 11 35 39 48 24 2 46 16 33 45 21 23 38 
student 325: 33 49 43 41 32 4 9 47 42 45 11 22 48 38 18 35 34 10 19 8 13 30 28 14 16 36 12 17 21 6 23 1 26 27 29 5 3 7 31 39 50 20 2 46 15 37 44 24 25 40 
student 326: 31 47 44 42 33 9 10 49 41 43 13 19 46 45 20 39 35 2 17 11 14 29 30 12 15 34 3 21 22 8 26 5 25 24 28 6 1 7 32 38 50 27 4 48 18 36 40 16 23 37 
student 327: 34 48 44 41 32 6 10 50 38 42 12 24 45 43 16 37 31 1 18 11 14 27 30 15 17 36 8 20 22 5 26 3 28 29 23 7 4 9 33 39 49 19 2 47 13 35 46 21 25 40 
student 328: 33 49 44 41 31 5 9 46 39 42 12 20 43 45 17 36 34 4 18 10 13 32 27 14 15 35 8 19 21 6 23 3 25 29 28 7 2 11 30 37 50 24 1 48 16 38 47 26 22 40 
student 329: 28 49 43 40 34 6 7 48 41 42 12 23 45 44 16 33 35 4 17 11 15 32 31 13 21 36 9 18 19 5 25 3 26 30 27 8 2 10 29 39 50 24 1 47 14 38 46 20 22 37 
student 330: 32 49 44 41 30 3 11 50 40 42 12 20 45 43 10 37 34 6 17 13 18 28 33 14 15 36 7 25 19 5 27 4 23 29 26 9 1 8 31 39 47 24 2 48 16 35 46 22 21 38 
student 331: 33 50 45 40 28 3 9 48 38 43 11 22 42 44 15 37 34 2 21 10 14 29 30 13 18 35 12 20 17 5 24 4 26 31 27 7 6 8 32 36 49 25 1 46 16 39 47 23 19 41 
student 332: 33 49 43 41 32 3 11 46 40 42 12 23 44 48 9 37 34 8 17 13 15 29 28 14 16 35 10 20 21 5 26 2 27 25 30 6 4 7 31 38 50 24 1 47 19 36 45 18 22 39 
student 333: 34 47 42 41 30 1 11 46 40 44 12 20 45 43 16 39 32 5 19 9 15 29 27 13 18 35 7 17 21 8 25 2 28 33 26 6 3 10 31 37 50 22 4 48 14 36 49 23 24 38 
student 334: 32 48 44 37 33 6 12 50 41 42 10 21 45 43 19 38 36 4 15 9 14 31 28 11 17 34 8 16 20 5 26 2 25 29 27 7 3 13 30 39 49 24 1 47 18 35 46 22 23 40 
student 335: 34 48 45 42 33 7 10 47 40 41 11 24 43 44 15 36 35 6 16 12 17 26 28 14 18 32 5 19 20 3 27 2 25 31 29 8 1 9 30 38 49 23 4 46 13 37 50 22 21 39 
student 336: 35 49 44 39 29 6 13 45 41 43 10 21 46 48 15 40 34 4 16 12 14 32 30 11 18 31 7 19 20 8 24 1 25 28 27 5 3 9 33 37 47 26 2 50 17 36 42 22 23 38 
student 337: 26 48 42 44 31 5 6 50 38 43 11 21 46 41 18 39 35 3 17 12 15 32 33 13 14 36 10 19 20 8 25 4 27 29 28 7 2 9 30 40 49 23 1 47 16 34 45 22 24 37 
student 338: 34 49 45 41 32 5 8 47 40 37 12 23 44 43 13 38 33 6 18 11 15 30 29 14 17 35 7 19 20 9 25 4 26 28 27 3 1 10 31 42 50 24 2 48 16 36 46 21 22 39 
student 339: 34 49 45 41 30 4 9 47 38 43 11 23 46 44 18 39 32 5 17 13 12 31 27 14 15 35 6 22 19 7 21 2 25 29 28 8 3 10 33 37 50 26 1 48 16 36 42 20 24 40 
student 340: 28 47 44 39 31 5 11 49 40 41 12 22 45 43 17 42 33 4 16 10 14 32 26 13 19 34 7 18 21 6 24 1 25 29 27 8 3 9 36 37 50 30 2 48 15 38 46 20 23 35 
student 341: 32 50 43 41 30 7 14 48 39 42 10 26 46 44 13 36 34 4 19 11 12 31 29 15 16 37 6 20 17 5 28 2 27 25 24 8 3 9 33 38 49 23 1 47 18 35 45 21 22 40 
student 342: 32 49 44 42 33 5 7 47 40 41 9 22 45 43 15 38 34 4 19 11 14 31 28 13 16 37 10 18 20 6 25 2 26 29 27 8 3 12 30 36 50 23 1 48 17 35 46 21 24 39 
student 343: 34 50 44 41 33 4 11 48 39 42 12 22 45 43 16 37 35 5 17 13 15 27 29 10 18 32 8 19 21 6 28 2 26 30 25 7 3 9 31 38 49 23 1 47 14 36 46 20 24 40 
student 344: 33 50 44 38 32 5 11 49 41 40 8 21 48 43 16 36 35 3 17 13 12 25 31 15 18 39 10 19 22 7 24 1 28 30 26 9 4 6 29 37 46 27 2 47 14 34 45 20 23 42 
student 345: 32 50 44 38 29 2 10 49 43 40 14 22 45 42 16 37 33 4 18 13 9 35 27 12 17 36 8 20 19 6 25 5 26 30 28 3 7 11 31 41 48 24 1 47 15 34 46 21 23 39 
student 346: 34 49 44 41 28 5 9 48 40 43 12 23 47 39 14 37 33 4 16 11 15 31 30 13 18 35 8 17 20 6 26 2 27 25 29 7 3 10 32 42 45 24 1 46 19 36 50 21 22 38 
student 347: 30 49 48 40 33 1 12 47 38 42 10 24 46 43 19 37 35 5 13 14 15 29 31 11 16 34 8 20 18 6 25 3 26 28 27 7 4 9 32 39 50 23 2 45 17 36 44 21 22 41 
student 348: 33 49 43 41 34 3 11 48 37 42 9 28 45 46 15 38 35 8 18 13 16 32 26 12 17 31 7 20 19 5 25 2 27 29 24 6 1 10 30 39 50 23 4 47 14 36 44 21 22 40 
student 349: 34 50 46 45 33 6 7 48 40 41 13 22 44 43 16 29 35 5 19 12 15 31 32 14 21 37 8 17 18 4 28 1 24 27 26 10 3 9 30 39 49 25 2 42 11 38 47 20 23 36 
student 350: 32 49 43 41 33 4 14 48 40 44 10 22 46 45 17 39 34 3 19 13 12 29 30 11 18 35 8 20 16 5 24 6 27 28 26 7 2 9 31 36 50 25 1 47 15 37 42 21 23 38 
student 351: 32 48 43 40 34 4 12 47 39 42 11 22 44 46 15 36 37 6 18 16 10 29 30 13 17 35 8 19 21 7 26 3 28 27 25 5 2 9 31 38 50 23 1 49 14 33 45 20 24 41 
student 352: 32 47 44 40 33 7 9 46 41 42 12 21 45 43 16 35 34 4 18 10 15 30 29 13 17 36 6 20 19 5 25 2 26 28 27 8 3 11 31 38 50 23 1 49 14 37 48 22 24 39 
student 353: 30 49 41 43 36 4 14 40 42 45 13 21 48 46 16 35 33 3 22 11 10 31 29 12 17 34 9 20 19 6 26 1 27 28 25 7 5 8 32 39 50 23 2 47 15 37 44 18 24 38 
student 354: 35 47 43 40 33 4 9 50 39 42 11 21 45 44 16 41 34 3 17 13 14 30 29 12 18 32 10 23 20 8 25 2 28 26 27 6 5 7 31 37 49 22 1 48 15 36 46 19 24 38 
student 355: 33 47 41 40 31 3 12 48 39 43 5 23 46 44 19 42 34 4 15 14 13 25 27 9 18 36 10 20 17 7 26 2 28 30 29 8 6 11 32 38 50 24 1 49 16 35 45 22 21 37 
student 356: 34 46 48 40 32 4 11 45 43 41 9 22 47 44 16 37 33 5 20 12 13 31 27 15 19 35 7 17 18 6 24 3 29 28 25 10 2 8 30 38 49 26 1 50 14 36 42 21 23 39 
student 357: 30 49 41 43 32 3 10 48 39 40 12 22 45 44 16 38 35 1 17 11 13 28 29 14 18 34 6 19 20 4 25 9 26 31 27 5 2 8 33 37 50 23 7 46 15 36 47 24 21 42 
student 358: 38 49 44 40 32 6 11 47 39 42 10 22 45 43 18 35 33 4 21 12 14 30 27 13 15 34 8 17 19 5 24 2 26 28 29 7 3 9 31 36 50 25 1 48 16 37 46 20 23 41 
student 359: 34 49 44 41 35 4 10 48 39 40 11 23 45 42 15 36 30 5 17 14 13 29 31 12 19 37 8 18 20 6 25 1 24 28 27 7 3 9 32 38 50 26 2 47 16 33 46 22 21 43 
student 360: 33 48 44 41 35 4 8 46 40 42 11 23 47 43 18 39 36 6 19 12 16 27 30 17 15 32 9 14 20 5 24 2 25 29 28 7 3 10 31 37 49 26 1 50 13 34 45 22 21 38 
student 361: 30 49 44 40 37 5 11 48 35 42 13 22 45 43 17 39 32 3 18 10 16 29 28 12 15 34 8 21 19 6 27 2 23 31 24 7 4 9 33 36 50 26 1 47 14 38 46 20 25 41 
student 362: 34 49 44 42 32 6 10 48 40 41 11 20 43 46 16 37 33 3 19 13 12 30 29 15 17 36 8 18 21 5 28 4 27 26 24 7 2 9 31 39 50 25 1 47 14 35 45 22 23 38 
student 363: 33 49 45 41 34 5 11 48 40 43 9 17 42 44 15 36 35 4 19 14 12 29 32 13 18 38 10 20 21 6 26 2 23 28 27 8 3 7 30 39 50 25 1 47 16 31 46 22 24 37 
student 364: 32 50 47 41 30 1 10 48 39 38 11 22 42 44 17 37 33 2 19 12 16 29 31 13 15 36 8 21 18 7 24 3 26 25 28 6 5 9 35 43 49 27 4 46 14 34 45 20 23 40 
student 365: 33 47 40 37 32 5 10 49 43 41 11 22 45 44 17 39 35 4 16 12 13 29 28 15 18 34 9 21 19 6 26 1 27 23 31 7 3 8 30 38 50 24 2 48 14 36 46 20 25 42 
student 366: 32 50 45 41 29 1 10 49 40 42 12 20 44 43 16 37 33 4 18 11 14 31 30 13 17 36 8 19 23 6 22 5 26 28 27 7 3 9 34 39 47 25 2 48 15 35 46 21 24 38 
student 367: 33 47 44 40 35 4 8 49 42 41 10 21 45 43 11 37 32 2 16 13 15 31 30 14 17 34 7 19 25 5 26 3 24 28 27 9 1 12 29 39 50 22 6 46 18 36 48 20 23 38 
student 368: 36 50 44 41 31 6 9 49 35 42 13 21 45 43 16 38 34 4 18 12 14 30 29 10 17 33 8 19 22 5 26 2 24 28 27 7 3 11 32 39 47 23 1 48 15 37 46 20 25 40 
student 369: 34 49 44 41 30 6 10 47 38 42 12 25 46 43 19 39 33 4 16 11 15 31 28 13 17 35 8 18 22 5 26 1 21 32 27 7 2 9 29 37 50 24 3 45 14 36 48 20 23 40 
student 370: 30 50 44 36 34 6 11 47 38 42 10 21 46 45 14 39 35 4 17 12 15 31 24 13 18 33 9 20 19 8 26 2 27 28 29 5 1 7 32 40 49 23 3 48 16 37 43 25 22 41 
student 371: 32 50 44 41 33 4 11 47 42 40 12 23 45 43 17 38 30 5 18 10 16 31 29 14 15 34 8 20 19 7 25 2 24 28 27 6 3 9 36 37 48 26 1 49 13 35 46 21 22 39 
student 372: 32 50 43 40 33 6 9 46 37 42 10 22 48 44 16 41 34 5 17 15 13 31 29 11 18 38 7 19 20 8 25 3 26 28 27 4 1 12 30 35 49 23 2 47 14 36 45 21 24 39 
student 373: 33 46 42 44 30 7 13 49 40 41 10 22 43 45 15 39 36 3 17 12 16 32 29 11 18 35 8 19 20 5 24 4 25 28 27 6 2 9 31 38 48 23 1 47 14 34 50 21 26 37 
student 374: 33 49 42 41 31 2 9 48 40 44 10 23 43 45 15 39 34 6 22 12 14 30 28 13 16 35 8 17 18 7 25 1 27 29 24 5 4 11 32 37 50 21 3 47 19 36 46 20 26 38 
student 375: 33 50 47 41 32 2 12 48 40 42 13 20 43 45 18 39 31 4 17 9 15 30 28 14 16 34 6 19 23 7 24 3 25 29 26 8 5 10 37 36 49 27 1 44 11 35 46 21 22 38 
student 376: 33 49 46 40 32 4 6 48 38 41 10 22 44 42 18 39 34 2 17 11 14 29 28 12 16 36 8 21 19 5 25 7 27 26 31 13 3 9 30 37 50 24 1 47 15 35 45 23 20 43 
student 377: 36 49 50 44 31 5 11 47 37 41 15 22 40 43 16 38 33 4 17 9 13 26 30 12 18 34 7 19 21 6 25 1 28 29 27 8 3 10 32 39 48 23 2 46 14 35 45 20 24 42 
student 378: 32 50 40 34 31 5 9 47 42 43 10 20 45 44 16 37 35 4 19 13 12 33 29 14 17 36 8 18 23 7 25 3 27 28 26 11 2 6 30 38 48 22 1 49 15 41 46 21 24 39 
student 379: 39 50 42 41 35 1 8 43 40 44 12 21 48 46 16 33 31 7 18 10 13 30 29 14 17 34 6 20 19 11 25 4 26 28 27 5 3 9 32 37 47 24 2 45 15 36 49 22 23 38 
student 380: 31 47 45 41 32 8 10 50 40 42 11 21 46 43 15 35 34 5 16 12 14 33 29 13 18 36 7 19 20 6 24 1 27 28 26 3 4 9 30 38 49 25 2 44 17 37 48 22 23 39 
student 381: 32 49 45 41 33 6 9 48 39 42 11 21 43 44 15 37 35 5 19 18 14 31 30 12 16 34 8 17 20 3 28 2 25 27 26 7 4 10 29 38 50 24 1 47 13 36 46 22 23 40 
student 382: 33 49 43 41 29 4 10 48 40 46 11 23 44 42 15 37 34 3 17 13 14 31 30 12 18 36 8 21 20 6 27 2 24 26 28 5 7 9 32 38 50 22 1 47 16 35 45 19 25 39 
student 383: 33 47 43 39 31 5 11 50 40 42 8 22 45 44 16 36 34 2 20 12 14 32 30 13 17 35 10 18 21 6 25 3 26 29 27 7 4 9 28 38 49 24 1 48 15 37 46 19 23 41 
student 384: 34 49 41 44 33 5 6 48 42 40 11 23 45 43 14 32 36 4 18 13 15 31 28 12 17 35 8 19 20 7 25 2 26 29 27 9 3 10 30 37 50 24 1 46 16 39 47 21 22 38 
student 385: 33 48 43 42 32 5 10 49 39 44 7 23 45 40 15 37 35 3 18 12 13 30 27 14 17 34 8 19 21 6 26 1 28 25 29 11 4 9 31 38 50 24 2 46 16 36 47 20 22 41 
student 386: 34 49 44 40 32 4 9 47 36 41 11 22 48 42 14 38 35 5 16 20 13 30 29 12 18 33 8 24 17 6 23 2 27 28 26 7 1 10 31 39 50 25 3 46 15 37 43 21 19 45 
student 387: 37 49 41 43 30 3 9 42 39 45 12 24 46 44 17 38 31 5 18 11 14 32 29 13 16 34 6 19 21 4 26 7 22 27 28 8 2 10 33 35 50 25 1 48 15 36 47 20 23 40 
student 388: 33 50 43 44 30 3 10 48 40 41 11 21 46 42 17 36 37 5 22 12 14 29 31 13 19 34 7 20 16 8 23 2 26 27 28 6 4 9 32 38 49 25 1 47 15 35 45 18 24 39 
student 389: 33 49 42 40 32 5 10 48 39 43 11 21 46 41 17 37 35 4 15 13 14 29 28 12 18 36 8 20 19 6 24 2 26 27 30 7 3 9 31 38 50 22 1 45 16 34 47 25 23 44 
student 390: 34 46 45 41 33 4 11 49 40 44 12 20 43 42 16 38 32 2 18 10 14 28 30 13 17 35 8 19 22 7 24 5 31 27 26 6 3 9 29 39 50 25 1 48 15 36 47 23 21 37 
student 391: 31 49 47 41 32 3 10 48 39 45 11 22 42 44 14 40 35 6 18 12 15 29 30 13 16 33 8 19 20 5 24 2 26 28 27 7 4 9 34 38 50 25 1 46 17 37 43 21 23 36 
student 392: 33 48 44 42 32 8 10 46 39 45 12 22 49 41 15 37 34 7 19 14 16 28 30 13 17 35 6 18 20 3 26 4 25 29 27 5 1 9 31 40 50 24 2 47 11 36 43 21 23 38 
student 393: 36 49 45 42 32 5 12 48 41 43 11 21 44 34 16 37 35 6 18 8 15 29 30 13 17 39 7 19 20 3 28 2 25 27 26 10 4 9 31 38 50 24 1 47 14 33 46 22 23 40 
student 394: 33 50 43 42 30 6 10 47 40 41 15 23 45 44 14 38 34 3 20 17 12 32 28 11 19 35 8 16 18 5 25 2 26 31 27 7 4 9 29 39 49 24 1 48 13 36 46 22 21 37 
student 395: 32 50 42 41 35 4 11 47 38 40 10 17 44 43 19 39 33 3 16 18 13 30 27 12 15 36 6 21 22 8 29 2 26 28 23 5 7 9 31 34 49 25 1 48 14 37 45 20 24 46 
student 396: 32 46 43 38 33 2 13 44 41 42 11 21 48 45 16 37 34 4 19 10 14 29 31 12 15 36 9 17 18 6 25 1 26 30 28 7 5 8 27 39 49 24 3 50 22 35 47 20 23 40 
student 397: 34 50 46 42 32 6 10 49 36 41 9 20 44 43 16 38 33 3 18 13 14 30 29 12 17 37 5 21 25 7 24 4 26 28 22 8 2 11 31 39 48 23 1 45 15 35 47 27 19 40 
student 398: 32 48 44 41 33 6 9 49 39 45 13 23 40 43 15 36 35 3 18 11 12 28 27 14 17 34 5 19 20 7 22 2 25 31 30 8 4 10 29 42 50 26 1 46 16 37 47 21 24 38 
student 399: 30 49 45 41 33 4 10 48 40 42 12 22 46 43 16 35 36 7 18 11 14 31 28 15 17 34 8 21 19 5 25 2 26 29 27 6 3 9 32 39 50 24 1 44 13 37 47 23 20 38 
student 400: 34 50 44 38 32 5 13 47 41 42 12 23 45 43 11 36 33 6 21 9 15 29 30 16 19 35 8 17 18 7 26 1 24 28 27 2 4 10 31 39 49 25 3 46 14 40 48 20 22 37 
student 401: 31 46 45 40 33 4 8 49 44 42 11 22 41 43 16 38 34 7 19 12 14 32 29 13 17 35 6 18 21 3 26 5 25 28 27 10 2 9 30 37 50 24 1 48 15 36 47 20 23 39 
student 402: 34 49 42 43 33 3 11 48 40 45 10 22 44 41 12 38 32 2 18 13 15 31 30 14 17 37 9 19 20 8 25 6 27 28 23 5 4 7 29 39 50 26 1 46 16 35 47 21 24 36 
student 403: 33 48 42 47 32 6 10 49 40 41 11 22 45 43 16 36 34 5 19 12 17 31 27 13 18 35 8 21 24 4 26 2 28 29 14 7 3 9 30 38 50 25 1 46 15 37 44 20 23 39 
student 404: 37 50 44 40 32 5 13 49 39 41 8 22 45 42 16 36 35 2 17 11 15 28 29 12 20 34 9 18 19 7 30 3 26 27 24 6 4 10 31 38 48 25 1 46 14 33 47 21 23 43 
student 405: 34 49 43 44 32 5 12 47 42 40 8 25 48 41 18 35 37 2 17 13 14 28 30 11 16 38 7 19 20 6 24 4 26 29 27 9 3 10 31 36 50 23 1 45 15 33 46 22 21 39 
student 406: 30 48 44 41 33 5 10 49 40 43 12 21 45 42 14 34 35 3 18 11 15 32 28 13 17 37 9 19 20 7 24 1 27 29 26 6 4 8 31 39 50 25 2 47 16 36 46 23 22 38 
student 407: 32 50 44 40 35 3 16 49 43 42 10 23 45 41 20 34 33 2 14 7 12 30 28 13 17 36 9 18 19 6 26 1 27 29 25 8 5 11 31 38 46 22 4 48 15 37 47 21 24 39 
student 408: 35 49 44 38 32 6 10 47 42 41 13 21 45 43 16 40 33 4 18 12 14 31 27 11 17 34 9 19 20 5 25 2 26 28 29 8 3 7 30 37 50 24 1 48 15 36 46 22 23 39 
student 409: 33 46 43 40 32 3 8 49 41 42 10 20 47 44 15 35 34 6 23 13 12 27 31 14 16 36 9 17 19 7 26 4 25 30 28 2 5 11 29 37 50 24 1 48 18 38 45 21 22 39 
student 410: 34 49 46 42 31 2 11 47 40 43 10 23 44 41 16 36 33 5 17 12 15 30 29 14 18 35 8 19 20 7 25 3 26 28 27 6 4 9 32 38 50 24 1 45 13 37 48 22 21 39 
student 411: 36 50 44 41 33 6 10 45 39 42 12 20 46 43 16 35 34 5 18 11 14 30 28 13 17 32 7 19 22 1 23 2 27 29 26 8 4 9 31 40 48 25 3 47 15 38 49 21 24 37 
student 412: 33 50 45 39 31 2 10 49 44 46 11 21 42 40 16 35 37 6 19 12 15 29 30 13 17 36 8 18 20 5 27 4 23 26 28 7 3 9 32 41 47 22 1 48 14 38 43 24 25 34 
student 413: 31 49 45 42 32 6 11 48 41 40 13 24 43 44 18 39 35 3 20 14 16 28 30 15 12 34 7 19 17 8 25 1 26 29 27 5 4 9 33 37 50 23 2 47 10 36 46 22 21 38 
student 414: 32 48 42 43 33 5 13 50 40 44 14 23 45 41 17 36 35 4 19 10 12 31 28 11 15 34 8 18 20 6 27 2 24 30 26 7 3 9 29 38 49 22 1 47 16 37 46 21 25 39 
student 415: 33 50 45 39 34 4 14 48 41 42 8 20 47 43 17 32 36 6 18 9 13 31 29 12 15 37 11 19 21 10 23 2 28 26 27 3 5 7 30 40 49 25 1 46 16 35 44 24 22 38 
student 416: 33 49 44 42 31 2 11 48 41 39 10 22 45 43 16 36 34 6 15 12 17 30 28 14 18 35 9 19 21 3 25 4 27 29 26 7 5 8 32 38 50 24 1 47 13 37 46 20 23 40 
student 417: 33 49 43 40 32 8 10 48 39 41 9 22 44 46 15 36 38 4 16 13 14 30 29 11 20 34 6 19 18 2 26 5 25 28 27 12 3 7 31 42 50 24 1 47 17 35 45 21 23 37 
student 418: 33 50 45 40 32 8 11 49 42 43 12 21 47 44 16 38 34 3 18 6 14 29 28 13 17 35 7 20 19 4 24 1 26 31 27 10 5 9 30 36 41 22 2 48 15 37 46 23 25 39 
student 419: 33 50 44 39 30 5 9 47 41 40 11 23 46 43 17 36 34 2 15 12 14 31 29 13 18 37 8 19 21 6 26 4 27 28 25 10 3 7 32 42 48 22 1 49 16 38 45 20 24 35 
student 420: 34 49 44 42 32 8 9 45 38 41 12 22 47 43 16 33 35 5 14 11 17 28 30 13 18 36 6 19 21 4 25 2 27 29 26 7 3 10 31 39 50 23 1 48 15 37 46 20 24 40 
student 421: 33 50 43 41 30 5 12 48 39 44 13 24 47 42 16 35 34 3 20 9 14 31 29 10 18 38 8 17 19 6 22 2 26 28 27 7 4 11 32 40 49 25 1 46 15 36 45 21 23 37 
student 422: 33 48 43 44 31 5 10 49 39 40 12 24 47 41 18 37 34 4 17 11 15 30 29 13 16 35 9 19 22 6 25 1 26 28 27 8 3 7 32 38 50 23 2 45 14 36 46 20 21 42 
student 423: 38 47 44 40 35 3 10 48 37 42 12 22 46 43 15 34 31 5 16 11 14 30 28 13 18 33 8 19 21 6 24 2 27 26 29 7 4 9 32 41 50 25 1 45 17 39 49 20 23 36 
student 424: 34 50 43 42 32 6 11 45 39 44 10 23 41 46 20 35 33 5 15 12 17 31 30 14 16 36 4 18 19 8 24 3 28 27 26 7 1 9 29 37 48 25 2 49 13 38 47 21 22 40 
student 425: 31 49 44 41 33 5 10 48 38 42 14 20 46 43 17 37 34 4 18 11 15 29 32 12 16 36 9 22 21 6 25 2 26 28 27 7 3 8 30 39 50 24 1 47 13 35 45 19 23 40 
student 426: 33 49 45 42 32 5 10 46 39 43 12 23 44 40 16 37 34 4 19 13 11 31 29 15 17 35 8 18 20 6 22 2 26 27 28 7 3 9 30 41 50 25 1 48 14 36 47 21 24 38 
student 427: 33 50 44 39 30 6 11 47 40 42 10 22 46 43 16 36 37 4 19 14 12 31 32 13 17 35 8 20 18 5 24 2 26 29 28 7 3 9 27 38 49 25 1 48 15 34 45 21 23 41 
student 428: 35 50 45 38 33 5 11 47 41 43 12 21 48 42 20 37 32 4 16 10 14 30 29 13 17 36 9 18 22 6 24 1 25 28 27 7 2 8 31 40 49 26 3 44 15 34 46 19 23 39 
student 429: 30 48 44 41 33 4 10 50 40 43 8 21 47 42 17 37 34 6 16 12 14 32 29 13 18 35 5 19 20 7 26 3 24 28 27 11 1 9 31 39 49 25 2 46 15 36 45 22 23 38 
student 430: 30 46 47 40 33 7 15 48 38 43 9 21 45 42 16 35 34 3 19 10 12 31 28 14 18 36 8 22 17 6 25 2 26 29 27 4 5 11 32 39 50 24 1 44 13 37 49 20 23 41 
student 431: 34 47 45 40 31 5 10 50 36 42 13 19 44 43 15 35 33 2 18 11 14 32 28 12 17 37 9 20 21 8 24 3 26 27 29 6 4 7 30 39 49 23 1 48 16 38 46 22 25 41 
student 432: 30 50 44 41 35 6 9 49 39 42 16 22 45 43 17 40 34 4 18 11 12 31 29 14 15 37 7 21 19 5 24 2 28 27 26 10 3 8 32 33 47 25 1 48 13 36 46 20 23 38 
student 433: 33 50 43 42 31 3 11 49 34 44 12 21 45 41 16 38 35 5 18 14 17 27 36 15 8 37 6 22 19 7 25 1 28 30 26 10 2 9 29 32 48 24 4 47 13 39 46 20 23 40 
student 434: 34 48 45 40 29 9 11 49 41 43 10 21 44 42 13 38 35 2 18 14 15 31 30 12 17 33 8 19 27 7 24 3 28 26 25 5 4 6 32 37 50 23 1 46 16 36 47 20 22 39 
student 435: 34 49 46 42 31 4 11 48 41 40 8 21 43 45 14 36 32 2 18 12 13 28 33 16 17 35 7 20 19 5 25 3 22 29 26 6 9 10 30 38 50 24 1 44 15 37 47 23 27 39 
student 436: 34 49 46 43 31 5 10 48 40 44 12 21 42 41 16 39 33 4 18 9 15 32 28 14 13 38 11 20 19 6 26 2 27 30 24 8 1 7 29 35 50 25 3 47 17 37 45 23 22 36 
student 437: 30 50 45 40 34 3 8 48 41 43 10 23 46 44 17 33 32 1 18 12 14 29 35 13 16 31 11 19 20 4 25 5 27 28 26 9 6 7 37 38 49 21 2 42 15 36 47 22 24 39 
student 438: 32 49 42 40 34 5 10 48 39 43 12 23 45 44 16 36 35 4 19 14 11 29 30 13 17 38 6 21 18 7 26 2 24 28 27 8 3 9 31 37 50 22 1 46 15 33 47 20 25 41 
student 439: 33 50 44 39 30 4 10 47 42 40 13 21 46 43 19 38 34 5 20 14 12 32 26 11 17 35 8 16 18 6 27 2 29 28 25 7 3 9 31 36 49 24 1 48 15 37 45 22 23 41 
student 440: 29 50 43 41 33 4 10 48 38 42 11 21 44 45 20 37 34 5 15 12 14 31 30 13 16 35 8 17 18 6 28 2 25 27 26 7 3 9 32 39 49 24 1 46 19 36 47 22 23 40 
student 441: 33 49 43 41 32 4 10 48 39 42 11 24 44 45 18 37 34 5 15 13 14 27 29 12 16 35 9 19 20 8 25 2 26 31 28 6 3 7 30 40 50 23 1 47 17 36 46 21 22 38 
student 442: 33 50 43 42 32 1 10 47 41 40 11 24 45 44 18 34 35 4 15 12 14 29 28 13 19 37 9 20 21 7 26 5 23 30 25 6 2 8 31 39 48 27 3 49 16 36 46 17 22 38 
student 443: 34 45 46 38 32 5 10 50 42 41 12 19 44 43 11 36 33 4 20 13 16 31 30 14 18 35 7 21 17 6 24 2 27 29 28 9 3 8 26 39 48 25 1 49 15 37 47 22 23 40 
student 444: 31 49 44 40 30 5 11 48 42 47 12 22 45 43 16 38 35 7 17 10 15 33 34 13 14 36 8 19 20 4 26 2 25 27 32 9 3 6 28 39 50 23 1 41 18 29 46 21 24 37 
student 445: 33 49 40 39 32 2 7 48 43 44 11 20 45 41 17 37 36 4 18 14 15 29 28 12 16 34 8 19 21 6 24 5 23 31 26 9 3 10 30 38 50 25 1 46 13 35 47 22 27 42 
student 446: 28 48 43 42 34 6 9 49 40 41 11 20 46 44 15 33 35 5 18 12 14 36 30 16 17 32 10 19 22 4 23 3 25 31 26 8 2 7 27 39 50 29 1 47 13 37 45 21 24 38 
student 447: 33 49 44 41 32 3 10 48 40 42 12 20 45 43 17 37 35 4 18 11 14 31 29 13 16 34 9 21 19 8 25 1 28 27 26 7 2 6 30 38 50 22 5 46 15 36 47 24 23 39 
student 448: 33 46 44 40 30 4 12 48 37 42 11 22 45 43 17 34 35 5 20 13 14 29 31 9 16 36 8 18 19 6 25 2 26 28 27 7 3 10 32 38 50 24 1 49 15 39 47 23 21 41 
student 449: 36 47 45 41 33 5 9 50 40 42 12 23 43 44 18 37 34 10 11 14 16 28 30 15 19 32 7 17 20 3 24 2 26 29 27 6 4 8 31 38 49 25 1 48 13 35 46 22 21 39 
student 450: 33 50 45 40 32 2 11 47 42 43 9 21 44 41 15 37 34 3 18 12 13 30 28 14 17 35 7 19 22 6 24 4 25 29 27 10 5 8 31 38 49 26 1 46 16 36 48 20 23 39 
student 451: 34 49 44 43 32 5 10 47 41 39 14 21 50 45 18 37 33 3 17 13 12 30 29 11 16 36 7 20 25 6 24 4 27 28 26 8 1 9 31 40 48 22 2 46 15 35 42 19 23 38 
student 452: 35 49 44 41 32 7 11 50 37 42 9 24 43 47 14 36 34 4 18 12 15 29 30 13 17 33 6 19 22 3 26 5 27 28 21 10 2 8 31 40 45 23 1 46 16 39 48 20 25 38 
student 453: 33 49 42 41 32 7 6 50 43 40 14 24 46 44 18 39 34 3 17 9 12 29 28 13 16 36 10 19 22 8 23 4 26 30 27 5 1 11 31 37 48 21 2 45 15 35 47 20 25 38 
student 454: 34 49 44 42 32 6 9 48 38 41 11 22 45 43 16 37 35 4 18 13 12 29 27 14 17 33 7 19 20 5 24 1 26 31 28 8 3 10 30 39 50 23 2 47 15 36 46 21 25 40 
student 455: 34 48 45 41 32 6 9 47 43 39 11 21 42 44 18 35 33 5 17 12 14 30 26 13 19 37 8 16 23 4 22 2 25 27 29 7 3 10 31 38 50 24 1 46 15 36 49 20 28 40 
student 456: 34 49 44 42 31 4 10 48 41 43 11 25 45 40 19 36 35 7 16 12 13 30 28 18 14 33 8 23 21 5 24 2 26 29 27 6 3 9 32 38 50 17 1 46 15 37 47 22 20 39 
student 457: 31 50 45 44 32 4 12 46 39 40 10 22 42 41 16 34 33 2 18 11 14 30 28 13 17 35 7 20 19 6 23 5 26 29 27 8 3 9 36 43 49 24 1 48 15 37 47 21 25 38 
student 458: 30 49 44 40 35 2 9 48 39 42 12 24 46 45 15 37 34 5 19 13 10 31 28 14 17 33 11 16 21 6 23 4 25 29 27 7 1 8 32 38 50 26 3 43 18 36 47 20 22 41 
student 459: 28 50 41 43 33 4 9 47 42 38 10 22 44 46 17 37 34 2 19 14 15 29 31 12 18 35 8 13 21 6 26 3 25 30 27 7 5 11 32 39 49 24 1 45 16 36 48 20 23 40 
student 460: 32 50 44 43 29 2 12 49 41 40 11 22 47 42 16 35 38 4 18 8 15 31 28 13 17 36 9 20 19 6 27 1 30 26 25 7 3 10 33 39 48 24 5 46 14 34 45 21 23 37 
student 461: 31 48 44 41 32 6 9 47 36 42 10 23 45 43 13 39 33 5 18 11 14 34 28 15 17 37 8 19 21 4 26 1 24 30 27 7 3 12 29 38 50 25 2 49 16 35 46 22 20 40 
student 462: 34 49 44 39 31 2 9 47 42 43 10 23 46 41 16 37 33 7 21 12 15 32 30 13 17 36 11 18 20 6 26 3 27 28 25 5 4 8 29 38 50 24 1 45 14 35 48 19 22 40 
student 463: 37 49 46 40 32 6 10 48 42 43 11 21 44 41 17 38 26 3 18 13 14 30 33 12 15 35 8 28 20 5 25 1 24 29 27 7 4 9 31 39 50 23 2 47 16 34 45 19 22 36 
student 464: 35 47 44 40 33 7 5 50 41 42 10 19 45 43 17 38 32 4 18 11 14 30 29 12 16 34 13 20 21 9 24 2 25 28 27 6 1 8 31 36 49 26 3 48 15 37 46 23 22 39 
student 465: 34 49 44 41 32 4 10 48 40 43 12 20 46 42 14 37 33 6 17 11 16 30 29 13 15 36 8 18 19 5 26 2 24 28 27 9 3 7 31 38 50 23 1 47 22 35 45 21 25 39 
student 466: 33 46 47 42 37 6 14 49 41 40 8 22 45 43 12 38 31 10 20 15 13 32 29 9 17 34 7 18 19 3 28 2 25 27 26 5 4 11 30 36 50 24 1 48 16 35 44 21 23 39 
student 467: 34 50 45 42 33 3 11 49 41 40 10 23 44 43 16 37 35 5 18 12 15 30 29 13 17 31 4 21 20 6 25 1 26 28 27 8 2 9 32 38 48 22 7 47 14 36 46 19 24 39 
student 468: 32 49 43 42 31 5 7 48 39 40 13 22 45 44 16 37 36 3 19 12 15 30 29 10 17 34 8 18 20 11 26 2 24 28 27 6 4 9 33 38 50 25 1 46 14 35 47 23 21 41 
student 469: 32 50 41 42 33 6 9 48 40 43 10 21 45 44 15 37 34 4 20 13 12 31 29 11 16 35 5 19 23 7 25 2 26 27 30 14 3 8 28 38 49 24 1 47 17 36 46 22 18 39 
student 470: 34 49 45 42 32 5 10 48 38 41 12 21 43 44 17 35 33 4 19 11 16 31 29 15 18 36 6 20 24 7 27 3 25 28 23 8 2 9 30 39 50 26 1 46 14 37 47 13 22 40 
student 471: 34 48 43 39 31 6 10 46 42 44 11 20 41 45 16 40 33 8 17 13 14 28 30 12 18 37 5 23 19 3 22 2 29 26 27 9 4 7 32 38 50 25 1 49 15 35 47 21 24 36 
student 472: 32 49 45 39 33 3 13 47 37 41 8 20 44 43 15 38 34 5 19 10 14 30 29 12 17 36 11 18 21 6 24 4 22 27 25 7 2 9 31 40 50 28 1 48 16 35 46 26 23 42 
student 473: 34 48 45 42 31 5 9 47 41 43 12 21 44 40 15 37 33 10 16 13 14 32 30 11 18 35 8 20 22 3 24 4 28 27 23 6 2 7 29 39 49 25 1 50 17 36 46 19 26 38 
student 474: 32 49 44 40 36 4 12 48 41 43 7 22 45 42 17 38 33 5 16 13 15 31 27 11 18 34 9 20 19 6 26 2 25 29 28 8 3 10 30 37 50 24 1 47 14 35 46 21 23 39 
student 475: 34 50 43 40 32 7 11 48 39 41 13 21 45 44 16 37 35 4 20 10 14 29 30 12 17 33 9 18 22 5 25 1 26 28 27 8 3 6 31 38 49 24 2 47 15 36 46 19 23 42 
student 476: 33 48 46 41 31 3 11 47 40 43 9 22 38 44 17 37 34 6 18 12 14 32 28 13 15 35 7 20 19 5 26 1 23 29 27 8 2 10 30 42 50 21 4 49 16 36 45 24 25 39 
student 477: 34 49 39 44 33 4 10 48 41 42 11 20 46 43 18 35 32 3 17 12 15 29 30 13 19 36 9 21 23 5 28 1 22 25 26 7 6 8 31 40 50 24 2 47 16 37 45 14 27 38 
student 478: 39 47 44 35 32 6 4 49 42 40 9 22 46 43 16 37 36 5 18 12 14 31 29 13 15 34 8 19 21 10 28 2 26 27 25 7 3 11 33 41 50 23 1 48 17 30 45 20 24 38 
student 479: 34 50 45 44 30 3 11 48 40 42 9 19 46 43 16 37 35 4 17 12 13 33 29 14 23 38 6 18 20 5 26 7 25 28 27 10 2 8 31 36 49 21 1 47 15 32 41 24 22 39 
student 480: 33 49 44 41 32 7 9 47 39 43 15 23 45 42 16 38 35 5 22 13 12 30 27 11 17 34 10 18 20 3 24 2 29 28 26 6 4 8 31 36 50 25 1 48 14 37 46 19 21 40 
student 481: 33 50 44 41 32 5 10 46 40 42 14 21 45 43 19 37 34 3 17 11 13 28 30 12 18 35 7 22 16 6 26 2 25 29 27 8 4 9 31 39 47 24 1 49 15 36 48 20 23 38 
student 482: 31 48 45 39 35 5 10 47 43 40 11 22 44 42 18 38 33 6 20 12 14 32 29 13 16 36 8 19 17 2 26 3 27 28 25 7 4 9 30 34 50 24 1 49 15 37 46 21 23 41 
student 483: 35 49 44 46 32 7 11 48 40 42 14 23 41 43 16 37 34 6 19 10 13 28 31 12 17 33 5 18 20 9 27 1 25 26 29 4 3 8 30 39 50 24 2 47 15 36 45 21 22 38 
student 484: 32 49 47 41 31 2 9 43 36 42 12 22 45 44 14 34 35 6 17 10 15 30 29 13 16 38 5 19 20 7 28 1 25 27 26 11 4 8 33 40 50 24 3 48 18 37 46 21 23 39 
student 485: 33 49 47 41 32 5 8 50 39 42 10 23 44 43 18 37 34 4 15 13 16 30 29 19 14 35 7 20 17 9 25 2 26 28 27 6 3 12 31 40 48 24 1 45 11 36 46 21 22 38 
student 486: 33 48 43 41 32 5 13 50 39 42 10 25 46 45 16 38 35 3 18 11 15 23 28 14 17 36 9 19 20 7 27 2 24 30 29 8 4 6 31 40 49 26 1 47 12 37 44 21 22 34 
student 487: 34 48 45 40 33 3 13 50 39 42 9 22 44 43 14 37 35 6 16 12 15 36 28 11 17 31 7 21 20 5 26 2 25 30 29 10 4 8 27 38 47 24 1 49 18 32 46 19 23 41 
student 488: 32 50 45 42 31 6 7 48 39 41 3 21 44 43 14 37 35 8 20 11 16 30 29 15 19 36 9 18 17 5 26 1 25 28 27 10 4 12 33 38 49 24 2 47 13 34 46 22 23 40 
student 489: 33 48 44 40 30 3 11 46 41 42 13 22 47 43 14 37 34 1 18 9 16 32 29 12 17 35 6 21 20 7 25 4 26 28 27 8 5 10 31 39 50 23 2 45 15 36 49 24 19 38 
student 490: 30 49 46 43 35 7 13 48 41 40 8 22 45 42 15 36 33 3 18 11 17 32 27 12 16 34 9 19 21 4 25 2 26 28 29 5 6 10 31 39 50 24 1 47 14 38 44 20 23 37 
student 491: 34 47 46 41 29 6 10 48 40 44 11 23 45 42 17 35 36 1 18 12 14 32 31 13 16 37 8 20 19 7 24 5 26 27 30 9 4 3 28 38 50 25 2 49 15 33 43 21 22 39 
student 492: 33 48 44 42 32 8 10 47 36 40 12 20 45 43 15 38 37 2 18 13 14 30 27 11 16 34 6 19 21 3 24 5 25 29 28 9 4 7 31 35 50 26 1 46 17 39 49 23 22 41 
student 493: 29 48 41 40 32 6 9 49 42 44 11 19 45 39 17 37 35 4 18 13 16 31 27 12 21 36 8 14 22 5 26 2 28 30 25 10 3 7 33 38 50 20 1 46 15 34 47 23 24 43 
student 494: 31 49 43 42 34 5 9 48 41 39 10 20 45 44 17 37 33 4 16 12 15 30 29 13 19 35 8 18 21 6 27 2 24 28 26 7 3 11 32 38 50 23 1 46 14 36 47 22 25 40 
student 495: 34 50 45 41 33 5 10 47 42 44 12 23 43 38 17 39 31 4 16 11 18 29 32 14 15 35 9 19 20 7 25 2 26 27 28 6 3 8 30 37 48 24 1 49 13 36 46 21 22 40 
student 496: 33 49 44 41 32 5 10 48 40 42 8 22 45 43 12 36 34 3 19 13 15 28 30 14 16 35 9 21 18 6 23 2 25 29 27 7 4 11 31 38 50 26 1 46 17 39 47 20 24 37 
student 497: 36 48 47 38 31 4 5 45 41 42 10 22 43 44 16 39 29 8 18 12 15 32 30 13 17 34 9 21 19 6 25 2 26 28 27 7 3 11 33 40 50 23 1 46 14 35 49 20 24 37 
student 498: 36 48 44 42 30 6 11 50 40 41 13 21 45 43 12 35 29 5 17 14 16 33 26 15 19 34 7 18 20 4 25 1 32 31 27 8 3 10 28 38 49 24 2 46 9 37 47 22 23 39 
student 499: 31 48 44 39 36 9 8 47 38 40 13 21 46 43 16 42 33 7 17 11 14 30 27 12 18 34 6 20 19 4 24 1 28 25 29 5 3 10 32 41 50 23 2 49 15 35 45 22 26 37 
