student 0: 26 33 34 24 27 50 38 31 47 5 45 25 18 2 32 15 36 23 1 20 28 37 43 46 9 10 6 35 17 21 48 29 44 49 13 7 30 4 12 14 22 41 16 40 8 42 11 39 3 19 
student 1: 27 32 33 25 30 48 38 28 46 4 49 23 18 3 34 14 35 24 2 20 31 36 43 42 9 10 8 37 17 21 50 26 45 47 16 6 29 5 11 12 22 41 15 39 13 44 7 40 1 19 
student 2: 25 30 33 19 27 48 38 32 46 3 49 26 20 4 35 15 36 22 2 24 28 34 44 40 5 9 8 37 16 21 50 31 45 47 14 7 29 6 12 17 23 39 13 42 10 43 11 41 1 18 
student 3: 24 32 41 29 30 48 40 28 46 4 50 20 22 1 34 15 35 23 2 19 27 38 43 42 13 9 6 33 17 21 49 26 45 47 18 7 31 5 12 11 25 39 14 37 8 44 10 36 3 16 
student 4: 31 29 34 30 26 46 39 32 48 2 47 19 18 5 33 20 35 24 1 17 25 38 43 45 8 9 10 37 16 22 50 27 44 49 15 6 28 3 12 13 23 42 14 40 7 41 11 36 4 21 
student 5: 26 32 33 25 27 47 39 29 46 5 49 23 17 3 34 15 35 24 2 19 28 36 44 41 4 10 7 38 18 21 50 30 42 48 16 9 31 6 12 14 22 43 13 40 8 45 11 37 1 20 
student 6: 26 33 32 25 27 49 40 31 46 2 47 24 20 4 37 16 34 23 1 19 29 35 44 42 8 10 7 36 17 21 50 28 45 48 15 6 30 5 9 14 22 38 12 41 11 43 13 39 3 18 
student 7: 25 32 33 22 28 47 39 30 46 4 49 24 20 2 34 15 36 26 1 16 29 37 43 42 8 9 5 35 17 23 50 27 44 48 18 6 31 7 12 14 21 40 13 41 10 45 11 38 3 19 
student 8: 26 32 33 29 27 50 38 30 47 6 46 25 19 3 34 15 35 24 1 21 28 36 43 40 11 7 5 37 17 20 49 31 45 48 18 8 23 4 9 10 22 41 14 42 12 44 13 39 2 16 
student 9: 26 31 38 25 29 47 39 28 46 5 50 23 20 3 33 14 35 24 1 21 27 36 44 41 10 12 7 34 18 22 49 32 45 48 17 6 30 4 15 8 19 40 11 43 9 42 13 37 2 16 
student 10: 26 36 37 27 30 46 40 28 48 2 49 22 19 1 32 15 34 24 3 21 25 38 43 42 6 9 5 33 18 20 50 31 44 47 17 11 29 8 10 14 23 41 12 39 7 45 13 35 4 16 
student 11: 26 32 35 25 29 49 39 30 45 5 48 23 19 4 33 17 37 24 2 16 27 38 44 36 7 10 6 34 18 20 50 28 46 47 13 8 31 3 11 12 21 40 15 41 9 43 14 42 1 22 
student 12: 26 31 33 23 27 50 40 32 44 3 47 25 16 4 35 15 37 24 1 20 29 38 45 43 10 8 7 34 17 22 48 30 41 46 18 6 28 5 13 12 19 42 14 39 9 49 11 36 2 21 
student 13: 26 28 34 23 29 49 39 32 45 3 47 25 19 2 33 15 37 24 1 20 27 36 46 41 6 8 7 35 17 21 48 31 44 43 16 9 30 5 12 13 22 40 14 42 11 50 10 38 4 18 
student 14: 25 31 33 24 27 47 39 28 48 6 49 26 21 2 34 15 36 22 1 19 30 37 42 41 9 10 5 35 18 23 50 29 45 46 17 7 32 4 12 14 20 40 13 43 11 44 8 38 3 16 
student 15: 24 31 33 28 27 45 41 32 47 6 50 23 22 4 34 15 36 26 1 19 25 37 43 46 7 9 5 35 17 18 49 29 44 48 16 8 30 2 13 12 21 42 10 39 11 40 14 38 3 20 
student 16: 25 38 34 24 27 47 39 31 48 4 50 23 18 3 32 17 33 22 2 21 28 36 43 44 7 9 6 35 16 26 49 29 45 46 11 8 30 5 15 14 20 40 13 41 10 42 12 37 1 19 
student 17: 26 33 27 25 28 47 39 32 48 5 50 24 19 4 35 15 36 23 2 20 29 37 43 41 9 7 3 34 17 21 49 30 44 46 16 8 31 6 10 14 22 40 13 45 11 42 12 38 1 18 
student 18: 28 32 33 25 29 49 38 31 44 5 50 23 21 1 34 15 36 24 2 19 30 39 47 40 8 9 6 35 18 22 48 26 45 46 17 7 27 4 14 12 20 42 16 41 10 43 11 37 3 13 
student 19: 26 33 31 27 28 46 38 32 45 4 47 22 20 3 36 15 34 25 1 21 24 40 43 41 8 7 9 35 18 17 50 29 49 48 16 6 30 5 12 13 23 39 14 42 10 44 11 37 2 19 
student 20: 26 32 34 25 27 48 40 31 46 4 50 23 19 2 33 16 35 24 1 21 30 38 45 43 7 9 8 36 17 20 49 28 42 47 13 6 29 5 12 15 22 39 14 41 10 44 11 37 3 18 
student 21: 27 31 35 23 26 48 37 30 46 1 49 24 17 6 32 14 36 25 2 21 28 39 44 41 7 8 4 34 18 19 50 29 45 47 16 5 33 10 15 11 22 40 13 42 12 43 9 38 3 20 
student 22: 28 31 32 25 27 48 39 34 47 4 49 21 19 3 33 14 37 23 1 20 29 38 43 42 8 9 7 35 16 22 50 26 45 46 17 6 30 5 12 13 24 40 15 41 10 44 11 36 2 18 
student 23: 26 33 34 24 27 43 39 32 48 4 49 23 18 2 31 16 37 25 1 21 30 38 45 40 9 11 6 36 19 20 50 29 46 47 17 7 28 5 12 13 22 42 14 41 10 44 8 35 3 15 
student 24: 24 31 33 22 26 47 40 30 45 3 48 25 17 4 35 14 36 27 1 20 28 37 44 38 10 5 7 34 18 21 50 29 49 46 16 8 32 6 12 13 23 41 15 42 9 43 11 39 2 19 
student 25: 28 32 33 25 29 49 38 31 46 4 50 20 17 3 34 14 36 23 2 21 26 37 43 44 8 9 6 35 18 24 48 27 45 47 15 7 30 5 13 11 22 41 16 40 10 42 12 39 1 19 
student 26: 29 32 40 25 26 46 37 31 48 2 49 23 24 5 33 15 34 21 1 19 30 35 44 42 7 10 6 36 17 20 50 27 45 47 16 8 28 3 13 12 22 41 14 39 11 43 9 38 4 18 
student 27: 26 34 32 25 27 50 39 31 46 4 47 23 19 2 33 13 37 24 1 22 28 38 42 43 8 10 5 36 18 21 49 29 45 48 15 7 30 6 12 14 20 40 17 41 11 44 9 35 3 16 
student 28: 27 33 34 24 26 48 38 31 45 1 49 25 20 7 32 17 37 23 4 19 29 36 46 43 10 9 3 35 15 21 50 28 44 47 18 6 30 5 13 12 22 39 14 42 8 40 11 41 2 16 
student 29: 25 31 37 26 28 47 38 32 45 4 49 20 18 3 33 17 34 23 1 19 27 43 42 39 11 8 6 35 15 22 50 30 44 48 16 7 29 5 12 10 24 40 14 46 9 41 13 36 2 21 
student 30: 24 32 33 27 26 49 39 31 45 5 50 22 18 3 35 14 37 25 1 20 29 34 44 41 9 6 7 36 17 21 48 30 46 47 16 8 28 4 12 13 23 42 15 40 11 43 10 38 2 19 
student 31: 26 33 31 25 27 48 34 30 44 6 50 24 19 5 35 16 39 22 1 20 28 38 46 40 8 10 4 37 17 21 49 29 45 47 14 9 32 7 13 15 23 43 3 41 12 42 11 36 2 18 
student 32: 22 33 28 25 26 50 40 31 46 5 48 27 18 4 34 15 35 24 1 20 29 36 43 44 8 9 7 37 16 21 49 30 45 47 17 3 32 6 12 13 23 41 14 38 10 42 11 39 2 19 
student 33: 26 32 36 25 27 47 38 29 45 3 49 23 19 5 34 15 40 24 2 21 28 35 43 42 6 7 10 33 17 20 50 31 48 46 16 4 30 8 12 11 22 41 14 39 13 44 9 37 1 18 
student 34: 23 29 32 26 28 49 38 31 46 3 47 22 24 1 35 14 36 25 4 18 27 40 43 39 9 7 5 34 16 21 50 33 44 48 17 6 30 8 12 11 20 41 15 45 10 42 13 37 2 19 
student 35: 26 29 31 25 27 48 40 32 45 1 50 23 19 2 34 15 35 24 4 20 33 36 44 43 8 9 7 39 18 21 47 28 46 49 16 6 30 5 14 12 22 38 13 42 10 41 11 37 3 17 
student 36: 26 32 33 24 30 47 38 31 46 6 48 23 21 5 34 14 35 25 1 17 27 37 41 43 10 9 3 36 20 19 50 28 49 44 15 7 29 4 12 18 22 39 13 42 11 45 8 40 2 16 
student 37: 27 32 33 25 26 48 39 30 44 3 49 23 18 4 34 15 37 24 2 20 29 36 43 40 7 12 5 35 17 22 50 28 45 47 14 8 31 6 16 10 21 42 11 46 9 41 13 38 1 19 
student 38: 30 34 31 24 26 48 39 29 42 5 50 20 17 3 33 16 35 22 2 19 27 37 44 46 8 9 4 36 18 23 49 28 45 47 12 6 32 7 10 15 25 43 14 40 13 41 11 38 1 21 
student 39: 24 30 33 23 27 44 39 32 50 1 47 26 18 3 34 9 36 25 2 20 28 37 43 41 12 16 6 35 17 21 49 29 45 48 14 8 31 5 7 13 22 40 15 42 10 46 11 38 4 19 
student 40: 28 34 32 24 29 47 39 30 49 6 50 22 19 3 40 17 33 26 1 21 25 36 44 42 9 10 5 35 16 18 48 27 43 46 15 7 31 4 13 12 23 38 14 41 8 45 11 37 2 20 
student 41: 25 32 33 23 26 50 39 30 46 3 48 21 19 2 34 17 36 22 1 24 28 37 47 42 9 13 6 35 18 27 49 29 44 45 15 7 31 4 8 11 20 40 14 41 10 43 12 38 5 16 
student 42: 31 28 36 27 23 48 38 32 47 6 49 21 19 3 30 15 33 24 1 20 29 37 45 43 11 7 8 35 17 22 50 26 41 46 16 9 34 4 14 13 25 42 10 40 5 44 12 39 2 18 
student 43: 26 37 32 23 28 49 40 30 46 4 50 25 16 3 39 15 36 24 2 21 27 34 47 41 7 8 6 33 18 22 45 29 35 48 12 9 31 5 11 14 17 42 19 43 10 44 13 38 1 20 
student 44: 25 34 32 26 30 47 40 33 45 6 49 23 20 2 28 15 36 24 1 19 31 37 44 41 8 7 5 35 18 21 50 27 46 48 16 13 29 4 11 14 22 43 12 39 9 42 10 38 3 17 
student 45: 28 31 32 24 26 48 39 33 47 4 50 25 18 1 34 14 36 23 2 19 27 37 44 42 11 8 5 35 17 22 49 30 45 46 15 7 29 6 12 16 21 41 13 40 9 43 10 38 3 20 
student 46: 26 33 32 24 27 48 40 31 47 4 50 23 19 3 34 13 36 22 1 20 29 38 43 42 9 10 8 35 16 21 49 28 46 45 17 5 30 6 11 12 25 41 15 39 7 44 14 37 2 18 
student 47: 26 32 35 25 27 47 38 31 44 4 50 21 20 2 33 14 39 24 1 17 29 37 45 42 7 8 9 34 18 22 49 30 46 48 16 6 28 5 15 12 23 41 13 40 10 43 11 36 3 19 
student 48: 25 33 34 27 24 49 39 29 43 2 47 23 19 3 35 14 38 26 1 18 28 32 44 42 6 8 4 36 17 20 50 30 46 48 16 9 31 7 12 13 22 40 15 41 11 45 10 37 5 21 
student 49: 26 32 33 24 27 46 41 29 47 4 50 23 19 1 34 15 35 25 3 21 28 37 44 42 8 9 2 36 16 20 49 30 45 48 17 6 31 7 12 13 22 39 14 40 11 43 10 38 5 18 
student 50: 26 31 33 25 27 47 39 30 46 4 50 23 19 3 35 16 36 24 2 20 28 37 44 40 8 9 6 32 13 21 48 29 45 49 14 5 34 7 11 12 22 41 18 42 10 43 15 38 1 17 
student 51: 26 29 33 25 28 48 42 30 47 4 49 22 18 1 34 14 37 24 3 20 27 38 44 40 10 8 7 35 21 19 50 31 43 46 15 6 32 5 13 16 23 41 11 39 9 45 12 36 2 17 
student 52: 25 34 30 24 28 49 42 32 46 5 50 23 19 3 33 15 35 27 1 20 29 36 40 41 7 8 6 37 16 21 47 26 44 48 17 9 31 4 14 13 22 39 12 45 10 43 11 38 2 18 
student 53: 26 32 34 25 28 47 39 30 49 5 48 22 19 1 35 15 36 24 2 20 29 38 43 41 9 12 8 33 16 21 50 27 45 46 14 7 31 4 11 13 23 44 18 40 10 42 6 37 3 17 
student 54: 25 30 34 24 28 48 41 36 37 4 49 23 20 3 29 16 38 27 2 19 26 39 43 45 7 9 6 33 17 21 50 31 44 47 15 8 32 5 13 12 22 40 14 42 10 46 11 35 1 18 
student 55: 27 32 33 25 26 49 35 31 47 5 45 24 19 4 34 14 36 20 2 21 28 38 48 42 10 11 6 37 16 23 46 30 44 50 15 9 29 3 8 13 22 39 17 41 7 43 12 40 1 18 
student 56: 25 31 33 27 26 46 39 32 42 3 48 24 19 4 34 12 35 23 1 20 29 37 43 41 10 9 6 36 16 21 50 28 49 47 17 7 30 5 13 15 22 44 14 40 8 45 11 38 2 18 
student 57: 23 29 34 27 32 49 42 31 45 3 48 21 24 4 33 13 36 25 1 20 26 37 46 40 5 10 7 35 17 19 50 30 43 47 16 8 28 6 15 9 22 44 14 38 11 41 12 39 2 18 
student 58: 25 31 32 23 27 45 37 34 47 4 48 21 19 3 33 16 38 26 1 20 30 36 40 42 9 6 7 35 17 24 50 29 46 49 15 8 28 5 13 14 22 41 12 44 10 39 11 43 2 18 
student 59: 28 33 34 25 26 47 40 31 46 3 49 24 19 5 36 17 35 22 1 21 27 38 41 42 10 7 9 32 16 20 50 30 45 48 14 6 29 4 13 12 23 39 15 44 8 43 11 37 2 18 
student 60: 26 32 33 25 27 48 41 31 44 5 49 23 19 3 34 15 36 24 2 20 28 37 47 42 8 9 7 35 17 21 50 29 45 46 16 4 30 6 13 12 22 39 14 40 10 43 11 38 1 18 
student 61: 27 32 33 25 30 49 38 28 47 1 50 21 19 2 36 14 35 24 3 20 29 37 44 42 8 11 7 34 22 16 48 26 46 43 17 6 31 5 10 13 23 40 15 41 9 45 12 39 4 18 
student 62: 24 31 35 27 26 48 39 29 44 5 47 23 16 4 33 14 37 25 2 20 28 38 46 42 9 7 1 36 15 21 50 32 45 49 17 8 30 6 11 12 22 41 13 43 10 40 18 34 3 19 
student 63: 26 32 33 28 25 50 42 31 47 6 46 23 21 4 34 18 36 20 2 19 29 40 43 39 8 10 1 35 17 24 48 27 44 49 16 7 30 5 13 12 22 45 14 38 9 41 11 37 3 15 
student 64: 28 31 33 25 26 46 35 32 44 4 50 23 18 1 34 15 36 24 3 19 27 38 43 45 9 11 7 37 17 22 49 29 47 48 16 5 30 8 14 12 21 42 13 39 10 41 6 40 2 20 
student 65: 27 33 34 25 26 46 38 30 45 5 47 24 18 2 32 20 37 21 1 22 31 41 44 43 9 3 7 35 16 19 50 28 49 48 15 8 29 6 11 12 23 39 13 40 14 42 10 36 4 17 
student 66: 27 30 34 25 28 50 41 33 48 6 47 23 20 2 35 15 31 24 1 19 32 39 45 40 9 10 8 36 18 21 46 29 44 49 16 5 26 4 12 14 22 42 13 38 7 43 11 37 3 17 
student 67: 28 33 35 24 27 47 36 37 48 1 49 25 19 3 30 15 32 23 2 20 29 38 44 42 8 6 4 34 18 21 50 26 45 46 16 7 31 9 11 13 22 40 14 41 10 43 12 39 5 17 
student 68: 26 35 31 24 27 49 39 33 46 3 48 23 19 6 32 15 36 25 1 20 28 37 43 42 4 10 7 34 16 22 50 29 45 47 17 8 30 5 12 11 21 41 14 40 9 44 13 38 2 18 
student 69: 26 35 34 25 27 47 39 30 48 2 50 23 20 3 32 16 33 24 4 19 28 36 43 45 7 10 6 38 18 22 49 29 46 42 15 9 31 5 11 13 21 40 14 41 8 44 12 37 1 17 
student 70: 23 32 30 26 27 49 41 28 47 5 48 24 18 4 36 15 34 25 1 17 33 37 43 45 6 8 7 35 19 22 50 29 46 44 16 9 31 2 12 13 21 42 14 39 10 40 11 38 3 20 
student 71: 27 34 35 25 26 48 39 31 45 3 49 23 19 9 33 13 40 24 1 21 29 36 44 43 5 6 4 37 17 22 50 30 46 47 16 12 28 2 10 15 20 32 14 41 8 42 11 38 7 18 
student 72: 28 32 35 26 25 49 42 29 43 2 44 24 17 9 34 16 36 22 1 19 31 38 45 37 10 7 4 33 18 20 50 30 46 48 15 6 27 3 11 13 21 40 12 47 8 41 14 39 5 23 
student 73: 29 31 35 26 27 48 39 28 47 4 49 23 19 3 32 16 36 24 1 20 25 37 43 40 7 11 6 34 17 21 50 30 44 45 14 8 33 5 12 13 22 41 15 42 9 46 10 38 2 18 
student 74: 29 32 34 26 25 46 39 31 45 9 49 18 21 4 33 17 35 23 1 19 27 40 42 38 10 11 3 36 20 24 50 28 47 48 15 5 30 8 12 13 22 43 14 41 6 44 7 37 2 16 
student 75: 27 34 31 25 26 49 41 32 46 5 50 24 20 2 35 15 36 23 3 19 29 37 45 44 8 9 7 33 17 21 48 28 43 47 16 6 30 4 10 13 22 39 14 40 11 42 12 38 1 18 
student 76: 25 33 32 27 26 49 40 31 48 6 47 23 20 4 34 13 37 24 1 21 29 36 44 42 9 8 3 35 18 19 50 28 45 46 16 7 30 5 11 12 22 41 15 39 10 43 14 38 2 17 
student 77: 26 31 32 27 29 47 37 33 49 3 48 23 21 6 34 15 35 17 1 22 24 42 44 41 9 10 4 36 18 19 50 28 45 46 20 8 30 7 14 13 25 40 12 39 5 43 11 38 2 16 
student 78: 25 35 31 26 27 46 41 30 47 3 48 23 19 2 32 10 36 24 1 20 29 37 45 42 7 6 8 34 16 21 50 28 39 49 18 12 33 5 14 11 22 40 15 44 9 43 13 38 4 17 
student 79: 24 33 35 28 26 47 40 31 46 4 49 25 21 3 36 16 32 23 2 19 27 38 41 42 9 11 7 37 15 22 50 29 45 48 18 8 30 6 14 12 20 39 13 43 5 44 10 34 1 17 
student 80: 27 32 34 24 26 44 39 31 43 4 50 23 22 3 33 14 37 20 1 21 28 38 47 42 8 9 5 35 17 25 49 30 46 48 16 7 29 6 13 10 19 40 15 41 12 45 11 36 2 18 
student 81: 25 31 35 26 27 47 38 32 46 8 49 23 20 4 33 16 40 24 1 19 29 36 43 41 10 6 5 34 17 21 50 30 45 48 15 9 28 3 7 13 22 42 14 39 11 44 12 37 2 18 
student 82: 27 31 32 24 26 49 39 33 46 3 45 23 19 4 34 16 38 25 1 20 28 36 43 44 8 6 7 35 21 18 50 29 42 48 14 9 30 5 11 12 22 40 13 41 10 47 15 37 2 17 
student 83: 27 32 34 25 26 49 39 31 44 8 48 21 20 4 35 14 36 24 1 22 28 37 40 45 7 10 5 33 17 18 50 29 46 47 16 6 30 2 11 13 23 41 15 43 12 42 9 38 3 19 
student 84: 25 32 33 27 26 44 40 31 46 4 49 22 18 3 34 15 36 23 2 20 28 37 47 41 10 9 5 35 19 21 50 29 45 48 13 6 30 7 16 12 24 42 14 39 8 43 11 38 1 17 
student 85: 26 32 30 23 29 49 37 34 46 5 48 25 20 3 33 13 40 24 1 21 27 35 43 44 7 10 6 36 17 22 50 31 45 47 15 9 28 4 11 14 18 39 16 41 12 42 8 38 2 19 
student 86: 27 36 34 23 26 47 38 31 48 4 49 22 18 3 30 15 35 24 2 19 32 41 45 43 8 7 6 33 17 20 50 29 46 44 16 5 28 11 13 14 21 39 10 42 9 40 12 37 1 25 
student 87: 27 30 32 28 25 48 39 29 46 3 50 23 20 2 34 15 36 24 1 21 31 37 44 40 10 8 7 35 19 18 49 26 45 47 11 6 33 5 12 14 22 41 13 42 9 43 16 38 4 17 
student 88: 26 33 29 22 28 47 42 31 48 4 49 23 18 2 35 17 39 24 1 20 30 38 41 40 6 9 8 34 14 21 50 27 46 45 16 7 32 5 12 15 25 43 13 36 11 44 10 37 3 19 
student 89: 26 36 30 25 27 48 41 31 46 4 50 24 18 3 33 13 35 23 2 22 29 34 44 40 8 9 7 37 17 20 49 32 45 47 19 6 28 5 10 15 21 39 16 42 12 43 11 38 1 14 
student 90: 28 31 34 23 26 48 37 30 47 4 49 22 20 3 36 16 35 25 1 19 27 38 41 43 8 9 6 33 17 24 50 29 45 46 15 7 32 5 13 11 21 40 14 39 10 42 12 44 2 18 
student 91: 26 30 31 27 23 50 39 36 49 4 46 25 19 3 37 16 32 24 2 21 28 35 47 43 8 9 6 34 18 22 48 33 44 45 17 7 29 5 11 15 20 40 13 42 10 41 12 38 1 14 
student 92: 27 31 33 25 30 48 39 32 46 4 50 23 14 3 34 17 35 24 1 20 29 41 45 40 7 9 5 38 18 21 49 26 44 47 15 8 28 6 13 12 22 37 16 42 11 43 10 36 2 19 
student 93: 27 28 31 25 26 49 40 33 45 6 47 22 21 2 34 15 35 24 1 20 29 38 39 42 9 10 5 36 17 19 50 30 44 48 16 7 32 4 12 13 23 41 14 46 11 43 8 37 3 18 
student 94: 25 31 32 23 27 45 39 30 44 5 50 24 18 3 34 14 33 26 1 20 28 36 41 48 9 6 4 43 17 21 47 29 49 46 16 8 35 7 12 13 22 37 15 38 10 42 11 40 2 19 
student 95: 27 32 33 25 29 47 39 28 48 4 50 21 18 2 34 16 36 24 1 22 31 37 45 41 9 7 6 35 17 20 49 30 44 46 15 8 26 5 11 13 23 40 14 42 10 43 12 38 3 19 
student 96: 26 32 35 22 28 47 36 30 44 4 50 23 21 1 33 15 41 24 2 18 27 40 48 42 6 10 7 34 16 20 49 29 46 45 17 8 31 5 11 14 25 37 12 39 9 43 13 38 3 19 
student 97: 25 33 32 24 27 47 39 30 49 4 48 20 21 3 35 14 38 26 2 17 28 34 44 45 7 9 10 36 16 23 50 29 46 43 15 6 31 5 11 13 22 41 18 40 8 42 12 37 1 19 
student 98: 26 31 32 24 30 50 41 29 44 7 49 23 20 3 35 16 36 25 2 22 27 37 43 42 6 10 8 33 18 17 46 28 47 48 12 5 34 4 13 14 21 39 15 40 9 45 11 38 1 19 
student 99: 25 33 32 22 26 47 37 30 48 8 49 27 20 5 34 16 38 17 1 18 28 36 44 39 7 9 4 35 19 24 50 29 46 45 15 6 31 3 13 12 21 40 14 42 10 43 11 41 2 23 
student 100: 23 33 32 25 26 50 38 31 47 4 48 27 19 2 34 14 35 24 3 18 29 37 46 42 6 13 7 36 17 20 49 28 45 44 16 9 30 5 10 11 21 40 15 41 8 43 12 39 1 22 
student 101: 27 33 35 26 23 47 41 31 46 2 50 24 14 4 32 16 37 25 3 20 30 36 43 45 9 10 7 34 18 22 49 28 44 48 17 8 29 5 13 11 19 40 21 38 12 42 6 39 1 15 
student 102: 24 33 32 27 25 50 38 31 46 5 47 26 19 3 34 14 37 23 1 20 30 39 45 41 10 6 8 35 17 22 48 28 44 49 15 7 29 4 12 13 21 40 16 42 9 43 11 36 2 18 
student 103: 27 36 32 25 26 47 38 29 46 5 50 20 17 2 33 15 37 23 1 19 28 35 43 42 9 8 6 34 21 24 49 31 44 48 18 4 30 7 11 13 22 40 14 41 10 45 12 39 3 16 
student 104: 25 34 32 29 26 49 37 30 46 6 47 24 20 2 33 19 36 22 1 17 27 38 42 43 9 10 4 35 18 15 50 31 44 48 16 7 28 5 12 13 21 39 14 45 11 40 8 41 3 23 
student 105: 28 31 35 25 29 45 38 32 47 2 48 22 20 6 33 16 36 24 1 21 30 41 46 44 4 5 7 34 15 23 50 26 49 43 17 9 27 8 13 14 19 40 12 39 10 42 11 37 3 18 
student 106: 27 32 36 21 28 49 44 31 45 7 48 24 18 2 33 14 35 25 3 22 29 37 46 42 10 4 5 34 19 20 50 26 43 47 9 8 30 6 15 12 23 40 16 41 11 39 13 38 1 17 
student 107: 26 32 34 27 25 46 38 29 45 9 50 23 13 4 33 17 36 24 2 22 30 37 43 40 8 1 5 35 18 21 49 31 47 48 16 6 28 7 12 11 20 42 15 41 10 44 14 39 3 19 
student 108: 22 35 32 24 28 48 39 31 46 4 50 25 21 3 33 15 36 26 1 19 27 37 43 42 9 6 5 34 17 20 49 29 44 47 16 8 30 7 14 13 23 40 10 41 11 45 12 38 2 18 
student 109: 27 35 31 25 26 48 39 32 47 7 49 23 22 4 33 16 34 24 3 19 28 38 44 42 9 10 5 36 17 20 50 29 46 45 14 6 30 2 12 15 21 40 13 37 8 43 11 41 1 18 
student 110: 25 33 30 26 27 47 39 29 49 5 48 21 20 7 34 15 35 24 1 19 28 38 44 43 13 8 4 32 16 23 50 31 45 46 17 3 36 6 14 11 22 41 12 42 9 40 10 37 2 18 
student 111: 27 31 36 26 24 48 38 32 47 5 49 23 17 3 33 15 34 25 1 16 29 37 40 44 8 11 7 35 19 21 50 28 46 45 14 6 30 4 13 9 22 43 18 41 10 42 12 39 2 20 
student 112: 22 31 33 26 28 48 41 30 46 3 49 27 19 5 32 13 37 24 1 21 29 36 45 44 8 9 6 35 18 20 50 25 42 47 16 7 34 4 14 12 23 39 15 40 10 43 11 38 2 17 
student 113: 24 32 33 28 26 48 34 31 46 5 49 25 15 3 35 19 37 22 1 20 27 39 44 43 9 8 6 36 14 21 50 29 45 47 13 7 30 4 12 16 23 38 17 40 10 42 11 41 2 18 
student 114: 27 31 36 26 29 49 43 33 46 5 50 22 18 2 34 15 35 24 1 21 25 37 45 41 8 9 6 30 17 19 47 28 42 48 20 7 32 4 12 14 23 39 13 40 10 44 11 38 3 16 
student 115: 25 33 35 29 28 50 40 30 44 4 46 27 19 2 32 17 36 24 1 20 23 38 43 48 9 7 6 37 16 21 49 26 45 47 15 8 31 5 13 14 22 41 12 39 11 42 10 34 3 18 
student 116: 27 32 35 24 26 50 40 30 45 3 48 22 18 4 34 20 33 23 1 19 28 37 44 41 11 8 6 36 16 21 49 29 46 47 15 7 31 5 12 14 25 39 13 42 9 43 10 38 2 17 
student 117: 31 30 33 26 25 47 39 29 44 2 49 24 20 3 32 15 37 22 1 21 27 36 45 43 8 9 5 35 17 23 50 28 46 48 16 7 34 6 12 14 19 40 13 41 10 42 11 38 4 18 
student 118: 25 33 35 26 27 45 40 29 47 3 49 22 19 6 30 16 36 24 1 20 32 37 46 43 5 8 4 34 17 21 50 28 44 48 14 10 31 7 11 13 23 39 15 41 9 42 12 38 2 18 
student 119: 27 34 35 23 26 49 39 30 46 4 48 25 20 3 32 13 36 24 1 21 31 37 45 44 12 8 6 33 15 19 50 28 43 47 18 7 29 5 14 11 22 41 16 40 9 42 10 38 2 17 
student 120: 24 35 29 28 27 50 39 33 45 4 48 25 20 5 32 14 36 18 1 22 30 37 47 41 9 8 6 34 17 21 49 26 44 46 16 7 31 3 12 13 23 40 15 42 10 43 11 38 2 19 
student 121: 24 32 34 26 27 48 40 31 47 2 50 23 15 4 36 17 35 25 1 20 28 39 43 44 8 13 6 33 18 21 49 30 46 45 16 7 29 5 11 12 22 38 14 41 10 42 9 37 3 19 
student 122: 27 31 34 21 26 50 43 32 46 5 48 23 19 3 33 18 36 24 1 20 29 37 41 44 8 9 6 35 16 22 49 30 45 47 13 7 28 4 10 12 25 40 15 39 11 42 14 38 2 17 
student 123: 24 33 34 25 27 47 38 29 46 3 49 21 17 2 32 16 36 22 1 20 28 39 42 44 8 10 6 35 19 23 50 30 45 48 18 7 31 5 11 13 26 40 14 41 12 43 9 37 4 15 
student 124: 27 33 34 25 26 47 38 32 50 4 49 23 19 3 35 15 37 21 2 20 30 36 44 41 7 8 6 28 17 24 48 29 45 46 16 9 31 5 12 14 22 42 13 40 10 43 11 39 1 18 
student 125: 27 32 34 26 25 46 40 28 45 4 49 23 18 1 33 15 36 24 2 17 30 38 43 41 9 8 6 35 20 21 50 29 48 47 16 7 31 5 12 13 22 37 14 44 10 42 11 39 3 19 
student 126: 24 33 29 27 26 47 41 32 48 4 49 22 19 1 34 14 36 25 3 20 28 39 45 43 7 10 6 35 17 21 50 31 46 44 16 8 30 5 12 13 23 38 15 40 11 42 9 37 2 18 
student 127: 25 34 33 26 27 47 38 30 46 4 50 18 23 1 32 14 37 24 3 20 28 35 45 43 5 10 6 36 17 21 49 29 44 48 16 8 31 7 9 12 22 40 13 42 15 41 11 39 2 19 
student 128: 28 29 37 26 24 48 39 30 45 5 49 23 19 2 36 13 31 25 3 20 27 34 42 40 8 6 7 38 16 21 50 32 47 46 18 9 33 4 11 12 22 41 14 44 10 43 15 35 1 17 
student 129: 24 32 34 27 26 45 39 31 42 4 47 21 19 3 33 15 37 23 1 16 30 36 44 46 7 8 6 35 18 22 50 28 48 49 17 10 29 5 11 14 25 40 13 43 12 41 9 38 2 20 
student 130: 25 32 33 27 24 49 38 31 44 4 47 23 20 3 34 14 35 22 2 17 28 36 41 43 10 9 6 39 19 26 50 29 48 45 16 5 30 7 13 15 18 40 12 42 8 46 11 37 1 21 
student 131: 26 30 33 23 27 49 39 34 48 4 46 21 18 3 32 11 36 20 1 19 28 38 45 42 8 9 5 35 17 25 50 29 41 47 15 7 31 6 13 14 24 40 16 44 10 43 12 37 2 22 
student 132: 26 27 32 25 28 50 40 31 47 1 46 22 24 4 34 14 36 23 2 20 29 38 45 41 7 8 6 35 17 19 49 30 44 48 16 9 33 5 13 10 21 42 15 39 11 43 12 37 3 18 
student 133: 26 32 34 23 27 50 38 31 44 4 49 24 22 3 36 16 37 25 2 19 28 33 43 45 6 11 8 35 18 20 47 30 46 48 14 5 29 7 13 15 21 40 10 42 9 41 12 39 1 17 
student 134: 24 33 35 26 30 48 39 31 47 4 49 20 19 1 32 16 37 25 5 21 28 36 44 43 8 10 6 34 15 22 50 27 45 46 17 7 29 3 12 9 23 40 14 41 13 42 11 38 2 18 
student 135: 25 33 34 24 27 48 39 32 47 4 49 18 20 2 30 15 35 26 3 23 29 37 45 41 10 9 6 36 19 21 50 31 44 46 12 5 28 8 13 16 22 42 14 40 7 43 11 38 1 17 
student 136: 26 30 33 25 27 48 37 31 47 3 49 21 20 1 35 17 38 24 2 19 32 36 45 43 6 10 8 34 16 22 50 28 42 46 15 7 29 5 13 14 23 39 12 41 9 44 11 40 4 18 
student 137: 26 31 34 25 27 48 39 30 45 4 49 22 19 3 33 13 35 24 1 20 29 37 43 42 8 9 7 36 15 21 50 28 46 47 17 6 32 5 12 16 23 40 14 41 10 44 11 38 2 18 
student 138: 27 31 34 24 22 50 35 32 45 1 49 21 18 3 36 12 37 25 4 23 28 39 41 42 9 7 8 33 16 20 47 30 44 46 17 6 29 5 13 14 26 40 15 43 10 48 11 38 2 19 
student 139: 23 31 30 25 27 48 39 33 46 6 49 20 18 7 36 13 35 26 2 21 32 38 44 40 9 8 1 34 17 22 50 28 45 47 16 4 29 5 11 15 24 41 14 42 12 43 10 37 3 19 
student 140: 25 35 31 23 28 47 36 32 50 3 48 24 18 6 33 15 37 27 1 20 26 40 44 38 9 10 7 34 17 22 49 29 46 45 16 5 30 4 12 13 21 42 14 43 8 41 11 39 2 19 
student 141: 25 35 32 26 27 46 39 31 48 5 49 24 18 2 33 14 40 23 1 20 28 38 45 41 9 8 6 34 17 21 50 30 42 47 16 7 29 3 13 12 22 37 15 43 10 44 11 36 4 19 
student 142: 27 33 34 25 26 49 37 31 42 3 48 23 17 4 32 12 39 24 1 20 29 35 44 45 8 9 6 40 19 21 50 30 46 47 16 5 28 7 18 13 22 38 14 41 10 43 11 36 2 15 
student 143: 26 32 33 24 27 48 38 34 49 5 50 23 21 3 31 16 36 25 1 20 28 39 43 41 8 10 6 35 18 19 46 29 45 47 17 7 30 2 14 9 22 40 12 42 11 44 13 37 4 15 
student 144: 26 33 31 24 27 48 40 30 47 5 49 22 19 3 34 17 36 23 2 25 28 37 44 43 8 9 6 35 15 21 50 32 45 46 14 7 29 4 11 10 20 38 13 42 12 41 16 39 1 18 
student 145: 24 31 34 28 25 48 39 33 45 4 49 17 19 2 35 14 32 27 3 20 26 36 46 41 5 10 7 38 18 22 50 29 44 47 16 8 30 6 13 9 21 42 15 40 12 43 11 37 1 23 
student 146: 26 31 34 23 27 45 40 32 47 3 49 24 20 1 33 14 38 25 4 21 29 37 46 44 9 10 7 35 18 22 50 30 43 48 16 6 28 5 13 12 19 41 15 42 8 39 11 36 2 17 
student 147: 25 29 33 26 27 47 41 32 46 4 49 21 18 1 37 15 34 24 3 23 30 38 43 42 14 8 5 35 17 19 50 28 45 48 16 6 31 7 12 10 22 40 13 39 9 44 11 36 2 20 
student 148: 27 32 34 25 28 49 39 31 47 3 48 23 18 1 33 16 35 24 2 19 29 37 45 41 8 9 7 36 17 21 50 26 44 46 15 4 30 5 12 14 22 40 13 42 10 43 11 38 6 20 
student 149: 23 32 33 25 27 45 40 31 47 4 48 24 20 2 35 15 36 26 1 16 29 37 46 43 6 7 9 34 18 21 50 28 44 49 17 10 30 5 14 11 22 41 13 39 8 42 12 38 3 19 
student 150: 24 33 37 27 29 48 40 30 46 6 49 21 18 1 34 15 38 25 2 22 28 36 44 43 8 9 4 32 17 23 50 26 45 47 16 7 31 5 11 14 19 35 12 42 10 41 13 39 3 20 
student 151: 25 29 36 26 27 47 40 32 45 2 48 21 18 1 34 15 37 24 5 20 28 39 43 42 7 8 9 38 16 23 50 30 46 49 19 6 31 4 12 13 22 41 14 35 10 44 11 33 3 17 
student 152: 26 35 28 24 27 48 39 32 45 4 49 25 18 2 33 13 36 23 1 17 29 37 44 42 9 10 6 34 19 21 50 30 47 46 16 7 31 5 15 14 22 41 11 40 8 43 12 38 3 20 
student 153: 24 30 34 26 29 50 36 32 49 4 46 25 18 2 38 15 35 19 1 22 27 42 44 39 8 7 6 33 21 20 48 28 45 47 16 10 31 5 12 13 23 40 14 41 9 43 11 37 3 17 
student 154: 28 29 31 26 27 48 41 33 47 2 50 22 20 5 34 15 35 24 3 19 30 39 44 38 8 10 6 36 18 21 49 25 46 42 16 7 32 4 12 13 23 37 14 43 9 45 11 40 1 17 
student 155: 28 32 37 25 26 47 39 31 45 8 48 24 17 2 35 18 36 23 1 21 27 34 44 42 7 10 4 33 16 20 49 29 46 50 14 6 30 5 13 15 22 40 12 43 9 41 11 38 3 19 
student 156: 26 33 30 23 29 49 38 32 47 6 50 20 19 3 39 14 35 25 1 21 27 37 43 40 8 11 9 34 17 22 44 28 46 48 16 5 31 4 10 13 24 41 15 45 12 42 7 36 2 18 
student 157: 26 34 32 24 27 48 39 31 46 3 49 22 20 5 33 15 35 23 2 19 29 38 45 41 9 4 7 36 17 21 50 28 47 44 16 8 30 6 10 12 25 42 13 40 11 43 14 37 1 18 
student 158: 27 30 32 25 26 46 39 28 45 4 48 21 20 3 34 14 36 24 1 22 31 37 47 43 7 10 6 35 18 23 50 29 41 49 17 8 33 5 11 13 19 42 16 40 9 44 12 38 2 15 
student 159: 29 32 35 25 26 46 38 28 44 4 48 23 19 3 33 17 34 24 1 21 27 36 42 43 8 9 5 37 18 20 49 30 45 47 16 7 31 6 13 14 22 39 15 41 10 50 11 40 2 12 
student 160: 25 31 33 26 28 48 38 27 42 4 49 24 19 3 34 17 36 22 1 21 30 37 45 44 12 10 6 35 18 23 50 29 47 46 16 7 32 5 8 14 20 39 13 43 11 41 9 40 2 15 
student 161: 22 33 32 27 26 46 40 31 45 4 49 23 18 3 34 16 36 25 2 19 29 35 43 42 9 10 6 37 17 21 50 28 48 47 20 7 30 5 13 14 24 39 8 41 11 44 12 38 1 15 
student 162: 29 34 32 24 25 43 39 31 48 5 49 26 20 2 33 15 36 22 3 19 28 37 41 45 7 6 11 35 17 21 50 27 44 47 16 1 30 8 12 13 23 40 14 42 10 46 9 38 4 18 
student 163: 25 35 34 27 29 47 33 31 43 4 50 22 19 3 32 15 37 23 1 20 26 38 45 41 9 8 5 36 17 21 49 30 48 46 16 7 28 6 10 14 24 40 13 42 11 44 12 39 2 18 
student 164: 26 33 28 25 27 48 38 34 47 4 49 22 21 3 39 14 35 24 2 18 30 37 43 41 8 9 7 32 19 20 50 31 45 46 16 6 29 5 15 12 23 44 13 40 10 42 11 36 1 17 
student 165: 27 32 34 25 26 46 40 30 47 3 50 24 21 2 36 16 35 23 1 22 28 37 43 42 10 8 7 33 17 19 49 31 41 48 15 5 29 6 12 11 20 38 14 45 9 44 13 39 4 18 
student 166: 26 32 38 25 27 49 39 30 48 4 47 23 19 1 33 12 35 24 2 20 29 36 43 41 8 9 6 34 16 21 50 28 44 46 15 7 31 5 17 11 22 42 13 40 10 45 14 37 3 18 
student 167: 26 33 32 25 28 47 39 31 46 4 50 23 16 3 34 17 36 24 1 21 27 37 49 44 8 9 5 35 19 22 48 29 43 45 15 7 30 6 12 10 20 40 14 41 11 42 13 38 2 18 
student 168: 26 33 32 24 27 48 38 30 47 5 49 22 20 3 35 14 34 23 1 19 29 40 42 39 8 10 6 36 18 21 50 31 44 46 16 7 28 4 13 12 25 41 15 45 11 43 9 37 2 17 
student 169: 20 32 33 27 28 50 40 31 46 2 49 24 19 5 37 13 34 26 1 23 25 38 44 43 9 8 4 35 16 21 48 29 45 47 18 7 30 6 10 14 22 36 15 42 11 41 12 39 3 17 
student 170: 29 33 32 25 26 49 39 31 46 7 50 21 15 4 34 12 35 24 1 19 27 37 44 42 3 10 5 36 17 23 48 28 45 47 16 8 30 6 13 14 22 40 11 41 18 43 9 38 2 20 
student 171: 28 33 29 25 30 48 42 32 47 4 50 22 19 6 34 15 36 24 1 23 26 40 45 39 7 11 8 35 18 20 49 27 46 41 16 5 31 2 9 13 21 38 14 43 10 44 12 37 3 17 
student 172: 27 31 33 26 28 49 37 32 47 5 48 23 19 3 34 14 36 24 2 20 25 38 45 44 7 9 6 35 18 21 50 29 43 46 16 8 30 4 13 12 22 40 17 41 10 42 11 39 1 15 
student 173: 24 33 34 26 27 49 39 30 46 3 50 23 19 4 32 15 36 25 1 22 28 37 42 44 7 10 6 35 18 21 48 31 45 47 17 9 29 5 13 12 20 40 14 41 11 43 8 38 2 16 
student 174: 26 29 34 28 33 45 39 32 44 4 50 19 22 1 31 15 37 25 2 23 24 35 46 43 10 8 6 36 17 20 48 27 47 49 16 7 30 5 9 11 21 40 13 42 14 41 12 38 3 18 
student 175: 26 34 31 27 24 49 38 29 48 4 47 23 20 3 33 19 35 25 1 21 32 39 46 42 8 10 6 36 17 16 50 28 41 44 15 7 30 5 11 13 22 40 14 43 12 45 9 37 2 18 
student 176: 27 35 33 25 26 47 38 28 45 5 49 24 19 4 36 15 32 23 2 21 29 41 44 40 7 13 8 37 16 20 50 30 46 48 17 6 31 3 12 11 22 42 14 39 10 43 9 34 1 18 
student 177: 26 32 33 23 28 48 43 31 47 5 49 24 19 3 34 15 37 25 1 21 27 36 45 41 9 11 6 35 18 22 50 29 46 44 17 7 30 2 12 13 20 39 14 40 10 42 8 38 4 16 
student 178: 22 32 31 26 27 49 40 29 46 5 47 23 19 4 34 16 36 25 1 21 33 37 44 43 9 10 3 35 15 20 50 28 45 48 17 7 30 6 12 13 24 42 14 41 8 38 11 39 2 18 
student 179: 28 33 32 21 25 49 38 26 47 7 43 23 18 4 35 14 34 27 1 20 30 36 45 40 8 9 6 37 19 22 50 29 46 48 17 5 31 2 11 16 24 41 15 42 10 44 12 39 3 13 
student 180: 25 32 34 26 28 48 42 31 47 6 50 23 21 2 37 15 33 22 3 17 30 36 45 40 8 7 5 35 20 18 49 29 46 44 16 9 27 4 11 13 24 39 14 41 10 43 12 38 1 19 
student 181: 26 28 32 24 30 48 38 33 44 3 49 25 17 4 34 15 41 23 1 18 27 35 43 45 10 9 5 36 22 21 50 31 46 47 16 8 29 7 13 12 20 39 14 40 6 42 11 37 2 19 
student 182: 27 32 34 25 29 48 39 31 44 4 46 22 20 3 33 13 38 24 1 19 26 36 43 41 6 11 7 35 16 21 50 28 42 49 15 9 30 5 17 14 23 40 10 45 8 47 12 37 2 18 
student 183: 32 30 36 26 27 48 42 33 46 7 50 25 19 2 31 17 38 24 1 21 28 35 45 40 11 13 6 34 16 22 49 29 44 47 15 8 18 3 12 14 23 37 10 39 9 43 5 41 4 20 
student 184: 26 32 31 23 27 42 38 28 41 5 48 24 20 3 33 16 37 25 2 18 29 34 47 44 4 10 8 36 15 22 50 35 46 49 17 7 30 6 12 14 21 40 13 39 9 45 11 43 1 19 
student 185: 24 36 32 28 29 48 39 31 47 4 50 21 20 1 33 16 34 27 3 19 25 35 44 41 10 6 7 37 14 22 49 30 43 46 17 9 26 5 13 15 23 40 12 45 8 42 11 38 2 18 
student 186: 25 34 31 24 29 50 37 32 46 3 47 28 19 2 30 15 35 20 1 22 26 41 43 42 7 8 6 38 17 21 49 27 45 48 16 4 33 5 13 14 23 39 12 40 10 44 11 36 9 18 
student 187: 26 31 33 25 29 49 39 32 46 3 48 20 21 4 34 15 35 24 1 19 30 36 43 42 7 8 6 37 16 22 50 27 45 47 17 9 28 5 11 13 23 41 14 40 10 44 12 38 2 18 
student 188: 26 27 33 24 28 48 39 30 44 3 49 20 19 2 35 21 36 23 6 18 29 37 45 41 8 5 7 34 12 22 50 31 46 47 14 9 32 4 10 15 25 40 17 42 11 43 13 38 1 16 
student 189: 26 32 34 25 28 44 38 31 48 3 50 21 20 4 35 17 36 24 2 19 27 37 45 42 7 9 6 33 16 23 49 29 46 47 14 13 30 5 11 12 22 41 15 39 8 43 10 40 1 18 
student 190: 27 32 31 25 30 48 40 29 46 4 50 23 21 3 33 16 36 24 1 19 28 38 42 44 10 7 6 35 17 20 49 26 45 43 11 8 34 5 12 13 22 47 14 41 9 37 15 39 2 18 
student 191: 30 33 28 26 27 48 39 32 46 4 49 25 18 2 35 15 36 23 1 19 29 37 42 43 10 6 7 34 11 22 50 24 45 47 16 8 31 5 12 14 21 40 17 41 9 44 13 38 3 20 
student 192: 25 34 35 26 27 42 38 31 46 3 49 24 20 4 32 14 39 23 2 18 28 37 44 48 8 9 5 36 17 21 50 29 45 47 10 7 30 6 13 15 22 40 19 41 11 43 12 33 1 16 
student 193: 27 33 30 25 26 47 38 31 45 4 48 24 18 3 36 15 37 23 2 21 28 39 42 44 7 10 8 34 17 19 49 29 43 50 11 6 32 9 12 14 22 40 16 41 5 46 13 35 1 20 
student 194: 25 32 33 27 28 47 40 31 49 5 48 23 20 4 34 15 35 24 1 22 26 37 43 42 9 8 3 36 17 18 50 29 45 46 12 7 30 6 14 13 21 39 16 41 10 44 11 38 2 19 
student 195: 28 32 34 24 26 49 43 30 46 5 45 25 15 3 33 18 36 22 2 21 29 37 42 41 8 9 4 35 17 23 50 31 47 48 14 6 27 7 11 16 20 38 13 40 10 44 12 39 1 19 
student 196: 26 33 29 22 25 48 38 32 47 4 49 21 16 3 36 13 35 30 2 19 28 39 44 42 9 10 5 34 18 23 50 27 46 45 17 8 31 6 14 12 24 40 15 41 11 43 7 37 1 20 
student 197: 26 31 35 22 25 46 34 30 47 4 49 24 21 3 36 16 38 28 1 15 27 33 44 41 7 9 8 37 18 23 50 32 45 48 17 6 29 5 12 13 20 40 14 42 10 43 11 39 2 19 
student 198: 26 32 33 24 27 48 41 31 44 5 50 23 19 4 34 15 39 25 1 17 28 38 47 45 9 6 11 35 18 21 49 29 43 46 20 7 30 2 12 13 22 37 14 42 10 40 8 36 3 16 
student 199: 27 31 36 25 26 50 38 30 46 4 49 22 19 2 33 14 35 24 1 21 29 37 40 43 10 5 6 34 17 23 47 28 44 48 15 9 32 7 12 13 20 42 16 41 8 45 11 39 3 18 
student 200: 29 33 30 24 27 50 40 32 46 10 47 25 19 3 34 15 37 23 1 21 26 38 43 41 5 8 4 35 18 20 49 28 45 48 16 6 31 7 11 12 22 39 14 44 9 42 13 36 2 17 
student 201: 27 31 36 25 26 41 39 29 46 6 49 24 19 3 33 17 37 23 1 20 28 44 43 38 9 13 5 34 16 21 50 30 48 47 14 8 32 2 12 11 22 45 15 35 10 40 7 42 4 18 
student 202: 27 32 33 24 29 47 40 30 46 2 49 23 18 6 34 15 37 26 3 20 25 35 44 41 7 8 9 36 17 22 48 31 45 50 16 5 28 4 11 13 21 39 14 42 12 43 10 38 1 19 
student 203: 27 31 36 25 28 48 40 30 44 5 49 22 20 1 33 17 35 24 3 19 26 37 45 42 7 11 4 34 18 21 50 32 46 47 15 9 29 2 12 13 23 38 14 39 10 43 8 41 6 16 
student 204: 27 26 33 25 28 49 39 32 44 3 48 21 20 6 34 14 36 23 1 19 30 37 43 40 10 7 9 35 18 22 50 29 45 46 17 4 31 5 11 13 24 41 15 42 8 47 12 38 2 16 
student 205: 25 34 32 27 26 47 38 31 50 6 49 23 21 3 36 14 37 24 1 19 28 35 41 43 8 9 5 33 18 20 46 29 45 48 17 7 30 4 13 11 22 39 15 42 10 44 12 40 2 16 
student 206: 26 30 33 25 28 47 38 31 44 6 48 23 17 1 34 15 37 24 2 18 32 35 43 41 8 9 5 36 14 21 49 27 46 50 16 7 29 4 13 12 22 39 19 40 10 45 11 42 3 20 
student 207: 27 34 33 25 26 49 40 31 47 7 50 21 19 4 32 13 36 22 2 20 28 37 45 43 9 8 6 35 14 23 48 30 44 46 17 5 29 1 16 12 24 39 15 41 10 42 11 38 3 18 
student 208: 26 31 35 25 29 46 38 27 47 5 50 24 18 3 32 15 36 23 1 20 28 39 42 43 8 7 9 34 16 21 49 30 44 45 17 4 33 6 13 14 22 41 12 40 10 48 11 37 2 19 
student 209: 27 33 34 25 29 47 39 28 45 3 49 23 19 4 37 12 32 24 1 20 26 38 44 43 8 10 6 35 15 22 50 30 46 48 16 7 31 5 13 18 21 40 11 42 14 41 9 36 2 17 
student 210: 27 31 34 25 28 47 38 33 46 4 50 24 22 2 32 15 36 21 1 18 26 37 39 42 5 9 7 35 16 19 49 29 45 48 17 8 30 6 13 14 20 41 11 43 12 44 10 40 3 23 
student 211: 26 32 33 24 28 47 39 31 46 5 49 23 18 4 34 16 37 25 1 20 27 36 45 42 8 9 6 35 17 22 50 29 43 48 13 7 30 3 12 14 21 40 15 41 10 44 11 38 2 19 
student 212: 28 32 34 25 26 48 43 35 46 4 49 23 20 2 33 15 30 24 1 22 27 37 41 40 8 9 6 36 17 21 50 31 45 47 16 7 29 5 10 14 19 39 12 42 13 44 11 38 3 18 
student 213: 28 32 33 26 29 47 39 27 45 4 49 22 16 3 35 20 36 23 2 19 25 37 44 43 7 10 6 34 18 24 50 31 46 48 14 8 30 5 12 13 21 40 15 41 9 42 11 38 1 17 
student 214: 25 36 32 23 28 48 38 33 45 4 49 26 21 3 31 12 37 27 2 18 24 40 46 41 7 8 13 34 16 19 50 30 44 47 15 6 29 5 17 11 22 43 14 39 10 42 9 35 1 20 
student 215: 24 32 34 25 27 48 39 31 46 5 49 23 17 3 33 18 35 26 1 20 28 37 43 42 12 8 4 36 16 21 50 30 47 45 15 7 29 6 11 14 22 40 13 41 10 44 9 38 2 19 
student 216: 25 32 34 26 30 48 41 29 46 6 49 22 20 3 33 14 36 24 1 21 27 37 42 40 4 9 7 35 17 23 50 28 45 47 15 8 31 5 11 13 18 43 12 39 10 44 16 38 2 19 
student 217: 25 31 35 30 24 49 42 29 46 4 48 22 19 3 33 16 34 26 2 20 27 38 45 41 9 8 7 37 17 21 50 28 44 47 14 6 32 5 13 12 23 39 15 40 10 43 11 36 1 18 
student 218: 28 30 36 27 24 46 38 33 48 5 49 23 18 4 32 14 34 25 1 19 26 37 47 42 10 2 8 35 16 22 50 29 44 45 17 7 31 6 15 13 21 41 12 40 9 43 11 39 3 20 
student 219: 27 34 32 24 28 49 38 29 46 2 48 23 18 6 36 14 37 26 1 20 25 35 44 43 5 11 8 33 16 21 50 30 45 47 15 3 31 7 17 12 22 41 13 40 9 42 10 39 4 19 
student 220: 25 32 33 27 23 48 39 31 44 5 50 22 19 1 34 15 37 26 2 17 28 36 43 41 9 8 6 35 18 20 49 29 47 46 16 7 30 4 12 10 24 40 14 45 11 42 13 38 3 21 
student 221: 25 28 30 24 27 50 38 34 47 3 46 21 22 6 35 16 36 32 1 20 31 37 41 43 5 8 9 33 14 19 49 26 45 48 18 2 29 7 13 15 23 40 10 42 11 44 12 39 4 17 
student 222: 26 33 34 25 30 46 40 31 45 4 49 22 20 1 36 14 38 24 2 19 27 39 47 43 8 11 6 32 16 21 50 29 44 48 15 7 28 5 12 13 23 41 17 42 9 35 10 37 3 18 
student 223: 26 28 34 25 27 46 38 33 48 4 49 24 19 3 31 15 35 23 1 21 30 37 43 42 8 11 5 36 17 20 50 29 47 44 16 7 32 6 12 10 22 41 13 39 14 45 9 40 2 18 
student 224: 26 33 34 25 27 49 36 29 45 4 50 23 17 2 31 16 35 24 1 20 28 39 44 40 9 7 5 37 19 22 48 32 46 47 15 8 30 6 11 13 21 41 14 42 10 43 12 38 3 18 
student 225: 25 31 34 24 27 48 39 32 47 4 50 21 20 3 33 13 38 26 1 22 28 37 46 42 9 8 5 36 16 19 49 30 45 43 18 11 29 6 12 15 23 40 14 41 7 44 10 35 2 17 
student 226: 25 31 35 27 23 49 33 32 45 4 48 21 22 5 34 18 38 24 2 16 28 39 41 46 7 11 3 37 17 19 50 30 44 47 20 8 29 6 13 12 26 40 14 43 9 42 10 36 1 15 
student 227: 26 31 33 22 24 48 37 30 46 3 49 19 20 4 35 17 34 28 2 23 27 39 40 44 11 5 8 36 18 21 50 32 45 47 15 6 29 7 9 13 25 38 16 41 12 43 10 42 1 14 
student 228: 25 32 34 26 28 48 38 31 47 4 49 23 19 2 37 16 33 24 1 20 27 36 45 42 7 10 6 35 18 21 50 29 44 46 11 8 30 5 12 15 22 40 13 41 9 43 14 39 3 17 
student 229: 26 33 34 22 27 48 40 31 46 4 49 24 20 3 32 16 35 23 1 21 30 38 45 44 8 10 6 36 19 18 50 28 43 47 15 7 29 5 9 13 25 37 14 41 11 42 12 39 2 17 
student 230: 20 34 39 27 26 48 36 31 45 5 50 22 19 1 35 14 33 25 2 21 30 37 43 42 9 8 4 32 15 23 49 28 46 47 17 7 29 6 13 12 24 40 16 41 10 44 11 38 3 18 
student 231: 24 32 34 28 26 49 41 31 47 1 48 25 16 2 33 15 36 23 3 21 27 38 45 43 8 9 6 35 19 18 50 30 46 37 14 7 29 5 12 13 22 42 17 40 11 44 10 39 4 20 
student 232: 26 34 32 24 27 50 40 31 47 3 45 22 23 4 37 16 38 25 1 19 28 35 44 43 13 7 6 33 12 20 49 29 46 48 17 8 30 5 11 14 21 41 15 39 10 42 9 36 2 18 
student 233: 27 33 31 26 28 49 38 32 47 3 46 25 19 6 36 15 34 20 1 17 23 35 43 42 4 10 7 37 16 22 50 29 45 48 18 8 30 5 12 13 24 39 14 40 11 44 9 41 2 21 
student 234: 26 32 37 27 24 48 41 31 43 5 50 21 18 2 33 17 38 25 3 23 28 35 47 42 7 9 4 34 15 22 49 29 46 44 13 8 30 6 16 12 20 39 14 40 10 45 11 36 1 19 
student 235: 25 32 33 24 26 45 41 30 48 1 49 21 20 9 34 12 36 27 2 22 31 38 46 43 4 6 5 35 15 19 50 28 44 47 18 7 29 10 17 11 23 40 13 42 8 37 14 39 3 16 
student 236: 25 31 33 23 26 48 37 30 47 4 49 22 19 3 34 15 40 28 1 20 29 39 45 42 10 6 5 35 18 21 50 27 46 44 16 9 32 8 12 13 24 41 14 43 7 38 11 36 2 17 
student 237: 28 35 32 25 29 48 38 27 46 3 49 24 19 4 31 13 33 23 2 20 30 45 43 41 9 10 6 36 18 21 50 34 42 44 17 7 26 5 15 12 22 40 16 39 8 47 11 37 1 14 
student 238: 26 32 33 25 27 46 42 29 45 4 50 20 18 3 35 14 40 24 2 22 28 41 48 39 11 7 6 36 17 23 47 31 37 49 16 10 30 5 8 12 19 34 15 43 13 44 9 38 1 21 
student 239: 23 32 34 22 28 48 40 31 46 2 50 25 20 1 33 16 38 19 3 24 27 36 44 42 9 8 5 35 17 21 49 29 47 45 15 6 30 7 12 14 26 41 13 39 10 43 11 37 4 18 
student 240: 28 35 30 26 25 50 38 32 45 3 48 21 18 4 33 15 36 24 2 20 27 37 44 42 9 10 6 34 17 22 49 31 47 46 16 7 29 5 12 13 23 40 14 41 11 43 8 39 1 19 
student 241: 25 31 32 26 27 48 38 33 47 4 49 23 21 3 36 17 35 24 1 19 28 37 45 42 6 10 5 34 14 22 50 29 46 44 18 8 30 7 11 13 20 40 15 41 9 43 12 39 2 16 
student 242: 28 31 33 22 24 45 41 32 46 5 49 25 19 1 34 15 37 26 2 20 30 36 43 42 7 9 8 35 16 21 50 29 47 48 17 6 27 4 12 13 23 38 14 40 11 44 10 39 3 18 
student 243: 25 32 34 26 31 45 41 30 46 3 50 22 19 7 33 11 36 23 5 20 27 38 42 49 12 8 2 35 15 17 48 28 43 47 18 6 29 4 13 14 24 39 16 44 9 40 10 37 1 21 
student 244: 26 33 32 25 27 45 40 31 48 5 49 23 21 3 34 15 36 24 1 19 28 37 43 41 8 13 6 35 17 20 50 29 46 47 16 7 30 4 9 12 22 39 14 42 11 44 10 38 2 18 
student 245: 26 33 32 25 28 49 42 31 46 3 48 19 17 4 34 13 38 24 1 22 29 36 44 39 8 10 5 35 18 21 50 27 41 47 15 6 30 7 16 14 23 43 12 37 11 45 9 40 2 20 
student 246: 26 33 35 27 25 50 38 31 46 3 49 23 19 4 32 15 40 24 1 21 28 36 45 44 9 7 8 34 17 20 48 29 43 47 16 6 30 5 11 14 22 39 13 41 10 42 12 37 2 18 
student 247: 25 32 34 26 27 49 39 31 50 3 48 24 23 5 33 14 38 21 1 20 28 36 47 43 7 8 6 37 15 18 46 30 44 45 17 10 29 4 12 13 22 42 16 40 9 41 11 35 2 19 
student 248: 26 30 31 25 27 48 37 32 46 5 50 24 16 3 33 15 36 23 1 20 28 39 44 42 9 8 6 34 17 21 49 29 45 47 14 7 35 4 12 13 22 38 19 41 10 43 11 40 2 18 
student 249: 26 31 33 25 28 48 38 32 45 4 49 24 20 2 37 12 35 23 1 21 29 39 44 43 8 9 7 34 16 18 50 27 47 46 14 6 30 5 13 15 22 40 17 42 10 41 11 36 3 19 
student 250: 29 30 32 22 27 48 39 35 45 4 47 25 19 3 41 15 34 26 2 20 23 36 50 40 6 10 5 33 17 21 49 28 44 46 16 9 31 8 12 13 24 42 14 43 7 37 11 38 1 18 
student 251: 27 37 32 26 24 48 38 31 46 4 49 22 19 1 34 14 33 25 3 23 28 41 44 42 8 10 7 35 17 20 50 29 45 47 16 9 30 5 12 13 21 40 15 39 6 43 11 36 2 18 
student 252: 27 30 33 25 29 48 41 28 45 4 49 23 19 3 34 16 36 24 1 21 31 37 44 46 7 10 5 35 18 20 50 26 43 47 14 8 32 6 13 15 22 40 11 42 9 39 12 38 2 17 
student 253: 29 32 34 26 24 49 40 31 43 4 48 22 18 2 35 16 37 23 1 25 28 39 44 42 11 8 5 33 15 19 50 30 46 47 20 7 27 6 9 13 21 36 14 41 12 45 10 38 3 17 
student 254: 28 31 33 25 26 42 37 32 47 4 49 23 20 3 38 15 40 24 1 19 27 41 46 43 8 9 5 34 17 22 50 29 45 48 16 7 30 6 12 13 21 39 14 44 10 36 11 35 2 18 
student 255: 28 29 33 32 25 49 39 31 46 5 50 22 18 4 38 13 35 24 1 20 26 37 44 43 8 11 2 34 19 23 48 27 45 47 14 6 30 9 12 17 21 42 16 40 7 41 10 36 3 15 
student 256: 25 32 33 27 28 45 39 31 48 2 49 22 16 5 34 15 35 24 1 20 26 37 47 41 9 7 6 36 17 21 50 30 46 42 19 3 29 10 11 14 23 43 13 40 12 44 8 38 4 18 
student 257: 26 32 31 24 33 45 40 30 46 7 47 25 20 3 34 15 36 22 1 21 27 39 43 44 14 8 2 35 18 23 49 29 48 50 16 4 28 6 11 9 19 38 13 42 10 41 12 37 5 17 
student 258: 23 31 35 28 29 48 39 33 47 3 49 21 17 2 30 15 37 24 4 20 32 34 43 42 10 7 6 36 19 22 50 26 45 46 16 8 27 5 12 13 25 40 18 41 9 44 11 38 1 14 
student 259: 27 30 32 23 26 47 39 33 46 1 48 24 20 6 35 12 34 25 2 16 29 37 44 43 8 9 5 36 18 22 49 28 45 50 17 7 31 4 10 14 21 41 13 40 11 42 15 38 3 19 
student 260: 26 31 33 21 27 48 40 35 46 4 49 25 19 5 32 17 37 24 1 22 28 38 45 44 7 10 6 34 16 20 50 29 43 47 18 8 30 2 9 12 23 39 15 41 11 42 13 36 3 14 
student 261: 25 31 33 28 26 48 39 32 46 4 49 23 18 1 35 16 37 27 2 20 24 38 45 42 8 9 5 36 19 21 50 29 43 47 14 7 30 6 12 17 22 41 15 40 10 44 11 34 3 13 
student 262: 26 33 32 25 29 48 36 28 46 2 49 23 19 4 35 15 39 20 3 22 27 41 45 42 9 7 6 34 16 24 50 31 44 47 17 8 30 5 10 11 21 37 13 43 12 38 14 40 1 18 
student 263: 28 30 33 24 26 49 40 32 44 7 50 25 16 2 36 20 35 18 1 22 27 38 42 41 8 6 5 34 17 19 48 29 46 47 13 10 31 4 9 14 23 45 15 37 11 43 12 39 3 21 
student 264: 26 28 34 25 27 49 39 30 48 4 47 23 20 3 33 16 36 24 1 22 29 37 44 42 7 12 6 35 18 19 50 31 46 45 17 9 32 5 13 11 21 40 14 41 8 43 10 38 2 15 
student 265: 27 32 33 26 25 45 40 30 46 3 48 23 18 4 36 19 34 24 2 17 28 35 47 41 9 8 6 37 14 21 50 29 44 49 15 7 31 5 13 16 22 42 12 39 11 43 10 38 1 20 
student 266: 27 32 33 26 24 47 39 30 50 3 48 23 18 5 34 17 41 25 2 20 29 36 43 45 8 9 6 35 19 21 49 28 44 46 12 7 31 4 16 13 22 40 14 37 11 42 10 38 1 15 
student 267: 26 35 32 25 27 48 40 31 46 3 49 24 20 4 37 17 33 21 1 18 29 39 43 38 8 11 6 34 16 22 50 28 45 47 15 7 30 5 10 14 23 41 13 42 9 44 12 36 2 19 
student 268: 26 33 29 25 32 47 38 31 45 5 48 23 21 3 34 14 37 24 1 19 28 36 44 42 6 11 8 35 17 22 50 30 46 49 15 7 27 4 16 12 20 43 13 41 9 39 10 40 2 18 
student 269: 26 34 31 25 28 48 39 32 47 4 50 22 20 2 33 17 35 23 1 19 27 37 44 42 13 8 7 36 16 21 49 30 45 46 15 5 29 6 10 12 24 40 14 41 9 43 11 38 3 18 
student 270: 27 33 35 24 26 47 39 31 45 6 50 21 17 2 37 18 32 25 1 19 30 38 44 41 9 4 7 34 16 23 48 28 46 49 15 8 29 5 12 14 22 43 13 40 10 42 11 36 3 20 
student 271: 26 33 32 24 28 49 38 36 46 4 47 23 19 3 34 15 31 25 1 20 30 37 45 41 5 8 9 39 17 21 50 27 43 48 16 7 29 6 10 13 22 42 14 40 12 44 11 35 2 18 
student 272: 26 34 32 24 28 47 39 33 48 6 49 22 19 3 29 16 36 27 1 21 25 37 46 42 4 10 8 35 18 20 50 31 43 45 15 7 30 5 12 14 23 44 13 40 9 41 11 38 2 17 
student 273: 27 33 32 25 23 49 39 30 46 4 50 24 21 6 36 10 35 20 2 19 28 37 43 44 8 9 1 34 18 22 48 29 45 47 15 7 31 5 14 13 26 40 17 42 12 41 11 38 3 16 
student 274: 27 32 33 25 30 48 39 29 46 3 49 21 19 2 34 15 38 22 10 23 26 41 45 44 7 9 5 36 17 20 50 28 43 47 16 6 31 4 12 13 24 37 14 42 11 40 8 35 1 18 
student 275: 26 33 31 25 27 48 36 32 47 5 42 23 19 3 35 16 34 24 2 20 28 40 39 43 12 4 8 37 17 21 50 29 46 49 15 7 30 6 13 11 22 38 14 44 9 45 10 41 1 18 
student 276: 25 32 35 22 27 47 39 31 46 7 49 24 19 4 33 18 36 26 1 20 28 38 43 44 6 5 8 34 17 23 50 30 45 48 16 10 29 3 11 13 21 40 15 41 9 42 12 37 2 14 
student 277: 23 30 33 26 27 48 37 31 43 6 49 24 17 1 36 16 38 25 5 21 28 35 46 42 4 8 7 34 19 22 50 29 45 47 15 3 32 9 11 12 18 39 14 40 10 44 13 41 2 20 
student 278: 26 31 33 24 27 46 37 29 47 3 50 23 18 5 34 16 36 25 1 20 30 39 42 43 10 4 8 35 17 21 49 32 45 48 13 6 28 7 11 14 22 41 15 40 12 44 9 38 2 19 
student 279: 29 30 32 28 22 48 39 27 43 2 49 24 21 4 33 15 36 25 1 16 26 37 47 45 8 9 6 34 19 20 50 31 46 42 17 7 35 5 10 13 23 40 14 41 11 44 12 38 3 18 
student 280: 26 32 34 24 28 47 39 31 48 5 49 25 19 3 36 11 35 22 1 20 29 38 45 43 9 6 7 33 16 21 50 30 46 44 18 10 27 4 12 14 23 37 17 42 8 40 13 41 2 15 
student 281: 26 35 37 24 30 47 39 31 43 4 49 25 19 3 36 16 33 23 1 20 27 34 46 41 8 12 7 32 17 21 45 29 48 50 15 6 28 5 11 14 22 40 13 42 10 44 9 38 2 18 
student 282: 24 31 33 26 27 48 39 32 47 6 46 23 20 3 34 15 35 25 2 18 28 37 42 45 8 9 7 36 17 21 50 29 43 49 16 5 30 4 11 13 22 40 14 44 12 41 10 38 1 19 
student 283: 26 31 36 25 28 48 39 32 47 7 50 23 19 2 33 13 34 24 1 20 27 37 44 41 6 9 4 35 18 21 49 29 46 42 16 8 30 5 12 15 22 40 14 43 10 45 11 38 3 17 
student 284: 34 31 30 24 29 47 38 27 48 4 50 22 19 3 36 15 40 20 2 26 25 32 44 42 6 11 7 33 18 21 49 28 45 46 17 8 35 5 12 13 23 39 14 41 10 43 9 37 1 16 
student 285: 26 32 30 23 28 46 40 33 44 2 48 25 18 7 34 16 36 24 1 20 27 37 43 41 8 9 6 35 14 22 50 29 49 45 19 3 31 5 11 15 21 38 12 42 13 47 10 39 4 17 
student 286: 26 32 36 24 28 48 38 31 44 4 49 21 20 2 35 15 34 25 1 19 30 39 41 43 9 8 6 33 18 14 50 27 47 46 17 7 29 3 13 12 23 40 16 37 10 45 11 42 5 22 
student 287: 25 28 34 26 27 48 38 31 47 4 49 22 21 3 37 15 35 24 1 17 33 39 43 40 5 9 6 32 19 18 50 30 46 44 16 7 29 8 12 13 23 42 14 41 10 45 11 36 2 20 
student 288: 26 32 33 24 27 48 37 31 46 2 49 25 19 3 34 15 36 22 1 23 29 42 44 38 8 9 7 35 17 21 50 30 45 47 16 6 28 5 13 10 20 41 14 40 11 43 12 39 4 18 
student 289: 28 32 33 24 26 47 39 30 45 1 48 22 21 2 34 15 36 25 3 19 27 38 43 42 10 8 7 35 18 20 50 31 46 49 17 5 29 6 13 12 23 40 14 44 11 41 9 37 4 16 
student 290: 24 34 33 26 31 49 40 30 47 2 48 22 16 5 35 15 39 25 3 23 28 32 37 43 8 9 4 36 17 18 50 27 45 46 13 6 29 7 12 19 21 42 14 41 11 44 10 38 1 20 
student 291: 24 33 31 23 28 49 37 32 46 3 48 25 19 4 34 16 39 26 1 20 27 38 41 45 7 9 6 35 18 21 50 30 43 47 17 8 29 5 14 12 22 42 13 40 10 44 11 36 2 15 
student 292: 23 35 37 26 27 49 39 29 46 2 48 24 22 5 30 14 34 20 1 21 28 36 42 40 7 16 10 32 17 19 50 31 45 47 15 6 33 3 11 12 25 41 13 43 8 44 9 38 4 18 
student 293: 25 32 33 26 27 49 38 31 46 3 47 23 19 4 35 16 37 24 1 20 28 36 44 41 7 10 8 34 18 21 50 30 45 48 15 5 29 6 13 12 22 42 14 40 9 43 11 39 2 17 
student 294: 28 32 35 26 25 48 39 30 44 3 49 23 19 2 36 14 33 24 4 20 27 37 42 46 8 10 6 34 18 21 50 29 45 47 16 9 31 5 7 13 22 40 15 43 12 41 11 38 1 17 
student 295: 26 35 31 24 27 50 38 33 46 5 48 23 16 4 30 14 34 25 1 20 28 36 43 45 8 9 6 37 18 21 49 32 44 47 17 7 29 2 12 11 22 40 15 41 10 42 13 39 3 19 
student 296: 26 33 32 24 27 48 40 31 47 4 45 23 19 1 36 15 37 25 2 20 28 39 44 41 9 11 6 34 18 22 50 30 46 49 16 7 29 5 8 12 21 35 14 42 13 43 10 38 3 17 
student 297: 26 31 34 25 28 50 37 29 47 8 49 23 19 2 36 15 33 24 1 20 27 39 44 40 7 9 5 32 17 22 45 35 46 48 16 6 30 3 13 11 21 38 14 42 10 43 12 41 4 18 
student 298: 27 31 34 26 28 49 39 32 43 4 50 23 21 3 37 15 35 25 2 19 30 36 45 40 10 8 7 33 18 22 46 29 47 48 16 5 24 6 12 14 20 41 13 42 11 44 9 38 1 17 
student 299: 27 32 34 26 24 47 41 31 49 1 48 23 17 5 35 15 37 22 4 20 29 36 43 40 8 9 6 33 18 21 50 28 45 46 16 7 30 3 10 13 25 39 14 42 11 44 12 38 2 19 
student 300: 26 33 34 25 27 48 38 31 46 4 49 20 19 3 32 14 39 24 1 21 28 35 45 42 5 6 8 36 18 22 50 30 43 47 16 10 29 7 12 15 23 40 13 41 9 44 11 37 2 17 
student 301: 24 31 33 26 28 48 39 32 47 3 49 23 20 2 34 15 35 25 1 21 27 36 45 41 10 6 5 37 17 22 50 29 44 46 16 7 30 8 13 14 18 40 12 43 11 42 9 38 4 19 
student 302: 27 32 33 23 26 49 37 30 46 5 47 24 20 2 34 15 39 25 1 18 29 36 45 42 8 9 7 35 17 21 50 28 43 48 16 6 31 4 12 13 22 38 14 41 10 44 11 40 3 19 
student 303: 26 32 33 25 27 48 38 31 45 4 49 21 19 3 34 15 36 24 1 22 29 37 46 44 8 9 6 35 18 17 50 28 43 47 13 7 30 5 12 16 23 39 14 41 10 40 11 42 2 20 
student 304: 26 30 33 28 25 47 38 31 46 3 50 23 19 5 34 15 36 24 2 21 29 37 42 40 9 8 6 35 17 22 49 27 45 48 16 7 32 4 11 14 20 41 12 44 10 43 13 39 1 18 
student 305: 26 28 32 25 31 49 39 30 45 4 50 24 20 3 34 12 38 21 1 18 29 36 46 42 9 8 6 35 19 22 48 33 44 47 16 7 27 5 14 13 23 41 15 40 10 43 11 37 2 17 
student 306: 24 33 35 22 27 49 40 31 43 5 50 28 19 3 32 12 38 25 1 21 26 37 44 45 9 7 10 34 15 20 46 29 47 48 17 6 30 4 13 16 23 36 14 41 11 42 8 39 2 18 
student 307: 26 35 31 25 30 48 39 29 46 1 49 18 16 4 33 12 40 23 3 19 27 37 42 44 10 8 7 34 20 22 50 32 45 47 17 9 28 5 13 14 24 41 15 38 6 43 11 36 2 21 
student 308: 26 28 33 24 27 46 37 31 48 4 47 21 17 2 32 16 34 22 3 25 29 36 43 41 9 11 6 42 14 20 50 30 44 49 19 7 35 5 8 10 23 40 15 45 12 39 13 38 1 18 
student 309: 26 32 34 24 27 45 40 29 48 4 49 25 19 3 33 15 36 23 1 22 28 37 46 42 9 10 6 35 17 21 50 31 44 47 16 7 30 5 12 13 20 38 14 41 8 43 11 39 2 18 
student 310: 26 32 33 24 27 48 38 31 47 2 50 23 19 4 34 9 36 28 1 20 30 37 44 39 8 10 7 35 17 22 49 29 45 46 16 6 25 5 13 15 21 40 14 42 12 43 11 41 3 18 
student 311: 23 32 33 25 26 49 39 30 46 4 48 24 17 3 35 16 38 22 1 19 28 34 44 41 8 6 7 36 18 21 50 29 45 47 15 10 31 5 11 12 27 40 14 42 9 43 13 37 2 20 
student 312: 25 36 32 24 30 48 39 28 46 5 50 26 19 3 33 17 38 20 1 22 27 37 42 43 8 9 7 34 18 21 47 29 44 49 15 6 31 4 11 13 23 41 14 40 10 45 12 35 2 16 
student 313: 24 31 36 28 26 47 38 32 46 8 48 25 20 2 34 15 35 21 1 19 27 39 44 42 9 11 6 33 18 22 50 29 45 49 16 7 30 4 12 13 23 40 14 41 5 43 10 37 3 17 
student 314: 23 32 35 26 30 48 38 31 49 5 46 24 20 1 36 14 34 25 3 19 27 33 45 41 8 11 6 37 16 21 50 28 43 47 12 7 29 2 15 13 22 40 18 42 9 44 10 39 4 17 
student 315: 27 34 32 24 25 48 37 29 45 3 49 26 18 4 36 15 35 23 2 20 28 38 44 42 7 11 5 33 19 21 50 30 46 47 17 8 31 6 12 13 22 40 14 41 10 43 9 39 1 16 
student 316: 26 31 35 25 27 48 36 30 47 2 49 24 19 1 34 15 38 23 3 21 29 33 43 42 8 9 6 37 16 18 50 28 44 45 20 4 32 7 11 13 22 41 12 46 10 40 14 39 5 17 
student 317: 26 31 33 24 28 47 39 32 45 5 50 23 20 3 34 11 35 25 1 21 29 37 44 41 10 6 7 36 17 18 49 27 46 48 16 8 30 4 12 15 22 40 14 43 9 42 13 38 2 19 
student 318: 25 27 33 24 28 48 39 31 45 4 50 22 16 3 32 12 38 23 1 19 29 37 46 44 6 9 10 36 20 26 49 34 43 47 17 5 30 7 8 15 21 42 18 35 11 41 14 40 2 13 
student 319: 26 32 33 25 28 45 39 31 47 4 48 24 17 3 34 14 36 23 1 18 27 35 49 43 6 10 5 37 16 19 50 29 44 46 12 8 30 7 13 15 22 42 20 40 9 38 11 41 2 21 
student 320: 26 32 33 25 27 48 38 31 47 4 49 23 16 3 35 14 36 24 1 17 28 37 45 42 8 9 7 34 19 21 46 30 44 50 15 5 29 6 11 13 22 39 18 41 10 43 12 40 2 20 
student 321: 26 30 32 25 28 48 39 29 45 3 49 24 17 4 36 19 37 23 1 20 27 38 43 40 10 11 6 34 16 21 50 33 47 46 15 7 31 5 13 12 22 42 14 41 9 44 8 35 2 18 
student 322: 27 32 33 24 25 48 38 31 46 4 49 23 19 3 34 15 35 26 1 20 28 37 41 39 10 11 7 36 18 21 50 29 43 47 17 8 30 5 14 12 22 44 13 42 9 45 6 40 2 16 
student 323: 24 35 32 28 26 48 36 30 46 3 49 25 18 2 33 17 38 23 1 21 29 37 44 41 7 8 6 34 19 20 50 31 45 47 14 9 27 4 10 13 22 42 15 39 12 43 11 40 5 16 
student 324: 29 31 30 24 25 48 40 32 46 4 50 26 18 3 33 15 37 22 1 19 28 34 44 42 9 8 6 36 20 23 49 27 45 47 16 7 35 5 14 11 21 38 12 41 10 43 13 39 2 17 
student 325: 28 30 33 29 24 48 38 32 47 4 44 23 17 5 34 14 36 27 1 21 26 39 42 41 10 12 3 35 18 20 50 25 45 49 15 6 31 7 11 13 22 40 16 43 8 46 9 37 2 19 
student 326: 27 32 33 24 25 47 39 31 45 4 49 26 20 3 34 12 38 23 2 22 28 36 37 44 7 6 5 35 16 19 50 30 48 46 17 9 29 8 15 14 21 40 10 42 11 43 13 41 1 18 
student 327: 26 33 32 24 27 45 41 31 44 4 49 23 21 2 36 15 35 25 1 19 29 34 48 40 7 8 10 37 17 18 50 28 46 47 16 6 30 5 13 14 22 38 12 43 9 42 11 39 3 20 
student 328: 27 33 36 24 28 47 39 30 46 6 48 22 23 2 32 17 35 25 4 19 29 37 43 41 3 10 7 34 15 21 49 26 44 50 16 8 31 1 9 12 20 40 14 42 11 45 13 38 5 18 
student 329: 30 31 33 25 26 48 41 32 47 4 45 22 19 2 34 15 36 21 1 23 27 40 39 38 8 10 7 35 17 24 49 28 43 50 16 6 29 5 11 13 20 46 14 42 9 44 12 37 3 18 
student 330: 24 34 32 25 27 48 37 31 44 3 49 22 19 4 36 17 35 26 2 23 29 39 45 43 9 8 7 33 16 20 50 28 46 47 15 6 30 5 12 13 21 40 14 41 10 42 11 38 1 18 
student 331: 25 36 32 27 28 47 38 30 46 2 49 23 19 5 34 14 35 24 1 22 26 37 43 41 12 7 6 33 18 21 50 29 45 48 13 9 31 3 10 11 20 39 17 42 8 44 15 40 4 16 
student 332: 24 32 36 27 26 48 38 31 45 4 50 23 19 3 33 14 35 25 1 22 30 39 43 41 9 7 6 37 18 20 49 28 42 47 16 8 29 5 13 15 21 46 12 40 10 44 11 34 2 17 
student 333: 28 33 30 25 26 46 37 32 45 4 50 23 19 3 34 16 35 24 1 20 29 40 47 39 6 12 10 36 11 22 44 27 48 49 15 5 31 8 13 14 21 41 18 42 9 43 7 38 2 17 
student 334: 27 32 34 25 29 48 39 31 45 5 49 21 19 4 35 17 37 22 2 24 28 33 40 43 12 11 1 36 16 23 50 30 44 46 15 6 26 8 13 9 20 41 14 42 7 47 10 38 3 18 
student 335: 25 31 32 26 27 47 40 33 46 3 48 23 19 2 37 15 35 22 1 21 30 39 43 42 8 9 6 34 18 24 49 28 45 50 16 4 29 5 12 11 20 38 13 41 14 44 10 36 7 17 
student 336: 25 33 37 23 28 48 38 30 46 6 50 24 18 2 34 19 32 26 1 21 31 35 43 40 5 9 8 36 16 20 49 27 45 47 12 7 29 3 15 14 22 39 10 41 11 44 13 42 4 17 
student 337: 26 30 33 24 27 48 39 32 45 6 49 21 18 2 36 15 34 25 1 19 29 38 44 42 12 9 4 35 16 22 50 28 46 47 17 8 31 7 13 11 23 40 14 41 5 43 10 37 3 20 
student 338: 26 33 32 25 27 46 39 29 47 3 49 24 19 4 38 14 34 23 2 20 28 36 43 44 8 9 7 35 18 21 50 30 45 48 17 6 31 5 15 12 22 42 13 41 10 40 11 37 1 16 
student 339: 28 32 33 25 27 48 40 31 47 5 49 22 19 3 34 16 36 24 1 20 26 39 45 44 10 7 6 35 18 21 50 29 46 43 17 8 30 4 9 12 23 37 14 38 11 42 13 41 2 15 
student 340: 27 31 32 25 26 47 39 34 49 5 50 23 18 3 35 17 36 24 1 20 28 37 46 42 9 8 6 33 13 21 48 29 43 44 16 7 30 4 14 15 22 40 12 41 10 45 11 38 2 19 
student 341: 25 32 34 24 26 47 38 31 46 4 49 27 19 2 35 16 33 23 3 20 28 37 43 44 7 10 8 36 18 22 50 29 45 48 17 6 30 5 12 13 21 39 14 40 9 42 11 41 1 15 
student 342: 24 33 36 26 27 47 41 31 46 4 48 22 17 6 35 15 34 25 1 20 28 37 44 42 10 8 9 32 16 19 50 30 45 49 18 5 29 3 11 13 23 39 14 40 7 43 12 38 2 21 
student 343: 23 32 33 25 28 50 38 31 45 7 49 26 21 3 35 16 37 24 2 19 27 40 46 42 8 9 5 34 17 20 48 29 43 47 15 6 30 4 11 14 22 39 12 36 10 44 13 41 1 18 
student 344: 29 33 35 25 26 48 38 31 46 4 49 20 24 3 34 14 37 22 2 16 27 36 45 40 9 6 7 32 21 23 50 28 43 47 18 8 30 5 12 15 19 41 13 42 10 44 11 39 1 17 
student 345: 29 34 32 25 26 47 39 28 46 6 50 23 20 2 33 15 37 24 1 19 30 38 44 45 5 8 4 35 17 22 48 27 43 49 16 9 31 7 12 10 21 41 14 40 11 42 13 36 3 18 
student 346: 26 30 33 25 31 48 37 32 45 5 49 19 20 2 34 15 38 24 1 21 27 36 44 43 10 9 4 35 18 22 50 28 46 47 16 6 29 8 12 14 23 40 13 41 11 42 7 39 3 17 
student 347: 24 32 36 26 28 48 39 31 44 1 49 25 20 5 33 17 37 23 2 19 30 38 43 41 8 9 4 35 16 22 50 27 45 47 15 7 29 6 11 12 21 40 13 34 10 46 14 42 3 18 
student 348: 27 33 34 24 26 47 38 31 46 3 49 23 18 4 35 15 36 25 2 21 28 37 45 42 10 5 7 32 13 20 50 30 44 48 19 8 29 1 12 14 22 39 16 40 11 43 9 41 6 17 
student 349: 25 34 33 24 28 47 41 30 43 4 48 26 18 1 32 15 39 19 2 22 27 36 45 40 8 9 6 35 20 21 49 29 46 50 17 7 31 5 14 11 23 42 13 38 12 44 10 37 3 16 
student 350: 31 36 28 25 26 49 37 32 45 3 46 23 20 2 35 14 33 24 9 19 29 38 43 44 4 6 8 34 16 21 50 27 47 48 17 7 30 1 12 13 22 39 15 41 11 42 10 40 5 18 
student 351: 26 33 37 25 29 48 40 30 39 4 47 23 19 2 32 13 35 20 3 22 27 38 44 45 10 5 6 34 14 24 49 31 46 50 18 8 28 7 12 15 21 41 16 42 9 43 11 36 1 17 
student 352: 26 30 36 25 27 49 40 29 45 7 48 24 21 3 32 16 34 23 2 19 28 35 44 41 8 10 4 37 17 20 50 31 42 47 15 6 33 5 11 13 22 38 14 43 9 46 12 39 1 18 
student 353: 27 31 36 24 25 48 39 32 43 5 50 23 20 1 33 14 35 22 2 19 28 37 42 44 9 7 6 34 13 26 49 29 46 47 18 8 30 4 15 12 21 41 16 40 10 45 11 38 3 17 
student 354: 26 32 34 24 27 50 39 31 46 5 48 25 17 4 33 15 37 23 3 21 29 38 44 42 8 7 6 35 20 19 49 30 45 47 16 9 28 2 13 12 22 40 14 43 11 41 10 36 1 18 
student 355: 28 32 33 25 27 47 38 31 45 7 49 23 16 2 34 14 39 24 1 20 26 36 46 42 8 9 5 35 18 21 50 30 44 48 17 6 29 4 13 12 22 40 15 41 10 43 11 37 3 19 
student 356: 28 32 33 25 27 47 37 31 46 1 50 23 16 4 35 12 40 24 2 17 26 36 44 43 7 6 8 34 13 19 48 30 45 49 20 10 29 5 11 15 21 39 18 41 9 42 14 38 3 22 
student 357: 25 32 33 24 27 49 37 30 48 5 46 23 19 3 34 15 36 26 1 20 28 39 44 41 8 11 6 35 18 21 50 29 45 47 17 7 31 4 13 10 22 40 14 42 12 43 9 38 2 16 
student 358: 25 32 33 26 27 45 40 30 47 4 50 23 19 1 37 14 34 24 2 20 29 35 42 43 8 9 5 36 17 21 49 28 46 48 13 7 31 6 11 15 22 41 16 39 10 44 12 38 3 18 
student 359: 26 31 32 25 28 42 39 29 47 3 49 24 17 5 34 13 35 22 1 21 27 38 44 43 7 8 6 37 20 18 48 33 46 50 16 9 30 4 10 11 23 40 15 41 14 45 12 36 2 19 
student 360: 26 33 29 25 28 50 39 32 46 3 48 16 20 4 34 14 36 23 2 21 30 37 44 38 7 8 6 35 19 22 47 27 45 49 17 5 31 9 11 15 24 40 13 41 10 43 12 42 1 18 
student 361: 25 32 33 24 27 48 40 29 46 3 50 22 18 4 35 15 34 26 2 21 28 37 43 45 10 9 6 36 17 20 49 30 44 47 16 7 31 5 11 14 23 41 12 38 8 42 13 39 1 19 
student 362: 25 35 31 29 27 49 39 32 46 4 47 23 17 1 34 10 33 24 3 22 26 36 44 40 8 12 5 37 16 21 50 28 45 48 15 7 30 6 14 18 20 41 13 42 9 43 11 38 2 19 
student 363: 24 35 29 26 27 48 40 32 45 4 49 23 19 2 33 18 36 25 3 20 31 37 47 46 11 8 7 34 13 21 50 28 44 43 16 5 30 6 12 14 22 39 15 42 10 41 9 38 1 17 
student 364: 28 32 34 25 26 45 40 30 48 7 49 24 19 5 35 15 37 22 1 20 27 33 44 43 8 10 4 36 17 23 50 29 46 47 16 6 31 3 12 13 21 39 14 41 11 42 9 38 2 18 
student 365: 30 28 34 25 26 48 38 31 46 7 49 24 19 4 36 16 35 22 1 20 27 39 44 41 8 11 5 33 14 23 50 29 45 47 18 6 32 2 13 15 21 40 12 42 10 43 9 37 3 17 
student 366: 26 31 32 24 27 50 42 30 45 4 48 23 18 3 34 16 35 25 2 20 29 39 44 43 8 9 7 36 17 21 49 28 46 47 15 6 33 5 12 13 22 40 14 38 10 41 11 37 1 19 
student 367: 27 34 30 24 26 46 39 32 47 2 48 23 19 6 33 15 38 25 1 20 28 35 44 41 10 12 8 36 18 21 49 31 45 50 17 5 29 4 11 13 22 40 14 42 7 43 9 37 3 16 
student 368: 24 32 34 27 26 49 44 31 45 4 50 21 19 3 33 15 35 23 1 20 30 38 43 41 6 9 10 36 17 25 47 28 46 48 16 8 29 5 12 13 22 37 14 39 11 42 7 40 2 18 
student 369: 26 32 33 24 27 48 39 34 46 3 49 25 17 5 29 14 35 20 2 21 31 40 44 42 6 9 7 37 18 22 50 28 45 47 16 8 30 4 12 13 23 38 15 41 10 43 11 36 1 19 
student 370: 26 33 29 25 27 47 39 36 48 3 49 23 18 4 31 15 37 24 1 20 28 38 44 43 8 10 7 34 19 21 50 30 45 46 17 6 32 5 14 11 22 40 12 41 9 42 13 35 2 16 
student 371: 29 32 34 26 25 50 38 28 43 2 48 24 18 5 37 15 35 20 1 21 31 40 44 47 9 12 6 33 17 22 46 27 49 45 16 8 30 4 11 13 23 41 14 39 7 42 10 36 3 19 
student 372: 25 32 33 24 27 48 38 31 42 5 49 22 19 3 34 14 37 29 1 20 26 36 46 41 8 9 6 35 18 21 50 28 45 47 11 7 30 2 15 13 23 40 16 43 10 44 12 39 4 17 
student 373: 25 31 32 26 30 46 37 33 45 4 50 24 18 3 35 15 38 20 2 21 28 39 43 40 5 9 7 34 17 22 48 27 47 49 16 8 29 6 13 14 23 41 12 42 10 44 11 36 1 19 
student 374: 25 33 34 22 26 47 36 31 48 4 49 23 18 3 32 12 37 28 2 20 27 38 45 41 9 8 5 35 19 21 50 29 44 46 16 6 30 7 11 14 24 39 15 43 10 42 13 40 1 17 
student 375: 26 32 33 24 27 49 40 31 45 3 47 23 21 4 36 17 35 25 1 18 29 39 46 41 5 9 7 34 19 20 50 28 43 48 16 8 30 6 13 12 22 38 14 44 11 42 10 37 2 15 
student 376: 25 34 36 26 28 50 39 31 47 8 49 23 20 3 32 14 37 24 2 19 30 40 44 42 5 9 4 33 15 21 48 29 45 46 17 6 27 7 16 12 22 38 13 41 11 43 10 35 1 18 
student 377: 28 31 33 25 27 49 39 32 46 5 48 21 16 2 34 14 36 23 1 20 30 37 47 42 7 10 4 35 18 19 50 26 44 45 17 8 29 6 12 13 24 41 15 40 9 43 11 38 3 22 
student 378: 27 36 31 24 26 46 39 33 47 1 49 23 17 3 38 15 32 25 2 21 28 35 43 42 7 8 6 34 16 20 50 29 45 48 18 10 30 5 12 14 22 41 13 44 11 40 9 37 4 19 
student 379: 29 32 33 23 30 48 39 31 46 4 49 21 20 3 34 14 38 25 1 19 26 36 45 42 9 7 6 35 18 22 50 27 44 47 16 8 28 5 12 11 24 40 15 41 10 43 13 37 2 17 
student 380: 26 31 33 25 28 47 40 30 45 4 48 22 20 5 34 14 35 23 1 19 32 38 44 41 9 10 6 36 16 21 50 27 46 49 17 3 29 8 15 12 24 39 11 43 7 42 13 37 2 18 
student 381: 26 31 33 25 27 44 40 29 47 4 48 22 18 3 36 17 32 24 1 20 28 39 43 42 8 11 6 35 16 21 50 30 46 49 12 9 34 5 13 14 23 38 15 41 7 45 10 37 2 19 
student 382: 22 27 32 25 26 48 39 34 44 4 47 23 19 3 33 15 36 28 1 20 29 37 50 41 5 7 10 35 18 21 49 31 45 46 16 6 30 8 12 13 24 40 14 42 11 43 9 38 2 17 
student 383: 27 35 30 26 25 49 40 31 45 7 50 19 22 4 36 12 32 24 1 20 28 37 46 39 6 9 5 34 17 23 48 29 43 47 15 8 33 2 13 14 21 44 16 38 10 41 11 42 3 18 
student 384: 24 32 33 20 29 47 40 31 46 5 49 26 18 3 34 15 37 27 1 14 30 36 44 43 8 10 4 35 19 23 50 28 45 48 17 7 25 6 9 16 21 38 13 42 11 41 12 39 2 22 
student 385: 27 31 33 25 26 50 37 29 46 4 48 23 17 5 34 18 36 24 1 19 30 39 45 43 10 12 6 35 16 21 49 28 42 47 9 7 32 2 11 13 22 40 14 41 8 44 15 38 3 20 
student 386: 26 32 36 25 29 48 38 30 43 2 49 23 17 5 35 15 34 22 1 24 27 37 42 41 9 10 6 33 16 19 50 28 46 45 18 8 31 4 12 11 20 40 13 44 7 47 14 39 3 21 
student 387: 24 35 33 26 25 47 41 34 44 2 49 23 18 3 32 14 30 27 4 19 29 36 45 43 7 11 6 37 17 21 50 28 46 48 15 10 31 5 8 12 22 38 13 39 16 42 9 40 1 20 
student 388: 25 31 32 27 26 47 45 30 49 3 48 23 20 8 33 15 34 24 1 22 28 35 46 40 4 9 5 37 18 21 50 36 43 44 16 7 29 6 10 12 17 39 14 41 11 42 13 38 2 19 
student 389: 26 31 33 25 27 46 39 32 44 4 48 21 19 3 35 17 36 24 2 20 29 34 47 45 11 6 8 37 14 23 49 28 43 50 16 9 30 5 10 12 22 42 13 40 7 41 15 38 1 18 
student 390: 26 31 33 24 27 49 39 29 48 4 47 22 20 3 35 16 36 23 1 18 28 37 44 42 9 8 6 34 17 21 50 30 46 43 15 7 32 5 13 10 25 40 14 41 11 45 12 38 2 19 
student 391: 27 33 32 24 26 46 40 31 48 5 47 22 20 1 34 15 36 25 4 23 28 37 44 43 8 9 3 35 17 16 50 29 45 49 18 6 30 7 12 13 21 39 14 41 11 42 10 38 2 19 
student 392: 26 31 33 25 24 47 38 32 50 5 49 23 22 4 34 16 37 29 3 21 30 35 43 48 2 10 7 36 18 17 44 28 46 45 15 8 27 6 12 13 20 39 14 40 9 42 11 41 1 19 
student 393: 25 32 33 26 28 46 38 31 45 7 49 22 19 2 34 15 35 24 1 21 27 36 43 47 5 13 6 37 17 20 50 30 42 48 16 4 29 9 12 8 23 41 14 40 11 44 10 39 3 18 
student 394: 28 33 32 25 26 48 36 31 46 3 49 24 15 5 34 18 38 23 1 17 27 39 44 43 8 16 6 37 13 21 50 29 45 47 19 7 30 4 9 12 22 35 14 42 10 41 11 40 2 20 
student 395: 27 32 30 25 26 46 44 31 48 4 41 24 19 2 35 12 38 23 1 21 28 36 47 42 8 9 5 34 16 22 49 29 50 45 17 7 33 6 13 14 20 40 15 39 10 43 11 37 3 18 
student 396: 25 30 34 23 27 46 39 31 44 5 49 24 18 2 35 15 36 19 1 20 28 38 48 41 8 9 7 33 17 21 50 29 45 47 14 4 32 6 11 12 26 43 16 40 10 42 13 37 3 22 
student 397: 26 32 36 25 27 49 40 29 48 5 50 22 18 2 34 12 35 24 3 20 28 38 46 42 9 8 6 33 15 21 47 30 43 45 19 11 31 4 13 16 23 37 17 41 10 44 7 39 1 14 
student 398: 27 33 35 26 29 50 37 32 46 7 47 23 19 3 30 16 39 24 2 22 25 36 45 42 9 8 5 34 14 20 48 31 44 49 18 6 28 4 12 13 21 40 15 41 11 43 10 38 1 17 
student 399: 30 32 33 26 25 49 40 31 47 2 43 22 20 4 34 15 36 24 1 19 27 37 46 44 10 9 6 35 17 21 50 29 45 48 16 5 28 7 12 14 23 41 13 39 8 42 11 38 3 18 
student 400: 28 32 34 26 27 49 37 31 45 5 48 23 20 4 33 18 35 24 1 19 25 38 44 43 10 9 3 36 14 22 50 29 47 46 16 7 30 6 12 13 21 40 17 41 11 42 8 39 2 15 
student 401: 26 33 34 23 27 47 40 32 46 6 50 24 20 5 35 17 37 25 2 21 29 38 43 42 7 8 4 36 18 19 49 30 45 48 15 9 28 3 11 13 22 31 14 44 10 41 12 39 1 16 
student 402: 25 30 34 27 26 48 39 32 46 4 49 21 19 2 35 14 36 23 3 20 28 38 45 40 9 11 8 33 17 22 50 29 43 47 16 5 31 6 15 12 24 42 13 41 7 44 10 37 1 18 
student 403: 28 32 39 24 26 48 38 31 45 4 50 21 18 3 35 13 33 23 2 22 27 36 43 41 8 10 6 34 15 25 49 30 46 47 17 7 29 5 16 12 19 40 14 42 11 44 9 37 1 20 
student 404: 27 31 34 25 30 47 38 32 49 4 48 23 20 2 33 15 37 26 1 19 28 40 45 44 9 7 6 35 17 21 50 24 42 46 16 8 29 5 12 13 22 41 14 43 10 39 11 36 3 18 
student 405: 28 31 36 23 26 49 39 27 47 4 46 21 17 3 33 15 35 25 2 18 29 37 44 42 8 11 5 34 16 22 50 30 45 48 24 7 32 6 12 14 20 40 13 41 10 43 9 38 1 19 
student 406: 26 32 33 25 27 49 39 31 46 5 47 22 20 2 34 17 36 23 1 19 29 37 45 42 7 9 8 35 16 21 50 30 44 48 15 4 28 6 11 13 24 40 14 41 10 43 12 38 3 18 
student 407: 27 32 31 25 33 49 39 30 44 4 50 22 19 3 35 16 34 24 1 20 26 37 47 40 6 11 8 36 17 23 46 29 43 48 14 7 28 5 12 13 21 41 15 42 9 45 10 38 2 18 
student 408: 27 32 35 24 26 50 40 31 45 3 47 23 19 5 34 14 37 25 1 16 28 39 42 43 9 8 7 33 17 21 48 29 46 49 20 6 30 4 12 13 22 38 18 41 10 44 11 36 2 15 
student 409: 29 32 33 25 24 49 40 31 43 4 50 26 19 3 34 13 36 22 1 17 27 37 47 41 8 9 7 35 18 21 46 28 45 48 11 6 30 5 14 15 23 42 20 39 10 44 12 38 2 16 
student 410: 26 32 33 25 27 47 40 30 45 5 49 21 17 1 34 14 35 23 2 20 28 37 42 43 7 12 6 38 16 22 50 29 46 48 18 8 31 4 11 13 24 36 15 41 9 44 10 39 3 19 
student 411: 27 30 34 25 28 50 39 31 45 5 47 22 18 4 33 14 37 23 1 19 26 36 44 40 10 7 2 35 17 24 49 29 46 48 16 9 32 6 12 11 21 41 13 42 8 43 15 38 3 20 
student 412: 25 36 30 28 26 48 40 31 46 4 50 22 17 3 35 18 38 24 2 20 29 34 44 43 8 10 7 32 19 23 49 27 47 45 16 6 33 5 12 13 21 42 14 39 11 41 9 37 1 15 
student 413: 26 33 34 24 27 48 39 32 46 5 49 22 18 4 35 14 36 23 2 21 28 37 44 40 10 9 8 31 19 20 50 29 45 47 16 7 30 6 12 13 25 41 17 42 1 43 11 38 3 15 
student 414: 29 32 33 25 31 48 38 30 47 4 50 20 19 3 34 15 35 23 1 21 26 37 45 42 6 8 10 36 16 22 49 27 44 46 14 7 28 5 12 13 24 41 18 40 11 43 9 39 2 17 
student 415: 27 33 34 26 28 47 38 31 46 4 50 21 18 6 32 15 36 25 1 20 23 37 45 42 9 10 2 35 16 22 48 29 44 49 19 7 30 5 8 14 24 40 13 39 11 43 12 41 3 17 
student 416: 27 34 29 20 24 46 38 31 49 4 48 23 18 3 33 13 35 26 1 22 28 40 44 41 11 8 6 36 19 25 50 30 45 47 17 7 32 5 12 9 21 39 15 43 10 42 14 37 2 16 
student 417: 26 32 35 25 27 48 44 29 46 3 49 24 20 4 33 14 36 21 1 19 31 37 42 41 9 7 5 34 18 22 50 28 45 47 16 6 30 8 11 13 23 40 15 39 10 43 12 38 2 17 
student 418: 27 34 32 25 26 49 39 31 44 2 48 24 19 6 35 13 36 23 3 21 29 38 45 42 10 8 5 33 16 20 50 28 47 46 17 7 30 4 15 14 22 40 11 41 9 43 12 37 1 18 
student 419: 26 34 30 27 28 45 40 33 47 5 48 24 19 2 38 15 32 25 1 18 29 36 44 42 8 10 4 35 20 21 50 31 46 49 16 7 22 6 12 13 23 39 14 41 9 43 11 37 3 17 
student 420: 26 31 32 25 28 48 40 33 46 5 49 22 16 3 36 17 37 24 1 19 27 38 45 42 9 10 7 34 18 20 50 29 44 47 15 4 30 6 11 14 21 39 13 41 8 43 12 35 2 23 
student 421: 27 32 33 24 28 48 39 31 45 2 49 22 21 4 34 15 36 25 3 19 26 38 43 44 11 9 6 35 16 23 50 29 47 46 18 5 30 7 13 12 20 40 14 41 8 42 10 37 1 17 
student 422: 27 31 32 26 24 50 39 34 47 5 48 22 21 2 35 14 33 23 4 17 29 38 45 43 9 3 7 36 15 20 49 30 44 46 19 10 28 6 11 12 25 41 13 42 8 40 16 37 1 18 
student 423: 25 32 31 26 27 47 38 33 48 5 50 21 18 2 34 15 36 24 1 20 28 37 43 40 6 10 7 35 23 17 49 29 44 46 19 9 30 4 12 13 22 41 14 39 11 45 8 42 3 16 
student 424: 26 28 33 22 27 49 37 34 47 3 46 25 23 6 36 14 32 24 1 19 29 35 44 41 9 10 7 39 20 17 50 30 45 48 16 8 31 5 12 11 21 38 13 42 4 43 15 40 2 18 
student 425: 24 28 35 23 27 47 38 30 45 7 50 31 18 2 33 16 36 26 1 22 25 42 43 44 10 8 5 34 19 21 48 32 46 49 17 6 29 4 13 12 15 37 14 39 9 41 11 40 3 20 
student 426: 26 29 34 23 28 46 41 33 47 2 49 24 19 3 31 15 36 25 1 21 30 38 44 42 9 8 5 35 18 20 50 27 45 48 16 6 32 4 10 13 22 39 14 40 11 43 12 37 7 17 
student 427: 26 31 33 24 28 49 41 32 46 6 48 23 17 1 34 18 36 25 2 19 30 37 43 42 7 9 3 35 16 21 50 29 44 47 15 8 27 5 14 12 22 39 13 40 10 45 11 38 4 20 
student 428: 26 32 33 21 28 48 39 29 46 4 49 24 20 3 35 14 36 25 1 19 27 38 44 43 10 6 8 34 17 23 50 30 45 47 16 9 31 5 13 7 22 40 15 41 11 42 12 37 2 18 
student 429: 27 33 34 25 26 48 40 31 43 1 49 22 19 4 36 14 37 24 2 20 29 38 47 44 6 9 8 32 17 23 50 28 45 46 16 7 30 5 11 12 21 39 13 42 10 41 15 35 3 18 
student 430: 29 31 33 27 25 50 39 32 46 5 48 24 19 3 37 16 34 22 2 20 28 36 45 43 9 8 7 35 15 21 49 26 44 47 18 4 30 6 13 11 23 40 14 41 12 42 10 38 1 17 
student 431: 27 31 33 23 28 40 39 30 49 2 41 24 18 3 34 16 35 22 6 21 26 37 46 44 7 8 10 36 17 20 48 32 47 50 14 4 29 5 12 15 25 42 9 43 11 45 13 38 1 19 
student 432: 27 32 33 23 25 48 35 31 44 6 49 24 19 1 34 17 37 26 7 20 29 38 43 42 9 8 4 36 15 21 50 28 45 47 16 5 30 3 14 11 22 39 13 41 10 46 12 40 2 18 
student 433: 30 35 31 25 28 50 39 32 43 3 47 24 21 1 33 15 36 22 4 19 29 34 41 42 8 9 6 37 18 23 49 26 46 48 17 7 27 5 10 12 20 40 13 44 11 45 14 38 2 16 
student 434: 27 31 32 25 26 49 42 33 47 3 48 23 19 4 37 16 34 24 2 20 28 36 44 41 7 8 6 35 17 21 50 30 43 46 15 9 29 5 12 13 22 40 14 39 11 45 10 38 1 18 
student 435: 24 33 34 28 27 48 39 30 46 5 49 23 17 2 36 16 35 26 1 19 29 37 43 42 6 9 7 32 20 21 50 31 45 47 18 8 25 3 12 14 22 41 13 40 10 44 11 38 4 15 
student 436: 26 31 32 25 27 49 38 39 46 4 48 23 20 2 34 13 36 24 1 18 28 37 44 40 7 12 8 30 19 21 50 29 45 47 17 5 33 6 11 15 22 41 9 42 14 43 10 35 3 16 
student 437: 24 30 33 26 27 48 38 31 47 6 46 22 19 4 34 12 37 25 1 20 28 40 44 41 7 9 5 35 16 17 50 32 45 49 14 8 29 3 11 15 23 42 18 36 13 43 10 39 2 21 
student 438: 25 32 33 26 27 48 37 30 46 4 49 23 21 3 34 14 38 24 1 22 28 40 44 42 6 8 7 36 17 20 50 29 45 47 18 10 31 5 13 9 19 39 15 41 11 43 12 35 2 16 
student 439: 25 30 33 29 26 46 39 32 47 4 49 23 20 2 34 14 36 24 1 19 27 37 44 42 9 8 5 35 18 21 50 28 45 48 16 7 31 6 11 12 22 38 15 40 13 43 10 41 3 17 
student 440: 27 35 32 25 26 48 38 33 46 4 49 24 19 2 34 13 39 22 3 20 28 31 40 44 11 8 5 36 17 21 50 29 45 47 16 6 30 7 14 9 23 43 15 42 10 41 12 37 1 18 
student 441: 22 32 34 24 27 49 37 31 44 3 47 26 20 4 35 16 36 23 2 19 28 38 42 45 8 10 7 33 18 21 50 29 46 48 14 6 30 5 12 13 25 40 15 41 9 43 11 39 1 17 
student 442: 27 32 35 25 29 47 37 31 46 4 49 23 18 2 36 14 39 24 1 21 26 38 44 40 6 7 9 33 17 20 48 28 45 50 15 8 30 5 12 13 22 42 16 43 10 41 11 34 3 19 
student 443: 25 35 34 26 27 48 41 30 47 4 49 20 23 3 32 12 36 24 2 17 28 37 43 39 9 7 6 33 18 21 50 29 46 45 16 8 31 5 13 14 22 42 15 40 10 44 11 38 1 19 
student 444: 28 35 31 25 27 49 39 30 46 6 48 23 21 3 36 15 34 24 4 20 29 37 45 43 5 10 8 33 16 19 50 26 41 47 18 7 32 1 12 13 22 40 14 42 11 44 9 38 2 17 
student 445: 22 29 32 27 26 48 39 28 47 3 50 24 19 2 33 15 37 25 1 17 30 36 43 40 8 9 6 35 21 18 49 31 45 46 16 7 34 5 14 12 20 38 13 44 10 42 11 41 4 23 
student 446: 28 32 35 23 27 46 41 33 49 4 48 21 20 2 30 9 34 25 1 18 26 37 45 43 7 8 10 38 17 22 50 29 44 47 13 6 31 5 14 15 24 39 16 42 11 40 12 36 3 19 
student 447: 28 31 32 23 27 48 39 35 47 3 50 25 19 2 34 15 38 24 1 20 29 33 45 40 7 8 5 36 17 21 49 26 43 44 16 14 30 6 9 10 22 42 13 41 12 46 11 37 4 18 
student 448: 25 32 34 29 27 46 38 33 49 5 48 24 16 7 30 17 39 23 4 18 26 37 47 43 8 9 6 36 19 22 50 28 45 42 15 3 31 2 11 14 20 41 12 35 10 44 13 40 1 21 
student 449: 26 33 34 24 27 49 38 31 45 4 44 22 19 1 37 17 36 25 2 21 29 35 48 43 8 11 6 32 15 20 50 28 46 47 16 5 30 7 10 12 23 39 14 40 9 42 13 41 3 18 
student 450: 22 32 33 26 23 49 40 31 47 4 46 21 20 3 34 12 35 27 1 18 28 36 45 41 7 9 6 38 16 24 50 30 43 48 15 8 29 5 14 10 25 39 13 44 11 42 19 37 2 17 
student 451: 28 31 33 22 25 48 40 32 46 2 49 26 20 5 36 15 37 23 1 18 27 39 43 41 8 9 6 38 17 21 50 30 44 47 16 7 29 3 10 13 24 42 14 35 11 45 12 34 4 19 
student 452: 26 33 32 25 30 48 36 28 46 3 49 24 20 7 34 13 38 23 1 16 31 37 45 43 8 9 6 35 18 21 50 29 44 47 14 5 27 4 11 15 22 40 17 41 12 42 10 39 2 19 
student 453: 27 37 32 24 26 50 39 28 46 3 47 23 18 6 33 16 34 25 1 21 29 35 44 43 8 10 5 36 17 19 48 30 45 49 15 7 31 4 11 13 20 40 12 41 9 42 14 38 2 22 
student 454: 27 33 34 25 30 49 40 32 45 8 48 23 18 2 31 15 35 24 5 19 29 36 44 41 7 6 10 37 17 21 50 26 47 46 16 4 28 3 12 13 22 38 14 43 9 42 11 39 1 20 
student 455: 25 31 32 23 27 48 43 33 46 4 49 21 24 3 34 15 35 26 2 17 30 36 44 40 8 9 7 39 14 20 50 28 45 47 18 5 29 10 13 12 22 38 16 41 6 42 11 37 1 19 
student 456: 27 32 30 25 26 48 39 33 46 4 49 23 17 3 34 14 35 24 1 18 29 37 44 38 7 9 8 36 19 20 50 28 43 47 16 6 31 5 12 13 22 41 15 45 10 42 11 40 2 21 
student 457: 28 32 33 24 30 47 40 31 46 4 50 23 19 3 34 13 36 25 1 20 26 37 44 42 8 9 6 35 18 21 49 29 45 48 16 7 27 5 11 15 22 41 14 39 10 43 12 38 2 17 
student 458: 26 30 33 25 27 47 43 32 48 6 49 24 20 3 34 15 35 23 1 18 29 37 44 41 12 8 4 36 17 21 50 28 45 46 16 5 31 7 13 11 22 39 14 40 9 42 10 38 2 19 
student 459: 26 33 36 24 27 48 39 30 46 4 50 25 19 3 32 15 34 22 2 20 28 37 43 41 9 7 6 35 16 21 49 29 45 47 17 8 31 5 13 12 23 40 14 44 10 42 11 38 1 18 
student 460: 25 32 34 24 30 49 39 29 44 5 50 21 19 2 35 17 37 23 1 20 27 41 46 43 8 10 4 33 18 22 48 31 45 47 15 6 28 7 12 13 26 36 14 40 9 42 11 38 3 16 
student 461: 25 33 32 24 26 47 40 30 46 2 49 23 14 4 36 18 37 20 1 21 28 38 45 43 8 10 6 34 17 27 50 31 44 48 12 7 29 3 13 16 22 39 11 41 15 42 9 35 5 19 
student 462: 27 31 33 25 26 46 38 30 45 6 50 24 19 4 36 12 34 23 1 20 35 39 44 43 10 9 5 32 18 22 49 28 47 48 17 8 29 3 16 13 21 40 14 41 7 42 11 37 2 15 
student 463: 28 33 30 25 31 46 40 26 45 4 48 21 20 2 35 15 34 24 1 22 32 38 44 42 9 11 5 36 17 18 49 27 47 50 16 6 29 7 10 13 23 37 14 41 8 43 12 39 3 19 
student 464: 25 37 32 23 26 48 39 28 46 4 49 27 20 3 38 17 34 24 1 19 29 36 44 41 9 10 6 33 15 21 50 31 45 47 16 8 30 5 12 13 22 40 14 42 7 43 11 35 2 18 
student 465: 27 28 30 24 26 49 38 32 46 4 47 23 17 2 33 13 34 22 1 20 36 39 44 43 7 8 6 35 18 21 50 29 45 48 16 10 31 5 12 15 25 40 14 41 9 42 11 37 3 19 
student 466: 31 33 34 23 26 48 38 29 47 6 50 24 19 4 28 12 37 25 1 20 27 39 42 41 7 10 5 35 18 21 49 30 44 46 16 9 32 3 15 13 22 40 14 43 8 45 11 36 2 17 
student 467: 27 33 28 25 26 49 39 32 45 4 48 23 20 3 34 15 35 24 1 18 29 36 46 42 7 11 9 37 19 21 50 30 43 47 16 6 31 5 13 12 22 40 14 41 8 44 10 38 2 17 
student 468: 27 35 29 26 23 46 37 31 45 2 50 25 19 7 33 16 36 22 1 20 30 38 47 43 5 8 6 34 14 21 49 28 40 48 18 10 32 3 13 12 24 42 15 41 9 44 11 39 4 17 
student 469: 24 34 37 25 30 48 35 31 47 9 50 21 19 2 32 15 33 26 5 22 27 38 45 42 6 8 7 36 17 20 49 28 46 44 16 4 29 3 13 11 23 43 14 41 10 40 12 39 1 18 
student 470: 22 32 33 24 25 48 37 26 46 2 50 28 18 3 35 15 34 23 1 21 29 36 42 43 5 9 8 39 16 27 49 31 45 47 17 7 30 6 12 13 19 38 14 41 10 44 11 40 4 20 
student 471: 25 33 32 24 26 49 39 31 46 3 50 23 19 4 35 18 34 21 2 22 28 37 42 41 6 7 9 36 17 15 47 29 44 48 16 8 30 5 11 14 27 40 13 43 10 45 12 38 1 20 
student 472: 23 27 31 26 28 48 33 35 47 1 49 25 19 3 36 14 34 24 2 21 30 38 44 39 6 9 5 37 17 20 50 32 45 46 16 7 29 10 13 15 22 40 12 42 8 43 11 41 4 18 
student 473: 26 31 32 25 28 47 38 30 46 4 49 23 20 3 35 12 34 24 1 19 27 37 43 42 9 10 5 36 17 21 50 29 45 48 14 6 33 7 13 16 22 39 15 44 8 41 11 40 2 18 
student 474: 24 31 34 22 28 48 37 32 46 6 50 21 17 1 33 14 35 25 3 23 26 36 41 44 5 4 8 40 27 18 49 29 45 47 16 9 30 7 12 15 20 43 13 38 10 42 11 39 2 19 
student 475: 26 32 34 20 27 46 38 31 47 4 48 25 23 3 33 15 37 24 2 19 29 36 43 44 8 9 5 35 14 21 49 28 45 50 17 7 30 6 11 16 22 40 13 41 10 42 12 39 1 18 
student 476: 28 30 35 24 26 48 41 27 46 4 45 21 20 3 33 14 31 25 2 22 29 39 44 38 8 9 5 36 17 19 49 34 47 50 15 6 32 7 12 13 23 37 16 42 10 43 11 40 1 18 
student 477: 28 32 33 23 25 48 39 30 47 4 49 24 19 3 34 14 37 26 1 20 27 36 44 43 7 9 6 35 18 21 50 29 45 46 16 8 31 5 13 11 22 42 15 40 12 41 10 38 2 17 
student 478: 26 30 33 24 28 46 40 32 49 4 48 23 20 3 35 19 34 22 1 27 29 39 42 44 7 8 6 37 16 17 50 25 45 47 14 9 31 5 11 13 21 36 15 43 12 41 10 38 2 18 
student 479: 26 31 34 25 27 46 35 33 49 3 47 23 18 8 32 15 37 24 1 20 29 39 45 43 4 9 6 36 17 21 48 28 44 50 13 5 30 7 11 12 22 42 14 38 10 40 16 41 2 19 
student 480: 25 27 30 26 32 46 39 36 47 4 49 24 19 2 34 14 31 23 1 21 29 35 44 42 6 11 8 37 16 20 50 28 43 48 17 7 33 5 12 13 22 41 15 40 9 45 10 38 3 18 
student 481: 25 32 35 27 26 48 39 29 49 2 50 22 21 3 33 15 36 24 1 16 30 37 44 42 9 7 8 34 18 20 47 28 46 43 17 6 31 4 12 13 23 40 14 41 10 45 11 38 5 19 
student 482: 24 34 31 26 27 47 40 33 46 3 50 21 20 2 29 16 38 23 4 19 30 37 41 44 9 11 5 36 15 25 49 32 45 48 17 7 28 6 14 10 22 42 12 39 13 43 8 35 1 18 
student 483: 26 33 32 25 27 49 37 29 46 5 48 23 19 2 34 17 39 24 1 22 28 36 47 42 9 7 8 35 16 20 50 30 44 45 15 6 31 4 13 11 21 40 14 41 10 43 12 38 3 18 
student 484: 25 31 33 22 27 48 40 32 46 7 49 23 19 3 35 18 37 26 1 20 28 36 43 42 9 10 4 34 16 21 50 29 45 47 13 5 30 8 11 15 24 39 12 41 6 44 14 38 2 17 
student 485: 27 33 32 23 28 50 41 31 47 6 48 20 18 3 34 15 35 25 1 19 24 36 45 43 8 4 7 38 17 21 49 29 46 40 16 14 30 5 9 13 26 39 11 42 10 44 12 37 2 22 
student 486: 27 30 31 22 24 48 39 32 47 2 49 25 21 5 35 12 36 29 1 19 26 38 43 42 10 8 6 34 18 23 50 28 45 46 17 7 33 4 9 14 20 41 15 40 13 44 11 37 3 16 
student 487: 26 32 33 25 24 50 39 31 44 4 47 28 19 2 34 15 37 23 1 20 30 35 46 41 8 10 5 36 16 21 49 27 48 45 17 6 29 7 9 14 22 40 13 42 11 43 12 38 3 18 
student 488: 26 34 31 25 24 49 41 32 46 7 50 21 22 3 35 18 39 27 1 19 28 36 45 43 9 6 5 30 17 20 48 29 42 47 13 8 33 4 11 15 23 37 14 38 10 44 12 40 2 16 
student 489: 28 32 34 25 26 46 40 31 45 6 48 23 19 4 35 10 36 24 2 20 27 37 44 43 8 13 5 33 17 22 50 30 47 49 15 7 29 3 12 14 21 39 16 41 9 42 11 38 1 18 
student 490: 25 34 31 24 32 50 36 29 46 1 47 23 20 6 33 17 37 27 5 21 28 38 44 42 11 4 8 35 16 22 49 26 43 48 14 7 30 3 12 13 19 40 15 41 9 45 10 39 2 18 
student 491: 27 33 29 22 24 46 39 31 48 6 50 25 15 3 35 13 37 26 1 21 28 36 43 42 8 10 5 32 17 23 49 30 44 47 19 7 34 4 12 16 20 41 14 40 9 45 11 38 2 18 
student 492: 24 31 34 25 26 50 39 28 46 7 47 23 17 3 32 11 35 27 1 19 29 36 43 45 12 9 5 37 18 22 49 33 44 48 16 8 30 2 13 14 21 40 15 41 10 42 6 38 4 20 
student 493: 26 33 32 25 27 46 39 30 48 1 49 24 18 4 34 16 35 23 2 22 28 38 44 42 7 9 5 36 15 19 50 29 45 47 20 6 31 8 12 14 21 40 13 37 10 43 11 41 3 17 
student 494: 27 31 33 25 28 48 37 32 46 4 50 24 23 5 35 17 39 19 2 20 29 34 45 42 9 7 6 36 15 21 47 30 44 49 14 8 26 3 12 13 22 40 16 41 11 43 10 38 1 18 
student 495: 26 32 33 22 27 47 39 30 46 5 49 24 19 4 36 15 38 25 1 18 28 35 42 41 8 9 7 34 17 20 50 31 45 48 16 3 29 6 13 14 23 40 12 43 11 44 10 37 2 21 
student 496: 33 31 32 22 26 46 38 28 49 2 50 23 18 4 34 15 36 24 1 19 30 37 44 42 9 7 5 35 16 25 48 27 45 47 17 8 29 6 12 13 21 39 14 40 10 41 11 43 3 20 
student 497: 30 32 33 25 26 48 40 31 45 2 50 23 19 4 34 17 36 24 1 20 28 35 44 42 8 9 6 37 16 21 49 29 47 46 15 7 27 5 14 10 22 39 12 41 11 43 13 38 3 18 
student 498: 25 30 33 26 29 49 40 32 45 5 46 21 20 3 35 16 37 24 1 22 27 34 44 43 8 9 6 36 18 23 50 28 47 48 17 7 31 4 12 11 19 39 13 41 10 42 14 38 2 15 
student 499: 28 31 32 25 26 50 40 30 48 2 47 23 18 5 34 14 36 21 1 22 27 39 43 42 11 9 7 35 17 19 45 29 46 49 16 6 33 4 12 13 24 37 15 41 10 44 8 38 3 20 
