student 0: 25 30 45 6 12 10 11 28 26 46 33 15 50 44 5 16 9 42 1 31 36 34 35 29 22 49 47 7 3 2 27 40 19 38 48 24 43 14 8 41 21 13 23 17 32 4 18 20 37 39 
student 1: 27 34 45 3 12 10 14 32 25 44 33 15 50 43 1 16 8 42 2 26 31 35 36 29 24 49 46 7 4 5 28 41 23 39 48 22 47 13 11 38 21 6 17 18 30 9 19 20 37 40 
student 2: 28 31 47 3 19 11 12 30 24 42 35 13 50 46 2 15 9 43 1 27 33 36 34 29 20 49 44 8 5 6 26 40 21 38 48 25 45 10 7 41 23 14 16 17 32 4 18 22 37 39 
student 3: 25 31 43 1 15 9 13 29 26 45 34 16 49 41 2 18 8 44 5 27 32 35 37 28 23 50 46 3 7 6 30 39 22 42 48 24 47 12 11 40 21 10 14 17 33 4 19 20 36 38 
student 4: 24 36 44 4 13 12 14 31 23 47 32 16 50 43 1 15 6 41 2 28 30 35 40 29 26 48 45 9 3 8 27 39 21 34 49 22 46 7 11 42 19 10 17 18 33 5 20 25 38 37 
student 5: 26 32 43 2 14 10 12 31 23 47 34 15 49 40 1 16 13 46 5 29 30 35 36 28 19 48 41 6 3 7 27 44 24 39 50 25 45 11 9 42 22 8 18 21 33 4 17 20 38 37 
student 6: 25 31 45 3 14 12 11 34 20 46 36 15 50 38 1 19 9 42 2 27 29 37 33 30 28 49 44 8 4 7 26 43 23 41 48 24 47 13 10 39 22 5 16 18 32 6 17 21 35 40 
student 7: 27 31 42 2 14 11 13 36 24 45 34 15 49 41 4 17 9 44 1 29 30 35 32 28 23 50 46 7 3 6 26 40 19 38 47 25 48 12 10 43 22 8 16 21 33 5 18 20 37 39 
student 8: 26 31 42 4 15 12 14 32 25 43 34 17 50 40 2 11 7 44 1 28 30 37 35 29 23 49 47 8 5 6 27 38 22 41 46 24 48 13 10 45 21 9 18 16 33 3 19 20 36 39 
student 9: 23 32 48 4 15 13 12 31 25 45 34 16 49 41 1 14 7 43 2 26 28 35 38 30 22 44 47 6 3 8 29 40 21 37 50 27 46 11 9 42 24 10 17 18 33 5 19 20 36 39 
student 10: 27 34 42 1 14 13 12 32 25 44 35 15 50 43 2 16 8 40 4 31 29 30 36 28 23 49 46 3 7 10 26 45 22 39 47 24 48 11 9 38 21 5 18 17 33 6 19 20 37 41 
student 11: 27 29 45 4 12 10 14 33 24 47 34 13 49 41 1 17 8 43 2 28 32 35 36 31 25 48 42 7 3 5 23 44 22 38 50 26 46 11 15 40 21 9 16 18 30 6 19 20 37 39 
student 12: 26 33 45 2 12 9 14 31 23 46 32 16 50 40 1 17 6 43 3 27 28 35 36 30 24 49 48 8 5 7 29 41 22 37 47 25 44 10 11 42 21 13 15 20 34 4 19 18 38 39 
student 13: 26 32 47 1 17 10 13 30 21 45 36 15 50 43 2 14 8 42 3 28 29 34 37 31 24 46 48 7 4 6 27 41 23 35 49 25 44 12 11 39 18 9 16 20 33 5 22 19 38 40 
student 14: 26 32 43 3 16 12 8 30 24 45 35 15 50 44 1 14 6 42 2 28 31 33 36 29 23 49 46 7 5 9 27 39 21 38 48 25 47 13 11 40 22 10 18 19 34 4 20 17 37 41 
student 15: 26 33 42 2 14 15 13 31 25 44 36 12 49 46 1 18 8 41 3 28 29 32 34 30 20 50 47 5 6 7 27 38 23 40 48 22 45 11 9 43 24 10 16 17 35 4 19 21 37 39 
student 16: 25 32 44 3 11 10 14 31 24 45 33 15 48 42 2 16 6 43 1 28 30 36 35 29 23 50 47 12 4 7 27 40 22 38 49 26 46 13 9 41 21 8 18 19 34 5 17 20 37 39 
student 17: 27 32 44 3 14 12 13 31 26 45 34 16 46 43 1 15 8 42 2 25 29 35 37 30 24 50 47 7 4 5 28 40 22 38 49 23 48 10 11 41 21 9 17 19 33 6 18 20 36 39 
student 18: 26 32 44 6 14 12 13 33 23 46 31 15 50 43 1 16 11 41 2 28 30 35 37 29 22 49 45 8 4 7 27 42 25 36 48 24 47 9 10 40 19 5 18 17 34 3 20 21 39 38 
student 19: 26 30 45 3 13 11 14 33 23 43 35 15 49 44 2 17 9 41 1 28 31 39 32 29 24 50 46 8 4 5 27 38 21 40 47 25 48 12 10 42 20 7 18 16 34 6 22 19 36 37 
student 20: 27 29 44 1 12 10 11 31 24 46 37 16 50 43 2 14 13 42 4 25 28 34 35 32 22 48 45 6 3 7 30 41 23 38 49 26 47 15 9 40 18 8 19 21 33 5 17 20 36 39 
student 21: 29 37 42 2 13 10 14 33 25 46 34 15 47 43 1 16 9 44 3 30 28 36 35 26 27 50 48 5 4 6 24 39 23 38 49 20 45 12 7 41 22 11 18 17 31 8 19 21 32 40 
student 22: 29 34 42 3 15 11 13 32 24 45 33 14 50 44 1 19 7 41 2 28 26 35 37 30 25 49 46 6 10 5 27 43 21 38 47 23 48 12 9 39 22 8 18 16 31 4 17 20 36 40 
student 23: 24 33 42 2 15 14 12 30 25 44 34 13 50 43 4 16 6 45 3 27 26 35 39 31 21 48 46 10 1 5 29 40 23 37 47 28 49 11 9 41 22 7 18 19 32 8 20 17 36 38 
student 24: 25 33 37 5 14 13 12 30 26 47 35 17 49 44 1 9 8 43 2 27 31 32 36 29 24 50 46 11 4 7 28 42 22 39 48 23 45 16 10 41 19 6 18 15 38 3 21 20 34 40 
student 25: 27 33 46 3 13 12 15 31 24 45 35 14 48 42 1 16 6 44 2 30 29 34 37 28 21 43 49 9 4 8 26 39 22 38 50 25 47 11 10 40 23 7 17 18 32 5 19 20 36 41 
student 26: 26 30 44 2 15 11 13 32 25 45 34 14 49 43 1 18 8 41 3 29 31 36 35 27 28 48 47 5 6 4 24 42 22 37 50 23 46 12 10 40 20 9 16 19 33 7 17 21 38 39 
student 27: 24 29 43 2 14 12 13 33 25 45 35 16 49 44 1 17 9 42 4 28 32 36 39 30 23 46 48 8 5 3 27 40 20 41 50 26 47 10 7 38 22 11 18 19 34 6 15 21 31 37 
student 28: 29 33 43 4 14 11 13 36 25 46 31 16 50 42 1 15 3 44 2 28 32 34 35 27 22 48 45 12 5 8 26 39 21 38 49 24 47 10 7 40 23 9 18 17 30 6 19 20 37 41 
student 29: 24 31 45 4 16 11 13 32 23 43 34 14 49 42 2 17 9 41 3 27 29 36 37 30 26 50 46 7 1 5 28 39 15 44 48 25 47 8 12 40 22 10 19 20 33 6 18 21 35 38 
student 30: 27 33 42 3 15 13 14 31 28 45 34 11 50 43 1 16 12 44 2 25 26 37 36 32 24 46 47 7 4 6 29 40 21 35 49 22 48 10 9 41 20 8 18 17 30 5 23 19 38 39 
student 31: 23 32 45 5 13 11 15 31 25 46 35 12 50 43 3 16 7 42 1 30 29 36 38 28 22 49 47 9 6 4 27 37 24 39 48 26 44 10 14 41 20 8 17 18 33 2 19 21 34 40 
student 32: 28 30 46 3 11 12 14 32 24 44 37 13 50 43 1 20 7 40 2 27 29 33 34 31 23 49 45 8 4 5 25 38 21 41 48 26 47 15 10 42 19 9 16 17 36 6 18 22 35 39 
student 33: 27 32 46 3 14 15 13 30 23 43 33 10 48 44 2 16 6 42 1 26 31 37 34 29 24 50 45 8 4 7 28 40 20 38 49 25 47 12 11 41 22 9 19 17 36 5 21 18 35 39 
student 34: 26 32 43 1 12 10 11 29 23 44 34 16 50 45 3 15 9 41 4 28 31 35 36 30 24 49 47 2 6 5 27 40 22 39 48 25 46 14 13 42 19 8 18 17 33 7 20 21 38 37 
student 35: 26 33 43 4 16 12 15 31 25 42 32 9 47 46 1 18 7 44 3 27 30 35 37 29 20 49 50 2 5 8 28 38 24 36 48 23 45 13 11 41 22 10 14 21 34 6 17 19 40 39 
student 36: 27 32 45 1 14 11 13 31 24 47 34 15 50 44 2 16 7 38 3 28 29 36 37 30 23 49 46 10 6 4 26 40 22 42 48 25 41 12 9 43 19 8 18 17 33 5 21 20 39 35 
student 37: 24 33 46 5 16 4 13 29 27 44 34 14 50 41 2 15 9 43 1 28 31 37 38 30 25 49 42 7 3 8 26 45 22 36 47 23 48 11 10 40 21 12 17 19 32 6 18 20 35 39 
student 38: 22 34 44 2 16 11 12 31 28 45 33 14 46 43 1 15 13 41 3 26 30 35 36 27 24 48 47 8 5 6 25 37 21 40 50 29 49 10 9 42 20 7 17 18 32 4 19 23 38 39 
student 39: 27 32 44 3 12 11 13 31 22 47 33 18 46 41 1 14 6 42 2 28 30 36 35 29 24 49 45 8 4 7 26 43 19 38 50 25 48 15 10 40 21 9 16 17 34 5 20 23 37 39 
student 40: 25 31 43 3 13 11 15 30 23 49 32 14 50 45 1 17 7 41 2 28 35 34 36 29 24 48 44 6 5 8 27 39 21 40 47 26 46 12 10 42 22 9 18 16 33 4 19 20 38 37 
student 41: 28 33 46 6 14 11 13 31 23 44 32 15 50 43 1 19 9 42 2 30 27 35 36 29 24 47 45 3 8 7 26 38 21 39 49 25 48 12 10 41 22 4 17 16 34 5 18 20 37 40 
student 42: 26 35 39 3 10 15 13 32 24 48 34 14 50 45 1 16 5 43 2 27 30 31 37 29 22 49 44 9 4 6 28 41 23 38 46 25 47 11 8 40 20 12 17 21 33 7 18 19 36 42 
student 43: 26 32 41 4 14 11 13 30 24 46 34 15 49 38 2 19 8 35 1 28 31 36 44 27 23 48 43 7 3 6 25 45 22 42 50 29 47 12 10 40 21 9 17 18 33 5 16 20 37 39 
student 44: 25 31 45 3 14 9 11 32 26 47 35 16 50 43 1 15 10 40 2 29 28 33 37 27 22 48 44 4 6 7 30 39 24 38 49 21 46 12 13 42 23 8 17 19 34 5 18 20 36 41 
student 45: 28 33 46 8 13 10 14 27 22 41 36 17 47 44 3 15 6 43 4 30 29 34 35 31 21 50 48 9 2 5 26 40 23 37 49 25 45 12 11 42 24 7 19 16 32 1 18 20 39 38 
student 46: 27 33 44 4 17 12 16 32 24 45 29 14 50 42 2 18 11 39 5 30 28 34 36 26 23 48 49 6 3 7 31 41 22 38 47 25 46 9 13 43 21 8 10 15 35 1 19 20 37 40 
student 47: 27 32 44 3 13 9 14 31 22 46 33 17 49 43 1 15 8 42 2 26 30 34 35 29 25 47 45 7 5 6 28 38 21 41 50 23 48 12 11 40 24 10 18 16 37 4 20 19 36 39 
student 48: 26 29 44 4 6 14 19 28 23 43 34 11 47 45 2 13 12 42 3 30 32 36 35 27 24 49 46 7 1 9 31 38 22 39 48 25 50 15 8 41 18 10 20 21 33 5 16 17 37 40 
student 49: 27 32 44 4 15 12 13 31 24 43 34 14 49 41 2 16 8 42 1 28 30 35 36 29 20 50 46 7 3 5 25 45 23 38 48 26 47 10 11 39 22 9 21 19 33 6 18 17 37 40 
student 50: 31 30 46 4 9 10 14 32 26 45 34 15 48 43 2 16 11 41 1 24 29 35 37 28 23 50 44 5 3 6 25 42 22 40 47 27 49 13 12 39 21 8 17 20 33 7 19 18 36 38 
student 51: 26 33 42 3 13 7 14 36 25 45 32 16 50 44 1 17 6 43 2 29 30 34 35 28 21 49 46 10 4 8 27 39 24 38 47 22 48 9 12 41 20 11 15 18 31 5 23 19 37 40 
student 52: 24 32 44 3 18 9 12 31 23 45 36 16 48 42 1 14 7 43 2 27 30 33 38 29 25 50 46 6 5 8 26 40 22 39 49 28 47 13 10 41 21 11 15 19 34 4 17 20 35 37 
student 53: 26 32 44 3 14 8 13 30 22 45 33 16 50 42 1 15 7 41 2 31 28 36 39 29 25 46 47 10 6 5 27 40 21 38 48 24 49 11 12 43 23 9 17 18 34 4 19 20 35 37 
student 54: 22 32 44 4 15 11 13 31 23 50 34 17 49 42 2 20 6 40 1 29 33 35 36 28 24 48 43 8 5 7 26 38 27 39 47 25 46 10 9 45 18 12 16 14 30 3 19 21 37 41 
student 55: 26 32 46 3 15 12 13 31 27 44 35 14 50 43 1 16 11 37 2 28 30 36 34 29 22 49 45 6 5 9 25 41 21 39 47 24 48 10 8 42 23 7 17 18 33 4 19 20 38 40 
student 56: 26 33 43 3 13 12 15 31 23 44 32 16 46 41 1 18 9 39 2 27 29 34 36 30 24 50 47 4 6 8 28 40 21 38 49 25 48 10 11 42 17 7 14 20 35 5 19 22 37 45 
student 57: 24 32 44 3 13 11 16 30 23 46 33 14 50 42 1 19 7 41 2 28 29 36 37 27 25 49 45 5 6 8 31 43 20 35 48 26 47 12 10 39 22 9 17 15 34 4 18 21 40 38 
student 58: 24 32 43 5 14 10 13 29 25 48 35 16 50 42 1 17 9 44 3 28 31 34 37 30 23 49 45 7 2 6 26 38 22 36 47 27 46 12 11 41 21 8 15 18 33 4 20 19 39 40 
student 59: 28 31 46 3 14 12 13 32 23 43 34 16 50 41 4 15 8 40 1 24 27 35 37 30 25 48 47 5 7 6 29 44 22 36 49 26 42 11 10 45 20 9 17 18 33 2 19 21 38 39 
student 60: 24 35 44 2 12 9 11 33 27 42 36 15 50 46 3 16 13 41 1 26 30 32 34 28 18 49 47 4 6 5 29 45 25 39 43 22 48 14 10 38 21 8 17 20 31 7 19 23 37 40 
student 61: 26 30 45 2 13 10 15 31 23 44 35 14 49 43 1 16 12 42 4 29 28 34 36 32 21 50 46 7 3 5 27 39 24 38 48 25 47 11 9 41 22 8 17 18 33 6 19 20 37 40 
student 62: 25 32 43 3 15 11 13 36 24 47 33 14 50 45 1 16 9 40 2 28 29 34 37 31 22 49 46 8 6 5 27 41 23 38 48 26 44 7 12 42 20 10 17 18 30 4 19 21 35 39 
student 63: 26 35 47 3 14 12 13 30 23 44 36 16 50 43 1 15 10 46 2 27 28 34 33 31 24 42 45 7 4 6 29 40 21 39 48 25 49 11 8 41 22 9 17 19 32 5 20 18 37 38 
student 64: 24 31 43 4 17 11 13 33 23 46 35 16 50 44 3 14 7 41 1 27 30 34 38 29 26 49 47 10 5 6 28 42 22 39 48 25 45 12 9 40 21 8 15 18 32 2 20 19 36 37 
student 65: 27 35 45 1 14 11 13 32 23 46 30 15 48 43 2 16 8 42 3 26 33 29 36 31 25 50 44 7 4 6 28 40 20 38 47 24 49 12 10 41 22 9 18 19 34 5 17 21 37 39 
student 66: 26 32 43 4 11 9 16 31 25 45 36 15 48 44 2 19 10 42 1 20 30 34 35 29 24 49 47 7 3 5 28 40 22 38 50 27 46 14 12 41 18 8 17 23 33 6 13 21 37 39 
student 67: 25 31 43 4 15 13 12 33 24 45 36 14 49 42 1 19 9 44 2 27 28 34 35 29 23 50 46 7 3 5 30 41 21 37 48 26 47 11 8 39 22 10 16 18 32 6 20 17 40 38 
student 68: 26 31 41 5 13 9 12 32 23 46 34 14 50 44 1 15 7 43 3 29 28 35 37 30 24 49 47 8 6 10 27 36 17 39 48 25 45 18 11 42 22 4 16 19 33 2 21 20 38 40 
student 69: 28 32 44 3 14 10 13 31 24 45 33 18 50 43 1 15 8 42 2 27 30 35 38 29 25 49 48 6 4 7 26 37 21 39 47 23 46 12 11 40 22 9 16 17 34 5 19 20 36 41 
student 70: 29 30 43 4 15 10 13 33 24 45 34 17 50 40 1 14 8 42 2 27 31 36 37 28 23 47 46 6 5 7 26 44 22 41 49 25 48 11 12 39 21 9 16 18 35 3 19 20 38 32 
student 71: 27 33 44 5 15 8 14 31 22 46 32 19 49 43 2 12 7 42 3 25 29 35 34 30 26 50 45 6 1 9 28 40 23 38 48 24 47 13 11 41 21 10 17 16 36 4 20 18 37 39 
student 72: 24 32 39 6 9 10 14 31 23 45 34 15 50 43 3 17 11 42 1 26 28 36 37 29 27 49 44 7 2 8 30 47 22 35 48 25 46 13 5 40 20 12 18 16 33 4 21 19 41 38 
student 73: 25 32 42 5 14 11 13 31 22 45 33 15 49 43 1 16 10 44 2 29 30 35 36 28 21 50 46 4 8 3 26 39 24 37 48 27 47 12 7 40 20 9 17 18 34 6 23 19 41 38 
student 74: 27 34 44 7 11 6 18 29 24 47 35 17 50 43 1 14 9 42 2 31 28 33 38 25 23 49 46 8 4 5 30 39 21 36 45 26 48 12 13 41 22 10 15 16 32 3 19 20 40 37 
student 75: 19 32 41 1 18 11 13 31 28 48 33 14 50 45 2 15 5 44 6 26 29 34 37 27 23 49 43 9 3 4 24 38 21 36 47 30 46 12 10 42 22 8 17 20 35 7 16 25 39 40 
student 76: 26 32 43 4 14 12 15 31 22 44 36 13 49 45 1 16 8 42 2 28 30 35 34 29 23 50 47 7 3 6 27 40 24 39 48 25 46 11 9 41 21 10 18 17 33 5 19 20 37 38 
student 77: 25 32 48 4 14 12 10 29 23 47 40 15 44 43 1 21 8 39 2 27 33 30 34 28 31 49 50 7 5 3 26 38 20 37 45 24 46 13 11 42 19 9 22 17 36 6 16 18 35 41 
student 78: 25 30 39 3 13 15 11 32 23 43 35 14 49 45 2 16 8 42 4 28 31 36 34 29 21 50 46 7 1 5 27 44 26 38 48 24 47 10 12 41 20 9 18 17 33 6 19 22 37 40 
student 79: 27 34 46 1 14 13 12 32 24 44 35 17 50 43 2 16 8 39 5 28 31 33 38 29 23 49 42 7 3 6 26 45 22 36 47 25 48 10 9 41 20 11 18 15 30 4 21 19 37 40 
student 80: 26 31 44 1 14 11 13 33 24 46 34 16 50 42 2 15 8 41 3 28 30 35 36 29 23 49 48 7 4 5 25 43 22 37 47 27 45 12 10 39 20 9 18 19 32 6 17 21 38 40 
student 81: 27 31 44 7 13 10 14 30 24 43 33 15 50 48 5 16 6 42 1 26 28 36 37 32 23 49 45 9 4 3 29 40 22 38 47 25 46 12 11 41 20 8 17 19 34 2 18 21 35 39 
student 82: 26 31 46 3 12 10 13 30 24 44 34 17 50 42 1 16 7 47 4 28 29 36 38 32 23 45 48 8 5 6 27 40 22 37 49 25 43 9 14 41 21 11 18 15 33 2 19 20 35 39 
student 83: 27 33 44 4 17 11 15 28 20 47 38 13 49 43 1 16 8 42 3 29 32 35 34 30 23 48 46 2 5 6 26 40 22 39 50 24 45 12 10 41 21 9 14 18 31 7 19 25 36 37 
student 84: 27 31 46 4 15 12 11 34 21 45 36 16 50 43 1 17 9 41 2 26 30 35 33 29 24 49 47 5 7 6 28 38 22 39 42 23 48 13 10 44 25 8 14 20 32 3 18 19 37 40 
student 85: 27 31 45 3 12 14 13 30 24 44 34 15 49 43 1 16 8 40 2 28 29 35 37 33 23 48 46 5 4 7 25 39 21 38 50 26 47 10 9 42 20 11 19 17 32 6 22 18 36 41 
student 86: 24 31 44 5 15 11 14 32 23 45 36 18 49 43 1 16 6 42 4 28 30 34 35 29 25 50 46 8 7 3 27 40 22 38 48 26 47 13 12 41 19 9 10 17 33 2 21 20 37 39 
student 87: 26 34 43 3 14 12 10 31 24 44 32 15 49 45 1 16 6 42 2 28 30 38 35 29 23 50 46 8 5 4 27 40 20 39 48 25 47 13 11 36 22 9 17 21 33 7 18 19 37 41 
student 88: 24 31 43 3 20 13 15 32 25 41 33 10 50 45 2 16 7 44 1 27 30 35 36 28 19 48 46 5 4 9 23 40 29 37 49 21 47 14 11 42 26 8 17 12 34 6 22 18 38 39 
student 89: 26 30 44 1 14 11 13 35 23 48 33 15 45 43 2 17 9 47 3 29 28 37 32 31 25 49 41 8 4 6 27 39 22 36 50 24 46 12 10 40 21 7 16 18 34 5 19 20 38 42 
student 90: 26 28 45 1 13 11 9 32 23 44 34 16 49 43 4 17 7 42 2 27 31 35 36 29 25 50 46 3 6 8 30 41 21 38 48 24 47 15 12 40 22 10 14 18 33 5 19 20 37 39 
student 91: 29 30 45 2 14 10 13 33 23 48 36 15 50 43 1 16 9 42 4 25 27 34 37 31 26 49 44 6 3 8 28 40 22 39 47 24 46 12 7 41 21 11 17 18 32 5 19 20 35 38 
student 92: 26 32 40 3 13 11 14 33 23 45 34 15 50 39 1 18 9 44 2 29 31 35 36 28 25 49 47 8 5 4 27 42 22 38 48 24 46 12 10 43 21 7 16 17 30 6 19 20 37 41 
student 93: 26 32 44 1 15 14 12 31 23 45 34 13 50 43 2 16 8 42 4 29 30 37 35 27 22 49 48 7 3 6 28 41 21 39 47 25 46 11 10 40 24 9 17 18 33 5 20 19 38 36 
student 94: 25 32 44 3 14 10 13 31 23 43 33 15 48 50 1 16 6 42 2 28 30 35 39 29 26 49 46 8 4 7 27 38 20 36 45 24 47 12 11 40 22 9 17 19 34 5 18 21 37 41 
student 95: 26 35 42 3 14 11 13 32 23 43 33 15 48 45 1 16 9 44 2 27 29 34 37 28 21 50 47 4 5 6 30 40 25 39 49 24 46 12 10 41 22 8 17 18 31 7 19 20 36 38 
student 96: 23 32 45 5 14 10 13 31 25 44 33 15 49 43 1 16 9 38 2 28 29 34 37 30 18 50 46 4 7 3 27 41 24 40 48 26 47 11 8 42 22 12 17 19 35 6 20 21 39 36 
student 97: 25 33 44 1 12 13 14 29 23 48 32 15 50 43 7 16 9 42 2 27 31 35 36 30 22 47 45 6 4 5 28 37 26 41 46 24 49 8 11 40 20 10 17 19 34 3 18 21 39 38 
student 98: 26 31 44 2 13 11 12 25 24 45 38 14 48 42 1 17 8 43 3 33 30 35 32 29 22 50 47 7 4 5 28 40 21 36 49 27 46 15 10 41 18 9 20 16 34 6 19 23 37 39 
student 99: 25 33 44 2 13 11 15 31 27 47 35 16 50 41 5 17 8 43 1 28 30 37 34 29 23 49 45 4 3 6 26 39 22 38 46 24 48 12 10 42 21 9 19 18 32 7 14 20 36 40 
student 100: 25 31 48 3 10 13 14 28 23 45 35 16 47 40 2 17 7 43 1 26 30 34 36 32 24 46 44 12 4 6 29 41 22 38 49 27 50 11 8 42 19 9 20 15 33 5 18 21 37 39 
student 101: 27 31 44 4 12 10 16 30 24 45 33 15 49 42 3 14 9 43 1 29 32 34 36 26 22 48 46 7 6 2 25 40 23 38 50 28 47 13 11 41 21 8 17 18 35 5 19 20 37 39 
student 102: 26 33 43 5 13 11 19 30 23 45 36 17 48 44 4 16 9 42 2 32 28 31 34 29 24 50 47 3 1 7 27 41 22 40 46 25 49 12 10 38 15 8 14 18 35 6 20 21 39 37 
student 103: 26 33 44 3 13 14 11 30 24 43 34 15 49 42 1 16 9 45 2 32 29 35 36 27 23 50 47 7 4 6 28 40 22 37 48 25 46 12 10 41 19 8 17 18 31 5 20 21 39 38 
student 104: 25 30 45 4 15 10 14 28 26 47 34 12 50 42 1 16 9 41 2 29 32 35 36 27 22 49 46 8 5 6 24 39 21 37 48 31 43 13 11 44 17 7 19 18 33 3 20 23 40 38 
student 105: 25 31 45 4 13 10 15 29 27 47 34 16 41 44 2 14 6 42 1 28 32 35 36 26 23 49 46 8 7 5 30 43 22 38 50 24 48 12 11 40 21 9 17 19 33 3 20 18 37 39 
student 106: 28 32 45 2 14 11 12 31 26 43 35 15 50 42 1 16 4 41 3 29 30 34 36 27 23 48 47 9 6 7 25 44 20 39 46 24 49 13 5 40 21 10 18 17 33 8 19 22 37 38 
student 107: 26 30 43 4 15 12 13 31 21 45 34 14 49 44 1 16 8 42 2 27 33 36 35 29 22 50 46 7 3 9 28 40 23 39 48 25 47 11 10 41 24 6 19 18 32 5 17 20 37 38 
student 108: 26 31 39 1 15 11 16 32 24 46 34 13 50 44 4 14 7 40 2 28 30 35 36 29 22 49 45 6 5 3 27 41 23 37 48 25 47 9 10 43 21 8 19 18 33 12 17 20 38 42 
student 109: 25 33 46 2 15 10 12 31 21 43 32 14 50 39 1 16 9 44 5 30 29 35 40 28 22 48 45 4 3 8 27 42 18 36 49 24 47 13 11 41 19 7 17 20 34 6 26 23 38 37 
student 110: 25 32 43 3 14 10 13 30 24 44 34 15 50 45 1 18 8 42 2 26 29 35 38 31 22 49 46 6 4 7 27 39 20 37 48 28 47 12 11 40 23 9 17 16 33 5 19 21 36 41 
student 111: 27 31 44 4 13 11 12 32 24 46 36 14 47 41 2 16 8 43 1 28 33 35 34 29 23 50 48 6 3 10 25 40 22 38 49 26 45 17 9 42 21 7 15 18 30 5 20 19 37 39 
student 112: 26 33 43 3 14 12 13 29 23 44 35 16 49 41 2 20 7 45 1 28 30 36 38 27 25 50 46 9 4 6 32 39 22 40 47 24 48 10 11 42 21 8 15 18 31 5 17 19 37 34 
student 113: 25 28 44 3 10 11 14 33 24 45 34 15 50 42 1 16 6 40 2 29 31 35 37 30 22 49 46 7 4 8 27 41 23 39 47 26 48 12 9 43 21 13 19 17 32 5 18 20 36 38 
student 114: 26 33 43 4 9 3 13 30 24 46 34 15 48 45 1 16 14 44 2 29 28 38 35 31 21 50 47 8 7 5 27 40 23 39 41 25 49 12 11 42 20 10 17 18 32 6 19 22 36 37 
student 115: 27 32 44 2 14 10 15 34 22 45 36 12 50 43 1 16 7 41 3 28 30 31 35 29 25 49 46 8 4 6 26 42 23 39 48 24 47 13 11 40 21 9 18 19 33 5 17 20 37 38 
student 116: 26 33 44 5 15 10 13 29 23 46 35 12 49 43 2 17 9 39 3 24 31 34 37 30 25 50 48 7 6 4 28 41 22 38 45 27 47 11 14 42 21 8 16 18 32 1 20 19 36 40 
student 117: 28 34 45 3 15 13 12 30 22 46 32 14 50 44 1 16 7 37 2 24 29 33 42 31 20 49 39 9 5 4 27 41 25 40 48 26 47 11 6 43 19 10 18 17 35 8 23 21 36 38 
student 118: 26 33 45 1 12 11 14 31 24 44 32 15 50 42 3 16 8 40 5 29 30 36 34 28 22 48 49 7 2 6 27 41 23 38 46 25 47 13 10 43 21 9 19 18 35 4 17 20 37 39 
student 119: 27 32 41 3 16 10 13 25 24 46 33 15 50 42 1 14 5 40 2 28 34 35 36 30 23 48 44 9 8 6 29 43 22 39 49 26 47 11 12 45 21 7 19 17 31 4 18 20 37 38 
student 120: 29 32 44 3 13 9 11 30 24 45 35 15 50 42 1 18 12 41 2 27 31 36 39 28 23 46 48 7 4 6 26 40 20 34 47 25 49 10 14 43 19 8 16 17 33 5 21 22 37 38 
student 121: 26 31 47 5 14 10 15 32 24 44 35 16 50 43 1 12 9 42 2 29 30 34 37 28 22 49 46 8 3 6 27 40 21 38 48 25 45 13 7 41 23 11 17 18 33 4 19 20 36 39 
student 122: 27 34 44 5 16 11 13 32 24 45 30 17 50 39 3 14 8 43 1 31 28 41 35 33 23 49 46 6 4 7 26 40 21 37 48 25 47 12 10 42 20 9 18 15 29 2 19 22 36 38 
student 123: 27 32 42 2 15 13 11 31 25 43 33 12 50 46 3 17 7 45 1 26 30 39 35 29 23 47 44 5 4 6 28 41 21 37 49 24 48 14 9 40 22 10 16 19 34 8 20 18 36 38 
student 124: 25 31 45 6 14 9 13 32 23 44 33 16 50 43 1 15 7 42 3 28 30 34 37 29 24 48 46 5 2 8 27 40 22 41 47 26 49 12 11 38 20 10 17 18 35 4 19 21 36 39 
student 125: 26 32 46 3 14 11 13 31 24 43 34 15 50 41 1 16 6 42 2 28 29 37 35 30 23 48 47 8 4 7 27 40 22 36 45 25 49 12 10 44 21 9 18 17 33 5 19 20 39 38 
student 126: 23 29 45 1 15 10 13 30 25 44 34 14 49 43 2 16 9 40 3 28 32 35 36 31 22 48 50 8 4 7 26 42 19 37 46 24 47 12 5 39 27 11 17 18 33 6 20 21 38 41 
student 127: 27 31 38 1 16 11 14 33 22 47 32 13 50 42 2 15 8 44 3 28 30 36 37 29 25 49 46 7 4 5 26 43 23 40 45 24 48 12 10 41 19 9 17 18 34 6 21 20 35 39 
student 128: 25 32 42 2 19 11 13 31 24 43 33 14 50 41 1 15 6 45 7 26 30 36 37 29 20 49 48 5 3 8 28 39 22 44 46 27 47 10 12 40 23 9 17 16 34 4 18 21 38 35 
student 129: 25 33 43 4 15 13 14 30 23 45 34 16 50 44 1 17 5 42 3 29 31 32 37 28 24 49 46 6 2 8 27 36 22 40 48 26 47 9 10 41 20 11 12 19 35 7 18 21 39 38 
student 130: 27 29 44 1 18 11 13 32 23 46 33 14 50 43 2 15 8 42 3 31 30 34 37 28 24 49 45 7 4 6 25 40 22 38 48 26 47 12 10 41 20 9 16 19 35 5 17 21 36 39 
student 131: 26 32 44 5 14 10 13 31 24 45 34 16 49 42 2 18 7 43 1 28 30 35 36 29 22 50 47 9 3 6 27 41 23 38 48 25 46 12 11 40 21 8 15 19 33 4 20 17 37 39 
student 132: 26 31 43 3 12 10 11 32 23 45 35 15 47 42 1 16 8 44 2 28 33 29 37 30 21 49 46 7 4 6 25 40 24 39 48 27 50 14 13 41 19 9 18 17 34 5 20 22 38 36 
student 133: 28 32 43 4 15 12 13 31 24 44 36 14 50 48 1 17 8 39 7 26 30 33 34 29 23 49 45 6 2 5 25 42 22 37 47 27 46 11 10 41 21 9 16 18 35 3 20 19 40 38 
student 134: 26 31 46 4 15 14 11 35 21 44 33 13 49 42 2 17 6 41 1 27 29 34 36 28 20 50 45 8 5 7 32 43 24 39 48 25 47 9 12 40 22 10 16 19 30 3 18 23 37 38 
student 135: 25 33 43 3 11 16 14 32 23 45 31 13 50 42 1 15 8 40 2 28 30 34 37 29 21 48 44 7 4 6 27 41 26 38 49 24 47 12 10 46 22 9 17 18 36 5 19 20 35 39 
student 136: 26 30 42 5 13 11 12 33 25 45 34 18 50 43 1 15 8 44 2 24 31 36 37 29 22 48 46 7 3 6 28 39 23 35 49 27 47 14 9 41 20 10 16 17 32 4 19 21 38 40 
student 137: 27 31 45 2 12 11 14 29 22 46 35 15 50 38 8 13 7 42 1 26 32 34 36 30 20 49 44 6 3 5 28 39 23 37 48 24 47 16 10 43 19 9 17 18 33 4 21 25 40 41 
student 138: 26 34 43 2 12 7 13 32 24 45 33 14 49 44 4 15 9 42 1 29 31 35 37 27 21 50 47 8 5 6 28 39 25 38 46 23 48 16 10 40 22 11 17 19 30 3 18 20 36 41 
student 139: 25 31 47 3 15 10 13 30 23 43 34 16 46 40 1 14 6 45 2 28 38 33 35 29 24 49 44 8 4 7 27 41 18 42 48 26 50 12 11 37 22 9 17 19 32 5 20 21 39 36 
student 140: 23 31 44 1 12 13 14 33 24 41 30 16 50 45 2 15 3 43 5 32 29 34 37 28 25 49 46 8 7 6 26 38 22 39 48 27 47 11 9 42 20 10 17 19 35 4 21 18 36 40 
student 141: 27 33 46 6 14 9 12 30 24 42 32 17 50 44 1 15 7 43 3 29 28 34 36 31 19 48 45 10 4 5 23 40 25 39 49 26 47 11 13 41 20 8 16 18 35 2 21 22 38 37 
student 142: 27 30 43 4 14 10 12 31 25 47 34 15 50 42 1 16 9 40 2 28 32 35 41 29 24 49 45 6 3 7 26 38 22 37 48 23 46 13 11 39 20 8 18 19 33 5 21 17 36 44 
student 143: 23 28 46 4 13 11 15 32 25 43 33 16 50 44 1 14 8 42 2 29 31 35 36 26 24 49 47 6 3 10 30 41 22 37 48 27 45 12 9 40 21 7 17 20 34 5 19 18 38 39 
student 144: 25 32 44 3 15 9 14 31 24 46 35 13 50 42 1 17 8 45 2 28 30 34 36 29 23 49 48 7 4 5 26 40 22 37 47 27 43 10 12 41 19 11 18 20 33 6 21 16 39 38 
student 145: 26 29 45 3 13 12 11 31 24 44 33 14 50 42 1 16 8 41 4 28 30 35 37 32 23 49 47 7 2 5 27 40 22 36 48 25 46 15 9 43 21 10 17 18 34 6 20 19 38 39 
student 146: 26 33 45 2 14 11 12 32 24 44 31 15 49 42 1 16 7 43 3 29 27 34 38 30 22 50 46 8 4 6 28 41 20 39 48 25 47 13 10 37 21 9 17 18 36 5 19 23 35 40 
student 147: 27 32 45 3 14 12 13 31 24 46 34 15 50 44 1 19 7 43 2 29 30 35 37 28 23 48 41 5 6 8 25 42 22 38 49 26 47 11 10 40 21 9 16 18 33 4 17 20 36 39 
student 148: 26 33 44 4 16 12 13 29 24 46 34 17 50 43 1 18 7 42 2 30 32 37 35 28 23 49 47 9 5 3 27 38 21 36 45 25 48 10 11 39 22 6 14 19 31 8 15 20 40 41 
student 149: 27 31 44 4 14 13 9 28 25 42 33 15 50 43 1 16 5 41 2 26 30 36 35 32 22 49 45 11 3 8 29 46 23 40 47 24 48 10 12 38 17 6 20 21 34 7 19 18 37 39 
student 150: 24 34 44 4 14 13 12 31 25 46 35 19 50 43 1 16 7 41 2 29 30 36 33 27 23 48 47 11 5 6 28 38 22 37 49 26 45 10 8 42 21 9 15 17 32 3 18 20 40 39 
student 151: 28 30 43 3 14 9 15 34 21 47 39 16 49 42 1 13 11 44 2 29 31 33 36 25 20 50 46 6 5 7 27 38 24 37 48 26 45 8 10 41 22 12 18 17 32 4 19 23 35 40 
student 152: 25 33 45 5 14 11 12 31 22 43 32 15 49 44 1 16 8 42 2 29 30 35 37 28 26 50 46 6 3 7 27 41 23 39 48 24 47 13 10 40 20 9 18 17 34 4 19 21 36 38 
student 153: 25 34 46 2 12 11 13 31 22 42 38 14 49 43 1 16 9 44 6 27 29 32 35 30 23 50 45 7 3 5 28 41 19 39 48 21 47 15 10 36 26 8 17 20 33 4 18 24 37 40 
student 154: 28 32 43 4 13 11 14 31 24 46 35 15 50 40 1 17 10 45 3 26 30 36 37 29 23 49 42 7 5 8 27 44 22 38 48 25 47 9 12 41 21 6 18 16 33 2 19 20 39 34 
student 155: 27 33 47 3 12 11 17 31 25 44 36 13 50 43 2 15 6 40 1 28 30 37 34 29 23 49 45 9 7 5 26 41 21 39 48 24 46 14 8 42 22 10 16 19 32 4 18 20 35 38 
student 156: 26 31 44 3 16 12 14 30 23 45 34 13 50 43 1 15 7 40 2 29 33 36 35 27 25 49 46 6 4 8 28 41 21 39 48 24 47 11 10 42 20 9 19 22 32 5 17 18 38 37 
student 157: 27 32 42 4 16 11 13 30 24 44 34 14 50 47 3 20 10 43 2 29 31 36 39 28 23 49 45 8 1 6 26 40 22 37 48 25 46 12 9 41 19 7 15 17 33 5 18 21 35 38 
student 158: 26 33 44 2 13 14 12 31 25 43 34 16 50 41 1 15 5 40 3 28 30 32 39 29 24 48 49 6 4 7 27 42 22 37 47 23 45 11 10 46 21 8 18 17 35 9 20 19 36 38 
student 159: 25 29 39 3 15 12 11 32 27 45 36 14 50 43 1 16 9 42 2 26 31 35 34 30 23 46 47 6 5 7 28 44 22 40 49 24 48 13 10 37 21 8 17 18 33 4 19 20 38 41 
student 160: 25 31 44 2 14 11 12 34 26 45 35 15 50 43 1 18 7 42 3 28 29 33 38 30 22 48 49 8 4 6 27 41 20 39 47 24 46 13 10 37 19 9 16 21 32 5 17 23 36 40 
student 161: 25 32 45 3 12 7 15 29 26 46 36 18 50 42 4 14 9 43 1 28 35 33 37 30 22 49 44 8 2 6 27 40 23 38 48 24 47 13 11 41 17 10 19 16 31 5 20 21 34 39 
student 162: 26 30 47 1 14 10 13 31 24 45 34 15 50 43 2 16 9 42 3 29 32 35 36 28 23 49 44 7 4 5 27 39 20 37 48 25 46 12 11 40 22 8 17 18 33 6 19 21 41 38 
student 163: 25 33 44 3 14 13 12 32 28 45 35 15 50 43 1 16 9 42 2 27 30 34 36 26 23 47 46 6 4 7 29 40 20 39 49 24 48 8 11 41 18 10 17 19 31 5 21 22 37 38 
student 164: 26 32 45 3 18 10 12 30 20 43 36 14 49 42 1 19 7 41 2 27 23 33 35 29 22 50 48 6 4 8 28 38 25 37 47 31 46 13 11 44 24 9 16 15 34 5 21 17 39 40 
student 165: 27 37 43 3 14 12 13 30 25 45 34 17 47 40 1 15 9 44 2 29 28 33 39 31 24 50 46 5 6 7 26 41 21 35 49 22 48 11 10 42 19 8 16 23 32 4 20 18 36 38 
student 166: 26 34 44 5 15 11 12 31 23 49 29 16 50 43 2 14 7 42 1 27 30 33 36 32 22 48 46 6 3 8 28 38 24 39 45 25 47 10 13 41 21 9 17 19 35 4 18 20 37 40 
student 167: 23 33 44 3 12 16 9 32 22 45 36 17 50 43 4 14 5 31 2 26 30 38 35 29 24 49 46 7 1 6 27 42 21 39 48 28 47 13 11 40 20 10 18 19 34 8 15 25 41 37 
student 168: 22 32 45 4 17 9 15 30 26 44 33 12 49 42 1 14 10 39 3 28 31 36 38 29 21 50 47 7 2 5 27 41 23 37 48 25 46 11 13 43 20 8 16 19 34 6 24 18 35 40 
student 169: 26 32 45 1 13 9 14 30 24 46 36 15 47 43 4 16 10 40 2 29 31 34 38 28 23 50 48 7 6 3 27 41 21 39 49 25 44 11 12 42 17 8 18 20 33 5 19 22 35 37 
student 170: 26 29 46 1 12 11 19 31 24 43 35 14 49 45 2 16 6 44 3 28 30 34 36 32 21 50 47 7 4 8 27 39 23 42 48 25 41 13 10 40 20 9 15 18 33 5 17 22 38 37 
student 171: 26 32 41 4 14 10 13 28 25 45 33 15 49 44 3 18 7 43 1 27 34 35 37 30 22 50 46 11 5 6 29 39 23 38 48 24 47 12 9 40 21 8 16 17 31 2 19 20 36 42 
student 172: 26 32 43 4 14 12 13 29 24 47 33 15 46 45 1 18 6 42 3 30 28 36 37 31 23 49 44 9 5 7 27 38 21 39 50 25 48 11 10 41 17 8 16 19 34 2 20 22 35 40 
student 173: 26 31 43 2 14 12 15 33 24 44 32 16 49 45 1 11 7 42 3 28 30 39 35 29 23 50 46 6 4 8 27 41 19 36 48 25 47 13 10 40 22 9 18 20 37 5 17 21 34 38 
student 174: 26 32 45 4 16 11 13 31 23 43 33 19 50 46 2 14 7 38 3 28 30 34 37 29 24 48 44 6 1 9 27 40 22 41 47 25 49 12 10 42 21 8 15 18 35 5 17 20 39 36 
student 175: 25 34 42 4 14 13 10 30 22 47 31 15 50 46 1 16 11 43 2 28 32 36 39 29 21 45 44 7 3 5 26 41 24 35 49 27 48 12 8 38 23 9 19 17 33 6 18 20 37 40 
student 176: 28 33 45 3 14 10 15 32 24 44 35 11 49 42 2 16 8 43 4 29 30 34 38 25 23 50 46 7 5 1 27 39 22 41 47 26 48 13 12 37 21 9 19 17 31 6 20 18 36 40 
student 177: 26 31 42 1 18 11 13 34 24 44 32 16 48 43 5 14 9 41 2 29 30 39 37 28 21 49 47 8 3 7 27 38 25 35 50 23 45 12 6 46 20 10 15 22 33 4 17 19 40 36 
student 178: 25 34 43 3 14 9 13 31 26 50 33 16 49 42 1 17 6 46 2 27 29 35 36 30 23 48 44 8 7 4 28 38 22 39 47 24 45 12 11 40 20 10 15 18 32 5 19 21 37 41 
student 179: 29 32 42 7 16 10 12 31 26 44 34 14 48 43 1 17 9 39 2 30 25 35 36 28 19 46 49 5 6 4 23 45 24 38 50 27 47 11 13 41 22 8 15 18 33 3 21 20 37 40 
student 180: 23 32 43 2 14 8 13 31 25 45 38 15 48 44 3 16 10 42 1 26 28 34 36 30 22 50 46 9 4 6 29 37 24 33 47 27 49 12 11 41 21 7 17 18 35 5 19 20 39 40 
student 181: 25 33 45 2 14 9 12 30 27 43 35 16 48 42 1 18 11 41 4 26 32 34 36 28 24 46 47 7 3 6 29 40 22 38 50 20 49 15 8 44 21 10 17 13 31 5 19 23 37 39 
student 182: 22 33 45 4 16 10 12 31 24 48 34 13 50 44 2 17 6 42 1 28 29 37 38 30 25 49 43 5 3 8 27 40 23 35 47 26 46 15 11 41 21 9 14 18 32 7 19 20 39 36 
student 183: 26 31 44 3 13 10 14 32 24 46 34 16 49 43 1 15 8 42 2 29 30 35 36 28 22 50 45 6 4 9 27 41 23 38 47 25 48 11 12 40 20 7 19 17 33 5 18 21 39 37 
student 184: 25 30 42 3 15 10 14 33 24 45 34 16 50 43 1 17 7 44 2 27 31 37 32 28 23 48 47 9 4 5 26 41 21 36 46 29 49 13 11 40 19 8 12 20 35 6 18 22 38 39 
student 185: 27 33 44 1 12 13 14 30 23 45 34 16 50 43 2 15 8 42 3 28 29 35 37 31 24 48 49 6 4 7 25 40 21 36 47 26 46 11 10 41 22 9 17 18 32 5 19 20 38 39 
student 186: 26 32 43 4 14 11 12 29 24 48 34 16 50 46 1 15 8 42 2 25 30 35 36 28 21 49 45 3 7 5 27 40 23 38 47 31 44 13 10 39 22 6 18 19 33 9 17 20 37 41 
student 187: 27 30 44 3 14 13 11 31 24 49 35 15 50 43 1 16 7 42 2 29 32 33 37 26 22 48 45 5 4 9 28 40 23 38 47 25 46 8 12 41 21 10 17 18 34 6 20 19 36 39 
student 188: 28 32 44 3 17 10 13 31 22 45 34 14 49 43 2 15 8 42 1 27 29 37 35 30 21 48 46 9 5 4 25 39 26 40 50 24 47 11 12 41 23 6 16 18 33 7 19 20 36 38 
student 189: 27 31 46 3 15 8 13 32 28 45 34 16 50 40 2 17 5 43 1 26 29 35 37 23 21 49 47 9 4 6 24 39 19 41 48 30 44 12 10 42 25 11 18 14 33 7 20 22 36 38 
student 190: 26 34 43 3 14 11 12 30 23 46 29 19 50 42 1 15 7 44 2 28 32 36 37 31 24 48 45 8 4 6 27 41 21 35 49 25 47 13 10 40 22 9 16 18 33 5 17 20 38 39 
student 191: 26 31 45 3 14 5 11 32 23 40 34 17 50 44 1 15 10 42 2 27 30 38 36 28 21 48 46 8 6 7 29 41 25 37 49 24 47 13 12 43 20 9 16 18 33 4 22 19 35 39 
student 192: 26 36 44 4 14 11 12 31 23 43 33 16 50 45 2 18 7 42 1 28 30 34 35 29 22 49 47 6 9 3 27 41 21 37 48 25 46 13 8 40 24 10 15 17 32 5 19 20 38 39 
student 193: 25 34 43 2 15 12 13 31 24 44 32 16 50 45 1 10 6 41 3 29 30 33 36 28 22 47 46 9 4 8 27 40 23 37 49 26 48 14 11 42 20 7 17 21 35 5 19 18 39 38 
student 194: 28 32 42 4 13 11 16 26 24 44 41 14 50 46 1 15 8 40 2 31 30 33 36 29 23 49 45 7 6 3 27 39 22 34 47 25 48 12 10 43 19 9 21 17 35 5 18 20 37 38 
student 195: 30 33 43 5 12 11 14 29 24 47 32 16 48 44 1 19 9 40 2 27 31 34 37 28 25 50 45 7 3 6 20 42 23 41 49 26 46 13 10 39 22 8 17 15 35 4 18 21 36 38 
student 196: 26 32 41 2 12 13 15 29 24 46 35 14 50 44 4 16 11 43 1 28 31 37 39 30 20 49 47 9 3 8 27 38 23 36 45 25 48 7 10 42 22 6 18 17 34 5 19 21 33 40 
student 197: 26 33 43 2 17 10 13 31 25 46 35 14 50 45 1 15 7 42 3 28 30 32 38 29 23 49 44 6 5 8 27 41 24 39 48 22 47 12 11 40 19 9 20 18 34 4 16 21 37 36 
student 198: 26 31 43 2 18 11 10 30 25 45 32 15 50 44 4 14 7 38 1 27 33 35 36 29 22 48 46 5 3 9 24 42 23 39 49 28 47 12 13 41 20 8 16 17 34 6 19 21 37 40 
student 199: 27 32 43 4 15 13 14 30 26 44 35 10 49 42 1 16 6 47 2 28 31 36 33 29 22 48 45 9 5 7 25 40 23 41 46 24 50 12 11 39 20 8 17 18 34 3 19 21 37 38 
student 200: 24 33 45 4 14 11 13 31 22 46 35 15 50 42 1 16 8 40 3 28 30 32 36 29 25 49 48 7 2 6 27 43 19 38 47 26 44 12 10 37 23 9 17 18 34 5 20 21 41 39 
student 201: 26 31 44 3 15 10 13 33 23 45 35 16 50 43 1 14 9 42 4 27 28 37 32 29 22 49 46 7 2 5 30 41 24 38 48 25 47 8 12 40 20 11 17 18 34 6 19 21 36 39 
student 202: 23 33 43 3 14 13 11 30 24 45 31 15 50 44 1 18 8 42 2 26 29 35 38 27 22 49 46 7 4 6 32 39 21 36 47 25 48 12 10 40 20 9 16 17 34 5 19 28 37 41 
student 203: 26 30 40 2 12 10 14 31 23 48 36 16 50 44 3 19 7 46 1 28 29 34 35 32 24 49 45 6 9 5 27 41 22 39 43 25 47 8 13 42 21 11 20 17 33 4 15 18 38 37 
student 204: 27 32 44 6 14 7 13 30 23 46 33 17 50 43 2 15 9 42 4 31 29 36 35 26 24 49 45 8 1 5 28 39 22 38 47 25 48 10 12 41 20 11 16 18 34 3 19 21 37 40 
student 205: 24 34 44 7 14 10 13 33 26 46 35 15 50 42 1 16 9 43 3 27 31 30 37 28 23 49 47 6 2 5 29 41 21 36 48 25 45 11 8 40 22 12 17 18 32 4 19 20 39 38 
student 206: 26 29 44 3 18 13 12 31 24 47 36 15 50 43 2 16 8 42 1 27 32 34 40 30 23 46 48 7 6 4 28 39 22 35 45 25 49 11 10 41 21 9 14 19 33 5 17 20 37 38 
student 207: 29 32 45 3 15 8 13 31 24 43 36 14 50 46 1 16 9 38 2 26 27 34 35 30 22 48 44 7 4 6 25 42 28 37 49 23 47 10 11 40 19 12 17 20 33 5 18 21 39 41 
student 208: 28 33 43 3 12 19 14 30 24 44 35 13 49 42 2 15 7 45 1 31 29 34 27 32 22 48 47 6 4 8 25 41 21 39 50 26 46 11 10 40 23 9 16 17 36 5 18 20 38 37 
student 209: 24 29 43 1 12 10 14 38 25 46 32 18 50 44 2 15 8 42 3 26 31 34 35 27 23 49 45 6 4 7 33 36 22 40 48 28 47 11 13 39 19 9 17 16 30 5 20 21 37 41 
student 210: 26 31 44 1 12 13 15 32 25 46 33 16 50 40 2 14 11 43 3 30 29 35 37 27 23 49 45 9 4 6 28 41 21 36 48 24 47 10 8 42 20 7 17 18 34 5 19 22 38 39 
student 211: 33 35 44 3 14 6 13 31 24 43 37 15 50 42 1 16 9 45 2 30 25 29 34 28 23 49 46 7 4 8 26 40 22 36 48 27 47 10 12 41 19 11 17 18 32 5 20 21 38 39 
student 212: 26 32 45 3 14 10 12 31 24 44 34 15 50 42 2 18 8 41 1 28 30 33 36 29 22 49 46 6 4 5 27 40 21 38 47 25 48 11 13 43 23 9 16 17 35 7 19 20 37 39 
student 213: 26 31 42 3 14 17 13 34 25 43 35 8 48 45 1 11 9 44 2 27 30 38 33 29 22 46 47 7 6 5 24 37 23 39 50 28 49 15 12 41 21 10 16 18 32 4 20 19 36 40 
student 214: 26 31 43 2 17 12 14 29 25 45 35 13 50 44 1 15 6 42 3 28 27 37 36 32 23 49 47 9 4 7 30 41 22 39 48 24 46 11 8 38 21 10 16 19 33 5 18 20 40 34 
student 215: 27 32 47 3 14 8 12 31 23 46 34 18 50 44 1 15 6 40 2 26 30 35 39 28 25 49 42 9 4 7 29 37 22 36 43 24 48 13 11 45 21 10 16 20 33 5 17 19 38 41 
student 216: 27 30 43 4 15 11 14 31 24 45 34 17 49 40 1 16 8 44 3 26 33 35 36 29 23 48 46 5 2 6 28 39 22 37 50 25 47 13 12 41 20 10 9 18 32 7 21 19 38 42 
student 217: 29 32 42 1 13 10 11 35 24 44 25 14 50 45 2 16 7 37 3 26 28 36 33 34 23 48 46 8 4 6 30 43 21 40 47 27 49 15 12 41 22 9 18 17 31 5 20 19 38 39 
student 218: 27 33 41 4 13 11 14 30 24 45 32 17 50 43 2 20 8 42 1 26 31 36 35 29 23 49 46 7 3 5 28 40 21 37 48 25 47 12 10 44 18 9 16 15 34 6 19 22 38 39 
student 219: 25 32 44 5 15 11 13 31 26 46 35 16 50 41 1 14 10 40 3 29 30 34 37 27 20 48 45 6 4 7 28 43 23 38 47 24 49 12 8 42 22 9 18 17 33 2 21 19 36 39 
student 220: 26 32 45 1 16 10 13 33 24 44 35 15 49 43 2 18 14 42 6 27 30 31 37 29 23 50 46 8 3 4 28 40 21 38 48 25 47 11 9 41 17 7 12 22 34 5 19 20 39 36 
student 221: 25 35 43 1 16 11 13 32 24 47 33 14 50 42 2 15 8 39 3 26 28 34 36 31 23 49 44 7 4 6 30 45 22 41 48 27 46 12 9 38 21 10 19 17 29 5 18 20 37 40 
student 222: 26 36 44 1 14 11 13 31 25 45 32 15 49 43 4 20 6 40 2 28 29 33 35 30 23 50 47 8 3 5 27 42 22 38 48 24 46 12 10 41 18 9 17 16 34 7 19 21 37 39 
student 223: 29 31 46 3 15 9 14 32 20 44 34 13 50 42 1 16 7 41 2 28 30 35 38 27 24 49 45 6 4 8 26 40 23 37 47 25 48 12 11 43 17 10 19 18 33 5 21 22 39 36 
student 224: 25 32 45 4 17 12 13 31 24 46 33 15 50 43 1 18 8 42 2 29 30 35 38 28 23 49 44 5 3 6 26 39 22 36 47 27 48 11 9 41 20 10 14 16 34 7 21 19 37 40 
student 225: 27 30 42 5 14 10 13 29 25 43 36 12 49 45 1 16 8 44 2 31 32 34 35 26 21 50 47 3 4 6 28 40 20 37 46 24 48 19 9 41 23 11 17 15 33 7 22 18 38 39 
student 226: 27 30 45 3 13 12 14 34 23 44 32 15 50 42 1 18 4 43 2 28 29 33 35 31 24 48 46 6 7 10 25 38 22 36 49 26 47 11 9 41 21 8 17 16 39 5 19 20 37 40 
student 227: 26 31 43 3 16 9 15 36 24 48 33 12 49 41 2 17 7 44 1 29 27 34 35 30 23 50 47 6 5 4 28 38 22 37 46 25 45 13 11 39 14 8 18 19 32 10 21 20 42 40 
student 228: 22 31 44 1 13 11 14 27 28 46 34 15 50 43 2 17 9 41 4 32 29 36 35 30 25 48 47 6 5 7 26 38 24 39 45 21 49 12 10 42 20 8 16 18 33 3 19 23 37 40 
student 229: 25 32 44 3 16 11 13 28 24 45 35 15 49 43 1 14 8 41 2 27 30 33 37 31 20 50 48 6 4 5 26 36 18 39 46 29 47 12 9 42 17 10 19 21 34 7 22 23 38 40 
student 230: 25 30 44 1 14 15 9 29 26 47 34 12 49 43 2 17 5 42 4 23 31 35 36 28 22 48 50 6 3 10 32 39 24 38 46 27 45 13 11 41 21 8 16 18 33 7 19 20 37 40 
student 231: 25 31 43 3 14 9 13 27 24 45 37 15 50 44 2 16 11 41 1 29 30 33 35 32 21 49 47 6 5 8 28 39 22 36 48 26 46 12 10 42 23 7 17 19 34 4 20 18 38 40 
student 232: 26 34 42 3 14 12 10 33 24 45 36 16 49 44 1 15 9 43 2 28 30 32 35 29 25 50 46 6 4 5 27 40 21 37 48 22 47 13 7 41 23 11 19 17 31 8 18 20 38 39 
student 233: 26 32 44 3 18 11 14 29 25 49 35 19 48 43 2 16 7 41 6 31 27 37 34 30 21 50 45 8 4 5 28 42 24 38 47 23 46 13 10 39 22 9 12 15 33 1 17 20 36 40 
student 234: 28 32 44 3 11 14 12 25 22 46 34 17 49 43 2 15 8 42 1 27 30 35 36 31 24 48 50 5 4 6 29 40 21 38 45 26 47 13 10 39 23 9 16 20 33 7 18 19 37 41 
student 235: 23 31 44 2 16 12 14 30 26 47 33 9 50 42 1 17 10 43 3 28 29 35 38 34 21 49 45 8 4 7 25 40 24 39 48 27 46 11 13 41 19 5 20 15 32 6 18 22 36 37 
student 236: 25 32 45 3 15 11 12 31 23 44 36 16 50 42 2 13 14 41 1 29 27 33 34 30 26 49 46 7 4 6 28 40 22 37 48 17 47 8 10 43 21 9 20 18 35 5 19 24 38 39 
student 237: 28 32 41 3 15 10 12 23 24 45 34 14 49 44 1 16 7 43 2 29 30 35 37 31 26 50 46 8 5 6 25 39 21 42 48 27 47 11 13 40 22 9 17 18 33 4 19 20 36 38 
student 238: 26 32 45 4 9 11 14 31 21 44 33 15 50 43 1 18 12 42 3 27 30 36 34 28 23 48 46 8 2 5 25 37 24 41 49 29 47 13 10 40 20 6 17 19 35 7 16 22 38 39 
student 239: 32 33 45 4 12 11 14 30 25 44 31 15 49 43 3 16 8 41 2 28 26 35 34 29 23 50 47 7 1 5 27 42 20 37 48 24 46 13 10 39 21 9 17 22 36 6 18 19 38 40 
student 240: 26 34 44 5 15 13 14 30 23 45 37 11 50 43 1 17 9 41 3 31 33 35 32 29 25 49 47 7 2 6 27 40 24 38 48 21 46 10 8 42 22 12 16 18 28 4 19 20 36 39 
student 241: 24 30 46 7 13 11 12 32 21 47 33 15 49 43 1 16 8 40 2 26 31 34 36 28 27 50 41 6 5 4 25 44 23 37 45 29 48 14 10 42 22 9 17 19 35 3 20 18 38 39 
student 242: 27 29 42 2 14 9 13 33 24 43 38 17 50 46 1 15 8 41 4 31 30 36 35 26 23 49 48 7 3 6 28 39 20 40 44 25 47 12 11 45 21 10 22 18 32 5 19 16 34 37 
student 243: 27 32 44 3 15 8 13 30 24 49 35 14 50 42 2 16 9 43 1 22 31 36 34 28 21 48 47 6 7 5 29 41 25 38 46 26 45 10 12 40 23 11 18 17 33 4 19 20 37 39 
student 244: 27 30 45 1 15 11 13 35 23 43 31 16 50 47 3 14 8 42 4 28 33 34 36 29 20 49 44 6 2 5 26 40 24 38 48 25 46 12 10 41 22 9 17 18 32 7 19 21 37 39 
student 245: 28 34 45 4 13 14 10 32 31 44 30 15 49 43 1 19 8 42 2 27 26 35 33 29 23 46 47 9 3 5 25 38 21 39 48 24 50 11 7 41 18 12 16 17 37 6 20 22 36 40 
student 246: 25 32 47 2 12 16 13 31 22 43 33 14 50 44 1 15 8 41 4 27 30 35 36 29 24 49 45 7 3 6 28 42 23 39 46 26 48 10 11 40 20 9 19 17 34 5 18 21 38 37 
student 247: 22 33 45 2 14 10 12 32 25 44 31 16 50 42 1 15 4 41 6 29 30 36 38 27 26 49 47 9 3 8 28 37 23 39 46 24 48 13 11 43 21 5 17 18 34 7 19 20 35 40 
student 248: 27 30 44 3 12 10 15 31 24 46 35 13 50 39 2 17 9 43 1 26 32 34 36 28 23 49 47 8 6 4 29 37 22 40 48 25 45 11 14 42 21 7 16 19 33 5 18 20 38 41 
student 249: 23 33 44 4 14 9 13 31 21 43 35 15 48 47 3 17 7 41 2 25 26 37 38 30 27 50 46 10 6 5 29 39 20 40 45 28 49 11 12 42 19 8 18 16 34 1 24 22 32 36 
student 250: 28 33 44 5 15 10 13 34 25 50 36 14 49 43 1 17 6 41 2 30 29 37 31 27 24 46 45 7 8 4 22 38 21 40 47 26 48 11 12 39 23 9 16 20 32 3 18 19 35 42 
student 251: 25 33 45 2 19 8 13 32 24 44 28 17 48 43 4 15 12 42 1 29 30 35 36 31 23 50 46 9 7 3 26 37 22 39 49 27 47 11 10 41 21 6 16 20 34 5 14 18 38 40 
student 252: 27 32 47 4 12 10 11 30 23 44 33 18 50 43 2 16 5 40 3 26 31 34 35 29 25 46 45 7 1 13 28 41 22 39 49 24 48 15 9 42 21 8 17 19 37 6 14 20 36 38 
student 253: 25 31 45 1 15 12 13 30 24 46 34 16 50 42 4 14 7 43 2 28 33 35 37 29 23 48 47 5 3 8 27 40 22 39 44 26 49 9 10 41 20 11 17 18 32 6 19 21 36 38 
student 254: 27 32 43 3 13 11 15 31 23 45 34 14 49 44 1 17 5 41 2 30 29 38 36 28 25 50 47 7 4 8 26 42 22 37 46 24 48 12 10 39 21 9 18 20 33 6 19 16 35 40 
student 255: 24 32 45 3 12 14 15 31 22 47 35 13 49 39 2 17 11 43 4 28 30 36 34 27 25 48 50 7 1 6 29 42 20 41 46 26 44 10 9 38 21 8 16 19 33 5 18 23 37 40 
student 256: 27 31 47 3 15 10 14 32 23 44 35 19 50 45 1 13 9 43 2 26 30 34 36 29 24 49 46 8 4 5 28 39 21 38 48 25 41 12 11 42 22 7 17 18 33 6 20 16 37 40 
student 257: 27 34 43 3 13 14 11 30 23 45 36 15 50 44 2 16 10 41 1 31 29 33 35 28 20 48 46 8 4 5 24 38 25 39 49 26 47 12 9 40 22 6 17 21 32 7 18 19 37 42 
student 258: 26 32 44 3 15 12 9 31 24 47 34 14 50 45 2 17 8 39 1 29 30 35 36 28 23 49 41 7 4 5 27 42 20 40 48 25 46 13 10 43 21 11 16 18 33 6 19 22 37 38 
student 259: 22 30 44 4 15 11 12 32 25 46 33 13 50 42 1 18 8 45 2 27 31 34 35 28 24 48 47 9 6 3 29 40 23 39 49 26 43 14 7 41 20 10 17 19 36 5 21 16 37 38 
student 260: 26 34 44 3 15 12 13 28 25 46 35 14 50 42 1 16 8 41 2 29 33 30 36 31 22 49 48 6 4 7 27 43 23 39 47 24 45 10 9 40 21 11 19 20 32 5 17 18 37 38 
student 261: 26 31 42 2 13 11 14 32 23 45 34 16 50 43 1 17 6 44 3 28 30 35 37 29 24 49 46 10 4 5 27 40 22 39 48 25 47 12 9 41 20 8 15 18 33 7 19 21 38 36 
student 262: 28 32 45 4 15 13 10 31 25 46 35 12 49 43 1 16 9 44 2 29 30 33 38 27 22 50 42 7 3 6 26 40 20 36 48 24 47 14 11 41 19 8 17 18 34 5 21 23 39 37 
student 263: 26 32 43 2 14 10 13 31 25 47 34 16 50 44 3 15 6 41 1 28 30 35 37 27 21 46 45 8 4 5 29 39 23 38 49 24 48 11 12 42 22 9 17 19 33 7 18 20 36 40 
student 264: 28 34 45 1 12 9 14 32 25 48 33 13 50 44 6 17 10 42 2 27 30 35 37 29 23 49 46 4 3 5 26 36 22 43 47 24 39 16 8 41 21 11 15 19 31 7 18 20 40 38 
student 265: 25 33 44 3 13 9 18 31 28 45 34 14 50 43 2 21 10 41 1 26 27 36 35 30 24 49 46 6 5 7 29 39 22 40 47 23 48 12 11 42 17 8 15 16 32 4 19 20 38 37 
student 266: 26 30 42 4 12 11 14 32 22 45 34 17 47 40 1 16 8 41 3 28 31 35 36 27 24 49 46 7 5 6 29 39 21 38 48 23 50 13 9 44 25 10 15 18 33 2 20 19 37 43 
student 267: 27 31 43 2 14 12 13 33 24 47 34 15 48 44 3 16 10 40 1 28 30 35 36 29 23 46 49 7 4 5 25 41 22 38 50 26 45 11 9 39 21 8 17 19 32 6 18 20 42 37 
student 268: 26 33 41 3 11 10 14 31 23 44 32 15 50 45 1 16 9 43 2 28 29 34 35 30 21 49 46 6 5 8 27 39 20 42 47 24 48 13 12 40 22 4 18 17 37 7 19 25 36 38 
student 269: 29 33 47 1 14 11 13 32 24 43 34 15 49 44 3 17 6 41 4 26 27 35 38 31 22 48 45 8 5 7 28 42 20 37 50 25 46 12 9 40 19 10 16 21 30 2 18 23 36 39 
student 270: 26 31 44 3 14 12 17 32 24 45 34 13 50 43 2 16 9 40 1 28 30 35 37 29 23 47 48 6 5 7 27 42 21 38 49 25 46 11 8 41 22 10 15 18 33 4 19 20 39 36 
student 271: 27 34 45 3 15 6 14 30 24 43 33 12 50 44 1 16 9 42 2 26 31 35 36 29 23 49 47 8 4 7 28 39 22 38 48 25 46 13 11 41 21 10 18 19 32 5 17 20 37 40 
student 272: 24 31 44 4 13 10 12 32 27 46 34 15 50 45 1 16 8 43 2 28 33 29 39 30 23 40 47 11 3 7 25 42 22 37 49 26 48 14 9 41 21 6 17 19 35 5 18 20 36 38 
student 273: 30 32 44 2 14 11 13 31 25 47 35 16 50 42 1 15 9 39 5 26 29 36 34 28 23 48 45 7 3 6 27 43 21 40 49 24 46 12 8 38 18 10 17 19 33 4 20 22 37 41 
student 274: 23 29 44 3 12 9 18 35 24 48 32 14 49 43 2 16 11 41 1 30 31 33 42 28 25 50 47 10 5 8 27 38 22 37 46 26 45 13 7 40 17 6 19 15 34 4 20 21 36 39 
student 275: 25 33 42 1 13 11 14 30 24 45 32 17 50 43 2 15 6 41 3 28 31 35 37 29 21 49 47 7 4 8 27 39 22 40 48 26 46 12 9 44 20 10 16 18 34 5 19 23 38 36 
student 276: 26 32 42 2 15 10 14 31 24 43 34 13 50 45 1 16 4 44 6 29 30 35 37 28 22 47 48 9 3 7 27 40 23 38 46 25 49 12 11 39 19 8 21 17 33 5 18 20 36 41 
student 277: 26 27 42 7 15 10 12 32 24 43 33 14 50 44 2 16 9 41 1 30 31 35 36 28 22 46 47 8 3 5 29 45 23 39 49 25 48 13 11 40 20 4 18 17 34 6 19 21 37 38 
student 278: 30 32 44 5 13 11 14 28 23 45 34 15 50 41 3 16 7 43 1 26 31 35 37 29 24 47 49 8 2 4 27 42 20 38 46 25 48 12 10 40 19 9 18 21 33 6 22 17 36 39 
student 279: 26 34 45 2 15 11 13 31 24 44 33 14 50 43 1 16 9 42 4 28 30 41 32 29 23 49 47 6 3 5 25 38 22 40 46 27 48 12 10 39 21 8 18 17 35 7 19 20 36 37 
student 280: 27 31 43 3 15 12 14 29 25 45 33 19 49 44 1 11 8 42 2 26 35 34 37 30 28 48 46 5 4 7 24 41 22 39 50 23 47 17 10 40 21 9 13 16 32 6 20 18 36 38 
student 281: 24 31 45 4 15 12 13 33 23 42 34 11 50 44 2 16 7 40 3 29 28 32 35 30 25 48 46 6 1 5 27 43 22 36 49 26 47 17 10 39 19 9 14 18 37 8 20 21 38 41 
student 282: 27 32 43 3 17 9 13 33 26 46 36 15 45 41 2 16 5 48 1 28 30 34 35 29 25 47 50 11 7 6 24 37 22 40 44 23 49 10 12 42 20 8 19 18 31 4 14 21 39 38 
student 283: 26 32 42 4 13 14 12 31 24 45 35 18 49 39 1 16 7 46 2 29 30 34 38 27 23 48 44 9 3 6 28 40 20 37 47 25 50 11 8 43 19 10 17 15 33 5 21 22 36 41 
student 284: 26 28 44 3 15 11 13 31 24 46 33 14 47 43 2 18 6 41 1 29 32 36 38 30 22 50 45 8 5 4 25 40 23 37 49 27 48 12 10 39 20 9 16 17 34 7 21 19 35 42 
student 285: 26 32 44 1 14 13 10 31 25 46 33 16 50 38 3 15 7 40 2 29 30 36 35 27 24 49 45 8 4 6 28 42 23 41 48 22 47 12 11 43 20 9 18 17 34 5 21 19 37 39 
student 286: 24 33 45 4 13 11 10 30 22 44 35 19 50 43 3 14 9 41 2 28 31 34 36 29 25 49 47 6 1 7 27 38 20 39 48 26 46 12 8 42 21 16 15 17 32 5 23 18 37 40 
student 287: 31 35 46 3 14 11 12 32 22 44 29 15 50 43 1 16 8 41 2 27 28 37 34 30 21 49 45 6 4 5 26 40 25 38 48 24 47 13 7 42 23 9 17 18 33 10 20 19 36 39 
student 288: 31 30 44 3 15 11 13 29 23 45 36 14 50 41 1 19 8 43 2 28 33 32 34 26 27 47 46 6 5 7 25 37 20 39 49 24 48 12 10 42 22 9 18 16 35 4 17 21 38 40 
student 289: 24 31 42 2 14 11 15 33 22 44 32 13 50 45 1 16 7 43 3 28 30 34 36 29 25 49 46 8 4 5 27 38 23 41 47 26 48 12 10 39 20 9 17 18 35 6 19 21 37 40 
student 290: 28 32 46 2 12 10 13 31 26 41 35 14 49 47 1 16 9 42 5 29 30 34 37 27 20 48 44 8 4 3 23 39 24 38 50 22 45 15 7 43 21 11 17 18 33 6 25 19 36 40 
student 291: 27 37 44 1 12 11 15 32 24 46 33 18 50 43 2 13 4 41 3 28 29 34 36 30 22 49 45 7 5 10 25 42 20 40 48 26 47 17 9 35 21 8 14 16 31 6 19 23 39 38 
student 292: 27 34 43 2 13 11 14 24 19 49 38 17 50 44 1 16 10 42 3 31 32 29 35 30 23 48 45 5 4 6 28 40 25 36 46 26 47 12 9 41 20 8 15 21 33 7 18 22 37 39 
student 293: 31 30 44 4 14 12 13 32 25 45 35 15 47 42 3 17 11 38 1 27 28 36 34 29 22 50 46 7 5 2 24 40 20 39 49 26 48 10 9 43 19 8 16 18 33 6 21 23 37 41 
student 294: 25 32 40 3 6 13 14 31 24 45 35 15 50 44 1 16 5 43 2 28 30 34 39 29 23 49 48 8 4 7 27 38 19 37 47 26 46 11 12 41 20 10 17 18 33 9 21 22 42 36 
student 295: 26 32 44 2 20 12 15 30 25 45 35 13 49 43 1 14 7 42 4 28 29 33 36 31 24 50 46 8 3 6 27 40 23 38 48 21 47 11 10 41 22 9 16 17 34 5 18 19 37 39 
student 296: 27 33 45 3 16 12 13 30 26 44 32 15 50 43 1 17 9 42 2 25 31 35 36 29 22 46 47 6 4 8 28 41 19 38 48 24 49 11 10 40 18 7 20 23 34 5 14 21 39 37 
student 297: 27 32 45 3 13 9 15 33 23 44 34 14 50 40 1 16 8 43 2 29 31 35 36 26 25 48 46 7 4 6 28 42 22 39 47 24 49 12 11 41 18 10 20 19 30 5 17 21 37 38 
student 298: 25 31 44 3 14 11 13 27 23 47 33 15 50 43 2 16 9 41 1 29 28 35 37 34 24 49 45 5 6 10 26 42 22 38 48 30 46 12 8 40 21 7 17 19 32 4 18 20 36 39 
student 299: 28 32 44 3 12 14 13 31 24 43 33 16 50 42 1 15 8 41 2 27 29 34 36 30 22 47 48 6 7 5 26 40 19 37 49 25 46 11 10 39 20 9 21 17 35 4 23 18 38 45 
student 300: 25 35 43 3 12 11 9 31 24 47 33 15 49 44 1 14 6 42 2 27 29 34 36 28 23 50 45 13 7 5 30 39 20 38 46 26 48 16 10 41 22 8 18 17 32 4 21 19 37 40 
student 301: 24 31 43 2 11 12 10 30 25 45 34 15 50 40 1 16 9 41 3 28 29 35 36 32 26 48 46 8 5 6 27 42 23 37 49 19 47 14 13 44 22 7 17 18 33 4 21 20 39 38 
student 302: 26 33 44 5 14 11 12 32 22 45 36 15 49 43 1 16 8 41 2 27 30 35 37 29 28 50 48 6 3 7 24 40 23 38 47 25 46 13 10 39 20 9 17 18 31 4 21 19 34 42 
student 303: 24 30 44 3 14 11 15 31 28 45 34 16 50 43 1 17 5 42 2 22 32 35 38 29 25 49 48 8 7 4 27 40 21 36 47 26 46 12 9 41 23 10 18 13 33 6 19 20 37 39 
student 304: 28 32 44 2 18 12 16 30 24 45 34 14 49 41 1 13 10 43 6 31 29 35 37 27 23 50 46 5 3 7 26 40 22 38 47 25 48 11 9 42 21 8 19 15 33 4 20 17 36 39 
student 305: 25 34 43 3 10 13 12 28 24 46 35 14 50 44 1 16 8 42 2 31 32 33 36 29 20 49 48 7 4 6 27 39 23 37 47 26 45 15 11 41 22 9 17 18 30 5 19 21 38 40 
student 306: 26 34 45 3 14 11 13 31 25 44 35 15 49 43 2 17 7 42 1 29 30 36 33 28 23 48 47 5 4 9 27 38 22 39 46 24 50 12 10 40 21 8 16 18 32 6 19 20 37 41 
student 307: 31 29 43 5 12 11 16 33 21 46 35 15 50 42 1 17 7 44 2 28 27 38 34 30 23 49 45 8 3 6 25 40 24 39 48 26 47 13 9 41 20 10 18 14 32 4 22 19 37 36 
student 308: 27 34 44 2 14 11 12 32 25 45 33 17 50 43 3 15 8 42 4 29 31 36 37 26 23 49 48 7 1 5 28 41 21 39 47 24 46 13 10 40 22 9 16 18 30 6 20 19 35 38 
student 309: 24 33 44 3 12 9 15 32 25 46 31 10 50 42 1 16 14 41 2 28 30 35 37 29 26 49 45 11 4 6 27 43 22 39 48 21 47 13 7 40 23 8 18 19 34 5 20 17 38 36 
student 310: 27 30 37 3 13 9 11 33 24 45 32 21 50 47 1 12 7 42 2 28 29 34 35 31 23 49 43 8 4 6 26 44 22 39 48 25 46 15 14 41 20 10 16 18 36 5 17 19 40 38 
student 311: 26 30 44 4 14 10 13 34 25 45 33 16 50 43 3 17 9 41 1 28 31 35 39 29 22 49 46 5 2 7 27 42 23 37 47 24 48 11 12 40 20 8 15 18 32 6 19 21 36 38 
student 312: 27 32 45 1 16 10 13 29 25 44 34 14 50 41 2 17 6 43 3 28 33 37 39 30 22 46 48 9 4 5 26 40 21 42 49 24 47 11 12 38 19 7 15 18 31 8 23 20 35 36 
student 313: 29 32 47 5 13 11 14 31 23 44 34 16 49 46 1 15 8 42 2 26 30 35 37 27 25 45 43 6 3 4 28 40 22 36 48 24 50 12 10 39 21 9 18 17 33 7 20 19 38 41 
student 314: 27 31 43 4 14 11 13 34 24 45 33 15 49 46 2 16 7 40 1 29 30 35 38 28 20 48 44 8 3 6 25 36 26 41 50 23 47 12 10 39 22 9 21 17 32 5 19 18 37 42 
student 315: 27 33 45 1 12 11 14 31 23 44 34 16 50 43 2 18 8 41 3 28 30 35 37 29 24 49 46 6 4 7 26 39 21 36 48 25 47 13 10 42 22 9 15 17 38 5 20 19 32 40 
student 316: 27 33 45 3 14 9 12 30 21 47 34 18 48 41 2 19 4 43 1 29 31 35 36 28 24 49 44 8 5 7 26 40 23 38 50 25 46 13 11 42 15 10 16 17 32 6 20 22 37 39 
student 317: 26 31 46 2 15 11 13 32 24 43 34 12 50 44 1 17 9 42 3 28 30 35 36 29 20 49 45 7 5 6 27 40 22 41 48 25 47 14 10 39 23 8 16 21 33 4 18 19 37 38 
student 318: 27 33 44 4 14 9 13 29 24 47 34 21 49 43 2 15 8 42 5 30 31 32 37 28 22 50 45 7 1 6 26 40 20 38 48 25 46 11 12 41 19 10 17 23 36 3 16 18 35 39 
student 319: 26 31 46 2 12 10 14 32 25 44 33 15 49 43 5 16 8 39 1 28 29 34 35 30 23 50 45 7 3 6 27 42 21 36 48 24 47 13 11 37 22 9 17 18 41 4 20 19 38 40 
student 320: 24 32 45 4 15 11 12 31 25 44 36 14 50 43 1 16 8 42 2 28 26 41 39 30 23 48 46 7 3 6 29 35 22 40 47 27 49 13 9 37 21 10 17 18 33 5 19 20 38 34 
student 321: 25 33 49 6 15 10 13 31 24 43 36 14 50 47 3 18 7 44 1 28 29 37 34 30 22 48 38 8 2 5 27 41 23 40 45 26 46 12 11 42 21 9 17 19 32 4 20 16 39 35 
student 322: 28 36 43 2 15 12 14 33 26 45 32 16 47 44 1 18 8 42 3 27 31 34 35 30 21 49 46 7 4 6 25 41 23 37 50 24 48 11 10 40 17 9 19 13 29 5 20 22 38 39 
student 323: 26 29 43 3 13 11 14 33 24 45 32 16 49 44 1 17 9 42 2 27 30 34 37 31 21 50 47 7 5 6 28 38 23 39 48 25 46 12 8 41 19 10 18 15 35 4 20 22 36 40 
student 324: 26 29 44 4 16 2 13 27 24 45 33 14 48 42 3 15 9 43 7 28 30 39 34 31 23 47 46 6 1 5 32 40 22 36 50 25 49 10 12 41 21 11 17 18 35 8 20 19 37 38 
student 325: 25 30 45 3 12 10 14 33 23 46 34 16 50 43 1 15 8 42 2 28 31 35 32 29 22 48 44 7 4 6 27 41 17 37 49 26 47 13 11 40 24 9 18 19 36 5 20 21 39 38 
student 326: 25 34 44 7 14 12 13 31 22 46 33 16 50 43 1 15 8 45 3 28 32 35 38 29 26 49 48 6 2 5 27 36 23 39 47 21 42 9 11 41 24 10 17 18 30 4 19 20 37 40 
student 327: 22 34 42 4 14 10 11 31 21 46 35 13 49 44 1 15 7 41 2 25 30 36 37 28 27 50 45 9 3 5 29 40 19 38 48 26 47 12 16 43 24 8 17 18 32 6 20 23 33 39 
student 328: 25 32 47 3 14 13 10 31 24 48 33 16 49 43 1 15 8 41 2 28 30 36 38 29 20 44 45 7 4 6 27 40 23 34 50 26 46 12 9 42 22 11 17 19 35 5 18 21 39 37 
student 329: 28 31 45 3 16 10 13 34 25 46 33 14 50 44 1 17 6 43 2 27 30 35 36 29 23 49 42 7 4 5 24 39 22 37 48 26 47 11 9 41 21 8 15 18 32 12 19 20 38 40 
student 330: 25 31 44 5 15 10 13 29 24 45 35 14 50 42 2 18 8 41 1 28 34 36 33 30 23 49 46 6 3 7 27 40 21 38 48 26 47 11 9 39 22 12 16 17 32 4 20 19 37 43 
student 331: 26 32 43 2 14 11 12 31 24 46 33 15 50 40 1 18 8 45 4 27 29 35 36 30 23 49 48 7 3 6 28 38 22 41 47 25 44 13 10 42 21 9 19 16 34 5 17 20 37 39 
student 332: 26 31 46 8 14 11 12 29 23 44 34 16 50 43 1 15 6 41 2 27 32 35 36 30 24 48 49 7 3 5 25 37 22 42 47 28 45 13 10 40 21 9 18 19 33 4 17 20 39 38 
student 333: 23 32 44 6 20 12 13 31 27 47 34 15 50 42 1 14 8 43 3 26 30 35 36 28 22 49 45 7 2 5 29 39 24 37 48 25 46 11 9 40 21 10 16 18 33 4 17 19 38 41 
student 334: 25 34 41 5 15 11 13 32 22 46 28 14 50 43 2 17 9 44 1 30 31 36 35 29 23 49 45 7 3 6 26 39 24 38 48 27 47 12 10 42 21 8 16 18 33 4 20 19 37 40 
student 335: 24 32 45 3 17 12 14 31 25 47 34 10 48 42 1 15 4 44 2 29 30 33 36 28 21 50 49 9 5 7 26 39 23 40 46 27 43 13 11 41 22 6 16 18 38 8 19 20 35 37 
student 336: 25 32 45 4 14 12 10 33 24 43 34 16 50 47 1 15 8 41 2 28 30 35 36 29 23 49 44 6 3 7 26 40 22 37 48 27 46 13 9 42 21 11 17 18 31 5 19 20 38 39 
student 337: 25 32 46 2 16 11 12 31 21 44 33 14 49 41 1 15 7 43 5 30 29 36 35 26 28 50 45 8 4 6 27 40 23 39 48 24 47 13 9 42 20 10 17 19 34 3 18 22 37 38 
student 338: 25 34 46 4 13 11 17 30 20 44 37 15 50 41 1 21 7 42 2 29 32 31 35 28 14 49 45 8 3 5 27 40 23 36 47 26 48 12 9 43 22 10 16 18 33 6 24 19 38 39 
student 339: 25 35 47 4 14 11 13 27 28 46 36 15 49 43 3 17 10 42 1 26 33 32 38 31 24 50 44 7 2 6 30 39 21 40 48 23 45 12 9 41 22 8 16 18 29 5 20 19 34 37 
student 340: 26 32 43 3 14 11 15 33 23 45 34 19 50 41 1 12 8 42 2 27 29 35 36 30 22 49 44 6 7 5 28 39 21 38 48 25 47 13 10 46 20 9 17 16 31 4 24 18 37 40 
student 341: 31 30 46 3 14 12 13 33 25 43 32 16 50 42 1 17 7 39 2 22 29 41 35 28 20 49 44 10 4 6 27 38 24 40 48 26 47 11 8 37 23 9 15 18 34 5 19 21 36 45 
student 342: 24 32 43 1 14 8 15 28 30 45 34 13 49 46 3 16 7 40 2 25 31 36 35 29 22 48 44 9 4 6 27 41 21 38 50 23 47 12 11 42 26 10 17 18 33 5 19 20 37 39 
student 343: 30 32 44 3 15 12 13 31 24 45 35 14 49 43 1 16 10 42 2 27 29 39 34 28 21 47 46 6 5 7 26 38 23 40 50 25 48 11 8 37 22 9 17 18 33 4 19 20 36 41 
student 344: 23 32 43 1 13 11 15 29 22 45 31 14 50 44 5 18 4 40 2 28 33 37 34 30 24 49 47 8 3 6 27 39 20 42 46 26 48 12 9 41 25 10 16 17 35 7 19 21 36 38 
student 345: 30 32 44 6 13 12 14 31 25 45 34 15 50 40 2 17 7 43 5 27 29 35 36 28 23 49 46 8 3 4 26 41 22 38 47 24 48 11 10 42 20 9 16 21 33 1 19 18 37 39 
student 346: 23 34 45 2 18 9 14 30 25 47 33 13 49 39 1 19 10 42 3 31 29 36 35 27 24 50 46 7 4 6 26 41 22 38 48 28 44 12 11 43 21 8 17 20 32 5 16 15 37 40 
student 347: 26 30 44 4 14 11 12 32 24 46 35 15 50 43 1 20 5 40 2 29 31 36 34 27 23 45 47 9 3 8 28 41 19 38 49 25 48 16 10 42 21 7 13 22 33 6 17 18 37 39 
student 348: 28 31 46 2 14 11 9 33 25 44 35 18 49 43 1 15 10 38 3 27 30 34 36 29 22 50 45 7 6 5 26 41 21 39 48 23 47 13 8 42 24 12 16 19 32 4 20 17 37 40 
student 349: 26 33 44 4 15 10 11 27 24 45 32 16 48 41 1 12 5 42 3 29 30 36 34 31 23 50 46 7 6 8 28 39 18 37 49 25 47 13 14 43 22 9 17 19 35 2 20 21 38 40 
student 350: 27 33 43 3 14 12 11 31 22 44 42 15 50 41 1 17 9 45 4 28 30 32 36 29 24 49 47 6 5 8 26 39 23 38 46 25 48 13 7 40 21 10 18 20 34 2 19 16 35 37 
student 351: 23 28 44 3 13 11 15 26 25 47 34 16 50 43 1 17 10 45 2 30 32 35 36 31 24 48 46 7 5 6 29 38 21 39 49 27 42 9 12 41 20 8 14 19 33 4 18 22 37 40 
student 352: 27 30 49 2 14 8 13 32 24 44 33 15 48 43 1 17 7 42 5 26 31 35 36 28 21 50 47 6 3 4 29 41 23 40 46 25 45 12 10 38 22 11 19 16 34 9 18 20 37 39 
student 353: 24 32 39 1 13 14 15 31 25 47 34 11 50 43 3 17 6 45 2 27 30 35 37 29 23 49 44 9 4 5 28 41 22 36 48 26 46 8 12 42 19 10 16 20 33 7 21 18 38 40 
student 354: 27 32 44 3 17 11 14 31 23 45 34 15 50 43 1 13 10 42 2 28 30 35 36 29 18 47 46 7 4 6 26 39 20 40 49 19 48 12 9 41 25 8 16 21 33 5 22 24 37 38 
student 355: 25 32 43 5 12 11 14 31 23 45 34 15 49 37 1 16 8 42 2 28 30 35 36 29 22 50 47 6 7 4 27 40 24 41 48 26 46 10 9 44 21 13 17 18 33 3 19 20 38 39 
student 356: 26 31 41 3 16 10 12 34 24 44 35 15 50 47 1 14 9 43 2 30 27 37 36 25 22 48 45 7 4 5 29 40 23 38 46 28 49 13 11 42 21 8 19 18 33 6 20 17 32 39 
student 357: 27 37 45 1 16 11 13 30 23 44 32 15 49 42 2 18 7 43 3 29 31 38 34 28 21 48 50 9 4 5 26 39 24 36 47 25 46 14 8 41 22 6 12 20 33 10 17 19 35 40 
student 358: 24 33 44 2 13 8 14 34 25 47 29 15 50 42 1 16 6 40 3 30 27 35 36 31 23 49 45 10 4 5 28 43 22 38 48 26 46 12 11 41 20 7 19 18 32 9 17 21 37 39 
student 359: 28 31 43 1 15 11 12 30 26 48 35 19 49 45 2 14 9 41 3 29 32 33 36 27 21 46 47 8 5 4 24 40 23 39 44 25 50 13 10 42 20 7 17 16 34 6 22 18 37 38 
student 360: 27 33 44 2 12 11 14 32 24 45 34 16 50 43 1 15 8 42 6 28 30 37 36 29 23 49 46 7 3 4 25 39 22 40 48 26 47 13 9 41 21 10 18 19 31 5 17 20 35 38 
student 361: 27 33 44 3 13 10 15 29 23 47 35 14 50 42 2 17 8 41 1 28 31 32 36 30 24 49 46 7 4 6 25 40 22 39 45 26 48 12 9 43 20 11 18 21 34 5 16 19 37 38 
student 362: 25 31 39 1 18 10 13 29 24 47 35 15 50 40 2 14 7 46 4 28 30 37 38 32 22 44 48 5 6 8 27 42 23 34 45 26 49 12 11 43 21 9 16 19 33 3 17 20 41 36 
student 363: 27 32 42 3 14 11 12 33 23 45 31 15 49 43 1 16 10 41 2 28 30 35 37 29 22 50 46 8 4 7 26 39 21 38 48 25 47 13 6 40 24 9 17 18 36 5 20 19 34 44 
student 364: 21 29 45 3 12 13 11 31 27 46 35 14 49 44 1 17 7 43 2 28 30 38 32 33 24 50 48 8 4 5 26 41 20 39 47 25 42 16 9 40 23 10 18 15 34 6 19 22 36 37 
student 365: 28 32 44 3 15 12 16 31 22 46 33 13 50 42 1 14 8 41 2 25 30 34 38 27 24 48 45 7 5 6 23 39 20 37 47 26 49 10 11 43 18 9 21 17 36 4 19 29 35 40 
student 366: 27 34 40 2 14 10 12 30 25 44 36 15 50 47 1 17 7 43 4 28 31 32 35 29 22 49 45 8 5 6 26 42 23 41 46 24 48 13 11 39 21 9 16 18 33 3 19 20 37 38 
student 367: 26 33 43 4 16 12 14 32 23 44 35 15 50 46 1 10 13 42 2 30 29 31 36 28 24 49 45 8 3 6 27 40 22 41 47 25 48 11 5 39 20 9 17 18 34 7 21 19 37 38 
student 368: 26 33 44 1 13 15 12 31 22 45 32 17 50 43 3 14 7 41 4 29 28 35 36 30 21 47 46 10 6 5 25 40 23 38 48 27 49 9 11 42 24 8 16 18 34 2 19 20 37 39 
student 369: 26 32 44 4 20 10 16 31 25 45 36 13 50 42 2 14 8 41 1 27 29 39 34 28 21 49 46 5 3 7 30 40 23 35 47 24 48 12 11 43 17 9 18 19 33 6 15 22 37 38 
student 370: 26 32 43 4 14 11 13 29 23 44 35 15 48 40 1 16 8 45 2 31 28 36 33 30 22 50 46 7 3 5 27 42 24 37 47 25 49 12 10 39 21 9 19 18 34 6 17 20 38 41 
student 371: 23 34 44 3 15 10 13 30 25 46 33 14 50 43 5 17 8 41 1 26 29 35 36 28 21 49 48 7 2 6 27 40 20 39 47 31 45 12 11 42 24 9 18 19 32 4 16 22 37 38 
student 372: 27 31 43 4 14 12 13 33 23 44 32 18 49 45 2 16 8 42 1 28 30 35 37 29 22 48 46 7 3 6 26 41 21 36 50 25 47 11 9 38 20 10 17 19 34 5 15 24 40 39 
student 373: 26 31 45 2 14 11 12 32 24 43 35 15 50 44 1 16 7 42 3 28 30 37 33 29 23 49 47 6 5 8 27 41 21 38 48 25 46 13 10 40 20 9 17 18 34 4 19 22 39 36 
student 374: 26 36 42 3 17 9 14 30 25 47 32 13 50 45 1 15 10 41 2 31 29 34 37 33 21 49 46 7 5 6 28 39 23 38 48 24 43 12 11 44 22 8 16 18 27 4 19 20 35 40 
student 375: 26 32 44 1 17 14 12 30 24 46 37 13 50 43 2 15 6 40 3 29 31 33 35 28 23 49 45 9 4 7 27 41 20 38 48 25 47 8 11 42 22 10 18 16 36 5 19 21 34 39 
student 376: 27 30 46 1 13 10 12 33 25 47 34 15 48 41 2 14 8 39 3 26 28 36 35 29 24 50 44 5 4 7 22 40 23 37 49 32 45 11 9 42 21 16 18 17 31 6 19 20 38 43 
student 377: 25 31 44 4 15 9 12 34 22 45 33 16 50 43 3 14 7 42 1 26 30 35 37 27 28 49 46 8 2 5 29 40 21 38 48 24 47 13 10 41 23 11 18 19 32 6 17 20 36 39 
student 378: 27 32 44 3 12 11 13 30 23 45 34 14 50 43 1 15 9 42 4 26 29 35 37 25 24 49 46 5 7 2 31 41 22 39 48 28 47 16 8 36 21 10 17 18 33 6 19 20 38 40 
student 379: 24 33 45 4 17 11 8 32 27 43 37 13 50 41 2 19 9 42 3 28 30 31 35 29 25 49 47 7 1 10 26 38 22 36 46 20 48 14 12 40 23 6 15 16 34 5 18 21 39 44 
student 380: 27 33 44 1 13 11 15 35 24 42 32 14 50 45 2 16 9 43 5 31 29 34 36 28 23 49 46 8 3 7 26 40 20 38 47 25 48 12 10 41 21 6 18 17 30 4 19 22 37 39 
student 381: 25 32 43 1 15 11 14 31 26 44 34 13 50 39 4 16 9 42 2 28 30 35 36 29 24 49 46 7 3 6 27 37 19 40 48 22 47 12 10 45 23 8 17 18 33 5 20 21 38 41 
student 382: 26 32 42 3 14 10 13 31 24 44 38 15 49 43 1 17 7 45 2 25 29 33 35 30 22 50 46 4 5 8 28 40 27 37 48 23 47 12 11 41 21 9 16 18 34 6 20 19 36 39 
student 383: 28 32 44 5 14 13 12 31 26 45 35 15 49 42 1 16 6 43 3 27 30 37 34 29 24 48 47 8 4 7 25 40 22 36 46 23 50 11 10 41 19 9 17 20 33 2 21 18 38 39 
student 384: 27 35 45 6 9 10 15 30 26 46 33 16 50 43 1 18 7 42 2 28 25 36 34 32 23 49 44 8 3 5 31 41 22 38 48 24 47 13 12 39 21 11 14 19 29 4 17 20 37 40 
student 385: 28 32 44 2 15 11 13 31 22 45 37 17 49 43 1 14 7 42 6 27 30 36 34 29 24 48 46 8 3 5 26 38 23 39 50 25 47 12 9 41 20 10 16 21 33 4 18 19 35 40 
student 386: 25 33 43 2 15 11 13 32 24 48 34 17 50 42 1 14 8 44 4 29 30 37 38 28 22 49 45 7 3 6 27 36 21 40 47 26 46 12 9 39 23 10 18 19 31 5 16 20 35 41 
student 387: 24 31 41 3 14 5 12 32 25 45 33 20 50 43 4 16 8 44 1 27 30 35 36 26 29 46 48 10 6 2 28 42 19 38 49 23 47 13 11 39 21 9 15 17 34 7 22 18 37 40 
student 388: 23 33 44 5 15 11 13 31 26 46 39 12 49 45 1 16 10 42 2 28 30 34 36 29 22 50 47 7 6 4 25 37 27 40 43 24 48 14 8 41 21 9 17 18 32 3 19 20 35 38 
student 389: 23 32 42 6 15 11 13 30 25 45 35 14 49 44 1 16 8 43 2 31 28 34 37 29 24 50 46 3 4 5 27 41 21 36 47 26 48 10 12 38 22 9 17 18 33 7 19 20 39 40 
student 390: 27 34 45 6 14 11 13 32 25 39 35 17 48 44 1 15 8 43 4 22 29 31 38 30 23 50 46 7 3 5 28 36 24 40 47 26 49 12 9 42 21 10 16 18 37 2 20 19 33 41 
student 391: 26 33 45 5 8 12 15 31 22 47 34 13 50 43 1 16 10 42 3 27 29 37 36 30 24 49 44 6 4 2 28 40 23 38 46 25 48 14 11 41 21 9 17 18 32 7 19 20 35 39 
student 392: 25 32 45 3 15 10 14 31 24 42 34 16 50 46 1 12 7 40 2 27 29 35 36 30 18 48 47 9 4 5 26 41 22 37 49 28 44 13 8 43 23 11 20 17 33 6 19 21 38 39 
student 393: 27 32 44 5 17 10 13 31 25 45 36 14 47 43 1 19 8 42 2 23 30 33 34 29 24 49 50 7 3 6 28 39 22 41 48 26 46 11 15 40 20 9 16 18 35 4 12 21 37 38 
student 394: 24 32 45 2 13 14 12 31 26 43 34 15 50 44 1 17 9 39 3 28 27 35 36 30 25 49 47 7 4 5 22 37 23 40 48 29 46 11 8 42 20 10 16 18 33 6 19 21 38 41 
student 395: 24 32 43 3 13 12 14 30 26 45 35 15 50 44 4 18 8 41 1 25 31 36 34 29 22 49 46 7 5 6 28 40 20 38 48 27 47 11 10 39 21 9 16 17 33 2 19 23 37 42 
student 396: 26 37 45 1 14 10 13 31 24 44 35 16 50 42 2 15 8 43 3 27 30 33 36 28 25 49 46 4 5 6 29 40 22 34 47 21 48 12 11 41 20 9 17 19 32 7 23 18 39 38 
student 397: 23 35 44 3 15 11 14 28 26 49 33 17 50 43 1 13 8 40 2 27 32 36 39 31 25 48 45 7 4 9 30 41 24 37 47 21 46 12 10 42 22 5 16 18 29 6 19 20 34 38 
student 398: 25 33 44 2 14 13 11 31 24 45 34 15 50 41 4 16 5 42 1 28 30 35 32 29 23 47 46 7 3 8 27 39 22 38 49 26 48 12 10 43 21 9 18 19 36 6 20 17 40 37 
student 399: 28 29 42 4 14 11 12 26 24 49 35 15 50 44 2 16 9 43 3 30 31 34 36 32 23 45 47 1 5 6 25 38 20 41 48 27 46 13 8 40 22 10 17 18 33 7 19 21 37 39 
student 400: 26 34 46 4 13 7 9 31 24 43 33 15 49 41 1 17 11 42 2 28 30 35 37 29 23 50 45 8 3 5 27 44 22 36 48 25 47 14 10 39 20 12 16 19 32 6 18 21 38 40 
student 401: 24 31 44 5 14 10 11 30 26 45 34 15 48 43 1 17 12 38 2 29 28 36 37 32 19 47 50 9 3 7 25 40 23 35 49 27 46 13 8 42 22 6 18 16 33 4 20 21 39 41 
student 402: 25 32 44 4 14 11 12 33 26 47 29 18 50 41 2 17 5 42 3 28 30 35 37 31 23 49 45 8 1 7 27 40 22 38 46 24 48 13 9 43 20 10 16 21 34 6 19 15 36 39 
student 403: 27 32 44 3 17 12 13 30 26 45 33 15 50 43 1 14 8 42 2 25 31 35 36 29 19 49 47 7 10 4 28 41 23 37 48 24 46 5 11 40 21 9 16 20 34 6 18 22 39 38 
student 404: 23 33 45 7 18 11 13 32 24 43 34 16 50 42 1 15 8 41 2 28 31 35 36 30 22 48 46 6 3 5 27 40 25 44 49 26 47 12 10 39 21 9 17 20 29 4 14 19 37 38 
student 405: 24 34 44 6 18 13 10 32 27 46 33 14 49 41 2 15 9 40 1 28 29 36 42 30 25 50 45 5 3 4 26 43 23 35 48 22 47 12 11 38 21 7 16 17 31 8 19 20 37 39 
student 406: 29 34 46 5 13 11 9 32 25 43 35 15 48 42 3 16 10 44 1 28 30 31 37 27 24 50 45 7 2 6 26 40 23 36 49 22 47 12 14 41 21 8 18 17 33 4 19 20 38 39 
student 407: 27 32 43 3 14 11 15 30 26 48 44 16 47 42 1 12 7 40 2 25 31 34 35 28 21 50 45 9 4 5 29 37 23 38 46 24 49 13 10 39 22 8 17 20 33 6 18 19 41 36 
student 408: 26 32 44 3 15 11 13 31 24 46 33 14 50 43 4 17 7 41 1 27 30 35 36 29 25 45 49 8 5 6 28 40 22 38 48 23 47 12 10 42 20 9 16 21 34 2 18 19 37 39 
student 409: 24 32 44 2 15 14 16 31 25 45 35 13 50 43 1 9 8 41 3 28 30 34 37 29 23 49 47 10 5 4 26 42 21 38 46 27 48 12 6 40 22 11 17 18 33 7 20 19 36 39 
student 410: 26 31 43 3 14 11 12 30 23 49 33 18 47 44 1 15 8 40 2 32 28 35 36 29 22 48 50 6 5 7 27 41 20 37 46 25 45 13 9 42 21 10 16 17 34 4 19 24 38 39 
student 411: 24 32 45 3 12 14 13 35 26 44 31 11 49 41 1 21 9 43 4 27 30 39 33 29 23 46 47 7 2 6 28 40 22 36 50 25 48 15 10 42 20 8 17 18 37 5 16 19 34 38 
student 412: 26 33 45 3 9 12 14 31 24 44 34 15 49 43 1 16 8 41 2 29 30 35 36 28 21 48 47 7 4 11 27 40 25 37 46 22 50 13 5 42 17 10 18 19 32 6 20 23 38 39 
student 413: 26 32 50 3 11 16 13 31 23 44 35 15 48 43 2 17 8 42 1 29 30 38 34 28 22 49 45 4 6 7 27 41 21 40 46 24 47 12 5 37 25 10 14 18 33 9 19 20 36 39 
student 414: 25 35 43 3 15 13 14 32 23 47 34 16 45 46 1 12 9 42 2 27 30 33 36 29 21 50 48 7 5 4 28 41 26 38 49 24 44 10 11 40 22 8 17 19 31 6 18 20 37 39 
student 415: 27 26 43 1 13 12 14 34 24 44 35 15 45 42 2 17 8 46 3 29 30 31 33 32 22 49 48 7 5 6 28 41 20 39 47 25 50 11 10 40 21 9 18 16 36 4 19 23 37 38 
student 416: 27 30 46 4 14 12 13 35 24 43 32 15 50 44 2 16 6 42 1 26 29 34 36 28 22 49 45 7 5 8 33 40 18 39 48 25 47 10 11 41 23 9 17 19 31 3 21 20 37 38 
student 417: 26 34 44 2 17 11 13 31 25 45 32 15 49 43 3 14 7 42 4 23 28 36 37 29 21 50 46 9 6 5 30 41 27 39 48 22 47 12 10 40 24 8 16 18 33 1 20 19 35 38 
student 418: 26 32 44 4 13 11 14 30 24 42 34 17 50 48 2 15 9 43 1 29 28 37 38 31 23 47 45 7 3 5 27 36 22 39 46 25 49 12 10 41 21 8 20 16 33 6 18 19 35 40 
student 419: 29 28 44 1 13 10 11 32 22 47 34 15 50 43 2 16 9 42 6 25 31 35 36 30 26 49 46 7 4 5 27 41 23 39 48 24 45 12 8 40 20 14 17 19 33 3 21 18 38 37 
student 420: 23 31 43 4 14 11 12 32 24 45 35 13 49 44 1 16 7 42 2 28 30 34 36 29 21 50 48 6 3 5 27 41 18 38 47 25 46 15 10 40 26 8 20 17 33 9 22 19 37 39 
student 421: 26 33 44 2 13 12 14 29 24 46 35 15 50 43 3 16 10 45 1 30 32 31 36 27 25 49 42 8 5 6 28 41 23 39 48 22 47 11 9 40 20 7 19 18 34 4 17 21 38 37 
student 422: 26 31 48 1 15 9 13 32 24 43 36 14 45 44 2 16 11 40 3 29 25 35 34 30 23 50 46 8 4 7 27 41 22 39 49 28 47 10 12 42 21 5 17 19 33 6 18 20 38 37 
student 423: 25 29 45 1 13 11 12 28 22 44 35 14 48 42 2 16 8 41 3 27 30 34 36 32 26 50 46 5 4 6 31 43 21 40 49 23 47 15 10 38 19 9 17 18 33 7 20 24 39 37 
student 424: 25 26 42 5 14 10 13 34 22 44 32 16 50 45 1 15 9 43 3 29 31 37 35 30 23 49 46 6 4 2 28 41 21 39 48 27 47 12 11 40 24 8 17 20 33 7 18 19 38 36 
student 425: 27 33 44 4 14 6 11 34 24 46 36 15 50 43 1 17 7 41 2 26 30 37 32 28 23 48 47 8 3 9 29 39 22 40 49 25 45 13 12 42 21 10 18 16 31 5 19 20 35 38 
student 426: 24 31 45 3 16 7 13 29 27 41 32 15 49 44 1 18 9 43 2 28 33 35 39 26 20 48 46 8 5 4 25 42 23 38 47 30 50 11 10 37 21 12 17 19 34 6 14 22 36 40 
student 427: 26 32 43 4 13 12 14 31 24 47 33 16 46 44 1 15 9 42 2 28 29 36 34 30 22 50 48 7 6 5 27 40 25 41 45 21 49 11 10 38 20 8 17 19 35 3 18 23 39 37 
student 428: 26 33 43 4 15 9 14 30 24 47 35 16 50 44 2 18 8 42 1 27 31 34 36 29 23 49 45 7 6 5 28 40 22 38 48 25 46 12 11 41 20 10 13 17 32 3 21 19 37 39 
student 429: 28 33 47 3 16 9 14 31 21 48 32 15 50 44 1 13 8 42 2 29 30 34 37 27 24 43 46 6 4 5 25 41 23 36 49 26 45 11 12 40 22 10 18 19 35 7 17 20 38 39 
student 430: 23 32 44 2 17 8 13 31 22 46 34 15 49 40 1 20 12 43 4 28 36 35 33 29 25 50 45 7 5 3 26 39 24 38 48 27 47 11 10 42 19 9 14 16 30 6 21 18 37 41 
student 431: 27 32 43 4 15 10 14 29 23 45 34 12 50 42 1 16 8 40 3 31 30 36 33 26 22 48 46 9 5 6 28 39 24 41 47 25 49 13 7 44 21 11 17 20 35 2 19 18 37 38 
student 432: 27 32 40 2 14 9 13 29 26 47 34 16 50 44 1 15 8 43 3 28 31 36 37 30 20 49 45 6 4 7 23 41 25 38 48 22 46 10 11 42 24 12 21 17 35 5 19 18 33 39 
student 433: 26 33 44 3 14 8 13 31 22 42 32 15 50 43 2 18 7 41 4 28 30 37 36 29 23 46 48 11 5 6 27 40 24 38 45 25 49 10 12 47 21 9 16 19 34 1 20 17 35 39 
student 434: 25 31 45 5 14 11 13 32 24 44 35 15 49 40 2 16 8 43 3 29 30 36 34 27 23 48 46 4 1 6 26 42 22 39 50 28 47 10 12 38 21 7 17 20 33 9 18 19 37 41 
student 435: 26 31 46 2 14 8 12 32 24 44 38 15 49 39 1 17 9 43 3 28 30 41 33 29 25 50 45 7 4 5 27 42 21 36 48 19 47 11 10 40 23 13 20 18 35 6 16 22 37 34 
student 436: 26 31 44 5 13 16 11 30 24 47 34 14 50 43 2 15 7 39 1 29 28 38 35 32 21 49 45 8 3 6 27 41 23 36 48 25 46 12 10 42 18 9 20 19 33 4 17 22 37 40 
student 437: 27 32 43 5 12 15 11 30 25 45 34 14 49 42 3 18 8 44 1 24 29 35 36 28 23 50 46 7 2 6 33 40 21 39 48 26 47 13 10 41 22 9 16 17 31 4 19 20 37 38 
student 438: 25 32 43 1 10 12 13 31 23 47 34 17 50 45 3 15 8 42 4 27 30 35 40 29 21 49 46 6 2 5 28 39 24 37 44 26 48 14 11 41 20 9 18 16 33 7 19 22 36 38 
student 439: 26 32 43 3 15 11 14 30 24 44 34 16 48 47 1 20 9 42 2 25 29 37 35 27 22 49 45 5 6 4 31 40 23 38 50 28 46 13 10 41 19 8 12 17 33 7 18 21 36 39 
student 440: 27 33 44 2 14 8 13 29 26 47 32 16 50 42 5 15 9 43 1 24 31 38 39 30 22 49 45 7 3 4 28 37 21 36 48 23 46 12 11 41 25 10 17 18 34 6 19 20 35 40 
student 441: 26 31 39 3 15 11 14 30 23 45 34 12 47 44 1 16 7 37 2 32 29 36 35 33 24 50 46 8 4 6 27 42 22 40 49 25 48 13 9 43 20 10 17 19 28 5 18 21 38 41 
student 442: 26 29 45 3 15 11 14 33 24 42 34 17 50 44 1 13 6 40 2 27 31 35 36 30 23 47 48 9 4 7 28 41 22 38 49 25 46 12 10 43 21 8 16 18 32 5 19 20 37 39 
student 443: 27 32 44 5 15 11 14 30 22 45 34 13 49 42 1 18 8 43 4 29 31 36 35 28 23 50 47 7 2 3 26 39 24 38 48 25 46 12 9 40 21 10 16 17 33 6 19 20 37 41 
student 444: 25 34 47 1 14 13 12 32 24 45 33 17 50 42 2 15 11 43 4 28 29 37 35 30 21 49 44 7 3 5 27 40 26 38 46 22 48 10 8 41 23 9 16 18 31 6 20 19 36 39 
student 445: 27 32 46 5 15 14 12 31 26 45 35 16 49 43 4 18 9 42 1 28 30 33 36 29 22 50 44 7 2 6 24 40 23 37 48 25 47 10 11 41 21 8 13 17 34 3 20 19 38 39 
student 446: 26 31 45 3 14 13 12 28 24 43 36 15 50 44 1 19 7 42 2 29 32 35 34 30 20 48 47 9 6 4 27 40 22 38 49 25 46 11 10 39 23 8 21 17 33 5 16 18 37 41 
student 447: 28 34 46 3 14 9 12 31 20 42 27 15 49 45 1 16 8 43 2 30 26 35 37 33 25 50 44 7 6 5 29 40 23 38 47 24 48 13 11 41 22 10 19 18 32 4 21 17 36 39 
student 448: 27 31 42 4 15 13 12 32 23 46 33 14 50 45 2 17 8 44 1 26 29 34 36 28 22 48 43 5 6 7 30 41 25 38 49 24 47 10 11 40 20 9 18 16 35 3 19 21 37 39 
student 449: 29 30 41 1 14 12 7 34 23 44 32 16 50 42 2 17 8 43 3 26 31 36 37 28 24 49 46 11 9 6 27 40 21 38 47 25 48 13 10 45 22 5 18 15 33 4 19 20 35 39 
student 450: 25 32 44 6 14 12 13 30 26 45 34 20 50 43 2 15 8 41 5 28 31 35 36 27 24 48 47 7 1 3 29 40 19 38 49 23 46 11 10 42 21 9 16 17 33 4 18 22 37 39 
student 451: 26 33 44 2 14 11 13 30 22 45 34 15 48 42 1 18 9 43 3 27 29 35 36 31 24 50 46 8 4 5 28 40 21 38 49 25 47 12 10 41 23 7 16 20 32 6 19 17 37 39 
student 452: 23 30 44 5 15 12 13 33 27 46 35 14 50 43 2 16 10 42 1 25 31 34 36 29 22 49 48 4 6 3 28 40 21 38 47 24 45 11 9 41 18 8 17 19 32 7 20 26 37 39 
student 453: 23 35 44 2 15 10 17 32 25 45 34 13 50 41 1 18 7 43 4 29 30 28 36 31 24 48 47 6 3 5 27 40 22 38 46 26 49 11 12 42 21 8 14 20 33 9 16 19 37 39 
student 454: 26 32 44 4 13 11 15 30 23 45 36 14 49 43 1 16 9 42 3 29 31 35 34 28 27 48 46 7 2 6 24 40 22 39 50 25 47 12 10 41 20 8 18 17 33 5 19 21 38 37 
student 455: 25 31 44 3 14 11 12 32 24 45 34 18 48 43 2 17 7 41 1 29 30 35 36 28 23 49 46 6 4 8 27 40 21 38 50 26 47 13 10 42 19 9 20 15 33 5 16 22 37 39 
student 456: 24 31 41 6 14 13 12 30 25 45 33 15 50 44 3 16 4 42 1 27 32 36 37 28 23 46 48 8 2 7 26 43 21 39 49 29 47 11 10 40 22 9 17 18 34 5 19 20 35 38 
student 457: 23 32 48 3 15 11 12 31 26 43 33 16 50 42 1 14 10 40 2 27 30 36 35 29 21 47 45 8 5 6 28 41 25 38 46 24 49 13 9 44 19 7 17 18 34 4 20 22 37 39 
student 458: 24 30 45 3 13 8 14 32 26 42 33 15 50 44 7 17 10 43 2 27 29 35 36 28 23 48 46 6 1 5 25 39 19 37 49 31 47 12 11 41 22 9 20 16 34 4 18 21 40 38 
student 459: 25 32 45 1 17 8 11 31 28 46 33 18 50 41 2 15 9 43 3 27 30 37 36 29 16 49 44 7 4 6 26 40 22 35 48 23 47 13 12 39 14 10 19 21 34 5 20 24 38 42 
student 460: 31 34 42 3 14 13 12 30 21 45 36 15 50 43 2 18 11 41 1 26 29 33 35 28 24 48 46 8 4 5 27 44 23 40 49 25 47 10 9 39 20 6 16 17 32 7 19 22 37 38 
student 461: 24 32 45 3 13 9 12 27 25 44 37 16 46 43 1 17 11 41 2 28 30 31 36 29 23 50 47 7 4 6 26 42 22 38 49 33 48 15 8 39 21 10 14 18 34 5 20 19 35 40 
student 462: 26 32 45 1 14 11 12 31 25 47 35 15 50 42 2 18 8 38 3 29 30 36 34 27 23 49 43 7 4 5 28 44 22 39 48 24 46 13 10 40 21 9 16 19 33 6 17 20 37 41 
student 463: 23 33 43 3 14 11 13 32 25 45 28 15 50 44 1 17 8 41 2 31 30 35 37 29 22 49 46 7 4 6 27 40 24 38 47 26 48 12 10 42 21 9 16 18 34 5 19 20 39 36 
student 464: 23 32 44 3 14 9 11 36 25 45 33 15 50 40 1 16 12 43 2 26 30 34 35 28 24 48 46 10 6 5 29 39 22 38 49 27 47 13 8 42 21 7 17 18 31 4 20 19 37 41 
student 465: 26 32 46 4 13 10 16 36 24 47 35 14 50 42 1 17 8 41 2 27 28 31 37 30 23 49 43 5 12 3 29 44 20 33 48 25 45 11 7 39 22 9 15 18 34 6 19 21 38 40 
student 466: 25 33 48 3 15 12 13 32 24 50 34 16 49 43 1 14 7 44 2 27 30 35 36 28 23 45 46 9 5 6 29 42 20 38 47 26 41 11 10 40 22 8 18 17 31 4 19 21 37 39 
student 467: 28 31 44 4 13 12 14 32 26 45 36 15 48 43 1 18 6 42 2 27 33 35 34 29 24 50 46 9 3 7 23 39 22 38 49 25 47 10 11 40 21 8 16 17 30 5 20 19 37 41 
student 468: 26 32 43 1 13 10 14 31 25 47 33 18 50 44 2 16 7 41 6 29 30 34 37 28 23 49 45 9 3 5 27 42 22 36 46 24 48 12 8 40 21 11 15 20 35 4 19 17 39 38 
student 469: 26 30 45 3 13 10 14 32 20 46 36 15 49 42 2 19 6 41 1 29 33 34 35 28 22 50 44 9 4 5 27 40 21 37 48 25 47 12 11 43 23 8 17 16 31 7 18 24 38 39 
student 470: 30 32 44 4 16 13 12 31 24 45 37 15 49 43 1 19 8 42 2 26 28 34 35 29 21 50 48 9 6 7 27 40 23 36 46 25 47 14 11 41 22 10 3 17 33 5 20 18 38 39 
student 471: 26 33 44 6 13 12 15 30 19 46 34 16 50 43 1 18 7 41 2 29 31 35 37 28 22 49 47 5 3 8 27 42 23 36 48 25 45 11 10 40 24 9 17 14 32 4 21 20 38 39 
student 472: 28 32 42 1 17 14 9 34 24 45 37 15 50 44 2 13 7 40 4 29 31 27 35 30 23 48 46 8 5 3 26 39 22 38 47 25 49 12 11 43 21 10 16 18 33 6 19 20 36 41 
student 473: 29 32 42 1 14 13 12 31 28 45 35 15 50 44 2 16 9 38 3 30 24 41 34 22 25 49 47 5 6 4 27 37 23 39 48 26 46 8 10 40 21 11 19 18 33 7 17 20 36 43 
student 474: 27 32 42 4 15 10 13 31 23 46 34 11 50 41 1 16 8 44 2 29 30 36 38 26 22 47 49 7 3 5 28 37 24 39 48 25 45 14 12 43 21 9 17 18 33 6 20 19 35 40 
student 475: 23 31 46 3 14 12 13 30 25 41 35 22 49 43 2 16 8 40 1 29 28 34 36 33 24 47 44 7 5 4 27 42 21 37 50 26 48 11 10 45 18 9 19 17 32 6 20 15 38 39 
student 476: 27 31 41 1 14 11 13 34 23 45 32 16 50 43 2 15 8 44 3 26 30 36 37 29 22 47 46 6 4 5 25 39 20 35 49 28 48 12 10 42 24 9 17 19 33 7 18 21 38 40 
student 477: 30 28 43 1 10 12 14 32 23 44 33 15 50 42 7 18 8 45 4 29 27 36 34 31 25 49 46 6 2 5 26 40 22 38 48 24 47 13 11 41 20 9 16 17 35 3 19 21 37 39 
student 478: 27 32 44 2 13 12 10 31 26 49 35 14 46 40 3 17 8 41 1 29 30 36 38 28 23 50 45 5 6 7 25 42 24 34 48 22 47 16 11 43 20 9 15 18 33 4 21 19 37 39 
student 479: 26 32 46 5 16 11 13 31 24 48 35 14 49 43 1 15 7 41 2 28 29 34 36 30 23 50 44 8 4 6 27 40 22 37 47 25 45 12 9 42 21 10 17 18 33 3 19 20 38 39 
student 480: 25 32 45 7 14 13 12 31 22 43 37 16 50 44 1 15 5 40 4 27 30 33 34 29 26 48 46 3 9 6 28 39 23 35 49 24 47 11 8 42 21 10 17 19 36 2 18 20 38 41 
student 481: 26 32 47 2 15 11 12 31 24 44 35 14 50 42 3 17 9 43 1 27 30 36 37 28 23 46 45 8 4 6 25 40 22 34 48 29 49 13 10 39 21 7 16 19 33 5 20 18 41 38 
student 482: 24 32 43 3 14 13 11 33 25 46 31 16 47 42 1 20 12 44 2 28 30 34 36 29 23 48 49 7 6 5 27 40 22 38 50 26 45 10 9 41 19 8 15 18 35 4 17 21 37 39 
student 483: 26 31 46 4 10 12 14 30 24 44 33 15 50 42 1 16 8 43 2 27 32 36 34 29 21 48 45 7 3 6 28 39 22 37 49 25 47 13 11 40 23 9 18 17 38 5 19 20 35 41 
student 484: 29 25 44 4 13 9 16 32 26 45 35 12 50 42 1 15 8 43 2 30 28 37 36 31 23 49 46 6 3 7 27 40 22 34 48 24 47 14 10 41 20 11 17 18 33 5 19 21 38 39 
student 485: 27 31 47 5 10 14 13 26 25 44 35 15 49 43 1 18 6 40 2 29 30 37 34 32 23 50 45 7 8 4 28 41 17 36 48 24 46 9 12 42 22 11 16 19 33 3 20 21 38 39 
student 486: 25 33 44 2 16 9 14 31 26 45 32 15 49 42 1 13 8 41 3 27 30 35 36 24 22 50 46 10 4 5 29 40 19 37 48 28 47 12 11 43 23 7 17 18 34 6 20 21 39 38 
student 487: 26 32 46 3 12 7 13 29 21 42 34 14 50 45 1 15 8 43 2 30 31 36 35 27 24 44 47 16 5 6 28 39 23 40 48 25 49 11 10 41 20 9 17 19 33 4 22 18 38 37 
student 488: 27 31 42 6 15 4 12 29 24 46 34 16 47 40 1 18 14 44 2 26 33 35 37 30 23 50 45 8 3 7 28 39 22 38 48 25 49 11 9 41 21 10 17 13 32 5 19 20 36 43 
student 489: 26 30 42 3 14 11 12 35 25 45 40 16 50 41 1 18 7 43 4 29 28 38 33 31 22 47 48 10 2 6 27 37 24 39 49 23 46 9 13 44 21 8 15 17 32 5 19 20 34 36 
student 490: 25 33 44 2 13 9 15 30 26 45 34 21 50 40 1 18 8 42 5 29 31 35 38 27 23 49 47 6 3 7 28 36 20 37 48 24 46 11 10 43 17 12 14 19 32 4 16 22 39 41 
student 491: 25 31 37 3 17 11 15 32 23 42 35 16 50 48 1 9 10 43 2 28 30 34 39 29 22 47 49 4 5 6 27 40 13 38 46 24 44 14 12 41 26 8 18 19 33 7 20 21 36 45 
student 492: 24 27 45 6 14 11 13 31 25 48 34 15 46 44 1 17 9 42 2 29 32 35 38 30 19 50 43 7 5 3 28 40 23 36 49 26 47 12 10 41 21 8 22 16 33 4 18 20 37 39 
student 493: 25 31 46 3 14 12 11 32 24 44 34 17 50 42 4 15 7 45 1 28 29 35 37 30 23 49 43 8 2 6 27 41 20 36 47 26 48 13 9 40 19 10 21 16 33 5 18 22 38 39 
student 494: 25 31 43 4 14 11 12 32 22 46 33 15 50 45 2 16 9 42 1 30 29 35 36 28 21 49 48 8 3 7 27 41 23 37 47 24 44 13 10 40 26 6 17 19 34 5 18 20 39 38 
student 495: 26 29 43 7 15 12 13 36 25 45 32 14 50 44 2 16 10 42 3 27 31 37 34 30 22 47 49 9 1 5 28 40 21 35 48 24 46 8 6 41 23 11 17 18 33 4 19 20 38 39 
student 496: 25 34 46 3 14 10 13 30 23 44 39 15 50 42 1 16 11 43 2 27 31 35 33 28 24 48 45 9 4 7 26 41 22 37 49 29 47 6 12 40 20 8 17 18 32 5 19 21 36 38 
student 497: 25 29 45 4 13 11 15 32 22 43 34 16 49 44 3 18 5 40 1 28 31 35 36 30 24 47 48 9 2 6 27 39 23 38 50 26 46 12 7 41 21 10 14 19 33 8 17 20 37 42 
student 498: 26 31 39 4 14 11 12 34 22 42 33 15 49 45 1 16 6 47 2 28 29 35 40 27 21 48 44 5 3 8 30 43 18 37 50 25 46 13 10 41 23 9 17 20 32 7 19 24 36 38 
student 499: 26 32 42 3 17 11 12 31 15 44 36 13 48 46 1 16 8 41 2 29 30 37 34 28 24 50 45 7 6 4 27 40 19 39 49 25 47 14 10 43 23 9 20 18 33 5 21 22 38 35 
