student 0: 45 29 16 34 47 46 31 12 33 32 25 18 15 10 26 9 17 44 37 36 6 22 1 4 41 20 39 35 5 40 19 21 7 23 11 13 42 50 38 2 30 48 14 3 49 28 24 27 8 43 
student 1: 44 28 19 37 48 45 31 11 34 32 26 18 15 7 23 13 17 43 35 33 8 20 2 1 42 24 40 36 4 38 16 22 9 25 12 10 50 49 39 6 30 46 14 3 47 27 21 29 5 41 
student 2: 42 29 17 34 49 44 31 12 35 32 25 19 11 9 28 8 13 43 33 36 10 21 5 3 46 24 41 37 7 38 18 20 4 22 14 15 47 50 39 1 26 45 16 2 48 30 23 27 6 40 
student 3: 44 28 15 36 49 45 32 10 35 33 25 19 14 9 26 8 16 42 34 31 13 20 1 6 46 24 40 38 4 37 17 21 5 23 11 18 47 50 39 7 29 43 12 2 48 30 22 27 3 41 
student 4: 44 30 15 36 50 41 31 11 29 33 27 20 14 9 22 7 18 43 34 35 8 21 1 2 45 25 42 37 6 40 17 19 5 24 12 16 48 49 38 4 28 47 13 3 46 32 23 26 10 39 
student 5: 43 34 17 31 47 44 29 11 35 33 24 21 16 7 25 9 14 42 36 32 10 20 1 4 45 23 39 38 5 37 19 18 6 26 12 13 49 50 41 3 27 46 15 2 48 30 22 28 8 40 
student 6: 40 31 16 36 49 42 30 13 34 25 27 18 20 10 26 7 12 44 35 33 9 21 1 6 46 24 38 37 4 39 17 19 8 23 11 14 45 50 43 2 32 47 15 3 48 28 22 29 5 41 
student 7: 41 29 15 35 49 44 31 12 34 32 23 18 13 8 25 11 16 43 36 33 10 20 1 5 45 24 39 40 2 37 26 19 6 22 9 14 48 50 38 3 30 47 17 4 46 28 21 27 7 42 
student 8: 44 28 19 34 49 43 30 8 33 32 25 16 14 13 26 12 15 40 36 35 7 24 1 4 48 23 38 37 6 41 21 20 10 22 11 9 46 50 39 3 31 45 17 2 47 29 18 27 5 42 
student 9: 43 29 18 35 49 42 33 13 36 34 24 23 14 11 25 9 16 44 32 30 5 20 1 7 45 22 40 38 4 37 15 19 6 26 10 12 48 50 39 3 31 47 17 2 46 27 21 28 8 41 
student 10: 43 28 14 36 44 49 32 15 34 29 26 16 10 7 23 11 19 40 35 33 8 22 1 4 45 21 41 38 5 37 20 18 9 24 12 17 46 50 39 3 31 47 13 2 48 25 30 27 6 42 
student 11: 43 28 17 36 48 44 31 12 34 32 24 18 11 8 25 10 14 45 35 33 9 20 3 7 42 26 40 38 4 37 19 22 6 23 13 15 50 49 39 1 29 46 16 2 47 30 21 27 5 41 
student 12: 42 27 16 37 50 47 31 10 35 32 24 21 12 14 26 9 17 43 34 33 8 19 1 4 46 23 36 40 5 41 18 22 7 28 11 15 45 48 38 2 30 44 13 3 49 25 20 29 6 39 
student 13: 43 27 19 33 47 48 32 12 35 31 24 18 15 7 26 9 13 41 36 34 11 21 1 5 46 23 39 37 3 38 20 16 6 25 10 14 49 50 40 4 30 42 17 2 44 28 22 29 8 45 
student 14: 43 28 18 35 49 44 33 10 34 36 24 19 16 11 27 9 14 41 32 31 7 23 2 4 45 26 40 37 5 38 17 22 6 21 13 12 48 50 39 3 29 46 15 1 47 30 20 25 8 42 
student 15: 47 30 18 36 45 42 32 11 34 31 26 19 13 10 25 8 15 46 35 33 9 21 1 4 44 23 40 37 5 38 16 20 7 24 12 14 49 50 39 3 28 48 17 2 43 29 22 27 6 41 
student 16: 43 30 17 35 48 44 31 12 34 33 25 19 13 10 28 5 14 42 39 32 9 23 2 6 45 26 41 38 7 36 18 21 3 24 11 15 50 49 37 1 22 46 16 4 47 29 20 27 8 40 
student 17: 43 24 14 35 50 45 29 12 34 33 26 18 13 10 28 9 15 42 37 32 7 21 1 4 44 23 40 36 6 38 19 20 8 25 11 16 46 49 39 3 31 47 17 2 48 30 22 27 5 41 
student 18: 44 29 17 38 47 43 33 13 34 31 28 20 15 10 25 9 16 41 32 35 7 22 6 3 48 24 39 36 1 37 18 19 8 21 12 11 46 50 40 4 30 45 14 2 49 27 23 26 5 42 
student 19: 43 29 16 36 49 44 31 10 34 33 24 17 14 9 26 11 19 35 38 32 8 20 1 6 47 22 37 39 4 41 21 18 5 25 12 13 45 50 40 3 30 46 15 2 48 28 23 27 7 42 
student 20: 43 27 22 35 50 44 31 11 36 32 25 17 15 9 26 10 14 42 34 33 7 20 1 5 45 24 40 37 4 38 16 19 6 23 12 13 49 46 39 3 30 47 18 2 48 28 21 29 8 41 
student 21: 40 29 18 35 47 42 31 10 38 32 25 20 14 11 27 7 15 46 34 33 9 19 1 5 45 24 41 37 6 36 17 21 3 22 12 13 48 49 39 4 30 44 16 2 50 28 23 26 8 43 
student 22: 42 28 17 38 49 45 30 11 33 32 21 18 14 8 23 10 16 44 39 34 9 19 2 5 46 22 41 36 4 35 20 26 1 24 12 13 50 48 40 6 31 43 15 3 47 29 25 27 7 37 
student 23: 44 29 20 35 46 45 30 11 34 33 26 19 13 10 25 7 16 43 36 32 9 23 1 4 42 22 40 37 5 38 18 21 6 24 12 14 49 50 39 3 31 47 17 2 48 27 15 28 8 41 
student 24: 43 29 17 33 49 44 31 9 36 34 24 19 14 10 26 11 15 42 35 32 8 22 1 4 46 23 40 37 6 39 18 21 7 28 12 13 48 50 38 3 30 45 16 2 47 27 20 25 5 41 
student 25: 44 28 16 36 50 40 33 10 32 30 23 18 12 8 24 11 19 42 35 34 7 20 1 5 46 25 39 37 3 38 17 21 6 27 13 15 47 49 41 4 29 45 14 2 48 26 22 31 9 43 
student 26: 43 29 18 33 49 44 32 12 36 31 25 22 14 11 26 9 15 42 35 34 4 19 1 5 46 23 39 38 7 37 21 17 6 24 10 13 45 50 41 2 30 47 16 3 48 28 20 27 8 40 
student 27: 41 25 17 35 49 45 29 10 34 30 24 20 14 7 28 9 15 43 36 33 11 22 1 4 44 23 42 37 5 38 18 21 8 27 12 13 47 50 39 3 32 46 16 2 48 31 19 26 6 40 
student 28: 44 28 16 35 49 47 31 12 34 33 26 19 11 10 27 9 17 43 36 32 6 21 1 3 40 24 42 37 5 38 18 20 7 23 13 14 45 50 39 4 30 46 15 2 48 29 22 25 8 41 
student 29: 41 28 13 36 48 43 29 11 35 32 25 21 15 10 26 9 17 42 33 34 6 20 1 4 44 23 39 37 7 38 18 19 5 24 12 14 47 50 40 3 30 45 16 2 49 31 22 27 8 46 
student 30: 43 27 17 36 49 44 30 13 34 32 25 19 14 11 29 10 15 39 35 33 8 20 1 3 46 21 42 37 5 38 18 22 6 24 9 12 47 50 40 2 28 45 16 4 48 31 23 26 7 41 
student 31: 42 31 17 34 47 44 30 10 32 36 24 19 14 6 26 11 15 43 37 33 8 23 1 4 45 21 40 35 7 38 18 22 5 25 13 12 49 50 39 3 29 46 20 2 48 27 16 28 9 41 
student 32: 45 29 17 36 48 43 30 11 35 31 25 19 16 12 26 9 15 41 34 32 8 21 3 4 44 23 40 37 5 39 18 22 6 24 10 14 47 50 38 1 33 46 13 2 49 27 20 28 7 42 
student 33: 43 24 18 36 49 45 32 13 35 33 26 19 17 11 28 9 14 41 34 29 7 22 1 4 47 27 39 37 6 40 15 20 5 23 10 12 48 50 38 2 31 46 16 3 44 25 21 30 8 42 
student 34: 42 26 14 36 48 47 35 11 31 32 25 21 15 8 27 9 17 44 33 34 5 18 1 4 43 22 39 37 3 38 20 19 6 23 16 12 49 50 41 7 30 45 13 2 46 28 24 29 10 40 
student 35: 42 30 18 36 49 46 31 12 35 33 25 22 15 10 26 9 14 41 34 32 7 21 1 2 47 23 43 37 3 38 20 16 4 24 13 11 48 50 39 8 29 44 17 5 45 27 19 28 6 40 
student 36: 43 24 16 35 46 47 27 11 37 30 34 17 14 10 23 9 15 42 32 33 8 22 1 4 48 25 40 36 5 39 20 18 6 26 12 13 49 50 38 2 29 44 19 3 45 28 21 31 7 41 
student 37: 46 29 17 36 48 43 30 8 34 33 26 18 14 13 25 10 15 42 32 35 6 19 1 5 44 23 39 40 9 37 20 22 3 24 11 12 45 50 38 2 31 49 16 4 47 28 21 27 7 41 
student 38: 49 30 18 35 48 44 33 11 34 36 25 19 12 10 23 8 15 42 32 31 5 22 1 4 45 20 38 37 3 39 17 21 7 26 13 14 46 50 40 2 29 43 16 6 47 28 24 27 9 41 
student 39: 44 31 18 37 49 47 27 13 34 30 25 20 10 11 26 9 15 41 35 33 7 17 1 4 45 24 40 36 5 38 19 21 6 22 12 14 43 50 39 3 32 48 16 2 46 28 23 29 8 42 
student 40: 46 28 16 35 49 42 31 10 36 32 26 19 13 12 24 7 15 43 33 34 9 20 1 6 44 23 39 37 3 38 18 22 2 27 11 14 48 50 40 5 30 45 17 4 47 25 21 29 8 41 
student 41: 47 29 18 36 48 43 31 13 33 34 28 22 14 10 25 9 17 42 35 32 8 20 2 5 44 26 40 37 1 38 16 19 7 23 12 11 49 50 39 4 30 46 15 3 45 24 21 27 6 41 
student 42: 45 29 19 35 46 44 30 10 33 37 25 18 15 9 27 12 13 39 34 32 8 21 2 4 43 23 41 36 7 40 17 20 1 24 11 14 47 50 38 5 31 48 16 3 49 28 22 26 6 42 
student 43: 42 27 15 33 50 44 31 11 35 32 26 18 10 9 24 12 16 43 37 34 6 21 2 3 45 20 40 36 5 38 19 23 4 25 13 14 49 46 39 8 29 47 17 1 48 30 22 28 7 41 
student 44: 44 30 18 34 50 43 31 11 35 33 21 16 13 10 26 8 14 42 38 27 9 25 4 6 45 23 40 39 5 36 19 20 3 24 12 17 47 49 37 2 32 46 15 1 48 28 22 29 7 41 
student 45: 40 29 24 32 50 48 31 4 35 36 22 20 17 14 23 12 13 43 34 33 5 19 1 2 44 25 39 37 7 41 18 16 9 26 10 11 46 47 38 6 30 49 15 3 45 28 21 27 8 42 
student 46: 42 30 17 37 48 49 28 11 35 31 22 21 14 9 27 8 15 43 34 32 7 20 3 4 44 25 41 39 5 36 19 18 6 24 13 12 46 50 38 1 33 45 16 2 47 26 23 29 10 40 
student 47: 40 30 15 32 50 45 34 11 33 29 25 18 14 9 26 8 17 44 35 36 7 21 1 5 47 22 38 37 6 39 19 20 4 24 12 13 49 48 41 3 31 43 16 2 46 28 23 27 10 42 
student 48: 43 27 17 39 50 44 29 10 32 33 23 18 15 11 26 9 16 42 35 34 8 22 2 4 47 24 38 36 6 37 21 19 5 25 12 13 49 48 40 1 28 46 14 3 45 31 20 30 7 41 
student 49: 45 29 11 37 48 44 33 13 34 31 22 15 18 10 26 9 19 36 32 35 6 21 1 4 42 24 39 38 7 43 17 20 5 25 16 12 49 50 40 3 30 47 14 2 46 28 23 27 8 41 
student 50: 42 26 15 37 50 44 31 14 36 30 23 19 17 12 25 9 8 43 34 32 7 22 1 5 45 21 40 35 11 38 18 20 3 24 10 13 48 49 39 4 28 46 16 2 47 33 29 27 6 41 
student 51: 44 32 17 36 49 43 33 10 35 30 25 20 15 11 29 9 16 41 31 34 8 22 2 4 46 24 40 38 5 39 14 19 6 26 12 13 48 50 37 1 28 45 18 3 47 27 21 23 7 42 
student 52: 44 29 16 36 47 45 31 12 34 32 26 19 13 8 25 7 17 42 35 33 10 21 1 4 43 23 37 38 6 39 14 20 5 22 15 9 49 48 40 3 30 46 18 2 50 28 24 27 11 41 
student 53: 41 26 16 34 49 44 30 11 32 36 27 19 14 7 28 10 15 46 35 33 9 22 1 4 43 23 38 37 2 39 18 21 6 24 12 13 47 48 40 5 25 45 17 3 50 29 20 31 8 42 
student 54: 42 29 16 33 49 44 32 12 35 31 25 18 15 8 24 10 14 40 36 34 6 21 1 9 43 26 41 37 4 38 17 20 5 22 11 19 46 50 39 3 30 48 13 2 47 28 23 27 7 45 
student 55: 42 29 17 36 49 44 32 15 35 31 28 19 16 7 25 11 13 43 34 33 9 21 1 5 46 23 41 37 2 39 18 20 6 24 12 10 47 50 38 3 30 45 14 4 48 27 22 26 8 40 
student 56: 44 25 16 38 50 46 31 10 34 32 27 20 14 9 26 13 15 42 36 33 8 21 2 4 43 24 40 39 5 35 17 19 6 23 11 12 48 49 37 1 30 45 18 3 47 28 22 29 7 41 
student 57: 39 30 17 37 49 42 32 14 34 31 25 16 15 10 26 9 13 46 35 33 8 18 1 4 45 21 41 40 7 36 22 20 6 24 11 12 48 50 38 3 29 44 19 2 47 28 23 27 5 43 
student 58: 44 29 24 38 48 43 31 10 33 32 21 17 14 8 27 11 13 41 35 36 9 20 2 5 46 26 40 34 7 37 18 19 4 28 12 15 50 49 39 1 25 45 16 3 47 23 22 30 6 42 
student 59: 41 30 17 37 49 44 29 12 35 28 25 21 14 11 26 8 15 43 31 34 9 20 1 3 46 24 42 38 5 36 18 19 6 23 10 13 48 50 40 2 33 45 16 4 47 27 22 32 7 39 
student 60: 44 30 22 36 49 46 33 11 28 34 25 17 16 12 26 9 14 41 32 35 8 20 1 3 43 23 42 38 5 39 15 18 6 24 13 10 48 50 37 2 31 45 19 4 47 27 21 29 7 40 
student 61: 42 30 17 35 50 44 29 10 33 32 23 21 13 9 25 7 16 43 34 36 11 19 2 5 46 22 41 39 8 40 18 24 3 26 14 12 47 49 37 4 31 45 15 1 48 28 20 27 6 38 
student 62: 45 29 19 36 50 48 30 11 34 32 24 15 14 10 25 9 16 42 35 33 8 18 1 4 44 26 40 38 5 37 20 22 6 23 12 13 49 47 39 3 31 46 17 2 43 28 21 27 7 41 
student 63: 41 31 16 35 49 43 32 10 34 27 25 19 14 9 26 7 15 44 36 33 11 21 1 6 47 23 40 37 4 38 18 20 5 17 12 13 48 50 39 3 30 45 24 2 46 28 22 29 8 42 
student 64: 44 29 17 37 49 45 31 15 33 32 25 18 13 12 23 8 14 43 34 35 9 28 1 4 42 22 39 36 6 38 19 20 5 24 10 11 48 50 40 2 30 47 16 3 46 27 21 26 7 41 
student 65: 42 29 14 36 49 43 31 12 34 32 25 21 16 11 27 8 15 37 35 33 10 20 2 4 44 22 40 38 6 39 18 19 7 24 13 9 50 48 41 3 30 47 17 1 46 26 23 28 5 45 
student 66: 44 30 14 35 48 42 31 9 36 32 27 19 17 12 28 10 16 41 34 33 7 23 3 2 45 24 40 39 5 38 15 20 6 22 13 11 50 49 43 4 29 46 18 1 47 25 21 26 8 37 
student 67: 42 26 15 31 49 46 32 10 35 33 25 17 16 8 28 11 12 44 37 34 7 20 2 4 39 21 43 38 5 40 19 18 6 23 14 13 48 50 36 3 30 45 22 1 47 29 24 27 9 41 
student 68: 43 29 14 35 50 44 31 10 33 34 23 20 15 8 24 12 16 39 36 32 7 21 3 4 46 26 41 37 5 40 18 19 6 25 11 13 48 49 38 2 30 45 17 1 47 28 22 27 9 42 
student 69: 42 31 17 38 49 46 32 13 34 28 25 20 12 11 27 9 16 41 37 33 5 19 1 3 47 23 39 35 4 36 18 21 6 24 7 15 48 45 43 8 30 44 14 2 50 29 22 26 10 40 
student 70: 43 28 16 35 50 46 31 11 38 32 24 21 15 10 26 9 14 42 34 33 6 19 1 5 48 25 40 37 4 36 17 20 8 22 12 13 47 44 39 2 29 45 18 3 49 27 23 30 7 41 
student 71: 43 30 17 35 48 45 27 11 36 32 28 19 13 5 24 10 15 42 34 33 8 21 1 3 47 26 40 38 7 37 18 20 4 22 12 14 50 49 39 6 31 44 16 2 46 29 23 25 9 41 
student 72: 39 29 17 37 50 43 31 8 34 28 25 19 13 10 27 11 16 44 35 33 9 18 1 5 45 22 42 36 4 38 20 21 6 23 12 15 48 49 40 3 32 46 14 2 47 26 24 30 7 41 
student 73: 44 29 17 35 50 45 31 9 33 32 27 18 16 8 25 11 15 42 38 36 10 20 1 6 43 23 41 37 2 34 21 19 5 24 12 13 49 48 39 3 30 46 14 4 47 28 22 26 7 40 
student 74: 35 29 16 38 50 44 32 11 34 31 25 19 14 8 26 10 15 40 36 33 9 22 1 4 45 24 42 37 6 39 18 21 5 23 12 13 49 46 41 3 30 48 17 2 47 27 20 28 7 43 
student 75: 43 32 17 34 48 45 28 14 29 36 23 18 12 8 26 9 13 42 31 35 10 21 3 6 44 22 40 37 2 39 19 20 4 24 11 15 49 50 38 1 33 46 16 5 47 30 25 27 7 41 
student 76: 46 28 21 33 49 43 31 9 35 32 25 17 13 11 26 7 16 42 36 34 10 20 2 5 44 23 40 37 1 39 19 18 6 24 12 14 48 50 38 4 29 45 15 3 47 30 22 27 8 41 
student 77: 42 29 16 34 50 48 32 8 33 31 21 19 14 9 26 11 15 44 37 35 7 17 5 1 45 24 38 39 3 40 20 22 4 25 12 13 46 49 36 6 30 43 18 2 47 27 23 28 10 41 
student 78: 44 32 18 41 50 47 31 11 34 36 24 19 16 10 25 9 14 42 33 30 7 22 1 3 48 23 39 37 5 38 15 20 6 27 12 13 46 49 35 4 29 43 17 2 45 28 21 26 8 40 
student 79: 41 29 18 36 48 46 31 10 34 32 25 20 16 11 27 9 14 45 35 33 8 19 1 5 43 22 40 37 3 39 17 21 6 23 13 12 47 50 38 4 26 44 15 2 49 30 24 28 7 42 
student 80: 38 28 18 36 48 43 29 11 34 33 26 20 13 10 23 9 14 42 35 32 5 21 1 4 45 25 40 44 6 37 17 19 7 24 12 16 49 50 39 3 30 46 15 2 47 27 22 31 8 41 
student 81: 44 29 16 40 49 45 30 11 32 33 26 19 15 9 23 8 18 39 37 36 10 20 1 3 43 24 38 34 7 35 17 21 6 25 12 14 48 50 42 4 31 46 13 5 47 28 22 27 2 41 
student 82: 42 29 17 35 48 43 31 13 33 32 24 21 10 11 28 8 16 44 36 34 7 20 2 5 46 22 40 38 1 37 18 19 6 25 12 14 47 50 39 4 30 45 15 3 49 27 23 26 9 41 
student 83: 43 28 13 36 49 44 34 11 35 32 24 19 16 7 29 9 18 41 37 30 5 22 1 4 46 23 39 38 6 33 15 21 10 25 14 12 48 47 40 3 31 45 17 2 50 27 20 26 8 42 
student 84: 41 27 17 36 49 44 32 11 31 33 24 21 14 6 26 3 13 43 35 34 12 18 1 5 45 22 39 37 9 40 19 23 7 25 10 16 48 50 38 2 29 46 15 4 47 30 20 28 8 42 
student 85: 42 29 16 35 48 45 34 11 30 36 28 19 15 9 25 10 14 40 33 27 6 20 2 3 44 24 41 38 5 39 18 21 7 23 12 13 49 50 37 4 32 46 17 1 47 31 22 26 8 43 
student 86: 43 29 17 37 49 48 30 11 38 32 26 19 14 10 27 8 16 42 36 35 9 21 2 5 45 23 41 39 4 31 18 20 7 25 12 13 47 50 34 3 33 44 15 1 46 24 22 28 6 40 
student 87: 42 26 15 36 48 44 32 10 34 31 22 19 13 8 25 9 17 39 35 33 11 23 2 5 45 27 38 37 4 40 18 20 6 24 12 14 47 50 43 3 29 46 16 1 49 30 21 28 7 41 
student 88: 44 29 16 36 47 46 32 14 34 31 24 17 12 11 26 9 15 42 35 33 8 21 2 4 43 22 41 38 5 37 19 20 6 25 13 10 48 50 40 3 30 45 18 1 49 28 23 27 7 39 
student 89: 46 29 18 35 49 44 31 11 34 33 27 20 13 12 25 10 15 42 37 32 9 22 1 4 47 21 40 38 5 36 19 24 6 23 8 14 45 50 39 3 30 43 17 2 48 28 16 26 7 41 
student 90: 43 30 15 37 50 44 31 11 35 32 25 17 21 10 27 9 14 42 34 33 8 22 1 3 45 23 38 36 5 39 18 19 7 20 12 13 46 49 40 4 26 48 16 2 47 29 24 28 6 41 
student 91: 43 29 15 36 49 44 31 10 34 30 25 16 12 13 26 11 17 41 35 33 6 20 3 2 45 24 39 38 4 37 18 21 7 23 14 9 46 50 40 5 32 47 19 1 48 28 22 27 8 42 
student 92: 43 30 18 34 47 44 29 11 35 31 26 16 15 10 28 9 14 39 36 32 8 22 2 3 45 23 41 37 6 38 19 20 5 27 12 13 50 49 40 4 33 48 17 1 46 25 21 24 7 42 
student 93: 44 28 19 35 49 46 32 9 36 33 25 14 16 12 26 7 17 42 34 31 8 15 1 4 43 22 38 37 5 40 20 21 6 27 11 18 48 50 41 3 29 45 13 2 47 24 23 30 10 39 
student 94: 43 30 16 36 49 42 31 9 33 32 24 19 15 10 25 8 12 50 35 34 11 21 1 4 45 23 40 37 5 38 18 20 6 27 13 14 44 48 39 3 29 46 17 2 47 28 22 26 7 41 
student 95: 44 30 13 37 49 42 32 10 35 34 28 20 15 12 25 9 18 41 26 33 8 21 1 4 45 24 39 36 5 38 16 17 6 23 11 14 47 50 40 3 31 46 19 2 48 27 22 29 7 43 
student 96: 45 29 16 36 49 41 31 12 35 34 23 22 14 9 28 10 15 39 32 33 8 21 2 1 43 24 44 37 7 40 17 18 5 25 13 11 48 50 38 4 30 47 19 3 46 27 20 26 6 42 
student 97: 43 30 16 36 49 46 31 10 33 32 24 19 14 13 27 9 15 42 35 34 6 21 1 4 44 23 40 38 8 37 17 18 5 25 12 11 48 50 39 2 29 45 20 3 47 26 22 28 7 41 
student 98: 45 28 15 36 49 44 31 10 33 32 23 18 13 9 26 11 14 42 35 34 7 20 2 5 47 24 39 37 4 38 19 21 6 25 12 16 46 50 40 1 29 48 17 3 43 30 22 27 8 41 
student 99: 42 29 17 34 48 43 31 11 35 33 25 18 19 9 28 10 13 41 36 32 8 23 1 6 45 21 40 37 7 38 20 14 4 24 15 12 46 50 39 3 30 49 16 2 47 26 22 27 5 44 
student 100: 44 28 20 36 47 43 32 15 30 33 23 19 13 8 26 6 17 41 35 39 11 21 1 5 45 24 37 40 4 34 16 18 9 25 12 10 48 50 42 2 31 49 14 3 46 27 22 29 7 38 
student 101: 42 29 18 38 50 44 30 11 34 32 24 20 14 10 26 9 16 40 36 33 8 21 1 6 46 25 43 35 3 37 17 19 7 23 12 13 48 49 41 2 31 45 15 4 47 28 22 27 5 39 
student 102: 48 26 17 33 47 43 31 10 35 34 28 20 13 7 25 9 15 46 37 32 8 22 2 3 42 24 41 36 5 40 18 19 11 23 12 14 49 50 38 4 30 44 16 1 45 27 21 29 6 39 
student 103: 43 25 16 35 47 44 32 11 36 33 23 20 14 10 27 8 18 42 34 31 7 21 1 4 45 17 40 38 5 37 19 22 6 26 12 15 49 50 39 3 29 46 13 2 48 30 24 28 9 41 
student 104: 46 25 17 36 50 44 29 10 33 32 21 18 15 11 28 9 16 43 38 34 6 19 1 4 40 24 41 35 5 37 22 23 7 27 13 14 47 48 39 3 30 45 12 2 49 31 20 26 8 42 
student 105: 44 25 14 37 48 43 36 9 32 31 27 21 13 11 23 8 17 42 35 33 10 19 2 4 45 26 39 40 6 34 18 22 7 24 12 15 49 50 38 1 30 46 16 3 47 29 20 28 5 41 
student 106: 42 23 18 36 50 45 31 10 34 32 27 19 14 13 28 8 16 40 35 33 6 21 2 4 43 24 44 38 5 39 17 20 7 26 9 12 47 48 41 1 30 49 15 3 46 25 22 29 11 37 
student 107: 44 29 16 35 49 41 34 13 33 32 25 19 15 10 26 9 17 42 38 31 8 21 1 5 46 23 40 36 3 39 18 20 7 24 12 14 48 50 37 2 30 45 11 4 47 27 22 28 6 43 
student 108: 42 33 16 37 50 44 30 9 41 31 25 20 15 12 26 7 14 40 34 32 10 22 1 3 45 23 39 35 5 36 18 19 6 24 11 13 49 48 38 4 29 46 17 2 47 28 21 27 8 43 
student 109: 42 28 20 36 48 44 33 10 32 34 25 16 14 5 27 11 15 40 35 31 9 19 1 4 45 22 38 37 7 39 18 23 6 24 13 12 49 50 41 2 30 46 17 3 47 26 21 29 8 43 
student 110: 44 29 16 38 49 43 31 11 35 32 24 23 17 10 27 13 12 42 33 36 9 19 1 3 45 26 40 34 7 37 18 20 5 22 14 8 47 50 39 4 30 48 15 2 46 28 21 25 6 41 
student 111: 42 29 16 33 48 44 31 11 36 30 25 17 15 9 26 10 14 40 32 35 5 20 1 2 45 23 39 38 7 37 19 21 6 24 12 13 47 49 43 3 27 50 18 4 46 34 22 28 8 41 
student 112: 43 29 20 32 47 50 30 10 35 33 26 18 16 12 25 8 14 42 36 34 7 21 3 6 44 23 41 38 5 37 15 19 1 24 11 13 45 49 39 4 31 46 17 2 48 28 22 27 9 40 
student 113: 45 31 17 38 46 42 30 12 34 32 25 21 9 7 28 11 15 40 35 33 8 20 2 10 44 22 43 37 3 39 18 19 6 23 13 14 50 48 36 5 29 47 16 1 49 27 24 26 4 41 
student 114: 41 30 17 39 48 42 31 12 32 34 25 18 14 8 28 9 16 44 35 33 6 22 1 4 45 23 40 37 5 36 19 15 7 24 11 13 50 49 38 3 29 47 20 2 46 27 21 26 10 43 
student 115: 42 31 14 35 49 44 30 10 34 32 25 21 13 6 26 12 15 43 36 33 9 22 1 5 45 23 39 38 3 40 18 19 7 24 16 11 46 48 41 2 28 47 17 4 50 29 20 27 8 37 
student 116: 40 31 17 37 47 44 28 10 35 33 25 12 16 11 26 9 14 43 36 30 8 19 2 1 46 23 39 34 4 38 18 21 6 24 13 15 50 49 41 5 32 45 22 3 48 29 20 27 7 42 
student 117: 42 32 17 36 50 44 29 14 31 33 24 20 9 12 27 7 16 41 35 34 8 21 4 3 45 23 40 37 5 38 18 25 6 19 10 13 46 49 39 1 30 48 15 2 47 28 22 26 11 43 
student 118: 43 29 20 38 46 48 30 11 35 31 25 16 13 10 27 9 17 44 34 32 7 21 1 4 42 23 39 36 6 37 18 19 8 22 12 14 45 50 40 3 33 47 15 2 49 26 24 28 5 41 
student 119: 42 28 15 35 50 45 31 11 33 29 24 22 13 9 26 10 16 41 36 34 7 20 4 5 46 23 40 37 3 39 18 19 8 25 12 14 47 49 38 2 32 48 17 1 43 27 21 30 6 44 
student 120: 42 27 15 36 47 44 32 11 34 30 23 17 13 7 28 10 14 39 35 33 9 19 1 3 45 20 41 38 5 37 26 18 8 24 12 16 49 50 40 4 31 46 21 2 48 25 22 29 6 43 
student 121: 42 30 22 37 50 41 31 11 35 33 26 17 14 7 27 12 13 43 34 32 10 21 2 3 45 20 40 36 5 39 19 18 6 23 9 16 49 48 38 1 28 47 15 4 46 25 24 29 8 44 
student 122: 46 27 17 36 49 43 33 12 35 31 26 22 13 9 21 10 15 40 34 32 8 20 3 2 44 25 42 37 4 38 18 19 7 24 14 11 50 47 41 1 29 45 16 5 48 28 23 30 6 39 
student 123: 42 30 18 34 48 44 32 11 36 31 25 17 14 12 26 9 15 40 37 33 6 21 1 4 45 23 38 35 5 41 19 20 7 24 10 13 47 50 39 2 27 49 16 3 46 29 22 28 8 43 
student 124: 44 28 19 35 49 45 33 11 34 30 23 17 15 14 26 10 16 38 36 32 5 22 1 4 43 24 41 40 7 39 12 20 8 25 9 13 48 50 37 3 29 46 18 2 47 31 21 27 6 42 
student 125: 43 29 16 35 48 44 32 11 33 34 25 19 14 10 24 9 15 41 31 36 8 22 4 7 47 20 40 37 3 38 18 21 5 23 12 13 49 50 39 2 28 46 17 1 45 30 26 27 6 42 
student 126: 43 29 17 37 49 45 31 13 32 34 25 18 12 10 26 9 15 42 33 35 6 21 3 2 47 23 38 40 5 36 22 19 7 24 11 14 50 48 41 4 30 44 16 1 46 28 20 27 8 39 
student 127: 40 28 17 36 50 45 32 11 31 33 25 19 13 8 26 10 15 43 34 35 9 20 1 4 47 24 39 37 5 38 18 23 7 22 12 14 48 49 41 3 30 44 16 2 46 29 21 27 6 42 
student 128: 43 29 18 36 49 46 30 7 33 31 27 13 17 8 25 10 12 42 34 35 11 21 3 5 44 23 41 38 6 37 22 19 9 26 15 14 48 50 39 2 32 45 16 1 47 28 20 24 4 40 
student 129: 44 30 19 35 45 46 33 11 31 27 24 18 14 7 29 8 10 42 36 34 12 21 1 6 43 23 40 37 5 38 17 20 4 25 13 15 47 49 39 3 32 48 16 2 50 28 22 26 9 41 
student 130: 45 29 15 36 48 43 33 12 35 32 23 20 14 9 27 11 16 42 34 31 8 18 1 7 44 24 40 37 4 39 19 22 5 25 10 13 49 50 41 3 30 46 17 2 47 28 21 26 6 38 
student 131: 44 29 20 31 50 40 33 10 36 34 26 18 11 7 28 9 15 42 32 37 12 22 1 3 43 24 39 38 6 35 17 19 5 23 13 14 47 49 41 4 30 48 16 2 46 27 21 25 8 45 
student 132: 42 28 18 34 50 45 35 9 36 31 25 22 15 10 26 6 17 44 33 32 12 20 2 1 43 24 39 37 5 38 16 19 7 23 11 13 47 49 41 4 30 46 14 3 48 27 21 29 8 40 
student 133: 46 29 16 39 47 42 31 11 34 32 22 18 15 10 21 9 14 41 35 33 8 23 4 3 50 25 38 43 2 36 20 19 6 26 12 13 45 48 40 5 30 44 17 1 49 28 24 27 7 37 
student 134: 43 29 16 36 47 46 31 9 34 32 25 18 14 12 26 8 21 41 35 33 7 22 1 2 45 20 42 37 5 38 17 19 6 24 10 13 48 49 39 4 30 50 15 3 44 28 23 27 11 40 
student 135: 41 29 17 35 49 44 31 12 34 33 24 19 13 11 26 9 14 43 32 36 8 22 1 4 48 25 40 39 5 37 18 20 6 23 10 15 47 50 38 3 30 45 16 2 46 28 21 27 7 42 
student 136: 41 29 19 36 49 43 32 13 34 31 27 17 14 11 24 8 18 47 35 33 7 23 3 5 44 22 40 37 6 39 16 21 4 25 12 10 45 50 42 2 30 46 15 1 48 26 20 28 9 38 
student 137: 41 30 17 37 48 44 26 11 35 31 25 20 15 10 29 9 14 39 34 32 8 21 1 3 46 22 43 40 5 36 19 18 7 24 12 13 50 49 38 2 33 47 16 4 45 28 23 27 6 42 
student 138: 42 29 19 38 48 44 30 14 31 34 25 21 13 10 26 8 16 41 33 35 9 18 1 4 45 20 43 36 5 37 17 22 7 23 11 12 49 50 39 3 32 46 15 2 47 28 24 27 6 40 
student 139: 41 31 18 37 48 44 32 13 35 30 25 20 14 9 28 6 16 45 36 34 10 21 1 4 47 24 40 33 7 38 12 19 5 23 15 11 50 49 39 3 29 46 17 2 42 26 22 27 8 43 
student 140: 45 29 16 39 49 41 31 10 34 32 25 18 14 11 28 7 19 42 36 35 8 20 1 9 44 21 40 37 4 30 17 22 6 24 12 13 47 50 38 3 33 46 15 2 48 27 23 26 5 43 
student 141: 43 28 17 38 50 44 31 11 34 33 25 18 13 10 27 8 15 42 36 32 7 20 2 4 48 22 41 37 5 35 23 19 6 24 12 14 49 47 40 3 26 45 16 1 46 30 21 29 9 39 
student 142: 41 29 16 35 47 45 31 10 34 32 25 19 15 9 26 7 14 44 37 33 11 22 1 4 46 23 42 38 5 36 18 20 6 24 12 13 49 50 39 3 30 43 17 2 48 27 21 28 8 40 
student 143: 43 29 16 36 49 45 28 10 34 32 25 18 14 11 30 9 15 40 35 33 8 21 3 4 46 23 39 37 5 38 19 20 6 24 12 13 48 50 41 2 31 44 17 1 47 27 22 26 7 42 
student 144: 43 32 18 36 48 44 30 11 35 31 26 21 12 10 25 9 13 42 34 33 8 19 1 3 45 23 41 38 4 37 20 17 7 24 16 15 47 49 40 6 29 46 14 2 50 27 22 28 5 39 
student 145: 45 27 21 37 50 43 30 7 34 33 24 18 14 8 25 10 15 42 36 31 6 22 2 9 49 23 35 39 5 38 17 19 4 26 13 12 47 46 40 3 32 44 16 1 48 29 20 28 11 41 
student 146: 42 32 19 35 48 44 31 12 33 28 23 20 14 9 26 11 16 43 38 30 8 17 1 5 45 25 40 34 4 37 18 21 6 24 10 13 49 50 39 3 36 47 15 2 46 29 22 27 7 41 
student 147: 42 28 15 36 50 47 31 10 35 32 25 21 12 11 27 7 14 43 34 33 9 20 1 4 44 24 38 37 5 40 18 19 6 23 13 16 45 46 39 3 30 48 17 2 49 29 22 26 8 41 
student 148: 44 28 22 36 46 45 33 12 32 31 26 16 17 10 24 9 15 42 35 34 7 23 3 2 43 25 39 38 5 37 19 14 8 27 11 13 48 49 40 4 30 47 18 1 50 29 21 20 6 41 
student 149: 44 29 17 37 49 45 31 16 34 33 24 15 9 11 27 10 18 39 32 35 7 22 2 4 43 23 40 36 5 41 13 20 6 25 14 12 47 50 38 3 30 48 19 1 46 28 21 26 8 42 
student 150: 42 30 17 37 48 41 31 11 34 32 24 20 14 10 25 9 16 45 33 38 6 22 1 4 43 19 40 35 5 36 18 21 7 23 12 13 49 50 39 3 29 47 15 2 46 27 28 26 8 44 
student 151: 43 28 18 34 49 44 26 11 36 31 29 19 14 8 21 12 16 42 35 33 7 25 2 4 47 24 40 38 6 37 15 22 5 20 10 13 45 50 39 3 32 46 17 1 48 27 23 30 9 41 
student 152: 42 27 18 36 47 44 32 12 37 31 28 17 13 9 25 10 11 43 33 34 7 22 1 4 49 24 39 41 5 35 19 20 8 23 14 15 48 50 38 2 30 45 16 3 46 29 21 26 6 40 
student 153: 43 27 16 33 50 45 28 13 35 32 22 20 15 11 30 9 14 42 36 34 6 23 1 7 47 21 40 37 4 38 19 18 5 26 12 10 48 49 39 3 31 44 17 2 46 29 24 25 8 41 
student 154: 42 30 19 36 50 46 28 11 34 33 24 22 13 9 27 10 15 39 35 32 6 21 1 4 48 26 43 37 2 38 17 18 5 23 14 12 47 49 41 7 31 44 16 3 45 29 20 25 8 40 
student 155: 44 28 15 36 49 42 32 10 37 31 27 19 14 9 26 11 16 43 34 33 7 22 1 5 45 24 40 35 4 38 18 20 6 23 12 13 48 50 39 2 30 46 17 3 47 29 21 25 8 41 
student 156: 45 29 15 37 49 42 30 12 34 33 24 18 8 11 27 10 14 46 35 31 6 21 1 7 47 23 40 36 4 38 17 22 5 25 16 13 48 50 39 3 32 43 20 2 44 28 19 26 9 41 
student 157: 43 30 12 36 48 47 28 10 33 34 24 19 13 11 27 9 15 42 35 32 8 20 1 5 46 23 39 37 4 38 17 21 6 25 14 18 50 49 40 3 31 45 16 2 44 26 22 29 7 41 
student 158: 43 29 13 36 50 42 31 12 34 33 26 20 15 10 24 9 18 44 39 32 4 19 2 3 46 25 40 37 6 38 17 21 8 22 11 14 47 48 35 5 30 45 16 1 49 28 23 27 7 41 
student 159: 43 26 19 37 49 44 30 12 33 32 25 17 13 10 28 9 15 42 39 35 7 22 1 4 46 21 40 36 5 38 18 20 8 29 11 14 48 50 34 3 31 45 16 2 47 27 23 24 6 41 
student 160: 44 31 12 36 48 43 29 8 35 32 22 23 14 11 26 10 17 42 28 30 7 21 1 5 45 20 39 37 9 40 16 18 2 27 15 13 50 49 38 3 33 46 19 4 47 34 24 25 6 41 
student 161: 45 27 18 32 49 33 29 12 35 38 24 16 13 11 26 9 10 42 36 34 7 21 3 2 44 22 41 39 5 40 15 20 6 25 17 19 47 50 37 4 30 48 14 1 46 31 23 28 8 43 
student 162: 43 28 18 39 50 45 37 13 35 31 22 19 12 9 26 11 14 40 32 34 8 20 3 5 46 25 41 36 1 33 15 21 6 23 16 10 48 49 38 2 30 42 17 4 47 29 24 27 7 44 
student 163: 40 26 17 38 49 43 32 9 35 31 25 18 14 12 27 10 16 48 34 33 8 24 1 3 44 20 41 36 4 37 21 19 5 22 11 13 47 50 42 6 29 45 15 2 46 30 23 28 7 39 
student 164: 41 30 18 34 46 44 31 10 36 32 27 19 14 11 24 9 15 42 35 33 8 22 2 3 45 25 40 38 5 37 16 20 6 23 13 12 49 50 39 4 28 48 17 1 47 29 21 26 7 43 
student 165: 40 30 17 37 50 42 29 9 33 32 25 19 13 11 26 14 16 46 35 34 8 20 3 6 43 24 41 39 4 36 18 21 5 22 12 10 47 49 38 7 31 48 15 1 44 27 23 28 2 45 
student 166: 40 35 18 34 49 45 27 11 33 31 23 17 16 10 28 9 15 41 32 38 8 19 2 4 44 22 42 36 6 39 21 25 5 24 13 12 48 50 37 3 30 46 14 1 47 29 20 26 7 43 
student 167: 44 29 17 37 49 43 33 12 35 30 25 21 16 11 27 9 14 42 36 32 8 20 3 1 45 22 38 34 4 39 19 18 6 23 13 10 48 50 41 7 28 46 15 2 47 31 26 24 5 40 
student 168: 43 28 15 33 50 44 32 11 35 31 23 20 16 10 24 6 12 41 34 38 9 21 3 5 45 25 39 36 2 37 19 18 7 26 13 14 48 49 40 1 30 46 17 4 47 29 22 27 8 42 
student 169: 42 26 20 36 49 44 32 11 34 33 19 23 13 9 29 7 14 40 35 30 10 21 1 4 45 22 39 37 5 38 16 18 6 28 12 15 46 50 43 2 31 48 17 3 47 25 24 27 8 41 
student 170: 44 29 17 36 47 41 31 13 34 32 26 18 16 10 25 8 14 39 35 33 6 21 1 5 46 22 40 37 4 42 20 19 7 24 12 11 49 48 38 3 30 43 15 2 50 27 23 28 9 45 
student 171: 45 32 19 37 49 47 29 11 33 31 27 18 14 10 25 8 17 41 36 34 7 20 1 3 38 24 42 35 5 39 16 21 6 23 12 13 48 50 40 2 30 43 15 4 46 28 22 26 9 44 
student 172: 44 30 17 41 48 43 29 11 34 32 26 18 15 10 25 7 14 42 36 35 6 20 4 3 45 23 39 33 5 37 19 21 8 24 12 13 49 50 38 1 31 46 16 2 47 28 22 27 9 40 
student 173: 45 28 21 35 49 42 32 11 34 33 25 17 19 9 27 10 13 43 37 31 7 18 1 2 44 24 40 38 5 39 16 22 6 23 12 14 46 50 36 4 30 48 15 3 47 29 20 26 8 41 
student 174: 44 30 18 34 50 45 31 11 35 32 27 23 14 7 28 6 15 43 36 33 9 20 5 1 41 21 42 39 4 37 17 19 8 22 12 13 48 49 38 3 29 46 16 2 47 26 24 25 10 40 
student 175: 43 28 18 37 47 45 31 13 35 32 27 14 16 10 24 9 17 41 34 30 8 20 2 4 46 19 39 36 5 42 12 22 6 26 11 15 49 50 38 3 29 44 23 1 48 25 21 33 7 40 
student 176: 45 30 17 35 48 46 31 11 34 32 25 18 12 9 27 10 15 43 37 33 6 21 1 4 41 22 40 36 7 38 19 20 5 24 13 14 49 50 39 3 29 47 16 2 44 26 23 28 8 42 
student 177: 42 28 17 35 47 43 29 9 33 31 24 20 14 13 25 10 15 44 36 34 8 19 1 4 45 26 39 37 7 38 18 22 6 21 12 11 48 50 40 2 30 49 16 3 46 32 23 27 5 41 
student 178: 44 31 16 35 49 43 32 11 36 29 24 18 14 10 27 9 15 40 34 33 6 23 2 1 45 21 38 37 7 39 22 19 8 25 12 13 48 50 42 3 30 46 17 4 47 28 20 26 5 41 
student 179: 42 30 17 35 50 45 31 11 37 32 29 18 14 9 25 10 15 43 34 33 4 21 3 2 44 22 39 36 7 38 16 20 6 24 12 13 49 48 40 5 28 46 19 1 47 26 23 27 8 41 
student 180: 43 28 15 31 49 44 30 10 37 32 24 20 14 9 23 11 21 42 34 33 8 18 1 6 48 26 40 35 4 38 17 19 5 27 12 13 47 50 39 3 36 46 16 2 45 25 22 29 7 41 
student 181: 42 29 19 35 49 44 32 9 33 34 25 15 14 11 26 10 16 41 36 31 8 20 2 4 46 23 38 39 5 37 18 21 6 24 13 12 47 50 40 3 30 45 17 1 48 28 22 27 7 43 
student 182: 42 29 18 36 47 49 28 12 32 34 22 21 14 13 24 8 16 41 35 33 7 20 2 3 43 25 40 37 5 38 15 19 6 27 10 11 48 50 39 4 31 45 17 1 46 30 23 26 9 44 
student 183: 45 27 20 38 47 43 31 14 37 30 24 16 13 9 25 7 12 42 34 35 2 21 1 6 44 22 41 32 8 39 19 17 5 23 11 15 50 49 36 4 29 46 18 3 48 33 26 28 10 40 
student 184: 43 30 18 34 48 44 32 9 36 33 26 21 10 12 24 11 16 42 35 29 8 19 1 4 47 23 41 38 6 40 15 20 2 25 13 14 46 50 37 5 31 45 17 3 49 28 22 27 7 39 
student 185: 42 27 20 35 50 45 31 9 36 32 29 17 16 8 24 12 13 43 33 34 7 21 2 4 44 23 41 37 5 38 18 26 6 22 11 14 48 49 39 3 28 46 15 1 47 30 19 25 10 40 
student 186: 38 30 17 42 49 44 34 11 35 32 27 19 12 9 25 8 16 41 36 33 7 20 1 6 45 22 39 28 3 37 18 21 5 24 10 15 46 48 43 4 31 50 14 2 47 29 23 26 13 40 
student 187: 45 30 17 36 47 42 29 12 35 32 25 18 19 7 26 11 15 44 37 33 9 21 1 3 43 23 40 34 5 38 16 20 6 24 10 13 49 50 39 4 31 46 14 2 48 28 22 27 8 41 
student 188: 38 28 17 34 48 43 30 12 32 35 24 20 14 9 27 8 15 44 36 31 10 19 1 3 47 21 42 39 5 40 16 22 6 25 13 11 50 49 41 4 29 46 18 2 45 33 23 26 7 37 
student 189: 44 29 17 37 48 42 32 10 33 31 24 19 15 9 28 8 14 43 36 34 7 21 1 6 45 23 41 35 4 38 18 20 5 26 11 13 49 50 39 3 30 46 16 2 47 25 22 27 12 40 
student 190: 39 30 18 31 49 44 32 9 34 33 25 14 16 11 26 10 13 43 38 35 7 21 2 3 45 24 37 36 5 40 19 20 6 23 17 12 47 50 41 4 29 46 15 1 48 28 22 27 8 42 
student 191: 48 29 20 39 49 43 30 13 34 33 25 16 12 9 26 6 15 40 35 32 10 18 2 5 44 21 41 36 7 37 24 19 4 23 14 11 45 50 38 3 27 47 17 1 46 31 22 28 8 42 
student 192: 42 29 14 34 50 45 30 13 33 32 27 20 15 10 26 9 16 41 37 35 6 17 1 4 47 21 38 39 5 36 18 22 7 24 12 11 46 49 40 3 31 48 19 2 44 28 23 25 8 43 
student 193: 44 29 17 37 49 43 33 12 30 32 27 19 13 11 25 10 15 42 35 34 8 21 1 5 45 23 40 36 3 38 18 20 6 24 14 9 47 50 39 2 31 48 16 4 46 28 22 26 7 41 
student 194: 42 28 18 37 45 46 30 10 34 32 25 20 14 12 27 7 17 40 35 33 11 21 1 4 44 23 39 36 5 38 19 13 6 24 16 8 50 49 41 3 31 47 15 2 48 29 22 26 9 43 
student 195: 43 27 18 35 50 41 30 11 33 32 24 17 15 14 26 9 13 42 34 31 8 22 2 4 46 23 40 37 6 38 20 21 5 28 12 10 48 49 44 3 29 47 16 1 45 36 19 25 7 39 
student 196: 43 31 16 34 47 48 30 12 33 37 24 20 15 8 27 9 18 42 35 32 11 22 1 3 44 23 41 36 4 40 17 19 7 25 10 13 49 50 38 5 29 45 14 2 46 28 21 26 6 39 
student 197: 43 29 19 36 48 45 30 13 33 31 25 18 14 10 26 8 15 42 35 34 7 21 1 3 46 23 41 37 5 38 17 20 6 24 12 11 44 50 39 2 27 47 16 4 49 32 22 28 9 40 
student 198: 44 29 16 36 50 43 28 11 34 31 25 23 14 10 26 8 15 42 37 33 9 19 1 4 45 22 40 35 5 38 18 21 6 24 13 12 48 49 39 3 32 46 17 2 47 30 20 27 7 41 
student 199: 46 30 19 35 47 43 32 11 34 31 28 18 15 8 24 13 12 40 38 33 9 22 2 4 42 23 45 37 5 36 16 21 7 20 10 14 49 50 39 3 29 44 17 1 48 27 26 25 6 41 
student 200: 44 30 16 35 49 43 31 12 34 33 21 20 14 10 27 8 15 42 38 32 6 22 1 4 47 26 41 37 5 36 19 18 9 24 13 11 48 50 40 2 28 45 17 3 46 29 23 25 7 39 
student 201: 41 28 18 36 49 43 31 11 34 32 24 20 16 9 26 10 12 37 35 33 8 22 1 3 46 23 40 45 5 38 17 21 6 25 13 14 48 50 39 4 30 44 15 2 47 27 19 29 7 42 
student 202: 44 31 17 36 47 41 30 10 34 32 23 22 15 11 25 9 16 43 37 35 8 19 1 5 46 26 39 33 4 38 18 21 6 24 14 13 50 49 40 2 29 48 12 3 45 28 20 27 7 42 
student 203: 43 30 16 35 49 44 29 9 34 31 28 18 15 10 24 11 14 42 37 32 8 21 1 4 45 26 40 38 5 36 20 19 7 23 12 13 48 50 39 3 33 46 17 2 47 27 22 25 6 41 
student 204: 43 29 20 37 48 46 30 7 34 32 24 18 14 11 28 10 16 42 35 33 8 25 3 5 45 22 41 38 9 40 17 19 4 23 12 13 49 50 39 2 31 44 15 1 47 27 21 26 6 36 
student 205: 43 30 16 37 49 44 33 10 29 36 25 19 15 11 27 9 14 41 34 35 8 21 1 6 45 22 46 32 4 38 18 20 7 24 13 12 48 50 39 3 28 42 17 2 47 31 23 26 5 40 
student 206: 39 28 16 36 49 44 32 14 34 31 29 20 13 10 25 9 15 43 35 33 7 22 1 3 46 24 41 37 8 38 17 19 2 23 12 11 48 50 40 6 30 47 18 4 45 27 21 26 5 42 
student 207: 44 30 15 36 49 41 35 9 33 31 26 17 14 8 27 11 16 43 34 32 10 21 1 7 45 22 39 37 2 38 20 18 4 24 12 13 48 50 40 6 29 46 19 3 47 23 25 28 5 42 
student 208: 43 30 19 38 50 44 31 9 33 32 27 17 14 11 25 8 15 42 35 34 5 23 2 3 45 21 40 37 6 36 20 18 10 24 13 12 46 49 39 4 29 48 16 1 47 28 22 26 7 41 
student 209: 41 32 18 38 48 46 29 10 35 30 25 20 14 11 28 7 13 43 33 36 9 21 1 2 45 24 40 34 3 37 17 19 6 23 15 12 50 49 39 5 27 47 16 4 44 26 22 31 8 42 
student 210: 45 21 18 34 49 44 28 11 33 32 27 23 16 10 29 9 15 41 36 37 8 25 2 1 43 22 40 35 4 39 19 17 6 26 13 12 50 48 38 5 31 47 14 3 46 30 20 24 7 42 
student 211: 46 30 19 37 50 45 29 9 34 32 23 25 14 8 24 7 15 40 38 33 11 22 5 3 42 21 39 41 4 36 16 20 6 26 10 12 48 49 35 1 31 47 17 2 44 28 18 27 13 43 
student 212: 42 29 15 35 50 46 32 13 31 34 24 19 14 7 28 10 16 43 36 33 8 23 1 6 44 22 37 38 9 40 17 20 3 25 11 12 49 48 39 4 30 47 18 2 45 26 21 27 5 41 
student 213: 43 30 16 35 49 44 32 14 37 31 23 19 15 10 26 8 13 42 39 33 9 21 2 5 46 25 41 34 4 38 18 20 6 24 11 12 50 48 36 3 29 45 17 1 47 28 22 27 7 40 
student 214: 44 30 16 35 46 43 29 10 36 34 28 19 14 12 26 8 18 41 33 31 7 21 1 3 45 23 42 37 6 40 17 20 4 25 11 13 48 50 38 5 32 49 15 2 47 24 22 27 9 39 
student 215: 44 29 18 35 49 42 32 11 36 30 25 20 14 10 27 8 15 43 34 33 9 21 1 3 45 23 40 37 5 39 19 17 6 24 12 13 48 50 38 2 31 47 16 4 46 28 22 26 7 41 
student 216: 45 29 17 35 50 46 32 10 36 33 25 20 15 7 28 9 14 42 34 30 8 21 1 4 43 22 39 37 5 38 18 19 6 24 11 13 48 49 40 3 31 44 16 2 47 27 23 26 12 41 
student 217: 44 31 17 36 50 43 33 14 32 24 22 23 12 10 28 6 15 40 35 34 9 21 2 3 45 27 41 37 5 38 19 18 4 25 11 13 48 49 39 1 26 46 16 7 47 30 20 29 8 42 
student 218: 41 27 16 36 49 44 31 8 33 32 25 19 12 13 26 9 15 42 34 35 11 21 1 5 45 23 40 37 4 39 17 20 6 24 10 18 47 50 38 3 30 46 14 2 48 29 22 28 7 43 
student 219: 46 31 16 41 49 45 29 13 34 30 26 19 12 7 25 10 14 43 35 32 6 24 1 3 42 23 39 36 5 38 17 20 8 22 11 15 44 50 37 2 33 48 18 4 47 28 21 27 9 40 
student 220: 47 30 17 36 48 42 33 11 34 31 25 20 14 9 27 10 15 43 35 32 8 19 1 5 44 22 40 37 4 39 18 23 7 24 12 13 49 50 38 2 29 46 16 3 45 28 21 26 6 41 
student 221: 43 31 18 36 50 44 29 14 38 33 24 19 12 10 25 9 15 42 35 34 5 21 1 3 45 23 40 32 4 37 17 20 6 27 13 11 49 47 39 7 30 46 16 2 48 26 22 28 8 41 
student 222: 42 30 16 35 49 46 26 10 33 32 24 20 11 12 28 9 15 44 37 36 8 21 1 4 43 23 40 34 5 38 18 22 6 25 14 13 47 50 39 2 31 48 17 3 45 29 19 27 7 41 
student 223: 45 29 17 39 50 42 32 9 37 36 25 20 13 10 23 11 15 46 34 33 7 16 1 4 44 26 41 30 6 38 18 21 5 24 12 14 47 49 40 3 31 43 19 2 48 28 22 27 8 35 
student 224: 43 30 17 36 49 44 31 11 32 33 25 20 16 12 26 9 10 42 35 34 8 21 1 5 46 24 39 38 4 37 18 19 7 23 13 14 47 50 40 6 29 48 15 2 45 28 22 27 3 41 
student 225: 44 26 17 35 48 45 32 11 34 31 25 20 12 10 29 9 16 42 37 33 8 19 2 3 46 23 40 36 4 38 18 21 7 24 13 14 50 49 39 5 30 43 15 1 47 28 22 27 6 41 
student 226: 45 28 16 35 49 43 31 11 34 36 18 21 14 10 27 9 15 41 38 32 8 23 3 4 47 26 39 33 5 40 19 20 6 24 13 12 46 48 42 2 30 44 17 1 50 25 22 29 7 37 
student 227: 42 28 15 33 49 44 31 13 35 32 30 18 14 5 22 9 16 41 36 34 8 21 1 6 46 24 40 39 4 37 20 19 7 25 12 11 47 50 38 2 29 45 17 3 48 26 23 27 10 43 
student 228: 45 23 17 39 47 44 33 9 29 30 27 19 14 11 28 8 15 42 35 34 7 21 2 6 41 25 40 36 5 37 18 20 3 26 13 12 49 50 38 4 32 46 16 1 48 31 24 22 10 43 
student 229: 43 29 20 36 50 44 30 9 40 32 22 21 14 11 28 8 19 41 33 34 6 18 2 3 46 24 42 35 7 38 17 16 13 27 12 10 49 47 37 4 31 45 15 1 48 25 23 26 5 39 
student 230: 43 29 16 37 48 44 31 9 34 33 26 19 17 10 23 11 13 41 36 32 5 21 4 3 45 24 42 35 6 39 18 20 7 25 14 12 50 47 38 2 30 46 15 1 49 28 22 27 8 40 
student 231: 45 31 24 35 49 44 30 11 32 33 26 25 16 13 27 6 20 42 36 34 10 19 1 4 46 18 39 37 7 38 17 15 5 21 9 14 48 50 41 2 29 40 12 3 47 28 23 22 8 43 
student 232: 41 29 14 35 50 43 31 12 33 34 25 19 13 9 26 11 21 44 37 32 8 22 1 4 45 20 40 36 6 39 18 16 7 23 10 17 48 49 42 3 30 47 15 2 46 27 24 28 5 38 
student 233: 41 28 19 38 50 48 33 9 34 29 24 18 15 10 26 5 14 43 36 32 8 20 1 3 47 23 40 37 6 39 17 22 7 25 12 13 49 46 35 4 31 45 16 2 44 27 21 30 11 42 
student 234: 45 29 14 36 48 41 32 9 34 33 24 19 15 11 25 10 16 40 35 31 7 21 1 3 47 26 39 37 4 42 18 20 8 23 12 13 49 50 38 2 30 43 17 5 46 28 22 27 6 44 
student 235: 44 31 18 38 50 41 30 12 35 32 29 19 14 10 26 8 15 43 36 33 7 21 2 4 46 25 40 34 3 37 17 20 5 24 11 13 48 49 39 1 28 47 16 6 45 27 23 22 9 42 
student 236: 41 29 18 33 50 43 32 14 35 34 25 17 11 10 26 8 15 44 36 31 9 24 1 2 47 22 39 38 6 37 19 21 5 23 13 12 49 46 42 4 28 45 16 3 48 30 20 27 7 40 
student 237: 44 34 14 38 49 41 25 12 35 30 26 19 11 9 27 8 18 43 33 32 10 21 1 2 45 23 39 42 4 36 17 20 7 24 13 15 47 50 37 5 31 46 16 3 48 28 22 29 6 40 
student 238: 42 27 17 34 50 44 32 8 35 31 26 19 14 12 24 11 15 41 36 33 9 22 1 4 45 25 40 38 5 37 18 20 6 23 13 10 47 49 39 2 29 48 16 3 46 28 21 30 7 43 
student 239: 42 28 16 36 48 43 31 11 34 32 24 19 14 10 27 9 17 44 35 33 7 21 3 2 47 22 40 37 6 38 18 20 4 23 12 13 50 46 39 5 30 45 15 1 49 29 25 26 8 41 
student 240: 44 30 17 34 45 48 29 11 32 35 27 20 15 8 25 9 16 42 36 33 10 21 1 4 43 22 39 38 5 40 18 19 7 24 13 12 47 50 37 3 31 49 14 2 46 28 23 26 6 41 
student 241: 44 29 18 35 47 43 31 11 34 32 23 20 17 8 27 10 12 42 36 33 7 19 1 4 46 26 38 37 5 40 16 21 9 24 13 14 45 50 39 3 30 48 15 2 49 28 22 25 6 41 
student 242: 44 26 18 35 47 45 32 13 31 33 25 20 11 10 27 8 17 40 36 34 9 19 2 4 42 22 41 37 6 43 16 21 5 24 12 14 49 50 38 3 30 46 15 1 48 29 23 28 7 39 
student 243: 45 28 17 36 44 46 31 12 35 32 25 15 13 8 26 10 19 41 34 33 11 21 1 6 42 22 39 38 5 40 20 23 7 24 9 14 50 49 37 3 30 47 16 2 48 29 18 27 4 43 
student 244: 38 26 17 35 50 46 30 11 39 32 25 19 12 4 23 8 18 44 34 31 10 21 1 5 48 22 41 36 6 37 16 20 7 24 14 15 47 49 40 2 33 43 13 3 45 27 28 29 9 42 
student 245: 42 28 16 36 50 43 29 13 34 33 25 17 14 5 24 9 15 44 35 32 8 22 4 2 45 20 41 39 3 38 21 19 6 27 11 12 48 49 37 7 31 46 18 1 47 30 23 26 10 40 
student 246: 37 29 16 38 49 44 31 10 33 36 24 21 15 13 25 9 11 43 32 39 6 18 1 3 46 26 40 34 4 35 20 19 7 23 14 12 48 50 41 5 30 45 17 2 47 28 22 27 8 42 
student 247: 44 33 13 31 47 43 30 15 35 32 26 19 14 8 28 10 17 41 36 34 9 22 2 5 45 24 40 37 6 38 18 21 7 25 11 12 49 50 39 1 29 46 16 3 48 23 20 27 4 42 
student 248: 43 28 15 39 48 45 31 14 34 32 25 19 21 12 27 8 16 41 36 33 13 18 1 3 46 23 40 35 5 37 17 20 7 24 9 10 44 50 38 2 30 47 11 4 49 29 22 26 6 42 
student 249: 45 28 18 33 50 43 29 11 35 31 27 17 15 10 25 9 12 40 36 34 8 21 1 6 44 23 41 39 7 37 19 20 3 26 13 14 47 49 38 4 32 46 16 2 48 30 22 24 5 42 
student 250: 44 29 18 35 49 43 30 11 33 32 26 19 12 10 25 6 14 42 34 36 9 21 1 7 45 23 37 40 4 38 16 20 8 24 15 13 48 50 39 3 31 47 17 2 46 28 22 27 5 41 
student 251: 43 26 19 34 49 44 31 12 36 32 24 18 13 10 25 7 14 41 37 33 8 23 1 4 46 22 42 35 6 39 17 21 3 20 11 15 50 48 38 5 30 45 16 2 47 29 27 28 9 40 
student 252: 43 30 17 36 48 42 31 9 37 32 26 18 12 11 24 7 15 44 34 33 10 21 1 3 47 23 39 38 5 40 19 20 8 25 13 16 49 50 35 2 29 45 14 4 46 28 22 27 6 41 
student 253: 47 26 18 35 45 44 33 8 31 32 25 22 11 13 23 12 15 42 36 34 9 19 2 3 43 27 41 38 5 37 17 20 6 24 10 14 49 50 40 4 29 48 16 1 46 30 21 28 7 39 
student 254: 42 29 16 36 49 44 30 11 33 31 26 20 13 8 27 10 15 41 35 32 7 25 2 4 45 19 40 37 5 38 18 21 6 24 12 14 48 50 47 3 28 43 17 1 46 34 23 22 9 39 
student 255: 37 27 18 36 45 43 28 11 34 32 22 20 13 12 25 8 14 42 35 33 6 21 2 5 47 24 44 38 7 39 19 17 10 26 15 9 49 50 40 3 29 46 16 1 48 31 23 30 4 41 
student 256: 44 27 20 34 49 45 35 12 32 30 25 19 14 9 26 5 16 43 37 33 10 13 3 7 42 24 41 39 4 36 18 22 6 21 15 11 48 50 38 1 28 47 17 2 46 31 23 29 8 40 
student 257: 43 28 21 34 47 40 30 11 35 32 24 19 15 10 27 9 13 44 36 33 7 20 1 4 45 23 39 38 5 37 17 18 8 25 12 14 49 50 41 3 29 48 16 2 46 26 22 31 6 42 
student 258: 46 29 19 35 49 43 32 11 28 33 24 18 14 7 26 6 15 41 36 34 8 20 2 4 47 22 42 39 5 40 17 21 9 23 12 13 44 50 37 3 31 45 16 1 48 30 25 27 10 38 
student 259: 44 29 19 35 50 43 28 12 33 32 24 17 15 9 26 10 11 42 34 31 8 21 4 6 45 18 41 37 5 40 16 22 7 23 13 14 48 49 39 2 38 46 20 1 47 27 25 30 3 36 
student 260: 41 22 12 38 49 45 34 10 35 30 26 18 15 11 28 6 16 44 36 32 4 20 1 3 43 24 39 33 7 40 17 19 8 25 13 14 50 48 37 5 31 46 21 2 47 29 23 27 9 42 
student 261: 49 29 16 35 50 39 31 11 34 32 24 19 12 10 26 7 18 43 37 33 8 17 1 3 44 21 41 36 5 40 22 20 6 25 13 14 47 48 38 4 30 45 15 2 46 27 23 28 9 42 
student 262: 42 29 18 31 49 45 32 14 37 33 30 17 11 10 25 9 15 40 35 34 7 22 1 5 47 23 41 36 3 38 19 21 8 24 12 13 44 50 39 4 26 48 16 2 46 28 20 27 6 43 
student 263: 42 29 18 36 49 44 31 11 33 32 26 20 14 6 25 10 17 41 34 35 9 19 1 4 45 23 38 37 5 40 16 22 7 24 13 12 46 50 43 2 30 47 15 3 48 28 21 27 8 39 
student 264: 44 28 18 35 49 45 32 9 34 31 24 21 15 12 26 11 10 42 36 33 8 19 1 5 47 23 39 38 4 40 16 20 7 22 13 14 46 50 37 2 29 43 17 3 48 30 25 27 6 41 
student 265: 43 31 17 36 48 44 28 11 34 32 24 22 12 10 25 9 14 39 33 35 5 19 1 6 45 21 42 37 3 40 16 23 4 26 13 15 49 50 38 8 30 46 18 2 47 29 20 27 7 41 
student 266: 42 30 14 34 48 43 35 13 33 31 21 18 15 11 26 9 16 44 36 32 8 22 3 1 45 23 39 37 2 38 17 20 6 24 10 12 46 49 40 5 27 50 19 4 47 29 25 28 7 41 
student 267: 42 30 16 38 48 44 31 13 33 34 24 18 15 10 26 9 17 40 37 32 8 22 1 4 45 25 39 35 6 36 19 20 7 23 11 14 47 50 41 3 28 46 12 2 49 29 21 27 5 43 
student 268: 43 29 18 38 49 44 32 10 34 31 25 16 14 8 26 11 15 42 36 33 9 22 1 4 48 23 39 40 5 37 19 20 7 24 12 13 47 50 35 6 30 45 17 3 46 28 21 27 2 41 
student 269: 44 23 16 35 49 43 32 11 33 34 25 21 14 4 28 10 15 41 36 30 9 20 1 5 45 24 40 39 7 37 18 19 6 26 12 13 48 50 38 3 29 46 17 2 47 31 27 22 8 42 
student 270: 42 26 18 36 48 44 31 11 33 35 30 21 13 8 25 10 17 41 34 32 7 22 1 2 45 23 40 37 5 39 14 20 6 19 15 12 49 50 38 3 28 46 16 4 47 29 24 27 9 43 
student 271: 50 23 19 37 48 42 31 12 33 30 26 16 10 13 29 9 14 43 36 35 6 21 1 3 44 24 40 32 5 38 20 22 8 17 11 15 47 49 39 2 34 46 18 4 45 28 25 27 7 41 
student 272: 41 30 17 36 49 44 31 13 34 32 23 19 14 10 25 9 15 42 35 33 8 21 1 4 45 22 40 38 3 39 20 18 6 26 11 12 50 48 43 5 28 46 16 2 47 29 24 27 7 37 
student 273: 42 30 18 34 50 45 36 11 33 32 25 17 13 10 26 9 16 41 35 29 7 21 1 4 46 23 38 37 5 43 19 20 6 24 12 14 47 48 39 3 31 44 15 2 49 28 22 27 8 40 
student 274: 43 30 17 36 50 44 31 13 35 34 23 20 9 12 26 8 15 41 33 32 10 19 3 4 46 25 38 37 5 39 18 21 6 24 14 11 47 48 40 2 28 45 16 1 49 27 22 29 7 42 
student 275: 46 31 19 34 45 44 32 10 26 35 23 17 12 8 24 6 13 41 36 33 11 22 1 7 43 25 39 37 4 38 16 21 5 27 18 14 49 50 40 3 30 47 15 2 48 28 20 29 9 42 
student 276: 41 26 15 36 50 44 31 11 35 32 25 21 18 10 30 9 14 42 34 33 6 20 1 8 45 23 43 37 3 38 17 19 4 24 12 13 47 49 40 7 29 48 16 2 46 27 22 28 5 39 
student 277: 42 28 17 36 44 45 31 8 38 32 25 21 15 14 26 9 11 41 34 33 7 19 3 2 43 20 40 39 5 35 23 18 6 22 12 13 50 49 37 4 30 47 16 1 48 27 24 29 10 46 
student 278: 42 31 17 35 49 44 32 11 34 29 27 18 15 12 23 7 14 40 36 33 9 21 1 6 45 26 41 37 3 38 20 19 4 24 10 13 48 50 39 5 25 46 16 2 47 28 22 30 8 43 
student 279: 41 29 15 35 49 44 31 11 33 34 25 17 13 10 26 9 16 39 36 32 8 21 2 4 45 22 40 37 7 38 20 18 5 23 12 14 46 50 42 3 30 47 19 1 48 28 24 27 6 43 
student 280: 44 29 13 36 50 45 30 10 35 32 27 17 14 8 25 11 15 42 34 33 6 23 2 4 46 22 38 40 5 37 20 19 7 24 16 12 48 49 39 3 31 47 18 1 43 26 21 28 9 41 
student 281: 43 29 17 37 49 42 31 11 36 32 27 19 14 10 26 8 15 41 34 33 9 20 1 2 45 25 44 38 5 39 16 22 6 23 12 13 48 50 40 4 30 46 18 3 47 24 21 28 7 35 
student 282: 43 29 16 36 50 41 30 11 33 32 24 20 19 10 25 9 13 40 37 34 7 21 1 4 44 23 35 38 5 42 17 18 8 26 12 14 48 49 46 3 31 45 15 2 47 28 22 27 6 39 
student 283: 43 30 19 36 50 42 31 12 34 32 26 20 14 10 28 9 16 40 35 33 8 21 3 6 44 22 39 38 4 41 17 24 7 23 11 13 46 49 37 2 27 47 15 1 48 29 18 25 5 45 
student 284: 43 28 17 35 49 45 36 12 37 32 23 18 14 10 26 6 15 44 33 31 8 21 1 3 34 22 42 39 4 38 19 20 9 25 11 13 48 50 41 5 29 46 16 2 47 30 24 27 7 40 
student 285: 43 29 18 34 50 44 30 13 33 32 24 19 15 11 26 9 12 42 36 35 8 21 1 6 45 25 39 37 4 41 17 20 7 23 10 14 49 48 38 2 31 47 16 3 46 27 22 28 5 40 
student 286: 44 30 17 35 49 43 31 10 34 32 24 19 16 11 25 8 14 41 38 33 7 21 1 3 45 23 39 40 5 37 18 20 6 22 12 13 48 50 36 4 29 47 15 2 46 26 27 28 9 42 
student 287: 42 28 15 36 49 47 29 10 32 35 26 21 12 11 25 9 14 41 33 34 8 22 1 4 44 19 43 38 5 37 18 20 6 24 13 16 48 50 40 2 30 46 17 3 45 27 23 31 7 39 
student 288: 44 28 18 32 48 43 31 11 34 33 24 19 14 10 26 9 17 41 36 37 8 21 1 4 45 22 38 35 6 39 13 20 7 23 12 15 47 49 42 3 30 50 16 2 46 29 25 27 5 40 
student 289: 43 30 16 37 49 44 31 12 36 33 23 21 13 9 26 2 15 42 35 34 11 20 1 6 48 25 40 32 3 39 18 19 7 24 10 14 46 50 38 4 27 45 17 5 47 29 22 28 8 41 
student 290: 44 31 16 41 49 45 33 9 32 28 25 20 15 12 26 10 17 39 36 34 8 22 2 3 43 23 40 35 4 38 18 21 5 24 11 13 47 50 37 6 30 48 14 1 46 29 19 27 7 42 
student 291: 42 28 17 36 50 44 31 10 37 32 27 19 13 11 25 8 14 43 34 33 7 23 2 3 45 20 39 35 5 38 18 22 6 24 12 15 47 49 40 4 30 46 16 1 48 29 21 26 9 41 
student 292: 45 32 17 34 49 44 30 10 37 31 25 20 14 11 28 9 15 42 33 36 8 22 1 3 43 24 40 38 5 35 18 19 7 23 12 13 48 50 39 2 29 46 16 4 47 27 21 26 6 41 
student 293: 43 33 17 35 50 44 29 15 34 32 25 21 13 11 26 10 16 42 36 30 8 19 1 2 45 23 41 38 4 37 18 22 7 24 9 12 48 49 39 3 31 46 14 5 47 27 20 28 6 40 
student 294: 43 28 21 36 49 45 33 13 34 31 25 18 14 12 26 8 15 41 35 32 6 20 2 3 46 24 39 37 7 38 17 19 5 23 10 11 48 50 40 4 30 47 16 1 44 29 22 27 9 42 
student 295: 44 29 18 36 47 45 30 11 34 32 24 21 13 10 26 7 14 42 33 35 9 20 1 5 43 23 41 37 4 39 15 16 6 25 12 17 49 50 40 3 31 46 19 2 48 27 22 28 8 38 
student 296: 43 29 16 33 49 44 30 10 35 34 26 19 14 9 22 12 13 39 37 32 8 23 2 4 47 24 41 36 5 38 18 21 6 25 11 15 48 50 40 3 31 45 17 1 46 28 20 27 7 42 
student 297: 43 29 16 38 50 44 32 11 34 31 27 19 12 10 28 9 14 42 37 33 8 22 4 1 45 26 40 39 2 35 18 20 7 21 13 17 47 49 36 3 30 46 15 5 48 24 23 25 6 41 
student 298: 43 28 16 34 50 45 33 12 35 26 24 19 13 8 27 11 17 42 39 32 10 21 1 6 44 22 41 38 2 36 18 20 5 25 7 15 48 49 37 4 31 46 14 3 47 30 23 29 9 40 
student 299: 43 26 18 38 50 46 29 11 36 30 25 19 16 10 24 9 14 44 34 33 8 21 3 4 47 22 42 35 5 37 15 20 6 27 12 13 45 49 40 2 31 41 17 1 48 28 23 32 7 39 
student 300: 41 25 19 38 47 46 31 11 34 33 22 15 14 10 26 9 16 43 35 32 7 20 1 4 44 23 42 36 5 39 17 21 8 27 13 12 50 49 37 2 28 48 18 3 45 30 24 29 6 40 
student 301: 41 26 15 35 48 45 33 12 34 31 25 22 16 10 29 8 14 44 36 32 6 18 1 4 46 24 40 38 5 37 17 20 7 23 13 11 49 50 39 3 30 43 19 2 47 28 21 27 9 42 
student 302: 43 26 17 36 50 44 30 12 35 32 24 21 16 11 27 9 14 40 34 33 8 20 1 4 45 22 41 37 5 38 18 19 6 25 10 13 48 49 39 2 31 47 15 3 46 29 23 28 7 42 
student 303: 42 28 19 36 49 43 31 12 34 33 27 18 14 8 21 7 15 44 35 32 10 23 1 3 45 17 40 38 5 37 20 26 6 25 13 11 48 50 39 2 29 47 16 4 46 30 22 24 9 41 
student 304: 43 30 17 36 50 45 31 10 34 32 23 19 13 9 24 11 15 42 35 33 8 20 2 4 44 22 40 37 6 38 16 25 5 26 14 12 47 49 39 3 28 46 18 1 48 29 21 27 7 41 
student 305: 45 29 15 37 49 43 32 11 30 33 23 22 13 9 28 10 16 42 35 36 8 21 1 6 44 25 41 38 7 39 18 19 4 26 14 17 47 50 34 3 31 46 12 2 48 27 20 24 5 40 
student 306: 43 31 16 37 50 44 25 11 34 30 29 18 14 10 21 8 15 42 35 32 9 22 1 4 45 24 39 36 7 40 17 20 2 27 13 12 47 49 38 5 33 48 19 3 46 28 23 26 6 41 
student 307: 44 29 18 36 49 46 28 11 34 33 25 21 15 9 23 12 16 43 35 32 6 20 1 7 41 27 37 39 5 42 14 19 4 24 13 10 48 50 38 3 31 47 17 2 45 26 22 30 8 40 
student 308: 42 29 18 35 49 44 32 12 34 30 23 16 10 9 27 11 14 43 36 33 13 21 1 4 45 24 40 37 5 39 19 20 6 25 8 15 48 50 38 3 31 46 17 2 47 28 22 26 7 41 
student 309: 41 30 16 38 49 44 29 10 35 32 26 22 13 11 27 7 15 47 36 34 9 18 1 2 43 20 40 33 4 37 21 19 6 24 12 14 45 48 39 5 31 46 17 3 50 28 23 25 8 42 
student 310: 44 30 17 35 50 45 31 9 36 32 26 19 16 12 25 10 14 42 34 33 8 21 1 3 43 22 41 40 5 37 18 20 7 24 13 11 47 48 38 4 28 46 15 2 49 29 23 27 6 39 
student 311: 44 30 18 36 49 45 32 11 35 33 24 19 15 13 23 7 12 41 34 37 10 31 2 4 43 27 39 26 6 40 17 20 9 21 16 8 47 50 38 1 29 48 14 3 46 28 22 25 5 42 
student 312: 45 28 17 36 47 43 32 9 38 33 26 19 16 8 24 13 11 44 34 31 7 21 3 4 40 23 37 35 6 39 20 18 5 25 12 14 49 50 41 1 30 46 15 2 48 27 22 29 10 42 
student 313: 42 31 15 36 50 43 30 10 35 32 25 21 12 8 29 11 17 44 33 34 6 23 2 5 46 22 40 37 7 39 18 19 9 24 13 14 48 49 38 4 28 45 16 1 47 27 20 26 3 41 
student 314: 43 28 16 35 49 47 32 7 34 33 25 19 13 11 30 9 15 41 36 31 10 20 1 5 45 23 38 39 2 42 17 21 4 24 14 12 46 50 37 3 29 44 18 8 48 26 22 27 6 40 
student 315: 44 29 17 37 50 46 31 12 33 34 23 20 15 10 26 9 14 43 36 32 8 19 1 4 42 24 41 38 5 35 18 22 6 25 13 11 47 49 39 3 30 45 16 2 48 27 21 28 7 40 
student 316: 44 33 17 41 49 45 30 11 31 34 27 21 15 10 26 12 16 40 35 32 9 22 1 3 47 20 39 36 6 37 18 19 5 24 8 14 48 50 38 2 29 46 13 4 42 25 23 28 7 43 
student 317: 41 27 17 35 48 44 32 5 37 29 24 19 15 12 25 10 14 42 33 34 7 26 3 1 45 23 39 43 6 36 18 20 9 22 11 13 49 50 38 4 30 46 16 2 47 31 21 28 8 40 
student 318: 40 28 17 36 49 45 34 11 32 33 24 19 16 12 29 9 14 41 35 30 7 21 1 4 43 22 44 37 5 38 18 20 6 23 15 8 47 50 39 3 31 46 13 2 48 26 25 27 10 42 
student 319: 45 30 19 38 48 43 36 14 32 31 24 18 7 11 26 6 13 41 34 33 10 20 4 5 46 21 40 35 8 37 16 22 3 25 17 12 47 49 39 2 29 44 15 1 50 28 23 27 9 42 
student 320: 42 27 19 36 50 46 35 11 34 31 25 18 14 9 26 7 13 43 33 32 10 22 1 4 44 23 40 38 5 37 16 20 8 21 12 17 48 49 39 2 29 45 15 3 47 30 24 28 6 41 
student 321: 46 30 17 36 47 44 31 9 35 32 29 21 14 11 24 6 13 43 34 33 10 22 1 2 45 20 41 37 8 38 18 23 5 26 12 15 49 50 39 4 28 42 16 3 48 25 19 27 7 40 
student 322: 43 29 18 37 48 42 31 12 33 32 26 20 16 11 25 7 14 45 34 36 4 19 1 8 47 23 40 35 9 41 15 21 2 24 10 13 44 50 38 3 30 49 17 5 46 28 22 27 6 39 
student 323: 44 29 17 36 49 48 31 11 33 32 25 20 14 9 26 8 15 42 34 35 10 23 1 4 43 21 40 37 5 38 18 19 6 24 12 13 47 50 39 3 30 45 16 2 46 28 22 27 7 41 
student 324: 42 27 16 36 48 44 30 12 34 32 26 18 13 10 28 8 14 40 35 33 7 20 2 6 47 25 39 37 5 38 19 21 4 23 15 11 46 49 41 1 29 50 17 3 45 31 22 24 9 43 
student 325: 43 30 17 36 48 45 32 11 34 31 25 19 12 10 24 9 14 42 35 33 8 21 2 3 46 23 41 37 5 39 16 20 6 26 13 15 49 50 40 1 27 44 18 4 47 29 22 28 7 38 
student 326: 44 29 17 37 49 43 34 11 31 33 25 19 15 10 26 9 12 42 35 32 8 21 4 3 45 23 41 36 6 38 18 20 7 24 13 14 48 50 39 1 30 46 16 2 47 28 22 27 5 40 
student 327: 42 27 16 34 49 43 32 7 35 30 25 21 12 10 28 9 15 45 38 33 11 18 1 8 44 20 40 39 3 37 19 22 5 24 14 13 50 48 36 4 31 47 17 2 46 29 23 26 6 41 
student 328: 44 28 17 38 49 45 32 10 36 31 25 18 15 13 26 9 16 42 34 33 7 21 1 2 47 24 39 35 6 37 19 20 8 23 12 11 48 50 41 4 29 43 14 3 46 30 22 27 5 40 
student 329: 44 30 16 39 49 45 31 13 33 32 25 24 12 10 26 9 21 43 36 34 8 18 2 6 42 23 40 37 3 38 17 19 5 20 11 14 48 50 35 4 28 46 15 1 47 29 22 27 7 41 
student 330: 42 29 17 36 48 43 33 11 32 35 26 19 12 10 27 9 14 40 37 31 8 21 1 4 44 23 41 38 5 34 18 20 6 24 13 16 49 50 39 2 28 45 15 3 46 30 22 25 7 47 
student 331: 43 29 15 37 48 45 32 10 34 31 26 20 16 12 24 8 14 41 35 33 9 21 1 4 47 23 38 36 6 39 19 18 5 25 11 13 46 49 42 3 30 44 17 2 50 28 22 27 7 40 
student 332: 42 28 17 36 49 45 31 10 35 32 24 19 14 11 25 9 15 41 37 34 8 20 2 3 44 23 40 38 6 33 18 22 4 27 12 13 48 50 39 1 30 47 16 5 46 29 21 26 7 43 
student 333: 41 29 18 36 49 45 31 10 34 32 25 13 17 9 23 5 15 42 35 33 11 21 1 3 44 24 40 37 7 38 19 20 6 26 12 14 46 50 39 2 30 48 16 4 47 28 22 27 8 43 
student 334: 43 32 14 35 47 44 30 9 36 33 24 19 16 10 27 8 13 39 34 31 7 21 1 2 46 23 38 37 4 41 18 20 11 26 15 12 49 50 40 5 25 42 17 3 48 29 22 28 6 45 
student 335: 43 30 16 34 49 44 28 11 39 32 25 18 20 10 26 9 13 42 35 33 8 24 1 4 45 22 41 36 5 37 17 19 6 23 12 15 48 50 38 2 31 47 14 3 46 27 21 29 7 40 
student 336: 44 27 18 34 48 41 31 11 35 33 24 19 14 9 26 10 16 42 36 32 8 22 2 6 45 23 40 37 4 38 15 20 5 25 12 13 47 49 39 3 29 50 17 1 46 28 21 30 7 43 
student 337: 45 31 17 34 48 42 35 11 33 30 22 19 13 10 27 9 16 43 37 32 8 21 1 2 44 24 40 36 6 38 18 20 5 28 14 12 49 50 39 4 26 46 15 3 47 29 23 25 7 41 
student 338: 42 29 15 34 48 43 30 16 32 31 25 18 11 10 26 9 14 44 38 35 8 21 1 7 46 23 40 36 5 37 19 20 4 24 13 12 49 50 39 3 33 47 17 2 45 28 22 27 6 41 
student 339: 43 29 18 33 48 45 31 11 34 35 24 20 14 10 27 9 16 42 36 32 7 21 1 3 46 23 40 37 6 38 19 17 5 26 12 13 47 50 39 4 30 44 15 2 49 28 22 25 8 41 
student 340: 42 28 18 34 50 44 30 11 36 32 24 16 14 10 26 9 17 43 39 33 7 22 1 4 45 23 40 35 6 37 19 21 3 25 13 12 49 48 38 5 31 47 15 2 46 29 20 27 8 41 
student 341: 43 32 17 36 50 45 30 14 35 31 28 18 16 8 27 9 13 41 37 33 7 20 4 2 46 25 39 34 6 38 21 19 11 24 12 15 48 49 40 3 29 44 10 5 47 26 22 23 1 42 
student 342: 41 31 18 39 49 47 34 11 32 33 26 21 15 10 23 8 14 43 36 28 9 20 5 3 42 24 46 37 6 40 17 19 4 25 13 12 48 50 35 2 30 45 16 1 44 27 22 29 7 38 
student 343: 44 32 18 38 48 43 29 13 31 35 21 19 12 8 26 10 11 42 34 30 7 23 6 4 49 25 40 36 3 37 14 22 9 27 15 16 47 50 39 1 33 46 17 2 45 28 24 20 5 41 
student 344: 43 29 18 38 49 45 31 14 33 30 26 17 12 10 25 5 15 41 35 34 8 23 1 2 44 24 40 39 6 36 19 20 9 22 7 11 50 48 37 4 32 47 16 3 46 28 21 27 13 42 
student 345: 48 32 19 39 47 45 29 13 34 33 27 22 15 9 31 8 16 43 35 30 10 20 1 4 41 23 42 36 5 37 17 18 6 25 14 12 46 49 38 3 24 40 11 2 50 28 21 26 7 44 
student 346: 43 28 18 34 50 45 30 10 35 31 25 17 14 11 32 5 16 42 36 33 8 22 3 2 44 21 40 37 6 38 19 20 7 23 12 13 48 47 39 4 29 46 15 1 49 27 24 26 9 41 
student 347: 45 27 17 38 50 46 31 10 34 29 23 18 14 12 26 7 16 42 35 33 8 21 1 3 47 25 40 36 5 37 20 19 4 22 11 13 48 49 41 9 30 44 15 2 43 32 24 28 6 39 
student 348: 44 30 17 35 46 42 31 10 34 32 26 15 13 4 25 12 19 47 36 33 9 21 2 5 48 22 37 38 6 40 18 20 7 23 11 16 49 50 39 3 29 45 14 1 43 27 24 28 8 41 
student 349: 41 29 19 36 49 44 33 10 35 30 28 16 14 13 23 9 15 42 32 34 8 25 2 5 47 21 39 37 4 38 18 20 7 26 11 12 48 50 40 3 31 45 17 1 46 24 22 27 6 43 
student 350: 44 31 19 34 48 43 28 13 37 32 22 20 15 9 26 8 11 42 35 33 10 23 1 4 45 24 40 36 5 39 18 17 6 25 12 14 49 50 38 2 30 46 16 3 47 29 21 27 7 41 
student 351: 44 28 17 37 48 46 29 8 34 33 25 18 14 11 26 10 15 43 35 32 6 19 2 3 47 22 39 40 4 36 20 21 9 24 7 12 50 49 38 1 31 45 16 13 42 30 23 27 5 41 
student 352: 43 28 17 36 50 42 31 14 34 33 24 20 13 11 23 9 15 46 35 32 8 21 1 3 44 25 40 39 6 38 18 19 7 22 10 12 48 49 37 4 30 45 16 2 47 29 27 26 5 41 
student 353: 43 29 18 37 48 44 33 11 34 30 26 20 13 10 25 8 14 41 35 32 9 22 1 3 46 23 42 38 4 40 17 19 5 24 12 16 47 50 39 7 31 45 15 2 49 27 21 28 6 36 
student 354: 40 27 16 36 48 45 33 10 35 32 26 20 14 5 28 11 15 46 37 34 6 22 1 8 44 24 43 30 4 38 21 17 7 19 12 13 47 50 39 3 29 49 18 2 41 31 23 25 9 42 
student 355: 42 29 18 36 49 46 28 12 33 31 24 19 13 10 27 4 16 43 38 34 9 21 2 1 47 23 41 37 5 35 17 20 7 25 11 15 45 50 39 6 32 44 14 3 48 30 22 26 8 40 
student 356: 45 27 17 35 48 43 31 12 33 32 28 20 14 10 25 9 15 42 36 34 8 19 1 4 44 21 39 37 6 41 18 22 5 23 11 13 49 50 38 3 29 47 16 2 46 30 24 26 7 40 
student 357: 42 29 17 38 49 45 35 7 36 32 25 19 15 13 27 10 14 37 33 34 9 20 1 4 46 22 41 39 5 31 18 21 8 24 11 12 48 50 40 3 30 44 16 2 47 28 23 26 6 43 
student 358: 43 28 18 36 49 45 30 10 32 35 26 17 15 8 27 7 14 41 34 33 12 23 1 2 44 22 39 42 3 37 19 20 5 24 13 11 47 50 38 6 31 48 16 4 46 29 21 25 9 40 
student 359: 46 30 18 36 48 42 31 9 34 32 25 20 13 16 26 10 14 43 37 33 8 21 1 4 44 23 39 35 5 38 17 19 7 24 11 12 49 50 41 3 28 45 15 2 47 27 22 29 6 40 
student 360: 45 30 18 35 49 44 29 13 34 32 26 19 16 11 25 10 14 42 40 33 6 21 1 4 43 23 38 37 5 36 17 22 7 24 8 12 48 50 39 3 28 47 15 2 46 31 20 27 9 41 
student 361: 42 29 17 37 50 46 30 13 34 33 25 18 14 10 26 9 16 44 36 31 7 22 3 4 45 20 40 35 5 38 19 21 6 24 11 12 48 49 39 2 32 43 15 1 47 28 23 27 8 41 
student 362: 41 27 16 36 49 43 29 12 37 32 24 18 15 11 30 8 14 44 31 34 9 19 2 6 45 22 40 38 3 35 20 21 5 23 10 13 47 50 39 1 33 46 17 4 48 28 25 26 7 42 
student 363: 42 26 19 34 47 44 31 13 33 28 25 16 12 10 29 9 14 41 36 32 8 23 1 6 45 21 39 35 4 37 15 20 7 22 11 17 46 49 40 3 38 48 18 2 50 27 24 30 5 43 
student 364: 43 29 17 37 49 45 32 11 34 30 25 19 13 10 26 9 15 42 35 33 8 21 2 5 44 23 39 38 4 40 18 20 7 22 14 12 47 50 36 3 28 46 16 1 48 27 24 31 6 41 
student 365: 41 29 19 36 49 43 31 12 34 32 27 18 15 9 28 10 17 39 35 33 7 23 1 5 45 22 40 37 3 38 16 20 8 25 13 11 48 50 42 2 30 47 14 4 46 26 21 24 6 44 
student 366: 42 27 18 33 48 44 32 15 43 31 28 13 11 10 24 9 16 41 35 34 8 22 1 4 46 23 37 36 5 38 19 21 7 26 12 14 49 50 39 2 29 45 17 3 47 25 20 30 6 40 
student 367: 44 31 18 36 48 43 28 11 35 33 23 19 14 10 26 8 15 42 34 32 6 24 1 5 45 25 37 38 7 39 21 16 9 22 12 13 50 49 40 3 30 47 17 2 46 29 20 27 4 41 
student 368: 44 28 17 36 49 41 31 9 34 33 25 20 13 11 23 8 15 43 35 30 7 21 1 10 45 24 38 39 4 37 19 18 5 26 12 14 47 48 42 2 32 46 16 3 50 29 22 27 6 40 
student 369: 46 30 16 35 50 45 32 11 36 33 24 18 14 7 27 8 13 40 34 28 9 22 1 4 41 21 39 37 6 38 19 17 5 23 12 20 48 49 44 2 31 42 15 3 47 26 25 29 10 43 
student 370: 45 28 19 36 49 43 31 10 34 32 25 18 8 12 26 5 13 42 35 33 11 21 1 4 47 22 40 37 6 38 17 20 9 24 14 15 44 50 39 2 29 46 16 3 48 27 23 30 7 41 
student 371: 45 24 20 36 49 42 32 12 33 30 23 18 14 10 28 9 15 43 35 34 6 22 1 5 44 29 40 37 4 39 17 19 7 27 11 13 47 50 38 2 26 46 16 3 48 31 21 25 8 41 
student 372: 43 28 20 34 50 45 31 17 29 32 24 14 15 10 26 9 13 41 35 36 7 21 1 3 44 22 40 38 5 37 18 23 6 25 11 12 46 49 39 4 30 47 16 2 48 27 19 33 8 42 
student 373: 48 29 16 37 49 41 31 8 33 35 25 20 13 12 28 10 15 45 34 30 9 27 1 5 42 23 40 36 6 38 19 18 3 24 11 14 44 50 39 4 32 46 17 2 47 22 21 26 7 43 
student 374: 42 28 16 34 49 45 32 11 29 33 24 19 15 10 25 9 18 43 37 36 8 21 2 5 46 26 41 35 4 38 17 20 7 23 14 12 48 50 39 1 31 44 13 3 47 27 22 30 6 40 
student 375: 44 28 17 36 49 42 31 10 33 34 22 19 15 12 26 11 14 43 35 32 8 23 1 4 45 24 41 38 3 39 18 20 7 25 9 13 48 50 37 6 30 46 16 2 47 27 21 29 5 40 
student 376: 43 29 17 35 47 44 31 13 33 30 25 19 14 10 23 9 15 37 38 34 8 22 2 1 45 27 39 36 6 40 18 20 7 21 11 12 48 50 41 5 32 46 16 4 49 28 24 26 3 42 
student 377: 43 26 17 34 48 44 33 11 32 30 27 21 13 9 25 10 15 42 37 35 8 20 3 7 45 23 39 36 4 38 19 22 5 24 12 14 49 50 40 1 31 46 16 2 47 29 18 28 6 41 
student 378: 41 30 17 36 48 45 33 11 32 31 24 19 14 10 26 9 13 43 35 34 8 22 1 4 44 20 39 37 5 38 18 21 6 23 12 15 47 49 40 2 29 46 16 3 50 28 25 27 7 42 
student 379: 41 29 16 38 49 46 31 11 34 32 25 21 13 10 27 8 15 44 35 33 6 20 1 2 43 23 40 36 5 37 19 17 9 24 12 14 48 50 42 4 30 45 18 3 47 28 22 26 7 39 
student 380: 43 30 20 36 48 44 34 11 32 31 24 22 14 12 27 8 16 40 35 33 7 21 1 3 46 19 41 37 4 38 17 15 9 25 10 13 47 50 39 5 29 45 18 2 49 26 23 28 6 42 
student 381: 40 27 15 36 50 46 33 10 31 34 29 20 14 9 24 13 18 47 35 32 6 17 2 3 42 22 44 37 5 38 19 23 7 25 12 11 48 49 41 4 30 43 16 1 45 28 21 26 8 39 
student 382: 46 26 16 35 49 38 30 11 34 33 25 21 15 10 28 9 14 43 37 32 7 20 3 4 47 23 36 39 5 41 18 19 6 24 12 13 44 50 40 2 31 45 17 1 48 27 22 29 8 42 
student 383: 43 28 18 35 38 46 30 8 40 32 26 21 12 11 25 9 15 37 34 39 10 22 2 6 45 24 42 33 3 41 17 19 5 20 13 14 49 50 36 4 31 48 16 1 47 29 23 27 7 44 
student 384: 43 30 16 36 49 44 34 11 32 29 25 19 15 8 28 9 14 42 35 33 10 20 4 2 45 21 38 37 6 40 18 24 5 23 12 13 48 50 39 3 31 46 17 1 47 27 22 26 7 41 
student 385: 41 29 16 36 47 43 32 11 34 31 26 21 13 10 25 9 18 40 33 35 8 20 1 4 48 22 44 37 5 38 17 19 6 24 12 14 49 50 39 3 30 45 15 2 46 28 23 27 7 42 
student 386: 41 30 18 38 50 44 31 11 35 32 25 19 13 10 27 9 15 42 34 33 7 22 2 1 45 21 40 36 5 39 17 20 6 23 12 14 49 47 37 4 29 46 16 3 48 28 24 26 8 43 
student 387: 45 29 17 35 49 41 33 12 34 26 28 19 14 9 31 11 20 43 37 32 8 21 3 4 46 16 40 36 2 38 18 22 6 23 10 13 47 50 39 5 30 44 15 1 48 25 24 27 7 42 
student 388: 43 29 15 35 48 44 31 10 34 32 25 16 14 9 26 8 17 42 36 33 2 22 4 5 49 24 39 37 7 38 20 21 11 23 12 13 47 50 40 1 30 45 19 3 46 27 18 28 6 41 
student 389: 42 30 15 34 45 44 33 12 35 31 28 19 9 13 27 10 16 43 36 32 7 21 1 2 48 23 40 37 5 38 18 20 6 24 11 14 46 49 39 4 25 47 17 3 50 29 22 26 8 41 
student 390: 44 29 17 34 50 45 30 10 35 33 24 18 11 13 25 8 15 42 36 32 9 23 1 7 47 21 40 37 3 39 22 19 5 26 12 14 48 49 38 2 31 43 16 4 46 28 20 27 6 41 
student 391: 45 31 19 38 44 46 33 9 32 30 24 18 15 11 25 10 14 42 34 36 8 21 2 4 47 27 37 35 6 39 17 23 5 22 13 12 50 49 40 3 29 48 16 1 43 26 20 28 7 41 
student 392: 44 32 19 37 49 42 29 10 33 35 24 17 13 9 26 12 15 43 34 31 6 21 3 4 45 22 39 36 5 41 18 20 11 25 16 8 48 50 38 2 30 46 14 1 47 23 27 28 7 40 
student 393: 43 32 17 37 49 46 33 11 30 29 25 19 13 10 26 9 15 41 36 34 7 23 2 4 45 22 39 35 8 40 18 21 5 24 12 14 47 50 38 3 28 44 16 1 48 31 20 27 6 42 
student 394: 43 28 16 37 49 44 31 11 34 32 24 22 13 10 26 6 18 40 36 30 9 21 1 2 45 23 41 35 5 38 17 20 4 25 15 12 48 50 39 7 29 46 14 3 47 27 19 33 8 42 
student 395: 42 30 16 35 49 45 29 9 34 32 25 18 12 11 27 10 17 41 36 33 8 22 1 3 44 23 40 37 4 38 14 19 7 24 13 15 48 50 39 5 31 47 20 2 46 28 21 26 6 43 
student 396: 43 27 19 34 47 44 30 11 35 31 29 20 15 10 23 6 13 42 36 32 9 18 1 4 49 26 40 37 7 38 17 21 5 25 12 14 46 50 39 3 33 45 16 2 48 28 22 24 8 41 
student 397: 42 28 14 35 49 44 30 10 36 33 25 18 16 11 27 9 13 41 34 32 7 21 1 4 45 23 43 37 3 39 17 19 6 22 12 15 46 50 38 5 29 47 20 2 48 31 24 26 8 40 
student 398: 41 29 17 37 47 44 31 10 35 30 24 19 13 6 27 12 14 43 36 34 5 22 1 2 45 23 40 38 3 33 18 20 4 25 16 11 48 50 39 7 32 46 15 8 49 28 21 26 9 42 
student 399: 44 29 18 35 50 43 32 11 34 37 27 21 16 9 22 10 14 42 33 28 8 19 1 7 45 24 40 36 5 38 12 20 3 25 13 15 48 47 39 4 30 46 17 2 49 26 23 31 6 41 
student 400: 42 28 18 33 46 41 31 9 34 32 25 17 16 13 26 11 12 40 36 35 3 19 1 5 43 24 44 38 6 37 20 21 8 23 10 14 50 49 39 4 30 47 15 2 48 29 22 27 7 45 
student 401: 42 30 19 34 48 47 32 10 35 33 25 21 14 8 26 11 15 40 36 29 9 20 2 3 43 22 41 37 6 38 17 18 7 24 12 13 46 49 39 5 31 44 16 1 50 27 23 28 4 45 
student 402: 41 26 16 35 49 45 29 11 33 34 25 18 14 10 30 9 15 43 36 31 8 19 1 5 42 24 44 37 4 39 21 20 6 23 13 12 48 50 38 3 27 46 17 2 47 32 22 28 7 40 
student 403: 43 30 16 38 48 45 31 11 34 32 26 18 19 9 29 10 15 42 35 33 7 21 1 4 44 22 41 36 5 37 17 20 8 25 13 12 47 50 39 3 28 46 14 2 49 27 23 24 6 40 
student 404: 39 27 18 35 49 44 29 14 38 30 24 19 15 9 26 10 13 48 36 32 8 23 1 7 45 22 41 33 5 37 17 20 3 25 11 12 46 50 40 2 34 43 16 4 47 31 21 28 6 42 
student 405: 46 31 17 36 49 43 32 9 35 29 25 19 14 11 26 8 15 42 34 33 6 23 1 4 44 20 39 37 5 40 18 22 7 24 12 13 50 48 38 2 28 45 16 3 47 30 21 27 10 41 
student 406: 43 29 18 36 50 46 31 16 33 32 26 19 14 8 24 10 15 42 35 34 7 22 1 4 44 25 40 38 6 37 17 20 5 23 12 13 49 47 39 3 30 45 11 2 48 28 21 27 9 41 
student 407: 44 29 16 36 49 45 28 8 34 35 27 19 14 11 25 10 15 43 33 31 9 22 1 5 46 23 40 39 4 37 18 20 7 24 12 13 48 50 38 2 30 42 17 3 47 26 21 32 6 41 
student 408: 46 29 20 32 50 42 30 12 34 38 25 16 15 5 28 10 11 40 37 33 9 21 1 6 47 23 41 35 7 39 19 18 8 24 13 17 44 49 36 4 31 45 14 3 48 27 22 26 2 43 
student 409: 42 29 21 37 49 43 32 12 34 33 27 19 14 8 22 7 15 44 35 31 10 23 1 4 48 20 41 36 5 38 18 17 6 25 11 13 45 50 39 3 30 46 16 2 47 28 24 26 9 40 
student 410: 40 28 20 35 49 44 31 10 34 32 23 18 15 11 27 8 13 43 36 33 9 22 3 4 45 24 37 39 5 38 19 17 7 25 14 12 47 50 41 1 29 46 16 2 48 30 21 26 6 42 
student 411: 46 30 19 38 49 43 29 8 33 34 22 21 14 11 25 6 16 41 35 32 10 23 2 7 45 24 40 36 4 39 17 20 9 26 12 13 48 50 37 1 31 44 15 3 47 28 18 27 5 42 
student 412: 43 30 17 35 48 44 33 11 32 31 25 21 16 9 28 10 14 41 36 34 7 20 1 5 45 22 38 37 3 39 19 18 8 23 12 13 47 50 40 6 29 46 15 4 49 27 24 26 2 42 
student 413: 43 29 17 37 48 44 32 10 33 31 25 21 16 7 26 12 18 42 36 34 9 20 2 5 45 24 40 35 4 38 19 23 6 22 13 14 46 49 39 1 30 47 11 3 50 27 15 28 8 41 
student 414: 41 31 18 35 48 44 28 9 34 33 26 14 16 4 25 11 15 45 37 30 10 20 1 5 43 22 42 38 6 36 21 17 7 24 12 13 49 50 39 3 32 46 19 2 47 29 23 27 8 40 
student 415: 42 29 17 41 48 44 32 12 33 30 23 20 13 10 26 8 15 40 35 34 9 21 1 4 43 24 37 38 5 36 19 18 6 25 14 11 49 50 45 3 31 46 16 2 47 27 22 28 7 39 
student 416: 41 29 18 36 48 45 31 11 33 34 25 16 14 7 26 10 17 43 35 32 8 21 2 6 44 22 37 39 9 40 19 20 5 23 12 13 47 50 38 4 30 49 15 3 46 28 24 27 1 42 
student 417: 41 30 13 35 48 43 31 12 33 32 26 18 15 8 27 10 16 45 37 34 7 22 3 6 44 23 40 36 4 39 17 20 5 24 11 14 47 50 38 2 29 46 19 1 49 28 21 25 9 42 
student 418: 43 28 18 38 49 47 34 10 32 29 26 17 13 11 25 9 16 44 35 33 7 19 4 3 45 24 40 36 5 39 20 22 6 23 15 12 46 50 37 2 30 42 14 1 48 31 21 27 8 41 
student 419: 43 32 16 36 49 45 30 12 34 31 26 18 14 9 25 8 15 41 35 33 7 20 1 3 44 23 42 37 6 38 17 21 5 24 11 13 47 50 39 2 29 48 19 4 46 28 22 27 10 40 
student 420: 43 28 20 37 49 45 30 12 34 31 25 16 17 10 26 11 15 41 35 33 8 21 1 4 47 23 38 40 5 36 19 18 6 24 13 9 48 50 42 3 32 44 14 2 46 29 22 27 7 39 
student 421: 43 28 17 35 50 48 30 11 39 32 23 19 14 10 26 9 13 44 34 33 7 22 1 4 41 21 40 36 5 37 16 20 6 27 12 15 47 49 38 2 31 45 18 3 46 29 24 25 8 42 
student 422: 45 30 16 36 48 42 29 11 33 31 25 19 14 6 26 10 13 46 35 34 9 21 1 3 47 23 41 38 8 37 18 20 5 24 12 15 43 49 39 4 32 50 17 2 44 28 22 27 7 40 
student 423: 46 28 16 36 50 45 31 10 34 35 25 19 13 12 23 6 14 41 37 32 9 20 1 4 43 24 42 38 7 39 17 22 5 29 11 15 49 44 33 3 30 48 18 2 47 26 21 27 8 40 
student 424: 41 29 17 37 45 46 28 13 34 33 22 20 12 11 27 8 14 44 35 32 10 24 3 2 42 21 40 36 5 39 18 19 6 25 9 16 49 50 38 4 31 47 15 1 48 30 23 26 7 43 
student 425: 41 30 17 36 49 46 33 8 31 32 27 20 13 12 25 10 16 44 35 34 9 19 1 4 43 23 39 37 5 38 18 21 6 24 11 14 48 50 42 3 28 45 15 2 47 26 22 29 7 40 
student 426: 42 28 18 35 50 44 32 11 36 31 26 15 13 10 27 8 14 43 37 34 9 21 4 3 47 23 41 33 6 39 19 20 5 24 12 16 46 48 38 2 25 45 17 1 49 30 22 29 7 40 
student 427: 44 30 17 36 49 45 27 9 34 33 25 20 13 11 29 10 16 41 35 32 8 24 4 5 46 22 40 37 6 38 18 19 3 23 12 15 48 50 39 2 31 47 14 1 42 26 21 28 7 43 
student 428: 40 27 17 36 49 45 33 11 34 29 24 18 14 8 28 12 15 43 35 32 9 22 4 5 44 21 39 37 6 38 19 20 3 26 10 13 48 50 42 2 30 46 16 1 47 31 23 25 7 41 
student 429: 45 30 19 36 49 47 31 12 34 32 23 17 16 10 24 9 13 41 40 33 8 22 1 2 44 25 37 35 4 39 18 20 6 26 15 11 48 50 42 7 29 43 14 3 46 28 21 27 5 38 
student 430: 43 30 17 36 48 44 28 11 35 32 25 20 12 10 24 8 15 40 37 33 7 23 2 5 45 22 39 34 4 38 18 19 6 29 14 13 50 49 41 3 27 46 16 1 47 26 21 31 9 42 
student 431: 45 29 17 35 46 44 30 11 32 33 26 18 14 10 28 9 15 43 39 34 5 22 1 6 42 23 38 36 7 40 20 19 8 24 12 13 49 50 37 3 31 47 16 2 48 27 21 25 4 41 
student 432: 44 29 14 38 48 47 35 11 32 31 25 16 17 10 27 6 15 42 33 34 9 20 2 4 43 24 37 39 7 36 18 21 5 26 12 13 49 50 40 3 30 46 19 1 45 28 23 22 8 41 
student 433: 43 29 18 36 47 48 30 13 34 28 26 17 11 12 25 5 15 42 32 33 7 21 1 6 45 20 39 38 4 40 19 23 9 22 14 8 49 50 35 3 37 44 16 2 46 31 24 27 10 41 
student 434: 40 28 17 37 50 43 29 7 34 30 26 18 13 14 25 9 15 42 35 31 12 21 2 4 44 22 41 38 3 36 19 20 6 24 8 11 49 48 39 1 33 45 16 5 46 32 23 27 10 47 
student 435: 43 29 17 35 49 44 31 13 32 33 23 19 11 10 24 9 14 42 34 36 8 20 1 5 45 22 39 37 6 38 16 21 4 25 18 12 47 50 40 2 30 46 15 3 48 28 26 27 7 41 
student 436: 42 29 18 36 49 44 35 10 32 30 25 21 13 11 26 9 15 43 34 33 6 20 3 5 46 24 40 37 8 38 16 19 2 23 12 14 48 50 39 1 28 45 17 4 47 27 22 31 7 41 
student 437: 45 30 18 35 48 43 31 12 34 32 25 16 11 10 28 9 15 40 37 33 8 22 3 4 44 24 39 36 6 38 19 21 5 23 13 14 49 50 41 2 27 46 17 1 47 26 20 29 7 42 
student 438: 42 29 19 35 48 44 31 11 38 32 27 15 12 6 23 10 17 41 34 33 9 18 2 5 45 22 43 36 4 37 20 21 8 24 14 13 49 50 40 3 30 46 16 1 47 26 25 28 7 39 
student 439: 43 28 17 38 49 44 29 9 33 31 23 20 13 11 26 10 12 41 35 34 8 24 1 6 45 25 39 36 4 42 18 19 5 22 14 15 46 50 40 3 32 48 16 2 47 30 21 27 7 37 
student 440: 41 29 19 36 50 44 31 11 34 32 26 20 13 6 27 10 16 43 35 33 8 18 1 5 46 23 42 37 7 38 21 17 4 22 12 15 49 48 40 3 30 47 14 2 45 25 24 28 9 39 
student 441: 41 29 17 35 48 42 31 6 33 32 24 19 13 11 25 10 16 45 37 34 5 22 3 7 43 23 40 36 4 38 18 20 8 26 9 14 49 50 39 2 28 46 15 1 47 30 21 27 12 44 
student 442: 43 30 18 38 50 44 32 8 35 33 24 21 13 7 26 15 14 42 37 34 11 22 1 4 45 23 40 29 5 39 19 16 6 25 12 10 48 49 36 3 31 46 17 2 47 28 20 27 9 41 
student 443: 43 29 16 40 48 44 30 11 33 34 25 17 14 10 26 6 20 42 35 32 9 19 1 5 45 23 41 37 4 36 21 18 7 24 12 13 49 50 38 3 31 46 15 2 47 28 22 27 8 39 
student 444: 43 30 18 36 49 44 35 11 33 32 23 20 13 10 25 8 15 42 34 31 9 27 3 5 45 22 40 37 2 38 16 19 6 24 17 12 48 50 39 4 29 46 14 1 47 28 21 26 7 41 
student 445: 39 30 16 32 49 44 25 12 33 31 27 19 14 6 23 10 15 43 35 34 8 21 1 4 46 26 38 37 7 40 18 20 5 22 11 13 47 50 42 3 36 45 17 2 48 29 24 28 9 41 
student 446: 43 28 19 35 49 45 29 11 31 33 26 20 13 6 25 10 16 41 34 37 8 22 4 3 46 23 39 36 5 40 17 18 7 24 12 15 48 50 38 2 32 44 14 1 47 30 21 27 9 42 
student 447: 45 36 18 35 49 44 31 12 32 30 27 19 15 9 28 10 16 43 34 33 8 20 2 4 47 22 40 37 5 38 17 24 7 23 11 13 42 50 39 3 25 48 14 1 46 29 21 26 6 41 
student 448: 43 32 19 34 48 44 29 11 37 31 27 18 15 9 23 8 16 42 33 35 10 21 1 6 45 22 39 36 2 38 14 20 5 26 12 13 50 49 40 4 28 46 17 3 47 30 25 24 7 41 
student 449: 42 28 18 36 48 44 29 11 35 31 23 20 16 12 27 9 13 43 34 32 7 21 3 6 47 24 40 37 8 39 17 19 5 26 10 14 49 50 38 2 33 45 15 1 46 30 22 25 4 41 
student 450: 46 29 18 36 49 47 32 11 35 30 22 19 15 10 25 8 12 39 33 34 6 20 3 2 38 24 43 40 4 37 16 23 7 26 13 14 42 50 41 5 31 48 17 1 44 28 21 27 9 45 
student 451: 41 30 17 35 47 43 33 11 32 29 24 20 14 8 25 10 12 44 36 34 9 18 1 4 45 26 42 40 6 39 16 19 5 23 15 13 49 50 37 3 31 46 21 2 48 28 22 27 7 38 
student 452: 44 28 17 36 49 46 31 12 35 32 26 20 14 6 24 11 16 45 34 33 8 21 1 4 39 23 41 43 7 38 19 18 5 25 13 9 37 50 40 3 29 47 15 2 48 30 22 27 10 42 
student 453: 43 30 18 37 49 46 25 9 33 31 26 17 14 11 28 10 16 42 36 32 8 22 2 3 44 24 38 40 7 41 20 19 5 23 12 13 48 50 34 4 35 45 15 1 47 29 21 27 6 39 
student 454: 43 28 18 38 49 44 30 10 34 32 23 19 15 7 25 12 13 42 35 33 9 24 1 5 45 26 41 36 4 37 16 20 6 21 14 11 48 50 39 3 31 47 17 2 46 29 22 27 8 40 
student 455: 44 28 15 33 45 46 32 12 34 30 27 17 14 9 25 11 16 43 35 36 8 19 4 3 42 23 39 37 2 38 20 21 5 24 10 13 49 50 41 1 29 48 18 7 47 31 22 26 6 40 
student 456: 49 31 18 38 47 42 30 16 33 34 26 20 13 10 24 9 14 43 32 35 7 21 2 8 44 25 40 37 3 39 19 17 4 23 11 12 46 48 36 1 28 45 15 5 50 29 22 27 6 41 
student 457: 45 31 16 37 49 44 30 11 35 32 26 17 14 10 27 9 15 42 34 33 7 20 1 5 47 24 40 39 4 36 22 19 6 21 12 13 43 50 38 3 28 46 18 2 48 25 23 29 8 41 
student 458: 45 30 19 35 49 43 29 10 34 31 25 17 13 12 26 11 15 42 37 33 8 21 2 3 46 23 41 36 4 38 18 20 5 24 9 14 48 50 39 6 28 44 16 1 47 32 22 27 7 40 
student 459: 39 30 18 36 49 42 32 11 34 33 25 20 13 9 26 10 17 41 35 31 7 22 1 6 46 23 40 38 5 37 19 21 4 24 12 14 47 50 43 3 29 44 16 2 48 28 15 27 8 45 
student 460: 43 28 18 38 50 46 30 9 34 35 27 19 13 11 25 10 14 40 32 33 8 21 1 4 45 22 41 36 6 37 17 20 5 24 12 16 48 49 39 3 31 47 15 2 44 29 23 26 7 42 
student 461: 44 30 17 34 50 43 29 12 35 32 23 16 15 10 26 9 14 42 37 33 7 19 1 4 45 21 40 36 5 38 20 22 6 25 13 11 47 49 39 2 31 46 18 3 48 28 24 27 8 41 
student 462: 44 28 19 37 49 42 32 8 34 33 24 14 16 10 25 7 17 43 36 31 11 21 2 6 47 23 40 35 1 38 20 22 5 26 12 13 48 50 39 3 29 46 15 4 45 27 18 30 9 41 
student 463: 44 25 18 36 47 43 32 12 35 31 24 22 13 6 26 10 14 42 34 33 9 19 5 4 45 23 41 37 7 38 21 17 8 28 11 16 49 50 39 3 27 46 15 2 48 30 20 29 1 40 
student 464: 41 31 16 34 48 45 30 14 35 32 27 18 11 8 25 12 15 40 36 33 7 21 1 9 47 23 42 37 6 38 20 19 3 24 10 13 49 50 43 2 28 44 17 5 46 29 22 26 4 39 
student 465: 43 29 19 36 50 44 30 11 32 35 27 17 15 9 25 8 16 42 33 31 5 21 4 6 47 24 41 37 2 38 18 20 10 22 13 12 49 46 39 1 34 48 14 3 45 28 23 26 7 40 
student 466: 44 28 17 34 46 43 31 13 38 32 24 21 15 14 26 8 12 42 35 33 9 20 1 3 47 23 39 37 5 36 19 18 7 25 10 11 45 49 41 4 29 48 16 2 50 30 22 27 6 40 
student 467: 43 28 1 35 50 44 29 12 33 31 25 18 15 11 32 10 19 42 34 37 9 22 3 2 45 23 40 36 8 38 16 21 4 24 13 17 48 49 39 6 30 47 14 5 46 27 20 26 7 41 
student 468: 42 30 17 36 50 47 33 12 35 34 24 18 15 10 25 8 13 41 32 29 7 21 1 9 43 23 39 37 3 38 20 19 5 26 11 14 49 48 40 4 31 46 16 2 45 28 22 27 6 44 
student 469: 43 26 21 35 47 46 32 16 33 31 27 18 12 10 28 8 17 41 36 34 9 25 3 7 44 22 40 37 5 38 13 20 4 24 11 14 49 50 39 2 30 48 15 1 45 23 19 29 6 42 
student 470: 43 28 18 38 50 45 30 10 35 32 26 17 14 11 25 9 15 42 36 33 5 20 1 4 44 24 39 37 6 40 21 19 7 23 13 12 49 47 34 2 31 46 16 3 48 29 22 27 8 41 
student 471: 42 29 18 36 50 45 31 7 33 41 26 19 14 11 27 9 15 40 35 32 6 21 1 4 44 25 39 34 5 37 17 20 10 22 12 13 49 47 38 2 30 48 16 3 46 28 23 24 8 43 
student 472: 43 29 15 37 50 44 33 11 34 32 26 21 14 10 22 9 16 42 35 31 8 20 1 4 45 25 41 38 5 36 17 19 6 24 13 12 48 46 39 2 30 47 18 3 49 27 23 28 7 40 
student 473: 44 28 15 36 49 42 34 9 35 31 25 19 17 10 26 8 12 43 32 33 11 22 1 4 47 23 40 38 5 39 18 20 6 24 13 16 50 48 37 3 29 45 14 2 46 30 21 27 7 41 
student 474: 44 29 16 35 48 42 31 14 34 32 23 19 8 13 28 11 17 41 36 33 10 20 2 3 46 25 39 37 7 38 18 21 5 24 6 15 47 50 43 1 30 49 12 4 45 26 22 27 9 40 
student 475: 44 24 15 36 48 45 30 12 33 32 27 16 14 11 28 8 17 40 35 34 9 21 3 4 43 23 37 41 5 38 19 20 7 26 10 13 49 50 42 2 31 47 18 1 46 29 22 25 6 39 
student 476: 42 30 10 36 47 43 33 13 32 28 29 20 16 4 25 11 15 40 35 34 8 22 3 5 45 23 39 37 9 41 18 19 6 24 14 12 48 50 44 2 31 49 17 1 46 26 21 27 7 38 
student 477: 44 27 17 40 47 43 28 13 32 30 25 20 12 9 26 7 15 42 35 34 11 22 2 5 48 24 41 37 4 38 18 21 1 19 10 14 46 49 36 3 31 50 16 6 45 33 23 29 8 39 
student 478: 42 27 17 40 49 44 33 7 35 31 25 19 15 11 24 10 14 41 32 34 5 23 1 4 46 21 45 36 8 39 18 20 6 26 12 13 48 50 38 3 30 43 16 2 47 28 22 29 9 37 
student 479: 46 29 14 38 50 45 30 9 37 32 24 17 12 10 22 15 19 40 33 35 8 23 1 4 41 25 42 44 5 39 16 26 7 21 11 13 48 49 34 3 27 43 20 2 47 31 18 28 6 36 
student 480: 43 29 17 35 49 44 32 12 31 34 27 19 13 11 26 10 16 40 41 33 9 21 2 4 46 24 42 37 6 38 18 20 7 23 15 5 48 50 36 3 25 45 14 1 47 28 22 30 8 39 
student 481: 43 30 18 35 49 44 27 9 34 31 23 19 14 11 28 8 15 42 36 32 10 22 1 7 45 25 41 37 4 38 17 21 5 24 12 13 47 50 40 3 33 46 16 2 48 29 20 26 6 39 
student 482: 46 28 18 35 49 43 32 12 33 31 24 20 13 9 26 7 16 42 34 36 11 22 1 3 44 21 40 39 6 37 14 19 5 25 10 15 48 50 38 4 30 45 17 2 47 27 23 29 8 41 
student 483: 42 29 16 34 49 48 31 11 32 35 24 19 17 10 26 9 15 43 33 36 8 20 1 4 44 22 39 37 5 38 18 21 6 25 12 13 45 50 41 3 30 47 14 2 46 28 23 27 7 40 
student 484: 44 30 16 34 49 45 37 9 36 32 25 17 13 11 21 10 15 41 33 31 8 24 4 3 47 23 38 35 6 42 22 19 5 27 12 14 46 50 39 1 20 43 18 2 48 29 26 28 7 40 
student 485: 44 29 16 36 50 43 32 11 35 31 26 20 14 10 25 9 17 42 34 33 8 23 2 1 45 19 41 37 5 38 18 21 6 24 13 12 46 49 39 3 30 47 15 4 48 28 22 27 7 40 
student 486: 45 28 14 41 49 43 31 12 35 34 24 19 17 9 27 11 16 36 32 33 8 20 1 4 44 23 39 37 5 38 15 25 6 22 13 10 48 50 42 3 29 46 18 2 47 26 21 30 7 40 
student 487: 45 30 17 32 49 43 31 8 34 33 24 19 15 13 25 11 14 42 36 35 7 21 1 2 44 22 40 37 4 38 18 20 5 23 10 12 48 50 39 6 29 46 16 3 47 26 28 27 9 41 
student 488: 43 29 17 35 48 45 31 11 34 32 27 18 13 9 28 7 15 42 38 33 6 21 2 5 44 23 36 40 3 41 19 20 14 25 10 12 47 50 37 4 30 49 16 1 46 26 22 24 8 39 
student 489: 42 29 16 38 50 44 31 11 33 34 25 19 14 10 27 9 15 45 36 32 8 22 3 4 46 20 41 35 2 37 18 21 7 24 12 13 47 48 40 1 30 43 17 6 49 28 23 26 5 39 
student 490: 42 32 17 35 47 43 30 11 34 31 24 18 15 10 26 9 14 44 36 33 7 20 1 3 48 23 39 37 4 38 19 21 6 25 12 13 49 50 41 5 29 46 16 2 45 27 22 28 8 40 
student 491: 44 29 18 34 50 43 31 11 36 32 23 20 10 7 24 9 17 41 37 33 15 19 3 4 45 28 39 35 5 40 16 25 8 21 13 12 49 47 38 2 30 46 14 1 48 27 22 26 6 42 
student 492: 41 27 17 36 49 45 29 11 32 34 23 19 12 10 28 9 15 42 35 33 7 20 3 2 47 25 44 37 6 39 18 21 4 24 13 14 48 50 38 5 30 43 16 1 46 26 22 31 8 40 
student 493: 46 30 17 41 49 45 31 13 32 33 24 18 12 11 26 7 15 40 35 34 8 22 1 6 44 25 37 36 5 38 20 19 3 23 10 14 50 48 39 2 29 42 16 4 47 27 21 28 9 43 
student 494: 41 31 16 33 50 46 32 12 36 34 24 17 14 8 25 10 15 40 30 38 9 19 3 4 44 22 42 35 5 37 20 21 6 26 13 11 49 48 39 2 28 45 18 1 47 29 23 27 7 43 
student 495: 44 30 17 37 48 43 33 12 36 31 24 19 16 13 20 9 11 40 32 34 4 25 1 3 47 22 39 35 6 41 18 21 7 23 14 15 50 49 38 5 27 45 10 2 46 28 26 29 8 42 
student 496: 44 31 16 37 50 43 29 11 33 32 24 20 13 8 26 9 18 42 36 34 7 19 2 4 46 21 41 39 5 38 17 22 10 25 12 14 49 47 35 3 30 45 15 1 48 27 23 28 6 40 
student 497: 42 31 17 37 49 50 30 9 33 36 27 19 14 11 26 8 13 47 35 34 7 22 3 4 43 24 38 32 6 40 20 18 1 21 12 16 46 45 39 5 28 48 15 2 44 25 23 29 10 41 
student 498: 44 27 17 36 49 45 31 10 37 32 26 19 14 13 25 8 16 41 34 33 9 20 2 7 43 23 38 35 5 42 18 21 1 24 11 12 47 50 39 4 29 46 15 3 48 30 22 28 6 40 
student 499: 44 26 15 35 49 45 30 12 33 32 25 19 13 10 27 8 16 41 34 36 7 20 1 5 39 22 43 37 9 38 17 21 6 24 11 14 48 50 40 3 31 46 18 2 47 28 23 29 4 42 
