student 0: 5 19 11 39 46 50 13 29 41 48 26 38 24 7 1 44 10 45 28 17 43 49 9 21 14 27 23 15 12 16 4 25 8 42 18 47 22 36 40 6 33 32 37 2 31 35 30 3 20 34 
student 1: 3 15 12 39 48 47 14 31 40 46 28 38 24 8 2 45 9 43 26 19 44 49 7 21 16 25 23 17 11 20 6 27 10 42 13 50 22 34 41 5 36 30 37 4 29 35 33 1 18 32 
student 2: 5 20 11 37 50 48 13 28 41 47 25 38 24 8 2 45 12 44 30 21 43 49 7 22 18 26 23 15 10 16 4 29 9 42 14 46 19 35 40 6 34 32 39 1 27 36 31 3 17 33 
student 3: 6 19 10 39 50 45 9 28 41 48 27 37 25 8 2 40 14 47 31 17 44 49 5 24 15 22 23 16 13 18 4 26 11 43 12 46 20 34 42 7 32 35 36 1 30 38 29 3 21 33 
student 4: 6 17 11 37 50 47 12 31 41 46 26 38 24 5 1 48 13 42 30 18 44 49 7 25 14 28 21 15 9 19 4 22 10 43 16 45 20 34 39 8 35 27 40 2 29 36 32 3 23 33 
student 5: 5 18 7 38 48 47 15 29 43 46 28 40 23 8 1 42 11 45 24 21 44 49 9 25 12 26 20 16 14 17 4 27 10 39 13 50 19 37 41 6 35 32 36 2 31 33 30 3 22 34 
student 6: 5 19 10 39 50 49 15 31 41 47 25 36 24 7 2 42 13 45 28 17 44 48 9 21 16 26 22 12 11 18 4 27 8 43 14 46 20 38 37 6 34 32 40 1 30 35 29 3 23 33 
student 7: 4 18 14 38 45 49 12 29 41 47 24 39 25 5 2 44 11 46 26 16 43 50 9 28 15 27 22 17 10 20 6 21 7 42 13 48 19 36 40 8 35 33 34 3 30 37 32 1 23 31 
student 8: 6 21 10 40 48 49 12 30 37 46 24 36 25 8 1 43 11 44 29 16 45 50 5 20 14 26 23 17 13 18 4 27 9 38 15 47 19 39 41 7 34 32 42 2 31 35 28 3 22 33 
student 9: 6 20 10 39 49 46 11 29 40 50 27 41 25 9 1 45 13 44 28 17 43 47 7 22 15 23 24 16 12 19 3 26 8 42 14 48 18 35 38 5 32 33 37 2 30 36 31 4 21 34 
student 10: 4 19 11 40 49 48 14 28 39 47 30 34 26 10 6 45 12 44 31 20 43 50 5 22 15 18 23 17 9 16 3 25 8 41 13 46 21 38 42 7 36 27 37 1 32 35 33 2 24 29 
student 11: 7 21 10 39 49 48 14 29 42 47 27 40 25 5 2 43 15 45 28 16 44 50 8 20 9 24 23 17 12 18 4 26 11 41 13 46 19 34 38 6 35 33 37 1 31 30 32 3 22 36 
student 12: 5 17 14 40 46 45 11 25 38 48 28 36 22 8 1 44 12 49 29 20 43 50 7 23 15 26 24 18 10 16 4 27 9 42 13 47 21 39 41 6 34 31 37 2 30 33 32 3 19 35 
student 13: 2 20 11 39 49 48 14 31 42 46 25 38 24 9 3 44 13 45 28 17 43 50 7 22 12 26 21 15 8 19 5 27 10 41 16 47 18 37 40 6 34 33 36 1 29 35 32 4 23 30 
student 14: 7 19 10 39 50 48 14 29 41 47 28 38 25 9 1 45 12 43 27 20 44 49 6 21 13 24 23 17 11 18 3 26 8 42 16 46 15 37 40 4 36 32 34 2 30 35 31 5 22 33 
student 15: 8 19 12 31 49 48 13 26 41 46 28 39 25 7 1 44 11 47 29 16 40 50 6 21 15 24 23 17 10 18 3 27 9 43 14 45 22 37 42 5 38 34 33 2 30 36 35 4 20 32 
student 16: 6 20 13 39 48 49 14 30 42 44 29 38 23 11 1 41 10 46 26 16 43 50 5 27 12 24 21 17 9 18 4 25 8 45 15 47 19 35 40 7 34 32 37 2 31 36 28 3 22 33 
student 17: 5 19 11 40 49 48 12 27 42 47 28 38 23 7 1 41 9 46 29 16 43 50 6 22 18 26 24 15 13 17 4 25 10 44 14 45 20 35 36 8 31 32 39 3 30 37 33 2 21 34 
student 18: 5 21 6 37 50 48 15 30 42 47 29 40 24 12 1 41 11 46 27 18 45 49 7 22 16 26 23 14 9 19 4 25 10 43 13 44 17 36 39 8 35 32 38 2 31 33 28 3 20 34 
student 19: 6 19 12 36 50 47 11 28 41 46 27 39 24 8 1 42 13 49 29 20 44 48 7 22 15 25 23 16 10 17 4 26 9 43 14 45 18 35 40 5 37 31 38 2 30 34 32 3 21 33 
student 20: 5 18 11 39 41 49 15 28 43 48 27 38 24 6 1 44 13 46 29 14 42 50 7 22 16 26 23 17 10 19 4 25 9 45 12 47 20 36 40 8 33 30 37 3 31 35 32 2 21 34 
student 21: 4 21 13 39 48 47 12 27 41 50 29 38 23 10 3 44 11 45 26 16 43 49 8 22 14 25 24 15 9 20 5 30 7 42 17 46 19 34 40 6 36 33 37 1 28 35 31 2 18 32 
student 22: 3 19 12 39 49 47 11 30 41 48 24 37 28 10 2 46 14 43 29 17 42 50 7 22 15 25 23 16 9 18 6 27 8 44 13 45 20 36 38 5 34 31 40 1 32 35 26 4 21 33 
student 23: 5 16 11 40 47 48 15 30 37 50 28 39 23 7 1 45 12 46 27 18 43 49 8 21 17 25 24 14 9 19 4 26 10 44 13 42 20 36 41 6 34 33 38 2 29 35 31 3 22 32 
student 24: 4 18 14 39 49 48 11 29 42 46 25 38 24 12 1 43 10 45 28 17 40 50 5 22 19 26 23 15 9 16 6 27 8 44 13 47 20 33 41 7 32 37 35 3 30 36 31 2 21 34 
student 25: 4 18 10 38 48 47 13 28 39 49 25 32 23 9 2 44 12 46 26 16 43 50 7 24 17 27 21 15 8 20 5 29 11 41 14 45 19 37 42 6 36 34 40 1 30 35 33 3 22 31 
student 26: 3 22 10 39 49 45 13 28 43 48 27 37 25 8 1 46 12 44 30 16 35 50 6 21 14 24 23 18 11 19 5 26 9 42 15 47 17 32 41 7 40 34 38 2 36 33 29 4 20 31 
student 27: 6 17 10 39 49 47 13 27 41 46 28 37 24 7 2 44 12 42 30 19 45 50 9 21 14 25 23 15 11 16 4 26 8 43 18 48 20 38 40 5 32 31 36 3 29 35 33 1 22 34 
student 28: 3 21 12 39 49 47 13 32 42 46 25 38 19 7 1 44 11 45 28 16 43 50 6 22 15 24 26 20 10 17 2 27 9 41 14 48 23 37 40 4 31 35 34 8 30 36 29 5 18 33 
student 29: 2 19 12 39 50 49 14 29 41 47 27 37 25 10 6 43 8 45 28 15 44 48 7 22 16 26 23 17 9 18 3 24 11 42 13 46 20 40 38 4 33 31 35 1 30 34 32 5 21 36 
student 30: 6 19 10 40 47 48 13 29 41 50 24 39 25 7 1 44 12 46 28 18 43 49 11 22 16 21 27 14 9 17 4 26 8 42 15 45 20 36 38 3 31 33 37 2 35 34 30 5 23 32 
student 31: 8 19 14 39 45 48 13 30 42 47 27 37 23 4 1 43 12 46 28 17 38 50 6 22 15 25 24 16 9 18 7 26 11 44 10 49 20 36 41 5 34 32 35 3 31 33 29 2 21 40 
student 32: 5 18 8 40 50 47 10 31 41 44 27 37 21 9 1 39 12 48 28 17 46 49 6 23 15 25 24 16 13 22 4 26 11 43 14 45 19 36 42 7 32 34 38 3 30 35 29 2 20 33 
student 33: 5 14 12 37 48 47 13 30 41 49 27 35 23 8 2 46 11 44 28 19 43 50 7 22 16 25 24 15 9 18 4 26 10 42 17 45 20 38 40 6 31 33 39 3 32 36 29 1 21 34 
student 34: 5 19 13 39 48 47 12 30 42 46 28 37 24 7 3 45 11 44 29 17 41 50 8 21 15 26 25 16 10 18 2 27 9 43 14 49 20 35 40 6 34 32 36 4 23 38 31 1 22 33 
student 35: 5 22 14 41 48 49 13 29 42 47 28 39 18 9 4 44 11 45 27 19 43 50 6 24 15 23 26 16 10 20 2 25 7 38 12 46 17 37 40 8 35 33 36 3 30 34 31 1 21 32 
student 36: 8 20 13 40 49 46 11 28 39 48 27 41 24 6 1 44 12 45 31 16 43 50 9 23 15 26 22 18 10 17 4 25 7 42 14 47 19 35 38 5 34 32 37 3 29 36 30 2 21 33 
student 37: 6 16 10 41 49 48 12 32 40 47 29 38 27 7 1 44 11 45 26 17 43 50 8 22 19 24 23 15 9 18 5 28 13 42 14 46 20 37 35 4 33 30 39 2 34 36 25 3 21 31 
student 38: 4 19 13 39 49 46 14 28 42 48 27 38 25 9 1 43 10 45 26 16 40 50 6 22 15 24 23 18 11 17 5 29 7 44 12 47 21 30 41 8 34 36 37 2 31 35 32 3 20 33 
student 39: 6 18 10 34 49 48 14 31 41 46 28 39 24 9 1 47 17 44 25 15 43 50 8 20 13 22 26 16 12 19 3 27 7 42 11 45 23 36 40 4 35 32 38 2 29 37 30 5 21 33 
student 40: 5 18 15 37 48 49 12 30 42 47 28 38 25 7 2 41 11 45 29 16 44 50 9 22 14 26 24 17 10 21 4 23 8 40 13 46 19 36 43 6 32 31 33 1 27 39 34 3 20 35 
student 41: 3 20 11 40 49 48 12 28 41 45 27 39 22 8 1 47 14 44 26 17 42 50 5 23 13 25 24 15 10 18 6 29 9 43 16 46 19 36 38 7 34 32 37 2 31 35 30 4 21 33 
student 42: 3 17 10 42 50 46 13 28 45 49 27 39 24 7 1 41 12 44 30 15 40 47 6 21 14 25 23 18 11 19 9 26 8 43 16 48 20 37 38 5 34 31 36 2 29 33 35 4 22 32 
student 43: 3 18 11 39 50 48 13 29 42 47 28 41 23 8 1 38 12 45 25 15 44 49 7 26 17 24 22 16 10 20 5 27 6 43 14 46 19 36 40 9 33 31 37 4 30 35 34 2 21 32 
student 44: 8 19 12 40 48 50 11 33 39 47 28 38 24 9 1 43 15 44 23 17 45 49 5 22 13 27 25 16 10 20 4 26 7 42 14 46 21 37 41 6 34 32 36 2 30 35 29 3 18 31 
student 45: 5 19 10 40 49 48 11 32 41 47 29 38 26 8 2 43 15 44 24 18 45 50 6 22 16 23 25 14 13 17 4 27 7 42 12 46 20 36 39 9 34 31 35 3 28 37 33 1 21 30 
student 46: 5 18 12 38 50 49 10 29 40 47 27 41 24 7 4 44 13 46 28 20 45 48 8 22 16 25 23 17 9 15 3 26 11 42 14 43 21 36 39 6 35 32 37 1 31 33 34 2 19 30 
student 47: 5 19 13 39 47 50 11 29 41 44 27 38 24 8 1 43 10 48 26 17 42 49 7 22 15 25 23 16 9 18 4 28 12 46 14 45 21 36 40 6 31 33 37 2 32 35 30 3 20 34 
student 48: 5 16 12 39 49 47 13 31 40 46 24 38 22 7 2 44 11 45 26 25 41 50 9 21 15 27 23 17 6 18 4 28 10 42 14 48 20 37 43 8 33 32 36 1 29 34 30 3 19 35 
student 49: 7 21 13 37 47 48 12 28 41 49 27 36 23 10 2 45 11 44 34 18 43 50 8 15 14 24 25 17 9 19 5 26 6 42 16 46 20 35 40 3 30 31 38 1 29 33 32 4 22 39 
student 50: 2 21 11 40 49 48 12 31 38 47 26 39 24 9 1 43 13 46 25 16 45 50 7 20 15 27 23 17 10 19 5 28 8 41 14 44 18 35 42 6 36 29 37 3 30 34 33 4 22 32 
student 51: 6 19 12 41 50 49 13 29 38 47 27 40 23 8 3 44 11 46 28 16 43 48 5 21 14 24 26 17 10 22 4 25 9 42 15 45 18 35 39 7 37 30 36 1 31 34 33 2 20 32 
student 52: 5 15 12 38 48 49 16 29 42 47 27 35 26 7 1 44 13 45 31 19 41 50 6 22 17 25 23 20 9 14 3 24 11 43 10 46 18 40 39 8 36 28 37 4 30 34 32 2 21 33 
student 53: 3 17 9 41 47 49 13 28 40 48 32 39 24 7 1 43 11 46 27 16 44 50 8 21 20 25 23 15 10 18 4 26 12 42 14 45 19 35 37 6 36 33 38 5 29 34 30 2 22 31 
student 54: 6 19 10 39 50 49 13 29 40 47 28 36 23 7 5 45 12 43 27 18 44 48 8 21 17 24 25 16 14 15 3 26 9 42 11 46 20 35 41 1 38 32 37 2 30 34 31 4 22 33 
student 55: 6 24 12 39 50 48 15 29 43 47 30 35 26 8 2 44 9 46 27 17 40 49 7 21 14 23 22 16 10 18 3 25 11 42 13 45 19 38 41 5 36 32 37 4 28 33 31 1 20 34 
student 56: 5 21 11 39 50 46 19 30 43 49 28 37 24 8 2 44 15 45 29 16 42 48 7 22 14 25 23 13 9 17 3 26 10 41 12 47 20 38 40 6 33 32 36 4 27 34 31 1 18 35 
student 57: 5 20 10 38 49 47 13 29 41 48 27 39 23 8 1 44 12 45 28 17 43 50 7 21 15 25 24 16 11 19 3 26 9 42 14 46 22 34 40 6 36 32 37 2 30 35 31 4 18 33 
student 58: 5 21 12 40 49 48 14 28 42 47 26 38 19 9 1 44 13 45 29 20 43 50 6 18 15 24 23 16 10 17 3 25 8 39 11 46 27 36 41 7 34 32 37 2 31 35 30 4 22 33 
student 59: 5 16 10 38 50 47 12 30 43 48 28 36 23 7 1 44 14 45 27 17 40 49 8 21 15 25 24 18 11 19 2 26 9 42 13 46 20 37 39 6 33 31 41 3 35 34 29 4 22 32 
student 60: 4 19 12 39 48 50 14 29 43 46 28 35 25 8 1 45 11 47 27 17 42 49 5 23 15 26 24 16 10 18 3 20 9 41 13 44 21 37 40 7 34 31 38 2 30 36 32 6 22 33 
student 61: 5 18 12 37 50 48 13 29 41 47 27 40 26 8 1 39 11 46 28 17 43 49 10 21 14 22 23 16 7 25 6 24 9 44 15 45 19 35 42 4 32 36 38 2 34 33 30 3 20 31 
student 62: 4 20 11 39 50 49 15 29 40 47 26 38 25 6 1 44 13 45 28 10 42 46 7 21 16 23 22 17 12 19 8 31 9 41 14 48 18 34 43 5 36 33 35 2 27 37 30 3 24 32 
student 63: 7 18 9 37 49 47 12 30 41 48 25 40 26 6 1 44 16 45 28 20 43 50 8 21 17 23 24 14 11 15 5 27 10 42 13 46 19 38 39 4 35 34 36 2 29 32 31 3 22 33 
student 64: 4 16 11 41 49 47 13 32 40 48 28 38 24 7 1 44 12 45 27 18 42 50 8 22 15 26 25 14 9 20 3 23 10 43 17 46 19 34 39 6 35 30 36 2 29 37 31 5 21 33 
student 65: 2 17 10 40 49 48 15 29 41 44 25 38 24 11 1 43 12 46 28 18 42 50 8 22 14 26 23 16 5 19 7 27 9 45 13 47 20 36 39 3 33 31 37 4 30 35 32 6 21 34 
student 66: 5 17 10 38 48 45 16 30 42 49 26 39 25 8 1 41 12 46 29 15 44 50 7 21 18 27 24 13 11 20 3 23 9 43 14 47 22 36 40 6 33 34 37 2 28 35 31 4 19 32 
student 67: 4 18 10 35 50 46 20 29 40 48 25 42 21 7 1 45 12 41 28 14 43 49 8 22 13 23 24 16 11 17 5 27 9 44 15 47 19 36 39 6 34 32 38 2 30 37 31 3 26 33 
student 68: 6 21 11 35 49 48 14 28 41 46 27 40 24 7 3 44 12 45 33 18 42 47 10 22 15 23 25 17 9 16 2 26 8 43 13 50 19 36 39 5 32 30 37 4 29 34 31 1 20 38 
student 69: 5 20 12 39 49 46 13 25 40 48 26 38 24 9 1 47 11 44 29 19 41 50 8 18 17 28 22 14 10 15 2 27 6 43 16 45 23 37 42 7 34 32 36 3 30 35 31 4 21 33 
student 70: 3 20 11 39 49 48 14 27 43 47 28 37 24 8 5 44 12 45 29 18 40 50 6 22 16 26 23 9 13 17 4 25 10 42 15 46 19 38 41 7 35 30 33 1 31 36 34 2 21 32 
student 71: 5 20 11 39 48 46 13 30 42 49 26 37 25 7 2 44 12 45 29 18 43 50 6 22 14 24 23 16 9 17 1 28 10 41 15 47 19 35 40 8 33 32 38 3 27 34 31 4 21 36 
student 72: 1 20 13 38 48 49 12 29 41 47 27 35 25 9 2 44 15 45 30 16 43 50 6 22 14 26 23 17 10 19 4 31 8 42 11 46 18 34 40 5 32 28 37 7 24 36 33 3 21 39 
student 73: 5 16 10 41 49 47 11 28 43 48 29 37 26 8 2 44 12 45 25 18 42 50 7 20 14 27 23 17 13 19 4 24 9 40 15 46 21 35 38 6 34 32 39 1 30 36 31 3 22 33 
student 74: 6 17 12 38 48 50 14 28 40 47 27 36 21 8 3 44 13 45 29 18 41 49 7 25 15 26 24 16 10 22 4 23 9 43 11 46 19 37 42 2 35 32 39 1 30 34 31 5 20 33 
student 75: 5 19 13 40 49 48 12 30 42 47 26 36 22 6 3 44 11 45 27 17 39 50 8 23 14 24 25 16 9 18 4 28 10 43 15 46 20 38 41 7 34 35 37 1 31 33 29 2 21 32 
student 76: 8 18 13 38 50 49 16 31 42 46 26 40 24 7 2 44 11 45 28 12 43 48 5 20 15 27 21 22 10 17 1 25 9 41 14 47 19 36 39 6 30 32 35 3 29 34 37 4 23 33 
student 77: 5 18 11 38 50 48 13 29 41 46 28 39 27 8 1 43 12 47 25 20 44 49 6 23 15 24 22 16 10 17 3 26 9 42 14 45 19 36 40 7 33 34 37 2 30 35 32 4 21 31 
student 78: 5 18 11 39 48 49 17 26 37 47 27 35 25 10 1 40 12 45 30 16 43 50 7 23 14 22 24 15 9 19 4 29 8 42 13 46 20 41 44 6 36 32 38 2 33 34 28 3 21 31 
student 79: 3 16 15 39 47 49 10 29 42 46 28 35 25 7 1 44 13 43 31 18 48 50 8 23 14 24 21 17 12 22 5 26 6 41 11 45 19 37 40 9 36 27 38 4 32 34 33 2 20 30 
student 80: 4 21 12 38 50 48 15 29 41 47 26 40 22 7 3 43 11 46 27 16 44 49 6 23 14 25 24 19 10 18 2 28 9 42 13 45 20 36 39 5 34 31 37 8 33 35 30 1 17 32 
student 81: 4 18 9 42 48 44 14 29 38 49 27 39 23 8 2 47 11 46 28 16 43 50 7 22 15 24 25 19 12 20 5 26 10 40 13 45 17 36 41 6 33 32 37 1 30 35 31 3 21 34 
student 82: 4 19 11 43 48 49 14 29 40 47 28 34 24 7 1 44 12 45 27 18 41 50 6 22 15 26 25 17 10 16 3 23 9 39 13 46 21 37 38 5 35 32 42 2 30 36 31 8 20 33 
student 83: 5 19 9 38 48 46 13 28 41 49 26 37 24 8 1 47 10 44 30 16 42 50 6 22 15 27 23 17 12 18 4 25 11 40 14 45 21 36 39 7 35 32 43 2 29 34 31 3 20 33 
student 84: 5 18 11 40 50 46 14 31 41 49 28 39 24 10 1 42 13 45 29 17 44 48 6 21 12 25 23 16 8 19 4 27 9 43 15 47 20 37 36 7 34 32 38 2 26 35 30 3 22 33 
student 85: 7 19 11 37 50 48 13 28 41 47 29 39 24 8 4 44 12 45 23 18 43 49 6 21 14 26 22 15 10 20 2 27 9 42 16 46 17 35 40 5 31 32 38 3 36 33 30 1 25 34 
student 86: 5 19 10 38 48 49 13 25 40 47 29 39 24 8 1 43 15 45 34 23 44 50 7 21 16 26 22 14 11 17 4 27 9 41 12 46 18 33 42 6 35 30 37 2 28 36 31 3 20 32 
student 87: 3 16 11 42 50 49 8 27 40 47 25 37 26 10 1 43 12 44 28 15 41 48 6 21 14 24 22 17 7 19 5 29 18 46 13 45 20 34 38 9 35 32 39 4 30 36 31 2 23 33 
student 88: 5 26 11 44 43 47 12 28 40 49 25 37 24 7 1 42 13 46 29 17 41 50 8 18 15 23 22 16 9 19 6 27 10 45 14 48 20 34 39 4 32 33 38 2 31 36 30 3 21 35 
student 89: 5 18 11 40 48 49 13 31 39 47 24 38 25 7 1 44 16 46 28 17 43 50 9 22 15 26 23 14 10 19 3 30 8 42 12 45 21 35 41 6 33 32 37 4 27 36 34 2 20 29 
student 90: 7 23 10 38 49 48 12 26 41 47 29 37 22 8 3 44 13 46 28 16 42 50 1 25 15 24 20 17 11 18 6 27 9 43 14 45 21 35 39 5 33 32 36 2 30 40 31 4 19 34 
student 91: 5 21 10 39 49 48 14 30 42 47 26 36 22 8 1 45 12 46 27 19 41 43 7 15 16 25 24 17 11 20 6 28 9 40 13 50 18 35 44 4 34 32 38 3 29 37 31 2 23 33 
student 92: 5 20 12 39 50 46 11 29 40 49 27 38 24 7 1 43 13 45 28 17 44 47 8 22 14 25 23 16 10 15 2 26 6 42 18 48 19 37 41 9 32 34 36 4 30 35 33 3 21 31 
student 93: 4 18 13 37 50 47 14 30 41 49 27 40 24 9 1 42 11 46 28 17 39 48 8 21 12 26 25 16 10 15 5 23 7 44 22 45 19 35 43 6 38 32 36 2 29 34 31 3 20 33 
student 94: 5 16 9 38 48 49 14 30 43 47 28 39 23 10 2 46 12 45 27 15 40 50 8 22 13 25 24 18 11 21 4 26 7 42 17 44 19 37 41 6 34 31 36 1 29 35 32 3 20 33 
student 95: 3 21 10 38 49 47 15 29 42 46 26 37 25 7 1 43 12 48 28 16 41 50 9 23 14 22 24 17 11 19 5 27 8 44 13 45 20 36 40 6 34 32 39 2 30 35 31 4 18 33 
student 96: 6 18 8 41 46 49 16 29 43 48 27 38 23 9 4 39 10 44 28 17 45 50 7 24 13 25 22 14 11 19 5 26 12 42 15 47 20 40 36 3 35 30 37 1 33 32 31 2 21 34 
student 97: 9 19 12 41 46 49 15 28 40 48 30 35 24 7 2 44 11 45 26 17 42 50 6 21 14 25 22 16 10 18 5 27 8 43 13 47 20 37 39 3 36 31 38 1 32 34 29 4 23 33 
student 98: 5 21 8 38 49 47 13 30 41 48 27 37 25 11 2 44 12 43 28 16 45 50 4 19 17 24 22 15 10 18 6 26 9 42 14 46 23 36 39 7 34 31 40 1 32 35 33 3 20 29 
student 99: 3 20 13 39 48 50 12 33 40 47 28 38 24 11 2 45 10 46 26 16 42 49 5 23 15 25 22 18 9 17 6 27 7 43 14 44 19 36 41 8 34 29 37 4 32 35 30 1 21 31 
student 100: 7 18 10 39 48 47 17 31 40 50 26 38 23 8 1 43 12 45 25 16 42 49 6 21 20 28 22 13 11 15 5 27 9 44 14 46 19 35 41 4 34 32 37 2 30 36 29 3 24 33 
student 101: 2 17 11 40 46 50 13 27 41 48 25 36 23 8 1 44 12 47 29 16 42 49 6 22 14 24 21 18 10 19 5 26 9 43 15 45 20 35 39 7 37 32 38 3 30 34 31 4 28 33 
student 102: 5 18 11 39 49 48 13 29 43 45 28 38 26 9 1 47 12 40 24 17 44 50 6 19 20 25 23 15 10 14 4 27 8 41 16 46 21 35 42 7 33 32 36 2 30 37 31 3 22 34 
student 103: 4 24 12 40 49 46 13 29 39 48 27 37 22 9 1 44 7 47 28 19 43 50 6 21 14 25 23 18 10 16 5 26 11 42 15 45 17 36 38 8 34 31 41 2 32 35 30 3 20 33 
student 104: 4 19 13 39 49 48 12 29 41 47 27 38 23 8 1 45 11 43 28 14 44 50 7 25 15 24 22 18 10 17 6 26 9 42 16 46 20 36 40 5 33 32 37 2 30 35 31 3 21 34 
student 105: 2 19 11 41 50 49 12 27 38 47 28 37 24 7 1 40 13 44 30 17 46 48 5 22 14 26 23 16 9 18 4 25 8 43 15 45 21 36 42 6 34 31 39 3 32 35 29 10 20 33 
student 106: 5 23 12 42 49 48 9 29 40 47 27 38 25 8 1 44 15 45 28 16 41 50 6 21 14 22 24 13 10 19 3 26 11 43 17 46 18 37 39 7 34 30 35 2 31 36 33 4 20 32 
student 107: 9 20 10 43 49 48 12 30 39 47 28 38 23 7 2 45 14 42 27 17 44 50 5 21 13 25 24 16 11 19 4 26 8 41 15 46 18 37 40 3 34 32 35 1 29 36 31 6 22 33 
student 108: 5 21 12 42 47 46 10 30 40 49 27 38 23 7 1 44 16 45 28 17 41 50 9 22 13 26 24 15 14 19 3 25 8 43 11 48 20 37 39 6 34 33 36 2 31 35 29 4 18 32 
student 109: 4 15 10 39 46 49 12 30 44 47 28 36 23 7 3 48 13 42 31 17 43 50 9 21 16 27 24 18 8 19 1 25 11 41 14 45 20 38 40 6 35 33 37 2 26 34 32 5 22 29 
student 110: 6 19 13 41 47 50 11 26 40 48 29 38 24 7 1 46 12 42 30 18 44 49 8 22 16 25 23 17 10 15 4 28 9 45 14 43 21 35 39 3 36 32 37 5 27 34 31 2 20 33 
student 111: 8 19 11 39 47 48 12 28 40 49 26 38 27 6 1 43 13 44 31 15 42 50 7 23 16 22 24 17 10 18 4 25 9 46 14 45 20 35 41 5 34 32 37 3 29 36 30 2 21 33 
student 112: 5 21 11 35 48 50 14 30 44 42 29 39 24 6 2 45 12 46 27 17 43 49 7 22 15 25 23 16 8 18 3 26 10 41 13 47 20 36 40 4 37 28 38 1 32 34 33 9 19 31 
student 113: 4 21 10 38 47 46 13 29 41 50 28 40 22 11 6 44 12 45 27 16 43 49 8 20 17 24 25 15 5 18 3 26 9 39 14 48 19 37 42 7 34 33 35 2 31 36 30 1 23 32 
student 114: 4 19 11 38 47 45 12 29 42 48 28 40 24 8 1 41 13 49 26 17 43 50 7 22 16 25 23 15 10 18 5 27 9 44 14 46 20 35 37 6 33 32 36 2 34 39 31 3 21 30 
student 115: 4 19 12 39 49 48 10 29 37 46 24 38 27 8 2 43 13 44 33 17 45 50 7 23 15 26 22 16 11 18 5 25 9 42 14 47 20 41 40 6 36 31 35 1 28 32 30 3 21 34 
student 116: 5 19 11 37 49 48 13 26 45 44 27 38 25 9 1 43 14 46 29 17 42 50 8 20 15 22 23 12 7 18 4 28 10 41 16 47 21 35 40 6 34 32 39 3 30 36 31 2 24 33 
student 117: 5 19 11 39 49 47 15 30 41 48 25 38 23 9 3 46 12 45 28 14 42 50 8 20 13 27 22 17 7 21 4 26 10 43 16 44 18 37 40 6 34 32 35 1 29 36 31 2 24 33 
student 118: 6 17 8 40 47 45 12 29 39 50 25 37 22 7 1 46 14 43 27 16 44 48 9 20 18 26 21 13 11 19 4 28 10 42 15 49 23 38 41 5 34 32 36 3 30 35 31 2 24 33 
student 119: 4 20 7 39 48 49 13 27 40 47 29 36 22 10 2 45 11 43 28 16 44 50 8 21 15 25 24 17 14 18 3 26 9 41 12 46 23 33 42 5 37 31 35 1 32 38 30 6 19 34 
student 120: 6 17 8 39 49 47 11 29 40 48 27 38 24 9 1 45 15 43 28 18 44 50 7 20 12 25 23 16 13 19 4 26 10 42 14 46 21 35 41 5 32 33 37 2 30 36 31 3 22 34 
student 121: 7 20 11 39 50 49 16 29 40 47 28 38 25 6 2 46 12 41 27 17 44 48 4 23 13 24 22 15 10 18 8 26 9 43 14 45 21 36 42 3 34 33 37 1 30 35 32 5 19 31 
student 122: 4 18 11 38 49 48 14 28 41 47 31 37 23 10 2 46 13 42 27 16 44 50 7 22 15 26 24 19 9 17 6 25 8 43 12 45 20 33 40 5 32 35 39 1 30 36 29 3 21 34 
student 123: 6 19 12 40 50 48 14 29 41 47 31 35 24 9 4 42 13 46 27 16 44 49 7 20 15 26 23 18 10 17 1 25 8 43 11 45 22 36 39 5 33 34 37 2 28 38 30 3 21 32 
student 124: 5 18 12 40 49 46 11 29 41 48 26 37 25 7 1 47 13 42 27 17 45 50 8 22 14 28 23 15 10 21 4 24 9 39 16 44 20 33 43 6 31 32 38 3 30 36 34 2 19 35 
student 125: 4 25 9 38 49 47 12 29 42 44 28 35 24 7 1 45 11 46 27 23 43 50 6 21 16 26 19 14 10 17 5 22 15 41 13 48 18 33 39 8 40 31 36 3 30 37 34 2 20 32 
student 126: 10 17 9 40 48 49 12 26 37 47 29 39 24 7 1 42 14 45 34 19 44 50 5 22 18 25 23 13 11 16 3 27 8 43 15 46 20 33 41 6 38 35 36 2 30 31 28 4 21 32 
student 127: 7 19 11 35 48 47 12 31 39 49 28 38 24 10 1 43 13 44 29 17 45 50 6 23 16 25 21 15 9 18 8 26 5 42 14 46 20 40 41 3 36 34 32 4 27 37 30 2 22 33 
student 128: 7 22 11 39 49 48 12 27 40 47 26 38 25 9 1 43 13 45 29 15 44 50 5 18 19 24 21 16 10 20 2 28 8 42 14 46 17 36 41 6 31 32 37 4 30 35 34 3 23 33 
student 129: 7 18 14 42 48 49 15 30 41 45 27 37 21 6 1 43 10 47 26 17 44 50 8 25 11 22 24 16 12 19 5 28 9 40 13 46 20 36 38 4 33 34 39 2 29 35 31 3 23 32 
student 130: 4 20 11 38 50 48 14 30 40 47 29 36 24 9 1 46 13 44 28 16 42 49 5 22 15 27 23 17 7 18 6 26 10 43 12 45 21 41 39 8 34 35 37 2 25 33 31 3 19 32 
student 131: 3 20 13 44 50 48 11 32 40 47 28 37 26 7 1 45 14 46 23 15 43 49 8 18 16 27 22 17 9 19 6 29 12 41 10 42 21 34 39 5 36 33 35 2 25 38 30 4 24 31 
student 132: 5 21 7 40 49 48 15 30 36 44 28 39 25 9 2 45 11 46 29 20 42 50 6 22 13 26 23 14 12 16 4 24 8 43 17 47 18 38 41 10 35 32 37 1 27 34 31 3 19 33 
student 133: 7 18 12 38 49 46 15 26 41 48 29 39 24 9 1 43 10 45 32 14 44 50 6 22 16 25 23 17 11 20 5 27 8 42 13 47 19 35 40 4 34 31 37 2 28 36 30 3 21 33 
student 134: 5 17 11 40 46 47 13 29 42 44 27 37 24 8 1 48 12 45 31 18 43 50 7 22 14 26 23 15 10 19 2 25 9 41 16 49 20 35 39 6 34 32 38 3 28 36 30 4 21 33 
student 135: 4 20 11 37 47 49 15 26 40 48 28 38 24 10 1 44 14 45 32 19 43 50 5 25 13 23 22 16 9 17 3 27 8 42 12 46 21 35 39 6 34 31 41 2 30 36 29 7 18 33 
student 136: 5 20 12 38 49 48 11 30 39 46 27 41 23 7 1 44 14 47 29 16 42 50 8 24 15 25 21 19 9 17 3 26 10 43 13 45 18 36 40 6 33 35 37 2 28 34 31 4 22 32 
student 137: 5 19 12 39 48 47 11 24 42 50 30 40 26 8 2 44 13 45 33 15 41 49 3 22 16 21 23 17 9 18 6 27 10 43 14 46 20 36 37 7 31 28 38 1 34 32 29 4 25 35 
student 138: 4 21 9 39 48 44 13 29 42 47 28 38 25 8 1 43 12 45 27 16 41 50 6 22 14 23 24 17 11 18 5 26 10 49 15 46 19 37 40 7 34 32 35 2 31 36 30 3 20 33 
student 139: 3 18 9 44 47 49 13 31 40 48 27 36 24 10 2 43 12 46 25 17 42 50 8 23 14 26 19 16 11 20 4 29 6 41 15 45 21 35 38 5 32 34 37 1 28 39 30 7 22 33 
student 140: 4 17 11 39 49 48 13 32 41 42 27 37 23 6 3 45 14 46 31 18 44 50 7 25 16 29 22 15 10 19 8 24 9 40 12 47 20 36 43 2 35 26 38 1 28 34 30 5 21 33 
student 141: 5 18 11 41 47 49 12 28 42 45 27 38 24 8 2 43 13 44 32 19 39 50 4 23 15 26 21 16 10 17 3 25 9 48 14 46 20 36 40 7 35 29 37 6 34 30 31 1 22 33 
student 142: 5 19 8 39 50 47 9 27 46 45 29 38 24 11 2 44 13 43 26 17 42 49 7 22 16 28 23 15 12 18 3 25 10 41 14 48 21 37 40 6 34 33 36 1 31 35 30 4 20 32 
student 143: 10 20 11 39 48 50 12 31 42 47 28 41 23 7 2 44 13 46 30 17 43 49 5 21 15 25 19 16 9 18 4 26 8 40 14 45 22 33 38 6 29 34 37 1 27 35 32 3 24 36 
student 144: 3 21 14 34 48 49 11 29 41 47 23 40 25 8 2 45 9 46 28 19 43 50 7 24 13 26 20 16 12 17 5 27 10 42 15 44 18 37 39 6 35 32 38 4 30 36 31 1 22 33 
student 145: 3 17 10 40 50 48 13 28 42 46 25 39 21 9 1 43 12 44 27 18 45 49 7 24 16 26 22 23 11 15 6 30 8 37 14 47 19 38 41 5 35 32 36 4 31 34 29 2 20 33 
student 146: 4 19 11 40 49 48 12 31 41 46 27 39 25 8 1 44 16 45 29 15 43 50 6 22 13 24 23 17 10 18 2 26 9 42 14 47 20 35 38 7 36 32 37 3 30 34 28 5 21 33 
student 147: 5 19 11 39 49 48 10 27 44 46 26 41 29 9 1 43 12 45 28 16 38 50 7 24 17 23 21 14 13 18 3 25 8 40 15 47 20 35 42 6 34 32 37 2 31 33 30 4 22 36 
student 148: 7 20 13 40 49 48 14 31 44 33 26 38 22 8 2 43 11 46 29 17 47 50 6 24 15 27 18 16 9 19 4 23 10 42 12 45 25 37 41 5 34 36 39 3 30 35 28 1 21 32 
student 149: 6 20 11 38 50 48 14 29 41 47 27 39 24 8 1 44 12 45 28 15 43 49 7 23 13 25 22 16 10 17 3 26 9 42 18 46 19 34 40 5 35 31 36 2 33 32 30 4 21 37 
student 150: 4 17 13 41 49 47 11 27 40 48 29 39 26 8 1 44 12 46 25 20 43 50 9 19 18 24 22 15 10 16 3 28 6 42 14 45 21 36 38 7 34 32 37 2 31 35 30 5 23 33 
student 151: 6 19 11 38 48 49 15 30 40 47 27 39 26 7 4 43 13 44 29 18 45 50 8 23 12 25 22 17 10 16 5 24 9 41 14 46 21 35 42 3 34 32 37 2 28 36 31 1 20 33 
student 152: 6 20 10 41 50 47 11 28 39 48 26 38 24 14 1 44 13 45 25 17 42 49 9 21 15 22 23 16 7 19 4 30 8 40 12 46 18 36 43 5 34 31 37 3 29 35 32 2 27 33 
student 153: 6 20 13 37 48 50 14 33 41 42 28 36 26 7 1 44 9 47 27 17 43 49 8 19 16 25 24 15 11 18 3 29 10 45 12 46 21 39 40 5 34 31 35 2 30 38 23 4 22 32 
student 154: 4 18 12 37 48 50 14 27 40 47 28 36 24 10 2 44 11 45 29 17 43 49 7 22 16 25 23 15 8 19 6 26 13 42 9 46 21 38 39 5 32 30 41 1 33 35 31 3 20 34 
student 155: 6 21 12 39 48 47 14 31 41 46 25 36 20 5 1 43 9 45 27 19 44 49 8 24 17 26 22 13 11 16 3 28 10 42 15 50 23 35 40 4 33 34 38 2 30 37 29 7 18 32 
student 156: 6 17 12 39 44 49 11 31 40 48 27 41 23 4 5 43 13 47 28 19 45 50 7 20 15 22 24 18 9 16 3 26 10 42 14 46 21 33 38 8 36 32 37 2 29 35 34 1 25 30 
student 157: 3 21 13 37 49 46 11 30 41 47 27 39 24 6 1 44 12 48 28 16 43 50 7 20 17 25 23 15 9 18 5 26 10 42 14 45 19 38 40 2 34 33 35 4 32 36 31 8 22 29 
student 158: 3 19 11 41 50 48 10 26 42 47 29 40 21 9 1 44 8 45 28 17 43 49 7 22 15 25 24 16 13 18 6 27 12 39 14 46 20 36 37 4 32 33 38 2 31 35 30 5 23 34 
student 159: 1 18 11 38 50 46 14 27 41 47 30 35 26 8 2 45 12 44 29 19 43 48 7 23 15 24 22 17 10 16 4 25 9 42 13 49 20 36 40 5 37 31 34 6 28 39 33 3 21 32 
student 160: 3 20 11 39 48 47 12 32 42 49 24 38 25 9 1 43 10 44 28 17 41 50 8 23 15 26 21 16 14 18 7 27 6 45 13 46 22 36 40 5 34 30 37 2 29 35 31 4 19 33 
student 161: 5 19 8 39 50 49 13 29 43 48 28 38 24 6 1 44 11 46 26 17 42 45 7 22 15 25 23 16 12 18 4 27 10 41 14 47 21 37 40 9 35 31 36 2 30 33 32 3 20 34 
student 162: 8 16 10 40 50 47 13 31 41 46 28 37 24 12 1 44 11 45 26 18 43 49 6 23 15 25 19 17 5 21 7 27 4 42 14 48 20 36 38 3 35 29 39 2 32 34 33 9 22 30 
student 163: 7 20 12 36 49 47 13 29 44 48 28 35 24 8 1 43 9 45 27 18 40 50 4 23 15 26 22 16 11 19 6 25 10 41 14 46 17 38 42 5 32 34 39 3 31 37 33 2 21 30 
student 164: 3 18 11 39 50 48 14 26 45 46 28 38 24 9 1 44 10 42 29 15 43 49 6 20 16 27 22 17 8 21 5 25 12 40 13 47 23 37 41 7 34 33 35 2 30 36 31 4 19 32 
student 165: 8 19 10 39 49 43 11 30 40 48 27 38 24 9 5 46 15 41 26 17 42 50 6 21 16 25 23 14 4 18 7 29 12 45 13 47 22 36 44 2 34 32 37 1 28 35 31 3 20 33 
student 166: 5 18 16 40 48 49 14 26 41 47 29 37 25 8 2 42 10 44 30 15 45 50 6 21 19 24 22 13 11 17 4 28 9 43 12 46 20 35 39 7 34 32 38 1 27 36 31 3 23 33 
student 167: 5 23 10 39 49 48 13 29 42 47 26 37 24 9 1 44 12 46 28 16 43 50 6 21 14 25 22 17 11 18 7 27 8 40 15 45 19 36 41 4 31 33 38 2 30 35 32 3 20 34 
student 168: 5 20 10 38 50 46 13 30 40 48 27 39 24 8 1 44 12 45 29 17 42 49 6 18 14 26 22 16 9 19 3 25 7 43 15 47 23 37 41 11 34 32 36 4 31 35 28 2 21 33 
student 169: 7 20 11 41 49 48 14 27 39 47 29 38 24 6 2 44 12 45 30 18 43 50 8 16 15 25 22 17 10 19 4 26 9 40 13 46 21 36 42 5 32 35 37 1 28 34 31 3 23 33 
student 170: 6 19 10 39 50 47 14 30 41 48 26 37 24 8 1 43 11 45 21 13 44 49 4 22 17 27 25 18 9 16 5 29 12 42 15 46 20 35 40 7 38 32 36 2 31 34 28 3 23 33 
student 171: 2 20 14 35 48 47 16 24 41 46 28 39 22 11 1 44 10 45 29 15 43 50 8 21 13 25 23 17 9 18 5 27 7 42 12 49 26 33 40 6 37 30 38 3 31 36 32 4 19 34 
student 172: 5 19 11 38 48 49 13 30 43 47 28 39 23 10 1 41 12 45 27 17 44 50 7 24 15 25 21 16 9 18 2 26 8 42 14 46 20 37 40 6 34 32 36 4 29 35 31 3 22 33 
student 173: 5 19 11 37 48 49 15 27 41 47 29 38 28 7 2 43 12 44 25 17 42 50 8 21 14 24 23 18 10 16 4 26 9 45 13 46 20 36 40 6 35 32 39 1 30 34 31 3 22 33 
student 174: 6 22 10 40 49 48 14 30 39 47 27 38 24 11 4 46 12 45 28 16 44 50 7 21 13 23 20 17 9 19 3 26 8 43 15 42 18 35 41 5 33 34 36 1 31 37 29 2 25 32 
student 175: 5 18 11 38 49 48 12 31 40 47 30 42 25 8 1 44 13 45 27 16 41 50 7 22 14 21 24 17 10 19 4 26 9 43 15 46 20 37 39 6 33 34 35 3 28 36 29 2 23 32 
student 176: 1 19 12 42 47 44 11 29 40 48 27 38 20 10 2 41 15 45 31 17 49 50 4 26 13 25 23 16 7 18 5 24 9 46 14 43 21 37 39 6 34 30 36 8 28 35 32 3 22 33 
student 177: 2 19 10 39 50 49 14 30 42 46 23 36 25 7 1 45 13 47 29 17 43 48 8 22 16 26 24 11 12 18 4 27 9 41 15 44 21 37 40 6 35 31 38 5 28 33 34 3 20 32 
student 178: 3 23 14 38 50 48 12 28 42 45 26 40 31 7 2 43 11 47 27 19 44 49 9 21 16 24 25 17 10 13 4 18 8 41 15 46 22 35 39 6 34 32 37 1 29 36 30 5 20 33 
student 179: 3 18 10 36 47 49 13 33 42 48 26 39 24 8 1 45 12 46 28 21 43 50 7 22 16 25 23 15 11 17 4 27 9 41 14 44 19 34 40 5 35 30 37 2 31 38 29 6 20 32 
student 180: 5 19 10 40 49 48 14 29 43 47 26 38 25 8 2 44 15 45 27 18 41 50 6 23 13 21 24 16 9 17 4 28 11 42 12 46 20 36 39 7 37 31 34 3 30 33 32 1 22 35 
student 181: 7 18 9 38 48 50 13 29 43 49 27 40 22 6 1 44 12 45 28 20 42 47 8 19 14 25 21 16 11 17 4 26 10 41 15 46 24 36 39 5 33 32 37 2 30 35 31 3 23 34 
student 182: 4 18 10 40 49 48 16 31 43 47 28 38 24 9 1 42 11 44 25 13 39 50 8 22 14 26 23 20 12 17 3 27 6 46 15 45 19 36 41 7 33 29 37 2 32 35 30 5 21 34 
student 183: 4 19 10 38 49 48 13 28 40 46 29 42 24 6 1 41 12 43 30 17 39 50 7 22 14 26 23 16 11 18 9 25 8 45 15 47 20 37 44 5 36 32 34 2 27 31 35 3 21 33 
student 184: 7 19 12 39 48 49 15 29 41 46 28 38 24 6 1 45 11 44 27 16 43 50 4 22 14 25 23 13 10 18 2 26 9 42 17 47 21 37 40 8 34 32 36 3 33 35 30 5 20 31 
student 185: 5 20 14 38 48 46 12 29 42 47 28 37 23 10 1 41 9 45 27 15 44 49 7 21 16 24 25 17 11 19 4 26 8 43 13 50 22 39 40 6 33 31 35 3 30 36 32 2 18 34 
student 186: 4 19 14 40 48 47 9 30 41 49 29 37 25 11 1 46 15 39 27 16 45 50 10 22 13 23 24 17 8 18 6 26 7 42 12 44 21 43 38 5 33 34 36 2 28 35 32 3 20 31 
student 187: 5 19 9 39 50 48 13 30 41 47 27 40 24 10 1 42 12 43 28 16 45 49 7 20 14 26 23 17 8 18 3 25 11 44 15 46 22 36 38 6 35 33 37 4 29 34 32 2 21 31 
student 188: 6 21 12 38 49 47 16 28 41 48 27 34 25 8 1 44 11 45 29 17 43 50 10 23 13 24 22 14 9 18 4 26 7 42 15 46 20 37 39 3 36 31 40 5 30 35 32 2 19 33 
student 189: 6 21 10 41 49 47 12 30 37 45 27 38 24 5 1 44 13 48 28 14 42 50 9 25 16 19 22 18 8 17 4 26 11 40 15 46 23 35 43 7 36 32 39 3 29 34 31 2 20 33 
student 190: 6 14 7 38 48 47 13 26 43 49 33 39 32 9 4 45 12 42 30 19 41 50 8 24 15 17 25 18 11 20 2 23 10 44 16 46 21 36 40 5 31 34 37 1 27 35 28 3 22 29 
student 191: 7 16 12 40 47 49 18 29 41 46 28 37 24 8 1 45 13 44 27 14 43 50 5 17 19 25 21 23 10 15 6 26 9 42 11 48 22 34 39 3 31 35 38 2 30 36 33 4 20 32 
student 192: 6 21 12 40 49 48 13 30 41 46 27 39 26 11 2 47 15 43 28 16 44 50 7 22 14 23 24 17 10 19 3 25 9 42 8 45 20 37 38 5 33 34 36 1 29 35 31 4 18 32 
student 193: 8 18 12 41 49 48 13 31 40 45 25 33 24 6 2 46 9 42 27 19 44 50 7 22 16 28 26 17 11 15 1 23 10 43 14 47 20 36 39 5 37 30 38 4 29 34 35 3 21 32 
student 194: 4 17 13 39 49 48 12 28 43 46 29 38 25 8 1 40 11 42 27 15 45 50 6 24 16 26 21 18 10 19 2 23 9 44 14 47 20 36 41 5 34 33 35 3 31 37 30 7 22 32 
student 195: 7 17 13 41 49 48 14 29 42 47 28 40 26 9 1 43 11 44 23 16 37 50 8 22 19 24 25 15 6 20 5 27 10 45 12 46 18 36 38 4 35 32 39 2 30 34 31 3 21 33 
student 196: 6 18 11 40 50 47 13 30 41 48 27 34 23 8 1 45 12 46 28 17 43 49 9 24 15 25 22 19 7 14 4 26 10 42 16 44 20 36 39 5 37 32 38 2 29 35 31 3 21 33 
student 197: 6 18 13 40 50 49 11 28 42 45 27 39 24 7 1 44 12 47 29 17 46 48 8 21 15 25 23 16 10 19 4 26 9 41 14 43 22 36 38 5 35 34 37 2 31 33 30 3 20 32 
student 198: 4 20 8 41 49 43 15 29 42 48 25 39 26 10 2 47 14 46 28 16 44 50 7 21 12 24 23 17 11 18 6 27 9 40 13 45 19 35 38 5 34 32 37 1 30 36 31 3 22 33 
student 199: 9 17 11 40 49 48 14 29 41 45 26 38 24 8 3 46 13 47 28 15 43 50 7 19 20 25 22 16 2 21 6 27 10 42 12 44 23 37 39 5 33 34 36 1 30 35 32 4 18 31 
student 200: 5 21 10 39 47 48 13 30 40 50 27 36 25 12 1 43 11 45 26 17 44 49 7 22 15 28 23 16 9 20 4 24 8 41 14 46 18 35 42 6 34 29 38 2 31 37 33 3 19 32 
student 201: 6 17 12 39 45 47 9 27 41 50 25 38 24 7 1 43 14 44 29 19 42 49 2 22 18 26 23 15 11 16 5 32 13 46 10 48 21 35 40 8 31 34 36 3 30 33 28 4 20 37 
student 202: 5 18 13 39 47 49 10 29 41 48 26 36 22 6 1 44 9 45 28 20 42 50 8 23 14 24 25 17 12 16 4 27 11 43 15 46 19 32 40 7 38 31 35 2 30 37 33 3 21 34 
student 203: 7 17 11 41 49 46 13 28 39 48 24 38 26 9 4 44 12 45 30 18 43 50 8 23 15 25 22 16 10 19 5 27 3 42 14 47 20 34 40 1 36 31 35 2 29 37 33 6 21 32 
student 204: 8 18 11 40 47 50 12 29 41 45 28 38 24 10 2 43 14 49 26 16 42 46 4 23 22 25 21 15 9 17 7 27 5 44 13 48 19 36 39 6 34 32 37 1 31 35 30 3 20 33 
student 205: 5 19 10 38 48 44 12 32 39 49 29 37 23 9 2 46 14 45 27 18 43 50 8 21 17 25 24 15 11 20 3 26 7 41 13 47 16 36 40 6 35 34 42 1 28 33 31 4 22 30 
student 206: 5 18 11 37 48 50 14 31 40 47 30 36 24 10 2 45 13 42 26 19 44 49 8 22 15 28 23 16 9 17 4 25 6 43 12 46 20 35 39 7 33 29 38 3 27 41 34 1 21 32 
student 207: 5 22 12 39 48 46 11 29 41 44 27 36 25 9 1 42 13 47 28 20 45 50 7 21 19 24 23 15 8 14 3 26 10 43 17 49 18 35 40 6 34 33 38 2 30 37 31 4 16 32 
student 208: 5 18 10 37 49 48 13 29 39 46 27 33 23 8 2 42 12 41 28 20 45 50 7 22 14 24 25 16 11 17 1 26 9 44 15 47 19 36 43 6 35 32 40 3 30 38 31 4 21 34 
student 209: 6 17 10 42 50 49 11 29 40 48 25 38 23 8 1 43 14 45 28 16 44 47 5 18 15 26 24 19 9 20 4 27 12 41 13 46 21 35 39 7 36 34 37 3 30 33 31 2 22 32 
student 210: 4 19 11 40 46 47 14 30 41 45 24 38 22 8 1 49 9 44 26 17 43 48 7 21 13 27 25 15 12 18 5 29 10 42 16 50 20 37 39 6 34 31 36 2 32 35 28 3 23 33 
student 211: 6 19 12 39 49 48 13 28 42 47 25 38 26 8 3 44 11 46 30 15 41 50 9 20 18 24 21 16 10 17 5 27 7 43 14 45 22 34 40 4 37 32 36 1 31 35 29 2 23 33 
student 212: 5 19 12 42 50 46 11 28 39 49 24 38 25 7 1 43 14 45 27 18 41 48 6 22 13 30 23 17 9 15 4 26 10 40 16 47 20 35 44 8 34 32 37 3 29 36 31 2 21 33 
student 213: 4 18 13 39 49 45 11 28 40 46 26 37 22 9 1 47 10 44 27 19 43 50 6 21 16 25 24 15 12 17 5 33 8 41 14 48 23 35 42 7 34 32 36 3 30 38 31 2 20 29 
student 214: 3 19 13 39 49 48 12 26 40 47 29 38 25 6 1 44 10 45 31 17 43 50 8 21 14 27 22 16 7 18 5 24 11 42 15 46 23 34 41 9 37 32 36 2 30 35 28 4 20 33 
student 215: 5 19 11 39 49 48 13 31 42 47 26 38 24 10 4 41 12 46 29 17 44 50 7 21 15 25 22 16 9 18 3 27 8 43 14 45 20 36 40 6 34 28 37 1 30 35 32 2 23 33 
student 216: 6 21 9 38 50 48 16 29 42 49 27 39 24 7 1 44 13 45 30 14 43 47 10 22 17 25 23 12 8 20 5 26 11 41 15 46 19 36 40 3 34 33 37 2 28 35 32 4 18 31 
student 217: 6 22 10 40 49 48 13 32 41 46 27 38 24 7 1 44 11 45 28 19 43 50 5 23 16 26 25 15 8 18 4 20 12 42 17 47 14 36 39 9 35 34 37 3 30 33 31 2 21 29 
student 218: 6 20 12 40 49 48 13 27 41 47 24 37 26 8 1 46 10 45 28 17 44 50 4 25 16 18 23 15 9 19 5 31 11 43 14 42 22 36 39 7 34 32 38 3 29 35 30 2 21 33 
student 219: 9 19 11 42 49 46 14 30 40 48 27 37 24 8 1 45 13 44 29 16 43 50 6 17 15 23 22 20 7 18 4 26 10 41 12 47 25 38 39 5 35 28 36 3 31 34 32 2 21 33 
student 220: 5 20 13 34 49 48 10 29 41 47 27 38 25 9 3 43 12 45 30 16 42 50 6 24 17 23 21 15 11 18 4 26 8 44 14 46 19 37 40 7 35 33 39 1 32 36 28 2 22 31 
student 221: 5 19 11 39 48 49 12 30 40 45 27 37 25 6 4 46 13 42 28 18 44 50 7 22 14 23 24 17 9 16 1 26 10 43 15 47 20 38 41 3 35 33 34 2 29 36 31 8 21 32 
student 222: 2 20 11 38 49 47 13 29 41 43 28 34 22 8 1 44 12 46 27 17 45 50 6 21 15 26 25 16 10 18 7 24 9 42 14 48 19 36 40 3 35 33 39 4 32 37 30 5 23 31 
student 223: 6 19 11 39 48 47 15 29 42 49 28 37 20 9 2 44 14 45 24 17 40 50 5 23 16 25 27 13 10 18 4 26 8 43 12 46 22 33 38 7 34 36 41 3 32 35 31 1 21 30 
student 224: 8 23 11 40 45 50 14 32 41 48 27 38 25 7 1 42 12 46 30 18 43 49 5 24 13 26 20 15 10 19 6 22 9 44 17 47 21 36 39 4 33 31 37 3 28 35 29 2 16 34 
student 225: 5 16 8 37 48 49 11 29 40 47 28 35 27 9 4 45 10 44 24 18 46 50 7 20 14 25 23 15 13 17 3 26 12 42 19 43 21 36 38 6 34 32 41 2 30 39 31 1 22 33 
student 226: 5 19 13 40 48 49 9 30 41 47 27 38 24 8 1 44 14 45 26 16 42 50 7 22 17 25 23 15 10 18 3 28 12 43 11 46 20 37 39 6 34 33 36 2 29 35 31 4 21 32 
student 227: 5 20 13 38 49 47 14 29 42 46 30 36 24 10 1 44 11 43 27 18 48 50 8 21 15 23 25 22 9 16 4 26 6 41 12 45 17 39 40 7 33 34 37 2 32 35 28 3 19 31 
student 228: 6 26 12 39 50 45 13 29 41 47 28 40 24 8 3 42 11 48 27 15 44 49 5 21 16 22 23 14 9 19 1 25 10 43 18 46 17 33 36 7 35 32 37 2 31 38 30 4 20 34 
student 229: 5 22 12 39 48 46 13 27 43 49 26 41 24 7 2 38 10 47 29 15 45 50 9 20 18 25 21 16 11 14 4 28 8 37 17 44 19 40 42 6 30 35 34 1 33 36 31 3 23 32 
student 230: 4 20 10 38 47 45 14 27 41 49 30 39 25 5 3 44 13 46 28 21 43 50 9 22 12 24 23 17 11 18 6 26 8 42 15 48 16 37 40 7 32 33 34 1 31 36 29 2 19 35 
student 231: 4 19 6 38 48 47 13 29 41 46 28 36 24 10 5 43 11 50 26 17 44 49 8 22 16 25 23 15 12 18 3 27 9 42 14 45 20 35 40 7 37 32 39 2 30 34 31 1 21 33 
student 232: 5 18 10 38 49 46 12 29 41 47 27 37 25 8 2 45 11 44 28 17 43 50 13 23 15 24 22 14 9 19 4 26 7 42 16 48 20 36 40 6 33 32 39 3 30 34 31 1 21 35 
student 233: 5 21 11 41 50 48 15 28 39 49 27 37 22 9 1 44 12 45 31 16 43 47 7 25 17 24 23 14 10 18 3 26 8 40 13 46 20 42 38 6 33 36 35 4 29 32 34 2 19 30 
student 234: 5 20 12 38 47 50 13 24 41 48 29 37 25 8 2 46 10 45 28 14 42 49 7 22 15 26 23 17 11 18 4 27 9 43 19 44 21 35 40 6 33 31 36 1 30 39 32 3 16 34 
student 235: 4 20 10 40 50 48 11 30 41 47 23 37 26 8 1 43 15 46 29 16 42 49 6 25 13 27 21 17 9 18 5 24 12 44 14 45 22 39 38 7 34 31 36 2 28 35 33 3 19 32 
student 236: 6 19 10 34 49 48 13 28 39 45 29 38 23 7 3 42 12 46 26 17 43 50 8 21 15 24 27 16 11 18 4 25 9 41 14 47 20 37 40 5 36 33 44 1 31 35 30 2 22 32 
student 237: 4 20 11 42 49 48 13 30 40 50 25 37 26 8 2 44 12 45 28 19 43 46 7 21 17 27 22 18 10 15 3 24 9 41 14 47 16 35 39 6 33 32 38 1 29 36 31 5 23 34 
student 238: 7 21 10 41 49 48 17 29 39 47 30 37 26 9 3 43 12 45 27 16 44 50 5 25 13 22 23 14 8 18 1 24 11 40 15 46 19 35 42 6 34 31 38 2 28 36 32 4 20 33 
student 239: 6 19 11 39 47 48 13 34 43 45 27 38 23 7 1 40 12 44 28 17 46 50 8 22 16 25 20 14 9 18 4 29 10 42 15 49 24 37 41 5 35 31 36 3 26 33 30 2 21 32 
student 240: 4 17 11 40 49 48 12 32 41 47 27 36 26 15 1 44 10 45 28 18 42 50 8 22 16 24 23 14 9 19 5 25 7 43 13 46 20 34 39 6 35 31 38 2 30 37 29 3 21 33 
student 241: 4 21 9 40 50 47 13 29 39 49 27 37 24 7 2 44 12 45 28 17 42 48 6 23 16 25 22 15 11 18 1 26 10 41 14 46 19 36 43 8 34 33 38 3 32 31 30 5 20 35 
student 242: 6 19 10 35 49 48 14 28 37 47 27 42 25 8 1 44 13 46 30 18 43 50 7 21 15 24 23 17 11 16 2 26 9 41 12 45 20 39 40 4 34 32 36 3 29 38 31 5 22 33 
student 243: 3 19 11 38 50 48 13 29 40 46 27 39 23 9 1 44 12 47 28 17 43 49 7 21 15 25 22 16 8 18 5 26 10 41 14 45 20 37 42 4 34 32 36 2 31 35 30 6 24 33 
student 244: 7 19 13 39 47 49 11 28 41 48 27 38 23 6 3 45 10 46 29 17 42 50 8 22 14 26 25 16 12 15 4 24 9 43 18 44 21 36 40 5 35 31 37 1 34 33 30 2 20 32 
student 245: 5 22 13 39 46 47 10 30 41 50 26 38 21 6 1 43 8 44 28 17 45 49 9 24 15 25 23 16 12 19 4 27 11 42 14 48 18 36 40 7 33 34 37 2 31 35 29 3 20 32 
student 246: 5 22 11 39 49 47 14 29 40 46 28 38 25 8 1 41 10 45 27 15 43 50 7 21 16 26 24 17 12 18 4 23 9 44 13 48 20 36 42 6 34 33 37 2 31 35 30 3 19 32 
student 247: 4 19 14 37 49 47 11 26 44 48 25 39 23 8 1 40 12 46 29 15 45 50 7 22 18 27 24 16 10 17 2 28 9 41 13 43 20 35 42 5 34 32 36 3 30 38 31 6 21 33 
student 248: 6 20 11 39 49 48 15 29 41 47 27 38 22 8 2 45 10 44 28 16 43 50 5 21 17 25 24 13 12 19 4 26 9 42 14 46 18 36 40 7 35 33 37 1 32 34 30 3 23 31 
student 249: 1 21 11 37 47 49 13 30 40 48 27 33 23 7 2 45 12 41 28 15 42 50 8 20 16 24 25 18 10 19 3 26 9 43 14 46 17 44 38 4 34 31 36 5 39 35 29 6 22 32 
student 250: 6 20 13 39 49 50 11 29 40 46 28 38 24 7 1 47 17 44 26 16 43 45 5 19 14 25 21 15 9 18 10 27 8 42 12 48 22 36 41 2 34 30 37 4 31 35 33 3 23 32 
student 251: 5 18 14 38 46 49 15 32 39 47 28 40 25 7 1 48 12 44 26 13 42 50 8 21 16 27 23 11 10 17 4 24 9 43 19 45 20 36 41 6 34 30 37 2 29 35 31 3 22 33 
student 252: 4 19 11 38 49 48 12 30 42 46 29 31 25 8 1 44 9 47 28 15 40 50 7 21 16 27 24 18 13 17 5 22 10 43 14 45 20 37 39 6 34 33 41 2 26 36 32 3 23 35 
student 253: 5 19 11 40 49 48 14 30 42 46 31 35 23 6 1 43 12 47 27 17 45 50 7 22 15 26 24 16 10 18 2 25 8 41 13 44 20 37 39 9 36 32 38 4 28 34 29 3 21 33 
student 254: 5 19 11 41 49 47 13 30 39 48 26 36 27 8 3 45 14 43 28 18 44 50 7 23 16 25 17 15 9 20 4 24 10 42 12 46 22 35 40 6 33 32 38 1 29 37 31 2 21 34 
student 255: 4 20 9 38 47 49 13 30 45 46 25 37 21 8 6 43 11 48 26 19 40 50 5 29 18 24 23 14 10 15 3 28 7 42 17 44 22 36 41 12 33 32 39 1 31 35 27 2 16 34 
student 256: 8 19 12 41 50 46 13 29 42 45 28 36 23 5 3 44 10 47 25 17 43 49 7 22 11 24 30 16 9 18 6 26 14 40 15 48 20 34 39 1 33 37 35 2 27 38 31 4 21 32 
student 257: 5 19 12 38 48 49 14 28 41 47 26 37 22 9 3 44 11 46 30 20 43 50 2 23 18 24 27 13 7 17 4 25 10 42 15 45 16 39 40 6 34 33 36 1 29 35 32 8 21 31 
student 258: 5 19 13 42 50 49 12 30 41 46 26 39 24 7 3 43 11 47 28 15 38 48 6 22 17 25 21 14 10 18 4 27 9 45 16 44 23 34 40 8 35 32 36 2 29 37 31 1 20 33 
student 259: 5 20 12 42 49 48 11 28 40 43 27 39 23 7 1 45 13 46 29 18 44 50 9 19 16 25 22 17 10 14 2 26 8 41 15 47 24 37 32 6 35 34 38 3 31 36 33 4 21 30 
student 260: 8 20 11 39 50 49 16 27 41 47 30 40 25 4 2 48 12 45 24 13 42 46 6 26 14 23 22 17 9 18 1 29 10 43 15 44 19 37 36 7 33 35 38 3 28 31 32 5 21 34 
student 261: 5 18 13 39 46 47 11 28 41 49 25 40 24 8 2 43 14 44 29 17 45 50 9 23 15 21 26 16 7 19 4 27 10 42 12 48 20 33 36 6 32 35 38 1 30 37 34 3 22 31 
student 262: 5 19 11 40 49 48 13 29 43 47 27 37 25 6 1 45 12 46 28 17 42 50 9 21 14 24 23 15 10 18 4 26 7 44 16 39 20 35 41 8 38 31 36 3 30 34 32 2 22 33 
student 263: 2 19 9 36 50 48 15 27 41 47 30 39 22 6 1 44 11 45 26 14 42 49 8 21 12 25 23 17 13 18 5 28 10 43 16 46 24 38 40 7 32 31 37 4 29 35 33 3 20 34 
student 264: 3 18 12 40 48 49 13 31 42 47 30 38 24 7 1 46 10 45 25 17 41 50 8 22 14 27 23 16 11 19 2 26 9 44 15 43 20 34 39 5 37 35 36 4 28 29 32 6 21 33 
student 265: 6 18 10 39 49 50 13 29 41 47 27 38 24 9 2 43 12 46 28 17 45 48 7 21 15 25 23 16 8 19 5 26 11 42 14 44 20 35 40 1 34 32 37 4 30 36 31 3 22 33 
student 266: 2 19 12 40 48 49 11 27 41 47 23 38 24 6 1 45 8 44 28 16 42 50 13 25 18 26 21 14 10 17 4 30 9 39 15 46 20 35 43 5 36 32 37 3 29 34 31 7 22 33 
student 267: 5 20 12 39 50 48 11 28 40 49 27 38 24 8 2 46 9 47 30 16 41 44 7 22 15 25 23 18 13 17 4 26 10 43 14 45 21 35 42 6 34 32 37 3 31 36 29 1 19 33 
student 268: 8 17 11 36 49 48 15 29 37 47 28 40 23 7 2 44 16 45 27 19 43 50 6 24 13 25 22 14 12 21 5 26 10 41 9 46 18 38 42 4 33 31 39 1 35 34 30 3 20 32 
student 269: 5 19 10 40 49 50 14 29 41 48 27 38 25 9 2 42 13 43 32 18 47 46 8 22 16 26 20 15 12 17 4 24 7 44 11 45 21 36 39 6 33 31 37 1 28 34 30 3 23 35 
student 270: 5 23 12 40 49 47 11 25 39 46 28 37 22 8 1 42 15 44 30 20 45 50 7 26 17 24 21 14 9 16 4 27 10 43 13 48 18 38 41 3 34 33 36 6 32 35 29 2 19 31 
student 271: 3 18 9 41 49 47 13 27 44 48 28 36 24 10 1 42 12 40 29 15 46 50 7 22 17 25 23 16 11 20 8 26 6 45 14 43 19 37 39 5 35 33 38 4 31 32 30 2 21 34 
student 272: 3 20 14 37 49 48 13 31 41 46 28 38 25 9 1 43 11 42 29 16 44 50 7 22 15 24 23 19 10 17 4 26 8 47 12 45 21 33 40 6 35 32 39 5 27 36 30 2 18 34 
student 273: 5 20 10 38 49 46 13 28 41 45 27 35 24 9 1 47 12 48 31 18 42 50 7 22 16 25 23 14 11 19 3 26 8 43 15 44 17 34 40 6 33 32 37 2 29 39 30 4 21 36 
student 274: 4 16 11 40 46 50 8 28 41 49 27 38 24 9 1 42 19 47 26 18 44 48 7 23 14 25 22 15 13 17 5 29 10 43 12 45 20 37 39 6 34 33 36 2 30 35 31 3 21 32 
student 275: 4 19 9 42 50 48 11 29 44 46 26 40 23 6 1 43 13 45 28 17 41 49 8 22 15 27 24 16 7 18 5 25 12 37 14 47 20 39 36 10 31 30 38 2 32 34 33 3 21 35 
student 276: 6 20 11 40 49 48 12 30 36 47 24 41 28 3 1 39 17 45 27 18 44 50 9 23 14 25 19 15 10 16 7 26 8 43 13 46 21 37 42 4 35 32 38 2 29 34 31 5 22 33 
student 277: 6 20 11 39 49 48 13 28 41 47 26 38 25 8 1 42 14 45 29 19 44 50 7 21 12 24 23 15 10 18 5 27 9 43 16 46 17 34 40 4 36 31 37 3 30 35 32 2 22 33 
student 278: 7 19 8 39 49 48 13 29 40 47 28 38 26 10 2 45 12 43 25 15 42 50 6 27 16 23 21 18 11 17 5 24 9 44 14 46 22 36 41 1 34 33 37 3 30 35 31 4 20 32 
student 279: 6 19 10 39 48 49 14 31 41 45 30 37 24 11 2 43 12 46 23 16 44 50 5 28 15 27 25 17 9 18 1 22 7 42 13 47 20 36 40 8 32 33 38 3 26 35 34 4 21 29 
student 280: 7 20 9 37 49 48 13 28 39 45 27 36 22 6 1 43 2 44 29 17 47 50 12 23 16 25 24 14 15 18 5 26 8 42 11 46 21 34 41 10 38 30 40 3 31 33 35 4 19 32 
student 281: 6 18 15 39 49 48 13 29 41 47 28 38 24 7 2 43 11 45 26 19 44 50 9 23 14 25 21 17 10 22 3 27 8 42 12 46 16 36 40 4 35 30 37 1 32 34 31 5 20 33 
student 282: 10 20 8 39 49 48 13 32 41 47 24 38 25 9 2 44 11 46 29 14 43 50 1 22 19 27 23 15 17 16 5 26 7 42 12 45 18 36 40 6 34 33 37 4 28 35 30 3 21 31 
student 283: 5 17 10 39 47 44 9 32 41 50 27 37 28 8 1 45 13 46 30 16 43 49 7 23 21 26 24 15 12 18 4 22 11 42 14 48 19 35 40 6 34 31 38 3 25 36 29 2 20 33 
student 284: 7 17 9 43 48 49 15 29 41 47 26 40 25 8 1 45 12 46 28 18 44 50 5 24 14 23 22 16 10 19 3 27 11 42 13 38 20 36 37 6 35 31 39 2 32 33 30 4 21 34 
student 285: 6 18 11 37 48 47 13 26 41 49 28 40 24 8 1 43 14 44 29 16 45 50 7 22 15 25 23 17 10 20 4 27 9 38 12 46 19 34 42 5 36 30 39 2 32 33 31 3 21 35 
student 286: 5 19 11 41 47 48 12 28 40 50 27 37 25 8 2 45 15 43 30 17 44 49 7 21 13 26 22 16 14 18 3 24 9 42 10 46 20 38 39 6 31 33 36 4 32 35 29 1 23 34 
student 287: 5 16 11 41 50 46 15 28 43 48 26 39 24 7 1 44 12 47 27 20 38 49 6 23 14 25 22 17 10 19 2 29 9 42 13 45 21 36 40 4 34 32 37 8 30 35 31 3 18 33 
student 288: 6 16 11 39 46 45 13 30 43 50 27 38 24 7 1 48 12 44 26 17 42 49 8 22 15 29 23 18 10 19 4 25 9 41 14 47 20 35 40 5 37 32 36 2 31 34 28 3 21 33 
student 289: 5 17 11 38 47 49 12 26 41 48 29 40 25 8 3 45 15 44 28 18 43 50 7 21 14 27 24 16 10 19 2 22 9 42 13 46 20 36 39 6 32 33 37 1 30 34 31 4 23 35 
student 290: 1 22 10 35 49 48 14 27 43 47 25 39 26 9 3 44 11 45 31 20 41 50 7 21 15 28 24 16 12 17 5 23 8 42 13 46 19 38 40 6 34 32 36 4 29 37 30 2 18 33 
student 291: 4 19 9 39 49 48 14 30 41 47 27 38 25 7 2 43 12 45 31 15 46 50 8 26 16 21 23 17 10 20 5 24 11 42 13 44 22 36 40 6 34 32 37 3 28 35 29 1 18 33 
student 292: 6 20 12 38 49 46 15 31 42 44 29 39 23 8 1 45 13 47 27 17 43 50 7 21 14 24 22 16 10 19 2 26 9 41 11 48 18 36 40 5 34 33 37 4 32 35 30 3 25 28 
student 293: 6 18 11 42 49 46 13 30 40 48 27 38 26 8 1 47 12 44 28 20 43 50 7 21 15 24 23 16 10 17 3 25 9 41 14 45 19 36 37 4 39 32 35 2 29 33 31 5 22 34 
student 294: 7 20 11 40 50 47 13 28 41 48 30 34 21 8 1 43 12 45 26 15 44 49 2 23 16 25 24 14 10 19 4 29 9 42 17 46 18 35 39 6 32 33 38 5 36 37 31 3 22 27 
student 295: 4 18 11 39 50 47 13 29 40 48 27 38 24 10 2 45 12 42 28 19 44 49 8 23 15 25 21 16 9 17 6 26 7 43 14 46 22 36 41 5 33 31 35 3 34 37 30 1 20 32 
student 296: 8 18 10 38 49 48 14 28 40 45 27 39 26 7 1 44 13 47 29 17 43 50 6 21 16 24 22 15 12 20 3 25 9 42 11 46 23 37 41 5 34 35 36 2 33 32 31 4 19 30 
student 297: 6 18 10 39 50 49 13 30 41 47 25 37 24 7 1 43 12 44 29 16 45 48 8 22 17 28 23 15 9 19 4 26 11 42 14 46 21 36 40 5 33 34 38 2 31 35 27 3 20 32 
student 298: 4 21 10 39 48 49 15 28 42 46 27 37 25 8 1 44 12 47 29 19 43 50 7 24 17 23 20 14 11 16 2 26 9 38 13 45 18 36 41 6 35 31 40 3 33 34 30 5 22 32 
student 299: 3 19 11 41 45 48 13 30 43 46 28 40 23 8 2 44 12 50 29 17 39 49 7 22 15 25 24 16 10 18 5 26 9 42 14 47 20 38 37 6 34 27 36 4 31 35 32 1 21 33 
student 300: 8 21 11 41 50 48 13 26 39 46 28 38 24 4 1 43 10 44 30 16 45 49 9 23 15 27 22 17 7 18 6 25 12 42 14 47 19 35 40 3 33 34 37 2 31 32 29 5 20 36 
student 301: 5 23 11 38 47 49 14 28 43 48 29 37 24 9 1 45 12 44 27 16 41 50 7 17 15 26 22 18 10 20 4 25 8 40 13 46 19 39 42 6 35 32 36 2 30 34 33 3 21 31 
student 302: 4 17 11 41 47 50 12 31 44 48 27 39 25 8 1 45 14 43 29 18 40 49 5 22 16 21 23 15 9 20 6 26 10 37 13 46 19 36 42 7 32 28 38 2 30 35 33 3 24 34 
student 303: 4 18 13 41 50 48 14 27 40 46 28 35 25 9 3 44 12 49 29 20 43 47 7 23 15 24 22 16 11 21 5 26 8 42 10 45 17 34 38 6 37 36 39 2 30 33 32 1 19 31 
student 304: 4 17 11 40 48 47 12 26 42 46 27 39 24 7 2 38 13 44 30 15 45 50 8 20 16 25 23 18 9 19 6 28 10 43 14 49 21 34 41 5 36 33 37 3 29 32 31 1 22 35 
student 305: 5 19 12 37 49 48 10 28 39 44 27 40 23 9 1 43 14 47 29 18 45 50 8 20 15 25 22 16 11 17 4 26 6 41 13 46 21 36 38 7 34 33 42 2 31 35 30 3 24 32 
student 306: 6 22 11 40 49 47 13 27 42 48 28 39 20 10 1 43 12 45 29 17 44 50 8 23 15 24 21 16 9 18 3 26 7 38 14 46 19 35 41 5 34 32 36 4 30 37 31 2 25 33 
student 307: 4 19 8 39 48 49 10 30 42 46 27 37 23 6 2 44 13 45 28 16 43 50 5 20 18 25 24 14 7 17 3 26 11 41 15 47 22 36 40 9 33 32 35 1 29 38 31 12 21 34 
student 308: 6 19 8 38 49 48 13 29 42 45 27 39 21 10 2 44 12 46 26 18 43 50 9 22 15 25 24 16 11 17 4 28 7 41 14 47 20 35 40 5 33 31 36 3 30 37 32 1 23 34 
student 309: 3 20 9 41 50 47 14 31 42 46 29 39 18 7 1 45 13 44 26 19 43 49 4 25 17 28 22 16 11 15 5 23 10 40 12 48 21 38 36 8 32 27 30 2 33 37 34 6 24 35 
student 310: 5 21 13 37 49 47 6 31 43 48 26 39 25 10 1 41 12 45 28 19 42 50 8 20 14 24 23 17 9 18 4 27 11 44 15 46 16 36 40 7 29 35 38 2 32 34 30 3 22 33 
student 311: 7 20 14 39 49 45 9 31 41 48 27 37 24 8 2 44 10 46 29 17 43 50 11 22 16 25 23 15 13 18 3 26 5 42 12 47 19 35 40 6 33 30 38 4 28 34 32 1 21 36 
student 312: 5 20 9 40 50 48 13 28 38 47 30 39 25 7 2 44 12 43 27 19 45 49 8 22 16 23 24 14 10 17 3 26 11 42 15 46 18 35 41 6 34 29 36 1 31 33 32 4 21 37 
student 313: 5 20 7 41 48 49 12 28 39 47 29 38 24 4 2 44 9 45 27 16 43 50 6 22 15 25 23 19 13 18 8 26 10 42 14 46 17 36 40 11 35 31 37 1 34 33 30 3 21 32 
student 314: 5 18 11 44 50 49 14 25 39 43 28 40 24 7 1 46 9 45 31 22 42 48 6 21 16 26 23 15 10 17 3 27 12 38 13 47 19 36 41 8 34 29 37 4 30 35 33 2 20 32 
student 315: 5 16 10 39 48 45 13 26 41 49 30 35 28 9 1 43 12 46 25 18 44 50 7 21 17 29 23 24 11 15 4 22 8 42 14 47 19 36 38 6 31 33 37 2 27 40 32 3 20 34 
student 316: 6 14 11 41 49 48 13 29 39 46 27 36 23 7 2 44 12 47 28 17 43 50 8 20 16 24 22 19 10 21 5 25 9 42 15 45 18 38 40 4 32 30 37 3 31 35 33 1 26 34 
student 317: 5 18 14 39 50 48 9 31 43 45 28 37 24 10 3 41 13 47 29 17 42 49 7 22 15 25 23 16 11 19 2 26 8 44 12 46 21 36 40 6 34 27 38 4 32 35 30 1 20 33 
student 318: 3 20 11 39 50 45 16 29 42 46 28 38 27 8 2 43 12 48 26 17 44 49 10 24 13 23 21 15 9 19 5 25 7 40 14 47 18 37 41 6 34 32 36 1 30 35 31 4 22 33 
student 319: 2 16 11 41 50 46 13 31 40 48 26 38 27 8 1 45 12 44 28 19 43 47 6 23 14 24 22 15 10 17 5 25 9 42 18 49 20 37 39 7 33 32 36 3 30 35 29 4 21 34 
student 320: 6 22 14 39 49 47 15 30 43 50 28 38 26 9 2 44 11 45 25 12 41 48 7 21 16 24 23 19 10 17 1 27 8 40 13 46 18 37 42 5 29 32 36 3 31 34 33 4 20 35 
student 321: 7 19 10 38 49 48 15 30 44 47 27 40 23 8 2 45 14 42 28 13 43 50 4 22 17 26 21 18 11 16 3 24 9 39 12 46 20 36 41 6 33 32 37 1 29 35 31 5 25 34 
student 322: 4 19 11 39 49 47 13 28 40 48 25 37 26 9 1 44 14 43 29 18 45 50 5 21 16 27 24 15 8 17 6 22 10 41 12 46 20 36 42 7 34 32 35 2 31 38 30 3 23 33 
student 323: 7 20 9 40 44 49 12 29 45 48 26 38 24 10 2 43 13 46 27 16 42 50 6 21 14 25 23 18 8 17 4 28 11 41 15 47 19 36 39 5 34 31 37 1 32 35 30 3 22 33 
student 324: 5 19 10 41 46 49 17 28 40 47 27 38 22 9 1 45 13 44 32 16 42 50 7 24 14 25 23 15 11 18 4 26 8 43 12 48 20 34 39 6 31 36 37 3 29 33 30 2 21 35 
student 325: 3 19 11 39 48 47 12 28 41 50 26 38 22 8 1 43 15 46 30 14 44 49 7 25 16 27 23 18 10 17 4 24 9 42 13 45 20 36 40 6 34 35 37 2 29 33 32 5 21 31 
student 326: 6 17 11 41 49 47 13 25 40 50 27 37 24 7 1 45 12 43 31 20 44 48 8 21 15 29 23 16 10 18 2 30 9 42 14 46 19 35 39 5 36 28 38 3 26 34 33 4 22 32 
student 327: 2 20 11 39 49 47 12 27 41 45 28 37 25 9 1 46 16 48 29 13 43 50 7 24 19 26 22 14 10 15 4 23 8 42 17 44 21 35 40 6 33 32 38 3 31 36 30 5 18 34 
student 328: 2 15 9 38 48 46 13 27 42 47 24 37 25 10 1 44 12 49 28 18 43 50 8 22 17 23 26 14 11 19 4 29 7 41 16 45 20 36 40 6 35 32 39 5 30 34 31 3 21 33 
student 329: 5 18 12 38 50 48 16 29 41 43 26 39 25 8 1 45 11 46 28 15 42 49 6 22 13 27 21 17 10 19 4 23 9 44 14 47 20 37 40 7 34 33 35 2 30 36 32 3 24 31 
student 330: 4 21 12 41 49 48 13 28 38 47 27 36 24 8 1 44 9 46 30 15 42 50 6 22 14 25 23 17 10 18 3 26 11 43 16 45 20 37 40 7 34 32 39 2 33 35 29 5 19 31 
student 331: 8 19 11 37 48 49 14 28 42 47 26 36 23 9 1 40 12 44 29 17 43 50 6 22 16 24 25 15 10 18 5 27 7 45 13 46 20 35 39 2 33 31 41 3 30 38 32 4 21 34 
student 332: 5 22 9 40 49 48 13 28 39 47 32 38 23 8 1 42 10 45 25 16 44 50 7 20 15 26 21 17 12 19 3 27 11 43 14 46 24 36 41 6 34 31 37 4 29 35 30 2 18 33 
student 333: 3 19 12 39 50 48 14 28 40 47 27 38 23 9 1 46 11 44 29 15 43 49 8 22 13 25 24 17 10 21 5 26 7 41 16 45 20 37 42 6 35 34 32 2 31 36 30 4 18 33 
student 334: 3 18 13 37 48 47 9 27 42 49 25 40 24 8 2 43 16 45 29 17 41 50 12 22 14 28 23 11 15 19 5 26 7 44 10 46 21 36 38 6 35 32 39 1 31 34 30 4 20 33 
student 335: 5 19 10 39 50 48 13 30 42 46 27 38 24 9 1 47 12 44 28 16 43 49 8 20 17 25 23 14 11 18 2 26 4 40 15 45 22 36 41 6 33 32 37 3 29 35 31 7 21 34 
student 336: 7 18 12 36 48 50 13 26 43 47 24 39 22 9 1 46 10 40 32 17 45 49 6 23 16 25 27 15 8 19 5 28 11 42 14 44 20 33 41 3 35 34 38 2 29 37 31 4 21 30 
student 337: 9 20 10 40 48 49 12 27 41 47 29 38 24 7 1 44 14 45 28 18 43 50 6 22 15 26 23 16 11 17 4 25 8 42 13 46 19 37 39 5 31 34 36 2 30 33 32 3 21 35 
student 338: 2 19 14 41 49 48 12 30 42 47 28 35 22 11 1 44 10 45 26 18 40 50 7 24 17 25 23 15 8 16 5 27 9 43 13 46 20 37 39 6 36 34 38 4 29 33 31 3 21 32 
student 339: 2 20 10 40 50 46 13 30 41 49 27 38 26 8 4 42 12 45 28 17 43 48 6 23 14 22 21 19 11 16 3 24 9 44 15 47 18 36 39 7 34 29 37 1 31 35 32 5 25 33 
student 340: 10 19 12 39 48 47 13 27 41 49 29 38 23 9 1 44 11 46 26 17 43 50 7 24 15 25 22 16 6 18 4 28 8 42 14 45 20 36 40 5 35 33 37 2 30 34 31 3 21 32 
student 341: 4 19 10 36 49 48 14 29 46 47 26 38 25 8 1 43 12 45 28 17 42 50 6 18 15 22 23 16 9 20 5 27 11 40 13 44 21 35 41 7 34 33 39 2 30 37 31 3 24 32 
student 342: 4 18 12 35 49 47 13 30 42 46 26 40 24 8 1 41 11 44 27 17 48 50 7 22 14 25 23 16 10 19 3 28 9 43 15 45 20 37 38 6 33 34 39 2 29 36 31 5 21 32 
student 343: 4 21 11 37 46 50 13 27 42 48 26 38 22 9 1 47 12 43 29 16 41 49 7 24 14 25 28 17 10 19 5 20 8 44 15 45 18 36 40 6 35 32 39 3 30 34 31 2 23 33 
student 344: 6 16 12 44 49 47 13 28 41 48 25 38 23 9 1 46 11 43 29 18 40 50 5 20 17 26 24 14 8 19 4 27 10 42 15 45 21 37 39 7 36 33 34 3 30 35 32 2 22 31 
student 345: 5 20 12 37 48 49 11 28 43 47 25 41 31 8 1 45 9 42 27 21 44 50 7 19 15 26 22 16 14 17 4 24 10 40 13 46 18 38 39 6 34 29 35 3 30 36 32 2 23 33 
student 346: 7 18 11 40 49 48 13 27 37 45 26 39 23 8 2 47 14 43 28 17 46 50 6 25 19 24 22 16 10 15 4 29 9 42 12 44 21 38 41 5 35 33 36 3 30 34 31 1 20 32 
student 347: 5 18 10 39 48 49 11 32 41 47 28 37 25 8 1 44 13 45 24 17 43 50 7 22 14 27 26 16 12 19 4 23 9 42 15 46 20 38 40 6 35 33 30 2 29 36 31 3 21 34 
student 348: 3 19 11 38 49 48 13 28 35 47 26 40 24 7 1 44 12 46 27 17 42 50 4 23 14 30 21 15 8 18 10 25 9 41 16 45 20 33 43 6 36 32 39 2 31 37 29 5 22 34 
student 349: 7 19 10 38 47 48 12 30 42 43 23 40 29 9 1 41 13 46 26 14 39 49 6 25 16 22 27 18 8 17 4 24 11 45 15 50 20 35 44 2 37 31 36 3 28 34 32 5 21 33 
student 350: 5 17 9 41 48 45 12 28 42 50 29 39 20 3 4 46 11 40 26 18 49 47 8 22 13 27 25 16 10 19 6 24 14 43 15 44 21 36 38 7 34 33 37 1 30 35 31 2 23 32 
student 351: 6 19 11 43 49 48 16 31 40 47 26 39 24 7 2 44 12 45 29 17 42 50 8 20 15 27 22 13 9 18 3 25 10 41 14 46 21 37 36 5 35 32 38 1 28 34 30 4 23 33 
student 352: 7 23 10 38 49 48 15 29 41 47 30 36 26 8 4 44 13 45 25 18 43 50 6 21 12 27 24 16 9 17 3 22 11 42 14 46 19 40 39 5 34 28 37 2 31 35 32 1 20 33 
student 353: 5 20 12 42 44 47 13 28 43 50 27 40 26 8 3 45 11 46 29 17 41 49 7 23 15 24 22 16 9 19 4 25 10 39 14 48 18 34 38 6 37 32 36 2 31 35 30 1 21 33 
student 354: 6 20 10 39 49 48 11 28 41 47 24 38 26 12 1 44 13 45 29 17 43 50 7 23 16 27 25 14 9 19 4 21 8 42 15 46 22 36 40 5 32 34 37 2 30 35 31 3 18 33 
student 355: 6 19 12 39 48 49 10 28 42 47 27 38 26 8 1 45 13 46 31 17 43 50 7 21 15 22 24 16 11 20 5 25 9 41 14 44 23 37 40 3 34 32 35 2 29 36 30 4 18 33 
student 356: 8 18 11 37 48 47 15 27 40 49 30 41 24 9 1 43 12 45 28 16 42 50 7 23 14 25 21 19 6 17 5 26 10 44 13 46 20 35 39 2 33 31 38 4 29 34 32 3 22 36 
student 357: 5 20 12 38 49 46 13 28 41 45 25 36 23 6 1 42 8 48 31 16 40 50 10 22 15 24 26 17 11 19 3 27 9 43 14 47 18 39 44 7 34 30 37 4 29 35 32 2 21 33 
student 358: 10 19 13 43 49 47 16 29 38 46 25 39 24 6 2 44 8 45 31 18 40 50 11 22 9 26 27 14 12 17 5 20 4 42 15 48 21 36 41 7 32 34 35 3 28 37 30 1 23 33 
student 359: 6 20 12 38 48 50 11 30 41 42 27 37 25 8 5 45 13 46 28 17 44 49 7 23 14 24 21 19 10 18 4 26 9 43 15 47 22 35 40 1 32 31 39 3 33 36 29 2 16 34 
student 360: 5 18 11 39 45 48 13 29 44 47 28 40 24 7 1 49 10 50 27 20 38 43 8 23 14 26 19 17 9 16 3 25 12 46 15 42 21 36 41 6 30 33 37 4 32 35 31 2 22 34 
student 361: 5 20 11 38 48 46 10 30 43 47 28 39 21 8 1 44 14 45 29 18 41 49 12 22 15 25 23 16 9 19 4 27 6 42 13 50 17 35 40 3 32 36 37 2 26 34 33 7 24 31 
student 362: 6 22 11 38 47 49 16 29 41 48 23 37 21 7 1 45 12 46 26 19 43 50 5 18 15 28 27 14 10 20 3 25 9 42 13 44 17 39 40 8 36 30 35 2 31 34 33 4 24 32 
student 363: 3 17 10 38 49 44 13 37 41 47 25 35 24 9 1 46 12 45 28 20 40 50 7 18 15 26 23 19 11 22 4 30 8 43 14 48 16 36 42 6 33 27 39 2 29 34 31 5 21 32 
student 364: 6 20 13 40 49 45 14 30 39 48 21 38 25 8 3 44 12 46 27 18 42 50 7 24 15 28 23 17 10 16 4 26 9 41 11 47 19 37 43 2 34 31 36 5 29 35 32 1 22 33 
student 365: 4 19 9 41 49 48 12 29 43 47 28 39 25 10 3 42 13 45 31 18 44 50 7 22 16 26 23 17 11 15 2 24 8 40 14 46 21 35 38 6 34 33 37 1 27 36 32 5 20 30 
student 366: 5 20 10 38 50 48 16 30 40 46 26 39 24 9 1 44 12 45 29 15 42 49 4 22 18 27 23 14 11 19 8 25 6 41 13 47 17 36 43 7 35 28 37 2 32 33 34 3 21 31 
student 367: 5 19 10 40 50 48 14 29 36 47 26 39 25 9 2 45 12 46 28 16 41 49 7 22 15 27 23 17 11 18 1 24 8 44 13 43 20 37 42 6 34 32 38 3 31 35 30 4 21 33 
student 368: 5 18 10 39 47 49 12 28 40 46 27 41 26 9 1 44 11 45 29 19 43 48 6 24 15 23 22 16 14 17 4 25 7 38 13 50 21 36 42 8 35 30 34 2 31 37 32 3 20 33 
student 369: 5 17 12 41 48 47 14 27 40 49 28 39 25 8 1 45 15 46 30 20 43 50 7 21 13 24 23 19 10 16 2 26 9 42 11 44 22 37 38 6 33 32 36 4 31 34 29 3 18 35 
student 370: 5 19 13 37 50 49 11 29 39 48 26 33 25 9 1 44 12 45 28 18 43 47 8 24 15 23 22 14 6 16 4 27 10 41 17 46 20 36 42 7 35 32 38 2 30 40 31 3 21 34 
student 371: 3 21 12 38 50 47 11 29 39 45 28 36 23 6 8 46 13 49 27 19 41 48 7 22 16 26 25 17 9 15 4 24 10 43 14 42 18 40 44 5 33 31 37 1 32 35 30 2 20 34 
student 372: 4 19 14 37 49 47 11 29 42 48 28 40 25 9 7 43 12 44 21 18 45 50 5 23 15 27 24 16 10 17 8 26 6 39 13 46 20 34 41 2 36 35 38 1 30 33 32 3 22 31 
student 373: 8 21 12 36 49 45 13 35 43 44 26 40 27 7 2 47 11 41 28 16 46 48 9 22 15 25 23 17 6 18 3 24 10 39 14 50 19 37 42 5 33 32 38 1 30 34 31 4 20 29 
student 374: 3 22 12 38 49 45 11 27 41 48 30 36 23 9 1 44 14 46 28 17 42 50 8 21 13 26 24 16 6 19 5 25 10 43 15 47 18 37 40 7 34 33 39 4 31 35 32 2 20 29 
student 375: 5 21 12 35 47 50 8 28 42 46 27 38 24 9 2 48 13 41 34 18 44 49 7 23 14 25 20 16 11 17 4 26 10 43 15 45 22 36 40 6 33 32 37 3 30 39 31 1 19 29 
student 376: 5 19 12 39 45 49 11 24 42 44 28 37 25 7 3 47 13 46 34 17 43 50 9 22 16 27 23 15 8 18 1 26 10 41 14 48 20 31 40 6 36 35 38 2 30 33 29 4 21 32 
student 377: 4 19 11 39 50 47 14 28 42 49 27 38 23 7 5 40 12 45 29 15 44 48 6 22 17 25 24 13 8 18 2 26 10 41 16 46 21 36 43 9 33 32 37 1 30 35 31 3 20 34 
student 378: 5 16 14 39 50 49 13 32 43 48 26 38 25 10 4 42 8 45 28 18 44 47 7 23 12 27 24 17 9 19 2 22 11 40 15 46 20 31 41 6 36 34 37 1 29 35 30 3 21 33 
student 379: 5 18 11 41 49 46 17 30 42 48 28 40 24 8 1 45 12 44 21 16 43 50 7 25 13 23 26 15 10 19 4 27 9 39 14 47 20 36 37 6 31 35 38 2 32 34 29 3 22 33 
student 380: 7 19 11 40 49 48 15 34 41 46 26 36 24 9 1 44 12 45 30 14 43 50 5 22 17 28 23 16 10 18 4 25 6 42 13 47 20 37 38 8 33 32 39 2 29 35 27 3 21 31 
student 381: 8 19 16 39 48 47 10 32 41 49 26 38 23 7 2 43 13 45 24 17 44 50 6 22 11 28 20 15 12 18 5 25 9 42 14 46 30 35 40 4 37 29 36 1 27 34 31 3 21 33 
student 382: 5 21 9 39 48 47 11 27 42 49 28 38 24 8 2 45 13 44 29 17 41 50 10 22 16 26 23 15 12 18 4 25 6 43 14 46 20 36 40 7 30 33 37 1 31 35 32 3 19 34 
student 383: 5 16 11 38 48 47 12 29 41 50 27 39 24 8 3 46 13 44 28 20 42 49 7 22 15 25 23 18 10 17 4 26 9 45 14 43 21 34 40 6 35 32 37 1 30 36 31 2 19 33 
student 384: 6 18 13 37 48 50 12 30 39 47 26 38 23 9 1 45 11 46 27 17 43 49 4 24 15 25 22 16 10 19 3 28 8 41 14 44 20 36 42 7 33 32 40 5 31 34 29 2 21 35 
student 385: 5 19 11 41 50 49 13 31 40 45 28 39 27 8 1 42 12 46 23 18 43 47 7 22 16 24 25 14 10 17 4 26 9 44 15 48 20 37 36 6 34 32 38 2 33 35 29 3 21 30 
student 386: 6 17 11 39 48 49 8 29 41 47 27 37 21 10 2 43 15 42 28 16 45 50 7 25 18 23 24 14 13 19 5 26 9 44 12 46 20 36 40 4 35 33 38 1 30 34 32 3 22 31 
student 387: 3 18 15 41 49 48 13 30 42 47 27 38 24 9 1 46 10 44 28 17 43 50 6 20 19 23 25 16 11 22 7 26 8 40 12 45 21 36 39 5 35 32 37 4 29 34 31 2 14 33 
student 388: 6 18 14 39 49 48 12 26 43 46 28 38 25 8 1 45 10 41 29 17 42 50 5 22 13 24 23 16 9 20 3 27 11 44 15 47 21 37 40 7 33 32 36 4 30 35 34 2 19 31 
student 389: 6 18 12 38 49 48 14 29 39 47 26 37 25 8 2 44 9 45 28 22 43 50 5 21 16 24 23 15 11 17 10 27 7 41 13 46 20 36 42 3 33 32 40 1 30 34 31 4 19 35 
student 390: 4 23 11 40 48 47 14 28 43 49 26 38 21 8 1 41 12 46 27 17 42 50 7 20 15 22 24 18 10 16 5 25 9 44 13 45 19 36 39 6 34 30 37 2 31 33 35 3 29 32 
student 391: 5 21 13 35 48 47 11 34 41 49 28 39 24 8 1 45 12 44 27 14 43 50 7 22 16 25 23 17 10 18 3 26 9 42 15 46 20 37 40 6 33 31 38 2 29 36 30 4 19 32 
student 392: 9 20 13 37 48 49 14 30 40 46 28 36 24 7 3 44 11 45 27 17 39 50 8 23 15 25 21 19 10 16 4 26 6 43 12 47 18 38 42 5 34 33 41 1 29 35 31 2 22 32 
student 393: 6 23 12 40 49 47 10 28 41 44 24 39 27 11 1 45 14 46 29 17 42 50 8 22 16 26 21 18 9 19 3 25 7 43 13 48 20 38 37 5 33 34 36 4 30 35 32 2 15 31 
student 394: 4 20 7 35 47 46 14 34 39 50 28 40 25 8 1 43 11 48 29 17 44 49 5 22 13 24 23 15 10 18 6 27 12 41 16 45 19 36 42 9 33 38 37 3 26 31 30 2 21 32 
student 395: 4 20 13 39 46 47 14 27 41 50 28 38 25 9 1 43 10 44 29 17 45 49 8 22 16 24 23 15 11 18 3 26 7 42 12 48 19 36 40 6 34 33 37 5 30 35 31 2 21 32 
student 396: 4 18 9 39 49 47 16 29 43 46 28 38 22 11 2 44 12 40 27 17 42 50 7 23 14 25 24 15 10 19 6 26 8 45 13 48 21 36 41 5 34 33 35 3 30 37 31 1 20 32 
student 397: 5 20 7 37 49 50 13 30 40 48 28 39 24 9 1 44 12 47 29 19 46 43 6 22 15 25 23 16 11 21 8 27 10 41 14 45 17 33 42 4 35 26 36 3 32 38 34 2 18 31 
student 398: 3 19 14 38 48 49 13 31 42 47 27 37 23 11 1 45 8 44 28 15 43 50 5 21 16 24 26 9 10 18 4 25 12 41 17 46 22 36 40 7 34 32 39 2 29 35 30 6 20 33 
student 399: 4 18 11 38 50 48 10 24 39 47 28 34 26 7 1 45 15 46 31 16 44 49 8 23 21 22 25 13 12 17 3 27 9 43 14 42 19 36 41 6 32 33 40 2 30 37 29 5 20 35 
student 400: 7 19 10 38 45 48 13 27 41 49 30 37 26 6 2 46 12 44 29 15 43 50 8 21 14 25 23 17 9 18 1 24 11 42 16 47 22 36 40 5 32 33 39 3 28 35 31 4 20 34 
student 401: 8 20 10 39 50 48 13 31 40 46 27 38 22 11 1 45 12 44 26 17 42 49 5 24 15 23 25 16 6 18 4 29 9 43 14 47 19 36 41 7 35 30 37 2 28 34 32 3 21 33 
student 402: 4 18 10 38 48 49 13 31 40 47 29 39 24 8 1 44 14 45 28 15 43 50 7 23 16 25 22 20 11 17 5 26 9 41 12 46 19 35 42 6 34 27 36 2 33 37 32 3 21 30 
student 403: 2 18 10 39 50 47 12 30 41 48 27 36 24 6 1 45 13 44 28 14 43 49 9 19 16 26 23 17 11 22 5 25 7 42 15 46 20 37 40 8 32 34 38 3 29 35 33 4 21 31 
student 404: 4 21 12 39 49 47 14 29 40 45 27 38 20 9 1 48 11 43 28 17 44 50 8 24 13 26 25 15 10 19 6 22 5 42 16 46 23 37 41 7 35 31 36 2 30 34 33 3 18 32 
student 405: 5 19 11 39 49 50 14 28 43 48 25 38 26 8 2 44 12 45 29 16 42 47 6 22 13 27 23 17 10 18 3 24 9 41 15 46 21 32 40 7 36 31 37 1 33 35 30 4 20 34 
student 406: 5 19 10 39 49 48 13 29 43 47 30 38 24 14 2 44 15 46 26 18 42 50 7 22 12 27 23 17 8 16 4 25 9 41 11 45 21 36 40 6 33 31 37 3 32 35 28 1 20 34 
student 407: 2 17 10 38 49 48 12 30 39 47 27 37 23 7 1 43 11 44 28 16 42 50 9 22 15 24 18 19 13 20 5 26 8 46 14 45 25 36 41 6 33 31 40 3 29 35 34 4 21 32 
student 408: 3 19 12 38 48 47 13 28 42 50 30 37 25 10 1 43 14 45 27 20 44 49 7 23 15 24 22 17 9 16 4 26 8 41 11 46 18 36 40 6 34 32 35 5 29 39 31 2 21 33 
student 409: 7 21 10 42 49 48 14 32 40 47 28 38 25 11 1 46 12 44 27 19 43 50 5 22 13 24 18 15 8 17 3 26 9 41 16 45 23 35 39 6 36 33 37 4 30 34 29 2 20 31 
student 410: 6 19 11 39 48 47 16 28 38 43 27 40 24 7 1 44 13 46 32 18 45 49 4 23 15 25 22 12 10 17 5 31 9 42 14 50 20 35 41 8 33 26 37 2 30 36 29 3 21 34 
student 411: 9 21 12 39 48 50 14 27 37 47 26 38 23 1 3 45 10 43 29 17 44 49 8 22 15 25 24 13 11 19 5 28 6 41 16 46 18 40 42 7 34 33 35 2 32 36 30 4 20 31 
student 412: 5 17 15 41 46 49 11 28 40 47 27 38 26 8 2 42 12 45 31 14 44 50 6 22 18 24 23 16 10 19 4 25 9 43 13 48 20 36 39 7 35 32 37 1 29 34 30 3 21 33 
student 413: 7 20 12 38 50 40 10 29 43 48 28 39 25 4 1 45 11 47 27 17 44 49 6 22 13 23 24 15 9 19 3 26 14 42 16 46 21 34 41 8 37 31 32 2 30 36 35 5 18 33 
student 414: 6 20 12 41 47 49 15 29 43 46 28 40 24 8 1 42 11 45 27 18 44 50 7 22 13 26 23 16 10 17 5 25 9 39 14 48 19 32 38 3 35 34 37 4 31 36 33 2 21 30 
student 415: 7 19 11 39 50 46 12 28 42 48 27 37 24 8 4 43 13 45 29 17 44 49 5 21 16 25 23 14 9 18 1 26 10 41 15 47 20 38 40 3 31 32 36 2 33 34 30 6 22 35 
student 416: 7 20 13 38 49 47 12 29 40 46 26 35 24 4 5 45 9 42 27 19 48 50 8 22 15 28 23 16 10 17 3 25 11 43 14 44 18 37 41 6 36 32 39 1 31 34 30 2 21 33 
student 417: 7 19 5 42 49 48 11 28 41 45 27 38 22 10 2 44 12 46 30 17 39 50 3 20 16 26 25 13 9 18 8 24 14 43 15 47 23 37 40 1 34 32 36 6 33 31 29 4 21 35 
student 418: 4 19 10 38 48 47 14 29 42 49 26 37 24 8 3 44 12 46 28 17 43 50 6 22 13 27 21 16 11 20 7 23 9 40 15 45 18 36 39 5 34 31 41 2 30 35 32 1 25 33 
student 419: 5 18 14 40 50 48 15 29 41 45 25 38 24 11 1 46 12 39 28 19 43 49 2 23 16 26 21 17 13 10 7 30 8 42 9 47 22 36 44 6 37 31 34 3 27 35 33 4 20 32 
student 420: 7 19 12 39 49 48 13 30 43 46 28 38 23 9 2 41 11 47 29 18 45 50 4 22 15 25 24 17 10 16 6 26 3 42 14 44 20 35 40 8 37 32 36 1 27 34 31 5 21 33 
student 421: 9 19 11 39 49 48 12 27 38 47 29 42 23 7 1 44 15 45 30 16 41 50 6 25 17 26 22 13 10 18 5 24 8 40 14 46 20 36 43 3 32 33 37 2 28 34 31 4 21 35 
student 422: 5 17 11 39 49 47 14 28 40 46 26 34 25 9 2 41 13 45 29 18 44 50 7 20 12 27 24 16 10 19 4 23 8 42 15 48 21 35 43 6 36 33 37 3 31 38 32 1 22 30 
student 423: 1 21 11 38 48 46 12 29 40 47 28 39 26 6 2 43 13 44 27 18 49 50 8 22 16 23 25 15 10 17 5 24 9 42 14 45 19 37 41 7 31 34 36 3 30 33 32 4 20 35 
student 424: 5 19 9 40 49 47 14 28 42 48 27 39 29 7 1 43 11 45 26 17 44 50 6 21 15 24 22 16 12 18 4 25 10 36 13 46 20 35 41 8 34 33 38 2 31 37 32 3 23 30 
student 425: 7 19 11 40 49 50 14 31 41 47 28 38 21 9 1 45 12 43 29 18 44 48 8 22 13 25 24 16 6 17 3 26 10 42 15 46 20 34 39 5 35 32 37 4 27 36 30 2 23 33 
student 426: 5 19 16 39 48 46 12 30 42 49 27 40 25 7 1 45 10 47 23 24 44 50 6 22 18 26 20 17 9 14 4 28 8 41 13 43 15 35 36 11 29 32 38 3 33 37 31 2 21 34 
student 427: 6 17 13 39 50 47 12 30 42 48 26 38 23 10 1 41 9 44 27 19 45 49 7 21 18 24 25 16 8 14 4 28 11 40 15 46 20 37 43 5 34 32 35 2 29 36 31 3 22 33 
student 428: 4 21 9 40 48 49 16 29 41 46 27 39 23 7 3 45 15 47 28 17 43 50 8 20 11 25 24 18 12 13 5 26 10 42 14 44 22 36 38 6 31 33 37 1 30 35 32 2 19 34 
student 429: 2 18 9 38 50 45 12 30 42 49 27 37 24 11 3 41 10 47 28 17 44 48 6 19 15 26 25 16 13 21 5 22 8 46 14 43 23 34 39 7 33 40 36 1 29 35 31 4 20 32 
student 430: 4 19 11 38 50 45 13 28 39 48 26 41 22 8 1 43 12 44 27 18 47 49 7 23 15 31 24 16 10 17 2 25 9 40 14 46 20 36 42 6 32 34 37 3 29 33 30 5 21 35 
student 431: 4 20 11 39 49 48 12 27 40 46 28 37 22 8 1 47 16 44 29 19 42 50 7 23 14 26 24 15 9 17 3 25 6 43 13 45 18 34 41 5 35 32 38 2 30 36 31 10 21 33 
student 432: 5 20 13 34 49 46 9 29 40 45 26 38 24 10 1 42 12 44 31 15 43 50 7 18 16 28 23 21 11 17 4 25 6 48 14 47 19 37 41 8 27 35 39 2 30 36 33 3 22 32 
student 433: 7 16 13 34 49 47 12 30 41 48 24 38 19 6 1 45 11 44 27 21 43 50 8 20 15 28 23 17 10 18 3 26 9 42 14 46 22 36 39 4 35 32 37 5 31 40 29 2 25 33 
student 434: 4 20 13 41 49 45 11 31 36 43 28 38 27 8 2 46 15 48 29 19 44 50 7 18 14 25 22 16 9 17 6 23 10 40 12 47 21 37 42 5 33 32 39 1 30 35 26 3 24 34 
student 435: 5 18 8 43 47 48 12 30 44 50 27 38 23 7 1 37 14 45 32 17 42 49 9 21 16 26 24 15 11 20 4 25 10 41 13 46 19 35 40 6 34 33 39 2 28 36 31 3 22 29 
student 436: 6 20 11 40 49 48 8 29 41 46 25 38 23 9 3 45 14 44 28 17 43 50 7 22 15 26 24 16 12 19 1 27 10 42 13 47 21 36 39 5 33 35 37 4 30 34 32 2 18 31 
student 437: 5 23 12 41 48 49 13 27 42 47 25 38 24 9 1 44 10 46 26 18 45 50 4 19 14 28 22 15 11 20 6 29 8 43 16 39 17 37 40 7 34 33 35 2 30 36 32 3 21 31 
student 438: 3 19 9 39 49 48 12 31 43 45 24 38 26 7 2 44 14 46 30 18 42 50 8 21 17 23 28 15 11 16 6 25 10 41 13 47 20 37 40 4 32 33 36 5 27 35 29 1 22 34 
student 439: 5 19 11 37 50 49 13 28 40 47 27 38 25 8 1 44 12 45 29 18 42 48 7 22 14 24 23 16 9 17 4 26 10 43 15 46 20 39 41 6 33 32 36 2 31 35 30 3 21 34 
student 440: 7 18 13 40 49 48 12 30 41 47 27 38 20 6 1 42 10 46 29 17 45 50 5 24 16 25 23 15 11 19 4 26 9 44 14 43 21 36 37 8 31 33 39 3 28 35 32 2 22 34 
student 441: 5 22 11 38 49 47 12 31 40 48 28 39 24 7 1 44 15 45 27 19 43 50 6 17 16 25 21 13 10 18 4 26 8 42 14 46 23 36 41 9 34 32 35 2 29 37 33 3 20 30 
student 442: 6 20 10 38 49 48 12 30 40 47 26 37 23 8 3 45 11 46 28 18 44 50 7 21 13 25 22 16 15 19 4 27 9 41 14 43 17 36 42 5 35 32 39 1 29 34 31 2 24 33 
student 443: 4 19 8 39 48 47 13 28 40 44 31 36 24 12 1 49 10 46 27 17 45 50 6 22 15 25 23 16 11 20 5 26 9 43 14 42 21 38 41 7 34 32 37 2 30 35 29 3 18 33 
student 444: 5 21 12 42 49 47 11 28 41 45 27 39 24 13 1 44 9 46 30 17 40 50 6 19 15 25 23 16 8 18 4 26 10 43 14 48 20 36 38 7 34 32 37 3 29 35 31 2 22 33 
student 445: 6 19 11 41 48 49 13 29 39 46 27 34 23 9 1 42 12 45 28 18 44 50 3 22 14 24 25 15 10 17 5 26 8 40 16 47 20 37 43 7 36 32 38 4 30 35 31 2 21 33 
student 446: 1 21 14 38 47 49 11 30 44 48 24 39 23 6 2 42 12 45 27 15 41 50 8 22 17 26 25 13 10 18 5 29 9 40 16 46 19 36 43 7 35 33 37 3 31 34 32 4 20 28 
student 447: 4 18 11 38 49 48 13 29 42 47 27 41 24 10 2 45 9 46 28 19 39 50 7 22 15 26 23 16 8 17 5 25 12 44 14 43 20 37 40 6 34 32 36 1 30 35 31 3 21 33 
student 448: 5 22 7 37 49 48 11 28 45 47 27 43 25 8 1 42 14 44 29 12 41 50 6 24 15 23 20 17 10 19 4 26 13 39 16 46 18 36 38 9 33 31 40 3 34 35 30 2 21 32 
student 449: 2 19 16 42 50 49 12 32 41 47 27 37 24 11 1 45 10 43 29 14 44 48 5 23 18 25 22 17 8 15 7 26 9 40 13 46 21 36 38 6 34 33 39 3 30 35 31 4 20 28 
student 450: 6 19 11 39 49 47 13 29 44 48 27 38 25 5 2 43 12 45 28 16 42 50 3 24 15 26 21 17 10 20 1 23 9 41 14 46 18 35 40 8 31 33 37 4 30 34 32 7 22 36 
student 451: 5 18 10 40 48 46 12 30 41 49 29 36 24 7 1 43 11 44 27 16 45 50 8 22 15 25 23 17 9 20 4 26 13 42 14 47 19 39 37 6 32 31 38 3 28 34 33 2 21 35 
student 452: 5 19 11 39 49 41 14 33 42 48 24 37 25 7 1 46 12 45 28 17 44 50 8 22 15 26 23 16 10 18 3 27 9 43 13 47 20 34 38 6 35 30 36 2 29 40 31 4 21 32 
student 453: 6 18 11 39 50 47 13 27 43 48 24 38 25 8 3 41 12 45 28 19 44 49 1 20 14 26 23 17 10 21 4 29 9 42 15 46 16 35 40 7 34 31 37 2 30 36 32 5 22 33 
student 454: 7 21 13 39 49 48 14 32 40 47 28 38 24 10 6 45 11 43 27 18 44 50 5 23 15 20 26 17 8 16 3 25 9 41 12 46 19 35 42 4 33 34 37 2 29 36 30 1 22 31 
student 455: 3 19 11 37 48 49 9 27 40 47 26 38 21 12 2 41 13 43 32 16 44 50 10 20 14 24 25 17 8 18 5 28 7 42 15 46 22 36 39 6 35 31 45 4 30 33 29 1 23 34 
student 456: 7 16 12 39 49 48 17 29 41 47 28 40 24 9 1 44 11 45 27 20 43 50 8 22 13 23 21 15 10 18 3 26 6 42 14 46 19 34 38 4 35 33 37 2 31 36 30 5 25 32 
student 457: 3 19 7 36 49 46 13 27 40 48 26 39 25 9 4 42 11 47 31 16 44 50 5 24 14 23 21 18 12 17 6 29 10 45 15 43 20 33 38 8 37 32 35 2 28 41 30 1 22 34 
student 458: 3 19 12 38 48 49 5 29 43 47 23 39 27 8 6 44 13 46 26 18 42 50 9 20 15 24 21 17 11 16 1 28 10 40 14 45 22 35 41 4 34 32 36 2 30 37 31 7 25 33 
student 459: 7 21 11 39 49 48 13 28 41 47 25 40 20 8 3 44 10 45 29 16 43 50 6 26 15 27 19 18 9 17 5 24 12 42 14 46 22 36 38 2 34 32 37 1 30 35 31 4 23 33 
student 460: 5 19 11 34 50 44 13 29 41 47 25 42 23 8 2 46 12 45 28 17 43 49 7 22 16 26 24 14 10 18 1 27 9 40 15 48 20 38 39 6 35 33 37 3 31 36 30 4 21 32 
student 461: 5 20 10 41 48 49 14 30 38 45 26 39 25 9 1 43 12 46 27 17 44 50 8 22 15 23 24 16 7 18 4 28 11 42 13 47 19 35 40 6 34 32 36 2 31 37 29 3 21 33 
student 462: 2 21 13 38 50 46 11 28 41 49 29 39 24 10 3 45 15 47 26 14 42 43 6 22 16 25 27 17 9 18 1 23 8 40 12 48 19 36 44 7 33 32 37 5 30 35 31 4 20 34 
student 463: 4 14 12 39 50 47 15 30 44 45 26 37 20 7 1 48 11 41 28 19 46 49 8 24 17 23 22 18 10 16 5 25 9 42 13 43 27 38 40 6 34 32 36 2 29 35 31 3 21 33 
student 464: 6 21 12 39 50 47 14 35 45 44 25 37 23 7 2 42 9 48 27 17 43 49 8 20 13 26 24 16 11 18 4 28 10 40 15 46 19 33 41 5 34 31 36 1 29 38 30 3 22 32 
student 465: 5 20 12 39 48 50 11 29 41 47 24 38 23 6 1 42 14 43 28 19 44 49 9 25 15 26 27 16 10 17 4 22 8 45 13 46 18 36 40 7 35 31 37 2 30 34 33 3 21 32 
student 466: 5 21 10 40 49 48 11 28 41 44 26 37 25 8 2 45 15 46 29 19 43 47 6 22 13 24 23 18 9 17 4 27 12 42 16 50 14 38 39 7 35 32 36 1 30 34 31 3 20 33 
student 467: 5 18 11 39 49 48 15 28 41 47 27 36 20 8 1 44 12 45 31 14 43 50 7 24 13 26 25 16 10 19 4 22 9 42 17 46 23 37 40 6 34 38 33 2 29 32 35 3 21 30 
student 468: 4 18 9 33 50 49 13 30 42 46 27 40 25 6 2 44 15 45 28 17 41 48 5 22 10 23 24 14 12 21 7 26 11 43 16 47 19 38 39 8 36 35 37 3 32 34 29 1 20 31 
student 469: 4 16 12 40 49 47 13 29 39 46 26 38 20 8 1 44 10 45 28 18 41 50 9 19 15 24 27 17 11 21 5 25 6 43 14 48 22 37 42 7 33 32 36 3 31 35 30 2 23 34 
student 470: 4 20 16 38 47 48 12 29 40 50 27 39 23 6 2 46 9 44 28 17 43 49 7 22 18 26 25 13 11 15 10 24 8 42 14 45 19 37 41 5 34 33 36 3 31 32 30 1 21 35 
student 471: 4 20 9 40 50 47 12 30 41 46 27 36 24 10 1 49 11 42 29 17 45 48 8 22 15 25 23 16 13 19 5 26 7 43 14 44 18 37 39 6 33 35 38 2 31 34 28 3 21 32 
student 472: 5 18 8 40 47 48 15 30 38 49 27 43 26 7 1 41 13 46 28 17 39 50 10 23 14 25 21 16 9 19 4 24 11 42 12 44 20 36 45 6 33 32 37 2 29 35 31 3 22 34 
student 473: 3 19 11 41 49 48 15 32 39 46 27 38 26 6 2 44 12 45 28 17 42 50 8 21 16 24 23 14 9 18 5 25 10 43 13 47 20 35 40 7 34 33 36 1 29 37 30 4 22 31 
student 474: 5 21 10 38 43 49 12 30 40 48 28 36 24 11 1 46 15 45 25 18 44 50 6 14 13 27 23 19 9 20 2 26 7 41 16 47 17 34 39 8 37 31 42 3 32 35 29 4 22 33 
student 475: 5 25 13 40 50 45 11 30 42 48 28 38 26 8 1 46 15 47 24 19 39 49 7 21 14 27 23 17 9 12 4 22 10 44 16 43 18 36 41 6 32 31 37 2 29 34 33 3 20 35 
student 476: 4 17 12 37 50 47 14 29 41 49 28 40 24 6 1 44 13 45 31 18 42 48 7 23 16 25 22 15 9 19 8 26 10 43 11 46 20 34 38 5 33 32 39 2 30 36 27 3 21 35 
student 477: 6 18 11 39 47 48 14 32 41 49 28 35 25 8 1 45 12 46 29 16 42 50 9 23 13 26 24 15 10 17 4 27 7 44 19 43 20 36 38 2 31 33 40 5 21 37 34 3 22 30 
student 478: 7 19 13 40 48 49 10 33 39 47 25 37 24 8 1 44 11 45 27 17 43 50 6 22 14 26 23 16 12 18 4 28 9 42 15 46 20 36 41 5 34 31 38 2 30 35 29 3 21 32 
student 479: 6 18 7 37 49 50 12 28 43 47 29 39 27 9 1 42 13 44 23 17 45 46 8 22 15 25 24 16 11 19 2 26 10 40 14 48 21 33 41 5 36 34 38 3 32 35 31 4 20 30 
student 480: 3 18 14 39 50 48 13 27 44 47 25 40 23 9 1 42 11 45 29 17 32 49 8 22 12 28 24 16 7 19 5 26 10 41 15 46 20 35 43 6 33 31 37 2 30 38 34 4 21 36 
student 481: 6 19 14 38 48 47 13 30 41 49 28 40 25 10 1 42 7 44 23 17 43 50 4 22 15 27 24 16 11 18 3 26 9 45 12 46 20 34 39 8 32 29 36 5 31 33 35 2 21 37 
student 482: 7 20 14 39 49 48 11 29 40 47 28 38 24 10 3 44 12 45 27 17 43 50 4 21 16 25 23 13 9 18 5 26 6 42 15 46 19 34 41 8 35 32 37 1 30 33 31 2 22 36 
student 483: 4 19 12 41 47 49 13 29 43 48 26 37 24 8 1 45 11 46 28 17 42 50 5 20 14 27 22 15 9 18 6 25 10 39 16 44 21 38 40 7 33 32 36 2 30 35 31 3 23 34 
student 484: 3 20 10 38 50 48 13 28 41 46 30 39 23 8 1 44 12 47 29 16 42 49 7 21 15 25 22 17 11 18 5 24 9 43 14 45 19 36 40 6 34 32 37 2 31 35 27 4 26 33 
student 485: 7 19 11 40 49 48 16 28 45 44 29 38 24 6 4 41 12 42 26 17 46 50 3 23 14 27 22 15 10 18 5 25 9 37 13 47 20 34 43 8 33 36 39 1 31 35 30 2 21 32 
student 486: 3 21 10 38 48 45 13 28 40 49 30 37 24 8 1 43 11 46 27 19 44 50 6 22 14 25 23 17 12 16 4 26 9 41 15 47 20 36 42 7 32 34 39 5 31 29 35 2 18 33 
student 487: 10 17 11 41 50 48 14 31 45 46 30 36 27 9 2 44 12 43 24 16 42 49 7 22 15 25 26 19 8 18 4 23 1 39 13 47 20 38 37 6 33 32 40 3 29 35 28 5 21 34 
student 488: 4 19 10 40 49 44 13 30 42 48 25 39 24 9 1 45 11 47 29 18 41 50 6 21 14 26 23 16 12 17 5 27 8 38 15 46 20 36 43 7 33 34 37 3 28 35 31 2 22 32 
student 489: 6 19 14 39 49 48 12 24 41 45 27 40 23 1 2 42 10 46 26 15 43 50 8 25 13 29 22 16 11 18 5 30 9 44 17 47 20 35 37 7 36 33 38 3 31 34 28 4 21 32 
student 490: 5 18 11 39 47 50 13 30 41 48 29 35 24 9 2 40 12 45 26 16 44 49 6 20 17 25 19 15 7 23 10 27 8 43 14 46 21 38 42 4 34 32 33 1 28 36 31 3 22 37 
student 491: 8 21 10 37 48 50 15 32 41 43 28 38 25 13 1 45 14 46 26 19 44 49 6 22 12 24 23 17 7 20 3 27 9 42 11 47 16 39 40 5 33 35 36 4 29 34 31 2 18 30 
student 492: 3 18 8 40 48 49 14 31 41 47 27 37 26 10 1 43 11 45 29 19 38 50 7 22 17 24 23 13 12 16 4 25 9 44 15 46 20 36 42 6 39 33 35 2 28 34 32 5 21 30 
student 493: 5 19 14 39 49 47 12 30 40 48 24 36 23 9 4 45 10 44 28 18 43 50 7 20 15 25 21 17 11 16 2 27 8 41 13 46 22 37 42 6 33 29 38 1 31 35 32 3 26 34 
student 494: 3 19 11 38 48 50 13 28 40 47 26 37 24 6 2 46 12 44 27 14 43 49 8 22 17 25 23 16 10 18 7 29 9 42 15 45 20 36 41 5 33 31 35 1 30 34 39 4 21 32 
student 495: 5 18 13 41 49 47 14 28 39 45 21 37 25 7 1 46 12 43 29 11 44 50 8 19 15 26 23 17 10 22 3 27 9 42 16 48 24 36 40 6 31 32 38 2 30 35 33 4 20 34 
student 496: 7 19 15 37 50 47 11 29 41 48 27 39 23 9 2 45 12 46 28 16 44 49 5 21 14 26 24 17 8 18 4 25 10 42 13 43 20 36 40 6 35 34 38 1 30 32 31 3 22 33 
student 497: 7 20 15 38 49 48 9 29 41 47 27 39 24 10 3 42 12 46 28 16 45 50 6 22 14 26 23 17 8 18 2 25 13 44 11 43 19 36 40 4 34 31 37 1 30 35 32 5 21 33 
student 498: 3 20 13 42 49 47 15 30 39 48 24 37 22 9 2 45 10 44 29 16 36 50 7 21 11 27 23 14 8 18 6 25 12 41 17 46 19 34 43 4 38 28 35 1 33 40 31 5 26 32 
student 499: 4 20 11 39 49 47 12 29 42 48 27 36 23 9 2 44 17 45 28 14 43 50 8 26 13 25 21 15 10 19 6 24 7 41 18 46 16 37 40 5 34 31 35 1 30 38 32 3 22 33 
