student 0: 46 20 18 19 11 2 45 30 47 6 29 35 21 39 1 13 32 23 49 28 38 48 8 44 26 25 40 33 9 41 34 27 5 17 15 36 14 24 7 31 12 42 16 22 37 50 3 43 10 4 
student 1: 46 20 15 23 12 3 45 32 50 4 28 35 21 42 1 16 31 25 49 27 37 48 8 41 26 29 39 33 9 44 34 22 5 13 18 40 14 24 6 30 11 38 17 19 36 47 2 43 10 7 
student 2: 45 23 16 19 12 3 46 28 48 5 31 36 20 40 1 15 29 26 49 25 35 47 8 44 27 24 38 33 9 42 34 30 4 13 17 39 14 21 7 32 10 43 22 18 37 50 2 41 11 6 
student 3: 45 22 13 20 12 1 46 31 50 4 30 33 21 38 2 16 28 29 49 24 37 47 7 44 27 26 42 34 9 41 32 23 3 15 17 36 10 25 8 35 11 43 18 19 39 48 6 40 14 5 
student 4: 43 22 15 20 8 2 47 32 48 5 28 36 21 41 1 13 34 25 49 26 37 46 10 45 30 29 42 33 9 39 31 24 4 16 17 35 14 23 7 27 12 38 18 19 40 50 3 44 11 6 
student 5: 47 20 15 19 12 2 49 31 48 6 29 34 23 38 3 17 28 27 46 26 35 45 7 44 25 30 40 32 11 42 33 22 5 16 14 39 13 24 8 37 10 41 18 21 36 50 4 43 9 1 
student 6: 44 20 18 22 17 2 45 29 50 5 31 35 23 38 1 13 32 26 47 25 37 48 8 43 28 24 40 34 12 42 33 27 6 15 14 36 10 21 7 30 11 41 16 19 39 49 3 46 9 4 
student 7: 45 23 16 21 13 1 47 30 50 7 28 36 20 39 2 14 32 27 49 24 37 43 12 46 29 25 40 34 8 42 33 22 4 10 18 35 15 26 6 31 11 41 19 17 38 48 3 44 9 5 
student 8: 46 22 18 21 15 4 48 32 47 8 31 37 20 39 2 16 34 27 49 26 36 45 10 44 29 25 40 33 6 42 28 24 1 14 17 35 13 23 7 30 11 41 12 19 38 50 3 43 9 5 
student 9: 47 21 14 19 13 3 48 29 46 2 30 34 23 38 1 17 31 25 50 27 36 43 4 45 28 24 40 32 9 42 35 26 8 16 15 37 12 22 7 33 10 44 20 18 39 49 5 41 11 6 
student 10: 46 24 17 19 12 3 47 31 49 9 30 34 21 36 2 16 28 26 50 25 39 45 7 43 29 27 41 38 8 42 35 20 1 13 15 32 14 23 6 33 10 40 18 22 37 48 5 44 11 4 
student 11: 45 25 19 21 10 2 43 32 48 8 30 34 22 42 1 16 33 28 50 23 35 47 6 44 26 27 46 38 9 41 36 24 4 15 17 29 12 20 7 31 13 39 14 18 37 49 3 40 11 5 
student 12: 45 25 17 20 10 1 46 29 48 7 31 35 21 40 3 15 33 27 50 24 38 47 8 44 28 26 41 32 9 43 34 22 6 13 19 36 14 23 5 30 12 42 16 18 37 49 2 39 11 4 
student 13: 47 24 16 20 13 2 45 32 48 5 29 36 21 40 1 14 31 27 50 26 37 46 11 43 28 25 41 35 8 39 33 23 6 17 15 34 12 22 7 30 10 42 18 19 38 49 3 44 9 4 
student 14: 44 19 17 20 12 3 48 30 50 8 29 36 23 38 1 14 31 27 49 25 39 46 9 43 28 26 45 33 6 40 32 22 5 16 13 34 18 24 2 35 11 41 21 15 37 47 4 42 10 7 
student 15: 45 20 18 17 11 2 47 29 50 5 30 35 22 40 1 14 33 26 49 31 38 46 9 43 27 24 42 34 8 44 32 23 4 15 19 36 12 25 7 28 10 41 16 21 37 48 6 39 13 3 
student 16: 47 23 16 18 11 2 45 32 46 7 29 34 22 37 1 15 30 21 49 28 42 48 6 44 27 26 39 35 8 41 31 24 5 14 17 38 13 25 9 33 12 40 19 20 36 50 3 43 10 4 
student 17: 45 22 17 20 12 4 49 31 46 7 29 35 21 38 2 11 30 26 48 27 37 47 6 44 28 25 39 34 10 42 33 23 3 15 16 40 14 24 8 32 13 41 18 19 36 50 1 43 9 5 
student 18: 44 25 18 16 12 1 47 31 48 6 24 38 20 39 2 14 30 28 49 26 36 45 9 46 27 23 41 34 11 42 33 22 5 13 29 35 15 21 4 32 10 40 19 17 37 50 3 43 7 8 
student 19: 43 22 18 21 11 2 46 31 48 5 30 37 23 38 1 15 34 26 49 20 39 47 8 45 29 27 41 35 6 42 32 24 3 14 16 33 12 25 9 28 10 40 17 19 36 50 7 44 13 4 
student 20: 45 27 16 13 12 3 47 31 49 5 28 36 23 41 1 17 32 29 50 24 38 46 8 44 26 25 40 34 11 39 35 21 2 14 18 33 15 22 7 30 10 42 19 20 37 48 4 43 9 6 
student 21: 46 19 15 18 12 2 45 28 49 6 29 34 23 41 5 16 33 26 50 25 39 47 9 43 31 27 38 35 10 44 32 21 4 13 17 36 14 24 8 30 7 42 20 22 37 48 3 40 11 1 
student 22: 44 21 22 20 11 3 47 28 48 8 31 32 19 37 5 13 33 30 50 25 39 46 14 45 27 26 42 34 10 41 36 23 1 15 16 35 12 24 6 29 9 40 17 18 38 49 2 43 7 4 
student 23: 44 21 17 14 13 2 46 29 48 10 32 35 22 41 1 16 33 26 50 25 38 49 7 45 27 28 39 37 8 43 31 24 4 20 15 34 11 23 6 30 12 42 18 19 36 47 3 40 9 5 
student 24: 45 24 16 20 12 2 47 30 48 5 28 36 21 41 1 15 32 27 49 25 38 46 7 43 31 26 39 34 10 44 33 22 4 14 17 35 13 23 6 29 11 42 18 19 37 50 3 40 9 8 
student 25: 45 21 9 22 15 2 48 33 49 8 29 36 20 41 1 13 32 27 50 26 38 47 5 46 25 28 39 34 11 40 30 23 4 16 17 35 12 24 6 31 10 42 18 19 37 44 3 43 14 7 
student 26: 47 22 16 20 12 2 49 29 46 6 31 34 21 38 1 14 30 26 50 23 36 44 7 45 27 28 40 32 11 42 37 24 5 15 17 35 13 25 8 33 10 41 18 19 39 48 4 43 9 3 
student 27: 45 20 16 19 7 2 46 31 47 4 29 35 23 40 1 12 32 28 50 24 38 48 9 44 27 26 39 33 10 41 34 22 5 14 17 36 15 25 8 30 11 43 18 21 37 49 3 42 13 6 
student 28: 44 20 18 19 12 1 46 29 49 6 31 36 22 38 3 14 35 26 50 23 40 47 8 45 28 27 39 33 9 42 30 24 4 13 15 34 17 25 7 32 11 41 16 21 37 48 2 43 10 5 
student 29: 44 22 17 20 12 1 47 30 49 5 29 37 21 38 2 15 32 24 50 27 39 45 10 46 28 26 40 33 7 43 34 25 4 13 16 35 14 23 8 31 9 41 18 19 36 48 3 42 11 6 
student 30: 46 22 17 21 13 1 47 31 48 9 30 35 20 41 2 15 32 28 50 26 38 45 6 44 25 27 42 34 7 40 33 23 3 10 19 37 12 24 11 29 8 36 16 18 39 49 4 43 14 5 
student 31: 43 23 17 18 14 4 47 34 48 6 29 33 20 37 1 15 32 26 50 24 39 46 10 45 28 25 41 35 9 40 31 22 5 16 13 36 12 27 8 30 11 42 21 19 38 49 2 44 7 3 
student 32: 47 21 15 23 13 2 48 29 46 7 27 36 20 39 3 16 33 28 49 24 37 44 10 45 26 30 40 34 8 42 31 22 6 14 17 35 12 25 5 32 11 41 18 19 38 50 1 43 9 4 
student 33: 47 23 14 20 12 3 46 28 49 6 30 35 21 39 2 17 34 25 48 27 38 45 9 44 29 26 40 32 10 41 31 24 5 15 16 36 13 22 11 33 8 42 19 18 37 50 1 43 4 7 
student 34: 48 20 18 19 13 3 47 31 46 4 28 38 23 39 1 16 32 29 50 24 37 45 9 44 25 27 40 35 8 42 33 21 7 14 15 34 11 26 6 30 12 41 17 22 36 49 2 43 10 5 
student 35: 47 20 17 25 13 4 44 30 46 7 28 34 23 40 2 14 33 24 50 21 38 48 11 43 29 27 42 31 9 41 36 26 3 12 16 35 15 22 5 32 10 39 19 18 37 49 1 45 8 6 
student 36: 44 21 18 20 12 1 47 31 48 3 29 35 22 43 2 14 36 28 49 24 38 45 10 46 26 27 39 33 9 40 32 23 8 13 16 34 15 25 7 30 11 41 19 17 37 50 4 42 6 5 
student 37: 45 26 19 20 12 2 48 31 47 6 30 32 23 38 1 14 36 25 49 21 35 46 10 42 27 22 41 37 9 43 34 24 4 15 18 33 13 29 8 28 5 39 16 17 40 50 3 44 11 7 
student 38: 50 23 18 20 9 3 44 29 47 7 31 36 21 33 1 17 34 26 48 25 39 45 5 43 30 27 38 40 10 42 28 22 6 14 15 37 12 24 8 32 13 41 16 19 35 49 2 46 11 4 
student 39: 39 23 17 24 12 2 47 31 48 8 30 38 21 40 1 14 35 27 49 25 37 46 9 43 28 22 41 33 7 44 32 26 4 13 15 34 16 19 5 29 11 42 18 20 36 50 3 45 10 6 
student 40: 44 21 19 18 12 3 46 29 49 7 32 37 23 36 4 13 33 27 47 25 41 45 6 40 28 26 42 34 8 48 31 24 5 14 16 35 11 22 1 30 9 39 17 20 38 50 2 43 15 10 
student 41: 44 24 19 17 12 2 46 34 50 7 27 35 23 40 5 15 30 29 49 26 38 47 6 43 31 25 39 32 9 41 33 21 1 16 18 37 13 22 8 28 11 45 14 20 36 48 3 42 10 4 
student 42: 41 21 18 20 14 2 47 30 45 5 29 35 22 40 1 4 33 27 48 25 38 49 11 44 28 26 42 36 12 39 31 23 6 15 13 34 16 24 7 32 9 46 19 17 37 50 3 43 10 8 
student 43: 45 23 19 20 12 1 44 28 48 6 31 37 22 40 3 17 29 24 50 27 38 46 7 47 25 30 39 32 8 42 34 21 9 15 14 35 13 26 5 33 11 41 16 18 36 49 2 43 10 4 
student 44: 46 23 17 21 11 1 45 30 50 8 32 34 22 37 3 15 31 29 48 24 40 47 7 43 28 27 41 38 9 44 33 19 2 13 16 35 12 25 6 26 14 42 18 20 36 49 4 39 10 5 
student 45: 48 22 16 18 17 6 46 24 47 3 28 35 19 39 5 15 32 27 50 29 38 45 7 44 30 26 40 34 9 42 33 23 1 12 21 36 13 25 8 31 10 41 20 14 37 49 4 43 11 2 
student 46: 45 19 16 20 12 1 46 31 48 7 30 34 22 39 4 17 33 26 50 23 37 47 6 43 29 27 40 35 10 42 32 24 3 14 15 36 9 25 8 28 13 41 18 21 38 49 2 44 11 5 
student 47: 46 23 18 22 12 2 48 34 49 5 29 35 19 41 1 15 30 25 47 27 38 45 6 44 28 26 39 33 10 40 31 21 4 13 16 36 14 24 8 32 11 42 17 20 37 50 3 43 9 7 
student 48: 45 22 19 20 12 4 47 31 48 5 28 36 21 41 2 16 32 29 50 25 38 46 8 44 27 26 39 35 13 42 33 24 3 14 17 34 11 23 6 30 9 40 15 18 37 49 1 43 10 7 
student 49: 44 22 15 19 11 4 48 33 45 7 29 36 21 38 1 16 30 28 50 27 31 47 10 46 26 25 41 34 9 42 35 23 3 14 18 39 12 24 6 32 13 37 17 20 40 49 2 43 8 5 
student 50: 47 21 17 20 8 2 46 31 48 5 29 34 22 41 1 14 32 25 50 26 38 44 9 42 28 27 39 35 12 45 33 23 6 16 18 37 15 24 7 30 13 40 19 11 36 49 3 43 10 4 
student 51: 46 21 13 17 12 2 45 31 48 7 25 34 20 40 1 14 32 22 50 26 39 47 8 44 29 27 38 35 10 41 33 23 3 16 15 36 18 24 5 30 9 42 28 19 37 49 4 43 11 6 
student 52: 43 23 16 21 13 2 46 34 48 7 30 32 20 39 1 14 35 27 49 29 38 50 8 47 26 25 44 33 12 41 31 22 3 17 10 36 15 24 11 28 6 40 18 19 37 42 4 45 9 5 
student 53: 44 19 14 22 11 1 46 31 48 6 32 36 24 38 3 16 29 27 50 30 39 47 10 42 25 23 40 35 8 45 33 20 5 15 17 34 13 26 2 28 12 41 18 21 37 49 4 43 9 7 
student 54: 43 22 19 21 14 1 47 32 48 8 29 34 20 39 2 15 30 26 50 25 38 46 6 44 27 28 40 33 11 45 35 23 4 12 13 36 17 24 7 31 10 42 16 18 37 49 3 41 9 5 
student 55: 46 23 16 22 13 3 48 30 49 4 27 35 20 41 2 17 39 29 50 25 37 44 9 42 33 28 38 32 7 45 31 24 1 14 15 36 11 21 8 26 12 43 18 19 34 47 5 40 10 6 
student 56: 46 20 17 21 11 4 47 31 50 6 27 35 22 37 2 16 33 26 43 25 42 48 8 44 28 29 41 34 9 45 32 24 5 14 13 36 10 23 7 30 15 39 18 19 38 49 1 40 12 3 
student 57: 44 21 17 20 12 1 47 31 50 6 28 32 22 39 4 15 34 27 48 26 33 46 9 45 30 23 43 37 8 41 35 24 5 14 16 38 13 25 7 29 10 40 19 18 36 49 2 42 11 3 
student 58: 45 24 18 20 13 3 47 30 48 7 29 32 23 41 1 14 33 27 50 22 40 44 6 43 28 26 37 35 9 42 34 19 5 15 16 36 11 25 4 31 12 39 17 21 38 49 2 46 10 8 
student 59: 46 26 16 21 11 2 47 32 48 7 29 36 20 34 1 17 31 25 50 24 39 43 6 44 28 27 40 33 10 42 35 22 4 14 15 37 13 23 8 30 12 41 19 18 38 49 3 45 9 5 
student 60: 47 23 15 19 11 4 45 31 49 6 29 36 20 40 2 17 32 26 48 22 35 46 9 43 28 25 41 34 8 42 33 24 3 13 14 38 16 27 7 30 12 37 18 21 39 50 1 44 10 5 
student 61: 45 21 19 20 11 3 46 33 47 2 32 37 22 35 1 17 34 28 49 25 38 50 9 44 27 26 40 30 10 42 36 23 6 14 18 31 13 24 7 29 12 41 16 15 39 48 4 43 8 5 
student 62: 43 23 15 19 17 2 45 33 49 5 25 36 22 35 4 14 31 28 50 26 38 47 8 42 29 21 41 34 9 44 32 24 3 13 16 37 11 27 7 30 10 40 18 20 39 48 1 46 12 6 
student 63: 45 23 15 18 12 1 47 33 48 6 32 36 20 39 2 17 28 26 50 30 37 44 7 43 27 24 42 34 5 40 31 25 4 13 19 38 14 22 9 29 11 41 16 21 35 49 3 46 10 8 
student 64: 44 22 17 23 11 7 45 33 49 5 30 32 21 39 2 15 34 28 48 18 38 46 10 47 29 25 40 35 6 43 31 24 4 14 16 37 13 26 9 27 12 41 19 20 36 50 1 42 8 3 
student 65: 43 23 17 18 9 2 49 32 48 8 29 35 21 38 1 15 33 26 50 25 39 45 12 47 28 27 40 34 13 41 31 24 3 10 19 37 14 22 11 30 6 44 20 16 36 46 7 42 5 4 
student 66: 44 20 17 24 11 1 43 31 49 6 26 34 22 41 2 15 32 27 47 23 33 46 8 45 29 28 39 37 9 40 35 21 4 12 16 36 14 25 7 30 13 42 19 18 38 50 3 48 10 5 
student 67: 46 23 18 19 12 2 48 30 47 6 29 36 20 39 1 15 33 28 50 25 38 45 10 41 24 26 40 35 9 43 32 27 5 14 16 37 13 22 8 31 7 42 21 17 34 49 3 44 11 4 
student 68: 42 21 18 20 8 3 46 31 49 5 30 37 22 34 1 13 32 24 50 27 39 45 10 47 26 25 41 35 11 43 33 23 6 14 15 36 16 28 9 29 12 40 19 17 38 48 2 44 7 4 
student 69: 45 23 17 20 13 2 47 29 48 8 33 41 22 39 1 14 32 27 50 21 38 46 7 42 30 26 40 31 9 43 34 24 3 15 16 35 12 25 4 28 11 36 19 18 37 49 6 44 10 5 
student 70: 44 19 16 21 11 4 41 33 49 5 28 38 24 39 1 14 31 26 50 27 40 46 9 45 29 25 43 36 7 47 35 22 2 17 15 32 13 23 8 30 10 37 18 20 34 48 3 42 12 6 
student 71: 45 24 16 19 12 2 46 30 48 6 29 37 21 36 1 14 32 26 50 23 39 47 7 43 28 27 42 34 4 40 33 22 3 15 17 35 9 25 10 31 13 41 20 18 38 49 5 44 11 8 
student 72: 46 25 16 20 9 2 49 31 50 7 29 36 22 39 1 15 33 30 47 24 38 48 10 43 21 28 42 32 11 40 34 18 5 13 17 35 14 27 6 26 12 41 19 23 37 45 4 44 8 3 
student 73: 45 22 18 19 11 2 47 32 49 5 31 35 21 39 1 14 33 27 50 25 40 46 10 44 29 26 38 30 15 41 34 23 4 13 16 36 12 24 7 28 9 42 17 20 37 48 3 43 8 6 
student 74: 46 22 18 20 12 2 47 32 50 5 30 35 21 39 1 13 33 27 48 24 38 45 10 44 28 25 40 34 6 42 31 23 4 15 16 37 14 26 9 29 7 41 17 19 36 49 3 43 11 8 
student 75: 44 20 22 21 13 2 48 33 49 5 30 35 19 41 1 14 34 27 50 24 39 47 7 45 28 26 37 32 9 40 31 23 4 12 18 36 17 25 8 29 11 42 15 16 38 46 3 43 10 6 
student 76: 45 22 17 19 11 1 47 31 48 6 29 34 20 38 3 12 33 28 49 27 40 46 7 43 23 24 37 35 10 41 32 26 5 16 15 36 14 25 8 30 13 42 21 18 39 50 4 44 9 2 
student 77: 47 22 16 19 12 3 48 32 49 7 29 35 20 40 1 18 34 27 50 25 38 45 8 44 28 26 39 33 9 42 31 24 4 10 15 36 14 23 5 30 13 43 17 21 37 46 2 41 11 6 
student 78: 49 25 16 15 12 1 44 30 47 7 28 34 23 41 5 19 31 32 50 24 37 46 10 40 26 27 38 36 3 43 33 20 4 14 13 35 18 21 9 29 11 42 17 22 39 48 2 45 8 6 
student 79: 45 22 17 21 11 2 47 32 48 5 31 33 20 36 1 15 37 29 49 26 42 46 10 40 27 25 41 34 7 39 30 23 4 14 18 35 12 24 6 28 9 43 16 19 38 50 3 44 13 8 
student 80: 42 22 19 20 12 2 47 30 49 5 29 37 21 40 1 15 32 27 50 25 38 45 9 46 28 24 39 34 10 43 33 26 3 13 17 35 14 23 8 31 11 41 16 18 36 48 6 44 7 4 
student 81: 48 20 22 19 12 2 46 31 47 4 29 38 21 39 1 17 32 27 50 25 36 45 8 44 28 26 42 33 10 43 34 23 5 14 18 37 13 24 7 30 9 40 15 16 35 49 3 41 11 6 
student 82: 46 20 16 27 13 3 45 31 47 8 26 35 19 38 1 14 32 21 49 24 37 48 5 43 30 28 39 34 9 42 33 22 4 15 23 36 11 25 7 29 12 41 18 17 40 50 2 44 10 6 
student 83: 45 23 15 19 14 5 47 31 48 6 27 35 22 39 1 17 34 29 50 25 36 46 7 44 30 26 40 33 8 42 28 20 2 16 10 38 13 24 12 32 9 41 21 18 37 49 4 43 11 3 
student 84: 46 22 17 21 12 2 47 30 49 6 28 31 19 39 1 16 33 32 45 26 38 48 7 44 27 25 40 34 9 43 35 23 3 14 15 37 13 24 8 29 10 41 18 20 36 50 4 42 11 5 
student 85: 45 24 18 20 11 2 48 31 50 6 27 35 22 39 1 15 33 25 49 28 38 44 7 46 29 26 41 36 9 40 32 21 4 14 19 34 13 23 8 30 12 42 16 17 37 47 5 43 10 3 
student 86: 45 22 16 20 11 2 46 32 48 8 31 34 21 39 1 12 33 26 50 24 38 47 7 44 27 28 40 30 14 42 35 25 5 18 17 36 15 23 4 29 10 41 13 19 37 49 6 43 9 3 
student 87: 48 21 19 22 11 4 45 30 47 2 28 36 20 41 3 14 35 27 49 26 40 43 8 46 32 25 39 34 10 38 31 24 6 15 17 33 13 23 5 29 9 44 18 16 37 50 7 42 12 1 
student 88: 46 22 18 21 13 3 48 29 47 6 31 34 23 35 1 12 33 26 50 24 39 45 11 44 27 28 40 36 7 42 32 25 5 15 16 38 14 20 10 30 9 41 17 19 37 49 4 43 8 2 
student 89: 45 24 18 16 11 2 48 32 49 6 28 35 22 40 1 13 34 29 46 25 36 47 7 38 30 26 41 33 8 43 31 21 4 12 15 37 17 23 9 27 14 42 19 20 39 50 3 44 10 5 
student 90: 46 23 16 20 15 3 48 30 47 6 25 35 22 39 1 17 33 26 50 29 38 45 9 43 32 24 40 34 10 42 31 27 4 11 14 37 13 21 7 28 12 41 18 19 36 49 2 44 8 5 
student 91: 48 23 19 21 16 1 45 34 47 6 29 35 18 33 2 15 31 27 49 24 38 46 9 44 28 26 43 32 7 41 37 25 5 12 14 36 11 22 4 30 13 40 17 20 39 50 3 42 10 8 
student 92: 44 23 21 20 14 1 45 29 48 8 30 39 18 38 4 17 32 26 50 24 37 47 7 46 27 28 40 33 9 43 34 22 3 13 15 35 11 25 6 31 10 41 16 19 36 49 2 42 12 5 
student 93: 44 23 19 22 9 3 48 33 46 6 29 35 17 42 1 16 31 27 50 21 38 39 7 47 28 25 40 34 13 43 32 24 4 15 14 36 11 26 8 30 12 41 20 18 37 49 2 45 10 5 
student 94: 45 20 17 19 10 1 46 30 48 6 29 36 23 39 2 15 33 21 50 27 38 47 8 44 28 26 40 34 9 41 31 24 4 13 16 35 14 25 7 32 12 42 18 22 37 49 3 43 11 5 
student 95: 44 27 19 20 13 2 45 31 47 5 26 39 25 38 4 16 32 30 50 24 37 48 12 46 23 28 42 34 8 41 33 21 3 14 17 35 11 15 6 29 9 40 18 22 36 49 1 43 7 10 
student 96: 45 22 13 20 9 1 50 28 46 8 30 34 21 36 3 15 31 27 49 25 40 47 6 44 29 26 42 35 11 38 33 23 4 16 10 39 19 24 7 32 14 41 17 18 37 48 2 43 12 5 
student 97: 46 26 17 18 10 3 47 33 49 6 28 37 21 40 2 15 32 25 48 24 36 42 7 45 30 23 39 31 9 43 34 22 1 14 16 35 13 27 8 29 12 44 19 20 38 50 5 41 11 4 
student 98: 43 23 16 21 11 4 47 31 48 6 29 35 22 45 1 14 30 27 49 24 37 44 7 46 28 26 42 34 9 38 33 25 2 15 18 36 13 19 8 32 12 40 17 20 39 50 5 41 10 3 
student 99: 46 24 15 16 12 2 47 26 44 11 30 33 22 39 1 14 35 28 49 27 38 48 7 45 29 25 41 32 8 40 31 23 4 18 17 36 13 20 6 34 10 42 21 19 37 50 3 43 9 5 
student 100: 45 23 18 21 13 1 47 31 49 2 27 33 20 40 3 19 32 28 44 26 36 48 8 43 30 24 39 35 9 46 37 22 5 16 17 34 12 25 7 29 11 41 14 15 38 50 4 42 10 6 
student 101: 45 22 21 19 9 4 48 26 42 7 30 38 20 41 2 14 32 27 49 25 37 47 10 40 29 28 39 33 8 46 34 23 1 15 17 36 12 24 6 31 13 43 16 18 35 50 3 44 11 5 
student 102: 45 21 17 22 14 2 47 32 48 4 28 31 20 41 1 16 33 27 50 25 35 46 6 44 29 26 40 37 7 43 34 23 5 13 15 36 11 24 12 30 10 39 18 19 38 49 3 42 9 8 
student 103: 43 21 15 18 13 2 46 32 48 8 28 34 20 35 1 16 38 30 50 27 36 47 10 45 26 25 40 33 6 44 31 22 7 12 17 37 14 23 4 29 11 41 24 19 39 49 3 42 5 9 
student 104: 46 24 17 21 13 2 45 32 50 7 28 36 18 39 1 15 33 29 49 23 37 47 8 43 27 25 41 35 10 38 31 22 4 14 16 40 11 26 6 30 12 44 19 20 34 48 3 42 9 5 
student 105: 44 25 17 19 14 2 49 34 47 6 28 33 21 37 1 13 30 29 50 24 39 45 8 42 27 26 40 35 9 43 32 20 5 15 23 36 12 22 7 31 11 41 18 16 38 48 3 46 10 4 
student 106: 41 23 17 20 14 3 46 30 50 2 26 43 22 36 1 13 32 29 49 24 37 45 8 47 27 25 38 34 9 42 31 21 6 15 16 35 12 28 7 33 11 40 18 19 39 48 4 44 10 5 
student 107: 47 22 17 20 14 5 48 30 46 8 27 35 23 36 2 16 32 28 50 24 40 45 7 43 29 26 39 34 6 42 33 21 3 15 12 37 13 25 9 31 10 41 18 19 38 49 1 44 11 4 
student 108: 44 22 17 20 10 2 48 31 49 6 28 34 21 38 1 12 32 26 50 30 36 46 7 42 27 25 39 33 9 45 35 23 3 15 16 40 13 24 8 29 14 41 19 18 37 47 4 43 11 5 
student 109: 44 20 17 21 12 3 46 30 49 7 31 35 26 39 1 16 32 27 50 24 41 48 9 45 28 25 42 34 8 40 33 22 2 15 13 36 14 23 5 29 11 38 18 19 37 47 6 43 10 4 
student 110: 47 22 16 19 13 2 45 33 48 7 30 34 21 40 1 15 32 28 49 25 36 46 8 44 27 26 38 31 9 42 35 23 4 14 17 37 12 24 6 29 11 41 20 18 39 50 3 43 10 5 
student 111: 45 22 19 20 12 2 44 32 48 5 27 34 21 41 1 16 31 29 50 25 38 47 7 42 30 26 39 35 4 46 33 24 6 13 17 36 14 23 9 28 11 40 18 15 37 49 3 43 10 8 
student 112: 44 22 17 20 13 1 47 30 48 6 28 36 21 40 3 15 33 29 50 26 32 46 12 45 27 25 39 37 9 42 34 24 5 16 14 35 10 23 2 31 8 41 18 19 38 49 4 43 11 7 
student 113: 43 23 18 19 13 2 44 31 48 6 30 37 21 39 1 15 32 27 50 25 38 45 7 42 28 26 46 36 8 41 34 22 4 12 16 35 14 24 11 29 10 40 20 17 33 49 3 47 9 5 
student 114: 45 19 17 21 11 3 48 32 47 5 28 36 16 37 2 13 31 27 50 25 41 46 9 44 29 26 38 34 12 43 33 24 6 15 20 35 14 23 8 30 10 40 18 22 42 49 1 39 4 7 
student 115: 45 23 17 18 15 1 49 31 47 5 28 36 21 43 2 13 32 26 50 27 38 41 8 46 29 25 39 35 9 42 33 24 4 14 16 37 11 22 7 30 10 40 20 19 34 48 6 44 12 3 
student 116: 45 21 17 24 12 3 47 33 50 6 27 32 20 39 1 15 36 29 49 26 38 48 8 42 28 25 44 35 9 43 30 22 4 13 16 34 11 23 7 31 10 41 18 19 37 46 2 40 14 5 
student 117: 47 22 19 18 13 6 46 34 50 7 29 37 21 39 1 16 30 26 49 24 36 44 5 41 28 27 45 33 8 40 35 25 3 15 17 31 14 23 9 32 10 43 11 20 38 48 2 42 12 4 
student 118: 46 23 15 20 14 1 47 30 48 6 27 36 21 44 2 13 34 28 49 22 41 45 8 42 31 26 40 33 9 38 32 24 4 11 17 35 12 25 7 29 16 43 18 19 37 50 3 39 10 5 
student 119: 48 22 18 20 16 4 49 32 45 7 29 36 23 39 1 15 30 31 50 26 38 46 8 44 28 25 40 33 9 42 34 21 3 12 13 35 11 24 5 27 14 41 17 19 37 47 2 43 10 6 
student 120: 46 21 17 19 14 2 49 31 47 5 28 36 22 40 1 15 32 25 50 27 38 45 8 44 26 29 39 33 10 42 35 23 4 12 16 34 11 24 7 30 9 41 18 20 37 48 3 43 13 6 
student 121: 46 17 19 21 13 2 48 32 49 7 29 35 23 37 1 18 31 26 50 28 39 47 12 45 27 25 40 33 3 42 34 22 5 16 10 36 14 24 9 30 8 41 15 20 38 44 4 43 11 6 
student 122: 44 22 17 20 11 4 46 30 49 7 28 38 21 35 2 15 32 26 48 27 41 47 9 43 29 24 37 34 12 42 31 23 6 14 16 36 10 25 1 33 13 40 18 19 39 50 3 45 8 5 
student 123: 43 22 17 21 12 1 47 30 50 8 33 38 20 42 3 15 32 28 48 26 39 45 7 41 18 27 37 35 10 40 31 24 5 14 16 34 11 25 4 29 13 46 19 23 36 49 2 44 9 6 
student 124: 48 23 18 20 12 3 46 32 49 8 29 36 21 43 2 16 33 27 50 26 38 45 9 41 28 24 39 30 6 44 34 22 7 13 15 37 14 25 5 31 11 40 17 19 35 47 1 42 10 4 
student 125: 43 19 18 21 14 3 50 32 48 4 29 37 22 40 2 15 31 27 45 25 33 47 8 46 28 26 41 35 5 42 34 23 1 13 16 36 9 24 10 30 11 39 17 20 38 49 6 44 12 7 
student 126: 43 22 17 19 10 2 48 29 46 5 31 35 21 40 1 14 34 24 47 23 37 49 9 45 28 26 38 32 8 41 33 25 4 13 16 36 15 27 6 30 11 42 20 18 39 50 3 44 12 7 
student 127: 45 25 19 23 11 2 46 30 49 7 28 35 20 39 5 16 33 27 48 24 38 47 8 44 29 26 40 34 9 43 32 21 1 14 15 36 13 22 3 31 12 41 17 18 37 50 4 42 10 6 
student 128: 46 23 20 19 12 3 45 33 49 6 28 35 22 38 2 14 32 26 48 25 39 43 7 47 30 27 40 34 9 42 31 18 5 15 16 37 13 24 8 29 11 41 17 21 36 50 1 44 10 4 
student 129: 44 23 16 22 14 2 45 28 47 6 27 39 21 40 1 12 31 29 50 24 38 49 9 46 30 26 37 32 10 42 34 18 3 13 15 35 17 25 7 33 11 41 20 19 36 48 4 43 8 5 
student 130: 44 25 17 20 11 1 46 32 47 8 29 33 22 39 3 15 30 28 48 23 38 50 9 43 24 27 42 35 6 45 34 21 5 14 16 37 13 26 4 31 12 40 18 19 36 49 2 41 10 7 
student 131: 43 22 18 20 12 1 47 24 49 6 30 36 21 34 3 15 33 28 50 26 38 45 8 46 29 27 39 32 9 42 35 23 4 13 17 40 14 25 7 31 11 41 19 16 37 48 2 44 10 5 
student 132: 43 21 15 22 13 5 45 32 48 6 28 36 19 39 1 14 30 24 50 26 38 46 9 47 27 29 42 35 8 40 34 23 4 12 17 33 16 25 7 31 11 44 18 20 37 49 2 41 10 3 
student 133: 43 22 18 20 8 3 50 31 48 7 29 34 21 37 2 15 33 26 49 25 40 46 9 45 28 27 39 32 14 42 35 23 6 12 16 38 13 24 5 30 11 41 19 17 36 47 1 44 10 4 
student 134: 46 25 19 21 10 2 47 31 48 5 29 35 23 39 1 14 33 27 50 22 36 44 6 45 28 26 40 34 9 42 32 20 4 15 16 37 13 24 8 30 11 41 17 18 38 49 3 43 12 7 
student 135: 43 22 18 19 12 3 47 29 49 6 28 36 23 39 1 17 32 26 50 21 38 46 5 41 27 31 40 35 8 45 30 24 7 15 16 34 10 25 9 33 11 42 13 20 37 48 4 44 14 2 
student 136: 43 22 17 19 10 1 47 31 45 3 29 35 21 39 4 15 33 25 48 24 38 46 7 49 28 27 40 32 8 44 34 23 5 14 16 37 13 26 9 30 12 41 18 20 36 50 6 42 11 2 
student 137: 46 22 18 21 11 2 47 31 44 7 29 33 20 37 1 13 32 28 49 25 36 48 8 45 27 26 40 34 9 41 35 23 4 14 15 39 12 24 5 30 10 43 19 17 38 50 3 42 16 6 
student 138: 45 18 16 20 12 2 47 31 48 7 28 35 24 37 1 13 32 27 49 23 39 46 8 43 30 26 42 34 11 40 33 22 5 14 17 38 15 25 6 29 10 41 19 21 36 50 3 44 9 4 
student 139: 44 23 17 21 12 2 49 31 46 5 28 36 20 41 1 15 32 27 50 25 37 48 8 45 30 26 40 35 10 42 33 22 3 14 16 34 9 24 7 29 13 39 18 19 38 47 4 43 11 6 
student 140: 45 25 17 19 12 1 47 32 48 6 31 35 23 40 2 16 30 24 50 27 39 46 8 43 26 28 41 34 7 42 33 22 5 14 15 36 13 21 9 29 10 38 18 20 37 49 3 44 11 4 
student 141: 42 23 17 21 12 3 47 29 48 8 28 34 16 39 1 14 33 26 49 25 36 46 5 44 30 27 40 38 9 43 32 24 4 15 18 35 13 22 6 31 10 41 19 20 37 50 2 45 11 7 
student 142: 45 22 17 19 11 1 46 32 48 7 29 33 20 43 2 16 31 25 50 26 38 47 9 42 28 27 39 36 5 40 34 23 3 13 15 35 14 24 8 30 12 41 21 18 37 49 6 44 10 4 
student 143: 47 18 20 17 12 1 46 29 49 8 28 37 25 38 6 14 32 27 45 21 35 48 10 43 30 24 40 34 5 39 33 23 2 13 15 36 16 26 4 31 9 44 19 22 42 50 3 41 11 7 
student 144: 47 22 17 19 13 2 46 30 50 7 34 35 21 41 1 15 28 25 49 31 38 43 8 44 29 26 39 33 10 45 32 23 3 16 18 36 12 24 6 27 11 40 20 14 37 48 4 42 9 5 
student 145: 43 20 17 23 12 3 49 30 48 8 28 34 22 38 1 15 33 27 50 26 37 46 9 45 31 25 41 35 10 40 32 21 6 14 16 36 13 24 5 29 11 42 19 18 39 47 2 44 7 4 
student 146: 44 22 17 21 12 3 48 27 47 6 33 36 19 39 1 15 31 26 50 24 38 46 10 45 29 28 40 34 9 42 32 23 4 14 16 35 13 25 5 30 11 41 18 20 37 49 2 43 7 8 
student 147: 47 22 17 20 12 2 46 33 48 5 27 35 21 38 1 14 31 28 50 25 40 45 8 43 29 26 39 34 15 41 32 24 3 10 16 36 13 23 7 30 11 44 19 18 37 49 6 42 9 4 
student 148: 45 24 17 20 12 11 47 31 48 4 33 35 21 39 1 14 30 28 50 25 38 46 6 43 27 26 41 37 7 44 32 22 3 9 18 34 15 23 5 29 13 40 16 19 36 49 2 42 10 8 
student 149: 47 22 17 19 10 2 48 28 50 8 31 35 20 39 1 15 34 26 49 24 38 41 7 45 30 27 40 33 12 42 32 23 3 13 16 36 14 25 6 29 11 43 18 21 37 46 4 44 9 5 
student 150: 45 22 16 21 15 5 43 29 48 8 32 36 19 41 2 14 33 28 50 27 37 47 7 46 31 25 42 34 11 40 30 24 4 13 18 38 12 23 6 26 10 39 20 17 35 49 1 44 9 3 
student 151: 44 22 18 19 11 2 45 29 47 5 28 35 20 40 4 15 32 26 48 25 37 50 8 46 30 27 38 33 9 42 34 23 7 13 17 36 14 24 6 31 10 41 16 21 39 49 1 43 12 3 
student 152: 46 22 16 20 12 3 47 29 50 6 30 36 21 39 2 15 32 27 48 25 35 41 7 45 28 26 40 31 8 42 34 23 5 14 18 37 11 24 9 33 13 44 17 19 38 49 4 43 10 1 
student 153: 45 23 16 20 12 3 46 31 48 7 28 34 22 41 1 14 32 27 49 25 38 47 9 42 29 26 40 36 6 43 33 21 4 15 17 35 13 24 8 30 11 44 18 19 37 50 2 39 10 5 
student 154: 46 21 16 18 14 1 47 35 49 4 29 36 22 40 3 15 32 28 50 25 37 45 11 44 27 26 41 33 8 42 31 23 5 9 19 38 12 24 10 30 13 34 17 20 39 48 2 43 7 6 
student 155: 49 22 17 20 11 3 47 32 50 7 29 35 21 39 1 14 33 25 48 24 38 46 12 44 28 26 40 30 9 43 36 23 2 15 16 34 13 27 6 31 10 42 18 19 37 45 5 41 8 4 
student 156: 45 24 18 19 10 3 46 29 50 5 30 35 22 39 1 14 32 28 47 26 38 49 7 44 31 25 41 33 9 43 34 20 6 13 15 37 12 23 8 27 16 40 17 21 36 48 2 42 11 4 
student 157: 44 23 17 20 11 1 48 31 49 6 29 35 26 38 3 15 32 28 46 24 39 47 7 45 27 25 41 33 8 43 36 21 4 14 16 34 13 22 9 30 12 42 18 19 37 50 2 40 10 5 
student 158: 43 20 18 21 11 2 48 28 47 6 30 36 22 41 1 14 32 27 49 25 39 46 7 45 29 26 40 34 8 37 33 23 5 13 16 35 15 24 12 31 10 42 19 17 38 50 4 44 9 3 
student 159: 46 22 20 21 10 2 45 30 50 4 33 35 18 39 1 16 32 27 49 25 37 43 8 48 28 26 41 34 9 42 31 23 3 14 19 38 12 24 7 29 11 40 15 17 36 47 5 44 13 6 
student 160: 44 21 15 19 12 1 47 31 49 7 30 35 22 42 3 16 33 26 50 25 38 45 8 43 28 27 37 34 11 39 32 23 6 18 14 41 13 24 5 29 10 40 20 17 36 48 2 46 9 4 
student 161: 45 20 18 23 10 2 46 31 49 6 28 36 21 39 1 14 32 29 50 27 38 47 7 42 26 25 40 34 12 43 33 22 4 15 16 35 11 24 9 30 13 41 17 19 37 48 3 44 8 5 
student 162: 43 21 16 22 11 1 47 32 49 4 28 35 19 42 2 14 33 27 50 25 38 45 7 41 29 26 39 34 9 46 31 23 6 13 17 36 15 24 8 30 12 40 20 18 37 48 3 44 10 5 
student 163: 44 21 18 22 15 1 47 27 45 8 29 36 16 39 2 13 30 32 50 26 38 48 10 46 24 28 42 33 7 40 31 23 3 12 17 34 11 25 4 35 14 41 20 19 37 49 6 43 9 5 
student 164: 45 21 20 22 10 2 48 35 46 6 24 38 14 41 1 17 32 28 50 29 39 47 9 44 30 26 37 33 8 43 31 23 4 15 16 34 11 25 5 27 12 40 19 18 36 49 3 42 13 7 
student 165: 44 21 15 22 7 1 48 31 47 6 29 36 19 42 2 16 34 26 49 27 37 46 8 45 28 25 38 35 9 41 32 23 5 14 17 33 11 24 10 30 13 40 18 20 39 50 4 43 12 3 
student 166: 45 22 16 18 10 3 48 30 41 6 28 38 21 39 1 15 32 27 49 25 37 47 9 44 29 26 40 35 11 43 33 23 4 13 17 36 14 24 7 31 12 42 19 20 34 50 2 46 8 5 
student 167: 46 19 20 18 14 1 47 31 48 7 29 36 23 41 2 13 32 27 50 26 42 45 8 43 30 25 37 33 12 39 35 24 5 15 16 38 9 22 6 28 11 40 17 21 34 49 3 44 10 4 
student 168: 45 21 18 20 13 2 46 31 48 6 29 36 22 38 1 17 33 26 47 25 39 44 7 49 27 28 40 34 8 41 32 23 4 16 14 35 11 24 9 30 10 42 15 19 37 50 3 43 12 5 
student 169: 43 23 18 21 11 3 49 38 46 1 31 34 19 39 2 17 30 27 48 25 36 45 8 44 29 26 41 32 10 42 35 22 5 12 14 33 15 24 7 28 13 40 16 20 37 50 4 47 9 6 
student 170: 46 21 17 19 12 4 48 32 49 7 30 34 22 39 1 16 29 27 50 26 37 44 8 43 28 25 40 36 9 45 33 23 5 13 15 38 14 24 6 31 11 41 20 18 35 47 2 42 10 3 
student 171: 46 21 16 18 12 1 47 32 48 8 29 35 20 38 3 17 31 26 50 23 39 43 7 45 28 27 40 34 11 44 33 25 5 13 14 36 15 24 6 30 9 41 22 19 37 49 2 42 10 4 
student 172: 43 21 16 19 11 1 48 31 49 6 28 35 22 37 2 15 30 27 50 25 38 46 7 45 29 26 42 34 8 40 33 23 4 14 18 36 10 24 9 32 13 39 20 17 41 47 3 44 12 5 
student 173: 44 21 20 23 11 3 45 30 47 6 31 36 24 40 2 14 33 28 50 25 38 48 8 43 27 26 39 34 9 41 32 16 1 15 17 35 12 22 7 29 13 42 18 19 37 49 5 46 10 4 
student 174: 45 22 17 19 11 1 47 32 48 7 28 40 20 38 3 14 29 27 50 24 37 46 8 41 30 25 43 34 9 44 33 23 5 10 18 35 15 26 6 31 12 42 16 21 36 49 2 39 13 4 
student 175: 46 23 18 22 10 2 47 30 48 7 32 36 17 41 3 15 33 24 50 25 35 44 8 43 28 27 39 31 9 40 34 26 4 13 16 38 14 21 6 29 12 42 19 20 37 49 1 45 11 5 
student 176: 43 19 17 25 12 1 49 30 47 3 27 33 20 40 2 10 35 26 50 24 37 48 8 45 29 28 41 38 9 42 34 22 6 14 15 32 16 23 7 31 13 39 21 18 36 46 5 44 11 4 
student 177: 45 18 17 21 13 1 46 32 48 6 29 37 22 39 4 16 31 26 50 27 38 47 8 44 28 25 40 34 9 42 33 23 3 15 14 36 12 24 7 30 11 43 19 20 35 49 2 41 10 5 
student 178: 45 20 18 21 13 2 48 36 47 6 31 37 22 39 1 16 28 27 50 26 38 46 7 44 29 25 41 32 10 42 33 23 4 14 15 35 12 24 8 30 11 40 17 19 34 49 3 43 9 5 
student 179: 49 22 17 19 13 6 45 30 46 3 29 34 20 38 1 15 31 28 48 25 39 43 8 47 26 27 44 33 10 40 32 23 5 12 16 36 14 24 7 35 11 42 18 21 37 50 4 41 9 2 
student 180: 43 24 17 19 11 4 46 31 49 5 27 35 20 40 1 16 32 30 50 26 39 45 9 47 29 25 41 34 7 37 33 22 2 14 15 36 13 23 8 28 12 42 18 21 38 48 3 44 10 6 
student 181: 43 22 17 20 11 4 47 31 49 8 30 37 21 36 1 9 32 27 48 24 39 45 7 42 26 28 40 34 13 44 33 23 2 16 14 35 12 25 3 29 15 41 18 19 38 50 6 46 10 5 
student 182: 45 16 20 23 10 4 49 32 48 9 27 35 19 42 1 17 34 30 50 25 37 46 11 43 28 26 38 36 12 40 39 22 5 14 15 29 13 24 3 31 8 41 18 21 33 47 2 44 7 6 
student 183: 41 26 14 22 13 1 49 31 48 5 28 35 24 38 3 17 29 30 47 21 39 44 8 46 27 23 45 36 10 42 34 20 6 15 18 33 11 25 7 32 9 40 16 19 37 50 2 43 12 4 
student 184: 43 22 16 20 13 3 48 31 47 7 27 35 21 37 1 17 32 29 50 23 38 45 6 46 26 28 40 33 9 42 34 25 2 12 15 36 14 24 8 30 10 41 19 18 39 49 4 44 11 5 
student 185: 47 23 17 22 12 4 46 30 49 5 29 33 20 38 1 14 32 26 50 25 36 45 9 44 27 28 41 37 8 42 35 24 2 16 15 34 13 21 6 31 11 40 18 19 39 48 3 43 10 7 
student 186: 43 19 17 22 12 3 49 31 48 9 29 37 25 35 2 16 32 27 50 24 33 47 11 45 28 26 39 38 7 40 34 21 4 15 14 36 13 23 8 30 6 42 18 20 41 44 1 46 10 5 
student 187: 45 21 16 18 12 3 47 32 48 7 29 33 20 37 1 14 31 27 50 25 40 46 8 43 30 26 39 34 9 44 38 23 2 17 15 36 13 24 6 28 10 42 19 22 35 49 4 41 11 5 
student 188: 46 22 17 18 12 3 44 30 47 5 28 35 19 36 1 15 32 29 49 25 40 50 8 45 27 26 43 34 9 38 33 24 6 13 16 39 14 23 7 31 10 41 20 21 37 48 2 42 11 4 
student 189: 45 21 19 17 8 2 46 29 40 6 30 32 22 38 1 13 33 27 48 24 39 49 10 44 28 26 42 34 11 41 36 25 5 15 16 35 14 23 7 31 12 43 20 18 37 47 3 50 9 4 
student 190: 45 21 19 20 13 2 47 31 48 10 29 35 22 39 1 17 36 27 50 26 40 46 7 44 28 25 42 32 8 33 34 23 3 14 11 37 15 24 6 30 9 41 16 18 38 49 5 43 12 4 
student 191: 45 22 17 20 11 2 49 31 48 6 29 38 21 39 1 16 30 26 50 28 36 47 8 40 27 25 42 35 9 41 34 23 3 15 13 33 12 24 7 32 14 43 19 18 37 46 4 44 10 5 
student 192: 45 25 18 20 10 1 47 32 48 6 27 38 21 39 2 13 33 26 50 24 36 46 9 37 30 29 42 34 7 41 28 22 3 15 17 35 14 23 8 31 12 44 16 19 40 49 4 43 11 5 
student 193: 44 20 16 17 9 2 47 32 48 4 27 36 22 38 1 14 31 28 49 26 37 46 7 43 29 25 42 35 13 45 33 23 5 15 19 39 12 24 8 30 10 41 18 21 34 50 3 40 11 6 
student 194: 45 25 18 20 11 8 48 28 49 6 33 37 17 41 2 14 30 34 50 24 38 44 9 43 27 26 42 32 7 40 31 22 5 16 15 35 13 23 4 29 12 46 21 19 36 47 1 39 10 3 
student 195: 45 22 12 19 14 2 48 30 47 7 29 33 21 36 3 17 32 26 50 24 38 46 5 44 31 27 42 34 9 41 35 23 1 15 16 37 11 25 4 28 13 43 18 20 39 49 6 40 10 8 
student 196: 46 23 17 19 12 3 45 31 49 6 29 36 24 39 1 15 32 28 48 25 37 43 7 47 27 22 41 34 9 44 33 21 4 14 16 38 13 26 8 30 11 42 18 20 35 50 2 40 10 5 
student 197: 44 22 18 20 14 1 48 30 49 3 31 35 21 39 2 15 32 29 50 24 40 46 7 43 26 27 42 34 10 45 33 23 5 13 16 36 12 25 9 28 11 41 19 17 37 47 6 38 8 4 
student 198: 45 19 18 22 12 2 47 31 50 8 25 36 23 41 1 14 30 28 49 24 38 48 10 44 29 27 39 32 11 40 34 26 4 16 15 35 13 20 5 33 7 42 17 21 37 46 3 43 9 6 
student 199: 44 23 16 22 12 2 48 29 49 7 30 36 19 40 1 18 32 20 47 27 39 46 5 45 28 25 35 34 10 43 33 24 4 14 15 37 11 26 9 31 8 41 17 21 38 50 3 42 13 6 
student 200: 47 20 18 21 12 4 46 32 50 7 30 34 22 40 3 17 31 27 49 26 37 44 9 45 28 25 41 39 10 38 33 23 5 15 16 35 13 24 8 29 6 42 19 14 36 48 2 43 11 1 
student 201: 46 25 17 20 12 2 45 31 48 5 29 32 21 41 1 15 33 23 50 22 39 47 8 43 27 28 37 34 10 44 35 24 3 16 14 36 11 26 6 30 13 40 18 19 38 49 4 42 9 7 
student 202: 40 19 18 20 12 2 48 30 49 6 28 34 23 42 1 15 33 26 50 21 38 45 10 46 29 27 39 32 9 41 35 25 4 14 16 36 13 22 7 31 11 43 17 24 37 47 3 44 8 5 
student 203: 44 19 16 21 14 4 49 34 47 5 30 35 22 38 3 11 28 27 48 29 39 50 8 43 26 24 41 31 10 40 33 23 2 17 15 37 13 25 7 32 12 42 18 20 36 46 1 45 9 6 
student 204: 44 21 18 17 12 2 48 29 46 5 27 32 20 37 1 16 33 26 50 25 36 45 7 47 28 30 41 35 8 42 31 23 6 15 14 34 13 24 10 39 11 40 22 19 38 49 3 43 9 4 
student 205: 45 24 19 20 11 2 49 31 46 6 29 32 23 37 1 15 33 27 50 21 39 47 7 43 28 26 41 35 8 42 36 22 3 13 16 38 12 25 9 30 14 40 18 17 34 48 4 44 10 5 
student 206: 44 22 15 21 12 2 45 32 47 7 28 36 20 39 1 14 30 27 48 25 38 50 6 42 29 26 40 34 8 43 33 23 3 16 18 35 13 24 10 31 11 41 19 17 37 49 4 46 9 5 
student 207: 46 23 19 18 13 3 47 31 48 4 29 34 20 42 2 14 35 25 50 24 36 41 6 45 28 27 38 33 9 44 32 21 5 16 15 37 10 26 8 30 12 39 17 22 40 49 1 43 11 7 
student 208: 45 20 15 25 12 1 46 32 49 7 29 34 21 37 4 17 33 28 50 24 38 47 9 41 22 27 40 35 8 42 31 23 3 14 16 36 11 26 6 30 10 44 18 19 39 48 2 43 13 5 
student 209: 45 20 17 21 11 3 48 28 47 6 30 34 19 39 1 16 32 27 50 25 38 46 7 43 29 26 42 31 8 40 35 23 4 12 18 37 14 24 10 33 13 41 15 22 36 49 2 44 9 5 
student 210: 45 23 13 22 12 2 47 33 48 5 27 37 20 39 1 15 30 28 50 25 36 46 8 44 31 26 41 35 9 42 32 17 3 16 18 34 14 24 7 29 11 40 19 21 38 49 4 43 10 6 
student 211: 45 25 16 21 13 1 43 30 50 6 29 35 22 37 3 17 31 27 49 23 36 48 8 46 28 26 39 34 10 38 33 20 4 14 15 42 11 24 7 32 12 41 18 19 40 47 2 44 9 5 
student 212: 43 22 18 20 10 2 46 30 48 6 29 36 21 39 1 17 33 24 50 26 38 45 9 42 28 27 47 34 8 44 32 23 3 14 15 35 12 25 7 31 13 40 16 19 37 49 4 41 11 5 
student 213: 43 21 16 19 12 3 47 31 49 6 29 35 22 37 1 14 34 26 50 28 38 45 8 44 30 25 42 36 10 46 32 23 4 17 15 33 11 24 7 27 13 40 18 20 39 48 5 41 9 2 
student 214: 49 21 18 20 10 1 48 34 47 2 28 35 24 43 4 14 30 27 45 25 40 39 8 46 29 26 41 36 9 42 31 22 7 16 17 33 12 23 6 32 15 37 13 19 38 50 5 44 11 3 
student 215: 45 24 17 19 13 2 50 32 46 6 29 35 20 38 3 16 33 25 49 23 37 48 8 43 26 27 40 31 10 41 34 21 4 9 15 36 14 30 5 28 12 42 18 22 39 47 1 44 11 7 
student 216: 45 22 16 19 13 3 49 31 46 7 29 35 21 40 1 9 33 28 50 24 37 44 12 47 26 27 41 34 8 42 32 23 5 15 17 36 10 25 6 30 11 39 18 20 38 48 2 43 14 4 
student 217: 45 25 15 19 10 3 44 30 46 5 29 35 20 38 1 17 32 26 50 27 37 48 8 42 28 23 39 34 12 47 33 21 2 14 16 36 13 24 7 31 11 41 18 22 40 49 4 43 9 6 
student 218: 48 19 13 20 10 1 46 33 49 8 30 34 23 39 4 16 29 24 50 27 37 42 7 45 28 26 41 38 9 44 32 25 5 14 17 35 12 22 15 31 11 40 18 21 36 47 2 43 6 3 
student 219: 44 24 15 17 10 2 46 31 48 5 30 33 21 38 1 16 32 27 50 25 40 47 9 45 28 26 36 39 7 42 34 22 3 12 13 35 18 23 11 29 14 41 20 19 37 49 4 43 8 6 
student 220: 45 22 17 19 12 2 46 33 49 5 29 38 20 36 1 13 31 28 50 24 35 47 9 44 27 26 39 32 8 40 34 21 6 16 15 37 14 23 7 30 11 41 18 25 43 48 3 42 10 4 
student 221: 45 22 16 21 10 1 46 34 48 8 29 36 23 40 3 19 31 28 50 26 39 47 6 43 27 24 38 35 7 41 32 25 2 14 15 33 13 20 11 30 9 44 17 18 37 49 4 42 12 5 
student 222: 44 21 17 20 13 2 46 32 47 5 25 33 23 45 1 16 36 27 50 24 43 39 8 49 29 28 40 34 9 42 31 22 4 14 15 35 12 26 7 30 11 41 18 19 37 48 3 38 10 6 
student 223: 45 20 17 21 11 1 48 31 50 7 33 35 23 39 2 14 34 27 49 25 38 47 10 43 28 22 42 30 8 41 32 24 4 13 15 36 16 26 6 29 9 40 18 19 37 46 3 44 12 5 
student 224: 43 22 19 21 11 2 49 32 50 6 35 30 20 42 1 15 33 27 47 24 39 45 8 44 28 26 40 34 9 41 31 25 4 14 17 36 13 23 5 29 10 37 16 18 38 46 3 48 12 7 
student 225: 43 22 17 20 8 2 47 32 48 7 28 36 21 38 1 15 34 26 50 23 39 46 5 44 30 25 40 33 10 41 31 24 4 13 16 35 14 27 9 29 12 45 18 19 37 49 6 42 11 3 
student 226: 45 25 19 20 12 3 47 30 48 7 28 34 22 39 1 16 32 26 50 27 38 46 9 44 29 24 40 33 10 42 35 21 2 11 14 36 13 23 4 31 8 43 17 18 37 49 5 41 15 6 
student 227: 44 23 21 19 11 2 46 33 49 5 29 36 22 39 3 14 32 27 50 25 37 47 7 45 31 20 40 34 8 43 30 24 4 15 16 38 13 26 10 28 12 41 18 17 35 48 1 42 9 6 
student 228: 45 26 17 21 5 4 49 32 47 9 28 38 20 41 2 15 33 29 50 24 37 46 10 44 30 25 42 35 12 40 27 22 3 14 16 34 11 23 8 31 13 39 19 18 36 48 1 43 7 6 
student 229: 46 23 17 20 11 2 47 30 49 4 29 33 21 39 1 15 35 28 45 22 38 48 10 44 26 25 42 34 6 41 32 27 5 14 16 36 13 24 8 31 12 40 18 19 37 50 3 43 9 7 
student 230: 46 23 18 21 15 2 48 31 47 10 29 34 20 39 1 14 33 27 49 25 36 44 6 45 28 22 41 35 11 43 32 26 4 17 16 37 13 24 5 30 12 40 9 19 38 50 3 42 7 8 
student 231: 44 24 18 20 11 2 48 30 47 6 33 36 22 39 1 15 34 26 50 25 38 46 9 45 29 28 41 31 7 42 35 21 3 14 17 32 13 23 4 27 10 40 16 19 37 49 5 43 8 12 
student 232: 47 21 18 22 8 3 48 31 45 5 28 35 19 40 1 15 30 23 50 25 38 46 7 42 26 27 39 34 11 41 33 24 4 13 17 37 14 32 10 29 12 44 16 20 36 49 2 43 9 6 
student 233: 44 21 17 19 14 2 46 31 49 6 30 33 22 41 1 16 34 26 50 25 38 47 8 45 27 28 40 35 10 43 32 23 4 13 15 37 12 24 9 29 7 42 18 20 36 48 3 39 11 5 
student 234: 47 23 20 19 12 1 46 31 48 4 29 34 21 40 5 13 32 27 50 26 38 45 8 44 28 24 41 36 9 39 33 22 3 14 17 37 15 25 7 30 11 42 16 18 35 49 2 43 10 6 
student 235: 44 23 15 20 14 1 46 32 48 6 28 36 19 39 2 16 37 25 50 26 38 45 8 47 29 27 41 31 9 42 33 24 3 13 21 34 12 22 7 30 11 40 18 17 35 49 4 43 10 5 
student 236: 45 20 18 22 14 5 48 30 49 8 28 33 19 38 2 17 34 26 50 21 37 46 9 44 29 23 40 36 7 42 32 24 3 13 15 39 11 25 6 31 12 41 27 16 35 47 4 43 10 1 
student 237: 44 22 16 20 12 3 48 31 46 6 29 35 21 39 1 13 32 26 50 17 37 45 7 47 28 27 40 33 10 43 36 25 5 15 18 38 14 24 4 30 11 42 19 23 34 49 2 41 9 8 
student 238: 45 20 17 23 13 3 47 30 49 6 32 33 19 39 2 16 31 27 50 21 38 46 7 43 28 25 40 36 8 42 34 26 4 12 15 35 14 24 9 29 11 41 18 22 37 48 1 44 10 5 
student 239: 42 18 11 21 13 2 44 28 50 6 30 36 20 40 1 14 29 26 49 23 37 47 7 45 32 25 39 34 9 43 31 24 3 17 19 35 16 27 8 33 10 41 15 22 38 48 4 46 12 5 
student 240: 43 17 19 21 11 2 44 31 46 7 28 34 22 38 1 15 32 25 49 27 40 48 6 45 30 26 39 35 9 41 33 23 3 14 16 36 12 24 8 29 10 42 20 18 37 50 4 47 13 5 
student 241: 42 22 16 21 11 1 47 32 49 7 28 35 20 37 2 14 31 30 50 24 39 45 6 46 27 29 40 34 17 43 33 23 4 13 15 38 12 26 8 25 10 41 18 19 36 48 3 44 9 5 
student 242: 47 23 16 18 12 2 45 31 48 8 28 36 22 39 1 15 33 30 50 25 42 44 7 43 26 27 41 35 9 38 32 24 4 13 19 34 14 21 6 29 11 46 20 17 37 49 3 40 10 5 
student 243: 42 24 17 20 14 2 47 32 48 5 27 35 21 41 1 13 31 25 50 23 40 46 8 45 29 26 38 34 9 43 36 22 3 15 16 33 12 28 7 30 10 39 18 19 37 49 4 44 11 6 
student 244: 45 21 18 17 15 3 47 29 48 7 27 34 22 39 2 14 30 28 49 26 38 46 4 43 31 24 40 33 8 42 32 25 1 13 16 36 12 23 11 35 10 41 19 20 37 50 6 44 9 5 
student 245: 44 22 19 18 15 2 49 32 47 4 30 34 21 39 1 13 33 26 50 24 41 46 10 45 28 27 36 35 9 43 38 23 5 14 17 31 11 25 8 29 7 40 16 20 37 48 3 42 12 6 
student 246: 48 23 16 18 8 2 46 39 50 5 29 34 21 41 1 15 31 25 49 26 37 38 7 45 28 27 42 33 9 43 30 22 4 12 17 35 14 24 11 32 13 40 19 20 36 47 3 44 10 6 
student 247: 45 24 17 21 12 2 48 30 47 5 29 34 23 39 3 16 33 28 49 22 40 46 7 44 27 26 38 35 11 42 31 25 4 14 15 36 13 19 6 32 10 41 20 18 37 50 1 43 8 9 
student 248: 46 21 17 16 14 2 45 31 48 6 30 36 20 39 1 15 32 26 49 22 37 47 8 44 29 27 40 35 10 42 33 24 5 12 18 38 13 25 7 28 11 41 19 23 34 50 4 43 9 3 
student 249: 46 21 16 17 14 2 49 31 42 6 30 37 22 43 1 15 32 27 50 25 41 47 11 45 28 26 39 35 13 40 33 24 3 10 18 34 9 23 7 29 8 38 19 20 36 48 4 44 12 5 
student 250: 43 20 18 23 10 1 48 35 47 9 30 34 22 38 2 13 31 27 50 26 41 45 7 46 29 24 42 33 8 40 32 25 5 14 16 36 12 19 6 28 15 44 17 21 37 49 3 39 11 4 
student 251: 46 22 17 19 13 2 47 31 50 6 30 35 21 39 1 14 32 27 49 25 38 45 4 44 28 26 41 34 10 42 29 24 5 16 15 37 11 23 7 33 8 40 18 20 36 48 9 43 12 3 
student 252: 44 24 18 16 11 2 47 31 48 6 28 34 21 40 1 13 33 25 50 23 39 46 9 42 27 29 43 38 7 41 32 22 4 17 15 37 12 26 14 30 8 45 19 20 36 49 3 35 10 5 
student 253: 46 23 17 20 12 2 45 32 47 6 29 34 21 41 3 14 31 28 49 24 36 48 8 44 27 26 39 35 9 43 33 22 1 16 18 37 13 25 7 30 11 40 19 15 38 50 5 42 10 4 
student 254: 48 23 17 21 12 4 46 31 47 6 28 36 19 40 1 16 32 27 50 26 38 45 8 43 30 25 39 33 7 42 34 22 2 13 15 35 10 24 3 29 9 41 18 20 37 49 5 44 14 11 
student 255: 43 19 17 21 13 2 47 33 48 8 29 34 22 39 1 14 30 28 49 24 36 45 9 44 31 27 46 37 7 40 32 23 4 15 16 35 10 25 6 26 12 41 20 18 38 50 3 42 11 5 
student 256: 49 21 17 20 10 2 46 29 47 6 27 38 22 36 1 13 32 26 48 24 37 45 8 44 30 28 39 34 9 42 33 23 5 15 14 41 16 25 7 31 12 40 18 19 35 50 3 43 11 4 
student 257: 43 19 17 23 12 1 49 31 47 6 29 34 21 39 3 15 32 30 50 25 38 45 7 48 26 28 40 35 9 42 33 22 5 13 16 36 11 24 8 27 14 44 18 20 37 46 2 41 10 4 
student 258: 44 22 20 19 14 2 45 28 47 6 32 35 21 39 1 13 31 27 48 26 37 50 9 43 29 24 40 34 8 42 33 25 5 15 17 38 12 23 7 30 11 41 16 18 36 49 3 46 10 4 
student 259: 45 21 18 19 12 2 48 31 46 6 29 33 22 38 1 17 35 26 50 25 40 47 8 43 28 27 36 34 10 42 32 23 4 15 16 37 9 24 7 30 14 41 13 20 39 49 3 44 11 5 
student 260: 45 23 13 21 12 2 48 33 46 6 29 36 19 40 1 16 30 25 49 27 37 47 14 44 26 28 39 35 8 43 32 22 4 15 17 34 11 24 7 31 10 42 18 20 38 50 3 41 9 5 
student 261: 47 20 19 24 12 4 48 31 40 8 29 37 18 41 2 15 32 27 46 23 39 49 6 44 28 26 38 33 9 42 34 22 1 14 16 35 10 25 7 30 11 43 17 21 36 50 5 45 13 3 
student 262: 41 21 19 16 12 6 46 31 47 1 30 38 23 39 2 15 32 25 50 26 36 44 10 45 28 27 40 34 4 43 35 24 5 13 17 33 14 22 9 29 11 42 18 20 37 49 8 48 3 7 
student 263: 43 22 19 18 13 3 46 35 50 7 31 33 21 39 1 12 36 26 48 28 41 49 6 45 27 25 38 32 10 44 30 24 5 15 16 37 14 23 8 29 11 40 17 20 34 47 2 42 9 4 
student 264: 45 23 18 20 12 3 48 31 50 6 29 35 21 37 1 14 33 27 49 26 40 46 9 42 28 25 39 34 8 41 30 22 4 11 17 38 15 24 7 32 13 43 19 16 36 47 2 44 10 5 
student 265: 47 20 17 21 12 3 46 30 48 6 33 32 23 40 1 13 31 27 50 25 37 41 7 44 28 26 42 35 8 45 34 22 2 14 18 39 15 24 11 29 10 43 16 19 36 49 5 38 9 4 
student 266: 50 19 21 20 12 2 48 33 44 3 31 36 24 39 1 18 34 28 49 25 38 47 9 45 30 26 40 32 7 41 27 22 4 17 14 35 13 23 8 29 10 42 15 16 37 46 5 43 11 6 
student 267: 45 22 19 21 14 1 46 32 48 9 30 35 20 38 2 15 33 28 50 26 40 47 7 44 27 25 39 31 8 42 34 23 4 12 16 36 13 24 5 29 11 41 17 18 37 49 3 43 10 6 
student 268: 47 20 13 19 12 6 50 28 48 8 30 33 22 40 1 14 34 29 49 24 37 43 7 44 25 26 39 35 15 42 32 23 2 16 17 36 11 27 5 31 10 41 18 21 38 46 3 45 9 4 
student 269: 46 22 18 17 12 1 45 32 50 5 29 30 25 36 2 15 33 24 49 27 39 47 8 38 28 26 40 42 9 44 34 20 4 14 16 35 13 23 6 31 11 41 19 21 37 48 3 43 10 7 
student 270: 44 22 11 20 15 2 48 32 47 6 30 36 21 37 1 17 31 26 50 25 39 46 8 42 28 24 40 35 9 45 34 27 5 14 16 33 13 23 7 29 12 43 18 19 38 49 3 41 10 4 
student 271: 44 22 17 20 7 1 48 29 50 6 28 33 21 39 3 15 34 26 47 25 37 46 10 45 31 27 42 32 11 41 36 23 4 14 16 35 13 24 8 30 12 40 18 19 38 49 2 43 9 5 
student 272: 43 22 18 21 9 2 47 31 48 6 27 35 20 39 1 15 32 25 50 26 38 46 8 45 28 29 40 34 10 42 33 23 4 14 16 36 13 24 7 30 11 41 17 19 37 49 3 44 12 5 
student 273: 45 21 17 19 14 4 49 31 46 8 30 36 20 39 3 24 32 28 50 27 38 47 10 44 26 23 40 34 5 41 33 22 9 13 15 37 12 25 2 29 11 42 18 16 35 48 1 43 7 6 
student 274: 45 23 16 21 8 1 47 28 46 4 30 34 20 39 3 17 32 27 50 26 38 48 6 44 31 25 40 35 10 42 33 22 7 14 15 36 13 24 5 29 12 41 18 19 37 49 2 43 11 9 
student 275: 45 24 18 22 15 3 46 31 49 6 30 32 19 40 1 11 37 27 47 26 38 48 14 43 28 23 39 33 9 41 34 21 4 13 16 35 7 25 8 29 12 44 17 20 36 50 2 42 10 5 
student 276: 40 26 18 19 12 4 43 31 48 3 29 33 17 39 1 15 32 27 47 22 42 49 8 46 25 28 44 37 9 45 35 23 5 14 16 34 13 24 7 30 11 38 20 21 36 50 2 41 10 6 
student 277: 45 22 16 20 10 2 47 31 48 5 29 35 21 37 1 15 32 27 49 25 40 46 4 44 28 26 39 33 8 42 34 19 6 14 23 36 12 24 9 30 11 41 17 18 38 50 3 43 13 7 
student 278: 44 22 16 19 12 3 49 31 48 4 27 35 20 39 1 15 32 28 50 25 38 46 9 45 30 26 41 33 8 43 34 24 6 18 14 36 13 23 5 29 11 40 21 17 37 47 2 42 10 7 
student 279: 46 22 17 20 12 1 48 34 49 4 30 33 21 39 3 15 31 28 50 24 36 47 6 43 27 26 45 35 8 42 32 23 5 13 16 37 14 25 9 29 10 40 18 19 38 41 2 44 11 7 
student 280: 43 20 16 21 14 2 47 32 50 7 28 37 22 45 1 15 31 27 48 26 35 44 8 46 29 25 41 34 9 39 33 24 5 12 17 40 11 23 6 30 13 36 19 18 38 49 4 42 10 3 
student 281: 44 22 17 20 13 2 46 29 48 6 31 36 23 39 1 15 32 28 50 25 38 45 7 49 27 24 40 33 8 42 34 21 4 14 16 35 10 26 9 30 11 41 19 18 37 47 3 43 12 5 
student 282: 46 21 17 20 4 1 49 31 48 7 29 35 25 38 2 15 34 26 47 27 41 45 11 43 28 23 40 33 9 42 32 24 8 14 16 37 13 22 6 30 10 39 18 19 36 50 3 44 12 5 
student 283: 46 23 12 25 11 1 49 31 47 5 30 36 20 38 2 18 32 24 48 27 39 44 8 42 28 22 40 34 6 41 33 21 4 16 15 37 13 26 9 29 10 45 19 17 35 50 3 43 14 7 
student 284: 47 21 17 19 13 1 46 33 48 5 29 38 22 39 2 15 32 27 50 25 40 44 9 43 28 26 37 35 11 41 31 23 6 16 14 36 12 24 7 30 8 45 18 20 34 49 3 42 10 4 
student 285: 46 20 16 19 15 3 49 26 48 4 30 32 22 40 2 13 38 28 50 25 39 47 8 43 31 27 44 35 9 37 29 24 5 12 17 36 10 23 6 34 14 41 18 21 33 45 1 42 11 7 
student 286: 44 23 17 20 10 3 49 33 47 6 29 35 22 39 2 16 32 28 48 25 41 46 8 43 27 26 40 34 9 38 31 21 4 14 15 36 13 24 7 30 12 45 18 19 37 50 1 42 11 5 
student 287: 45 21 15 22 13 3 47 31 49 1 33 32 19 38 2 14 30 28 50 25 41 46 10 44 27 26 39 35 8 43 34 24 4 17 16 36 11 23 6 29 12 40 18 20 37 48 5 42 9 7 
student 288: 45 21 13 14 15 2 50 33 47 5 30 34 23 40 1 16 31 28 49 24 38 46 10 44 26 25 39 36 7 43 32 27 4 12 17 37 9 22 6 29 18 41 20 19 35 48 3 42 11 8 
student 289: 43 20 17 19 16 2 48 33 47 6 29 36 24 40 4 15 32 27 50 23 38 45 9 44 28 26 39 35 12 42 31 22 3 14 11 37 10 25 8 30 13 41 18 21 34 49 1 46 7 5 
student 290: 47 23 20 19 11 2 44 30 49 6 31 35 21 38 1 12 32 27 50 26 39 45 9 43 28 25 40 33 8 42 37 22 4 17 14 34 15 24 7 29 13 41 16 18 36 48 3 46 10 5 
student 291: 44 23 19 18 12 1 47 28 49 5 29 35 20 40 3 13 31 26 50 24 39 46 8 41 30 27 43 34 11 37 32 22 4 16 15 36 14 25 7 33 10 42 21 17 38 48 2 45 9 6 
student 292: 45 22 17 20 9 2 47 31 48 10 30 38 21 37 1 13 32 27 50 25 39 46 7 44 28 26 40 35 8 41 34 24 4 15 16 33 14 23 5 29 12 42 19 18 36 49 3 43 11 6 
student 293: 43 21 16 19 12 4 48 30 47 7 27 36 26 39 1 14 32 25 49 24 37 46 9 44 31 28 42 35 5 45 34 22 2 17 15 38 13 23 11 29 10 41 18 20 33 50 6 40 8 3 
student 294: 48 23 17 18 14 2 46 30 47 7 28 32 21 39 1 16 34 24 50 25 38 45 8 44 27 31 42 35 10 41 36 22 3 15 11 37 13 26 6 29 12 40 19 20 33 49 4 43 9 5 
student 295: 44 21 17 19 9 2 46 34 48 6 28 32 22 39 1 15 31 26 50 27 38 45 10 47 30 25 41 35 12 42 33 23 3 14 16 37 11 24 8 29 13 40 20 18 36 49 4 43 7 5 
student 296: 41 21 16 20 15 2 47 32 50 5 27 34 22 40 1 14 31 28 44 25 37 48 8 46 29 24 39 38 7 43 33 23 3 9 17 35 13 26 10 30 12 42 18 19 36 49 4 45 11 6 
student 297: 46 22 17 20 12 3 47 29 48 9 31 35 21 38 1 15 33 24 50 26 39 45 11 44 28 27 40 34 8 41 32 23 5 14 16 37 13 25 7 30 4 43 18 19 36 49 2 42 10 6 
student 298: 46 20 15 22 11 7 42 29 47 5 30 34 21 39 1 14 28 31 49 25 36 50 8 45 26 24 44 37 9 43 32 23 2 12 16 38 19 27 6 33 13 41 17 18 35 48 4 40 10 3 
student 299: 46 22 18 16 12 3 44 30 49 6 31 35 21 38 2 15 32 27 47 25 39 45 8 43 28 26 40 34 10 42 33 24 5 13 17 36 14 23 7 29 11 48 20 19 37 50 1 41 9 4 
student 300: 44 22 20 16 11 2 46 30 48 6 27 34 21 39 1 15 32 29 49 25 38 47 8 42 28 26 35 37 9 43 33 24 3 13 17 36 14 23 7 31 12 41 19 18 40 50 4 45 10 5 
student 301: 45 19 16 17 10 1 48 33 47 6 30 35 23 40 3 18 29 26 50 20 36 46 8 43 27 28 38 34 11 42 31 22 2 14 15 37 12 25 7 32 9 41 21 24 39 49 5 44 13 4 
student 302: 43 20 17 21 10 1 47 32 48 6 29 38 22 36 2 18 30 26 50 25 39 46 9 45 27 28 40 35 8 44 34 23 4 14 15 33 11 24 7 31 13 42 16 19 37 49 3 41 12 5 
student 303: 41 22 15 20 13 2 47 31 48 3 29 37 21 39 1 16 32 28 50 27 38 49 7 46 30 26 42 35 8 43 33 23 4 14 17 34 12 24 6 25 10 40 18 19 36 44 11 45 9 5 
student 304: 44 23 18 16 13 1 47 33 48 6 28 36 20 38 2 14 30 26 49 25 39 46 8 45 32 31 40 34 9 42 29 21 5 22 15 35 11 24 7 27 12 41 17 19 37 50 3 43 10 4 
student 305: 45 23 17 19 13 3 47 31 50 7 26 35 21 41 2 15 33 28 48 25 38 46 8 44 30 27 37 34 11 39 32 22 5 14 16 36 10 24 6 29 12 42 18 20 40 49 1 43 9 4 
student 306: 44 21 15 20 12 1 47 30 48 4 26 38 23 34 2 16 35 28 49 25 37 45 8 46 31 27 39 33 10 42 32 22 5 14 18 36 13 24 7 29 9 41 17 19 40 50 3 43 11 6 
student 307: 44 20 17 19 11 3 46 33 47 5 29 34 23 32 1 16 26 31 50 25 39 48 8 45 28 27 42 36 9 41 35 24 6 15 14 37 12 21 7 30 13 40 18 22 38 49 4 43 10 2 
student 308: 47 24 18 22 13 4 43 30 48 7 28 35 20 40 2 17 33 27 50 25 37 46 6 45 31 26 39 34 8 42 32 21 5 11 16 38 14 23 10 29 12 44 15 19 36 49 3 41 9 1 
student 309: 44 19 12 22 11 2 45 31 49 1 28 35 21 37 3 16 32 26 50 29 42 48 7 46 30 25 38 34 8 43 33 23 4 14 17 36 15 24 5 27 13 39 18 20 40 47 6 41 10 9 
student 310: 44 22 17 20 8 2 47 31 48 6 30 34 21 40 1 15 32 28 50 27 38 45 10 46 26 24 39 36 9 41 33 23 4 14 16 35 12 25 7 29 13 42 18 19 37 49 3 43 11 5 
student 311: 44 21 19 18 12 2 47 28 48 3 30 40 22 38 1 15 36 29 49 26 35 45 8 43 24 27 39 33 9 46 32 23 6 14 16 37 13 25 7 31 11 41 17 20 34 50 4 42 10 5 
student 312: 46 22 17 18 8 1 45 33 49 5 28 36 21 41 7 13 32 27 48 25 38 47 6 44 31 26 39 34 10 42 29 23 4 16 15 35 14 24 11 30 12 40 19 20 37 50 2 43 9 3 
student 313: 43 22 19 17 12 1 47 26 48 6 31 37 21 36 2 14 30 29 49 28 40 45 7 46 27 25 42 34 9 41 33 23 5 16 15 35 13 24 8 32 11 39 20 18 38 50 3 44 10 4 
student 314: 49 20 13 21 9 3 43 33 47 6 30 32 22 38 1 17 31 29 50 25 37 44 10 46 28 27 40 39 8 41 35 24 5 16 19 34 14 23 2 26 12 42 18 15 36 48 4 45 11 7 
student 315: 45 27 17 22 10 6 47 33 49 7 28 35 25 40 1 15 29 26 48 23 38 46 9 44 30 20 41 36 11 42 32 21 3 16 13 37 14 24 8 31 12 39 18 19 34 50 2 43 5 4 
student 316: 44 21 17 20 12 3 49 26 46 5 31 36 24 40 1 15 32 27 50 28 39 47 8 45 29 25 41 34 10 42 33 23 4 14 16 38 13 22 9 30 7 37 18 19 35 48 2 43 11 6 
student 317: 48 21 19 17 14 4 45 29 50 5 27 34 22 40 1 15 33 26 49 23 38 46 7 41 30 31 42 36 9 43 32 28 3 12 18 35 13 20 6 25 11 39 16 24 37 47 2 44 10 8 
student 318: 46 25 18 21 12 1 43 33 50 5 30 35 17 38 2 15 28 27 49 26 40 47 9 41 29 24 39 31 7 44 34 23 4 13 19 36 14 22 8 32 11 42 16 20 37 48 6 45 10 3 
student 319: 45 23 16 19 11 1 50 30 46 6 32 35 22 40 4 15 34 28 49 24 39 47 9 44 29 26 38 33 8 42 31 25 2 14 17 36 13 21 7 27 12 43 20 18 37 48 3 41 10 5 
student 320: 50 23 18 19 12 3 45 32 48 6 30 36 22 43 1 15 33 27 46 26 38 47 9 44 29 21 40 37 8 41 35 24 4 16 17 31 13 25 7 28 10 39 14 20 34 49 2 42 11 5 
student 321: 46 21 15 22 12 4 47 27 44 7 28 34 20 40 1 16 30 26 50 25 38 42 8 49 29 31 39 32 9 43 36 23 5 14 18 35 13 24 6 33 10 41 17 19 37 48 3 45 11 2 
student 322: 45 23 17 20 10 2 47 29 50 5 28 33 21 38 1 16 30 26 48 25 43 46 9 44 31 27 37 32 7 40 36 24 4 14 18 42 13 22 8 35 11 39 15 19 34 49 3 41 12 6 
student 323: 47 22 17 20 14 2 45 26 48 8 29 37 21 41 1 15 33 28 49 25 38 46 6 44 30 23 39 32 10 40 34 27 4 9 16 35 13 24 5 31 12 42 18 19 36 50 3 43 11 7 
student 324: 45 23 17 22 12 2 50 31 47 4 27 32 21 41 1 14 35 26 49 25 40 46 7 43 29 28 36 33 11 42 39 20 6 15 16 34 13 24 5 30 10 38 18 19 37 48 3 44 9 8 
student 325: 45 23 18 20 11 4 46 27 47 5 29 34 25 39 1 15 33 26 49 21 37 50 8 44 28 30 40 35 9 42 31 22 7 14 16 36 13 24 6 32 12 41 17 19 38 48 2 43 10 3 
student 326: 42 20 18 22 12 3 48 30 47 5 31 33 19 37 1 15 32 28 50 26 39 45 7 44 27 25 41 35 10 43 36 23 2 14 16 34 13 24 8 29 9 40 17 21 38 49 4 46 11 6 
student 327: 45 22 17 19 12 2 47 30 48 4 26 33 21 38 1 15 32 27 49 24 40 42 6 46 29 25 39 37 10 43 34 28 5 14 16 35 13 23 11 31 9 41 20 18 36 50 3 44 8 7 
student 328: 44 23 17 18 12 2 48 31 47 8 26 33 22 41 1 14 32 27 50 25 39 46 5 45 29 28 40 35 9 42 34 24 3 19 16 36 13 21 10 30 11 43 15 20 37 49 6 38 7 4 
student 329: 47 22 19 20 12 1 48 31 49 6 30 35 21 38 2 15 33 26 50 27 40 41 9 45 28 24 37 34 10 43 32 23 3 14 17 36 13 25 7 29 4 42 16 18 39 46 5 44 11 8 
student 330: 44 23 18 19 14 2 45 30 47 5 27 34 25 41 3 16 33 28 46 22 38 49 7 48 29 26 39 32 8 42 31 21 4 15 13 35 11 24 9 36 12 43 17 20 37 50 1 40 10 6 
student 331: 44 21 16 22 9 4 47 30 48 7 31 34 20 40 3 13 32 26 50 25 37 46 8 43 29 27 38 33 11 41 35 23 5 19 14 39 12 24 1 28 15 42 17 18 36 49 2 45 10 6 
student 332: 45 23 18 20 12 3 47 32 48 5 28 35 21 38 2 16 33 30 50 25 36 46 1 43 27 26 40 34 10 44 31 22 8 14 15 37 13 24 6 29 9 41 19 17 39 49 4 42 11 7 
student 333: 47 23 17 18 12 2 46 31 50 6 29 34 20 39 1 15 33 26 49 30 35 45 7 44 27 24 40 36 9 41 32 21 4 14 16 37 11 25 8 28 13 42 19 22 38 48 3 43 10 5 
student 334: 47 21 17 18 11 2 48 30 49 5 29 36 22 39 1 16 35 27 46 25 37 45 7 42 31 26 43 34 9 40 33 23 4 12 15 32 14 24 8 28 13 41 19 20 38 50 6 44 10 3 
student 335: 40 22 20 17 11 1 48 33 47 7 32 34 18 37 2 14 29 27 49 25 44 45 8 46 28 26 39 36 9 42 31 24 4 15 19 35 12 23 3 30 10 41 21 16 38 50 5 43 13 6 
student 336: 46 22 19 18 12 3 48 32 45 9 29 33 20 38 1 13 31 27 50 26 36 47 5 44 28 25 42 39 10 43 35 23 2 17 14 34 15 24 8 30 6 37 21 16 40 49 4 41 11 7 
student 337: 45 22 17 21 16 2 48 31 47 6 30 36 20 37 1 15 32 28 49 25 38 42 8 43 27 26 40 34 10 44 33 23 3 13 14 39 12 24 7 29 11 41 19 18 35 50 4 46 9 5 
student 338: 49 22 20 19 9 3 47 35 44 7 29 36 21 41 1 16 31 28 50 24 39 46 10 45 26 27 38 33 6 42 32 23 5 14 15 37 13 25 8 30 12 40 17 18 34 48 4 43 11 2 
student 339: 47 22 17 19 11 1 46 32 49 2 28 35 21 37 3 14 34 31 48 25 41 45 10 42 27 26 38 33 9 39 30 23 7 13 16 40 15 24 4 29 12 43 18 20 36 50 5 44 6 8 
student 340: 45 24 17 21 11 2 47 33 46 6 29 35 20 37 1 14 31 27 50 23 39 48 8 43 28 26 40 32 9 41 36 22 4 16 13 34 15 25 7 30 12 42 19 18 38 49 3 44 10 5 
student 341: 46 22 16 19 13 2 45 28 48 8 31 35 17 38 3 20 30 27 50 23 40 47 7 44 29 26 39 34 9 43 32 24 1 10 15 37 14 25 4 33 11 41 18 21 36 49 5 42 12 6 
student 342: 46 21 19 18 15 3 47 29 48 8 30 35 20 39 2 13 33 27 50 24 38 45 7 40 28 26 41 37 10 42 31 23 1 12 17 34 14 25 6 32 11 43 16 22 36 49 4 44 9 5 
student 343: 45 22 17 19 14 2 47 31 48 5 30 34 20 39 1 15 32 27 50 28 38 46 8 44 29 26 40 33 10 43 35 24 7 16 13 37 11 23 6 25 12 41 18 21 36 49 3 42 9 4 
student 344: 43 21 17 22 8 1 50 29 47 10 30 35 18 36 2 15 32 26 49 25 37 44 9 48 27 28 40 34 5 39 33 20 4 14 16 38 13 24 7 31 11 42 23 19 41 45 3 46 12 6 
student 345: 44 20 18 19 17 2 47 31 49 6 29 35 21 36 1 10 32 26 48 28 41 46 9 45 27 24 39 33 11 42 34 23 4 13 16 37 14 25 7 30 8 40 15 22 38 50 3 43 12 5 
student 346: 45 25 17 21 11 2 46 30 47 10 34 37 18 38 1 15 31 26 50 24 41 48 5 44 28 23 39 33 8 43 32 22 6 13 20 35 14 27 7 29 12 40 19 16 36 49 4 42 9 3 
student 347: 46 22 14 21 12 3 48 30 47 6 29 35 19 41 1 17 32 27 50 26 37 45 9 42 25 31 39 34 8 44 33 24 2 13 15 36 16 23 7 28 11 40 18 20 38 49 4 43 10 5 
student 348: 44 25 16 18 12 1 46 30 49 6 31 33 21 39 2 17 32 27 48 24 35 45 9 42 28 23 47 36 8 43 34 26 4 13 15 37 11 22 7 29 10 40 19 20 38 50 3 41 14 5 
student 349: 44 22 17 19 13 1 47 32 46 8 29 42 21 39 2 14 33 28 50 25 36 48 4 43 30 27 40 35 10 45 26 23 6 15 16 34 9 24 5 31 12 38 18 20 37 49 3 41 11 7 
student 350: 47 23 17 20 12 1 41 31 46 9 27 37 21 36 2 16 34 24 49 25 40 50 7 45 29 28 42 32 8 43 30 22 4 14 15 35 13 26 6 33 10 39 18 19 38 48 3 44 11 5 
student 351: 44 22 18 20 12 3 48 29 47 8 28 36 21 38 1 15 31 27 50 25 37 45 9 46 30 26 41 33 7 42 32 23 5 14 16 35 13 24 6 34 11 40 17 19 39 49 2 43 10 4 
student 352: 44 22 18 21 15 1 46 32 49 4 28 35 20 40 2 13 31 27 50 23 37 47 9 45 30 26 39 36 10 41 33 24 3 11 12 38 17 25 7 29 14 42 19 16 34 48 5 43 8 6 
student 353: 41 21 17 20 12 3 49 31 47 6 33 38 23 40 2 15 30 28 50 25 36 46 5 45 27 26 39 34 9 42 32 22 4 13 16 35 14 24 8 29 11 43 18 19 37 48 1 44 10 7 
student 354: 43 22 17 20 12 10 46 32 49 6 29 34 25 40 4 19 31 28 47 26 39 45 7 42 27 23 38 35 8 44 33 21 1 14 16 36 13 24 5 30 11 41 15 18 37 50 2 48 9 3 
student 355: 46 23 17 19 12 1 48 29 44 4 28 38 22 31 2 15 36 26 50 21 40 47 8 43 27 24 39 34 10 45 33 25 5 14 16 35 13 30 9 32 11 42 20 18 37 49 3 41 6 7 
student 356: 42 23 15 20 11 1 44 29 49 8 28 31 21 37 2 16 32 30 50 25 40 48 7 43 27 26 35 39 10 41 36 22 4 13 19 34 14 24 6 33 12 45 17 18 38 47 3 46 9 5 
student 357: 45 20 18 22 12 2 47 28 49 7 30 35 19 38 1 17 33 26 50 25 37 46 8 44 29 27 39 34 9 42 32 23 5 14 15 40 13 24 6 31 11 41 21 16 36 48 4 43 10 3 
student 358: 47 22 19 21 13 2 45 31 48 7 30 35 23 41 1 15 34 25 50 26 44 49 4 43 29 27 38 32 10 40 36 18 6 16 14 33 12 24 5 28 9 39 17 20 37 46 3 42 11 8 
student 359: 45 21 17 22 12 2 48 29 47 6 30 33 20 38 1 11 36 27 50 25 39 46 8 44 28 24 41 32 10 42 34 23 5 14 13 35 16 26 7 31 15 40 18 19 37 49 4 43 9 3 
student 360: 44 22 17 18 12 1 47 32 49 5 31 33 21 41 6 16 30 28 50 24 38 46 10 43 29 26 39 36 9 42 34 25 3 14 11 37 15 23 7 27 13 40 19 20 35 48 2 45 8 4 
student 361: 46 24 18 16 12 5 45 30 48 6 29 34 21 37 1 13 33 25 50 26 39 47 8 44 28 27 38 32 9 42 35 22 4 17 15 40 14 23 7 31 10 43 19 20 36 49 2 41 11 3 
student 362: 44 25 15 21 18 1 49 31 47 4 28 36 17 38 5 14 33 26 48 23 39 46 9 45 29 30 43 35 10 41 32 22 3 13 19 34 11 27 7 24 12 40 16 20 37 50 2 42 8 6 
student 363: 45 21 18 20 12 3 50 28 47 6 33 32 22 44 1 15 35 27 49 25 38 46 10 43 29 26 39 31 9 41 34 23 5 14 16 36 13 24 8 30 7 40 19 17 37 48 2 42 11 4 
student 364: 46 20 21 17 12 1 45 30 48 7 28 36 22 39 2 14 31 25 50 26 37 47 8 44 29 24 41 34 10 43 32 23 4 15 16 35 13 27 6 33 9 40 18 19 38 49 3 42 11 5 
student 365: 46 22 18 21 12 4 45 31 49 6 29 33 19 43 1 14 36 25 50 28 37 48 8 44 26 27 41 34 9 40 32 23 5 15 16 35 13 24 7 30 10 39 17 20 38 47 3 42 11 2 
student 366: 49 23 17 18 13 2 47 31 46 6 30 34 20 42 1 14 32 26 48 28 38 45 8 44 29 25 37 36 9 41 33 22 4 16 15 35 11 24 7 27 10 43 19 21 39 50 3 40 12 5 
student 367: 46 22 16 20 12 2 48 31 50 6 27 34 21 38 1 15 33 28 45 24 39 43 8 40 25 29 42 32 9 41 36 26 4 14 18 35 13 23 7 30 10 44 19 17 37 49 3 47 11 5 
student 368: 47 21 17 20 12 2 45 35 48 9 29 34 22 38 1 14 33 27 49 25 39 46 7 41 28 26 43 32 8 40 31 23 4 15 16 36 13 24 6 30 10 42 18 19 37 50 3 44 11 5 
student 369: 44 21 19 18 10 2 46 30 48 8 27 33 22 38 1 13 31 28 50 24 40 47 7 43 29 26 45 36 5 42 35 23 4 14 16 37 17 25 9 32 11 39 15 20 34 49 3 41 12 6 
student 370: 46 21 14 20 11 2 47 30 48 5 29 35 24 36 1 15 31 27 49 25 40 45 10 42 28 26 39 33 7 41 34 22 4 16 19 38 13 23 6 32 9 44 17 18 37 50 3 43 12 8 
student 371: 46 20 17 18 12 2 47 29 48 5 30 35 22 39 1 15 33 27 49 23 36 45 9 44 28 26 40 34 8 42 32 24 4 13 16 37 14 25 7 31 10 41 19 21 38 50 3 43 11 6 
student 372: 43 22 19 21 10 4 47 30 48 11 27 35 18 39 2 14 32 26 50 25 38 46 7 45 31 28 40 34 8 42 33 24 1 17 15 36 12 23 5 29 13 41 16 20 37 49 6 44 9 3 
student 373: 46 23 17 18 12 3 47 30 45 7 29 36 22 39 1 16 32 26 50 25 37 49 11 42 28 27 38 35 10 43 33 24 4 13 14 34 15 21 9 31 8 44 20 19 41 48 2 40 6 5 
student 374: 46 22 18 20 13 1 47 32 48 5 31 33 21 39 3 16 34 27 49 24 40 45 7 44 30 25 42 35 12 41 29 26 6 14 15 37 11 23 8 28 10 38 19 17 36 50 2 43 9 4 
student 375: 45 23 17 20 10 3 47 29 48 6 30 35 24 39 1 15 32 27 50 25 38 46 7 43 28 26 41 34 8 44 33 21 2 13 16 36 14 22 9 31 12 40 18 19 37 49 4 42 11 5 
student 376: 49 22 16 19 11 1 46 33 48 5 28 35 21 40 2 15 30 27 50 25 38 45 8 44 29 26 39 34 9 43 31 23 3 14 17 36 13 24 6 32 12 42 18 20 37 47 4 41 10 7 
student 377: 43 18 19 23 10 3 47 30 48 5 28 33 24 37 1 15 35 27 50 21 40 46 11 42 31 26 41 32 8 39 34 22 2 14 16 36 13 25 7 29 12 44 17 20 38 49 6 45 9 4 
student 378: 47 23 17 27 14 1 45 30 46 6 28 36 19 39 3 13 33 26 50 25 38 49 9 44 29 24 40 34 12 43 32 20 4 15 16 35 8 22 7 31 10 42 18 21 37 48 2 41 11 5 
student 379: 41 23 17 16 10 3 47 29 48 8 28 38 20 39 1 15 32 30 49 22 37 45 9 44 27 26 40 33 7 42 36 24 4 14 18 35 13 25 6 31 11 43 19 21 34 50 2 46 12 5 
student 380: 43 21 16 19 13 1 48 31 47 9 30 34 20 38 2 15 33 27 50 23 39 46 5 45 28 26 40 32 10 41 29 24 4 14 17 36 12 25 8 35 11 42 18 22 37 49 3 44 7 6 
student 381: 49 22 17 19 14 2 47 30 45 7 31 34 21 37 4 15 32 27 50 25 39 42 1 46 28 29 40 33 5 44 36 24 6 13 16 35 12 23 11 26 9 41 18 20 38 48 3 43 8 10 
student 382: 45 23 15 19 14 2 48 32 49 3 30 35 24 38 1 18 33 27 46 25 37 47 7 44 26 29 42 34 9 43 31 17 4 13 16 36 12 22 8 28 11 40 20 21 39 50 5 41 10 6 
student 383: 45 21 19 20 13 3 46 30 47 6 29 33 26 39 2 16 32 25 49 24 40 48 8 44 28 27 38 36 9 42 35 23 1 14 15 34 12 22 7 31 10 41 17 18 37 50 5 43 11 4 
student 384: 45 23 17 19 11 4 49 32 47 7 28 37 21 40 1 15 33 26 50 25 38 46 8 44 29 27 39 34 10 42 30 22 5 16 14 35 13 24 6 31 9 41 20 18 36 48 2 43 12 3 
student 385: 43 21 17 19 11 3 46 32 47 6 27 37 20 38 1 13 31 29 50 26 40 45 9 48 30 25 41 36 8 42 28 22 4 12 15 34 14 23 5 33 16 39 18 24 35 49 2 44 10 7 
student 386: 46 21 17 18 12 2 45 34 47 6 30 35 22 39 5 16 33 23 49 26 40 48 9 43 29 28 41 32 8 36 31 24 3 14 15 38 13 25 7 27 11 42 19 20 37 50 1 44 10 4 
student 387: 45 20 17 21 14 4 47 31 48 6 28 35 22 40 1 16 34 27 50 25 38 46 11 43 29 26 41 32 8 39 33 24 7 13 15 36 9 23 5 30 12 44 18 19 37 49 2 42 10 3 
student 388: 50 20 17 24 11 4 46 34 47 8 29 33 22 38 2 15 30 25 49 23 40 48 6 45 26 27 37 35 10 44 32 28 3 14 16 36 13 21 1 31 12 41 18 19 39 43 7 42 9 5 
student 389: 44 19 18 15 11 1 49 33 46 7 28 36 23 40 4 16 34 29 50 26 38 48 8 43 27 25 39 35 9 42 30 24 2 13 20 32 14 22 6 31 12 41 21 17 37 47 5 45 10 3 
student 390: 44 22 18 20 12 1 50 31 45 6 29 38 21 37 3 15 32 27 49 25 36 47 9 46 23 28 41 33 10 42 34 24 2 14 16 35 13 26 8 30 11 39 17 19 40 48 5 43 7 4 
student 391: 44 19 18 21 13 2 45 30 47 4 27 33 24 40 1 14 34 31 50 26 39 48 8 46 23 28 38 36 12 42 32 29 6 9 16 37 15 22 7 25 11 41 17 20 35 49 5 43 10 3 
student 392: 46 22 17 21 9 1 48 30 47 6 24 35 19 38 3 14 34 29 50 26 41 44 7 42 28 25 40 33 8 43 32 23 5 15 16 36 13 27 10 31 12 39 20 18 37 49 2 45 11 4 
student 393: 45 22 17 18 12 1 46 29 48 4 30 37 21 39 3 15 33 26 50 28 38 47 9 44 31 25 41 27 8 43 34 24 2 13 16 35 14 23 7 32 10 40 19 20 36 49 5 42 11 6 
student 394: 44 24 19 18 14 3 47 29 50 7 32 33 22 36 1 13 30 23 49 26 40 46 9 45 31 27 37 34 11 43 35 21 6 12 16 38 15 25 5 28 10 41 17 20 39 48 4 42 8 2 
student 395: 42 21 16 20 14 2 46 31 48 6 30 35 25 38 1 15 32 26 50 27 40 47 13 45 28 24 39 36 8 43 33 22 5 12 17 37 9 23 7 29 11 41 18 19 34 49 3 44 10 4 
student 396: 41 23 13 20 11 1 48 32 50 3 25 36 21 38 2 18 35 28 49 26 37 46 8 44 30 27 40 33 9 43 29 22 4 16 14 34 15 24 6 31 12 42 17 19 39 47 5 45 10 7 
student 397: 46 22 18 20 15 2 45 32 48 4 30 35 21 37 1 13 31 26 49 25 39 47 7 44 28 27 40 34 6 43 33 23 10 16 17 38 11 24 8 29 12 41 14 19 36 50 5 42 9 3 
student 398: 45 23 14 18 11 1 48 31 47 5 24 35 21 39 2 13 32 29 49 26 38 46 8 43 28 27 40 34 12 41 33 22 4 17 19 36 16 25 6 30 10 42 15 20 37 50 3 44 9 7 
student 399: 45 25 16 18 12 2 46 31 48 7 29 33 19 42 1 15 32 23 50 26 39 47 8 43 28 27 38 35 9 44 34 22 3 13 17 36 14 24 4 30 11 40 21 20 37 49 6 41 10 5 
student 400: 44 22 17 19 11 4 45 32 48 6 30 36 20 38 1 15 29 28 50 25 37 47 8 46 26 27 40 34 9 42 33 24 3 14 16 35 13 23 7 31 10 43 21 18 39 49 2 41 12 5 
student 401: 45 21 18 19 14 3 46 33 50 2 27 34 23 43 1 17 32 28 49 25 35 47 11 44 30 26 39 37 7 40 31 20 5 15 13 36 12 24 6 29 9 41 16 22 38 48 4 42 10 8 
student 402: 44 22 18 19 12 2 45 33 47 7 28 35 21 39 1 15 32 26 50 27 41 49 8 46 29 25 40 34 9 42 30 23 3 14 16 36 13 24 6 31 11 37 20 17 38 48 4 43 10 5 
student 403: 43 19 17 21 12 2 47 31 48 6 29 36 23 38 7 14 33 27 50 22 35 46 8 45 28 26 40 39 11 42 32 24 1 13 15 37 16 25 5 30 9 41 18 20 34 49 3 44 10 4 
student 404: 45 22 19 20 11 2 46 32 47 6 29 35 21 40 1 16 37 26 48 27 33 49 7 39 28 24 42 34 9 44 31 23 3 13 18 36 14 25 8 30 12 41 17 15 38 50 4 43 10 5 
student 405: 45 21 17 20 12 2 48 34 50 8 29 32 25 39 1 15 30 26 49 23 43 47 7 44 28 27 40 38 9 37 31 22 6 14 18 36 13 24 5 33 11 42 16 19 35 46 3 41 10 4 
student 406: 43 24 17 20 11 1 47 29 50 5 31 36 22 40 2 16 32 25 49 23 37 46 6 45 27 28 39 35 13 42 33 18 3 15 14 38 12 26 8 30 10 41 19 21 34 48 7 44 9 4 
student 407: 44 22 17 20 12 2 45 31 48 5 28 35 21 40 1 14 33 26 50 25 38 47 7 46 29 27 39 32 8 43 34 23 4 15 16 36 13 24 6 30 9 41 18 19 37 49 10 42 11 3 
student 408: 46 21 20 22 12 2 45 35 49 6 26 38 19 37 1 16 29 28 47 25 34 48 11 42 27 30 40 32 7 44 33 24 4 15 14 39 13 23 8 31 10 41 17 18 36 50 3 43 9 5 
student 409: 46 25 18 17 15 1 45 33 48 7 29 37 21 39 4 14 34 26 49 24 36 47 12 44 28 27 40 30 6 43 32 23 2 13 19 38 11 22 9 31 10 41 16 20 35 50 3 42 8 5 
student 410: 43 25 18 20 13 2 46 31 48 7 29 37 21 38 1 15 32 28 50 23 40 44 6 45 27 26 39 33 11 41 35 24 4 12 16 34 14 22 8 30 10 42 17 19 36 49 3 47 9 5 
student 411: 43 23 18 19 12 1 46 32 45 4 30 40 20 37 3 14 28 27 50 25 33 49 6 47 29 26 42 39 10 38 35 24 5 13 16 34 15 22 9 31 11 36 17 21 41 48 2 44 7 8 
student 412: 45 26 17 16 12 3 49 31 47 6 30 36 21 39 2 14 33 28 50 23 37 48 9 46 29 27 40 35 10 41 32 22 4 13 18 34 15 24 7 25 8 42 20 19 38 44 1 43 11 5 
student 413: 47 20 17 22 12 5 45 31 48 4 29 36 23 39 2 16 32 26 49 21 44 46 8 43 27 28 40 35 9 42 33 25 3 15 14 34 13 24 7 30 11 38 18 19 37 50 1 41 10 6 
student 414: 43 22 18 15 17 1 47 30 49 6 29 32 19 37 2 16 34 27 50 25 40 45 7 44 28 26 41 36 9 46 33 24 4 13 21 35 12 23 8 31 11 39 14 20 38 48 3 42 10 5 
student 415: 44 20 17 24 12 2 47 31 48 8 29 33 26 39 1 15 32 28 50 22 38 45 6 46 27 23 40 35 9 43 34 25 7 14 16 37 13 21 4 30 10 42 19 18 36 49 5 41 11 3 
student 416: 46 22 17 20 11 2 47 31 49 7 27 33 21 36 1 14 32 25 48 28 35 45 6 42 29 26 40 37 9 44 34 23 5 12 15 38 16 24 8 30 13 41 19 18 39 50 3 43 10 4 
student 417: 44 23 16 19 13 1 49 29 46 7 30 38 20 39 2 17 32 27 48 25 37 45 8 47 28 26 41 33 9 42 34 22 5 12 15 35 14 24 6 31 10 40 21 18 36 50 4 43 11 3 
student 418: 47 24 17 21 13 4 42 30 49 5 31 34 20 41 2 16 32 26 48 25 39 45 10 46 28 22 38 33 8 44 35 27 3 14 15 36 11 23 7 29 12 40 18 19 37 50 1 43 9 6 
student 419: 47 21 12 20 16 1 46 27 48 7 28 35 19 39 2 17 32 26 50 25 38 45 6 43 29 24 41 34 8 42 36 30 5 11 18 31 9 22 10 33 15 40 14 23 37 49 3 44 13 4 
student 420: 48 20 16 21 13 1 44 31 49 5 28 34 22 39 2 18 32 29 50 24 38 47 7 40 25 27 41 30 9 43 36 23 3 15 14 35 11 26 8 33 12 42 17 19 37 45 4 46 10 6 
student 421: 46 25 15 20 14 3 47 31 49 5 30 36 21 39 1 16 34 28 50 27 38 45 7 44 23 26 42 32 9 40 35 22 6 13 18 33 12 24 10 29 11 43 17 19 37 48 2 41 8 4 
student 422: 44 21 17 19 10 2 45 31 50 6 29 36 22 39 1 15 32 25 48 26 38 47 12 46 28 27 42 33 7 41 35 23 4 11 16 34 14 24 9 30 13 40 18 20 37 49 3 43 8 5 
student 423: 44 22 15 20 11 2 46 32 49 7 29 36 21 39 3 14 31 27 50 25 37 48 8 47 28 26 41 34 9 40 33 23 1 16 18 35 13 24 6 30 12 42 17 19 38 45 5 43 10 4 
student 424: 44 23 18 21 11 2 47 32 48 6 24 36 22 38 1 12 34 20 50 28 37 46 8 45 30 27 40 31 7 41 35 25 5 15 16 33 13 26 3 29 10 39 17 19 42 49 4 43 14 9 
student 425: 46 22 19 20 14 4 47 29 48 5 30 33 21 37 2 15 35 27 49 24 39 42 8 45 28 26 40 32 7 44 31 23 1 12 16 36 10 25 9 34 13 41 17 18 38 50 3 43 11 6 
student 426: 44 24 23 20 10 3 47 30 49 6 28 39 18 37 2 15 33 26 50 27 38 46 8 40 31 25 42 34 13 43 32 21 4 12 14 35 16 22 7 29 9 41 19 17 36 48 1 45 11 5 
student 427: 46 21 18 23 13 2 48 31 45 8 30 32 19 40 1 15 33 27 49 25 36 50 5 42 28 24 41 37 10 43 34 26 4 14 16 35 12 22 6 29 11 38 17 20 39 47 7 44 9 3 
student 428: 41 24 16 21 13 2 48 33 49 6 28 31 23 38 1 15 30 25 47 20 42 46 9 43 27 29 39 37 7 45 34 19 5 14 18 36 12 26 8 32 11 44 22 17 35 50 3 40 10 4 
student 429: 46 17 19 22 11 1 48 38 47 5 27 33 23 37 3 16 28 29 49 26 36 44 8 42 25 30 39 34 13 45 32 21 2 15 18 35 12 24 7 31 10 41 14 20 40 50 4 43 9 6 
student 430: 43 22 17 20 13 1 50 32 44 5 26 34 21 39 2 14 30 27 49 23 36 47 10 48 29 28 40 37 6 42 35 25 8 15 16 33 11 24 7 31 12 38 19 18 41 46 3 45 9 4 
student 431: 46 22 18 21 13 2 49 28 47 6 30 37 20 38 1 17 32 29 50 26 39 44 8 43 31 23 41 36 9 45 33 24 5 15 11 35 14 25 7 27 12 40 19 16 34 48 3 42 10 4 
student 432: 45 24 17 21 12 2 47 32 50 6 29 35 18 37 1 15 33 27 49 22 39 46 9 40 28 26 38 31 10 41 34 23 3 14 19 36 13 25 7 30 8 43 20 16 42 48 4 44 11 5 
student 433: 43 24 20 19 10 2 45 30 50 9 28 35 21 40 1 16 32 27 49 25 39 44 12 46 31 29 42 34 7 37 33 22 6 14 17 36 11 23 5 26 13 41 15 18 38 48 4 47 8 3 
student 434: 44 23 17 20 11 2 47 31 49 9 29 32 21 45 1 14 34 26 50 24 39 46 6 42 27 25 38 36 8 41 33 22 5 13 15 37 16 28 10 30 12 40 18 19 35 48 4 43 7 3 
student 435: 46 22 17 21 9 2 49 30 47 3 25 34 20 41 4 15 33 27 50 26 42 45 11 43 29 28 37 35 10 40 32 23 5 14 16 36 13 24 6 31 12 38 19 18 39 48 1 44 7 8 
student 436: 45 20 17 19 16 2 46 30 49 6 27 36 22 40 1 14 31 26 50 25 38 47 8 44 29 34 41 35 9 43 32 23 5 13 15 33 10 24 7 28 12 42 18 21 37 48 3 39 11 4 
student 437: 47 21 18 17 13 4 43 30 46 10 29 35 20 39 1 15 33 28 50 25 36 48 6 45 27 26 41 34 7 44 32 22 3 14 16 37 12 24 8 31 11 40 19 23 38 49 2 42 9 5 
student 438: 45 23 16 20 12 1 48 32 49 6 25 35 21 41 2 15 31 27 50 28 38 46 8 42 26 29 39 34 9 40 33 22 3 14 17 37 13 24 7 30 11 43 18 19 36 47 4 44 10 5 
student 439: 44 21 16 20 11 2 48 31 47 6 29 34 23 40 1 15 26 30 50 24 38 46 8 45 28 27 39 33 9 42 35 22 4 13 18 36 14 25 7 32 10 41 17 19 37 49 3 43 12 5 
student 440: 45 23 21 19 8 2 46 31 49 5 29 37 20 38 1 12 33 26 50 27 40 47 9 43 28 24 39 34 14 41 32 25 4 18 16 36 11 22 7 30 13 42 17 15 35 48 3 44 10 6 
student 441: 43 22 19 17 11 2 49 30 46 7 29 34 21 39 1 16 31 27 50 25 38 45 9 47 28 26 40 32 10 42 37 23 5 13 15 35 12 24 6 33 14 41 20 18 36 48 4 44 8 3 
student 442: 44 20 18 21 13 2 47 32 48 7 29 34 22 39 1 15 30 26 49 25 38 46 8 45 27 28 40 35 9 42 33 23 4 12 16 37 14 24 5 31 10 41 19 17 36 50 3 43 11 6 
student 443: 45 20 16 21 9 2 46 36 50 8 31 34 22 38 1 18 29 27 49 25 35 47 10 40 28 26 41 33 11 44 37 23 5 14 15 32 13 24 6 30 12 43 17 19 39 48 3 42 7 4 
student 444: 44 22 17 20 13 1 50 32 46 6 29 37 21 38 4 15 31 27 48 25 39 47 8 43 28 26 41 34 9 45 33 23 5 14 16 36 12 24 7 30 10 40 19 18 35 49 2 42 11 3 
student 445: 43 23 18 20 14 2 47 28 48 3 31 37 22 38 1 15 34 27 49 25 39 45 6 46 29 26 40 33 9 41 35 21 7 12 17 32 13 24 8 30 11 42 16 19 36 50 4 44 10 5 
student 446: 45 22 16 20 9 3 47 30 48 8 24 35 21 36 2 18 33 27 50 26 38 41 1 46 32 28 40 34 11 43 31 23 5 14 15 37 12 25 6 29 13 42 19 17 39 49 4 44 10 7 
student 447: 46 21 18 16 12 2 50 29 47 6 31 39 22 40 4 15 33 30 48 25 36 45 7 44 26 27 37 34 9 43 32 23 5 13 17 35 14 24 8 28 10 41 20 19 38 49 1 42 11 3 
student 448: 45 24 17 19 12 1 49 30 47 5 27 35 20 40 4 14 33 23 50 26 41 43 7 46 28 29 39 31 9 44 34 22 3 16 13 37 15 25 8 32 11 38 18 21 36 48 2 42 10 6 
student 449: 45 21 16 20 12 3 47 30 48 9 29 35 22 39 1 17 32 28 49 26 38 46 7 44 31 24 40 34 8 42 33 25 4 14 15 36 13 23 6 27 10 41 18 19 37 50 2 43 11 5 
student 450: 45 23 18 20 10 1 49 32 48 9 31 35 21 39 2 12 27 28 50 25 38 46 7 44 30 26 40 34 8 43 33 24 6 11 17 37 13 22 5 29 16 41 19 15 36 47 3 42 14 4 
student 451: 44 24 17 19 13 2 47 31 48 5 29 35 21 40 1 15 32 28 50 20 37 46 8 45 27 26 38 34 11 42 33 25 4 12 16 39 14 23 7 30 10 41 18 22 36 49 3 43 9 6 
student 452: 48 22 15 16 12 2 47 31 41 5 29 34 21 38 1 14 35 28 50 26 36 46 9 43 27 23 39 33 10 45 32 24 4 18 19 37 13 25 7 30 8 44 17 20 42 49 3 40 11 6 
student 453: 44 20 17 19 12 2 47 32 48 5 29 35 22 38 1 14 31 28 50 23 36 46 9 45 27 25 39 34 11 41 33 24 4 16 15 40 8 26 7 30 13 42 18 21 37 49 3 43 10 6 
student 454: 47 22 18 20 8 5 49 31 46 7 29 36 21 39 3 15 32 26 50 25 38 44 16 45 30 28 40 33 11 41 34 23 1 13 17 35 10 24 9 27 6 42 19 14 37 48 4 43 12 2 
student 455: 46 19 16 18 11 2 48 30 49 6 28 36 23 40 1 14 32 27 50 26 39 47 7 44 31 25 37 33 9 42 34 24 4 12 20 35 13 21 5 29 10 41 17 22 38 45 3 43 15 8 
student 456: 44 22 17 20 12 4 48 31 49 2 28 34 21 39 1 14 32 27 50 24 38 46 6 45 29 26 40 35 8 42 33 25 5 11 16 36 15 23 7 30 10 41 18 19 37 47 3 43 13 9 
student 457: 46 22 13 20 12 2 47 29 48 5 28 34 19 39 1 17 30 31 50 26 38 45 7 43 25 27 40 37 10 42 33 24 4 21 15 36 14 23 8 32 11 41 16 18 35 49 3 44 9 6 
student 458: 47 21 19 22 11 5 45 31 50 7 29 33 18 39 1 14 35 25 48 26 37 46 9 43 28 27 40 30 12 41 36 24 6 17 15 38 13 23 4 32 10 42 16 20 34 49 2 44 8 3 
student 459: 43 23 17 19 14 3 47 30 48 4 31 36 22 41 1 15 32 25 50 26 39 45 11 46 28 27 37 33 5 40 35 20 2 13 16 34 12 24 7 29 6 44 18 21 38 49 8 42 10 9 
student 460: 44 21 17 20 12 3 48 32 47 8 29 31 22 39 1 15 33 27 50 25 38 46 5 45 26 30 42 34 9 41 36 23 6 14 16 35 13 24 2 28 10 40 18 19 37 49 4 43 11 7 
student 461: 46 27 17 18 12 1 47 31 48 7 29 35 24 39 2 16 32 28 50 22 37 45 9 44 26 25 40 34 10 42 33 21 5 15 13 36 14 19 6 30 8 41 23 20 38 49 3 43 11 4 
student 462: 46 21 18 22 12 5 45 32 49 6 29 34 20 41 1 14 33 27 50 26 37 48 10 43 28 23 40 35 8 42 30 25 3 13 17 36 15 24 9 31 7 38 19 16 39 47 2 44 11 4 
student 463: 48 23 16 18 17 7 47 26 49 1 29 34 21 41 4 15 31 28 46 25 39 45 8 43 30 27 40 32 10 42 33 24 6 11 13 35 12 22 5 36 14 38 20 19 37 50 2 44 9 3 
student 464: 46 20 17 19 13 4 48 33 47 6 27 38 24 39 7 15 31 29 49 22 32 45 8 44 28 26 41 36 9 40 34 21 2 12 16 35 14 25 5 30 10 43 18 23 37 50 1 42 11 3 
student 465: 45 19 15 23 13 2 47 32 49 6 29 33 21 38 1 14 34 27 48 25 42 46 9 43 28 26 40 31 10 39 36 22 4 17 16 37 12 24 7 30 11 41 20 18 35 50 3 44 8 5 
student 466: 48 21 16 20 12 2 46 29 47 8 30 35 22 36 1 15 32 27 50 23 39 45 9 44 28 26 40 34 7 42 33 24 5 14 19 37 13 25 6 31 10 41 17 18 38 49 3 43 11 4 
student 467: 47 21 17 16 11 6 46 31 49 5 29 37 22 36 2 15 30 27 50 26 39 45 7 44 28 25 41 32 10 43 34 23 3 12 18 38 13 24 8 33 14 42 19 20 35 48 4 40 9 1 
student 468: 43 21 17 20 14 6 47 31 49 4 29 33 23 38 1 15 34 26 50 24 37 46 7 42 27 28 40 35 11 44 32 25 3 13 16 39 12 22 8 30 10 41 18 19 36 48 2 45 9 5 
student 469: 44 22 17 18 13 3 50 27 45 6 28 36 21 40 2 16 33 30 48 24 37 38 9 43 26 25 41 32 7 42 34 23 1 15 20 35 14 29 8 31 10 46 11 19 39 47 5 49 12 4 
student 470: 45 21 15 19 14 3 48 31 47 6 27 33 22 41 1 17 28 25 50 30 39 46 8 44 36 26 40 34 11 42 32 23 4 13 18 38 12 24 7 29 9 43 20 16 37 49 2 35 10 5 
student 471: 45 24 18 21 14 2 46 28 49 10 29 35 20 37 1 15 31 32 50 27 39 48 7 44 26 25 40 33 8 42 30 23 3 13 17 36 12 22 9 34 11 41 19 16 38 47 5 43 6 4 
student 472: 43 26 15 20 12 3 47 29 48 4 30 38 21 41 2 16 34 28 49 25 35 46 5 37 27 23 40 32 10 42 33 24 6 14 18 36 13 22 7 31 9 45 19 17 39 50 1 44 11 8 
student 473: 44 19 17 20 11 2 47 32 49 8 29 37 22 42 1 15 33 27 50 23 41 45 6 46 30 28 39 31 9 40 35 24 4 12 16 34 13 26 7 25 14 36 21 18 38 48 3 43 10 5 
student 474: 43 22 17 20 11 2 48 31 45 6 28 35 21 37 1 13 32 25 50 24 38 47 9 42 29 27 40 34 8 44 33 26 5 15 16 36 14 23 7 30 12 46 18 19 39 49 3 41 10 4 
student 475: 45 20 17 18 12 4 47 36 49 5 31 35 22 41 2 15 33 28 48 27 38 46 7 44 30 26 39 32 9 40 29 24 1 10 19 34 14 25 8 23 13 42 21 16 37 50 6 43 11 3 
student 476: 45 22 17 20 13 1 48 32 49 5 29 37 21 38 3 15 33 26 50 27 36 47 11 44 28 25 40 35 8 41 31 23 7 10 16 39 14 24 6 30 12 43 18 19 34 46 2 42 9 4 
student 477: 45 22 16 20 12 1 47 31 48 7 29 32 21 39 2 15 33 26 50 25 41 44 6 42 28 27 43 34 10 40 35 23 5 14 17 36 13 24 8 30 9 38 19 18 37 49 3 46 11 4 
student 478: 45 21 15 22 12 1 48 28 49 6 30 36 20 41 2 14 32 29 50 25 39 47 7 44 27 26 43 34 11 42 33 23 4 17 18 37 13 24 9 31 8 40 16 19 35 46 5 38 10 3 
student 479: 48 23 19 20 12 3 45 33 46 8 30 37 22 38 1 15 34 29 50 24 40 47 7 43 28 26 39 32 9 42 27 21 2 13 17 35 16 25 5 31 11 41 18 14 36 49 6 44 10 4 
student 480: 47 20 14 19 12 2 46 32 49 4 29 39 24 38 1 17 34 27 50 28 37 45 8 43 26 25 41 33 10 42 31 23 5 15 21 35 13 22 7 30 9 40 16 18 36 48 3 44 11 6 
student 481: 44 23 18 19 12 2 46 30 48 5 29 36 20 39 1 15 32 24 49 27 35 47 10 45 28 26 43 34 7 41 33 22 4 13 16 38 14 25 6 31 11 40 17 21 37 50 3 42 9 8 
student 482: 44 20 14 23 11 2 47 31 46 5 24 35 18 40 1 16 32 27 50 26 38 49 8 45 30 29 43 33 9 39 34 22 7 12 17 36 13 25 6 28 15 42 19 21 37 48 3 41 10 4 
student 483: 45 24 17 20 10 3 46 31 47 5 29 34 21 41 1 12 32 25 49 23 37 48 8 44 26 28 39 36 9 40 33 22 2 15 16 35 14 27 7 30 13 42 18 19 38 50 4 43 11 6 
student 484: 42 21 17 20 12 2 46 32 49 8 29 40 19 36 1 16 34 25 48 24 38 47 11 44 28 27 39 33 6 43 31 22 7 14 15 35 13 26 5 30 10 41 18 23 37 50 3 45 9 4 
student 485: 45 23 14 20 12 2 46 31 48 6 29 35 21 39 3 17 33 28 49 26 37 47 10 41 27 22 40 34 9 44 32 25 5 16 18 36 8 24 7 30 13 42 15 19 38 50 1 43 11 4 
student 486: 46 19 18 21 13 3 45 31 47 8 28 35 22 38 2 14 32 27 50 24 40 48 7 42 29 26 39 34 10 44 33 23 6 12 15 36 16 25 5 30 11 43 17 20 37 49 1 41 9 4 
student 487: 45 20 19 22 9 2 49 30 48 7 29 35 23 39 1 12 31 28 46 26 38 47 8 40 24 27 43 34 10 41 33 21 4 14 16 36 13 25 6 32 11 42 18 17 37 50 3 44 15 5 
student 488: 47 21 16 22 12 3 45 29 48 5 27 37 20 38 1 14 32 25 49 28 36 46 9 43 30 24 39 40 10 41 33 23 6 15 18 34 13 26 7 31 11 42 17 19 35 50 2 44 8 4 
student 489: 43 22 17 19 12 3 47 30 48 6 31 39 21 38 1 15 32 26 50 27 36 46 8 44 29 25 40 33 9 42 35 23 4 16 14 34 13 24 7 28 10 41 18 20 37 49 2 45 11 5 
student 490: 48 25 13 22 12 3 46 33 49 6 29 35 20 39 1 17 32 27 50 24 36 45 11 44 28 26 40 31 7 42 34 21 4 14 15 37 16 23 8 30 10 41 18 19 38 47 2 43 9 5 
student 491: 44 22 17 18 14 2 46 32 48 5 29 36 19 42 1 16 31 26 49 23 39 47 11 45 25 24 38 33 9 40 35 27 4 13 15 34 10 28 6 30 7 41 20 21 37 50 3 43 12 8 
student 492: 45 19 17 20 11 4 47 30 48 3 28 34 23 40 1 16 32 27 50 26 38 46 6 42 29 24 43 36 10 39 33 21 5 12 15 35 13 25 7 31 14 41 18 22 37 49 2 44 9 8 
student 493: 41 26 13 20 12 2 48 30 50 5 29 35 21 39 1 18 31 27 49 24 37 46 8 43 28 25 40 34 14 45 33 22 4 15 16 36 10 23 7 32 11 42 19 17 38 47 3 44 9 6 
student 494: 47 20 17 16 13 1 46 31 49 6 29 35 22 40 5 12 32 28 50 25 39 45 8 44 26 27 38 33 10 42 34 23 2 15 18 36 14 24 7 30 11 41 19 21 37 48 3 43 9 4 
student 495: 38 19 17 21 12 3 44 28 49 5 32 35 22 39 1 14 31 27 50 25 43 48 9 46 29 26 40 33 6 41 34 23 7 15 16 37 11 24 8 30 13 45 18 20 36 47 2 42 10 4 
student 496: 46 19 20 22 11 7 49 32 48 5 28 30 21 39 1 16 33 29 50 25 38 44 9 45 27 26 40 35 8 42 34 24 4 14 17 36 10 23 6 31 12 41 18 15 37 47 2 43 13 3 
student 497: 44 22 18 20 14 1 48 31 50 4 30 35 23 41 3 16 33 24 49 25 39 47 7 45 29 26 40 34 9 42 32 27 6 13 15 36 11 21 8 28 12 37 17 19 38 46 2 43 10 5 
student 498: 43 22 17 21 11 3 48 34 45 1 26 39 20 42 2 12 35 28 50 23 38 44 7 40 29 27 37 33 10 41 31 25 4 15 16 32 14 24 9 30 8 46 19 18 36 49 5 47 13 6 
student 499: 43 20 14 19 11 2 49 31 47 6 30 36 22 41 3 18 29 28 50 25 39 46 9 45 27 26 40 34 8 42 32 23 4 17 15 38 13 24 7 35 12 33 21 16 37 48 1 44 10 5 
