student 0: 30 35 33 32 8 16 36 12 15 25 14 4 26 17 27 45 44 50 46 5 1 6 48 21 3 49 43 29 11 2 42 28 40 31 19 13 18 24 47 10 39 34 37 9 23 22 20 41 7 38 
student 1: 32 38 34 28 10 18 35 12 6 26 14 8 19 16 31 47 41 50 45 4 2 5 49 23 3 46 37 30 11 1 44 29 36 27 20 17 15 25 48 13 40 33 43 7 24 21 22 42 9 39 
student 2: 34 38 33 30 9 17 35 12 7 25 15 8 26 18 29 44 41 48 45 4 2 5 46 14 3 49 42 27 6 1 47 28 39 31 21 19 16 23 50 13 37 32 43 10 20 22 24 40 11 36 
student 3: 29 37 36 30 14 12 35 18 6 25 13 9 23 17 32 47 42 49 44 4 1 5 50 22 3 46 40 27 8 2 45 28 39 31 19 16 15 26 48 11 33 34 43 7 24 21 20 41 10 38 
student 4: 30 35 40 29 11 15 34 12 6 28 14 10 24 17 31 46 38 50 44 9 3 5 49 21 2 47 37 25 7 1 45 26 41 32 19 18 16 27 48 13 39 33 43 4 23 20 22 42 8 36 
student 5: 31 36 35 28 11 15 32 14 7 25 16 6 26 12 29 47 43 49 42 3 5 4 45 21 1 48 41 27 10 2 46 33 40 30 19 18 17 24 50 13 38 34 44 8 23 20 22 39 9 37 
student 6: 33 36 35 32 11 15 34 12 4 23 13 9 26 17 30 48 44 47 43 2 5 6 49 22 3 45 42 28 8 1 46 27 39 29 21 18 14 25 50 16 38 31 40 7 24 19 20 41 10 37 
student 7: 32 36 34 28 11 14 35 12 7 25 15 9 26 18 30 45 44 49 43 3 6 4 47 20 2 48 41 29 10 1 46 27 39 31 23 17 16 24 50 13 38 33 42 5 22 19 21 40 8 37 
student 8: 31 36 34 32 10 15 35 14 7 24 13 9 26 17 25 43 44 48 45 5 1 6 50 21 3 47 41 28 8 2 46 29 40 30 18 19 16 27 49 12 38 33 42 4 23 22 20 39 11 37 
student 9: 32 37 34 29 11 15 35 13 6 23 14 9 25 18 31 44 46 50 43 7 1 5 48 24 3 47 40 26 8 2 45 28 39 33 20 17 16 27 49 12 36 30 42 4 22 21 19 41 10 38 
student 10: 31 37 33 29 11 15 34 13 7 27 16 6 22 17 30 45 43 49 44 2 5 3 48 23 4 47 35 26 10 1 46 28 42 36 24 14 18 25 50 12 38 32 41 8 21 19 20 39 9 40 
student 11: 32 34 36 27 10 13 37 16 7 26 14 8 24 17 30 45 43 46 48 5 4 3 49 25 2 47 40 28 11 1 44 29 42 31 20 18 19 23 50 12 39 33 41 6 22 15 21 35 9 38 
student 12: 32 37 33 28 10 16 35 13 6 25 14 8 26 15 29 46 42 49 45 5 3 4 47 23 2 48 43 27 11 1 40 30 41 31 19 18 17 21 50 12 38 34 44 7 24 20 22 39 9 36 
student 13: 35 38 36 30 10 14 37 15 4 26 16 8 24 18 29 44 47 50 42 3 2 6 49 20 5 46 41 27 9 1 45 28 40 31 19 17 13 25 48 12 33 32 43 7 21 22 23 39 11 34 
student 14: 32 37 35 29 11 19 33 16 8 25 14 7 28 13 30 44 45 49 43 2 1 4 47 22 5 48 41 26 10 3 46 27 39 31 18 20 17 24 50 12 38 34 42 6 23 21 15 40 9 36 
student 15: 36 35 32 31 11 17 34 13 4 26 15 9 25 18 29 48 43 46 44 5 1 6 47 23 3 49 39 27 8 2 45 28 41 30 19 16 14 24 50 12 38 33 42 7 22 20 21 40 10 37 
student 16: 29 38 37 32 9 13 35 14 7 24 16 8 26 19 31 44 43 49 45 4 2 5 47 22 3 48 40 25 11 1 46 30 41 28 18 20 15 23 50 12 36 33 42 6 27 17 21 39 10 34 
student 17: 36 37 32 27 11 15 34 12 8 24 17 9 25 18 30 46 44 49 43 4 2 5 47 22 3 48 40 29 6 1 45 31 38 28 20 16 13 26 50 14 39 33 42 7 23 19 21 41 10 35 
student 18: 37 35 33 28 11 16 34 15 7 25 14 8 26 17 29 46 43 49 44 4 2 5 47 22 3 48 42 27 9 1 45 32 40 30 19 18 13 24 50 12 38 31 39 6 23 20 21 41 10 36 
student 19: 32 38 33 30 14 15 34 11 6 24 13 9 26 16 28 46 45 48 44 4 3 5 49 22 1 47 42 27 8 2 43 29 39 35 19 18 17 25 50 12 36 31 40 7 23 20 21 41 10 37 
student 20: 31 37 34 29 11 14 36 13 8 25 16 6 27 18 30 46 44 48 41 3 4 5 47 22 2 49 43 28 9 1 45 26 39 32 15 19 17 24 50 12 38 33 42 7 23 20 21 40 10 35 
student 21: 34 35 33 26 11 15 38 12 7 28 14 8 23 18 31 45 46 48 43 5 4 6 47 20 2 49 37 27 10 1 44 29 42 30 22 17 16 25 50 13 41 32 40 3 24 19 21 39 9 36 
student 22: 33 36 34 28 14 12 35 9 11 27 16 10 29 15 31 47 40 49 45 4 2 5 46 22 3 48 44 25 8 1 43 26 38 30 19 17 18 24 50 13 37 32 42 7 21 20 23 41 6 39 
student 23: 31 37 32 30 11 16 35 12 8 24 14 7 26 19 27 45 43 49 47 4 2 3 48 22 5 46 41 28 10 1 44 29 40 33 17 15 18 25 50 13 39 34 42 6 23 20 21 38 9 36 
student 24: 32 37 33 28 10 15 35 13 6 24 14 8 26 17 31 47 43 48 44 4 2 7 49 22 3 46 40 27 12 1 45 29 39 30 18 19 16 23 50 11 41 34 38 5 25 20 21 42 9 36 
student 25: 31 37 34 30 10 15 35 18 7 24 12 8 27 22 29 44 42 49 45 3 2 4 46 21 5 48 41 28 14 1 47 26 39 32 16 17 13 23 50 11 38 33 43 6 25 19 20 40 9 36 
student 26: 33 37 34 28 13 14 36 10 4 25 15 8 26 17 30 50 46 49 40 3 2 6 42 23 5 48 43 27 12 1 45 29 38 31 20 16 19 22 47 11 39 32 44 7 24 18 21 41 9 35 
student 27: 33 37 34 31 11 15 35 12 5 24 13 4 26 18 28 46 42 48 44 6 2 7 49 22 3 47 41 27 10 1 45 29 38 30 19 17 14 25 50 16 39 32 43 8 23 20 21 40 9 36 
student 28: 31 37 34 24 11 16 35 14 7 26 18 8 27 17 32 47 43 48 44 4 1 5 46 22 2 49 40 25 10 3 45 29 38 30 19 15 13 28 50 12 41 33 42 6 23 20 21 39 9 36 
student 29: 32 38 36 27 11 15 34 13 6 26 14 8 30 16 29 48 44 49 40 2 4 5 47 22 3 46 43 25 9 1 45 28 41 31 20 17 19 24 50 12 37 33 42 7 23 18 21 39 10 35 
student 30: 32 38 36 29 11 13 34 12 7 24 17 9 26 16 30 45 43 50 46 4 2 5 47 22 3 48 40 28 8 1 44 27 39 31 19 18 15 25 49 14 37 35 41 6 23 21 20 42 10 33 
student 31: 34 36 31 30 11 17 32 12 7 25 14 8 26 15 33 46 43 49 45 3 2 6 47 22 4 48 41 28 9 1 44 27 39 29 18 19 16 23 50 13 38 35 42 5 24 21 20 40 10 37 
student 32: 32 36 35 27 8 16 33 13 7 25 15 9 26 18 29 43 46 48 45 5 2 6 47 23 3 50 42 28 10 1 44 30 39 34 19 20 14 24 49 12 38 31 41 4 22 17 21 40 11 37 
student 33: 33 31 36 29 10 14 34 13 7 25 17 12 28 15 32 47 42 50 45 3 4 5 49 23 1 48 40 26 9 2 46 27 39 30 19 20 18 24 43 11 38 35 44 6 16 22 21 41 8 37 
student 34: 32 37 30 28 12 15 34 14 6 20 10 8 25 17 31 46 44 49 45 4 1 5 43 23 3 48 42 27 9 2 47 29 39 33 18 22 16 26 50 13 38 35 41 7 24 19 21 40 11 36 
student 35: 31 38 34 29 10 16 35 14 8 24 15 11 26 12 30 44 39 50 45 4 2 6 46 22 5 48 37 28 7 1 47 27 43 33 19 18 17 25 49 13 41 32 42 3 23 21 20 40 9 36 
student 36: 32 36 34 29 12 9 35 16 7 24 14 10 25 17 31 41 45 49 44 4 2 5 48 19 3 46 43 28 8 1 47 27 40 30 23 20 15 26 50 13 39 33 42 6 21 18 22 37 11 38 
student 37: 34 38 32 29 11 14 35 13 7 24 15 8 25 18 33 48 41 47 44 4 1 6 50 19 3 46 42 27 10 2 45 28 39 30 20 17 16 26 49 12 37 31 43 5 23 21 22 40 9 36 
student 38: 31 36 33 29 9 16 35 14 11 26 12 8 25 21 32 46 43 49 44 1 5 6 47 22 4 48 41 28 7 2 45 27 39 30 17 15 18 24 50 13 37 34 42 3 20 19 23 40 10 38 
student 39: 33 36 26 31 13 15 34 12 7 24 14 8 28 16 32 45 43 48 44 3 4 5 47 20 2 46 41 25 10 1 50 30 39 29 19 18 17 21 49 11 38 35 42 6 23 27 22 40 9 37 
student 40: 36 33 34 27 12 17 35 11 8 26 15 7 29 16 30 46 45 50 42 2 3 4 47 22 1 48 41 25 9 5 43 31 40 28 21 18 14 24 49 13 38 32 44 6 23 19 20 39 10 37 
student 41: 32 37 35 31 11 19 34 12 7 25 18 9 24 13 30 43 41 48 50 3 4 6 46 22 2 47 40 27 10 1 45 28 42 29 21 15 16 23 49 14 38 33 44 5 26 20 17 39 8 36 
student 42: 32 36 33 31 10 16 35 13 7 24 14 8 25 17 28 46 43 49 44 4 1 5 47 23 3 48 40 26 12 2 45 27 39 30 20 18 15 22 50 11 37 34 41 6 29 19 21 42 9 38 
student 43: 32 36 31 29 10 16 34 14 13 25 9 6 24 17 30 44 43 48 45 8 3 5 47 23 2 49 41 27 12 1 46 28 39 33 19 18 15 26 50 11 40 35 42 4 21 20 22 38 7 37 
student 44: 29 37 34 32 11 16 36 12 7 28 15 8 23 17 30 48 45 50 42 3 1 5 44 24 2 49 41 27 10 4 46 26 39 31 18 20 14 25 47 13 38 33 43 6 19 21 22 40 9 35 
student 45: 33 37 35 26 9 16 34 12 5 25 13 7 28 18 30 46 43 49 44 2 4 3 48 22 6 47 39 29 11 1 45 27 42 32 17 19 15 24 50 14 36 31 40 8 23 20 21 38 10 41 
student 46: 30 39 33 26 12 15 34 13 8 24 14 9 28 16 31 46 44 49 45 4 2 6 47 23 3 48 41 25 11 1 43 29 38 32 22 18 17 27 50 5 37 36 42 7 19 20 21 40 10 35 
student 47: 30 36 35 29 9 15 34 12 7 20 14 10 22 17 31 47 42 49 45 4 1 5 48 21 2 46 41 25 11 3 44 28 39 32 23 18 16 27 50 13 38 33 40 6 24 19 26 43 8 37 
student 48: 31 36 35 28 13 16 33 10 2 24 15 7 26 18 30 44 47 49 45 5 3 9 48 22 4 46 38 27 11 1 43 29 40 34 21 14 17 23 50 12 39 32 41 6 25 20 19 42 8 37 
student 49: 33 34 36 28 12 16 32 10 8 25 17 7 26 18 31 46 43 49 44 5 2 4 48 22 3 45 42 27 9 1 47 29 38 30 20 15 14 21 50 13 39 35 40 6 24 23 19 41 11 37 
student 50: 29 34 35 32 12 15 36 14 10 25 16 7 27 17 28 46 42 47 43 2 3 5 48 21 4 49 44 26 8 1 45 30 40 31 20 18 13 23 50 11 39 33 38 6 24 19 22 41 9 37 
student 51: 28 36 33 30 13 16 35 9 4 25 14 8 26 18 32 47 45 43 44 7 6 5 48 19 1 49 42 27 11 2 46 29 41 31 17 15 20 24 50 12 38 34 39 3 23 21 22 40 10 37 
student 52: 31 35 38 30 11 14 34 12 6 27 17 10 26 16 33 46 43 48 45 5 4 1 47 25 3 49 42 23 9 2 44 29 39 32 19 18 15 24 50 13 40 28 41 8 22 20 21 37 7 36 
student 53: 32 37 34 29 11 13 36 19 8 25 15 9 28 14 30 44 45 49 43 4 2 6 46 23 1 47 41 26 10 3 48 27 38 31 20 17 16 22 50 12 35 33 42 7 21 18 24 40 5 39 
student 54: 31 36 34 27 11 13 35 16 9 28 19 7 26 15 30 47 43 49 44 8 1 4 46 22 5 50 40 23 10 2 45 29 41 32 17 18 14 25 48 12 38 33 42 3 24 21 20 37 6 39 
student 55: 32 36 35 30 9 15 34 13 2 25 14 11 27 18 28 47 43 49 44 4 1 5 46 23 6 48 40 26 12 3 45 29 41 33 21 19 17 24 50 10 38 31 42 8 20 22 16 39 7 37 
student 56: 30 36 35 32 11 17 34 15 12 26 10 8 25 16 31 43 45 49 47 4 1 5 44 23 2 48 41 27 13 3 46 28 40 29 20 18 14 24 50 9 38 33 42 7 19 21 22 39 6 37 
student 57: 31 36 33 29 12 17 38 14 8 26 13 7 27 15 32 44 43 49 42 3 1 5 47 23 4 48 41 25 10 2 45 28 40 34 19 18 16 22 50 11 37 30 46 6 24 21 20 39 9 35 
student 58: 34 37 32 29 11 15 35 16 6 26 14 9 28 17 33 46 40 50 45 4 2 5 47 23 3 48 42 27 8 1 44 25 38 30 19 21 13 24 49 12 39 31 43 7 20 22 18 41 10 36 
student 59: 31 37 33 28 8 16 35 11 12 27 15 6 25 20 30 48 41 50 44 4 3 5 49 21 2 46 40 26 10 1 45 29 39 32 17 18 14 22 47 13 38 34 43 7 24 19 23 42 9 36 
student 60: 34 37 33 26 11 15 32 13 6 25 14 9 28 16 27 47 44 50 41 2 4 3 46 23 5 49 42 29 10 1 45 30 38 31 17 22 18 24 48 12 39 36 43 7 21 19 20 40 8 35 
student 61: 32 35 33 29 9 16 38 13 12 25 14 5 28 17 30 48 45 44 41 1 2 11 49 21 4 47 42 24 6 3 46 27 36 31 19 18 15 23 50 10 37 34 43 7 26 20 22 40 8 39 
student 62: 32 36 33 30 11 13 34 12 5 26 16 6 23 17 28 48 44 47 43 4 3 7 46 24 2 50 39 27 10 1 45 29 38 31 19 18 15 21 49 14 40 35 42 8 25 20 22 41 9 37 
student 63: 29 37 33 34 13 14 35 15 7 22 11 10 26 18 31 47 44 49 45 4 2 6 46 23 3 48 42 28 9 1 43 30 40 27 19 16 17 25 50 12 39 32 41 5 24 21 20 38 8 36 
student 64: 34 31 38 29 11 17 37 13 4 27 14 8 24 16 30 49 44 48 42 3 2 5 46 22 7 47 39 26 12 1 45 28 40 32 20 18 15 25 50 10 41 33 36 6 23 19 21 43 9 35 
student 65: 32 35 34 28 10 14 36 13 8 26 17 9 27 18 30 47 43 50 44 3 1 6 46 22 4 48 42 25 7 2 45 29 39 33 20 19 15 24 49 12 38 31 41 5 23 16 21 40 11 37 
student 66: 30 36 34 31 12 14 35 6 8 22 15 10 24 18 29 48 42 50 45 5 1 7 47 21 3 43 41 27 11 2 46 28 40 32 19 17 16 26 49 13 37 33 44 4 25 23 20 39 9 38 
student 67: 34 31 33 27 11 14 37 13 5 25 15 9 26 16 29 47 43 49 44 3 1 6 46 22 8 48 42 28 10 2 45 32 38 30 19 18 17 24 50 12 39 35 41 7 21 20 23 40 4 36 
student 68: 31 36 34 29 11 15 37 12 9 26 14 6 24 20 30 44 41 48 45 3 4 5 47 21 2 49 42 28 7 1 46 27 39 33 18 17 16 25 50 13 38 32 43 8 22 19 23 40 10 35 
student 69: 28 38 34 31 12 14 35 13 9 24 15 10 26 16 29 47 41 49 44 3 2 4 48 22 5 45 43 27 8 1 46 30 39 32 20 17 18 25 50 11 36 33 42 7 19 23 21 40 6 37 
student 70: 31 35 34 26 11 16 36 13 6 24 14 4 28 15 30 47 43 49 45 3 2 7 48 23 5 50 42 25 10 1 44 29 39 33 20 19 18 27 46 12 38 32 41 8 21 17 22 40 9 37 
student 71: 33 38 37 29 16 14 32 13 3 25 12 7 26 19 31 48 46 49 43 5 2 6 45 20 1 50 42 30 9 4 44 24 39 27 21 15 17 28 47 11 35 34 40 8 23 18 22 41 10 36 
student 72: 31 36 33 26 12 14 35 13 7 24 16 10 27 15 34 50 42 48 46 3 5 4 47 19 2 45 43 28 9 1 44 29 41 30 18 17 20 23 49 8 39 32 40 6 22 21 25 38 11 37 
student 73: 31 35 33 29 7 16 34 12 8 23 15 9 25 14 30 45 41 49 43 6 2 5 47 20 4 48 40 26 10 1 46 28 38 32 18 19 17 27 50 13 44 36 42 3 24 21 22 39 11 37 
student 74: 30 35 36 32 11 15 31 13 4 24 14 8 25 19 29 47 43 48 46 2 3 6 49 22 5 50 39 28 10 1 44 27 38 33 17 18 16 23 45 12 40 34 42 7 26 20 21 41 9 37 
student 75: 33 36 37 27 12 15 30 13 8 32 14 9 25 16 29 46 44 50 43 4 1 5 48 21 2 47 41 28 11 3 45 26 39 31 20 18 17 23 49 10 38 34 42 6 24 19 22 40 7 35 
student 76: 30 39 36 31 11 15 37 13 6 26 14 9 25 16 34 46 43 50 45 7 3 4 47 21 1 49 41 27 8 2 44 28 40 29 23 19 17 24 48 12 35 32 42 5 22 18 20 38 10 33 
student 77: 28 36 30 29 6 15 33 13 11 24 14 10 27 17 31 47 43 49 44 4 2 8 46 22 3 48 40 26 5 1 45 32 38 35 20 18 16 25 50 9 39 34 42 7 23 19 21 41 12 37 
student 78: 31 35 34 29 12 16 36 14 10 25 9 7 27 15 30 46 43 49 42 3 1 6 47 23 2 48 40 26 11 5 45 28 41 33 21 18 17 22 50 13 37 32 44 4 24 19 20 38 8 39 
student 79: 33 35 31 28 6 15 41 12 10 24 14 4 26 22 30 46 42 48 43 5 1 7 47 21 3 49 40 27 11 2 45 29 36 32 18 17 16 25 50 13 37 34 44 8 23 19 20 38 9 39 
student 80: 32 36 33 29 12 15 35 11 8 25 13 7 26 19 31 47 42 50 45 4 2 5 46 22 3 49 43 27 10 1 44 28 38 30 18 17 16 24 48 14 39 34 41 9 23 20 21 40 6 37 
student 81: 33 34 31 30 12 14 37 11 9 25 17 7 26 18 27 44 47 49 48 4 1 6 45 15 3 46 40 29 8 2 43 28 38 32 20 23 16 22 50 13 35 36 41 5 21 19 24 42 10 39 
student 82: 33 36 35 28 11 16 31 13 7 24 18 8 25 15 30 46 43 50 45 3 2 5 47 17 4 48 41 29 10 1 42 27 39 32 20 19 14 26 49 12 37 34 44 6 21 23 22 40 9 38 
student 83: 33 35 34 30 12 13 36 11 9 27 17 6 24 16 32 46 43 48 44 4 3 5 47 23 2 50 42 28 15 1 45 29 40 26 19 18 14 25 49 10 37 31 41 7 21 20 22 39 8 38 
student 84: 31 37 32 28 11 17 36 14 6 25 13 9 27 18 33 45 43 49 44 4 2 5 48 20 3 46 42 26 10 1 47 29 39 30 21 16 15 23 50 12 34 35 40 7 24 19 22 41 8 38 
student 85: 31 36 35 29 12 15 34 13 8 25 14 7 27 17 32 47 45 49 41 4 3 6 50 21 2 48 43 26 10 1 44 28 39 30 18 19 16 24 46 11 40 33 42 5 23 22 20 38 9 37 
student 86: 33 37 35 29 8 16 34 12 9 24 14 13 26 18 28 47 42 50 45 5 2 6 49 23 3 48 39 27 10 1 43 31 40 30 19 21 15 25 46 11 36 32 44 4 20 17 22 41 7 38 
student 87: 32 36 33 27 10 15 35 11 7 28 13 8 24 17 30 44 42 49 45 6 3 5 48 23 2 47 43 26 12 1 46 31 39 29 19 18 16 22 50 14 37 34 38 4 25 20 21 40 9 41 
student 88: 31 34 33 30 11 14 35 13 6 23 15 9 26 17 27 48 43 46 42 5 3 2 47 24 4 49 40 28 12 1 45 29 39 32 19 18 16 22 50 10 38 37 41 7 25 21 20 44 8 36 
student 89: 32 37 34 29 11 15 35 13 9 26 16 7 24 8 30 47 45 50 43 5 2 4 44 25 3 49 38 28 10 1 46 27 41 31 19 18 17 22 48 14 40 33 42 6 21 20 23 39 12 36 
student 90: 33 37 32 28 12 15 35 13 4 24 14 8 27 18 29 48 44 47 43 5 2 6 46 20 3 50 41 26 7 1 45 31 39 30 21 19 16 23 49 10 36 34 42 11 22 17 25 40 9 38 
student 91: 32 37 33 29 11 15 35 13 6 26 14 8 25 16 30 48 44 47 46 3 4 10 45 21 2 49 43 28 7 1 42 27 39 31 20 18 17 22 50 12 36 34 41 5 24 19 23 40 9 38 
student 92: 34 37 33 30 8 16 31 13 5 26 14 9 25 17 28 46 42 48 44 3 1 4 47 23 6 49 43 27 11 2 45 29 41 32 18 19 15 24 50 12 38 35 40 7 22 21 20 39 10 36 
student 93: 36 35 33 30 13 15 32 11 7 24 12 10 27 16 31 47 43 50 44 4 2 5 46 20 1 49 42 25 8 3 45 28 39 29 19 18 17 23 48 14 37 34 40 6 26 21 22 41 9 38 
student 94: 32 37 35 29 10 17 34 18 1 20 13 7 27 15 30 46 43 48 45 5 3 4 47 25 8 50 41 26 9 2 44 28 36 31 21 16 11 23 49 14 40 33 42 6 24 19 22 39 12 38 
student 95: 32 37 35 28 11 14 34 16 5 26 18 9 24 20 30 45 41 50 46 4 2 6 48 21 3 47 36 27 10 1 42 25 39 31 17 15 12 23 49 13 40 33 44 7 29 22 19 43 8 38 
student 96: 35 33 32 28 10 17 34 12 6 26 14 8 23 19 31 45 44 49 43 3 2 7 47 24 4 48 42 27 9 1 46 29 38 30 20 18 15 16 50 11 39 37 41 5 25 22 21 40 13 36 
student 97: 32 36 35 30 11 16 33 12 9 26 14 2 28 18 25 45 42 49 43 7 4 5 47 22 1 48 39 27 8 3 44 29 38 31 19 17 13 24 50 15 40 34 46 6 23 21 20 41 10 37 
student 98: 33 36 34 30 12 13 35 14 5 22 16 9 26 17 29 47 44 50 46 2 7 4 42 23 11 48 41 28 8 1 45 27 40 31 18 21 15 25 49 10 39 32 43 3 24 19 20 38 6 37 
student 99: 34 35 37 28 10 15 33 11 6 25 14 8 26 17 30 46 43 50 45 4 3 5 44 23 1 49 40 27 13 2 47 29 42 31 19 18 16 21 48 12 38 32 41 7 24 20 22 39 9 36 
student 100: 34 36 30 26 14 10 35 16 7 25 11 12 29 15 31 48 42 49 45 5 4 3 47 20 2 44 43 27 8 1 46 28 40 32 19 18 17 23 50 9 39 33 41 6 24 22 21 38 13 37 
student 101: 35 34 32 27 10 17 39 13 11 24 15 9 26 20 33 42 45 37 44 3 1 6 49 19 5 50 40 29 12 2 46 30 41 28 16 21 14 25 47 8 38 31 48 4 23 18 22 43 7 36 
student 102: 33 37 34 28 12 15 35 14 7 23 13 9 26 16 30 49 43 50 44 4 2 5 45 22 3 47 38 27 11 1 46 29 41 32 19 18 17 25 48 10 36 31 42 6 24 21 20 40 8 39 
student 103: 32 36 39 28 12 15 34 19 7 24 11 8 26 17 29 46 44 48 45 5 4 2 47 20 1 49 38 27 10 3 41 31 40 30 18 16 21 25 50 14 35 33 42 6 23 13 22 43 9 37 
student 104: 32 36 34 24 9 14 35 16 7 25 13 8 26 19 29 43 42 50 44 4 1 5 48 18 3 47 40 28 11 2 45 30 41 31 21 17 15 27 49 12 39 33 46 6 23 20 22 38 10 37 
student 105: 32 35 34 29 11 16 36 13 8 20 14 6 24 15 30 42 47 50 43 4 2 5 46 23 3 48 41 25 12 1 44 28 37 33 21 19 18 27 49 10 39 31 45 7 26 22 17 40 9 38 
student 106: 38 34 33 30 17 14 36 11 8 25 13 7 26 15 31 46 43 49 45 2 3 5 50 22 4 47 42 29 9 1 44 27 41 28 21 20 18 24 48 10 39 32 37 6 23 16 19 40 12 35 
student 107: 32 39 34 28 13 15 35 17 7 25 12 9 26 16 30 46 42 49 45 5 1 6 48 22 4 47 41 27 10 2 44 29 36 31 20 18 14 24 50 11 37 33 43 3 23 19 21 40 8 38 
student 108: 32 40 34 29 11 15 35 14 6 24 12 9 26 16 30 49 43 46 47 5 2 8 45 23 4 50 41 28 10 1 44 27 36 31 18 19 17 25 48 13 38 33 42 3 22 21 20 39 7 37 
student 109: 30 36 34 28 11 13 35 16 7 27 12 6 26 18 31 46 42 49 45 4 3 10 47 25 1 48 41 23 8 2 44 29 40 33 19 17 15 24 50 14 39 32 43 5 22 20 21 38 9 37 
student 110: 31 38 34 30 10 16 33 13 7 25 14 8 26 15 29 45 43 46 44 4 2 5 49 21 3 50 41 27 9 1 47 28 40 32 17 20 19 24 48 11 37 35 42 6 23 18 22 39 12 36 
student 111: 30 34 39 29 13 12 33 14 7 25 15 9 27 18 31 46 43 49 44 5 4 3 48 22 2 47 40 28 8 1 45 26 38 32 19 17 16 24 50 11 36 37 41 6 23 20 21 42 10 35 
student 112: 33 37 35 29 11 14 31 13 12 25 16 6 26 17 30 46 45 48 42 3 2 4 50 24 7 47 43 28 8 1 44 27 36 32 18 19 15 23 49 10 38 34 41 5 21 22 20 39 9 40 
student 113: 30 37 33 31 11 15 35 14 8 25 13 5 29 18 28 48 44 50 43 3 1 6 46 19 4 47 40 27 9 2 45 26 41 32 21 16 17 24 49 12 38 34 42 7 23 20 22 39 10 36 
student 114: 35 36 31 29 11 14 34 12 9 24 13 8 27 17 30 46 43 49 44 3 2 5 48 22 4 47 40 26 10 1 45 28 38 32 20 18 16 25 50 15 37 33 42 7 23 21 19 41 6 39 
student 115: 32 36 33 30 10 17 34 12 8 25 14 7 27 16 29 46 43 50 42 4 2 6 47 22 3 48 41 28 11 1 45 26 40 31 19 18 15 24 49 13 37 35 44 5 23 20 21 39 9 38 
student 116: 33 38 35 29 11 15 34 13 8 24 14 6 25 17 30 44 43 48 46 7 2 4 47 23 3 50 41 27 10 1 42 28 36 32 19 18 16 26 49 12 39 31 45 5 22 20 21 40 9 37 
student 117: 32 36 35 27 14 15 34 12 9 26 13 10 25 17 30 46 42 49 47 5 4 7 48 22 3 45 43 28 11 1 44 29 38 31 20 19 16 24 50 8 39 33 41 2 23 21 18 40 6 37 
student 118: 33 36 35 28 9 17 34 14 12 26 15 7 21 13 27 46 45 47 43 5 1 4 48 22 3 49 40 25 10 2 44 29 39 31 19 16 18 30 50 11 38 32 42 6 24 20 23 41 8 37 
student 119: 32 40 35 28 12 16 36 13 8 25 15 6 26 11 30 45 44 49 43 3 2 5 47 21 4 48 41 27 10 1 46 29 38 31 23 17 14 22 50 18 37 33 42 7 24 20 19 39 9 34 
student 120: 31 38 34 29 10 15 35 13 9 26 14 7 24 19 30 47 42 49 44 3 2 5 46 17 4 48 41 27 8 1 45 28 40 32 18 22 20 25 50 12 36 33 39 6 21 23 16 43 11 37 
student 121: 31 37 35 29 11 16 36 13 8 25 14 6 27 17 32 47 42 49 43 3 2 4 46 21 5 48 40 28 10 1 44 26 39 30 15 19 18 22 50 12 38 33 45 7 24 20 23 41 9 34 
student 122: 34 39 35 31 10 13 33 14 8 24 15 6 25 16 29 45 43 48 42 4 2 5 49 20 3 47 40 27 12 1 44 28 41 32 19 17 18 23 50 9 36 30 46 7 26 21 22 37 11 38 
student 123: 33 37 32 29 12 14 36 13 7 24 10 8 23 18 30 49 43 48 44 3 5 4 45 22 2 47 39 26 9 1 46 28 40 35 19 17 16 27 50 15 42 31 38 6 25 20 21 41 11 34 
student 124: 33 36 32 28 11 15 34 13 7 25 12 10 26 18 30 45 42 50 46 6 1 4 49 21 3 47 41 27 9 2 44 29 38 31 19 16 17 23 48 14 37 35 43 5 24 20 22 40 8 39 
student 125: 29 37 31 34 9 14 36 13 6 26 15 10 27 16 35 46 39 50 45 2 7 4 48 22 3 47 42 28 5 1 44 25 41 33 18 19 17 24 49 11 38 30 40 8 23 20 21 43 12 32 
student 126: 30 35 37 29 15 18 33 13 6 27 12 7 24 16 31 45 41 50 44 5 1 4 49 20 3 47 42 28 10 2 46 26 39 34 21 17 14 25 48 11 38 32 43 8 23 19 22 40 9 36 
student 127: 31 33 32 28 11 14 36 12 7 25 16 6 27 18 30 49 43 47 44 1 2 4 45 21 5 50 41 26 10 3 46 29 40 34 17 20 15 23 48 13 38 35 42 9 24 19 22 37 8 39 
student 128: 31 36 34 29 14 17 35 15 10 27 12 6 25 19 30 47 42 48 44 5 4 8 50 24 2 45 43 28 9 1 46 26 41 33 18 16 13 21 49 11 40 32 39 3 23 20 22 37 7 38 
student 129: 33 37 32 30 11 7 34 14 6 26 15 9 24 17 31 46 43 48 44 4 2 8 49 21 3 47 40 27 13 1 45 28 38 29 18 19 16 25 50 12 39 35 42 5 22 20 23 41 10 36 
student 130: 31 38 34 28 11 13 35 15 8 26 14 6 25 19 30 47 44 48 43 3 2 4 46 22 9 50 41 27 7 1 45 33 40 29 20 17 16 23 49 12 37 32 42 5 24 21 18 39 10 36 
student 131: 32 36 35 28 12 15 38 14 7 25 10 11 26 24 30 46 43 48 44 3 2 4 47 22 6 49 39 27 9 1 45 29 41 34 19 16 18 23 50 13 37 33 42 5 21 17 20 40 8 31 
student 132: 29 37 36 32 7 16 33 13 10 26 14 9 25 19 31 47 44 49 45 3 1 5 46 22 4 48 40 27 11 2 43 28 39 30 18 17 15 24 50 12 35 34 42 6 23 20 21 41 8 38 
student 133: 38 39 35 31 12 16 36 13 10 25 15 6 27 18 29 46 34 48 43 4 2 5 47 23 3 49 42 28 7 1 44 26 40 30 19 17 11 22 50 14 33 32 45 9 24 20 21 41 8 37 
student 134: 33 38 34 29 12 15 35 14 5 28 11 8 21 18 30 47 42 50 45 6 1 3 46 24 4 49 40 26 10 2 44 27 39 31 22 17 16 23 48 13 37 32 43 7 20 19 25 41 9 36 
student 135: 32 31 35 29 12 15 38 13 7 25 14 8 24 17 33 46 44 49 43 5 3 2 48 23 6 47 41 28 11 1 45 27 37 30 18 16 19 22 50 10 40 36 42 4 26 20 21 39 9 34 
student 136: 32 39 34 28 11 15 36 13 8 24 14 9 25 18 31 45 41 50 44 4 2 6 49 17 1 47 40 27 5 3 46 30 37 33 19 20 16 26 48 12 42 29 43 7 22 23 21 38 10 35 
student 137: 31 35 32 29 9 17 37 15 8 28 13 10 25 14 33 45 44 49 42 3 4 6 47 22 2 50 40 26 11 1 46 27 39 30 19 16 18 24 48 12 36 34 43 7 21 20 23 41 5 38 
student 138: 34 36 32 31 11 13 35 14 7 25 16 8 26 17 28 46 44 49 43 3 1 4 47 21 5 48 41 29 10 2 45 33 40 27 20 18 15 23 50 12 37 30 42 6 24 19 22 38 9 39 
student 139: 32 33 35 29 11 16 34 14 7 28 12 10 25 19 31 46 43 50 42 2 1 5 47 22 4 48 44 26 9 3 45 24 37 30 18 17 15 23 49 13 38 36 40 6 27 20 21 41 8 39 
student 140: 35 36 31 28 10 15 34 13 7 25 14 8 26 16 30 49 42 50 44 4 3 5 46 23 1 47 41 27 12 2 45 29 39 32 21 17 19 24 48 11 37 33 40 6 20 22 18 43 9 38 
student 141: 32 35 34 30 8 14 36 13 9 24 15 6 26 18 31 45 44 49 43 4 2 3 46 23 5 47 42 29 7 1 48 27 39 28 19 17 16 22 50 12 40 33 41 10 25 20 21 37 11 38 
student 142: 32 37 34 25 10 15 35 13 6 31 14 11 24 18 30 46 42 49 43 4 2 5 48 22 3 50 39 26 8 1 45 29 38 28 17 19 16 23 47 12 41 33 44 9 27 20 21 40 7 36 
student 143: 31 38 34 29 12 18 32 13 8 26 14 11 25 16 30 45 44 48 47 3 2 4 46 24 5 49 42 27 6 1 41 28 43 33 19 17 15 22 50 10 37 35 40 7 23 20 21 39 9 36 
student 144: 36 33 37 25 10 13 38 15 7 23 12 9 27 18 30 47 42 49 46 4 2 6 45 22 3 48 41 29 8 1 43 28 40 31 19 17 16 26 50 14 35 32 44 5 24 21 20 39 11 34 
student 145: 32 36 33 26 13 15 35 12 8 24 14 5 27 16 30 46 39 49 44 4 3 7 48 23 1 47 43 28 10 2 45 31 40 29 22 18 17 21 50 11 42 34 41 6 25 20 19 38 9 37 
student 146: 35 37 34 30 11 13 38 14 4 23 15 7 26 19 29 46 44 48 40 3 2 6 47 24 5 49 43 27 10 1 45 28 36 31 17 16 18 22 50 12 33 32 41 9 25 21 20 39 8 42 
student 147: 32 37 34 29 11 14 35 15 7 23 9 8 28 18 30 46 42 48 44 5 2 3 47 24 4 49 43 27 12 1 45 25 40 31 20 17 16 26 50 13 39 33 36 6 22 19 21 41 10 38 
student 148: 32 40 34 28 11 13 35 12 6 24 15 7 26 18 31 47 44 49 46 4 3 5 45 25 2 48 41 27 10 1 43 29 38 30 22 19 16 21 50 14 37 33 42 8 20 17 23 39 9 36 
student 149: 34 36 30 29 11 13 32 12 2 26 17 8 25 18 33 47 43 49 45 5 1 14 48 23 4 46 38 19 10 3 44 28 40 31 20 16 15 27 50 9 39 37 42 6 24 21 22 41 7 35 
student 150: 33 37 32 28 11 12 35 13 6 26 14 8 25 19 30 45 41 50 44 3 1 7 46 20 4 48 42 29 10 2 47 27 38 31 15 17 18 24 49 16 39 34 43 5 23 22 21 40 9 36 
student 151: 31 34 32 28 11 14 37 10 8 27 15 6 26 16 29 47 44 46 39 2 3 5 48 22 4 49 42 24 12 1 45 30 40 33 20 19 17 25 50 13 38 36 43 7 23 18 21 41 9 35 
student 152: 31 37 35 33 15 13 34 11 7 27 17 8 28 18 26 44 43 50 45 4 3 5 47 24 1 49 42 25 10 2 46 29 38 30 20 16 14 22 48 12 39 32 41 6 23 19 21 40 9 36 
student 153: 31 36 35 28 11 15 34 14 7 26 13 8 27 19 25 47 46 42 45 5 2 4 49 22 3 48 41 29 10 1 44 30 37 33 20 17 16 24 50 12 40 32 43 6 23 21 18 39 9 38 
student 154: 34 33 35 29 13 16 32 12 4 26 19 9 25 14 30 46 43 48 44 6 5 3 47 15 1 49 40 27 11 2 45 28 39 31 20 18 17 24 50 10 36 38 42 7 23 22 21 41 8 37 
student 155: 30 36 35 28 11 17 33 15 8 25 13 6 27 20 31 48 43 50 46 5 3 4 45 22 2 49 42 26 12 1 38 29 37 34 18 16 14 24 47 10 39 32 44 7 21 19 23 41 9 40 
student 156: 30 34 33 35 11 15 25 13 8 24 14 9 26 18 31 46 40 49 45 4 2 6 47 21 1 48 39 28 10 3 44 29 37 32 17 19 16 22 50 12 41 36 43 5 27 20 23 42 7 38 
student 157: 31 34 37 30 13 17 32 14 8 26 11 9 25 15 33 45 42 49 43 5 3 7 46 22 1 47 38 28 6 2 44 29 39 27 20 16 18 24 50 10 35 36 40 4 23 19 21 48 12 41 
student 158: 31 36 33 29 12 15 35 11 6 28 16 9 25 14 34 46 42 50 44 5 1 2 49 23 3 47 43 26 7 4 45 27 39 30 19 18 17 24 48 13 37 32 41 8 21 20 22 40 10 38 
student 159: 32 39 34 29 11 13 33 12 6 26 15 10 25 17 30 45 41 48 47 3 4 5 46 24 1 49 42 27 9 2 44 28 37 31 19 18 14 20 50 16 38 35 43 7 23 21 22 40 8 36 
student 160: 32 35 34 29 11 16 39 13 9 24 14 6 28 17 30 49 42 50 45 5 1 2 47 21 4 46 43 25 10 3 41 27 38 31 20 18 15 22 48 12 37 33 44 7 26 19 23 40 8 36 
student 161: 28 36 33 23 11 18 35 17 4 30 14 8 24 15 29 46 45 49 43 6 2 5 48 22 3 47 41 31 10 1 44 27 39 32 19 16 12 26 50 13 40 34 42 7 21 20 25 38 9 37 
student 162: 36 39 34 30 12 14 35 15 8 29 13 11 27 18 31 46 45 48 42 5 1 6 47 22 3 50 43 24 9 2 44 26 32 28 21 17 16 25 49 10 38 33 41 4 23 20 19 40 7 37 
student 163: 32 35 33 29 8 17 36 16 15 27 12 7 25 14 31 46 42 47 44 9 1 3 48 21 5 49 43 26 6 2 45 28 40 30 20 18 13 24 50 10 38 34 41 4 23 22 19 39 11 37 
student 164: 33 39 34 29 11 15 35 14 7 25 19 8 27 17 28 46 40 49 43 4 1 6 47 23 2 48 37 26 10 3 44 31 38 30 20 18 13 22 50 12 41 32 45 5 24 16 21 42 9 36 
student 165: 33 38 34 27 12 13 35 14 8 24 11 5 26 16 30 48 43 50 44 6 2 3 46 23 4 49 40 28 10 1 45 29 37 32 19 18 15 22 47 17 39 31 41 7 25 21 20 42 9 36 
student 166: 30 32 35 29 11 14 38 12 7 27 15 9 24 19 31 47 44 50 46 4 1 5 45 22 6 49 43 28 10 2 41 26 39 33 17 18 16 25 48 13 37 34 40 3 21 20 23 42 8 36 
student 167: 34 35 32 29 12 19 36 13 7 26 15 8 28 17 31 46 43 47 44 3 5 4 50 21 2 48 41 30 10 1 45 27 39 25 18 16 14 23 49 11 38 33 42 6 24 20 22 40 9 37 
student 168: 32 37 35 29 9 17 34 16 8 23 13 10 25 21 27 45 44 50 42 4 1 5 47 24 2 48 43 26 12 3 46 28 39 31 19 18 14 30 49 11 38 33 41 6 22 20 15 40 7 36 
student 169: 31 38 35 30 14 15 34 12 6 24 13 9 25 16 28 47 42 50 44 5 2 4 45 21 3 48 41 27 11 1 46 29 40 32 17 20 18 26 49 7 37 33 43 8 23 19 22 39 10 36 
student 170: 26 36 34 33 12 15 32 13 5 27 14 7 24 18 30 44 41 47 43 3 2 6 48 23 4 50 46 28 9 1 45 29 39 31 19 17 16 25 49 11 42 35 40 10 22 21 20 38 8 37 
student 171: 30 38 34 31 11 15 33 13 7 25 14 8 26 16 28 43 44 49 45 4 2 5 47 22 3 48 42 29 10 1 46 27 39 32 21 18 17 23 50 12 36 37 40 6 19 20 24 41 9 35 
student 172: 32 38 34 28 13 10 35 14 8 25 15 6 31 19 30 45 41 47 44 4 2 5 50 23 3 49 42 26 11 1 46 27 37 29 18 16 17 22 48 12 36 33 43 7 24 20 21 40 9 39 
student 173: 32 37 34 27 11 15 35 14 5 25 12 8 26 17 29 46 42 48 44 1 3 6 47 20 4 50 41 28 9 2 43 30 38 31 22 18 16 24 49 13 39 33 45 7 21 19 23 40 10 36 
student 174: 30 37 34 27 10 13 35 14 7 26 17 8 24 18 31 47 41 50 44 3 1 4 48 23 2 49 42 28 9 5 45 29 36 33 15 19 16 22 46 11 40 32 43 6 25 20 21 39 12 38 
student 175: 31 36 32 28 10 15 34 14 7 23 13 6 27 16 30 47 43 48 44 2 8 4 46 22 3 49 41 29 9 1 45 26 37 33 20 19 17 25 50 12 39 35 42 5 24 18 21 40 11 38 
student 176: 33 31 34 30 11 16 36 14 7 23 15 9 27 24 29 46 44 48 45 3 1 4 47 21 5 49 38 28 8 2 43 25 42 32 18 17 13 26 50 12 39 35 40 6 22 19 20 37 10 41 
student 177: 32 34 36 28 13 17 35 12 7 24 15 6 25 19 29 49 43 47 46 4 2 5 45 18 3 48 42 26 10 1 44 31 41 30 16 22 14 23 50 11 38 33 39 9 21 20 27 40 8 37 
student 178: 31 35 34 30 10 14 36 13 7 24 15 8 27 18 28 45 43 48 44 4 3 5 50 21 2 46 38 29 11 1 47 26 40 32 20 17 16 25 49 12 37 33 42 6 23 19 22 41 9 39 
student 179: 33 39 32 27 10 17 35 13 7 25 14 9 28 18 26 48 45 49 44 4 1 6 43 20 3 46 41 30 11 2 47 29 40 31 19 15 16 24 50 12 37 34 42 5 22 21 23 38 8 36 
student 180: 32 36 34 27 12 16 38 14 8 25 15 9 29 13 30 46 42 48 43 4 2 5 47 21 3 50 41 28 7 1 45 26 37 31 20 18 17 23 49 11 39 33 44 6 22 19 24 40 10 35 
student 181: 33 36 28 27 9 14 34 16 5 25 12 8 26 18 31 45 41 49 44 1 2 3 46 20 4 48 43 30 11 7 47 32 42 29 21 17 15 23 50 13 39 35 40 6 22 19 24 37 10 38 
student 182: 31 35 33 28 9 14 34 12 8 25 13 7 27 19 29 44 43 49 45 4 2 5 48 21 3 47 37 26 15 1 46 30 39 32 18 17 16 24 50 11 36 38 42 6 22 23 20 41 10 40 
student 183: 34 36 32 29 12 15 35 13 5 25 11 9 24 17 31 47 43 49 44 2 1 3 48 26 6 46 39 27 10 4 45 28 38 33 19 18 16 22 50 14 41 30 40 7 21 23 20 42 8 37 
student 184: 32 35 34 30 11 18 33 14 8 28 13 7 26 19 31 46 43 49 41 4 2 5 48 23 3 47 39 25 9 1 44 27 45 29 17 16 15 24 50 12 36 38 42 6 22 20 21 40 10 37 
student 185: 32 35 33 31 10 18 36 13 7 24 14 8 22 16 30 45 44 48 43 3 5 6 49 23 2 46 42 28 9 1 47 29 38 34 21 17 15 27 50 12 40 25 41 4 26 20 19 39 11 37 
student 186: 30 36 34 29 10 16 35 15 7 24 13 8 26 17 31 49 47 44 43 4 1 5 50 21 3 46 41 27 11 2 45 28 40 33 18 20 12 25 48 14 39 32 42 6 23 19 22 38 9 37 
student 187: 32 34 33 28 9 15 36 12 7 25 14 10 27 17 29 45 42 46 44 3 4 5 47 23 1 49 41 30 11 2 43 26 39 35 19 16 20 22 50 13 38 31 48 6 24 21 18 40 8 37 
student 188: 33 34 35 27 9 16 36 14 8 24 15 7 25 11 32 47 46 49 41 5 3 4 48 21 2 45 40 29 13 1 44 28 39 30 17 20 19 23 50 12 38 31 42 6 26 22 18 43 10 37 
student 189: 30 37 33 29 10 15 35 12 6 26 14 7 27 23 31 46 44 48 42 4 3 5 47 22 2 49 36 25 9 1 45 28 39 32 18 17 16 24 50 11 40 34 43 8 21 19 20 41 13 38 
student 190: 31 36 34 29 15 16 37 11 7 26 13 8 24 17 30 44 38 46 43 3 5 2 49 25 6 48 41 28 10 1 45 27 47 33 19 18 14 23 50 12 35 32 42 4 22 20 21 39 9 40 
student 191: 33 35 36 29 13 15 32 12 8 26 14 9 22 16 31 43 40 49 45 2 5 4 48 21 3 47 42 27 10 1 46 28 41 30 19 18 17 25 50 11 38 37 44 6 23 24 20 34 7 39 
student 192: 32 34 36 26 10 14 38 12 6 27 13 7 25 18 30 45 43 50 46 4 2 5 47 22 8 48 42 28 11 1 44 29 39 31 20 19 17 15 49 16 37 33 41 3 24 21 23 40 9 35 
student 193: 31 36 32 27 10 12 35 13 5 26 17 7 28 16 30 47 39 48 45 2 3 4 43 21 6 49 42 25 14 1 46 29 40 33 19 18 15 24 50 11 38 34 44 8 20 22 23 41 9 37 
student 194: 32 36 34 28 10 15 35 13 9 22 14 8 27 18 31 46 43 49 44 5 4 2 45 20 3 47 41 29 11 1 48 30 40 25 19 17 16 26 50 12 37 33 42 6 24 23 21 39 7 38 
student 195: 32 34 36 29 12 15 33 13 7 26 14 8 27 17 30 44 43 50 45 1 3 5 48 23 4 47 41 24 10 2 46 28 39 35 18 19 16 25 49 11 38 31 42 6 21 22 20 40 9 37 
student 196: 33 34 35 28 10 14 38 12 11 22 16 7 26 17 32 47 43 49 42 3 2 5 46 21 4 48 41 27 9 1 45 29 37 31 19 18 15 25 50 13 39 30 44 6 24 20 23 40 8 36 
student 197: 31 35 34 30 12 17 42 11 5 24 15 8 26 18 32 48 43 49 44 7 2 4 47 19 3 45 39 28 10 1 46 27 37 29 20 16 14 23 50 13 40 33 41 6 25 21 22 38 9 36 
student 198: 33 38 34 30 8 15 36 10 6 26 14 11 25 19 32 45 44 49 46 4 2 5 47 20 3 48 37 27 12 1 43 28 40 31 17 18 16 24 50 13 39 29 41 7 22 23 21 42 9 35 
student 199: 32 36 34 27 13 15 38 11 7 25 17 6 28 16 31 47 45 49 40 5 3 4 44 22 1 48 42 23 12 2 46 29 41 30 19 18 14 24 50 10 35 33 43 9 26 20 21 39 8 37 
student 200: 33 38 35 30 11 17 32 14 5 26 8 7 29 18 28 47 42 49 43 2 3 6 46 22 4 48 44 23 10 1 45 27 34 31 19 15 13 25 50 16 39 36 40 9 24 20 21 41 12 37 
student 201: 25 36 30 29 8 14 33 16 7 27 13 11 28 15 32 48 45 49 43 2 1 4 46 24 3 47 41 31 10 6 44 23 40 35 19 18 17 26 50 12 38 34 42 5 22 21 20 39 9 37 
student 202: 30 34 33 28 11 13 37 16 7 24 14 10 26 15 31 44 42 50 47 3 2 4 46 21 5 48 41 27 8 1 45 29 40 32 22 18 17 25 49 12 38 35 43 6 23 19 20 39 9 36 
student 203: 33 36 34 31 12 13 35 15 7 25 16 6 26 20 27 48 43 49 44 9 2 3 47 19 4 46 41 29 10 1 45 30 39 28 21 18 17 24 50 11 37 32 42 5 14 22 23 40 8 38 
student 204: 33 36 38 27 12 16 34 14 6 31 15 8 22 11 30 42 44 47 46 3 1 4 45 23 9 49 39 28 10 2 48 25 43 29 19 18 17 26 50 13 35 32 41 5 24 20 21 40 7 37 
student 205: 31 36 34 28 8 11 35 16 9 24 15 13 26 14 30 47 42 49 43 6 1 4 48 22 3 46 38 25 12 2 45 29 39 33 19 18 17 27 50 10 40 32 44 5 23 21 20 41 7 37 
student 206: 31 37 33 29 11 12 35 17 10 25 16 6 26 15 30 46 41 48 42 3 2 5 47 23 4 49 43 27 9 1 45 28 39 34 20 19 14 24 50 13 36 32 44 7 22 18 21 40 8 38 
student 207: 31 36 34 29 13 14 35 11 8 25 16 5 23 18 30 45 44 48 39 3 2 7 47 21 4 49 41 28 10 1 46 26 43 33 20 19 15 27 50 12 38 32 42 6 24 17 22 40 9 37 
student 208: 31 36 34 29 12 11 35 15 8 24 13 7 26 17 28 46 40 49 43 2 3 6 48 23 4 47 44 27 10 1 45 30 39 32 19 18 16 25 50 14 38 33 42 9 21 20 22 41 5 37 
student 209: 31 37 36 33 12 14 32 10 7 25 15 8 26 16 30 45 40 49 41 5 2 4 47 23 3 48 44 29 11 1 46 27 35 28 18 20 17 24 50 13 38 34 39 6 21 19 22 43 9 42 
student 210: 30 37 34 29 11 17 36 12 7 25 14 5 26 16 31 47 45 46 42 3 4 6 44 22 1 50 41 27 10 2 49 28 40 33 18 20 15 24 48 13 39 32 43 8 23 19 21 35 9 38 
student 211: 34 39 33 32 11 17 37 13 7 25 14 8 27 20 29 42 44 49 46 3 2 4 47 21 5 48 40 26 10 1 45 31 35 28 19 16 15 24 50 12 38 30 41 6 23 18 22 43 9 36 
student 212: 32 35 33 30 12 15 36 7 5 25 14 10 26 18 34 46 43 50 42 8 2 3 47 22 6 48 41 29 11 1 45 27 40 28 19 17 16 24 49 13 38 31 44 4 23 20 21 39 9 37 
student 213: 31 35 32 34 11 14 33 13 8 27 15 7 23 20 26 47 42 48 43 5 1 6 45 22 3 49 40 24 10 2 46 28 38 30 16 18 17 29 50 12 39 36 44 4 25 19 21 41 9 37 
student 214: 32 36 34 29 12 14 35 11 4 25 17 7 26 20 31 48 41 50 45 6 1 3 49 19 5 47 44 28 10 2 46 27 40 30 18 16 13 22 42 15 37 33 43 8 24 21 23 39 9 38 
student 215: 32 35 37 28 12 10 34 13 9 25 15 7 26 18 31 47 44 48 42 3 2 5 46 24 1 49 43 27 8 4 45 30 40 29 19 17 16 23 50 11 38 33 41 6 22 20 21 39 14 36 
student 216: 33 35 36 29 11 12 34 13 9 25 14 8 24 17 30 49 43 50 44 3 4 5 45 21 1 46 41 26 10 2 47 28 39 31 18 19 16 27 48 15 38 32 42 6 22 23 20 40 7 37 
student 217: 32 38 34 25 11 15 37 14 7 24 13 8 28 19 30 48 45 49 41 4 2 3 43 22 6 47 42 27 10 1 46 29 39 33 18 17 16 26 50 12 36 31 44 5 23 21 20 40 9 35 
student 218: 32 36 35 26 11 13 38 12 3 23 15 5 25 17 31 47 42 50 46 4 1 7 45 22 2 44 40 28 10 6 48 29 43 30 20 19 16 27 49 14 37 33 41 9 24 18 21 39 8 34 
student 219: 31 37 35 29 12 16 34 14 4 24 10 9 27 20 32 45 43 44 46 7 2 5 48 21 3 49 41 26 11 1 47 28 39 30 19 18 15 22 50 13 38 33 42 8 23 17 25 40 6 36 
student 220: 32 36 33 29 11 12 35 15 9 26 13 7 24 17 31 46 43 49 44 2 3 5 48 21 4 47 40 27 8 1 45 28 38 30 19 18 16 23 50 14 41 34 42 6 20 22 25 39 10 37 
student 221: 31 36 33 29 11 16 35 13 7 25 17 8 24 14 30 45 46 49 44 3 2 5 48 22 4 47 42 27 10 1 43 28 39 32 15 19 18 26 50 12 38 34 41 6 23 20 21 40 9 37 
student 222: 31 36 34 30 10 17 35 16 6 26 12 8 23 18 32 46 44 48 42 4 3 5 47 14 2 49 41 27 11 1 45 28 40 29 21 19 15 25 50 13 39 33 38 9 24 20 22 43 7 37 
student 223: 35 36 33 29 10 14 40 13 5 22 18 8 26 15 28 48 45 49 43 2 7 3 47 19 6 46 39 27 11 1 44 32 38 30 21 17 16 24 50 12 34 31 42 4 25 20 23 41 9 37 
student 224: 31 35 34 28 11 16 41 13 9 25 14 6 26 15 29 46 43 49 45 3 1 5 48 22 4 47 38 27 10 2 44 32 39 30 19 18 17 23 50 12 37 33 40 7 24 21 20 42 8 36 
student 225: 33 37 32 31 11 16 36 14 3 22 19 7 26 18 30 45 43 47 46 6 2 4 48 23 5 49 42 27 9 1 44 28 41 29 13 17 15 24 50 12 38 34 39 8 25 20 21 40 10 35 
student 226: 31 36 35 30 11 14 33 13 8 25 15 10 26 17 34 47 44 49 43 2 3 7 46 23 4 48 41 27 9 1 45 28 39 29 20 18 16 24 50 12 38 32 42 5 21 22 19 40 6 37 
student 227: 31 36 35 29 11 15 34 12 4 25 14 10 27 17 30 48 41 44 45 1 2 3 49 21 8 47 39 28 5 6 46 26 37 32 20 16 18 24 50 13 42 33 43 9 23 19 22 38 7 40 
student 228: 32 36 33 29 9 13 34 12 6 25 15 8 26 17 30 44 42 48 47 4 2 5 50 21 3 46 39 28 7 1 43 27 45 31 19 18 16 24 49 14 37 35 41 11 23 20 22 38 10 40 
student 229: 33 38 34 30 11 15 36 14 5 25 13 8 27 18 29 45 43 48 44 6 4 7 50 23 2 47 41 26 10 1 46 28 40 31 16 19 17 24 49 12 37 32 42 3 21 20 22 39 9 35 
student 230: 30 34 37 32 11 15 36 13 7 25 14 8 26 17 29 46 40 49 45 4 2 5 47 21 3 48 42 28 10 1 43 27 39 31 23 18 16 22 50 12 38 33 44 6 24 19 20 41 9 35 
student 231: 33 34 37 30 9 14 32 12 7 25 13 8 26 16 29 46 45 49 44 5 3 4 47 22 2 48 41 28 11 1 43 27 39 31 20 18 17 24 50 15 38 35 42 6 23 19 21 40 10 36 
student 232: 35 33 37 29 10 14 36 11 6 26 15 9 27 19 31 47 40 48 46 7 2 4 45 22 3 49 41 28 13 1 44 24 42 30 20 17 16 25 50 12 34 32 43 5 23 18 21 39 8 38 
student 233: 31 35 33 30 14 13 36 12 8 29 16 7 25 18 34 47 39 48 44 4 1 6 46 24 2 50 42 28 11 3 45 26 38 27 20 21 15 23 49 10 37 32 40 5 19 17 22 43 9 41 
student 234: 32 37 36 26 12 15 35 14 8 24 13 7 25 17 31 47 43 49 44 5 1 6 46 22 2 50 40 28 11 3 45 29 42 30 19 18 16 27 48 10 38 33 41 4 23 20 21 39 9 34 
student 235: 32 37 34 31 11 15 36 14 6 27 13 7 25 18 29 48 45 49 43 8 4 3 46 23 2 47 40 28 10 1 44 26 38 30 19 16 17 24 50 12 39 33 42 5 22 20 21 35 9 41 
student 236: 34 32 33 27 7 14 37 13 9 24 16 10 25 17 28 47 41 49 46 5 2 4 48 22 3 44 42 29 8 1 45 30 40 31 19 18 15 23 50 12 38 35 43 6 26 20 21 39 11 36 
student 237: 31 36 33 32 12 15 35 9 11 25 14 7 26 18 30 46 43 50 44 1 4 6 48 24 3 49 40 28 8 2 45 27 39 29 17 20 16 23 47 13 38 34 41 5 22 21 19 42 10 37 
student 238: 32 38 35 31 10 15 34 13 6 26 11 7 24 18 29 47 43 49 44 3 1 5 48 23 4 46 41 27 12 2 45 30 40 28 19 16 17 25 50 14 39 33 42 9 21 20 22 37 8 36 
student 239: 32 35 36 30 10 14 34 15 6 26 11 8 25 23 28 46 43 49 44 4 1 5 47 21 3 48 41 27 12 2 45 29 39 31 16 18 17 22 50 13 38 33 42 7 24 20 19 40 9 37 
student 240: 34 36 32 30 11 13 35 16 8 27 14 7 25 15 31 44 42 49 47 5 2 4 46 22 3 48 40 26 12 1 45 29 41 28 18 17 19 23 50 10 38 33 39 6 24 21 20 43 9 37 
student 241: 32 36 35 31 12 15 34 13 6 26 16 8 24 14 30 46 43 49 45 4 1 5 47 20 3 48 42 27 10 2 44 28 37 29 19 18 17 21 50 11 38 33 40 7 25 22 23 39 9 41 
student 242: 29 35 39 31 9 17 34 16 7 25 14 10 27 15 28 45 43 49 47 4 2 5 46 23 3 48 40 26 8 1 44 30 41 32 19 18 12 24 50 13 37 33 42 6 22 20 21 36 11 38 
student 243: 32 38 34 31 10 16 36 13 6 25 15 8 30 14 28 46 40 50 42 7 1 4 48 23 3 47 41 27 11 2 45 26 35 29 20 17 18 24 49 12 43 33 44 5 22 21 19 39 9 37 
student 244: 32 33 34 27 12 15 36 11 10 26 13 8 28 17 30 45 43 50 44 4 3 5 46 22 2 49 41 24 9 1 47 29 40 31 18 20 16 23 48 14 38 35 42 6 25 19 21 39 7 37 
student 245: 32 37 34 29 11 17 35 12 5 25 13 9 26 19 31 46 40 47 44 3 2 6 50 24 4 48 39 28 10 1 45 27 42 30 18 16 15 23 49 14 36 33 43 7 21 22 20 41 8 38 
student 246: 31 36 33 29 12 14 34 11 6 26 16 4 28 22 30 46 43 50 44 2 7 3 48 20 8 47 40 24 10 1 45 27 39 32 17 18 15 25 49 13 41 35 42 5 21 23 19 38 9 37 
student 247: 31 38 33 30 13 14 35 12 7 23 19 10 25 16 29 47 43 50 44 5 2 3 48 21 4 45 39 28 8 1 46 27 37 32 17 20 15 26 49 9 40 34 42 6 24 18 22 41 11 36 
student 248: 34 37 31 28 12 17 36 15 2 26 13 6 25 18 30 48 44 47 42 1 5 3 49 23 7 46 40 27 9 4 45 29 41 33 19 16 14 22 50 10 39 32 43 8 24 20 21 38 11 35 
student 249: 32 35 34 31 10 15 37 12 6 24 14 7 26 18 30 41 44 48 45 4 2 5 47 21 3 50 39 27 11 1 46 28 36 33 19 17 16 25 49 13 43 29 42 8 23 20 22 38 9 40 
student 250: 31 36 34 26 9 15 35 13 8 22 12 6 25 18 29 46 42 49 43 4 2 5 48 23 3 47 40 28 10 1 45 30 39 32 20 17 16 27 50 14 38 33 41 7 24 21 19 44 11 37 
student 251: 33 34 35 29 11 17 36 10 2 27 13 8 26 16 30 43 46 50 45 5 6 3 48 21 4 44 42 25 12 1 47 28 39 32 19 18 15 22 49 14 37 31 41 7 23 20 24 40 9 38 
student 252: 33 36 34 28 12 11 35 14 9 25 15 6 27 17 32 46 40 48 42 4 2 1 49 22 5 45 41 29 8 3 47 26 39 31 19 18 16 24 50 13 38 30 44 7 23 21 20 43 10 37 
student 253: 33 39 35 29 10 14 34 13 6 24 15 8 25 17 30 47 43 46 44 2 7 3 48 22 4 49 40 27 11 1 45 28 38 31 18 19 16 26 50 12 37 32 42 5 23 20 21 41 9 36 
student 254: 29 37 33 31 11 16 35 12 4 26 13 9 25 18 32 48 44 47 45 2 1 7 49 20 3 46 39 27 10 6 43 28 41 30 19 14 17 24 50 15 38 34 42 5 23 22 21 40 8 36 
student 255: 32 36 34 30 11 16 35 13 9 24 15 7 26 18 29 48 44 49 45 4 3 5 43 20 2 47 41 28 10 1 46 25 39 31 21 12 17 27 50 14 38 33 42 6 22 19 23 40 8 37 
student 256: 36 37 34 24 11 16 30 13 5 22 14 10 28 17 32 35 46 50 45 4 2 7 49 19 3 44 42 27 9 1 47 29 40 31 21 18 15 26 48 12 38 33 43 8 25 20 23 39 6 41 
student 257: 31 40 29 34 8 14 35 12 10 26 13 11 28 16 24 47 43 50 45 5 3 1 48 22 2 46 38 33 9 4 41 27 39 30 19 18 17 25 49 15 36 32 44 6 23 21 20 42 7 37 
student 258: 33 38 35 29 10 15 37 12 7 23 14 9 30 16 26 46 43 49 44 4 3 2 47 20 5 48 42 25 13 1 45 27 36 31 19 18 17 28 50 11 39 32 41 6 24 21 22 40 8 34 
student 259: 32 36 33 30 9 13 35 15 5 28 14 8 26 17 29 47 41 49 44 6 2 3 46 23 4 48 43 25 10 1 45 27 38 31 19 16 18 20 50 12 37 34 40 7 24 22 21 42 11 39 
student 260: 30 37 33 29 8 18 34 12 6 24 16 7 26 15 32 45 39 48 44 1 3 5 46 21 4 49 43 27 11 2 41 28 42 31 17 20 13 22 50 14 38 36 47 9 25 19 23 35 10 40 
student 261: 31 36 35 29 12 15 34 11 5 26 13 8 23 18 32 48 42 47 45 4 2 7 46 22 3 49 43 27 10 1 44 28 40 30 21 17 16 25 50 9 38 33 39 6 24 19 20 41 14 37 
student 262: 31 36 38 30 9 14 33 15 7 24 10 11 26 18 28 46 44 50 43 8 1 5 47 23 3 48 42 27 6 2 45 29 39 32 20 16 17 22 49 13 37 34 41 4 25 19 21 40 12 35 
student 263: 32 38 31 27 11 14 34 10 9 26 12 16 25 19 29 46 42 50 44 2 3 6 47 22 4 48 40 28 5 1 45 30 39 33 17 18 15 23 49 13 37 35 43 8 20 21 24 41 7 36 
student 264: 31 35 34 27 17 12 36 14 5 25 13 9 28 16 32 46 43 49 44 4 2 7 45 21 3 48 37 26 11 1 50 29 41 30 19 15 18 22 47 6 40 33 42 8 20 23 24 39 10 38 
student 265: 34 33 35 30 11 15 36 13 8 25 14 10 23 18 27 44 46 49 43 4 1 7 47 22 3 48 41 28 9 2 45 29 39 32 17 20 16 26 50 12 38 31 42 6 24 19 21 40 5 37 
student 266: 29 36 31 28 10 16 35 13 8 26 14 11 25 17 30 47 43 49 44 2 1 5 48 22 6 46 40 33 9 4 45 27 39 32 19 18 15 24 50 12 38 34 42 3 23 20 21 41 7 37 
student 267: 32 38 33 31 9 15 37 11 7 27 14 8 25 16 26 45 40 49 44 4 2 5 50 22 3 48 46 28 13 1 41 29 36 30 19 18 17 24 47 12 39 35 42 6 23 20 21 43 10 34 
student 268: 28 32 36 33 11 15 37 14 7 24 13 10 26 18 34 44 42 48 45 2 1 6 47 23 3 49 41 29 9 4 46 27 38 31 19 17 16 21 50 12 35 30 43 5 25 20 22 40 8 39 
student 269: 33 35 34 29 13 18 37 12 3 25 15 8 26 19 30 48 42 46 44 2 1 5 50 21 4 47 41 27 9 7 45 28 39 31 17 20 16 24 49 11 40 32 43 6 22 14 23 38 10 36 
student 270: 33 34 35 30 11 9 36 14 6 26 16 10 29 17 27 45 47 49 44 5 2 4 46 22 3 48 42 25 13 1 41 28 38 31 19 18 15 24 50 12 39 32 43 7 23 20 21 40 8 37 
student 271: 32 38 33 29 11 14 31 12 7 24 15 8 25 18 30 46 43 49 45 4 2 6 47 22 3 48 41 27 10 1 44 28 37 35 19 21 16 26 50 13 36 34 42 5 23 17 20 40 9 39 
student 272: 33 38 34 30 10 14 37 13 7 24 15 9 26 18 31 44 48 49 42 5 3 4 46 22 2 47 43 29 6 1 45 25 36 32 17 19 16 27 50 12 39 28 41 8 23 20 21 40 11 35 
student 273: 32 34 33 31 12 14 38 16 7 27 13 9 22 19 29 46 43 49 44 5 1 2 47 25 3 48 41 28 11 4 45 23 39 30 17 15 18 26 50 10 36 35 42 6 24 21 20 40 8 37 
student 274: 29 36 34 33 11 15 35 13 7 25 14 10 30 19 27 45 43 48 44 6 2 3 47 22 4 49 41 26 9 1 46 28 39 31 16 17 20 23 50 12 38 32 42 5 24 18 21 40 8 37 
student 275: 33 37 34 28 14 13 35 12 6 23 11 8 26 15 29 48 43 50 44 3 2 4 47 27 5 45 40 25 10 1 46 31 38 32 19 18 17 22 49 16 39 30 42 7 24 20 21 41 9 36 
student 276: 31 36 34 29 12 11 35 13 7 25 15 10 26 17 30 46 44 49 43 5 2 4 48 23 3 47 40 28 9 1 45 27 39 33 22 18 16 24 50 14 37 32 42 6 20 21 19 41 8 38 
student 277: 32 36 34 29 12 13 35 16 8 27 10 11 25 15 30 48 44 49 45 4 2 7 47 21 3 46 43 28 6 1 42 26 38 31 19 17 18 23 50 14 39 33 41 5 24 20 22 40 9 37 
student 278: 32 36 34 29 11 15 35 14 8 23 13 7 26 18 30 46 44 49 43 4 3 5 47 22 2 48 41 28 9 1 45 27 39 31 16 20 17 25 50 12 37 33 42 6 24 21 19 40 10 38 
student 279: 32 37 36 28 12 16 33 13 6 27 14 8 25 17 29 46 45 50 43 1 2 3 47 23 4 48 39 26 11 5 44 31 38 30 19 18 15 24 49 9 40 34 41 7 22 21 20 42 10 35 
student 280: 32 37 33 28 11 17 35 9 10 25 14 7 26 19 31 46 42 49 44 4 2 6 48 22 3 47 40 29 8 1 45 27 39 34 21 16 15 24 50 13 36 30 41 5 23 18 20 43 12 38 
student 281: 31 37 34 28 14 16 35 13 5 26 11 8 27 19 32 48 42 50 44 7 2 3 43 24 4 49 39 29 12 1 47 25 41 30 20 17 18 23 46 9 38 33 45 6 22 21 15 40 10 36 
student 282: 30 35 34 29 12 14 36 13 7 23 15 8 26 21 31 45 42 47 44 3 4 5 50 24 2 48 41 27 11 1 46 28 39 32 18 16 17 25 49 10 38 33 43 6 22 20 19 40 9 37 
student 283: 31 37 35 26 12 11 34 14 7 24 17 8 25 16 29 45 40 50 44 6 2 3 48 27 4 47 41 28 9 1 46 30 39 32 19 18 15 23 49 13 36 33 42 5 22 20 21 43 10 38 
student 284: 32 35 34 29 10 11 33 20 5 26 14 7 25 16 30 49 42 50 43 4 3 8 47 19 2 46 39 27 12 1 44 28 41 31 17 15 21 24 48 13 40 37 45 6 22 18 23 38 9 36 
student 285: 29 36 31 30 11 15 35 14 3 25 13 8 26 17 32 46 45 49 48 4 1 6 50 22 5 44 40 27 10 2 43 28 39 33 20 18 16 24 47 12 37 34 42 9 23 19 21 41 7 38 
student 286: 35 36 34 32 13 15 33 12 7 25 14 11 30 16 28 48 42 49 43 3 2 4 45 21 5 50 40 27 9 1 44 26 46 31 20 19 17 24 47 10 38 29 41 6 23 18 22 39 8 37 
student 287: 30 36 35 29 10 14 33 18 7 25 13 8 26 17 31 46 42 50 44 6 1 5 47 22 3 48 41 27 11 4 45 28 39 32 19 16 15 24 49 12 40 34 43 2 23 20 21 38 9 37 
student 288: 31 36 34 30 11 14 33 17 10 26 16 7 27 15 23 46 44 49 41 4 2 6 47 21 3 48 42 28 9 1 45 29 39 35 19 18 12 25 50 13 40 32 43 5 24 20 22 38 8 37 
student 289: 32 36 35 26 17 13 31 14 7 28 10 8 27 15 30 44 47 49 43 3 4 5 48 24 2 46 42 25 9 1 45 29 39 33 21 19 18 23 50 12 38 34 41 6 22 20 16 40 11 37 
student 290: 33 35 31 26 10 12 36 18 6 25 15 7 27 17 29 43 41 49 45 1 2 3 46 22 5 47 42 28 11 4 48 32 40 30 19 14 16 24 50 13 37 34 44 8 23 21 20 39 9 38 
student 291: 31 38 36 29 11 17 35 13 7 21 14 9 26 18 30 44 46 47 42 1 3 6 45 24 4 49 41 28 10 2 48 27 34 32 19 16 15 22 50 12 37 33 43 5 25 20 23 40 8 39 
student 292: 29 36 34 30 12 13 35 16 5 25 17 8 26 15 32 45 47 46 42 6 2 4 49 22 3 48 38 27 11 1 43 28 40 31 19 14 18 24 50 10 39 33 44 7 23 20 21 41 9 37 
student 293: 33 35 34 29 14 16 36 12 8 27 13 7 25 15 30 43 46 50 41 3 4 5 47 23 1 48 40 26 10 2 45 28 39 31 19 18 17 24 49 11 37 32 44 6 22 20 21 42 9 38 
student 294: 33 35 36 31 12 14 34 15 8 28 13 6 27 17 25 46 42 49 43 4 2 5 48 23 3 50 40 29 11 1 44 30 41 26 19 20 18 21 47 9 38 32 45 7 22 16 24 39 10 37 
student 295: 32 38 33 30 13 12 37 15 5 24 14 7 28 17 27 45 44 50 42 4 2 6 47 23 3 48 39 26 9 1 46 29 43 31 16 19 18 25 49 10 36 35 40 8 21 20 22 41 11 34 
student 296: 32 37 33 30 12 13 35 14 7 27 8 9 24 17 28 45 40 49 42 1 2 4 47 22 3 46 36 26 11 5 44 29 48 31 19 18 16 25 50 15 38 34 41 6 23 20 21 43 10 39 
student 297: 33 30 36 28 12 15 35 13 7 27 14 9 24 17 31 47 44 49 42 4 2 5 46 23 3 48 40 29 10 1 45 25 38 32 19 18 16 26 50 11 37 34 41 8 22 20 21 43 6 39 
student 298: 31 36 32 26 8 16 35 15 7 25 13 10 27 19 29 48 42 49 44 4 2 5 45 21 3 50 38 34 12 1 47 30 40 28 20 17 14 23 46 11 39 33 43 6 24 22 18 41 9 37 
student 299: 31 38 34 29 10 18 35 13 4 23 14 7 26 15 30 46 44 50 43 6 2 3 47 21 5 48 40 27 9 1 45 28 39 32 24 17 16 25 49 12 36 33 42 8 22 19 20 41 11 37 
student 300: 30 32 39 33 12 16 37 13 8 25 14 5 26 19 29 46 42 49 44 4 1 6 47 23 2 48 41 28 10 3 45 27 38 31 20 18 15 21 50 11 36 34 43 7 24 17 22 40 9 35 
student 301: 32 38 33 29 13 14 35 12 7 23 15 8 25 17 30 46 42 49 43 3 5 6 48 22 2 47 41 27 10 1 45 28 39 34 20 19 16 26 50 11 37 31 44 4 24 18 21 40 9 36 
student 302: 32 35 37 29 12 15 34 13 7 26 14 9 25 18 28 46 43 49 44 4 3 5 47 22 1 48 42 27 10 2 45 31 38 30 21 19 16 24 50 11 39 33 41 6 23 17 20 40 8 36 
student 303: 33 36 35 27 10 15 34 13 7 24 14 8 26 16 30 45 43 50 44 4 3 5 47 22 2 48 40 29 11 1 46 28 41 32 19 18 17 23 49 12 38 31 42 6 25 21 20 39 9 37 
student 304: 29 37 34 30 10 14 35 12 7 26 13 5 27 16 31 47 41 49 44 8 2 4 45 23 3 48 40 28 15 1 46 25 39 32 20 19 18 24 50 11 38 33 42 6 22 17 21 43 9 36 
student 305: 31 37 35 25 12 15 33 11 7 24 13 10 28 19 30 47 39 49 44 3 2 4 48 23 5 46 41 27 9 1 45 29 40 32 21 17 16 26 50 14 38 34 43 6 22 18 20 42 8 36 
student 306: 33 36 32 29 9 14 35 13 7 25 17 8 22 16 30 47 41 50 45 5 3 6 46 23 2 49 42 28 10 1 44 27 43 31 19 18 15 26 48 12 39 34 40 4 24 21 20 38 11 37 
student 307: 31 35 34 27 11 14 36 13 8 25 16 7 28 17 30 47 42 50 44 5 2 3 43 21 4 48 39 26 9 1 46 29 40 32 20 18 15 22 49 12 38 33 45 6 24 19 23 41 10 37 
student 308: 35 36 32 29 13 14 34 15 6 27 12 7 28 17 31 45 41 48 44 3 2 8 47 24 4 46 40 23 11 1 50 25 38 30 19 18 16 26 49 9 39 33 42 5 22 20 21 43 10 37 
student 309: 30 35 34 32 12 16 36 11 6 23 15 8 25 19 28 45 43 49 44 5 2 4 47 21 3 48 40 26 10 1 46 29 39 33 17 18 14 27 50 13 42 31 41 7 22 20 24 38 9 37 
student 310: 31 35 34 29 14 15 36 11 5 24 13 8 27 19 30 44 42 49 48 3 4 6 47 23 2 46 41 28 9 1 45 26 38 32 20 18 16 25 50 12 39 33 43 7 22 21 17 40 10 37 
student 311: 32 34 33 29 8 15 35 13 6 27 14 9 25 17 31 46 43 47 40 2 3 10 49 22 5 48 42 26 11 1 45 28 39 30 21 18 16 24 50 12 38 37 44 4 23 19 20 41 7 36 
student 312: 32 34 33 30 11 15 36 14 8 24 12 7 25 16 29 41 47 49 42 3 2 5 48 23 4 45 43 26 9 1 46 28 39 31 19 17 18 27 50 13 38 35 44 6 22 20 21 40 10 37 
student 313: 29 39 30 31 10 15 36 11 6 24 14 8 25 16 33 47 41 45 44 4 3 5 49 20 2 48 37 27 9 1 46 28 42 32 18 17 22 23 50 12 34 35 43 7 26 19 21 38 13 40 
student 314: 32 35 34 29 11 15 36 13 5 24 14 10 25 17 30 49 44 48 45 4 3 8 46 20 2 50 41 27 9 1 43 28 39 31 19 18 16 26 47 12 40 33 38 6 22 21 23 42 7 37 
student 315: 32 38 33 28 10 13 37 14 7 25 17 8 26 16 31 46 42 48 45 3 2 5 47 21 4 49 41 27 11 1 44 30 39 29 18 19 15 23 50 12 36 34 43 6 24 22 20 40 9 35 
student 316: 30 35 34 28 10 15 38 12 7 29 13 11 25 17 31 46 47 49 42 8 2 4 44 20 3 48 41 27 5 1 45 26 39 32 18 21 16 24 50 14 36 33 43 6 23 19 22 40 9 37 
student 317: 33 37 34 28 12 14 36 13 7 25 15 9 26 16 30 47 42 48 44 5 4 3 46 21 1 49 40 27 10 2 45 29 38 31 18 19 17 24 50 11 35 32 41 6 23 22 20 39 8 43 
student 318: 31 35 36 28 8 18 34 12 10 25 14 7 26 15 27 45 43 48 42 2 6 4 50 22 3 47 40 29 11 1 46 30 38 32 19 17 16 24 49 13 37 33 44 5 23 21 20 41 9 39 
student 319: 34 35 33 28 10 14 36 15 6 25 18 7 31 17 26 46 42 50 44 4 2 5 47 22 3 49 43 27 11 1 45 29 39 32 21 19 13 24 48 8 38 30 41 9 23 16 20 40 12 37 
student 320: 31 36 35 30 12 16 37 14 7 23 8 11 25 10 27 44 43 49 46 5 2 4 47 22 3 48 41 29 9 1 45 32 40 28 18 19 17 24 50 13 38 33 42 6 26 21 20 39 15 34 
student 321: 32 36 35 28 12 15 37 10 8 26 13 9 23 16 31 45 43 49 44 4 2 6 46 22 3 48 41 29 11 1 47 27 39 30 17 20 19 25 50 14 38 34 42 5 24 21 18 40 7 33 
student 322: 32 34 31 29 13 16 33 14 6 25 15 9 28 17 37 46 40 49 45 3 4 5 48 22 2 47 42 27 11 1 43 26 41 30 18 19 12 24 50 10 39 35 44 8 23 20 21 36 7 38 
student 323: 33 36 30 27 6 14 34 12 8 25 15 9 28 16 32 44 42 49 45 4 3 7 46 26 2 47 39 24 10 1 48 29 40 31 20 19 18 23 50 11 38 35 43 5 22 17 21 41 13 37 
student 324: 34 36 33 31 11 15 35 14 8 25 12 7 26 17 32 43 42 49 48 4 2 5 46 23 3 47 41 27 10 1 44 28 40 29 19 18 16 24 50 13 37 30 45 6 22 20 21 38 9 39 
student 325: 30 36 33 31 10 16 34 14 7 25 15 8 26 17 29 43 45 49 44 3 1 6 48 22 4 47 40 27 9 2 46 28 39 35 19 18 13 24 50 12 38 32 41 5 23 20 21 42 11 37 
student 326: 33 34 35 29 11 14 36 13 5 26 15 9 24 19 31 49 41 47 43 3 1 4 48 20 6 46 40 28 10 2 44 27 39 30 16 18 17 23 50 12 38 32 45 7 25 22 21 42 8 37 
student 327: 30 37 32 31 11 16 36 14 6 22 12 8 28 17 33 49 43 50 46 4 1 3 44 21 2 45 42 25 10 5 48 27 40 29 24 18 15 23 47 13 35 34 41 7 26 19 20 38 9 39 
student 328: 34 36 35 28 12 14 33 15 10 23 13 8 26 17 30 47 42 49 43 3 2 5 45 18 4 48 44 27 6 1 46 24 38 32 20 21 16 29 50 11 39 31 40 7 25 19 22 41 9 37 
student 329: 34 37 33 29 11 13 35 14 7 23 16 9 27 19 30 44 43 50 45 4 3 5 48 22 2 46 42 26 8 1 47 28 39 32 15 18 17 25 49 12 36 31 41 6 24 20 21 40 10 38 
student 330: 32 37 36 29 12 15 33 14 7 24 16 8 26 13 27 47 42 48 44 4 1 5 46 18 3 49 43 28 11 2 45 30 38 31 20 19 17 21 50 10 39 34 41 6 25 22 23 40 9 35 
student 331: 33 36 34 27 11 16 35 13 6 26 14 9 28 15 30 44 42 48 43 4 2 5 49 23 3 47 46 24 10 1 45 29 40 32 17 18 22 21 50 12 38 31 41 7 25 19 20 37 8 39 
student 332: 33 36 34 29 12 15 40 13 9 24 14 7 30 16 31 39 45 48 42 4 3 6 46 22 2 49 38 25 10 1 47 28 43 27 18 19 17 26 50 11 37 32 44 5 23 20 21 41 8 35 
student 333: 35 38 33 29 11 18 36 13 3 27 14 9 28 16 30 48 42 49 44 6 2 5 47 23 4 50 43 25 10 1 46 26 40 31 20 17 15 24 45 12 37 32 41 7 19 21 22 39 8 34 
student 334: 34 38 31 29 11 15 32 16 7 25 14 8 26 18 28 46 43 48 44 4 3 5 47 22 2 49 41 27 10 1 45 30 37 35 20 19 12 24 50 13 39 36 42 6 23 17 21 40 9 33 
student 335: 29 36 35 32 7 14 33 12 5 20 15 11 28 16 34 42 43 49 44 6 3 4 46 21 2 48 41 26 10 1 45 27 39 30 24 22 18 23 50 13 38 31 47 9 25 19 17 40 8 37 
student 336: 32 38 33 29 10 17 34 13 11 25 12 5 26 19 30 46 44 48 42 3 1 6 50 22 2 47 41 28 9 4 45 27 43 31 16 18 15 24 49 14 39 37 36 7 23 21 20 40 8 35 
student 337: 28 37 34 30 11 15 35 13 4 22 12 6 27 17 32 47 42 49 45 3 5 7 43 23 2 48 44 25 10 1 46 29 39 31 20 19 16 26 50 14 36 33 41 8 24 18 21 38 9 40 
student 338: 32 36 35 28 11 16 34 13 10 27 14 7 30 15 29 47 44 46 42 4 2 6 49 23 3 48 39 25 9 1 45 22 41 31 19 17 18 24 50 12 37 33 43 5 26 21 20 40 8 38 
student 339: 35 33 37 27 11 16 32 15 10 24 12 6 28 17 30 45 43 49 44 4 2 5 47 21 3 48 41 26 13 1 46 29 38 31 18 19 14 25 50 9 39 34 42 7 22 20 23 40 8 36 
student 340: 33 35 34 32 10 13 36 11 9 21 16 12 26 17 27 46 44 45 43 4 5 3 50 23 1 47 42 29 7 2 48 28 39 30 20 18 15 25 49 14 37 31 41 6 24 22 19 40 8 38 
student 341: 32 38 34 30 10 14 35 12 7 24 15 8 26 17 29 46 44 50 45 4 2 3 49 23 6 48 42 27 11 1 43 28 37 33 21 16 18 25 47 13 36 31 41 5 20 19 22 40 9 39 
student 342: 33 35 32 28 11 16 36 13 8 26 15 7 22 18 30 47 44 50 45 2 1 5 46 20 4 49 41 27 10 3 42 29 38 31 17 19 14 25 48 12 39 34 43 6 24 21 23 40 9 37 
student 343: 31 34 33 30 18 14 36 12 7 23 13 8 27 16 28 46 42 48 43 2 4 6 47 24 5 49 37 26 9 1 44 29 41 32 21 17 15 22 50 11 38 35 45 3 25 19 20 39 10 40 
student 344: 33 38 34 29 10 15 36 13 5 24 14 6 27 20 30 47 44 50 46 4 1 7 45 22 3 48 41 26 11 2 43 28 39 31 16 17 18 23 49 12 35 32 42 8 25 19 21 37 9 40 
student 345: 32 36 34 28 12 15 35 14 7 24 13 8 30 17 31 46 42 50 45 5 2 1 47 25 3 48 43 26 10 4 44 27 38 29 20 18 16 23 49 11 39 33 40 6 22 19 21 41 9 37 
student 346: 31 40 32 28 11 16 37 12 5 23 13 10 24 17 36 44 42 50 46 4 2 3 47 20 6 49 38 26 7 1 45 30 43 29 19 22 15 27 48 14 39 34 41 8 21 18 25 35 9 33 
student 347: 32 34 36 31 11 17 33 15 7 25 13 8 26 14 29 45 46 50 44 3 2 5 47 22 4 49 41 27 10 1 43 28 39 30 20 16 18 24 48 9 38 35 40 6 23 19 21 42 12 37 
student 348: 32 34 33 28 11 16 35 13 6 29 14 9 22 17 30 45 43 48 47 5 2 3 50 26 4 46 41 25 10 1 44 27 39 31 19 18 15 23 49 12 37 36 42 8 20 21 24 40 7 38 
student 349: 33 36 32 29 13 15 35 12 8 25 14 3 26 17 30 46 43 49 45 6 4 5 47 24 2 48 41 27 10 1 44 28 39 31 19 18 16 20 50 9 38 34 42 7 22 21 23 40 11 37 
student 350: 33 36 34 27 9 18 37 12 7 26 13 10 25 17 30 46 42 49 45 5 1 4 47 23 3 48 43 28 8 2 44 29 39 31 16 19 14 24 50 15 40 32 41 6 21 20 22 38 11 35 
student 351: 32 36 33 31 10 15 35 14 9 27 11 5 26 20 28 46 43 49 47 3 1 8 48 21 2 45 41 25 6 7 44 29 39 30 16 19 17 22 50 12 38 34 42 4 24 18 23 40 13 37 
student 352: 31 35 34 30 12 14 36 15 6 29 11 7 26 18 28 43 45 49 46 4 1 5 47 22 8 50 41 24 9 2 44 27 39 33 17 20 16 23 48 13 38 32 42 3 25 19 21 40 10 37 
student 353: 33 36 35 29 11 19 34 13 9 24 16 5 26 15 30 48 43 47 41 4 2 6 46 22 3 50 40 28 12 1 44 27 38 31 17 18 14 23 49 10 39 32 42 7 25 20 21 45 8 37 
student 354: 33 36 34 29 10 16 35 13 7 26 15 8 25 18 28 47 43 50 44 5 1 4 49 22 3 45 42 27 9 2 46 30 38 31 19 17 14 23 48 11 40 32 41 6 24 20 21 39 12 37 
student 355: 32 36 33 30 11 15 35 14 8 25 13 7 27 18 26 45 40 50 44 4 3 6 47 24 2 46 42 28 9 1 48 29 39 34 20 17 16 22 49 12 37 31 43 5 23 21 19 41 10 38 
student 356: 35 36 34 27 14 12 33 15 7 21 16 8 28 17 30 46 45 47 44 5 2 4 48 23 3 49 40 25 10 1 41 29 37 32 19 18 13 26 50 11 38 31 43 6 24 22 20 39 9 42 
student 357: 33 35 34 31 10 15 36 11 6 24 13 8 27 16 28 45 43 49 46 3 7 5 47 21 2 48 41 26 9 1 44 29 37 30 20 19 14 25 50 18 40 32 42 4 22 17 23 39 12 38 
student 358: 32 33 37 28 10 16 36 13 6 23 14 9 25 15 30 47 43 50 44 3 2 5 46 22 4 49 41 29 11 1 45 27 39 31 18 17 20 26 48 12 38 34 42 8 24 19 21 40 7 35 
student 359: 34 35 36 30 13 15 33 12 7 25 14 10 24 16 31 46 43 49 44 3 4 6 47 20 1 48 37 27 8 2 45 26 41 29 19 18 17 28 50 11 39 32 42 5 23 22 21 40 9 38 
student 360: 34 36 33 29 10 15 35 11 7 28 14 3 25 18 30 45 44 50 46 6 1 8 48 17 4 47 42 26 9 2 43 27 37 31 20 21 16 24 49 13 39 32 41 12 23 19 22 40 5 38 
student 361: 34 36 33 29 6 14 35 11 8 23 16 10 24 21 30 42 41 50 47 5 2 3 48 18 4 49 44 28 12 1 43 27 45 31 19 15 17 26 46 13 38 32 40 7 25 20 22 39 9 37 
student 362: 34 35 37 28 11 15 32 13 9 25 14 5 27 17 30 44 42 50 45 6 2 3 47 23 4 49 40 26 10 1 46 29 39 33 18 19 16 22 48 12 36 31 43 7 24 20 21 41 8 38 
student 363: 35 46 36 29 12 13 33 14 6 27 17 10 23 15 31 44 49 50 42 5 2 4 45 22 3 47 39 26 9 1 43 28 38 30 19 18 16 25 48 11 34 32 41 8 24 20 21 40 7 37 
student 364: 33 35 36 30 11 13 34 15 7 25 14 9 26 19 31 44 43 49 46 4 2 5 47 24 3 48 41 28 10 1 45 27 39 29 20 16 18 22 50 12 37 32 42 6 21 17 23 40 8 38 
student 365: 34 35 32 30 15 14 38 13 6 26 12 9 27 18 29 48 44 50 47 3 1 4 45 24 5 49 41 25 7 2 43 28 40 33 17 21 16 20 46 11 37 31 42 8 23 19 22 39 10 36 
student 366: 32 36 33 29 12 14 35 10 8 24 16 7 26 18 30 46 42 48 44 2 3 5 47 21 1 50 41 27 9 4 45 28 37 31 22 15 17 25 49 13 40 34 39 6 23 19 20 43 11 38 
student 367: 32 38 34 29 11 17 37 12 8 27 14 9 24 16 30 41 44 48 45 2 3 5 49 25 4 46 42 26 10 1 47 28 39 31 19 18 15 23 50 13 36 33 43 6 22 21 20 40 7 35 
student 368: 32 35 33 31 12 13 36 7 10 27 16 8 26 15 28 46 43 50 44 3 1 5 47 20 4 49 41 25 6 2 45 29 38 30 21 18 17 23 48 14 40 34 42 9 24 19 22 39 11 37 
student 369: 32 41 34 29 13 15 36 14 7 26 12 8 24 16 30 46 44 48 43 2 5 4 47 23 3 49 38 27 9 1 45 28 37 31 18 19 17 25 50 11 40 33 42 6 20 21 22 39 10 35 
student 370: 33 37 36 29 10 13 34 11 7 26 15 14 28 18 32 45 47 48 43 4 1 5 50 21 2 46 42 25 9 3 44 27 38 31 17 22 16 23 49 12 39 30 40 6 24 20 19 41 8 35 
student 371: 32 36 35 26 15 14 34 12 6 27 17 8 24 13 30 46 42 48 44 7 2 4 49 20 3 47 40 29 9 1 45 31 41 28 18 22 16 25 50 11 38 33 43 5 23 19 21 39 10 37 
student 372: 32 37 35 27 11 16 36 10 12 22 15 6 26 17 28 46 45 49 43 3 2 5 47 20 4 48 41 31 9 1 44 29 40 30 19 18 14 25 50 13 34 33 42 7 24 21 23 39 8 38 
student 373: 32 39 35 29 13 16 36 14 7 24 15 8 25 18 31 47 43 48 42 3 4 5 46 26 2 49 44 28 9 1 45 27 38 33 19 20 12 22 50 11 34 30 41 6 23 21 17 40 10 37 
student 374: 31 37 34 29 11 13 35 14 5 27 16 8 26 18 30 45 42 48 47 4 2 6 46 20 3 49 39 25 10 1 44 28 43 33 19 17 15 24 50 12 40 32 41 7 22 21 23 36 9 38 
student 375: 34 33 35 27 13 16 38 12 7 24 14 9 26 19 31 47 43 49 44 5 2 4 46 22 3 48 39 28 8 1 45 29 42 30 17 18 15 25 50 11 37 32 41 6 23 20 21 40 10 36 
student 376: 33 40 34 30 10 14 35 17 6 25 13 7 26 15 28 46 42 50 43 4 2 5 48 24 3 49 44 27 12 1 45 29 39 31 16 19 18 23 47 11 38 32 37 8 22 20 21 41 9 36 
student 377: 29 36 34 31 10 12 35 14 5 26 15 9 25 20 30 47 44 49 43 6 2 1 48 21 4 46 41 27 11 3 45 32 39 28 18 16 17 23 50 13 37 33 42 7 24 22 19 40 8 38 
student 378: 34 38 30 26 9 14 35 15 7 25 13 10 29 16 31 47 44 49 45 6 1 5 48 22 3 43 41 27 12 2 46 28 40 32 20 18 17 24 50 11 37 33 42 4 23 19 21 39 8 36 
student 379: 30 37 36 32 10 16 34 12 6 25 14 7 27 13 29 47 43 46 44 1 4 8 48 21 3 49 42 28 9 2 45 26 41 31 24 18 17 23 50 15 35 33 40 5 22 19 20 39 11 38 
student 380: 28 36 33 30 11 17 35 15 6 22 13 7 25 19 31 47 44 50 45 4 3 5 48 23 2 49 43 29 9 1 46 27 41 32 16 14 18 24 42 12 37 34 40 8 26 21 20 38 10 39 
student 381: 31 37 34 30 9 15 35 13 6 26 14 8 24 16 29 42 43 49 46 2 3 5 45 21 4 47 40 27 10 1 48 28 36 32 19 18 17 25 50 12 39 33 44 7 23 20 22 38 11 41 
student 382: 31 36 33 30 10 15 35 14 5 25 12 11 26 19 28 49 44 46 47 4 1 7 45 22 2 48 39 27 13 3 43 29 40 32 20 18 16 24 50 9 38 34 42 6 23 17 21 41 8 37 
student 383: 35 33 32 28 11 12 37 14 15 25 16 8 26 10 30 48 44 49 47 4 3 5 42 22 1 50 39 27 6 2 43 29 38 31 21 19 18 23 45 13 40 34 41 7 24 17 20 46 9 36 
student 384: 32 35 37 27 13 15 34 14 7 28 12 8 26 17 30 44 45 47 43 4 5 2 46 22 1 49 40 24 10 3 48 29 38 33 21 18 16 25 50 11 41 31 42 6 23 19 20 39 9 36 
student 385: 32 38 34 27 11 16 35 12 6 25 15 7 28 19 30 46 45 47 44 4 2 5 48 18 3 49 41 29 10 1 42 26 39 33 17 20 14 24 50 13 36 31 43 8 22 23 21 40 9 37 
student 386: 34 35 32 29 9 16 36 15 8 23 12 7 28 18 30 47 43 46 48 3 2 5 45 25 4 50 39 26 10 1 44 27 40 31 21 19 13 22 49 11 38 33 42 6 20 24 17 41 14 37 
student 387: 34 36 33 28 9 16 35 12 7 24 15 8 26 17 31 48 44 49 43 1 3 4 46 22 6 47 41 23 11 2 45 30 42 29 19 18 13 27 50 14 40 32 39 5 25 20 21 38 10 37 
student 388: 34 35 33 32 10 14 36 15 5 25 13 9 26 19 29 40 43 50 47 6 3 7 49 23 2 46 38 28 8 1 45 27 39 31 20 17 16 24 48 12 41 30 44 4 21 18 22 42 11 37 
student 389: 34 36 35 29 12 13 33 16 6 25 11 7 26 17 30 47 41 46 42 4 2 5 48 24 3 50 39 27 10 1 45 28 44 31 18 19 15 23 49 14 38 32 40 9 22 20 21 43 8 37 
student 390: 34 32 33 28 11 15 38 14 7 26 16 9 27 19 30 47 43 46 44 5 2 6 48 22 4 49 41 23 12 1 45 29 37 31 18 17 13 25 50 10 39 35 42 3 24 20 21 40 8 36 
student 391: 33 37 32 30 11 16 34 14 6 23 13 8 27 15 29 47 43 48 44 3 4 5 46 18 1 49 41 26 10 2 45 28 40 31 22 17 19 25 50 12 39 35 42 7 24 20 21 36 9 38 
student 392: 30 37 36 29 13 14 34 12 7 24 16 1 27 17 31 47 43 50 46 5 3 6 48 20 4 45 42 25 11 2 44 28 39 33 19 18 15 26 49 10 35 32 41 8 23 21 22 40 9 38 
student 393: 32 38 33 29 11 14 37 13 8 25 15 6 26 20 31 47 43 50 44 3 1 5 46 21 4 48 42 27 10 2 45 28 39 30 22 19 16 24 49 12 36 34 40 7 23 17 18 41 9 35 
student 394: 33 34 37 29 11 17 40 13 5 27 14 7 26 19 30 45 43 48 44 4 3 6 47 23 2 49 36 21 10 1 46 28 39 31 16 20 15 25 50 12 38 32 42 8 24 18 22 41 9 35 
student 395: 33 39 31 28 12 14 34 13 9 26 15 6 23 18 30 44 42 50 40 1 3 7 45 22 4 48 43 27 8 2 47 29 37 32 19 17 16 25 49 10 46 35 41 5 24 20 21 38 11 36 
student 396: 33 38 32 30 10 17 36 15 8 24 14 7 26 13 34 46 44 48 45 6 3 4 47 22 2 50 41 28 9 1 37 27 40 29 20 18 16 25 49 12 31 35 42 5 23 19 21 43 11 39 
student 397: 34 35 32 29 8 14 36 12 7 25 15 13 26 16 31 46 45 49 40 2 1 6 48 20 4 47 43 27 10 3 44 28 41 30 17 24 18 22 50 11 38 33 39 5 23 19 21 42 9 37 
student 398: 33 35 36 25 11 17 37 13 8 24 16 6 28 15 30 40 44 46 48 1 4 7 49 21 3 50 41 29 10 2 45 27 38 32 19 18 14 26 47 12 39 34 42 5 22 20 23 43 9 31 
student 399: 32 37 35 31 12 16 36 13 6 22 14 8 29 15 27 46 40 48 45 3 2 5 49 23 4 47 41 25 10 1 44 28 39 30 17 18 20 26 50 11 34 33 42 7 24 21 19 43 9 38 
student 400: 30 33 35 26 10 16 37 12 8 25 14 9 24 18 29 45 47 48 42 5 3 4 46 21 1 49 43 28 7 2 41 31 40 32 20 15 17 19 50 13 36 34 44 6 27 22 23 39 11 38 
student 401: 32 43 34 26 11 16 36 15 3 24 13 7 28 17 30 42 41 48 44 6 4 5 46 22 2 50 38 25 10 1 47 29 37 31 19 18 14 27 49 12 40 33 39 8 23 20 21 45 9 35 
student 402: 30 34 35 31 9 15 36 14 6 25 12 8 26 18 27 44 45 50 42 4 2 5 46 21 3 48 38 28 10 1 47 29 40 32 19 17 16 23 49 11 37 33 41 7 22 24 20 43 13 39 
student 403: 32 36 33 29 9 15 35 14 8 26 13 7 27 17 31 46 43 48 45 2 1 4 47 20 6 49 41 28 11 3 44 25 39 34 19 18 16 24 50 12 38 30 42 5 23 21 22 40 10 37 
student 404: 30 39 34 28 11 16 35 13 7 23 14 9 26 15 29 44 41 47 48 4 2 6 49 20 3 45 38 25 8 1 46 31 43 32 18 19 17 24 50 12 37 33 42 5 22 27 21 40 10 36 
student 405: 32 35 37 28 11 15 34 13 7 25 14 9 26 17 29 46 41 48 43 5 4 3 49 16 1 47 38 27 8 2 45 30 40 31 21 20 18 22 50 12 36 33 44 6 23 19 24 42 10 39 
student 406: 34 36 33 29 16 15 31 14 8 24 11 9 28 22 30 43 46 47 44 5 2 3 49 21 4 48 45 26 10 1 39 27 37 32 20 17 13 23 50 12 41 35 40 6 18 19 25 42 7 38 
student 407: 32 35 34 28 11 18 36 12 8 25 14 10 24 15 29 46 43 49 45 2 3 7 47 22 4 48 42 27 5 1 44 30 38 31 17 20 16 26 50 6 39 33 41 9 23 19 21 40 13 37 
student 408: 34 37 33 26 15 17 35 10 6 30 13 8 25 20 29 45 42 50 46 5 2 7 48 22 4 47 43 28 11 1 44 27 39 31 18 14 16 24 49 12 36 32 40 3 23 19 21 38 9 41 
student 409: 32 35 31 28 9 14 33 10 7 25 12 8 27 18 30 48 41 50 43 4 3 6 45 24 2 49 42 21 13 1 46 29 40 36 17 19 15 26 47 16 37 34 44 5 20 22 23 38 11 39 
student 410: 32 37 34 29 11 15 33 12 9 24 14 6 26 16 31 46 43 50 44 4 2 5 48 23 3 47 41 25 10 1 45 28 39 30 19 18 17 22 49 13 38 35 42 7 27 20 21 40 8 36 
student 411: 32 35 39 28 12 15 33 11 7 25 14 9 26 19 31 47 43 49 46 4 2 3 45 22 5 50 40 29 10 1 44 27 36 30 20 18 17 24 48 16 37 34 41 6 23 13 21 38 8 42 
student 412: 31 33 37 30 12 14 35 11 7 25 15 6 26 19 28 48 44 49 43 4 2 5 46 22 1 45 41 27 9 3 47 29 39 36 18 20 16 24 50 13 34 32 42 8 23 17 21 40 10 38 
student 413: 32 36 34 29 10 16 37 15 7 25 13 8 26 17 30 43 41 48 46 2 3 5 49 20 4 45 40 27 11 1 47 28 39 31 19 18 14 21 50 12 35 33 44 6 24 22 23 42 9 38 
student 414: 32 36 34 30 7 9 35 12 11 25 16 8 27 17 31 47 46 49 43 1 2 5 45 22 4 50 40 24 10 3 44 28 38 29 18 21 15 26 48 14 37 33 42 6 23 19 20 41 13 39 
student 415: 33 37 30 28 14 13 35 17 8 26 12 7 25 16 31 48 43 50 46 4 5 6 44 22 1 49 41 27 9 3 45 29 39 32 20 19 15 24 47 10 40 34 38 2 23 18 21 42 11 36 
student 416: 33 36 34 28 11 15 35 14 8 29 13 6 25 17 30 45 43 49 44 7 2 4 47 24 3 48 41 26 10 1 46 27 39 32 18 19 16 23 50 12 38 31 42 5 22 20 21 37 9 40 
student 417: 32 33 37 29 10 15 34 13 7 27 17 9 25 19 30 42 48 49 44 6 2 3 46 20 4 47 40 28 8 1 45 26 38 31 23 14 16 22 50 11 39 35 41 5 24 21 18 43 12 36 
student 418: 30 38 34 29 10 18 36 11 5 25 15 12 28 17 32 46 43 49 45 3 2 7 48 22 4 47 41 24 9 1 44 26 37 33 21 16 14 27 50 13 39 31 42 6 23 19 20 40 8 35 
student 419: 32 34 35 28 10 15 37 14 5 23 11 9 26 19 33 46 42 49 45 4 3 7 48 22 2 47 40 27 12 1 44 31 41 29 21 18 16 25 50 13 36 30 43 6 24 17 20 39 8 38 
student 420: 32 35 33 31 11 15 39 13 7 26 14 8 21 18 29 49 46 48 47 4 2 5 45 24 3 44 42 27 9 1 43 28 36 30 19 17 16 23 50 12 38 34 41 6 25 20 22 40 10 37 
student 421: 33 37 34 27 13 14 36 11 7 23 15 8 28 18 29 45 44 49 35 3 4 5 47 20 1 48 39 26 9 2 42 31 41 30 22 17 16 21 50 12 38 32 46 6 25 24 19 43 10 40 
student 422: 32 35 34 29 8 16 37 15 7 27 12 11 24 17 30 45 40 50 48 5 3 4 46 21 2 47 39 25 6 1 44 31 38 28 20 19 13 26 49 10 42 33 43 9 22 18 23 41 14 36 
student 423: 34 35 31 29 12 10 36 13 3 19 15 7 22 16 30 48 41 49 45 5 2 6 44 21 4 47 42 27 11 1 46 23 40 33 24 18 17 28 50 14 43 32 39 8 26 20 25 37 9 38 
student 424: 33 35 34 27 11 14 37 13 10 21 15 4 30 16 29 46 43 45 44 1 3 6 49 22 5 47 40 26 9 2 50 28 39 31 17 25 18 24 48 12 38 32 42 7 23 19 20 41 8 36 
student 425: 30 37 36 28 12 15 39 13 7 26 14 8 24 20 31 43 42 49 45 4 2 6 48 25 3 47 41 29 10 1 46 27 38 32 18 16 17 22 50 11 34 33 40 5 19 21 23 44 9 35 
student 426: 33 36 34 29 9 15 35 10 8 26 14 7 28 16 30 46 45 49 40 4 1 6 47 22 3 48 42 25 13 2 43 27 39 31 18 23 17 20 50 12 38 32 44 5 24 19 21 41 11 37 
student 427: 32 38 35 28 10 11 34 15 5 25 14 8 27 16 30 47 45 50 44 9 3 7 46 23 6 49 41 26 12 1 43 29 39 31 19 17 18 24 48 13 37 33 42 2 22 20 21 40 4 36 
student 428: 30 36 31 28 15 14 33 11 8 26 12 7 29 18 32 45 42 48 47 3 2 6 46 22 4 49 40 25 10 1 44 27 39 34 19 17 16 23 50 13 38 35 43 5 24 20 21 41 9 37 
student 429: 31 36 34 33 11 15 32 12 6 24 16 7 27 17 30 47 43 48 44 4 1 8 46 22 2 50 41 28 10 3 45 26 39 29 20 18 14 25 49 13 38 35 42 5 23 21 19 40 9 37 
student 430: 34 36 35 29 13 16 37 11 6 26 14 7 25 15 31 45 43 49 44 1 4 8 47 20 3 48 40 27 12 2 46 28 39 33 17 19 18 24 50 10 38 30 42 9 23 21 22 41 5 32 
student 431: 33 35 34 30 7 15 36 12 8 25 13 9 29 20 28 48 44 49 43 4 2 5 46 21 3 47 42 26 11 1 45 27 40 32 22 17 16 23 50 14 39 31 37 6 24 18 19 41 10 38 
student 432: 29 36 32 24 9 15 35 12 7 27 14 10 25 16 30 49 43 48 44 4 2 5 45 26 3 46 41 28 8 1 47 33 39 34 18 19 17 21 50 13 37 31 42 6 23 20 22 40 11 38 
student 433: 32 37 33 31 8 15 34 10 7 22 14 9 26 16 27 46 41 49 44 3 1 5 48 21 4 47 40 29 12 2 45 30 42 28 20 19 17 25 50 13 39 35 43 6 24 18 23 38 11 36 
student 434: 31 35 34 27 11 15 36 14 6 25 12 8 28 17 30 50 41 44 43 5 1 4 47 23 2 46 40 24 9 3 48 29 39 32 19 18 16 26 49 13 37 33 45 10 22 20 21 42 7 38 
student 435: 32 36 33 29 11 17 35 13 7 26 14 6 27 18 31 50 42 49 43 4 1 5 44 22 3 47 46 24 10 2 45 28 40 30 19 16 15 23 48 12 38 34 41 8 25 21 20 39 9 37 
student 436: 33 37 35 31 12 14 34 16 8 25 13 6 30 15 28 45 41 49 42 3 2 5 47 22 4 48 40 26 9 1 44 27 46 29 19 20 17 24 50 11 39 32 43 7 23 18 21 36 10 38 
student 437: 33 35 34 28 10 17 37 11 8 25 13 7 27 16 29 48 40 49 45 4 1 6 46 21 3 42 41 26 12 2 47 30 39 31 18 19 15 20 50 14 38 32 43 5 24 22 23 44 9 36 
student 438: 28 36 30 26 10 16 35 13 9 25 11 6 27 18 32 46 43 50 44 5 2 4 48 22 3 47 42 29 7 1 45 34 39 31 19 17 15 24 49 14 38 33 40 8 23 20 21 41 12 37 
student 439: 33 35 32 29 11 16 34 13 8 26 14 4 24 17 30 50 42 48 47 2 1 7 46 23 5 44 41 27 10 3 45 28 39 31 20 18 15 25 49 12 36 38 43 6 21 19 22 40 9 37 
student 440: 31 36 33 29 13 10 38 14 11 25 15 6 26 16 30 46 43 48 44 4 2 5 45 20 3 50 41 28 9 1 47 27 42 35 18 19 17 24 49 12 37 32 40 7 22 23 21 39 8 34 
student 441: 34 39 35 30 11 15 33 16 6 25 13 8 27 12 28 45 43 50 49 5 2 3 48 24 4 47 40 29 10 1 44 26 38 31 19 18 17 21 46 14 37 32 42 7 22 20 23 41 9 36 
student 442: 37 34 35 28 12 13 33 11 6 31 15 9 24 14 29 46 42 50 47 3 1 5 45 21 4 48 39 25 8 2 44 27 40 30 19 18 17 26 49 16 38 32 43 7 23 20 22 41 10 36 
student 443: 30 37 34 27 7 15 35 11 9 25 14 8 26 17 33 48 45 47 44 4 2 5 49 23 3 46 41 28 13 1 43 29 39 31 19 18 16 22 50 12 38 32 42 6 24 20 21 40 10 36 
student 444: 28 36 34 30 11 15 35 17 6 25 13 7 26 16 31 44 42 49 43 5 2 4 46 21 3 48 41 29 10 1 47 27 39 32 19 18 14 24 50 12 38 33 45 8 22 23 20 40 9 37 
student 445: 33 36 35 30 12 16 32 13 9 24 14 7 26 19 29 45 42 50 44 4 2 5 47 21 3 48 43 27 10 1 46 28 41 31 22 17 15 25 49 11 39 34 37 6 23 18 20 40 8 38 
student 446: 36 35 34 29 16 11 33 14 8 25 17 7 27 18 30 43 44 49 45 2 4 5 48 20 6 47 39 26 9 1 46 28 40 31 15 19 13 24 50 12 38 32 42 3 22 23 21 41 10 37 
student 447: 33 35 36 29 10 16 34 13 11 27 14 4 24 17 30 47 44 49 43 2 3 5 46 23 6 48 40 26 7 1 45 31 41 32 21 18 15 22 50 12 38 28 42 8 25 19 20 39 9 37 
student 448: 32 34 33 29 10 14 36 13 5 26 12 9 22 19 30 46 44 48 43 4 1 7 47 24 3 49 40 27 11 2 45 28 39 31 18 17 15 25 50 16 38 35 42 6 23 20 21 41 8 37 
student 449: 32 37 34 28 11 15 38 10 13 24 12 6 26 17 30 44 42 45 46 4 2 8 48 22 3 49 36 27 9 1 47 29 39 31 21 16 19 25 50 14 41 35 43 5 23 20 18 40 7 33 
student 450: 33 36 34 29 9 15 35 11 8 26 14 10 25 19 31 46 40 48 44 3 2 4 50 23 5 47 38 28 13 1 45 27 41 32 21 16 17 24 49 12 39 30 43 7 22 18 20 42 6 37 
student 451: 33 35 31 28 9 14 37 11 16 24 26 5 25 17 29 43 45 47 44 3 4 6 48 23 2 49 40 30 10 1 46 27 41 32 15 12 18 22 50 13 39 36 42 7 21 19 20 38 8 34 
student 452: 32 37 34 30 7 14 35 15 6 24 13 9 27 20 25 47 40 49 45 4 3 5 44 21 1 48 42 28 11 2 46 29 39 31 17 18 16 23 50 12 38 33 43 8 26 19 22 41 10 36 
student 453: 33 37 34 29 12 14 35 16 6 24 13 8 26 18 30 47 46 44 42 2 1 4 50 22 7 48 39 28 10 3 45 27 40 31 19 17 15 25 49 11 38 32 43 5 23 20 21 41 9 36 
student 454: 32 36 35 29 9 16 34 14 7 23 13 8 26 18 31 44 42 48 46 4 2 5 47 24 3 50 40 27 10 1 43 28 38 30 17 20 15 22 49 12 39 33 45 6 25 19 21 41 11 37 
student 455: 34 36 35 28 14 15 33 10 8 25 13 7 24 20 29 45 43 49 44 5 2 6 48 21 3 46 42 27 12 1 47 31 39 30 16 18 17 26 50 9 37 32 41 4 23 22 19 40 11 38 
student 456: 30 36 34 27 8 15 35 13 4 23 14 9 26 16 28 47 44 48 43 6 3 2 49 25 5 50 40 32 12 1 45 31 38 29 20 18 17 22 46 11 39 33 41 7 21 24 19 42 10 37 
student 457: 33 34 36 29 8 15 37 13 9 25 10 11 24 18 30 45 44 48 42 4 2 5 49 23 3 47 41 27 7 1 46 28 40 31 19 16 17 26 50 14 38 32 43 6 22 20 21 39 12 35 
student 458: 33 38 35 25 10 15 34 14 8 26 13 7 29 17 28 46 43 48 45 3 2 5 47 20 4 49 41 27 11 1 44 30 37 32 21 18 16 24 50 12 40 31 42 6 22 19 23 39 9 36 
student 459: 34 33 32 29 10 14 38 13 8 22 15 7 27 17 30 48 43 49 42 4 5 3 46 19 2 47 45 26 9 1 44 28 39 31 18 20 16 25 50 12 37 35 41 6 23 21 24 40 11 36 
student 460: 29 37 34 33 13 14 35 12 4 26 15 6 30 17 28 45 43 49 46 7 1 3 47 22 5 48 41 24 10 2 44 27 39 31 20 18 16 23 50 11 40 32 38 8 25 21 19 42 9 36 
student 461: 31 37 28 30 10 13 33 18 7 26 11 8 27 14 32 46 44 48 43 6 4 5 47 22 2 50 41 24 9 1 45 29 38 36 15 17 16 25 49 19 35 34 42 3 23 20 21 40 12 39 
student 462: 34 36 33 28 9 13 37 18 8 23 12 6 26 15 30 46 42 50 44 3 5 4 47 24 2 48 40 27 14 1 45 31 39 29 21 20 17 22 49 11 38 32 43 7 25 16 19 41 10 35 
student 463: 30 36 33 26 10 16 35 13 7 25 14 9 21 17 31 45 43 50 44 4 1 6 47 23 3 46 40 28 11 2 48 29 38 34 18 20 15 27 49 12 42 32 41 5 24 22 19 39 8 37 
student 464: 32 33 35 27 7 14 36 13 9 30 11 8 23 18 29 42 41 49 46 5 1 4 47 21 3 48 40 26 10 2 45 25 39 31 17 19 16 28 50 15 38 34 43 6 22 20 24 44 12 37 
student 465: 32 35 34 29 12 16 37 14 8 26 13 9 25 17 30 45 41 49 46 4 3 5 47 24 2 48 40 27 10 1 42 28 39 31 18 19 15 21 50 11 38 33 44 6 20 22 23 43 7 36 
student 466: 32 36 34 29 12 15 35 13 6 26 11 9 24 16 30 49 43 48 44 7 2 4 46 22 3 47 42 28 10 1 45 27 39 31 20 18 17 23 50 14 37 33 41 5 25 19 21 40 8 38 
student 467: 32 37 33 29 9 15 34 11 12 24 14 7 25 17 30 45 46 50 43 3 1 5 47 22 6 48 41 27 10 2 44 28 38 31 18 19 16 23 49 13 36 35 42 4 26 20 21 40 8 39 
student 468: 31 37 36 28 11 14 33 15 7 26 13 9 29 17 32 45 46 49 40 3 1 8 48 19 4 47 42 25 10 5 43 27 39 30 20 18 16 24 50 12 38 35 44 2 23 21 22 41 6 34 
student 469: 31 39 32 30 12 16 37 15 7 25 14 8 28 19 29 47 45 48 43 5 1 6 46 26 2 49 40 23 9 4 44 27 38 33 17 13 18 22 50 11 36 35 41 3 24 20 21 42 10 34 
student 470: 30 39 34 27 9 13 35 10 6 24 15 8 28 17 32 47 44 48 46 1 4 3 45 26 7 50 43 31 11 2 41 21 36 29 19 16 18 25 49 14 38 33 40 5 22 23 20 42 12 37 
student 471: 32 35 37 28 14 13 34 11 6 24 17 7 25 16 33 46 45 49 44 4 2 8 47 26 3 48 42 29 9 1 41 27 40 30 20 18 15 22 50 12 39 31 43 5 21 19 23 38 10 36 
student 472: 31 35 33 28 13 16 34 14 7 22 11 9 25 17 30 45 43 48 44 4 2 5 47 21 3 49 41 24 8 1 46 29 40 32 18 19 12 26 50 15 38 36 42 6 23 20 27 39 10 37 
student 473: 33 36 34 27 12 15 35 13 7 25 19 8 29 16 28 46 42 48 43 6 1 4 49 22 3 47 40 26 10 2 45 30 39 32 20 18 14 24 50 11 38 31 44 5 23 21 17 41 9 37 
student 474: 32 38 34 30 11 16 36 10 6 21 15 9 27 17 29 45 43 50 41 5 3 4 49 24 1 48 39 25 12 2 47 26 40 31 20 18 14 22 46 13 37 33 42 8 28 19 23 44 7 35 
student 475: 31 37 34 26 12 14 35 13 6 30 16 9 28 19 29 46 45 49 43 2 7 5 47 25 1 48 41 27 10 3 44 24 39 32 20 17 11 22 50 15 36 33 42 4 18 21 23 40 8 38 
student 476: 36 34 30 27 12 19 35 14 8 25 16 9 26 15 32 45 44 50 43 1 4 2 47 17 5 49 42 28 6 3 46 31 41 29 21 20 13 24 48 11 40 37 39 7 18 23 22 38 10 33 
student 477: 35 36 33 26 10 13 32 14 6 28 12 8 22 16 29 46 42 48 43 4 5 2 45 23 3 47 40 30 11 1 49 27 39 31 19 21 17 25 50 15 38 34 41 7 24 20 18 44 9 37 
student 478: 33 36 34 29 12 14 35 13 6 23 15 9 26 19 30 45 47 49 43 3 1 4 44 16 2 48 39 27 10 5 46 28 40 31 21 20 18 25 50 11 38 32 41 7 24 17 22 42 8 37 
student 479: 32 36 35 28 12 11 34 15 6 24 13 9 25 20 30 46 44 49 42 4 2 3 47 17 5 48 40 29 10 1 45 27 37 31 18 19 16 26 50 7 43 33 41 8 22 21 23 39 14 38 
student 480: 32 34 37 29 8 15 35 13 7 25 14 10 27 19 30 44 41 48 43 6 3 2 46 22 4 47 42 26 12 1 45 28 38 31 18 16 17 24 50 9 39 33 49 5 23 20 21 40 11 36 
student 481: 31 36 34 28 11 15 35 13 8 26 14 7 27 17 29 46 43 49 42 6 4 3 47 22 2 45 41 25 10 1 44 30 39 32 18 21 19 23 50 12 38 33 48 5 24 16 20 40 9 37 
student 482: 31 35 34 36 9 13 37 12 6 26 15 7 24 18 29 45 43 50 47 3 2 5 48 21 4 46 42 27 11 1 44 28 33 30 20 17 16 22 49 14 41 32 38 8 25 19 23 40 10 39 
student 483: 32 36 35 29 12 13 34 15 9 25 16 5 26 17 30 44 46 48 43 6 2 3 47 21 4 50 37 27 8 1 45 28 40 31 22 18 14 23 49 10 39 33 41 7 24 19 20 42 11 38 
student 484: 33 35 37 28 10 15 36 14 9 26 16 7 24 12 31 47 44 50 45 2 3 5 46 25 4 49 42 27 11 1 41 30 40 32 17 20 19 22 48 13 34 29 38 6 23 18 21 43 8 39 
student 485: 30 36 34 29 12 15 37 14 10 25 13 7 28 17 31 45 43 50 44 4 2 5 46 22 3 47 35 26 11 1 48 32 39 27 20 18 16 24 49 9 40 33 42 6 23 19 21 41 8 38 
student 486: 33 34 38 32 12 16 36 14 5 26 15 8 25 11 28 44 37 50 42 4 1 7 48 21 3 47 45 30 10 2 43 27 41 31 19 18 17 24 49 13 39 29 46 6 23 20 22 40 9 35 
student 487: 33 36 31 30 10 14 34 15 6 25 13 9 27 18 32 46 42 49 43 4 1 3 45 20 5 48 41 28 11 2 47 26 40 29 17 19 16 22 50 12 39 37 44 8 24 23 21 35 7 38 
student 488: 33 36 34 29 9 16 35 13 8 28 14 11 26 17 31 45 44 50 43 6 2 4 47 21 3 48 38 23 10 1 46 27 39 32 19 18 15 24 49 12 41 30 42 5 25 22 20 40 7 37 
student 489: 32 38 34 29 12 16 36 17 6 24 11 7 26 19 30 45 42 48 44 4 3 5 49 22 2 47 40 28 9 1 46 27 39 31 15 20 14 25 50 13 35 33 41 8 21 18 23 43 10 37 
student 490: 32 37 34 29 12 17 33 13 5 25 14 7 27 18 30 48 43 50 44 4 1 6 46 22 3 47 42 26 11 2 45 28 36 31 19 16 15 24 49 8 41 35 40 9 21 20 23 38 10 39 
student 491: 32 35 33 30 9 16 38 12 10 26 14 8 31 17 29 47 44 48 50 1 2 6 45 23 4 46 41 27 13 3 43 25 40 28 19 18 15 24 49 11 39 34 42 5 20 21 22 37 7 36 
student 492: 31 36 33 27 11 16 35 14 7 21 13 4 26 17 28 49 43 50 45 3 1 8 46 23 5 47 40 30 10 2 44 29 38 32 18 19 15 24 48 12 39 34 41 6 25 20 22 42 9 37 
student 493: 29 37 35 31 12 18 30 11 6 26 13 7 25 17 32 46 43 48 44 5 2 9 50 22 3 47 40 27 10 1 45 28 39 33 19 21 16 24 49 14 38 34 42 4 23 20 15 41 8 36 
student 494: 33 38 36 29 11 13 30 14 7 24 15 9 25 17 32 48 43 44 47 2 3 4 46 21 6 49 40 27 10 1 45 28 37 31 16 20 19 22 50 12 39 35 42 5 26 18 23 41 8 34 
student 495: 29 35 34 31 12 16 36 13 8 24 11 7 26 17 30 44 43 48 45 4 2 5 46 22 3 49 42 28 10 1 47 27 39 32 21 18 14 25 50 15 38 33 41 6 23 19 20 40 9 37 
student 496: 31 34 37 28 10 13 35 12 7 21 16 8 26 17 29 46 42 50 45 3 2 6 48 24 4 47 43 27 11 1 40 30 38 32 20 18 15 23 49 14 41 33 44 5 25 22 19 39 9 36 
student 497: 33 34 35 26 9 16 37 13 5 28 14 10 24 18 30 46 43 50 44 6 2 4 47 21 3 48 41 25 11 1 45 32 39 29 23 17 15 22 49 12 38 31 42 7 27 19 20 40 8 36 
student 498: 32 36 34 31 11 14 35 12 8 23 13 7 26 17 29 45 42 48 44 5 4 3 49 25 2 46 43 28 10 1 47 27 39 30 19 18 16 24 50 15 38 33 41 6 21 20 22 40 9 37 
student 499: 33 34 35 29 13 21 37 10 8 23 15 6 27 17 31 47 45 48 42 7 3 4 44 20 2 49 41 26 11 1 46 28 40 30 16 18 14 25 50 12 36 32 43 5 24 22 19 38 9 39 
