student 0: 30 1 32 46 41 44 25 34 38 12 33 26 5 43 15 24 45 7 49 8 21 48 6 22 16 29 27 3 37 40 13 11 47 19 17 14 50 42 31 35 23 18 2 36 9 39 20 10 28 4 
student 1: 30 5 34 47 39 41 25 37 36 15 32 28 6 45 13 24 49 7 48 8 18 50 2 23 16 29 26 4 40 42 11 14 43 17 21 9 46 44 31 35 22 20 1 33 12 38 19 10 27 3 
student 2: 30 3 34 43 41 44 25 36 35 13 33 26 7 46 17 23 49 6 47 8 22 50 2 19 12 28 24 4 38 40 15 14 45 18 20 10 48 42 31 29 32 16 1 37 11 39 21 9 27 5 
student 3: 30 6 33 45 38 41 26 35 39 16 31 27 5 44 14 23 50 7 47 9 22 49 4 21 18 28 29 3 37 40 13 12 46 19 17 8 48 42 32 34 25 15 1 36 11 43 20 10 24 2 
student 4: 33 5 34 44 42 41 26 30 36 17 29 31 7 46 13 23 48 6 47 8 19 50 1 24 16 27 25 4 38 43 14 12 45 20 21 9 49 39 37 32 22 15 2 35 10 40 18 11 28 3 
student 5: 27 4 32 45 39 40 19 36 38 13 30 29 6 43 16 28 49 8 50 9 22 46 2 21 15 31 23 3 42 44 14 12 47 17 18 10 48 41 34 33 25 20 1 35 11 37 24 7 26 5 
student 6: 31 6 33 44 38 43 21 37 34 16 32 27 3 45 14 29 49 7 48 9 23 50 2 24 17 28 25 4 36 41 15 13 47 18 19 8 46 42 30 35 22 12 1 39 11 40 20 10 26 5 
student 7: 31 4 35 44 38 43 24 33 37 14 34 27 6 47 16 25 48 9 45 8 22 50 3 23 15 30 26 2 41 42 12 11 46 18 20 7 49 39 29 32 21 17 1 36 10 40 19 13 28 5 
student 8: 29 8 33 44 39 41 22 31 38 15 34 28 6 46 13 24 50 5 48 9 21 49 1 25 19 32 26 4 36 43 14 12 45 17 18 7 47 42 30 35 23 16 2 37 11 40 20 10 27 3 
student 9: 30 5 33 46 45 41 25 35 36 14 32 26 7 47 12 28 50 6 44 11 21 49 4 23 15 27 31 3 38 40 13 16 43 18 19 10 48 42 29 34 22 17 1 37 8 39 20 9 24 2 
student 10: 32 5 29 42 38 43 22 35 37 12 30 26 4 46 15 27 48 8 47 7 21 50 3 24 16 28 31 1 39 41 11 13 44 17 19 9 49 45 33 36 23 18 2 34 14 40 20 10 25 6 
student 11: 33 5 31 48 37 44 21 35 32 15 38 27 7 45 16 25 49 10 46 9 20 50 4 24 17 29 26 2 36 41 14 13 43 11 22 8 47 42 34 28 23 18 1 40 6 39 19 12 30 3 
student 12: 31 7 35 43 40 38 22 33 39 11 32 27 8 46 15 23 48 3 47 12 21 50 4 24 14 29 26 1 41 36 16 13 44 19 25 6 49 45 30 37 17 18 2 34 9 42 20 10 28 5 
student 13: 28 3 33 42 38 47 22 35 39 11 32 29 4 46 14 25 48 6 44 8 20 50 2 23 16 30 26 5 36 41 13 15 45 17 19 12 49 43 31 34 24 18 1 37 9 40 21 10 27 7 
student 14: 29 4 33 45 40 43 24 38 35 14 31 28 7 46 15 25 48 6 49 9 21 50 2 22 13 30 26 3 39 42 11 16 44 17 18 10 47 41 32 34 23 19 1 36 8 37 20 12 27 5 
student 15: 30 4 34 43 39 42 25 31 36 13 35 28 6 46 12 24 48 7 50 9 21 49 2 23 17 29 26 3 38 44 15 14 45 18 20 8 47 41 33 37 22 16 1 32 11 40 19 10 27 5 
student 16: 32 2 33 45 39 43 24 35 36 12 29 28 7 48 15 25 46 8 47 10 18 50 4 23 17 30 26 3 38 40 9 14 44 19 21 11 49 42 31 34 20 16 1 37 6 41 22 13 27 5 
student 17: 29 7 34 44 40 42 25 32 37 13 30 28 11 45 14 24 49 4 46 8 21 50 3 22 16 33 26 2 38 41 15 9 48 18 19 5 47 43 31 35 23 17 1 36 12 39 20 10 27 6 
student 18: 32 4 34 45 40 41 24 33 35 13 30 27 6 49 18 23 50 7 46 8 16 48 2 21 14 29 26 3 38 42 15 11 44 22 20 9 47 43 31 37 25 19 1 36 10 39 17 12 28 5 
student 19: 23 5 31 45 40 42 33 34 35 14 32 27 8 47 15 25 50 7 48 6 21 46 3 22 16 29 26 2 38 41 13 11 44 19 20 10 49 43 30 37 24 17 1 36 12 39 18 9 28 4 
student 20: 32 6 34 42 39 41 24 33 37 13 30 27 5 45 15 26 50 10 48 8 22 49 3 25 14 31 20 2 38 46 16 12 44 19 18 7 47 43 29 35 23 17 1 36 11 40 21 9 28 4 
student 21: 31 5 32 45 39 41 24 34 38 13 30 29 6 48 15 25 50 9 43 7 22 46 2 23 16 27 28 3 40 44 14 12 47 18 20 8 49 37 33 36 21 17 1 35 10 42 19 11 26 4 
student 22: 27 5 34 43 39 42 21 37 38 14 31 28 6 47 15 24 49 7 48 8 22 50 3 26 16 30 25 2 40 41 13 12 45 19 18 11 46 44 32 36 23 17 1 33 9 35 20 10 29 4 
student 23: 29 5 33 46 37 45 25 36 34 19 30 28 6 44 12 26 48 7 47 8 23 49 2 21 15 31 24 1 40 42 14 13 43 16 20 10 50 41 32 35 18 17 4 38 9 39 22 11 27 3 
student 24: 31 7 30 44 40 45 25 35 36 13 34 29 6 48 12 23 47 9 43 3 24 50 2 22 18 28 27 5 39 41 17 14 46 19 15 8 49 42 32 33 21 16 1 37 10 38 20 11 26 4 
student 25: 30 5 32 45 38 43 23 35 37 14 33 28 9 44 15 24 49 6 48 7 21 50 3 26 16 29 27 1 39 41 11 13 47 18 20 8 46 42 31 34 22 17 2 36 10 40 19 12 25 4 
student 26: 30 1 33 44 38 43 26 39 36 15 31 28 7 46 17 22 49 6 47 8 21 50 4 23 18 29 27 3 37 42 13 11 45 14 19 12 48 40 32 34 24 16 2 35 9 41 20 10 25 5 
student 27: 32 4 33 44 39 41 27 35 36 15 31 26 2 46 14 24 49 7 50 8 20 48 6 22 16 28 29 3 38 42 11 10 45 18 19 12 47 43 30 34 23 17 1 37 9 40 21 13 25 5 
student 28: 31 6 32 42 40 38 25 35 37 12 33 28 10 46 16 24 49 8 47 5 22 50 4 21 15 29 26 1 39 43 14 11 45 18 20 7 48 44 30 36 23 17 2 34 13 41 19 9 27 3 
student 29: 29 8 33 42 39 45 23 34 37 12 32 30 2 46 14 24 49 5 47 7 21 50 3 22 18 27 28 6 38 41 16 11 44 17 15 10 48 43 31 36 25 19 1 35 9 40 20 13 26 4 
student 30: 30 4 33 47 40 44 19 34 36 17 31 28 8 50 15 27 48 11 45 5 25 49 3 23 10 22 26 1 37 39 14 9 38 18 20 13 46 43 32 41 24 16 2 35 7 42 21 12 29 6 
student 31: 32 4 33 43 41 40 23 36 35 16 31 25 10 44 15 26 48 5 49 7 20 50 2 24 19 28 27 3 38 42 12 9 46 18 21 8 47 45 30 34 22 14 1 37 11 39 17 13 29 6 
student 32: 30 5 33 43 37 44 24 36 40 17 32 29 11 46 14 25 50 10 47 9 19 49 3 23 16 28 26 2 39 41 13 12 45 21 15 6 48 42 31 34 22 18 1 35 7 38 20 8 27 4 
student 33: 30 6 33 44 37 42 25 38 35 13 32 29 4 47 15 26 49 7 45 9 22 50 3 21 20 28 24 2 39 40 16 10 46 17 19 11 48 43 31 34 14 18 1 36 8 41 23 12 27 5 
student 34: 28 3 36 44 35 43 25 37 34 12 33 29 7 46 14 24 47 8 49 9 20 48 6 23 17 30 26 2 40 42 16 13 45 18 19 4 50 41 31 32 22 15 1 39 10 38 21 11 27 5 
student 35: 28 3 35 44 38 43 24 36 37 13 32 27 8 47 15 26 50 6 46 7 18 49 2 22 16 29 25 4 39 42 14 12 45 21 17 9 48 41 31 33 23 19 1 34 10 40 20 11 30 5 
student 36: 30 2 32 43 39 45 25 33 37 13 31 29 6 47 14 26 49 5 48 7 23 50 8 22 16 27 24 3 38 44 10 9 41 17 19 15 46 42 34 35 21 18 1 36 11 40 20 12 28 4 
student 37: 31 5 35 47 39 43 24 36 37 14 32 27 7 49 15 25 48 6 45 8 21 50 1 23 17 29 26 3 38 40 12 10 42 16 19 9 46 44 33 30 22 20 2 34 13 41 18 11 28 4 
student 38: 32 5 34 41 42 44 20 31 39 14 36 25 7 46 17 23 50 8 48 11 18 49 3 19 15 28 26 2 35 40 10 6 45 22 21 13 47 43 33 30 27 16 1 37 9 38 24 12 29 4 
student 39: 33 5 31 41 40 45 24 39 38 12 35 27 6 46 17 25 49 10 48 7 20 50 3 23 21 29 26 2 32 37 14 13 44 18 15 8 47 42 30 36 22 16 1 34 9 43 19 11 28 4 
student 40: 29 3 35 45 39 44 25 36 37 15 34 26 5 47 14 24 49 6 42 7 21 50 4 27 18 30 28 2 38 41 10 11 48 17 19 8 46 43 32 33 23 16 1 31 12 40 20 13 22 9 
student 41: 29 7 32 43 39 44 24 33 36 16 30 27 5 47 12 26 49 6 48 13 22 50 4 23 15 38 28 2 37 42 14 9 45 21 18 10 46 41 31 34 20 17 1 35 8 40 19 11 25 3 
student 42: 30 8 33 35 41 44 24 34 39 11 32 29 6 46 13 28 50 5 47 7 20 49 3 26 16 27 22 1 40 42 15 14 45 18 21 10 48 43 31 36 23 17 2 37 9 38 19 12 25 4 
student 43: 29 4 33 45 41 42 24 34 37 13 30 28 5 47 15 26 50 9 46 6 21 49 3 22 17 31 25 1 39 38 16 12 44 18 19 10 48 43 32 35 23 14 2 36 8 40 20 11 27 7 
student 44: 31 5 33 46 39 44 22 37 35 15 32 27 4 43 14 24 47 6 50 8 23 49 3 25 17 30 29 2 40 42 13 7 45 18 21 12 48 41 28 34 19 20 1 36 10 38 16 11 26 9 
student 45: 29 5 33 40 38 45 28 35 41 16 31 30 6 47 13 24 48 8 43 7 22 49 3 21 17 26 25 1 36 39 14 12 50 15 18 10 46 44 32 37 23 20 2 34 9 42 19 11 27 4 
student 46: 29 5 30 45 42 44 24 37 36 14 33 28 6 47 18 22 50 7 46 8 21 49 3 23 13 32 27 2 38 41 12 11 43 17 19 10 48 39 31 34 25 15 1 35 9 40 20 16 26 4 
student 47: 32 7 33 47 39 42 27 34 38 18 31 25 5 45 15 21 48 3 50 8 22 49 1 24 14 29 26 4 37 41 12 13 44 19 20 9 46 43 30 35 23 16 2 36 11 40 17 10 28 6 
student 48: 30 2 32 43 40 44 27 36 35 13 33 28 8 46 14 23 48 6 47 7 21 50 5 22 17 29 25 4 38 41 16 12 45 18 19 10 49 42 31 34 24 15 1 37 9 39 20 11 26 3 
student 49: 32 2 33 44 38 41 23 34 39 17 31 29 8 47 14 27 49 5 45 9 20 50 1 24 11 26 25 3 37 46 15 12 43 18 21 7 48 42 30 36 22 16 4 35 10 40 19 13 28 6 
student 50: 29 5 33 44 38 50 23 35 36 12 31 28 6 46 18 26 48 7 47 8 21 49 3 24 15 32 22 4 37 42 14 13 40 20 17 11 43 45 30 34 25 19 1 39 10 41 16 9 27 2 
student 51: 28 5 34 43 38 44 25 39 40 16 30 31 7 46 13 26 49 3 48 12 24 50 6 23 18 29 27 4 37 41 14 11 45 17 19 8 47 42 32 33 20 15 1 35 9 36 21 10 22 2 
student 52: 30 5 33 43 39 44 23 35 37 15 31 26 6 46 17 25 49 7 48 8 21 50 4 24 14 28 27 2 38 41 13 12 45 18 19 9 47 42 32 36 22 16 1 34 10 40 20 11 29 3 
student 53: 30 8 36 45 39 43 25 34 38 16 31 27 5 46 14 24 48 4 49 9 21 50 3 23 15 29 28 1 37 42 13 12 44 18 19 7 47 41 32 33 22 17 2 35 10 40 20 11 26 6 
student 54: 32 4 34 44 38 43 24 35 39 14 33 28 6 47 16 27 45 7 50 8 19 49 3 22 15 29 25 1 36 40 11 13 46 17 18 9 48 42 30 31 21 23 2 37 10 41 20 12 26 5 
student 55: 29 5 35 42 37 45 25 38 36 18 32 23 6 47 14 26 49 7 48 11 22 50 4 20 15 31 27 2 39 43 10 9 44 16 21 8 46 41 30 33 24 17 1 34 12 40 19 13 28 3 
student 56: 29 4 32 45 40 44 27 37 38 14 34 26 6 47 15 25 46 7 43 8 23 50 2 20 16 28 30 3 39 42 13 12 49 17 19 9 48 36 31 33 24 18 1 35 11 41 21 10 22 5 
student 57: 32 6 33 43 39 42 24 38 36 14 31 28 4 46 15 20 48 7 47 5 19 50 2 26 16 30 25 3 37 41 11 13 45 22 18 8 49 44 27 34 23 17 1 35 9 40 21 12 29 10 
student 58: 31 8 33 42 39 47 21 35 37 14 27 28 5 46 16 26 49 4 45 7 20 50 2 23 19 30 24 6 38 43 12 13 44 22 15 9 48 41 32 34 25 17 1 36 10 40 18 11 29 3 
student 59: 30 6 31 44 38 41 22 35 39 13 29 27 8 47 15 26 49 7 46 5 23 50 2 21 16 28 24 3 33 42 14 10 45 19 17 9 48 43 34 36 25 18 1 37 11 40 20 12 32 4 
student 60: 30 4 35 44 38 42 24 37 34 16 33 27 6 46 10 25 49 8 47 7 21 50 3 23 14 29 28 2 40 43 15 12 45 18 20 11 48 41 31 32 22 17 1 36 9 39 19 13 26 5 
student 61: 28 3 35 44 40 43 24 38 37 14 32 26 7 50 15 27 48 8 46 9 19 49 5 23 16 30 25 4 39 36 13 10 45 20 21 6 47 42 31 33 22 17 1 34 12 41 18 11 29 2 
student 62: 28 8 31 42 41 44 22 36 37 13 33 29 5 46 16 18 50 6 48 7 20 49 3 24 17 32 26 1 35 39 14 11 45 19 21 10 47 43 30 34 25 15 2 38 9 40 23 12 27 4 
student 63: 30 6 34 44 42 43 28 36 33 15 35 29 7 48 14 25 47 8 49 5 20 50 3 22 16 26 24 1 39 40 12 13 46 19 21 9 45 41 31 32 23 18 2 37 10 38 17 11 27 4 
student 64: 32 5 29 44 40 43 23 36 37 14 30 31 6 46 15 26 49 4 47 8 21 50 3 24 16 28 25 2 39 41 13 9 45 17 20 10 48 42 34 33 19 18 1 35 11 38 22 12 27 7 
student 65: 27 8 32 46 42 43 20 35 39 15 31 29 5 48 14 23 49 6 50 7 22 47 2 24 18 33 25 3 38 37 13 9 45 19 16 11 44 41 30 34 26 17 1 36 12 40 21 10 28 4 
student 66: 33 6 34 46 39 41 21 35 37 13 29 30 7 44 15 23 48 5 47 8 19 50 2 24 16 28 25 1 38 43 14 12 42 18 17 9 49 45 32 36 26 22 4 31 10 40 20 11 27 3 
student 67: 28 2 34 46 39 43 24 35 36 15 32 27 5 47 16 25 50 8 49 9 22 48 4 23 17 30 26 7 38 41 13 11 44 18 19 6 45 42 31 33 21 14 1 37 12 40 20 10 29 3 
student 68: 28 4 33 44 37 43 24 35 38 15 32 29 6 46 13 23 50 10 49 7 21 48 1 20 14 30 27 3 42 39 16 12 45 18 25 8 47 40 31 34 22 17 2 36 9 41 19 11 26 5 
student 69: 31 5 30 43 40 44 24 34 38 12 33 28 6 45 15 25 48 7 49 9 21 50 4 22 14 27 26 2 35 41 16 13 46 18 19 8 47 42 32 36 23 17 1 39 11 37 20 10 29 3 
student 70: 30 3 34 45 37 46 26 36 35 8 33 28 4 44 15 24 49 6 48 7 21 50 11 22 18 29 25 2 38 41 14 13 43 16 19 10 47 42 31 32 23 17 1 39 12 40 20 9 27 5 
student 71: 29 5 35 50 40 44 23 33 36 15 34 28 7 45 16 26 49 4 48 10 21 47 6 22 14 31 27 2 39 41 13 12 43 18 19 9 46 42 32 30 25 17 1 37 8 38 20 11 24 3 
student 72: 26 5 35 45 38 43 29 34 37 14 30 28 7 48 15 24 44 9 47 6 19 50 2 25 17 31 21 3 41 40 13 11 46 16 18 8 49 42 32 33 23 22 1 36 10 39 20 12 27 4 
student 73: 29 6 34 44 41 43 25 36 35 14 32 26 5 46 18 27 49 7 48 8 20 47 3 23 15 28 24 2 37 40 11 12 45 17 19 9 50 42 31 33 21 16 1 38 13 39 22 10 30 4 
student 74: 30 2 33 45 37 48 24 35 39 13 32 28 6 47 14 26 46 7 43 8 20 50 4 23 15 29 25 1 41 40 12 10 44 18 19 9 49 42 31 36 21 17 3 34 11 38 22 16 27 5 
student 75: 32 5 33 44 38 43 25 34 37 12 27 24 6 45 14 29 49 8 48 7 22 50 3 23 18 31 26 2 39 42 16 13 46 19 17 9 47 41 30 35 21 15 1 36 10 40 20 11 28 4 
student 76: 31 5 34 45 41 44 25 35 37 17 32 29 6 50 15 26 47 7 48 8 20 49 4 24 13 27 23 3 38 39 14 12 43 16 19 9 46 42 30 33 22 18 1 36 11 40 21 10 28 2 
student 77: 30 6 31 42 38 44 21 35 36 13 33 28 5 46 15 25 49 7 47 9 19 50 3 23 18 27 29 2 40 41 14 12 45 17 20 10 48 43 32 34 24 16 1 37 8 39 22 11 26 4 
student 78: 30 5 33 45 38 43 23 35 37 16 27 26 8 47 17 24 48 6 49 9 21 50 4 22 15 32 28 3 41 39 13 12 44 18 19 10 46 40 31 34 25 14 2 36 7 42 20 11 29 1 
student 79: 30 6 35 42 40 44 24 36 39 13 31 28 4 45 14 26 49 7 47 10 19 50 1 23 17 29 27 3 37 43 11 12 46 16 18 9 48 38 33 32 22 20 2 34 15 41 21 8 25 5 
student 80: 27 7 33 44 40 42 25 35 37 16 32 31 8 47 17 28 50 5 46 6 20 49 2 23 13 29 26 1 38 41 12 14 45 18 21 10 48 43 30 34 22 15 3 39 11 36 19 9 24 4 
student 81: 31 5 33 44 34 42 22 35 43 13 29 28 7 50 15 26 47 6 46 9 23 49 3 24 17 30 27 1 40 38 12 8 45 20 18 10 48 41 32 36 19 16 2 39 11 37 21 14 25 4 
student 82: 30 4 32 43 39 41 24 35 37 14 31 29 6 47 12 26 49 7 48 8 18 50 2 23 16 27 28 1 38 45 15 13 44 19 20 9 46 40 34 36 22 17 3 33 11 42 21 10 25 5 
student 83: 30 7 34 45 38 39 22 33 35 13 32 27 6 48 15 25 47 9 50 5 21 49 3 24 18 28 26 2 37 41 14 12 44 17 20 10 46 42 31 36 23 16 1 43 8 40 19 11 29 4 
student 84: 31 5 30 43 37 45 23 33 36 13 35 25 8 47 14 26 50 3 46 7 19 49 4 18 15 29 27 2 38 41 12 11 44 20 17 9 48 42 34 32 24 21 1 39 10 40 22 16 28 6 
student 85: 31 4 33 43 39 44 25 35 38 14 32 28 5 46 15 27 50 8 47 12 22 48 3 23 17 30 24 2 37 40 13 11 45 19 18 7 49 41 29 34 20 16 1 36 10 42 21 9 26 6 
student 86: 28 6 33 43 39 44 32 34 37 14 29 27 5 45 18 25 48 9 46 7 20 49 4 23 15 26 30 3 38 41 13 12 47 19 17 8 50 42 31 35 22 16 2 36 10 40 21 11 24 1 
student 87: 27 5 34 40 38 42 25 33 37 14 32 31 7 44 16 24 50 2 45 9 21 49 4 22 15 28 26 1 39 41 11 10 48 18 19 8 46 47 30 36 23 17 3 35 12 43 20 13 29 6 
student 88: 30 3 33 44 39 41 21 35 37 15 32 27 5 48 16 28 49 9 45 10 23 50 4 24 17 29 26 6 38 42 14 13 46 18 20 8 47 43 31 34 22 11 1 36 12 40 19 7 25 2 
student 89: 30 6 33 45 39 42 25 37 36 13 31 26 5 44 15 24 47 8 48 10 20 50 1 23 17 29 27 3 38 43 14 12 46 18 19 7 49 41 32 34 21 16 2 35 11 40 22 9 28 4 
student 90: 29 3 34 43 38 42 24 37 40 14 33 30 7 46 17 25 49 6 47 8 21 50 5 23 15 26 27 2 36 39 13 12 45 18 16 9 48 44 32 31 22 19 1 35 11 41 20 10 28 4 
student 91: 25 8 31 42 39 45 24 37 36 15 32 30 6 48 16 26 49 3 46 7 21 50 4 23 14 27 28 2 38 41 13 11 44 19 17 12 47 43 35 33 22 18 1 34 9 40 20 10 29 5 
student 92: 29 4 32 41 39 43 24 33 38 16 35 27 6 46 13 25 49 7 47 8 20 50 3 23 17 30 28 2 37 44 15 12 45 14 19 9 48 42 31 36 22 18 1 34 10 40 21 11 26 5 
student 93: 26 2 34 45 37 43 25 36 38 13 32 28 5 44 15 27 49 9 47 7 22 50 4 23 14 29 31 3 39 41 12 16 46 21 18 6 48 42 30 33 20 17 1 35 11 40 19 10 24 8 
student 94: 30 4 33 46 36 44 24 34 37 15 32 28 7 47 17 25 49 5 45 11 21 50 6 22 13 29 26 2 39 40 14 10 42 16 19 8 48 43 31 38 23 18 1 35 12 41 20 9 27 3 
student 95: 32 5 30 42 37 48 25 36 34 17 33 29 6 47 15 24 50 7 45 8 20 49 3 22 14 27 26 1 43 40 13 12 44 18 21 9 46 41 31 35 23 16 2 38 10 39 19 11 28 4 
student 96: 27 3 33 45 41 42 23 36 35 16 32 31 6 47 11 26 49 7 48 8 29 50 5 22 13 28 25 1 38 40 20 12 46 19 21 9 44 43 30 34 18 15 2 37 10 39 17 14 24 4 
student 97: 30 6 34 44 38 42 24 35 37 15 32 28 5 47 17 27 49 8 46 10 22 50 1 21 14 29 25 3 40 41 13 12 45 20 18 7 48 43 33 36 23 16 2 31 9 39 19 11 26 4 
student 98: 24 5 35 44 37 43 25 33 41 14 32 28 3 46 15 29 48 6 49 9 22 50 4 23 16 30 27 2 40 38 13 12 45 19 21 8 47 42 31 36 18 17 1 34 10 39 20 11 26 7 
student 99: 30 6 33 44 39 42 24 34 37 12 32 28 9 46 13 26 50 7 49 10 21 48 4 23 17 27 25 3 38 43 15 14 45 18 20 1 47 41 31 35 22 16 2 36 11 40 19 8 29 5 
student 100: 30 5 33 46 40 43 24 37 36 15 32 29 7 47 16 26 50 8 45 6 21 49 4 23 9 25 27 3 38 41 12 10 44 19 17 13 48 42 31 34 22 18 1 35 14 39 20 11 28 2 
student 101: 30 3 33 44 39 43 24 37 38 13 32 29 7 49 18 25 48 2 50 8 21 47 1 23 15 28 26 5 36 40 9 14 46 17 19 10 45 41 31 34 22 16 4 35 11 42 20 12 27 6 
student 102: 31 5 33 45 39 42 23 35 38 15 32 26 7 46 16 24 44 6 49 8 21 48 3 22 17 28 25 1 37 41 14 12 47 13 18 10 50 40 30 34 27 19 2 36 9 43 20 11 29 4 
student 103: 29 3 31 44 36 43 27 35 38 14 33 25 5 45 12 26 49 8 48 6 22 50 2 20 16 30 24 4 39 41 11 15 42 21 17 9 46 47 32 34 23 18 1 37 13 40 19 10 28 7 
student 104: 32 5 31 42 39 45 23 34 38 16 33 28 3 46 15 26 49 8 47 10 21 50 4 22 17 29 25 1 41 40 14 11 44 18 19 9 48 43 30 35 24 12 2 36 7 37 20 13 27 6 
student 105: 32 4 31 40 38 44 26 36 34 17 37 27 5 48 18 22 49 7 45 8 12 46 3 24 15 29 25 2 35 39 9 13 47 19 20 10 50 43 30 33 21 16 1 42 11 41 23 14 28 6 
student 106: 31 6 33 43 39 41 20 35 38 14 30 29 3 46 15 23 47 7 50 8 21 49 5 25 16 27 26 1 37 42 13 12 44 17 19 9 48 45 32 34 24 18 2 36 11 40 22 10 28 4 
student 107: 31 10 27 43 40 41 23 36 37 15 35 29 5 46 16 24 48 8 42 7 21 49 2 25 13 30 26 3 38 44 12 14 45 18 19 6 50 47 32 33 22 17 1 39 9 34 20 11 28 4 
student 108: 32 6 34 46 38 43 24 35 36 14 33 29 7 47 15 26 49 5 45 8 21 48 3 23 19 27 25 2 37 41 9 13 44 17 18 10 50 42 31 30 22 16 1 39 11 40 20 12 28 4 
student 109: 33 7 31 45 40 43 25 35 37 14 30 28 5 46 15 23 49 9 47 8 21 50 4 24 16 27 26 2 39 38 13 12 44 18 19 10 48 42 32 34 22 17 1 36 6 41 20 11 29 3 
student 110: 30 3 33 44 39 41 24 35 36 15 32 28 6 47 17 26 50 7 46 8 20 49 4 23 14 29 25 1 38 42 13 12 45 16 21 9 48 43 31 34 22 18 2 37 10 40 19 11 27 5 
student 111: 29 5 33 43 39 44 24 35 38 15 31 30 10 47 16 26 49 9 46 12 17 50 3 23 19 25 27 2 37 41 13 8 45 18 22 6 48 42 32 34 21 14 1 36 7 40 20 11 28 4 
student 112: 30 5 32 46 42 43 24 36 38 13 27 29 6 50 15 25 47 7 44 8 21 48 2 23 16 31 26 1 37 39 14 12 45 19 17 9 49 41 33 34 22 18 3 35 10 40 20 11 28 4 
student 113: 33 6 34 43 38 39 25 32 37 15 31 30 7 48 14 26 49 5 47 8 21 50 1 23 16 29 24 4 40 41 13 12 46 18 20 9 45 44 28 36 22 17 2 35 10 42 19 11 27 3 
student 114: 30 4 34 44 39 43 24 33 37 12 32 29 7 45 16 23 50 5 46 8 22 49 2 25 13 28 26 3 38 40 15 11 47 17 19 9 48 41 31 35 21 18 1 36 14 42 20 10 27 6 
student 115: 30 4 33 43 39 44 20 32 37 15 34 29 8 45 16 24 50 7 47 6 23 49 3 22 18 31 27 2 38 40 13 12 46 17 19 9 48 42 28 35 25 14 1 36 10 41 21 11 26 5 
student 116: 33 6 31 44 39 43 25 34 36 14 29 30 8 46 16 21 50 4 48 7 24 47 3 23 15 27 26 2 38 41 11 10 45 22 18 9 49 42 32 35 20 17 1 37 12 40 19 13 28 5 
student 117: 32 6 30 44 33 43 20 38 37 15 31 27 7 46 14 26 49 12 48 5 19 50 4 25 16 35 24 1 39 42 13 9 47 18 23 8 45 40 29 34 21 17 3 36 10 41 22 11 28 2 
student 118: 30 4 32 48 37 46 24 35 39 15 36 28 1 44 16 25 49 6 45 9 19 50 2 23 17 29 26 7 34 40 14 12 43 18 20 10 47 41 31 33 22 13 3 38 8 42 21 11 27 5 
student 119: 30 5 33 48 36 44 25 35 37 14 32 27 6 45 15 24 47 7 49 8 20 50 3 23 16 34 26 1 39 41 12 13 42 18 17 9 46 43 31 28 22 19 2 38 11 40 21 10 29 4 
student 120: 31 4 33 44 39 43 24 34 37 12 32 28 6 47 14 25 49 5 46 8 23 50 2 22 18 30 26 3 38 42 16 13 45 17 15 7 48 41 29 35 21 19 1 36 10 40 20 11 27 9 
student 121: 28 6 32 44 39 43 23 33 38 18 35 27 5 46 10 25 50 8 47 11 16 49 2 26 17 29 30 3 36 42 15 14 45 20 12 9 48 40 31 34 21 19 1 37 13 41 22 7 24 4 
student 122: 30 4 32 45 38 43 24 35 37 14 34 28 7 46 13 26 50 5 47 10 21 49 1 20 16 29 25 3 39 41 15 11 44 18 19 8 48 42 31 33 23 17 2 36 12 40 22 9 27 6 
student 123: 30 6 34 43 37 44 27 35 38 15 33 29 5 45 13 23 49 7 46 8 20 50 3 24 16 28 25 1 40 39 14 12 47 17 18 9 48 42 32 31 21 22 2 36 10 41 19 11 26 4 
student 124: 30 5 32 45 41 43 26 35 37 15 33 29 6 44 14 25 49 7 46 8 21 50 3 23 18 27 24 2 39 38 12 9 48 17 16 10 47 42 31 36 22 19 1 34 11 40 20 13 28 4 
student 125: 30 5 34 45 38 42 24 35 37 16 31 28 7 47 13 25 48 6 46 8 21 50 2 22 14 29 27 3 39 44 12 15 43 17 19 10 49 40 32 33 26 18 1 36 11 41 20 9 23 4 
student 126: 33 5 35 45 41 40 25 34 37 14 28 29 6 44 15 27 49 7 46 8 23 50 1 22 16 24 26 2 38 39 11 13 47 19 21 9 48 43 31 32 20 18 4 36 10 42 17 12 30 3 
student 127: 28 4 35 44 41 42 25 34 36 16 30 29 5 47 14 24 50 8 45 6 19 48 3 22 15 31 26 2 39 38 13 11 46 17 20 9 49 43 32 33 23 18 1 37 10 40 21 12 27 7 
student 128: 28 2 31 46 39 43 24 36 38 15 34 29 9 49 14 26 48 7 45 5 22 50 3 23 17 30 25 4 37 42 13 8 44 18 19 10 47 41 33 32 21 16 1 35 11 40 20 12 27 6 
student 129: 31 5 32 44 38 43 27 37 36 14 39 30 3 48 12 24 49 8 47 6 20 50 7 23 17 29 25 2 34 41 16 13 45 15 19 9 46 42 33 26 22 18 1 35 11 40 21 10 28 4 
student 130: 30 3 31 41 37 44 23 35 36 14 34 28 7 49 15 25 48 8 46 6 20 50 1 22 16 29 24 4 38 40 13 12 43 18 19 9 47 42 32 39 26 17 2 33 10 45 21 11 27 5 
student 131: 26 3 34 42 32 45 23 35 39 13 33 29 8 38 12 25 50 7 47 6 21 48 5 24 16 27 28 2 41 43 14 15 46 18 19 10 49 44 30 37 20 17 1 36 11 40 22 9 31 4 
student 132: 29 6 34 42 40 45 25 33 36 14 32 30 9 46 15 18 50 10 47 2 20 49 4 22 16 31 26 1 35 39 13 12 44 17 23 7 48 43 28 38 21 19 3 37 8 41 24 11 27 5 
student 133: 32 5 33 46 38 43 25 35 37 15 31 30 2 47 14 23 49 10 45 7 20 50 9 21 17 28 26 1 39 41 13 12 42 16 19 8 48 44 29 34 18 22 3 36 6 40 24 11 27 4 
student 134: 30 6 33 43 42 44 23 34 36 16 32 27 8 47 12 26 48 4 46 7 22 49 3 28 20 29 24 1 38 41 14 13 45 15 18 9 50 39 31 35 21 17 2 37 10 40 19 11 25 5 
student 135: 31 5 33 44 40 43 25 32 38 15 29 27 6 46 14 23 48 7 47 8 21 50 3 24 16 30 26 2 39 35 13 12 45 19 17 10 49 41 34 36 22 18 1 37 9 42 20 11 28 4 
student 136: 31 7 32 44 40 42 24 36 35 13 33 28 5 45 15 26 47 9 46 6 20 49 3 23 17 30 27 2 37 41 14 12 50 16 21 8 48 43 29 34 22 18 1 38 10 39 19 11 25 4 
student 137: 30 6 34 44 40 41 25 33 36 14 32 29 5 46 16 23 49 7 47 8 22 50 1 24 17 27 28 3 37 39 13 12 45 18 20 11 48 43 31 35 21 15 2 38 9 42 19 10 26 4 
student 138: 30 3 39 45 38 41 24 36 37 15 32 28 8 42 14 25 50 6 49 11 21 48 4 22 16 29 26 2 35 43 13 9 46 20 18 7 47 44 31 33 23 17 5 34 10 40 19 12 27 1 
student 139: 31 5 29 45 37 42 26 34 39 13 32 28 3 44 21 18 49 7 47 4 19 50 6 24 16 30 25 10 38 41 15 12 46 17 14 9 48 43 36 33 23 20 2 35 8 40 22 11 27 1 
student 140: 30 4 33 43 39 45 24 35 34 14 31 28 6 46 15 25 50 9 44 7 19 49 3 21 17 27 32 2 38 41 11 13 47 20 18 12 48 42 29 36 23 16 1 37 8 40 22 10 26 5 
student 141: 30 4 35 44 39 43 24 34 37 12 32 27 5 47 14 28 49 7 46 8 21 50 3 23 16 29 25 1 40 42 15 9 45 18 19 10 48 41 31 33 22 17 2 36 11 38 20 13 26 6 
student 142: 31 8 34 41 38 43 24 35 39 14 33 29 6 44 15 26 47 5 48 7 18 50 4 22 16 30 27 2 36 42 13 12 45 19 20 9 49 46 28 32 23 17 1 37 11 40 21 10 25 3 
student 143: 29 5 34 42 33 46 24 36 39 11 32 28 6 47 16 25 50 7 45 9 20 48 1 21 17 30 27 4 40 41 12 14 43 18 15 10 49 44 31 35 23 19 2 37 8 38 22 13 26 3 
student 144: 32 4 30 42 40 43 24 37 35 16 33 31 7 48 17 26 47 5 46 9 18 50 2 23 15 28 25 1 38 41 12 11 45 20 19 14 49 39 29 34 22 13 6 36 10 44 21 8 27 3 
student 145: 30 5 33 44 38 43 25 32 40 15 34 28 6 47 11 22 49 7 46 8 18 50 3 20 16 29 26 1 37 41 14 13 45 17 23 9 48 42 31 36 21 19 2 35 10 39 24 12 27 4 
student 146: 28 3 32 45 38 42 24 37 35 10 33 25 6 43 16 29 46 7 47 8 22 48 5 23 15 31 26 2 41 40 14 13 44 19 18 11 49 50 30 34 21 17 1 36 9 39 20 12 27 4 
student 147: 29 5 35 48 41 44 25 34 36 14 33 28 8 37 16 23 50 4 45 6 18 49 3 24 15 30 27 7 39 40 12 11 47 19 20 10 46 42 31 32 22 17 2 38 13 43 21 9 26 1 
student 148: 32 3 31 44 40 43 25 35 37 14 33 28 6 47 13 23 50 7 46 8 20 49 5 26 16 29 24 4 38 39 12 11 45 17 18 9 48 41 30 34 22 19 1 36 10 42 21 15 27 2 
student 149: 31 5 33 47 37 45 24 38 39 13 30 27 6 49 14 25 44 7 48 12 20 50 4 23 19 28 26 2 40 41 15 11 43 18 22 8 46 42 32 34 21 17 1 35 9 36 16 10 29 3 
student 150: 31 6 34 43 39 42 24 32 36 14 33 29 8 48 17 27 46 4 45 10 23 49 3 22 15 30 26 1 40 38 13 12 44 16 18 7 50 47 28 35 20 19 2 37 9 41 21 11 25 5 
student 151: 30 4 37 44 35 40 23 32 34 16 36 28 6 49 14 27 48 8 47 9 24 46 3 25 17 29 20 2 38 42 13 11 45 18 21 10 50 43 31 33 22 19 1 39 12 41 15 7 26 5 
student 152: 30 2 37 43 39 42 26 34 35 14 32 28 6 49 19 25 47 8 46 7 22 50 5 20 15 29 27 3 38 40 12 13 44 18 16 9 48 41 31 36 23 17 1 33 11 45 21 10 24 4 
student 153: 28 7 38 48 40 43 24 35 37 17 30 29 6 41 15 25 46 4 47 8 20 50 3 23 12 31 26 2 39 34 13 11 45 18 22 10 49 42 32 33 21 16 1 36 9 44 19 14 27 5 
student 154: 31 3 35 44 40 41 24 34 36 11 28 27 8 49 13 23 45 6 46 7 26 48 2 21 17 30 29 4 38 39 12 15 47 18 19 10 50 43 32 33 20 16 1 37 14 42 22 9 25 5 
student 155: 34 4 30 42 40 44 24 31 35 15 36 26 6 46 19 33 50 7 47 8 20 49 3 23 14 29 25 2 38 41 13 12 45 18 17 9 48 43 28 37 22 16 1 32 11 39 21 10 27 5 
student 156: 31 4 33 44 40 42 25 36 37 14 32 27 7 46 15 26 49 5 45 9 20 50 6 24 16 28 23 3 39 41 12 10 47 18 22 8 48 43 30 35 21 17 1 34 11 38 19 13 29 2 
student 157: 31 4 33 42 38 43 26 34 37 15 30 29 6 46 13 23 47 7 48 8 20 50 3 24 16 28 27 5 39 41 14 11 44 18 19 10 49 45 32 35 22 17 1 36 12 40 21 9 25 2 
student 158: 33 4 31 47 37 43 24 36 39 12 29 30 6 45 14 26 49 9 46 7 21 50 3 23 15 32 27 2 38 40 16 10 41 18 19 8 48 44 28 34 22 17 1 35 11 42 20 13 25 5 
student 159: 31 5 36 41 38 44 22 34 37 14 32 29 6 46 15 26 50 7 47 8 17 48 4 24 12 30 25 1 39 42 19 13 43 20 23 10 49 45 28 33 18 16 3 35 9 40 21 11 27 2 
student 160: 32 6 33 43 38 40 22 36 39 19 31 27 4 47 12 24 49 7 46 8 21 50 5 23 14 30 26 2 37 42 9 11 44 20 16 10 48 45 29 34 25 15 1 35 13 41 17 18 28 3 
student 161: 31 8 33 45 39 43 23 36 37 14 32 29 7 46 15 26 48 5 42 9 20 49 1 24 16 28 27 3 38 40 11 10 50 21 19 12 47 44 30 34 22 17 2 35 6 41 18 13 25 4 
student 162: 32 5 33 42 39 41 24 34 38 13 31 29 9 45 16 25 49 7 48 10 21 50 6 23 15 27 26 1 36 43 14 12 44 17 19 11 47 46 30 37 22 18 2 35 4 40 20 8 28 3 
student 163: 31 5 33 43 40 39 23 36 38 14 32 28 7 45 15 26 50 6 47 10 19 48 3 21 16 30 27 1 37 42 12 11 46 17 20 8 49 41 29 34 24 18 2 35 13 44 22 9 25 4 
student 164: 29 5 31 42 40 44 23 34 37 14 33 30 4 46 16 25 49 7 47 9 18 50 6 24 15 28 26 1 38 45 13 12 43 21 19 10 48 39 32 35 22 17 2 36 8 41 20 11 27 3 
student 165: 30 6 36 43 44 42 25 33 37 14 31 28 5 49 16 26 45 7 47 9 23 48 4 24 18 29 27 2 38 40 10 12 46 15 19 8 50 41 32 34 22 21 1 35 13 39 17 11 20 3 
student 166: 30 4 32 42 35 43 26 34 39 13 37 28 6 46 14 25 49 7 47 8 18 50 5 24 15 31 22 2 40 41 12 16 45 17 23 9 48 38 29 33 21 19 1 36 10 44 20 11 27 3 
student 167: 26 5 34 45 37 42 24 35 38 14 32 29 6 46 18 27 50 10 48 8 20 47 3 23 19 30 25 2 40 43 13 12 44 17 16 7 49 41 31 33 22 15 1 36 9 39 21 11 28 4 
student 168: 32 5 35 43 39 46 25 34 37 14 33 28 6 47 15 26 50 8 48 10 22 49 3 24 17 29 23 1 38 45 13 9 41 16 18 7 44 40 30 31 21 20 2 36 12 42 19 11 27 4 
student 169: 29 6 32 44 40 43 25 35 37 16 31 30 5 45 14 24 47 7 48 10 22 49 2 23 17 28 26 3 38 41 12 11 46 20 15 13 50 42 33 34 18 19 1 36 8 39 21 9 27 4 
student 170: 32 6 31 45 37 44 27 36 38 13 34 29 5 47 15 21 49 7 46 8 22 50 4 26 16 25 24 2 40 39 12 14 43 18 20 9 48 42 33 30 23 17 1 35 10 41 19 11 28 3 
student 171: 28 5 33 44 40 42 23 34 36 15 32 29 6 46 13 24 50 7 48 12 22 47 3 26 16 30 25 2 37 39 9 14 45 20 18 8 49 43 31 35 21 17 1 38 10 41 19 11 27 4 
student 172: 30 4 33 44 41 43 25 35 37 13 32 28 6 46 16 23 49 7 48 8 22 50 3 24 14 29 26 5 36 40 15 11 45 19 20 9 47 42 31 34 21 17 1 38 10 39 18 12 27 2 
student 173: 28 4 32 42 41 43 27 35 36 14 33 26 11 46 16 25 49 6 47 7 20 50 2 23 19 30 24 1 38 44 10 13 45 17 18 12 48 40 29 34 22 15 5 37 9 39 21 8 31 3 
student 174: 29 5 33 44 38 45 25 34 36 10 31 28 6 46 13 24 49 7 48 12 20 50 3 23 15 32 26 2 40 42 14 16 43 18 17 8 47 41 30 35 22 19 1 37 11 39 21 9 27 4 
student 175: 33 5 30 42 40 45 25 35 39 14 31 29 7 46 19 26 50 6 47 8 22 49 2 24 18 28 23 3 32 43 16 12 44 13 17 10 48 38 34 37 21 15 1 36 9 41 20 11 27 4 
student 176: 31 6 32 45 39 44 24 36 37 13 34 29 7 46 15 25 49 5 47 8 21 50 3 22 16 27 26 1 38 41 14 12 43 18 19 9 48 42 30 33 23 17 2 35 10 40 20 11 28 4 
student 177: 31 6 33 41 37 46 24 38 35 12 32 27 5 47 15 25 43 7 48 9 21 49 4 23 18 29 28 2 42 44 14 13 45 19 16 8 50 40 30 34 22 17 1 39 10 36 20 11 26 3 
student 178: 34 3 31 46 41 42 23 36 35 16 33 26 6 45 14 25 50 5 47 8 21 49 10 22 15 29 28 2 38 44 12 13 43 18 19 9 48 39 30 32 20 17 4 37 7 40 24 11 27 1 
student 179: 30 5 34 43 40 47 25 35 39 11 32 29 6 44 16 28 48 9 50 7 20 49 3 23 18 27 24 2 41 37 15 13 45 21 14 8 46 42 31 33 22 17 1 36 10 38 19 12 26 4 
student 180: 31 6 33 47 40 42 22 34 38 14 30 28 3 45 16 23 49 8 48 7 19 50 5 27 15 29 25 2 37 41 13 12 44 17 21 10 46 43 32 36 24 18 1 35 9 39 20 11 26 4 
student 181: 31 5 33 44 40 45 24 34 36 15 30 29 2 47 16 25 49 7 46 6 21 50 4 22 14 28 26 3 39 42 13 11 41 17 19 10 48 43 32 38 23 18 1 37 12 35 20 9 27 8 
student 182: 32 5 30 44 38 43 24 33 39 14 31 27 6 49 13 25 50 7 46 8 22 48 3 23 15 29 26 4 37 35 11 16 45 19 17 9 47 41 36 34 21 18 1 42 12 40 20 10 28 2 
student 183: 32 6 34 43 38 42 24 33 36 14 31 28 5 46 15 25 49 7 48 9 20 50 3 22 17 29 26 2 37 44 12 11 45 18 23 10 47 40 30 35 21 16 1 41 13 39 19 8 27 4 
student 184: 28 5 32 42 39 43 21 36 35 14 34 31 9 44 13 25 49 10 46 6 19 48 3 22 16 27 30 2 40 41 15 12 50 20 24 7 47 45 29 37 23 17 1 33 8 38 18 11 26 4 
student 185: 29 7 33 44 39 43 23 35 37 10 32 28 2 47 14 25 49 8 46 11 19 50 4 21 15 30 27 3 38 40 16 13 45 18 24 5 48 42 31 34 20 17 1 36 9 41 22 12 26 6 
student 186: 32 6 35 44 39 42 24 36 37 15 30 25 8 47 17 27 50 5 46 7 21 49 2 23 18 29 26 3 38 43 13 12 45 14 19 10 48 41 33 31 22 16 1 34 9 40 20 11 28 4 
student 187: 28 5 34 44 38 43 24 35 36 13 32 29 6 48 18 25 47 7 46 8 20 50 3 21 15 30 26 2 39 41 14 11 45 19 17 10 49 42 31 33 23 16 1 37 9 40 22 12 27 4 
student 188: 30 4 35 45 37 42 21 33 34 14 31 29 5 44 13 26 48 8 47 9 22 50 1 23 15 28 25 3 38 41 18 12 46 19 16 6 49 43 32 40 24 17 2 36 10 39 20 11 27 7 
student 189: 29 5 32 46 40 43 22 38 36 13 31 33 6 45 14 24 49 8 47 9 25 50 3 19 15 28 26 2 37 41 17 11 44 16 23 7 48 42 30 34 21 18 1 35 10 39 20 12 27 4 
student 190: 31 6 33 42 41 47 22 34 40 15 32 28 3 49 14 25 48 7 43 8 24 50 4 23 16 30 26 2 36 39 13 12 45 18 19 9 46 44 29 35 20 17 1 37 10 38 21 11 27 5 
student 191: 29 4 35 48 38 43 26 36 37 14 31 28 6 45 17 23 50 9 47 7 19 46 1 22 15 30 27 5 39 41 13 12 42 18 20 10 49 44 32 33 24 16 2 34 8 40 21 11 25 3 
student 192: 29 5 34 45 39 42 24 36 38 15 33 31 7 46 17 25 49 6 47 9 19 50 4 22 16 27 28 1 32 41 13 12 43 14 18 11 48 44 30 35 23 20 2 37 8 40 21 10 26 3 
student 193: 27 8 29 42 39 44 25 35 37 17 33 32 5 46 15 24 50 6 48 9 21 47 3 20 16 28 30 1 38 40 12 13 45 22 18 7 49 41 34 31 23 14 2 36 10 43 19 11 26 4 
student 194: 31 4 32 43 39 44 30 36 37 13 34 27 7 47 14 21 49 5 46 8 19 50 3 24 17 28 25 2 38 41 11 12 45 16 18 9 48 42 29 35 23 20 1 33 10 40 22 15 26 6 
student 195: 33 3 32 41 42 43 24 37 34 13 30 28 5 46 17 25 49 10 47 8 18 50 2 21 16 29 26 6 38 40 12 14 45 19 20 7 48 44 31 35 23 15 1 36 11 39 22 9 27 4 
student 196: 32 3 31 44 38 43 24 35 36 13 34 28 5 49 14 25 47 7 46 8 21 50 1 23 18 29 27 4 42 40 11 15 45 19 17 10 48 41 33 30 22 16 2 37 12 39 20 9 26 6 
student 197: 31 3 33 44 37 43 25 36 38 11 32 27 5 45 16 28 49 8 47 9 20 50 4 24 15 29 23 6 40 41 14 13 46 18 17 7 48 42 30 35 22 19 1 34 12 39 21 10 26 2 
student 198: 29 3 32 43 41 46 24 34 37 12 30 31 5 45 15 25 49 9 47 6 19 50 7 23 17 27 26 2 38 40 14 13 44 18 20 8 48 42 33 36 21 16 1 35 10 39 22 11 28 4 
student 199: 28 4 32 42 41 40 24 35 37 12 33 27 7 47 15 25 49 8 45 5 20 50 2 23 17 30 29 1 38 43 14 10 44 18 22 9 48 46 31 34 21 16 6 36 11 39 19 13 26 3 
student 200: 31 6 34 44 37 43 25 35 36 15 32 27 4 47 12 24 45 7 48 9 19 50 3 22 20 29 26 2 39 41 13 11 46 18 21 8 49 40 30 33 23 16 1 38 14 42 17 10 28 5 
student 201: 27 3 33 43 39 44 23 35 37 15 30 28 6 47 13 25 49 8 46 11 21 50 4 22 18 31 29 2 38 42 7 14 45 17 19 10 48 40 32 34 24 16 1 36 9 41 20 12 26 5 
student 202: 32 7 33 43 39 44 27 35 36 12 29 25 5 47 15 24 49 4 46 8 21 50 1 22 16 30 26 6 38 41 14 9 45 18 19 11 48 42 28 34 23 17 2 37 10 40 20 13 31 3 
student 203: 29 3 33 43 39 44 26 35 36 12 32 27 6 45 18 22 50 8 47 7 23 49 4 24 15 30 25 2 38 42 17 10 46 16 19 13 48 41 31 34 21 14 1 37 9 40 20 11 28 5 
student 204: 30 5 32 43 39 42 25 33 37 14 31 28 7 47 16 27 50 8 46 6 21 49 2 22 17 29 24 4 38 40 9 12 44 15 19 10 48 45 35 34 23 18 1 36 11 41 20 13 26 3 
student 205: 29 1 35 46 38 44 23 34 37 15 32 28 8 47 16 24 49 9 43 6 21 50 5 22 14 30 25 2 39 41 12 10 45 18 20 13 48 42 31 33 26 17 4 36 7 40 19 11 27 3 
student 206: 30 4 27 44 40 42 24 33 37 12 34 29 6 45 13 25 47 9 48 1 22 50 7 21 14 31 28 2 35 38 16 15 43 18 19 8 49 46 32 36 23 17 3 39 11 41 20 10 26 5 
student 207: 30 5 33 43 42 44 25 36 37 14 35 24 6 41 13 26 49 7 48 8 21 50 2 23 15 28 27 4 38 46 12 17 45 18 19 9 47 40 31 34 22 16 1 32 10 39 20 11 29 3 
student 208: 31 5 35 42 39 44 25 34 36 17 32 29 6 45 13 23 50 9 47 7 21 49 2 22 15 30 26 4 37 41 14 11 43 19 20 8 46 48 27 33 24 18 1 38 10 40 16 12 28 3 
student 209: 30 7 34 47 40 43 22 31 39 17 32 28 4 45 14 25 48 6 46 8 23 49 3 24 15 29 27 5 37 44 12 13 38 20 19 9 50 42 33 35 18 16 1 36 10 41 21 11 26 2 
student 210: 29 5 33 45 37 43 24 38 35 13 32 26 1 46 16 25 49 6 47 8 20 50 2 23 19 28 27 4 36 41 12 14 44 17 18 9 48 42 30 34 21 15 7 39 10 40 22 11 31 3 
student 211: 28 6 33 44 41 39 24 37 40 15 32 30 7 45 12 25 48 5 47 9 21 49 3 23 16 29 26 2 36 38 11 13 46 18 20 14 50 43 31 35 22 17 1 34 8 42 19 10 27 4 
student 212: 31 3 32 44 39 43 23 35 37 13 33 29 6 46 14 26 48 8 49 7 21 50 4 24 16 30 25 2 38 41 15 12 45 18 19 9 47 42 28 34 22 17 1 36 10 40 20 11 27 5 
student 213: 30 6 31 45 40 44 24 34 38 14 32 28 5 47 15 26 50 7 46 10 22 49 4 25 16 29 23 2 37 39 12 11 41 17 19 8 48 43 35 33 21 18 1 36 9 42 20 13 27 3 
student 214: 31 6 33 44 37 43 23 36 39 14 29 28 4 48 13 24 49 5 46 8 20 50 3 25 16 30 27 2 38 41 15 12 45 18 22 9 47 42 32 35 21 17 1 34 11 40 19 10 26 7 
student 215: 29 4 32 44 39 42 26 37 36 14 33 27 9 46 15 24 50 6 49 11 18 48 3 22 21 30 28 1 38 41 13 12 45 20 19 10 47 43 31 34 23 17 2 35 7 40 16 8 25 5 
student 216: 30 6 33 41 40 43 24 35 37 17 31 29 3 46 13 28 47 7 48 8 18 50 2 21 14 32 26 4 38 45 16 12 44 20 15 11 49 42 27 36 25 19 1 34 9 39 23 10 22 5 
student 217: 30 7 31 45 37 44 25 34 38 13 32 26 6 43 14 23 50 4 48 8 21 49 5 24 15 29 28 3 39 42 11 16 47 18 19 9 46 41 33 35 22 17 1 36 10 40 20 12 27 2 
student 218: 31 5 32 44 36 43 23 35 38 17 34 27 4 46 15 26 48 7 47 8 21 49 3 24 18 29 28 2 39 41 14 13 45 16 19 9 50 42 30 33 22 11 1 37 10 40 20 12 25 6 
student 219: 30 6 36 46 39 44 20 34 38 14 32 29 5 42 15 26 49 7 50 9 19 47 4 23 16 28 27 3 37 43 13 12 45 18 21 8 48 41 31 33 22 17 1 35 11 40 24 10 25 2 
student 220: 30 5 35 42 36 46 24 37 34 13 32 27 4 45 14 25 48 6 47 7 21 50 3 23 15 29 28 2 38 41 12 10 49 17 19 9 44 43 31 33 22 18 1 40 16 39 20 11 26 8 
student 221: 28 3 33 44 37 40 26 36 43 14 34 24 6 45 15 25 49 7 47 8 19 50 4 23 17 30 29 2 32 39 12 13 46 20 16 9 48 42 31 38 22 18 1 35 11 41 21 10 27 5 
student 222: 29 5 32 44 37 42 23 34 38 17 33 27 6 46 14 26 49 9 47 7 21 50 4 24 15 31 25 2 39 41 12 13 45 19 18 8 48 43 30 35 22 16 1 36 10 40 20 11 28 3 
student 223: 29 4 33 44 37 42 22 36 38 15 34 30 6 43 16 23 50 7 47 10 21 48 2 25 14 28 27 1 45 40 12 11 46 18 20 9 49 41 32 31 24 17 3 35 13 39 19 8 26 5 
student 224: 30 6 33 43 38 44 24 35 41 10 32 28 5 45 16 25 49 8 47 11 23 50 3 22 18 29 26 2 37 40 15 13 46 14 20 7 48 42 31 34 19 17 1 36 9 39 21 12 27 4 
student 225: 29 7 33 45 40 43 25 36 35 15 32 28 5 48 16 22 49 6 44 8 20 50 2 24 17 30 26 1 39 42 13 11 46 18 19 10 47 41 31 34 23 14 3 37 9 38 21 12 27 4 
student 226: 31 5 34 43 39 44 24 37 38 11 29 30 6 45 16 25 47 7 50 8 20 49 3 23 14 28 27 4 36 41 15 12 46 18 21 9 48 42 32 33 22 17 1 35 13 40 19 10 26 2 
student 227: 26 5 32 45 43 42 23 36 35 15 33 30 6 48 14 25 49 8 47 7 22 50 4 24 16 28 27 2 39 41 13 11 44 17 19 9 46 37 31 34 21 20 1 38 12 40 18 10 29 3 
student 228: 31 5 32 43 40 46 23 37 29 17 35 30 6 45 15 26 50 7 49 9 19 48 1 22 13 28 25 2 38 41 14 12 44 16 20 8 47 42 33 34 24 18 3 36 10 39 21 11 27 4 
student 229: 33 6 32 47 38 42 25 34 36 16 31 26 5 46 19 27 48 8 49 7 21 50 4 23 14 29 24 1 39 43 10 15 44 17 18 9 45 41 30 35 22 13 3 37 11 40 20 12 28 2 
student 230: 31 6 36 46 38 42 25 37 35 15 32 28 8 39 13 23 48 7 45 2 21 50 5 22 18 30 26 1 40 41 14 12 49 17 19 9 47 44 29 33 24 16 3 34 11 43 20 10 27 4 
student 231: 30 5 32 47 39 42 24 35 38 14 33 29 6 45 15 26 49 8 46 7 21 50 4 22 16 25 27 2 36 41 13 11 43 17 19 10 48 44 31 34 23 18 1 37 9 40 20 12 28 3 
student 232: 31 4 33 44 40 43 24 37 35 13 32 28 10 46 15 25 49 8 50 7 21 47 3 23 16 30 27 5 36 42 12 14 48 18 20 6 45 41 29 34 19 17 1 38 9 39 22 11 26 2 
student 233: 30 3 34 44 40 39 22 36 37 15 29 25 5 45 16 23 48 6 47 8 24 49 2 26 18 31 27 4 38 43 13 11 50 19 14 9 46 42 32 35 20 17 1 33 10 41 21 12 28 7 
student 234: 32 5 33 44 39 41 24 35 36 12 31 28 4 45 15 25 49 8 47 13 21 50 3 23 17 29 26 1 37 40 10 9 46 18 20 7 48 43 30 34 22 16 2 38 14 42 19 11 27 6 
student 235: 30 3 32 42 38 44 21 39 34 14 33 29 7 46 16 25 49 8 48 9 22 50 1 24 17 31 27 6 37 40 12 13 45 18 15 4 47 43 28 35 23 20 2 36 11 41 19 10 26 5 
student 236: 29 5 34 42 40 45 20 32 35 12 31 27 6 46 15 24 50 8 47 9 19 49 2 28 16 30 25 1 38 43 14 13 44 18 23 7 48 39 33 36 21 17 3 37 10 41 22 11 26 4 
student 237: 30 4 34 44 40 45 24 38 37 12 31 27 7 47 13 25 50 6 46 8 21 49 2 23 14 28 29 3 36 42 16 15 43 18 19 9 48 39 33 32 22 17 1 35 10 41 20 11 26 5 
student 238: 30 4 34 41 40 45 27 31 37 14 33 25 6 46 17 22 47 8 50 7 21 49 5 26 16 29 24 2 38 39 12 13 43 18 19 10 48 44 32 35 23 15 1 36 11 42 20 9 28 3 
student 239: 29 3 32 42 39 45 22 35 36 16 33 31 9 46 20 25 48 5 49 7 19 50 2 23 12 27 26 4 38 41 15 10 44 13 17 6 47 40 30 34 24 18 1 37 11 43 21 8 28 14 
student 240: 29 1 33 44 39 45 25 34 37 13 32 28 6 48 16 22 49 7 47 9 20 50 3 24 15 31 26 4 38 41 12 14 43 18 19 10 46 42 30 35 23 17 2 36 8 40 21 11 27 5 
student 241: 30 6 32 42 39 41 24 34 37 14 33 27 1 47 17 25 49 7 44 9 23 50 4 21 16 29 26 2 38 43 13 12 46 19 22 8 48 45 31 35 20 15 3 36 10 40 18 11 28 5 
student 242: 26 8 33 46 34 45 24 36 39 15 30 28 5 44 14 25 48 6 50 7 17 49 3 22 16 29 27 1 38 40 11 12 43 18 20 10 47 42 32 35 21 19 2 37 13 41 23 9 31 4 
student 243: 28 5 33 44 38 40 24 36 37 15 29 30 6 47 17 25 48 7 45 8 21 49 3 23 14 35 26 2 39 41 13 12 46 18 20 10 50 43 32 34 22 16 1 31 11 42 19 9 27 4 
student 244: 33 7 32 44 39 43 25 35 36 13 29 27 6 46 15 23 49 9 47 11 22 50 3 24 16 30 26 1 41 40 12 17 45 14 19 5 48 42 37 34 21 18 4 31 8 38 20 10 28 2 
student 245: 30 1 33 44 39 42 24 38 34 14 35 28 4 47 15 26 48 7 46 8 20 50 6 23 16 29 25 3 37 41 12 9 45 17 19 10 49 43 31 36 22 18 2 32 11 40 21 13 27 5 
student 246: 31 5 34 44 46 43 21 37 38 16 33 30 9 45 14 26 49 6 47 10 19 50 4 25 18 28 24 1 39 36 12 13 42 20 22 11 48 40 29 32 23 15 2 35 7 41 17 8 27 3 
student 247: 28 6 33 46 39 43 23 35 34 13 32 31 4 45 17 26 44 7 47 8 22 49 2 24 15 27 30 3 37 42 14 10 50 18 20 9 48 41 29 36 19 16 1 38 11 40 21 12 25 5 
student 248: 30 5 36 43 39 44 23 33 35 14 32 28 6 45 15 24 48 8 49 9 20 50 3 21 16 29 26 1 38 40 13 12 47 19 22 7 46 41 31 34 25 17 2 37 10 42 18 11 27 4 
student 249: 29 4 33 45 39 44 25 35 37 15 32 31 2 46 14 24 49 6 48 5 21 50 1 22 16 28 27 3 38 41 12 11 43 18 19 9 47 42 30 34 23 17 7 36 8 40 20 10 26 13 
student 250: 32 5 33 44 40 43 24 34 35 13 36 29 7 46 17 26 49 6 48 8 21 47 4 23 15 30 27 3 38 42 12 14 45 19 18 9 50 41 31 28 22 16 2 37 10 39 20 11 25 1 
student 251: 30 7 33 42 36 44 24 34 40 17 31 28 5 47 15 25 49 6 46 8 21 50 3 23 16 29 26 1 39 43 14 13 45 18 19 9 48 41 32 35 22 12 2 37 10 38 20 11 27 4 
student 252: 29 5 36 45 39 43 24 37 38 11 32 28 7 44 20 23 49 6 48 12 18 50 3 25 16 30 27 2 34 42 14 10 47 17 21 8 46 41 31 33 19 15 1 35 13 40 22 9 26 4 
student 253: 29 6 33 48 38 43 24 35 37 15 31 28 5 44 16 26 49 8 46 7 23 50 3 22 20 32 25 2 40 41 14 11 45 19 18 9 47 42 30 34 21 13 1 36 10 39 17 12 27 4 
student 254: 32 4 31 44 38 43 24 35 37 13 34 28 6 46 15 25 50 9 47 7 17 49 3 23 16 26 27 2 39 40 12 14 45 20 18 11 48 41 30 33 22 19 1 36 10 42 21 8 29 5 
student 255: 26 5 36 46 42 40 27 35 33 14 31 30 8 39 16 24 49 10 47 6 23 50 3 22 17 29 25 2 41 43 12 15 45 19 20 7 48 44 32 37 21 13 1 34 11 38 18 9 28 4 
student 256: 28 3 35 45 39 41 24 34 37 16 31 30 6 43 17 25 49 7 47 9 21 50 4 22 15 29 26 2 38 42 13 12 44 18 20 10 48 46 33 32 23 14 1 36 8 40 19 11 27 5 
student 257: 29 4 35 43 41 44 23 33 36 13 30 32 7 48 15 26 49 6 45 9 22 50 3 24 17 28 25 1 39 40 12 14 46 19 18 10 47 42 31 34 21 16 2 37 8 38 20 11 27 5 
student 258: 30 5 33 45 41 42 25 35 36 16 32 28 7 47 11 23 49 8 50 12 22 48 1 24 15 29 27 3 39 40 10 13 44 18 20 6 46 43 31 34 21 17 2 37 14 38 19 9 26 4 
student 259: 31 3 33 38 40 44 20 37 35 15 32 28 8 45 14 23 49 11 47 5 21 50 4 26 16 29 27 2 39 42 12 9 46 18 17 7 48 43 30 36 24 22 1 34 10 41 19 13 25 6 
student 260: 34 4 32 47 39 43 23 33 37 14 31 29 7 45 16 24 49 8 46 5 19 50 6 26 15 27 25 2 35 41 13 12 44 17 20 9 48 42 30 36 22 21 1 38 11 40 18 10 28 3 
student 261: 29 6 34 46 39 42 25 36 37 15 33 28 7 45 13 23 49 8 47 3 21 50 4 24 16 26 27 2 38 43 12 14 44 18 19 9 48 40 30 32 22 17 1 35 10 41 20 11 31 5 
student 262: 30 6 38 45 39 43 24 35 37 15 33 27 5 47 14 25 50 7 46 8 22 49 3 23 16 28 26 2 34 42 12 10 48 21 19 9 44 40 31 32 20 18 1 36 13 41 17 11 29 4 
student 263: 29 7 33 44 42 41 24 35 38 11 32 28 5 47 15 27 46 8 49 6 21 50 2 23 18 30 26 3 36 43 14 13 45 17 20 10 48 40 31 34 22 16 1 37 12 39 19 9 25 4 
student 264: 29 5 33 45 36 44 24 35 38 13 31 27 6 46 14 25 48 7 47 9 19 50 3 23 16 30 28 2 40 39 8 18 41 17 20 10 49 43 32 34 22 15 1 37 11 42 21 12 26 4 
student 265: 31 6 33 46 40 43 22 35 37 13 32 25 8 44 15 26 45 4 49 7 21 50 5 23 18 30 27 1 38 42 12 16 47 24 14 9 48 41 29 34 19 17 2 36 10 39 20 11 28 3 
student 266: 29 4 34 46 43 42 24 33 37 14 32 27 6 45 15 25 49 7 50 8 23 48 5 21 17 28 30 2 40 38 9 11 44 19 18 12 47 41 31 35 22 16 1 36 10 39 20 13 26 3 
student 267: 30 3 34 42 38 45 25 36 39 14 35 27 6 48 15 24 49 7 46 8 21 50 5 20 17 29 28 1 33 41 12 11 44 18 19 9 47 43 31 32 23 16 4 37 10 40 22 13 26 2 
student 268: 29 5 36 44 39 42 24 34 35 13 33 28 6 45 16 25 49 7 48 9 22 50 2 23 18 26 30 1 38 41 14 10 46 19 15 8 47 43 32 31 20 17 3 37 12 40 21 11 27 4 
student 269: 29 7 33 43 38 45 25 35 37 14 31 32 8 46 17 24 49 5 47 11 21 50 3 23 18 27 28 4 40 42 9 13 41 16 20 6 48 44 30 34 22 15 1 36 12 39 19 10 26 2 
student 270: 31 6 34 45 38 43 24 36 39 18 32 27 3 47 17 25 49 11 46 7 20 50 2 23 15 30 26 8 40 41 13 12 44 19 22 9 48 42 28 33 21 16 1 35 4 37 14 10 29 5 
student 271: 27 6 34 47 41 43 26 36 38 13 32 29 3 45 16 28 46 7 48 8 21 50 4 22 15 25 24 2 35 39 14 12 44 18 19 10 49 42 31 33 23 17 1 37 11 40 20 9 30 5 
student 272: 31 4 34 43 40 42 24 35 38 12 32 26 6 50 14 25 46 7 47 8 18 49 2 22 15 29 27 3 37 41 16 9 45 23 20 10 48 44 30 33 21 19 1 36 11 39 17 13 28 5 
student 273: 30 5 36 43 39 42 24 38 33 16 34 28 6 48 14 25 50 7 47 8 20 44 3 22 17 29 26 1 35 40 13 11 46 15 18 9 49 41 31 37 23 19 2 32 10 45 21 12 27 4 
student 274: 28 5 35 42 40 45 24 37 36 14 30 29 6 49 16 26 48 7 47 9 22 50 4 23 11 25 27 2 38 39 13 15 43 19 18 10 46 44 33 32 21 17 1 34 12 41 20 8 31 3 
student 275: 30 5 33 42 39 44 24 34 38 11 31 26 6 45 15 28 46 7 48 8 22 49 3 23 17 29 25 2 37 40 13 14 50 19 20 12 47 43 32 35 21 16 1 36 9 41 18 10 27 4 
student 276: 29 5 34 43 38 42 23 33 37 12 31 28 6 46 15 27 50 7 49 8 22 48 2 24 18 30 26 4 39 40 14 9 45 19 21 10 47 44 32 35 16 17 1 36 11 41 20 13 25 3 
student 277: 30 5 35 44 39 40 22 34 38 15 33 29 6 46 14 23 49 8 47 9 21 50 3 19 17 31 27 1 37 42 12 13 45 16 24 7 48 43 28 32 26 18 2 36 11 41 20 10 25 4 
student 278: 30 7 31 44 43 45 24 35 37 14 34 29 6 46 15 25 48 5 47 9 21 49 3 23 16 28 27 1 38 40 11 13 42 18 19 8 50 41 32 33 22 17 2 36 10 39 20 12 26 4 
student 279: 35 6 29 39 37 44 24 34 36 12 33 28 5 46 13 25 49 10 45 7 21 47 4 23 16 30 26 2 40 41 19 9 48 17 20 8 50 42 31 32 22 15 1 38 11 43 18 14 27 3 
student 280: 28 7 33 45 35 42 24 37 38 13 31 26 5 47 14 25 46 9 49 10 21 50 3 23 15 30 27 2 39 41 11 12 48 18 20 6 44 43 32 34 22 17 1 36 8 40 19 16 29 4 
student 281: 29 6 32 43 39 47 23 35 38 17 34 27 5 45 14 26 49 7 46 12 24 50 3 20 15 28 33 2 36 42 10 13 44 16 19 8 48 41 30 31 22 18 1 37 11 40 21 9 25 4 
student 282: 31 6 33 41 39 44 23 29 37 14 35 30 5 47 10 25 50 8 46 7 22 49 1 24 16 28 26 3 38 42 15 12 45 18 19 9 48 43 34 36 21 17 2 32 11 40 20 13 27 4 
student 283: 32 8 30 46 36 43 22 37 35 13 33 28 5 45 14 23 49 10 48 9 25 50 3 26 16 29 27 1 39 40 12 11 44 18 15 17 47 42 31 34 20 19 2 38 7 41 21 6 24 4 
student 284: 30 6 33 46 39 42 23 35 36 16 32 28 3 44 14 26 49 7 47 9 20 50 4 24 15 29 25 1 37 43 12 13 45 18 19 8 48 41 31 34 22 17 2 38 10 40 21 11 27 5 
student 285: 37 7 30 46 41 44 24 35 38 17 31 34 3 40 18 26 49 10 48 6 20 50 4 23 15 28 27 2 36 39 12 11 45 19 21 13 47 43 32 33 22 14 1 29 8 42 16 9 25 5 
student 286: 31 5 33 44 40 43 25 34 37 12 35 29 6 46 18 22 49 8 47 7 24 50 3 21 15 28 27 1 38 41 13 14 45 17 20 9 48 42 32 30 23 16 2 36 10 39 19 11 26 4 
student 287: 30 2 34 46 37 45 26 35 38 12 32 25 6 43 16 24 48 7 47 8 19 49 1 22 13 31 27 4 40 44 15 11 42 17 18 9 50 41 29 33 21 23 3 36 10 39 20 14 28 5 
student 288: 26 5 33 46 38 43 24 35 37 8 32 30 9 47 17 25 45 6 48 7 23 49 3 22 14 28 27 4 39 41 15 13 44 16 18 10 50 42 31 36 20 19 2 34 11 40 21 12 29 1 
student 289: 30 5 32 48 38 42 24 34 39 13 33 28 6 45 15 25 50 8 46 12 21 49 2 23 16 29 26 3 37 41 14 10 44 18 19 7 47 40 31 35 22 20 1 36 9 43 17 11 27 4 
student 290: 32 5 33 43 38 44 25 35 37 13 30 23 6 45 15 26 48 7 49 9 20 50 1 16 14 29 27 2 40 39 17 11 46 22 19 10 47 41 31 34 24 18 3 36 8 42 21 12 28 4 
student 291: 30 6 33 44 38 42 21 34 37 14 31 27 7 45 10 26 50 3 48 5 23 49 4 24 15 29 25 1 39 41 16 13 46 22 18 9 47 43 32 35 19 17 2 36 11 40 20 12 28 8 
student 292: 31 4 30 44 41 43 24 35 37 15 34 28 6 46 18 26 49 7 47 8 20 50 3 23 16 29 25 1 38 39 13 11 45 19 17 9 48 42 32 33 22 14 2 36 10 40 21 12 27 5 
student 293: 30 5 35 44 36 41 25 33 38 14 31 29 6 46 15 24 49 7 47 9 21 50 2 23 16 26 28 3 40 42 13 12 45 18 20 10 48 43 32 34 22 17 1 37 11 39 19 8 27 4 
student 294: 30 5 34 45 39 43 25 33 38 15 32 28 6 46 16 26 49 8 47 9 22 50 3 24 13 29 23 2 37 41 10 14 44 20 18 11 48 42 31 35 21 17 1 36 7 40 19 12 27 4 
student 295: 30 4 32 44 40 42 25 33 36 13 38 29 5 43 15 24 49 8 47 9 21 50 7 23 16 28 26 2 37 45 14 10 46 19 18 6 48 41 31 34 22 17 1 35 12 39 20 11 27 3 
student 296: 32 5 29 41 40 45 23 36 38 15 34 28 7 47 16 25 50 6 46 9 20 49 3 26 12 30 24 1 37 42 14 8 43 18 19 10 48 44 33 31 22 17 2 35 11 39 21 13 27 4 
student 297: 30 5 33 43 42 44 25 34 37 10 31 29 8 47 16 26 50 7 46 4 24 49 2 22 18 27 23 6 38 39 14 11 45 20 17 9 48 41 32 36 21 15 1 35 12 40 19 13 28 3 
student 298: 28 4 31 45 39 44 26 34 36 11 35 30 5 47 10 24 43 9 49 8 22 48 3 23 16 29 25 1 38 41 15 14 46 18 19 6 50 42 32 33 21 17 2 37 12 40 20 13 27 7 
student 299: 30 9 35 44 38 43 25 34 39 16 31 27 5 45 18 29 50 6 48 8 19 47 3 24 15 28 20 4 37 41 14 10 49 17 21 7 46 42 33 32 23 12 1 36 11 40 22 13 26 2 
student 300: 27 4 33 44 41 43 26 34 36 14 32 28 7 47 19 30 48 9 45 8 21 49 1 23 16 29 24 3 38 39 13 12 46 18 17 6 50 42 31 35 22 15 2 37 10 40 20 11 25 5 
student 301: 31 4 30 39 40 41 24 34 36 16 33 29 7 47 13 26 49 12 48 6 17 50 5 21 14 27 32 2 38 42 15 11 45 20 19 9 46 44 28 37 22 23 1 35 8 43 18 10 25 3 
student 302: 35 5 32 43 45 39 25 36 33 15 30 29 10 47 14 24 50 6 49 9 23 46 1 21 17 27 28 3 41 37 7 13 44 20 19 8 48 42 31 34 22 16 2 40 12 38 18 11 26 4 
student 303: 30 7 34 41 38 39 24 35 37 14 32 29 6 47 15 26 48 5 46 10 23 50 1 21 17 27 25 3 40 43 13 11 45 16 19 9 49 44 31 33 22 18 2 36 8 42 20 12 28 4 
student 304: 28 6 30 44 38 42 27 32 37 13 29 26 5 46 15 23 48 8 47 9 21 49 3 22 19 34 25 2 39 41 16 11 45 17 18 12 50 43 33 35 24 14 1 36 7 40 20 10 31 4 
student 305: 27 4 32 48 38 43 24 35 36 13 33 28 5 45 16 15 47 8 46 6 22 49 7 26 18 29 25 1 40 41 14 10 44 19 20 9 50 42 30 34 23 17 3 37 11 39 21 12 31 2 
student 306: 30 1 33 41 39 44 23 35 38 18 32 26 7 45 14 25 49 6 48 8 20 50 5 22 15 29 28 4 37 40 13 10 46 16 17 11 47 43 31 34 21 19 2 36 9 42 24 12 27 3 
student 307: 31 6 29 40 41 46 23 35 37 14 33 28 5 48 15 25 50 7 45 10 21 49 1 24 16 30 26 4 38 39 13 12 44 17 19 11 47 42 32 34 22 18 2 36 8 43 20 9 27 3 
student 308: 31 5 33 44 39 43 24 35 37 18 32 27 6 45 15 26 49 7 48 9 21 50 2 28 10 30 20 4 38 40 14 13 46 17 19 8 47 42 29 34 22 16 1 36 11 41 23 12 25 3 
student 309: 29 6 30 45 38 42 23 35 39 15 33 26 7 46 20 28 50 8 48 5 21 49 3 24 14 25 31 4 37 43 12 10 44 17 18 9 47 41 32 34 22 16 1 36 11 40 19 13 27 2 
student 310: 29 6 32 43 39 42 24 35 37 14 31 30 11 47 17 26 49 5 48 10 20 45 2 23 22 28 25 3 38 40 13 12 44 15 18 9 50 41 33 36 21 16 1 34 8 46 19 7 27 4 
student 311: 31 5 33 41 38 43 24 37 35 15 32 29 7 45 18 25 50 6 46 9 21 48 2 23 12 26 27 1 39 40 14 8 49 19 20 13 47 44 30 34 22 16 4 36 10 42 17 11 28 3 
student 312: 30 5 34 43 39 42 25 36 37 13 31 28 6 45 15 20 50 7 46 9 22 49 3 24 14 29 26 2 38 41 11 19 47 21 17 8 48 44 32 35 23 16 1 33 10 40 18 12 27 4 
student 313: 31 4 29 41 39 47 23 34 36 13 28 26 6 45 15 27 49 8 46 7 21 50 3 22 17 32 30 2 37 44 11 14 43 18 19 12 48 42 38 33 24 16 1 35 9 40 20 10 25 5 
student 314: 29 4 33 47 37 44 24 35 38 14 31 27 8 43 16 25 46 6 48 7 21 50 3 23 17 28 26 1 42 40 13 11 49 15 19 9 45 41 30 32 22 18 2 36 12 39 20 10 34 5 
student 315: 29 5 33 45 36 38 24 37 39 15 30 31 6 46 16 25 50 8 49 7 21 48 3 23 13 28 26 2 40 41 14 9 44 20 18 10 47 43 32 34 22 17 1 35 11 42 19 12 27 4 
student 316: 25 6 35 44 38 43 24 33 37 17 30 27 4 48 13 26 50 9 46 7 20 49 1 23 15 32 28 3 39 42 14 12 45 18 19 11 47 41 29 36 22 16 2 34 10 40 21 8 31 5 
student 317: 31 1 33 46 42 43 23 34 37 14 32 27 3 45 13 26 50 5 47 9 20 48 6 22 15 29 24 4 38 40 10 16 44 19 18 8 49 41 30 35 21 17 2 36 11 39 25 12 28 7 
student 318: 30 5 31 44 39 41 21 35 37 12 33 28 8 48 15 27 47 6 49 7 23 50 3 20 16 29 24 1 38 42 14 13 45 19 17 9 46 40 32 36 25 18 2 34 10 43 22 11 26 4 
student 319: 33 7 31 43 42 45 23 39 37 15 35 28 5 46 16 27 49 6 47 9 20 50 2 22 13 29 26 3 34 40 14 12 44 19 18 8 48 41 30 32 25 17 1 36 10 38 21 11 24 4 
student 320: 29 6 33 43 37 45 27 34 39 16 32 28 3 47 14 25 49 9 48 8 21 50 5 24 18 30 23 2 38 41 11 13 46 15 20 7 44 42 31 35 19 17 1 36 10 40 22 12 26 4 
student 321: 29 4 33 45 40 47 24 34 39 12 30 28 6 46 16 25 49 7 48 9 22 50 2 21 18 27 26 3 36 41 15 10 44 19 20 8 42 43 31 35 23 13 1 38 14 37 17 11 32 5 
student 322: 32 6 30 45 38 41 25 35 39 15 31 28 5 46 13 26 49 7 48 8 21 50 3 23 17 29 27 2 37 43 12 14 44 20 18 9 47 42 33 36 22 16 1 34 10 40 19 11 24 4 
student 323: 29 4 33 47 42 41 24 32 39 13 30 27 6 46 15 25 48 7 44 8 19 49 2 23 20 28 26 5 37 43 14 12 45 18 17 11 50 40 34 35 22 16 1 36 9 38 21 10 31 3 
student 324: 30 4 33 43 40 44 24 35 38 18 34 29 5 47 13 26 48 7 46 6 19 49 8 25 16 28 27 2 39 41 14 12 45 17 23 9 50 42 32 31 22 15 1 37 11 36 20 10 21 3 
student 325: 31 2 32 43 41 44 24 36 37 15 33 29 7 45 13 27 50 6 48 8 21 49 4 22 16 26 25 3 38 39 10 14 47 17 20 9 46 40 30 34 23 19 1 35 11 42 18 12 28 5 
student 326: 30 4 33 44 39 43 25 37 35 13 32 27 6 47 15 29 49 7 46 8 21 50 3 23 19 28 24 1 36 41 14 11 45 17 18 10 48 40 31 34 22 16 2 38 9 42 20 12 26 5 
student 327: 35 5 31 44 39 49 25 38 33 16 29 28 8 47 14 24 48 7 45 6 20 50 3 22 15 30 26 2 40 41 13 12 43 17 21 10 46 42 32 34 23 18 1 37 11 36 19 9 27 4 
student 328: 24 4 33 43 38 46 26 35 36 15 32 28 6 44 14 29 49 7 45 10 21 50 3 22 16 30 25 2 40 41 13 12 48 17 18 9 47 42 31 34 23 20 1 37 8 39 19 11 27 5 
student 329: 28 4 31 45 39 44 22 34 38 12 35 29 6 41 16 26 48 7 47 8 21 50 3 23 15 30 25 1 37 42 14 10 46 18 19 11 49 43 32 33 24 17 2 36 13 40 20 9 27 5 
student 330: 32 5 33 44 40 43 23 36 28 14 34 30 6 46 15 25 47 7 48 10 22 50 1 24 16 26 29 2 38 42 11 8 45 17 21 9 49 39 31 35 20 18 3 37 12 41 19 13 27 4 
student 331: 31 5 30 45 39 43 27 35 37 16 33 26 6 44 17 24 49 7 50 8 22 48 2 23 12 28 29 3 38 40 15 13 46 18 21 9 47 41 32 34 19 14 1 36 11 42 20 10 25 4 
student 332: 33 4 30 43 41 40 26 32 36 15 37 28 8 49 17 24 50 7 48 10 21 47 2 23 18 29 25 1 38 39 13 9 45 19 12 5 46 42 31 35 22 16 3 34 14 44 20 11 27 6 
student 333: 29 7 31 43 39 44 24 32 35 16 36 27 8 47 13 25 49 10 45 6 21 50 3 23 15 28 30 1 41 42 14 12 46 18 17 9 48 38 34 33 22 20 2 37 11 40 19 4 26 5 
student 334: 31 4 33 46 39 43 21 36 37 15 34 26 5 45 17 28 49 12 44 7 24 50 3 25 14 29 22 1 38 41 11 13 47 18 19 8 48 42 30 32 23 16 2 35 9 40 20 10 27 6 
student 335: 31 6 34 44 37 42 23 39 35 14 33 28 7 45 16 25 50 5 46 11 19 47 2 24 15 29 27 3 36 41 10 13 48 20 17 9 49 43 32 30 22 18 1 38 8 40 21 12 26 4 
student 336: 31 4 29 45 37 44 25 35 36 13 33 28 7 46 15 24 49 8 47 6 23 50 5 21 16 30 27 1 39 42 14 12 43 18 20 10 48 41 32 34 22 17 3 38 9 40 19 11 26 2 
student 337: 31 4 35 43 41 45 24 37 36 13 32 27 5 46 17 25 50 7 47 8 21 48 3 23 16 28 26 2 38 42 14 12 44 19 15 9 49 39 30 33 22 18 1 34 10 40 20 11 29 6 
student 338: 32 6 31 44 39 43 23 34 37 14 29 28 2 46 15 24 49 11 47 10 22 50 4 25 17 35 26 5 38 40 13 8 45 16 20 7 48 41 30 36 21 19 3 33 9 42 18 12 27 1 
student 339: 30 5 32 45 38 44 21 35 36 12 33 28 6 46 17 25 48 7 47 8 23 50 4 20 16 29 26 1 37 41 15 14 43 13 19 9 49 42 31 34 24 18 2 40 10 39 22 11 27 3 
student 340: 30 8 32 44 39 42 20 33 37 12 34 29 5 49 15 26 48 7 45 9 22 50 2 23 16 27 25 1 40 38 13 11 46 19 21 6 47 43 31 35 24 17 4 36 10 41 18 14 28 3 
student 341: 30 5 33 44 39 43 23 38 36 14 32 27 6 47 16 26 46 7 48 9 22 49 4 24 15 29 28 2 37 41 12 10 42 19 17 8 50 45 31 35 21 18 1 34 13 40 20 11 25 3 
student 342: 30 7 32 44 38 42 24 34 36 13 33 28 5 47 23 25 48 6 46 11 20 50 3 22 16 31 26 1 39 43 14 9 45 17 19 8 49 41 29 35 21 12 2 37 10 40 18 15 27 4 
student 343: 31 6 30 44 42 41 27 35 37 14 33 29 3 45 16 24 49 7 47 8 22 50 4 23 15 28 25 2 38 40 13 11 46 18 19 10 48 39 32 34 21 17 1 36 9 43 20 12 26 5 
student 344: 28 5 34 48 39 45 23 36 35 17 32 29 7 46 18 30 47 6 44 9 22 49 3 21 14 25 27 2 38 41 11 8 43 16 19 12 50 42 31 33 24 15 1 37 10 40 20 13 26 4 
student 345: 30 5 34 49 40 43 26 33 37 16 32 27 6 46 17 21 48 7 45 9 23 50 2 22 13 29 25 4 38 41 10 14 44 19 18 8 47 35 31 36 24 15 1 39 11 42 20 12 28 3 
student 346: 31 4 32 44 41 42 25 36 37 13 30 29 6 48 14 24 50 7 45 8 20 49 2 23 18 28 26 1 39 38 15 11 47 17 21 9 46 43 34 33 22 16 3 35 12 40 19 10 27 5 
student 347: 33 10 31 46 39 44 23 37 36 16 32 28 5 47 14 25 49 6 45 7 21 50 3 24 15 27 22 2 34 41 13 8 43 18 19 9 48 40 30 35 26 17 1 38 11 42 20 12 29 4 
student 348: 30 2 33 44 39 43 24 35 36 13 32 28 7 46 15 26 50 6 47 9 22 49 4 23 20 29 25 1 38 40 10 14 45 17 18 12 48 41 31 34 21 16 3 37 11 42 19 8 27 5 
student 349: 31 6 34 42 40 44 24 35 36 15 32 30 4 46 14 26 48 7 49 8 22 50 2 23 16 29 25 3 39 37 11 13 45 19 18 10 47 43 27 33 21 17 1 38 9 41 20 12 28 5 
student 350: 30 5 34 42 39 44 21 35 38 16 32 29 7 47 11 28 50 6 48 8 24 49 4 26 15 25 23 3 37 41 14 13 45 18 22 10 46 43 33 31 20 17 1 36 9 40 19 12 27 2 
student 351: 29 3 33 44 40 42 23 34 36 15 35 27 7 46 14 28 50 5 48 10 21 49 2 24 16 31 25 1 37 41 13 12 45 17 19 8 47 39 32 30 20 18 4 38 9 43 22 11 26 6 
student 352: 30 6 33 45 40 43 23 37 36 12 32 28 5 44 15 25 49 3 47 9 21 50 4 22 16 29 24 2 38 39 13 14 46 17 18 10 48 42 31 34 27 19 1 35 8 41 20 11 26 7 
student 353: 29 6 33 45 40 43 22 35 38 13 32 27 8 46 15 26 48 9 44 7 24 50 2 25 16 28 30 3 37 42 12 14 39 19 17 5 49 47 31 34 20 18 1 36 10 41 21 11 23 4 
student 354: 33 4 32 47 39 46 25 35 37 12 30 28 5 43 15 18 49 7 45 10 23 50 6 22 11 29 27 1 38 42 14 9 44 20 21 13 48 41 31 34 24 17 2 36 16 40 19 8 26 3 
student 355: 30 4 33 44 39 41 21 36 37 14 32 28 9 46 11 24 49 10 47 3 17 50 7 25 16 29 26 6 40 42 13 15 45 18 20 8 48 43 31 34 23 19 1 35 12 38 22 5 27 2 
student 356: 28 6 32 43 38 46 26 34 37 15 29 23 9 48 16 25 50 7 45 3 21 49 1 24 17 27 33 4 39 42 10 13 44 18 20 12 47 41 31 36 22 14 2 35 8 40 19 11 30 5 
student 357: 31 5 30 42 41 46 24 35 36 13 34 29 6 47 16 25 50 12 43 7 21 49 4 23 14 27 28 2 38 40 15 10 45 18 19 9 48 44 32 39 20 17 1 33 8 37 22 11 26 3 
student 358: 29 3 33 44 38 41 22 35 37 13 32 28 5 49 16 25 47 6 46 12 20 50 4 24 15 30 26 1 40 43 19 14 45 18 21 10 48 42 31 34 23 9 2 36 8 39 17 11 27 7 
student 359: 31 6 37 41 39 47 23 34 35 16 32 28 5 46 8 27 49 7 48 9 21 50 3 24 18 29 26 2 38 44 14 13 45 17 19 12 43 40 30 36 22 15 1 33 11 42 20 10 25 4 
student 360: 29 4 31 44 41 43 21 36 35 14 32 23 5 45 16 27 48 7 47 8 22 49 3 28 15 30 25 1 37 40 12 13 46 17 20 9 50 42 33 38 24 18 2 34 10 39 19 11 26 6 
student 361: 31 2 34 45 42 41 23 36 38 14 26 29 6 44 15 25 49 9 48 7 22 50 8 24 17 30 28 4 39 35 11 13 46 16 20 5 47 40 32 33 21 19 3 37 10 43 18 12 27 1 
student 362: 31 6 32 47 43 44 21 36 37 14 30 28 3 45 18 22 49 7 46 5 23 48 1 25 15 29 27 2 38 40 12 13 41 24 17 8 50 42 33 34 20 16 4 35 10 39 19 11 26 9 
student 363: 31 6 33 50 41 43 22 35 37 15 32 29 7 44 17 25 46 5 45 8 21 49 4 24 14 27 26 3 38 39 13 12 47 18 20 9 48 42 28 34 23 16 1 36 10 40 19 11 30 2 
student 364: 31 6 30 42 40 41 25 45 36 14 33 28 5 48 16 23 49 9 47 11 21 50 1 24 20 29 26 3 39 38 13 12 44 18 17 7 46 43 32 35 22 15 2 34 8 37 19 10 27 4 
student 365: 30 7 33 45 40 43 27 34 37 14 32 29 5 46 16 25 48 6 49 8 23 50 2 22 15 26 24 3 38 39 13 12 41 18 19 9 47 44 31 35 21 17 1 36 10 42 20 11 28 4 
student 366: 28 5 31 43 36 44 25 37 38 13 33 27 8 48 15 24 50 7 46 10 21 49 4 22 16 30 35 3 41 40 11 14 45 17 20 6 47 42 29 32 23 18 2 34 9 39 19 12 26 1 
student 367: 30 6 34 45 39 43 25 35 37 16 32 28 2 46 18 24 48 7 44 9 21 50 4 23 14 29 26 3 38 41 13 12 47 19 20 11 49 42 31 33 22 15 1 36 8 40 17 10 27 5 
student 368: 28 5 31 43 40 47 24 34 38 16 33 27 6 46 13 25 50 7 48 8 20 49 3 23 15 29 26 4 41 39 14 9 44 17 18 12 45 42 30 35 22 19 1 36 11 37 21 10 32 2 
student 369: 30 5 33 45 38 44 24 35 37 15 31 28 6 42 11 27 49 7 46 8 22 48 4 23 16 32 25 2 36 40 14 13 47 18 20 9 50 43 26 34 21 17 1 39 10 41 19 12 29 3 
student 370: 30 2 34 42 41 45 23 35 36 14 33 28 4 44 15 27 49 6 46 7 20 50 5 21 17 29 24 3 38 40 12 13 47 18 22 8 48 43 32 31 25 16 1 37 11 39 19 9 26 10 
student 371: 31 6 33 44 40 43 22 34 37 14 32 28 7 46 15 24 48 4 49 8 21 50 3 23 17 29 26 1 38 39 12 11 45 16 20 10 47 42 30 35 25 19 2 36 9 41 18 13 27 5 
student 372: 26 6 36 43 39 48 20 34 35 15 30 29 5 45 14 25 46 10 49 7 22 47 4 23 17 33 27 2 37 41 13 12 44 18 19 9 50 42 32 31 24 16 1 38 8 40 21 11 28 3 
student 373: 30 5 34 44 40 43 21 32 38 13 33 28 6 45 15 24 47 7 46 9 20 50 1 25 16 31 26 2 39 42 14 11 49 18 19 8 48 41 29 36 23 17 3 35 10 37 22 12 27 4 
student 374: 30 6 33 42 40 44 25 34 38 15 32 28 5 45 17 26 49 7 47 11 21 50 2 24 18 27 22 3 39 41 12 13 46 19 20 8 48 43 31 35 23 14 1 36 9 37 16 10 29 4 
student 375: 30 1 38 45 40 44 25 34 36 13 32 27 6 46 15 24 50 7 48 8 23 49 4 16 17 28 26 2 37 42 14 11 43 20 22 9 47 41 31 33 21 19 3 35 10 39 18 12 29 5 
student 376: 29 5 34 43 42 48 24 33 37 15 32 30 6 44 14 25 49 8 47 7 23 50 2 22 17 28 21 4 40 38 13 12 45 20 19 10 46 41 31 35 27 16 3 36 9 39 18 11 26 1 
student 377: 30 4 34 42 37 46 27 36 40 14 32 29 5 45 19 24 50 7 47 8 22 48 6 23 15 28 25 3 38 41 13 12 44 17 18 9 49 43 33 31 21 16 1 35 10 39 20 11 26 2 
student 378: 30 4 37 44 38 42 23 36 35 16 33 28 6 46 17 25 47 7 48 8 15 50 1 24 13 31 26 5 40 39 14 12 45 20 19 10 49 41 29 32 22 18 2 34 9 43 21 11 27 3 
student 379: 31 7 34 43 42 44 24 37 35 13 33 29 5 46 16 25 49 6 47 9 21 50 4 22 15 30 27 3 40 38 11 14 45 18 19 8 48 41 32 28 23 17 1 36 12 39 20 10 26 2 
student 380: 30 5 32 46 37 44 24 36 39 16 34 27 4 47 15 25 43 8 49 7 22 50 3 23 13 29 26 1 40 41 14 12 45 20 18 11 48 42 31 33 21 17 2 35 9 38 19 10 28 6 
student 381: 29 4 33 45 39 42 26 34 36 15 32 27 5 43 10 23 47 6 48 9 18 49 8 25 16 28 24 3 37 41 14 13 46 19 22 7 50 44 31 35 20 17 2 38 11 40 21 12 30 1 
student 382: 34 5 35 45 38 43 26 39 32 13 30 29 6 44 15 27 50 7 48 8 21 49 2 24 16 28 22 1 37 42 11 12 46 17 20 10 47 40 31 33 25 19 4 36 9 41 18 14 23 3 
student 383: 30 4 33 42 40 44 29 34 37 12 32 28 6 46 11 24 48 8 49 7 23 50 3 22 16 27 26 1 38 43 15 10 45 21 18 9 47 41 31 36 20 17 2 35 13 39 19 14 25 5 
student 384: 31 6 33 44 38 43 24 36 37 15 35 26 5 48 13 23 50 8 46 9 22 49 2 25 16 29 28 1 39 41 14 12 45 17 19 10 47 42 30 32 21 18 3 34 7 40 20 11 27 4 
student 385: 29 7 30 43 39 40 26 35 37 14 34 32 5 44 15 25 49 9 46 12 24 50 3 20 17 28 27 2 38 42 13 10 47 16 21 6 45 48 31 33 18 19 1 36 8 41 23 11 22 4 
student 386: 29 3 31 45 40 44 25 36 35 14 33 30 5 48 16 27 47 11 43 8 22 50 4 24 15 28 23 2 39 37 9 12 46 18 20 7 49 41 34 32 21 17 1 38 10 42 19 13 26 6 
student 387: 29 7 31 44 38 43 22 34 37 12 35 28 5 49 15 26 47 10 46 6 23 50 3 24 18 30 27 1 39 40 13 14 45 16 19 9 48 41 32 33 21 17 2 36 8 42 20 11 25 4 
student 388: 33 5 32 44 37 45 26 35 38 14 30 28 4 46 15 24 48 6 40 9 19 50 3 20 17 29 27 2 39 42 13 12 47 18 22 8 49 43 31 34 23 16 1 36 11 41 21 10 25 7 
student 389: 28 7 32 46 40 39 22 35 38 13 33 25 5 48 14 26 47 10 45 6 23 49 3 24 18 30 29 2 37 42 16 12 44 17 19 8 50 43 31 34 21 15 1 36 9 41 20 11 27 4 
student 390: 30 6 35 41 36 43 25 34 39 14 31 29 4 46 15 27 50 5 47 10 19 49 3 23 17 26 24 2 37 42 7 12 45 16 20 9 48 44 32 33 18 22 1 38 11 40 21 13 28 8 
student 391: 31 3 32 42 39 45 24 36 34 19 27 29 7 46 15 28 49 8 48 10 21 50 5 23 13 33 25 2 37 44 14 11 43 17 18 6 47 41 30 35 22 12 1 38 9 40 20 16 26 4 
student 392: 30 5 33 44 39 43 21 35 37 16 32 31 6 48 15 25 47 8 50 7 24 49 4 23 17 26 27 3 38 40 12 9 46 19 18 10 45 42 29 34 22 14 1 36 11 41 20 13 28 2 
student 393: 30 6 32 44 37 40 23 35 43 17 34 28 7 47 13 25 49 8 46 3 21 50 5 24 20 29 26 4 38 41 11 15 45 18 19 9 48 42 31 33 22 12 2 36 10 39 16 14 27 1 
student 394: 31 5 33 50 38 47 24 35 36 12 29 28 7 45 17 26 46 6 44 9 21 49 4 23 15 30 25 2 37 41 13 14 43 19 16 8 48 42 32 34 22 18 1 40 10 39 20 11 27 3 
student 395: 29 4 34 43 38 44 22 35 37 13 33 28 6 48 14 27 50 8 45 7 20 47 5 23 16 30 25 2 41 39 15 12 46 17 19 11 49 40 31 32 21 18 1 36 10 42 24 9 26 3 
student 396: 29 3 32 46 38 43 22 37 39 11 30 25 7 45 16 28 48 6 47 8 24 49 2 21 15 33 26 4 36 40 14 12 44 18 19 9 50 42 31 35 23 17 1 34 10 41 20 13 27 5 
student 397: 34 3 35 44 41 43 22 32 36 14 30 29 5 47 16 28 50 9 45 8 25 49 2 23 15 27 24 6 37 39 13 12 46 18 20 7 48 42 31 33 21 17 1 38 10 40 19 11 26 4 
student 398: 29 5 37 42 39 45 25 36 38 14 32 28 6 48 15 23 49 9 47 12 20 50 4 22 16 30 26 2 34 41 13 11 46 19 18 8 43 44 31 33 24 17 1 35 7 40 21 10 27 3 
student 399: 30 6 32 44 39 43 21 35 37 13 33 29 5 48 20 27 49 7 47 8 23 50 4 25 15 28 26 2 38 41 9 14 46 17 19 10 45 42 31 34 24 16 1 36 11 40 18 12 22 3 
student 400: 34 7 33 44 38 45 23 35 37 14 31 32 5 43 16 25 50 6 48 10 22 47 3 26 18 27 24 2 39 42 13 12 46 15 20 11 49 41 29 30 21 19 1 36 9 40 17 8 28 4 
student 401: 30 5 33 46 39 43 27 36 38 14 32 24 6 45 17 25 50 7 44 11 21 48 4 23 16 29 28 2 37 40 13 12 47 18 19 10 49 42 31 34 22 15 1 35 9 41 20 8 26 3 
student 402: 25 4 33 44 38 41 28 36 34 14 32 27 5 45 16 26 50 8 46 10 22 48 3 23 15 30 24 2 43 40 6 13 47 17 19 9 49 42 31 35 21 18 1 37 11 39 20 12 29 7 
student 403: 30 6 31 44 38 43 24 37 36 13 33 27 5 46 17 25 50 7 47 10 21 49 2 23 15 29 26 3 39 40 14 12 45 16 19 9 48 42 32 34 22 18 1 35 11 41 20 8 28 4 
student 404: 30 3 33 44 36 43 24 34 38 14 32 31 7 47 17 25 50 8 46 6 21 49 4 23 12 27 26 1 39 41 15 13 45 20 18 9 48 42 29 37 22 16 2 35 10 40 19 11 28 5 
student 405: 30 6 32 45 38 43 23 36 35 15 33 27 5 46 14 25 49 7 47 8 21 48 4 24 17 29 26 3 39 41 12 10 44 18 19 9 50 42 31 34 20 16 2 37 11 40 22 13 28 1 
student 406: 29 5 32 46 39 40 24 36 34 14 33 25 4 44 10 26 47 11 48 7 22 50 1 23 16 27 28 3 38 41 15 13 49 20 19 8 45 43 30 35 21 18 2 37 9 42 17 12 31 6 
student 407: 30 4 36 45 39 44 25 33 38 14 32 27 8 46 18 24 49 7 47 9 22 50 3 23 15 29 26 1 37 40 13 12 42 17 19 6 48 43 35 31 21 16 2 34 10 41 20 11 28 5 
student 408: 31 6 33 43 41 39 24 35 38 12 28 32 5 44 15 26 48 7 47 9 21 50 3 23 16 27 29 2 36 45 13 11 46 17 19 8 49 42 30 34 22 18 1 37 10 40 20 14 25 4 
student 409: 31 4 32 40 38 45 24 35 37 12 33 27 7 50 14 26 47 5 46 9 22 49 2 23 21 28 30 3 39 43 15 13 44 18 16 8 48 42 29 34 19 17 1 36 10 41 20 11 25 6 
student 410: 28 7 36 41 35 43 25 37 38 14 30 26 4 45 16 24 49 6 47 8 21 50 5 23 18 33 29 2 39 40 11 12 44 17 19 13 48 46 31 32 20 15 1 34 9 42 22 10 27 3 
student 411: 29 6 32 43 39 44 23 35 38 14 33 27 7 45 12 26 49 5 46 10 25 50 4 21 16 31 28 2 37 42 17 13 48 15 22 9 47 41 30 34 18 19 1 36 8 40 20 11 24 3 
student 412: 31 5 32 44 40 43 25 33 35 14 36 28 6 49 15 27 48 7 47 9 21 50 3 22 16 29 24 4 37 41 13 11 46 17 19 8 45 42 30 34 23 18 1 38 10 39 20 12 26 2 
student 413: 33 4 32 42 40 41 22 37 38 14 29 28 6 45 18 26 49 9 46 7 20 50 5 25 17 30 24 2 36 43 15 13 48 21 19 8 47 44 34 31 23 12 3 35 11 39 16 10 27 1 
student 414: 27 6 33 44 37 43 25 35 36 14 32 29 5 46 16 20 49 8 47 10 23 50 3 18 15 30 21 1 39 41 13 11 45 19 22 7 48 42 31 34 26 17 2 38 12 40 24 9 28 4 
student 415: 30 6 36 45 33 43 24 32 38 14 34 29 5 46 15 23 50 7 47 8 20 48 2 26 17 28 25 1 39 42 13 12 44 16 21 11 49 41 31 35 22 19 3 37 10 40 18 9 27 4 
student 416: 22 5 33 45 39 43 26 34 38 14 32 29 7 47 13 27 50 6 48 12 21 49 4 28 15 24 25 2 37 42 16 11 44 20 17 8 46 41 31 35 23 18 1 36 9 40 19 10 30 3 
student 417: 30 7 33 44 38 42 24 37 34 14 31 28 5 46 16 23 49 8 47 10 20 50 6 22 15 29 26 2 40 41 13 11 45 19 21 9 48 43 32 36 25 17 1 35 3 39 18 12 27 4 
student 418: 33 4 32 45 38 44 23 36 40 13 31 28 6 41 15 25 50 7 47 11 21 49 3 18 16 29 27 2 35 42 9 14 46 19 22 8 48 43 34 30 24 17 1 37 10 39 20 12 26 5 
student 419: 30 4 32 45 41 46 24 35 37 15 33 25 7 47 14 26 49 6 48 8 20 50 2 22 21 29 27 3 39 38 13 12 40 17 19 9 44 42 31 34 23 16 1 36 10 43 18 11 28 5 
student 420: 30 3 34 40 41 44 29 36 39 14 35 27 8 47 15 24 45 6 49 7 21 48 2 23 16 28 25 4 37 42 13 12 46 17 19 11 50 43 31 33 22 18 1 32 9 38 20 10 26 5 
student 421: 31 7 33 42 38 44 25 35 36 19 32 28 5 45 20 22 47 8 48 10 23 50 1 21 13 29 26 3 39 41 14 12 46 16 17 6 49 43 30 34 24 15 2 37 11 40 18 9 27 4 
student 422: 29 7 31 49 39 43 23 37 35 15 33 30 5 46 18 26 50 8 45 6 24 47 4 22 16 27 25 2 36 41 13 11 44 12 19 9 48 42 32 38 17 20 1 34 14 40 21 10 28 3 
student 423: 27 2 33 44 39 45 25 35 38 13 31 29 6 46 14 24 47 9 49 8 19 48 5 23 16 30 26 4 37 41 15 11 43 18 20 7 50 42 32 34 22 17 1 36 10 40 21 12 28 3 
student 424: 29 3 33 45 40 42 24 31 36 14 35 28 6 48 13 25 50 9 44 5 21 49 4 19 18 27 30 2 38 43 15 10 46 16 23 8 47 39 32 34 22 20 1 37 11 41 17 12 26 7 
student 425: 28 5 37 47 36 43 25 41 34 14 32 30 6 44 15 26 50 8 45 7 21 49 3 23 17 31 27 2 38 42 12 11 48 20 18 10 46 39 29 33 22 16 1 35 9 40 19 13 24 4 
student 426: 30 6 34 44 42 43 25 33 38 13 29 24 7 45 15 27 48 5 46 9 19 50 3 22 16 26 32 2 41 40 14 12 47 17 18 10 49 39 31 35 20 21 1 36 8 37 23 11 28 4 
student 427: 30 3 31 45 40 44 22 35 37 15 33 27 4 43 14 26 48 9 47 6 23 50 5 24 16 28 25 2 38 41 12 13 46 17 19 7 49 42 32 34 20 18 1 36 10 39 21 11 29 8 
student 428: 31 4 33 44 37 43 24 35 38 16 34 30 6 47 10 26 49 8 46 7 21 50 3 22 15 29 27 1 36 40 12 14 45 18 19 9 48 42 28 32 23 17 2 39 11 41 20 13 25 5 
student 429: 30 5 33 47 38 43 26 39 36 15 29 31 9 44 16 24 50 7 45 8 21 48 3 22 17 28 25 2 37 42 12 13 46 14 19 6 49 41 32 35 23 18 1 34 11 40 20 10 27 4 
student 430: 30 5 31 44 39 46 22 35 38 14 33 28 7 43 18 26 50 6 47 9 19 49 3 24 16 29 27 2 34 41 12 10 45 17 21 8 48 42 32 37 20 15 1 36 11 40 23 13 25 4 
student 431: 30 6 34 44 37 43 24 36 42 14 31 28 7 45 17 25 49 5 47 10 21 50 4 23 16 29 26 2 40 39 11 13 46 19 18 8 48 41 32 35 22 15 1 33 12 38 20 9 27 3 
student 432: 30 2 33 44 34 43 25 36 38 16 32 27 8 46 12 23 49 6 48 7 20 50 4 24 17 29 28 3 40 41 14 13 45 18 21 9 47 42 31 35 22 15 1 37 11 39 19 10 26 5 
student 433: 33 5 35 42 39 47 20 36 38 14 31 28 6 46 15 24 49 7 44 8 22 50 1 25 16 27 26 3 37 41 13 12 45 19 17 9 48 43 30 34 23 18 2 32 10 40 21 11 29 4 
student 434: 30 3 34 46 38 44 23 33 37 15 32 28 7 45 14 24 50 6 47 9 20 49 4 25 18 26 27 2 39 43 17 12 42 22 16 10 48 41 36 29 21 13 1 35 8 40 19 11 31 5 
student 435: 32 4 33 44 43 42 25 35 38 11 31 27 7 45 16 30 48 9 49 8 22 50 1 20 15 28 26 2 36 39 13 12 47 17 18 5 46 41 29 37 23 19 3 34 10 40 21 14 24 6 
student 436: 29 5 36 42 40 44 27 34 35 13 31 30 7 45 15 22 49 8 50 6 20 46 4 24 16 28 25 1 37 43 14 12 47 18 19 11 48 41 32 33 23 17 2 38 9 39 21 10 26 3 
student 437: 31 2 34 43 39 41 25 33 38 16 32 26 9 44 13 28 50 6 48 14 21 47 5 22 15 27 29 4 42 40 12 7 46 18 19 8 49 45 30 35 23 17 3 36 11 37 20 10 24 1 
student 438: 30 5 32 45 38 43 24 33 39 18 36 27 7 47 11 26 49 6 44 8 17 50 3 23 15 29 28 2 37 40 13 12 46 19 20 14 48 42 31 34 21 16 1 35 9 41 22 10 25 4 
student 439: 32 5 33 45 39 44 24 34 37 16 30 27 6 46 15 25 48 8 42 9 21 50 3 22 17 31 26 2 38 40 12 13 47 20 18 10 49 43 29 35 23 14 1 36 7 41 19 11 28 4 
student 440: 31 4 33 44 36 43 25 37 39 12 29 27 7 47 15 24 49 10 48 6 21 50 3 23 16 28 32 1 40 41 18 9 46 19 20 13 45 42 30 34 22 14 2 35 8 38 17 11 26 5 
student 441: 30 6 35 44 41 42 26 36 38 15 33 27 5 47 12 28 48 7 45 8 24 50 3 21 19 29 23 2 40 43 10 13 46 16 17 9 49 39 32 31 18 20 1 37 11 34 22 14 25 4 
student 442: 28 6 34 44 38 48 25 35 37 13 32 30 7 45 17 20 49 8 46 5 22 50 2 24 16 27 26 3 40 42 11 10 39 18 21 9 47 43 31 33 23 14 1 36 12 41 19 15 29 4 
student 443: 30 3 31 44 38 43 25 41 37 14 34 26 7 49 8 24 48 9 45 6 22 50 5 23 15 28 27 2 36 39 13 11 46 17 18 10 47 40 33 32 21 19 1 35 12 42 20 16 29 4 
student 444: 28 4 35 43 39 44 21 37 34 14 31 29 8 45 15 24 49 6 48 7 22 50 2 25 16 32 27 3 38 42 13 12 46 17 18 10 47 41 30 33 23 19 1 36 9 40 20 11 26 5 
student 445: 32 5 34 44 39 42 23 31 37 15 30 28 8 48 10 24 50 6 47 9 26 49 1 21 14 29 25 4 40 41 16 13 45 17 19 11 46 43 33 35 22 20 3 36 7 38 18 12 27 2 
student 446: 31 6 34 45 37 43 26 35 38 14 32 27 4 47 15 28 50 7 46 8 22 49 2 20 17 29 25 5 41 40 13 10 44 18 19 12 48 42 30 33 23 16 1 36 9 39 21 11 24 3 
student 447: 30 3 33 42 39 41 24 35 38 13 32 26 6 48 15 28 47 8 43 9 21 49 4 23 14 29 25 1 36 44 12 16 46 19 17 7 50 45 31 34 22 18 2 37 10 40 20 11 27 5 
student 448: 34 1 32 43 38 45 24 33 37 13 31 28 10 44 17 25 49 7 47 9 20 50 4 21 16 29 26 3 39 41 14 11 46 19 22 6 48 42 30 35 23 18 2 36 8 40 15 12 27 5 
student 449: 27 4 33 43 41 39 31 37 36 12 28 29 6 45 16 22 49 8 48 7 21 50 3 26 17 30 24 2 40 44 14 13 46 15 19 9 47 42 34 35 23 18 1 32 10 38 20 11 25 5 
student 450: 30 9 33 43 38 42 25 36 40 14 34 28 6 44 15 27 48 5 47 10 22 49 2 24 16 29 20 3 32 39 13 12 46 19 17 8 50 45 31 35 23 18 1 37 7 41 21 11 26 4 
student 451: 30 5 33 43 39 42 23 37 36 13 32 27 6 48 14 24 47 7 50 8 22 49 2 25 16 29 28 4 38 41 12 15 45 19 17 10 46 44 31 34 20 18 1 35 9 40 21 11 26 3 
student 452: 29 5 35 44 39 43 22 33 38 13 32 27 7 48 15 25 47 6 50 8 20 49 2 21 16 31 26 1 36 40 14 12 46 18 19 9 45 42 30 37 24 17 4 34 10 41 23 11 28 3 
student 453: 32 5 34 42 39 45 23 35 38 18 33 27 4 46 6 24 50 8 47 9 21 48 3 28 15 26 25 1 37 41 13 12 44 17 19 14 49 43 30 31 22 16 2 36 10 40 20 11 29 7 
student 454: 31 4 33 44 39 42 24 36 35 15 32 29 6 46 14 26 50 9 47 7 17 48 2 23 18 25 28 1 41 40 8 12 45 20 19 13 49 43 30 34 21 16 3 37 10 38 22 11 27 5 
student 455: 29 4 33 41 38 40 27 34 39 15 31 30 5 47 13 22 49 8 46 7 24 50 3 23 18 28 26 2 36 45 14 12 42 16 20 11 48 44 32 35 21 17 1 37 9 43 19 10 25 6 
student 456: 29 2 34 44 39 47 24 33 37 14 32 25 7 43 20 26 49 6 45 10 18 50 5 21 15 31 27 4 38 41 13 12 46 17 19 11 48 42 30 36 23 16 1 35 9 40 22 8 28 3 
student 457: 31 4 32 43 39 45 27 37 38 12 34 28 6 46 15 25 49 11 47 8 20 50 5 23 18 30 29 1 36 41 14 13 44 22 17 2 48 42 26 35 21 16 3 33 10 40 19 7 24 9 
student 458: 29 6 32 46 39 40 23 35 36 13 30 27 4 48 15 26 49 8 45 7 21 50 5 25 16 34 24 2 38 42 12 11 43 18 19 10 47 44 31 33 22 17 1 37 14 41 20 9 28 3 
student 459: 30 5 33 44 37 45 25 34 35 14 32 28 6 46 15 26 47 7 49 10 18 50 3 24 19 29 23 4 38 41 13 12 43 17 20 8 48 42 31 36 22 16 1 40 9 39 21 11 27 2 
student 460: 30 5 35 43 38 44 28 34 37 12 31 26 6 46 15 24 50 8 47 10 20 49 2 23 14 27 29 3 40 39 16 13 45 17 19 7 48 41 33 32 18 21 1 36 9 42 22 11 25 4 
student 461: 30 6 35 45 40 43 26 34 37 14 32 27 5 46 19 23 44 7 47 8 21 50 3 22 17 29 24 1 36 41 15 12 48 16 18 9 49 42 31 33 20 13 2 38 10 39 25 11 28 4 
student 462: 28 2 31 43 38 42 22 37 39 14 36 29 6 44 15 23 49 9 47 7 20 50 3 27 18 32 24 1 34 40 11 12 46 19 16 8 48 41 30 35 26 17 5 33 10 45 21 13 25 4 
student 463: 30 7 33 44 38 43 21 37 35 16 31 28 6 47 14 24 49 9 45 2 20 50 4 26 18 29 25 1 41 40 13 11 46 19 23 8 48 42 32 34 22 17 3 36 10 39 15 12 27 5 
student 464: 29 5 33 47 37 45 23 31 38 13 34 30 6 48 15 27 50 11 44 7 21 46 3 24 16 25 28 2 39 42 14 12 41 18 19 8 49 43 32 36 22 17 1 35 10 40 20 9 26 4 
student 465: 30 3 33 46 39 43 23 35 38 12 32 27 7 48 14 24 47 8 44 9 22 50 5 29 15 26 25 2 36 40 16 13 45 18 19 1 49 42 31 37 21 17 4 34 10 41 20 11 28 6 
student 466: 29 5 34 45 38 42 26 36 35 14 30 27 6 46 19 25 49 9 47 7 20 50 2 23 15 31 24 1 40 41 13 11 43 17 21 8 48 44 33 32 22 16 4 37 10 39 18 12 28 3 
student 467: 29 6 32 43 39 41 25 37 38 14 34 28 3 46 15 24 50 11 47 8 21 49 4 22 18 33 26 2 36 42 13 12 45 17 16 7 48 44 30 31 23 19 1 35 9 40 20 10 27 5 
student 468: 29 3 32 44 41 38 25 30 37 18 34 27 8 45 13 24 49 6 46 7 21 50 2 26 17 31 28 4 40 43 12 14 39 16 20 9 47 48 33 36 23 15 1 35 10 42 19 11 22 5 
student 469: 30 5 34 45 36 44 23 35 39 14 32 24 8 43 15 27 50 6 47 7 20 49 2 19 21 29 25 4 38 41 13 10 46 17 16 12 48 42 31 33 26 22 3 37 11 40 18 9 28 1 
student 470: 29 5 32 42 40 44 23 38 37 13 31 27 6 49 19 25 48 7 45 9 24 47 4 22 15 34 28 2 36 43 14 11 46 20 21 8 50 39 30 35 18 17 1 33 12 41 16 10 26 3 
student 471: 28 5 33 44 39 41 26 35 36 12 32 30 6 45 17 25 50 7 46 9 21 49 1 24 13 31 27 2 38 42 11 16 48 18 19 10 47 40 29 34 22 15 3 37 8 43 23 14 20 4 
student 472: 31 6 33 46 39 40 24 35 38 12 32 27 8 47 15 30 50 4 45 7 23 48 3 25 17 28 26 2 36 42 11 9 44 19 16 13 49 43 29 34 21 18 1 37 10 41 20 14 22 5 
student 473: 30 6 32 43 38 42 22 36 35 15 34 28 5 46 14 25 48 7 49 9 23 50 2 24 16 26 27 3 37 41 13 10 45 18 21 11 47 44 33 31 20 17 1 39 8 40 19 12 29 4 
student 474: 30 6 31 46 39 42 24 35 34 17 32 27 3 43 12 25 49 9 48 4 22 50 7 23 19 29 28 5 38 41 10 15 44 13 20 8 47 45 33 36 18 16 1 37 14 40 21 11 26 2 
student 475: 30 5 33 43 41 44 24 36 34 14 35 26 6 45 15 25 50 7 47 10 19 49 4 23 17 28 27 2 38 42 9 13 46 20 18 8 48 39 31 32 22 16 1 37 11 40 21 12 29 3 
student 476: 30 6 33 44 38 43 24 36 39 21 31 27 7 47 11 25 50 5 49 8 17 46 3 20 18 29 26 2 37 41 12 14 45 16 19 9 48 40 32 34 23 15 1 35 10 42 22 13 28 4 
student 477: 29 8 33 42 39 44 24 34 37 10 32 28 4 46 14 26 49 6 47 9 15 50 3 22 18 30 25 1 38 41 13 17 45 21 19 7 48 43 31 35 23 16 2 36 12 40 20 11 27 5 
student 478: 29 5 36 44 40 43 23 33 38 15 32 30 9 45 18 25 49 6 46 7 21 50 3 26 17 27 28 2 39 37 10 12 48 14 20 8 47 42 31 34 16 19 1 35 11 41 22 13 24 4 
student 479: 30 2 31 45 39 43 23 35 36 14 34 26 7 44 15 25 49 8 48 9 19 50 1 22 16 29 27 4 38 42 13 12 46 18 17 10 47 41 33 32 24 20 3 37 11 40 21 6 28 5 
student 480: 29 5 34 45 38 41 26 40 36 14 32 28 7 46 16 25 47 8 48 9 19 50 2 27 15 31 24 1 37 43 13 12 42 21 17 4 49 44 30 33 22 18 3 35 11 39 20 10 23 6 
student 481: 29 8 34 45 40 43 20 36 39 14 32 27 6 44 15 25 46 3 49 9 18 50 1 24 17 30 26 2 41 37 13 12 47 19 21 10 48 42 31 33 23 16 4 38 11 35 22 7 28 5 
student 482: 30 6 34 44 41 43 26 35 37 18 32 27 7 45 13 25 47 4 46 8 22 49 2 23 14 28 24 3 38 40 15 12 48 16 19 9 50 42 31 33 21 17 1 36 10 39 20 11 29 5 
student 483: 32 4 36 44 39 42 25 37 33 15 35 27 8 45 14 24 50 9 47 11 21 48 3 22 18 29 28 1 38 43 12 10 46 16 19 13 49 41 30 31 23 20 2 34 6 40 17 7 26 5 
student 484: 30 4 34 44 39 40 25 33 35 14 32 27 5 46 18 26 49 8 47 7 21 50 1 22 16 28 29 2 41 43 15 11 45 13 19 6 48 42 23 37 24 17 9 36 10 38 20 12 31 3 
student 485: 32 3 30 44 39 42 26 37 31 14 35 25 7 45 15 28 48 5 46 10 22 50 4 17 18 29 24 1 38 40 12 13 49 16 21 9 47 43 36 33 23 19 2 34 6 41 20 11 27 8 
student 486: 29 2 32 46 38 43 24 36 39 18 33 30 7 45 13 25 50 8 47 5 22 49 3 23 15 27 26 6 37 42 14 12 44 16 17 11 48 41 31 34 21 19 1 35 10 40 20 9 28 4 
student 487: 30 6 34 43 41 39 27 36 37 13 33 28 4 46 14 23 47 7 48 9 21 50 2 22 17 29 25 1 38 40 8 15 45 16 18 10 49 44 31 32 24 20 3 35 11 42 19 12 26 5 
student 488: 29 3 31 45 42 40 24 35 38 14 33 30 6 47 21 23 50 7 48 10 20 46 4 25 15 32 28 2 39 43 13 12 44 17 19 9 49 41 27 34 26 16 1 36 11 37 18 8 22 5 
student 489: 34 5 32 48 37 43 24 38 33 14 31 22 7 46 13 26 45 1 47 11 23 49 9 21 16 27 29 2 39 40 8 12 44 19 18 6 50 41 30 35 25 17 3 36 15 42 20 10 28 4 
student 490: 30 6 35 43 40 45 24 34 39 13 32 31 5 44 15 27 50 7 47 9 22 49 1 25 16 29 23 2 38 41 12 14 46 19 18 8 48 42 26 33 21 17 3 36 11 37 20 10 28 4 
student 491: 30 7 33 47 40 46 24 38 39 16 32 29 5 48 13 25 49 8 45 6 21 50 2 23 15 28 26 1 36 44 12 11 37 17 20 9 43 42 31 34 22 18 3 35 10 41 19 14 27 4 
student 492: 32 5 35 42 39 43 25 34 36 13 30 31 3 48 16 27 47 7 49 11 22 50 2 21 17 28 26 4 38 41 12 15 44 18 23 9 46 45 29 33 20 14 1 37 8 40 19 10 24 6 
student 493: 32 4 35 45 39 43 24 30 36 14 33 26 6 44 18 27 50 7 47 10 22 46 3 23 15 29 25 2 38 40 12 13 48 17 16 8 49 42 34 31 21 19 1 37 9 41 20 11 28 5 
student 494: 30 4 33 46 38 43 27 35 37 15 29 31 5 49 14 25 45 7 48 10 21 47 2 24 16 28 23 1 39 41 13 11 44 19 17 8 50 42 32 34 22 18 3 36 9 40 20 12 26 6 
student 495: 31 6 32 43 40 44 21 34 38 14 35 26 7 46 16 25 49 9 47 4 22 50 3 23 17 27 29 2 36 41 11 13 45 19 15 8 48 42 33 30 24 18 1 37 10 39 20 12 28 5 
student 496: 36 6 33 43 39 42 25 35 37 14 30 28 5 47 15 27 48 4 49 9 21 50 3 24 16 29 26 2 38 44 13 11 46 20 18 8 45 41 32 31 23 17 1 34 10 40 19 12 22 7 
student 497: 31 2 32 43 40 42 23 33 38 16 34 29 6 49 14 24 48 3 50 8 22 47 4 21 15 30 27 1 39 41 11 13 44 18 19 9 46 45 28 35 25 17 7 36 10 37 20 12 26 5 
student 498: 28 5 34 46 40 43 26 35 37 14 32 30 6 45 16 24 49 7 48 8 20 50 4 23 19 31 25 3 39 42 17 10 44 18 21 9 47 41 29 33 22 15 2 36 11 38 13 12 27 1 
student 499: 30 6 34 44 42 45 23 35 37 14 32 28 5 46 16 25 49 7 47 8 24 50 4 19 18 29 27 1 40 39 13 12 43 15 17 10 48 36 31 33 22 20 2 38 9 41 21 11 26 3 
