student 0: 29 17 7 1 27 33 6 24 43 30 34 5 36 3 8 19 39 16 26 41 44 4 11 12 40 23 18 45 2 42 14 21 25 13 35 32 22 38 10 49 28 47 46 15 31 37 20 9 48 50 
student 1: 28 16 5 3 26 32 9 25 45 30 34 7 37 6 4 19 40 17 24 43 42 1 12 13 36 27 22 46 2 41 14 21 23 15 35 39 18 38 8 50 29 48 49 11 31 33 20 10 44 47 
student 2: 32 13 6 4 26 31 10 21 43 28 30 9 38 3 5 18 40 12 23 42 47 1 16 11 41 24 25 44 2 39 17 19 27 14 37 35 22 36 8 50 29 48 45 15 33 34 20 7 49 46 
student 3: 31 15 8 3 24 37 10 23 43 30 33 5 38 6 7 18 39 14 26 41 44 2 11 17 42 27 21 47 1 40 19 16 25 12 35 32 20 36 4 49 28 48 46 13 29 34 22 9 45 50 
student 4: 30 18 6 4 28 33 9 22 44 29 32 7 38 3 5 19 40 14 24 43 42 1 8 12 39 25 23 45 2 41 16 17 27 15 36 35 20 37 11 50 26 48 47 13 31 34 21 10 46 49 
student 5: 29 15 5 3 27 35 8 21 41 28 32 7 40 4 6 19 38 13 25 42 44 1 11 16 39 22 24 45 2 43 14 18 26 17 34 33 20 37 9 50 31 49 46 12 30 36 23 10 47 48 
student 6: 26 17 6 5 27 36 8 23 45 31 34 7 38 3 4 18 39 14 24 40 43 2 13 16 42 28 22 46 1 41 11 19 25 12 35 32 21 37 10 50 29 49 47 15 30 33 20 9 44 48 
student 7: 29 15 6 4 25 33 8 21 47 28 34 7 39 3 5 19 40 14 23 36 44 1 9 16 42 24 26 45 2 41 13 18 27 17 38 31 22 37 11 50 30 49 46 12 32 35 20 10 43 48 
student 8: 31 16 4 3 25 36 9 22 42 27 30 8 35 5 6 18 37 17 26 43 44 1 11 14 40 28 24 46 2 41 13 19 23 15 39 33 21 38 10 49 29 50 47 12 34 32 20 7 45 48 
student 9: 32 17 5 4 27 34 7 22 43 31 33 6 37 3 8 18 40 14 21 42 46 1 10 11 41 26 20 48 2 45 15 23 24 16 36 29 19 39 12 49 30 47 44 13 28 35 25 9 38 50 
student 10: 31 19 6 2 27 36 10 23 43 29 32 7 39 3 5 16 38 14 25 41 44 4 12 13 40 24 22 45 1 42 15 18 26 17 37 30 21 35 11 50 28 48 47 9 34 33 20 8 46 49 
student 11: 28 15 5 4 31 33 9 22 43 29 34 6 38 8 2 17 40 13 26 41 44 1 12 14 39 27 21 48 3 42 16 19 24 18 37 32 20 35 7 50 25 49 47 11 30 36 23 10 45 46 
student 12: 31 18 7 3 29 33 10 21 43 27 36 6 39 4 5 16 34 14 24 41 44 1 9 13 40 25 22 46 2 42 17 19 28 15 37 32 23 38 12 50 26 45 49 11 30 35 20 8 47 48 
student 13: 22 17 5 4 30 34 11 21 43 31 33 7 40 6 3 19 36 15 26 37 44 1 12 13 41 25 24 47 2 42 14 20 28 16 39 29 18 35 9 50 27 49 48 10 32 38 23 8 45 46 
student 14: 30 15 9 3 27 35 6 21 44 29 33 5 38 4 7 18 40 14 25 43 45 1 13 11 39 26 23 47 2 42 16 19 24 17 36 32 22 37 12 50 28 49 48 10 34 31 20 8 41 46 
student 15: 30 15 5 2 27 34 8 23 43 29 33 9 38 4 6 20 39 14 26 41 45 1 7 13 40 22 24 46 3 42 16 21 25 18 35 32 17 37 11 50 28 49 47 12 31 36 19 10 44 48 
student 16: 32 18 5 4 28 31 9 20 42 30 35 8 37 6 3 17 39 14 22 47 43 1 12 13 41 24 26 44 2 40 15 19 23 16 34 33 21 38 11 50 27 48 45 10 29 36 25 7 46 49 
student 17: 30 14 7 3 27 34 9 20 44 26 32 8 37 4 6 19 38 16 24 42 43 1 10 13 40 25 23 45 2 41 15 18 22 17 35 33 21 39 11 47 29 50 48 12 31 36 28 5 46 49 
student 18: 30 19 7 3 33 32 8 20 43 27 29 5 37 4 6 18 39 11 23 41 45 1 16 10 40 25 22 46 2 42 13 17 26 14 36 34 21 35 15 49 28 50 48 9 31 38 24 12 44 47 
student 19: 30 15 2 5 25 34 7 22 44 27 33 11 40 6 3 18 39 16 26 42 43 1 9 13 38 28 23 47 4 41 17 20 24 12 35 31 19 37 10 50 29 49 46 14 32 36 21 8 45 48 
student 20: 31 17 7 3 25 33 5 15 42 29 34 4 38 8 6 19 41 12 24 39 43 1 10 14 44 26 23 46 2 40 18 20 27 16 36 32 21 37 13 50 28 48 47 11 30 35 22 9 45 49 
student 21: 30 17 6 3 28 34 5 21 45 29 31 8 37 4 7 18 42 14 24 43 46 1 9 10 39 26 23 44 2 40 16 22 25 11 38 32 19 36 15 50 27 49 47 12 33 35 20 13 41 48 
student 22: 31 17 10 2 25 32 8 21 43 29 30 6 40 5 4 18 38 16 26 41 44 1 11 15 39 27 22 42 3 45 9 19 24 14 36 33 20 37 7 49 28 46 48 12 34 35 23 13 47 50 
student 23: 31 16 7 2 27 34 8 23 41 30 32 5 38 4 6 18 39 12 22 40 45 3 11 14 42 24 25 46 1 43 17 20 26 15 36 33 21 37 9 49 29 50 47 13 28 35 19 10 44 48 
student 24: 31 16 8 1 27 35 9 22 43 29 37 6 38 4 5 18 39 11 24 40 46 2 13 14 41 25 23 44 3 42 15 20 26 17 36 32 19 34 10 50 28 49 48 12 30 33 21 7 47 45 
student 25: 31 17 8 2 27 34 9 20 41 28 33 6 38 4 5 21 40 14 22 46 43 3 11 13 39 26 25 44 1 42 19 15 29 16 37 32 18 35 10 49 24 48 47 12 30 36 23 7 45 50 
student 26: 27 17 5 3 26 33 8 22 44 28 34 7 35 6 4 18 40 15 25 41 45 1 12 11 42 29 23 43 2 39 14 20 24 16 36 32 19 38 9 50 37 48 46 13 30 31 21 10 47 49 
student 27: 30 11 7 3 22 34 10 23 43 29 33 1 38 5 6 17 39 15 24 41 44 2 13 9 40 26 25 45 4 42 16 19 27 18 35 32 21 37 8 50 28 49 47 14 31 36 20 12 46 48 
student 28: 35 15 4 6 27 38 7 22 42 32 30 8 36 2 5 20 37 16 24 40 45 3 10 13 41 23 25 48 1 43 14 18 26 17 34 29 19 39 11 50 28 47 46 12 33 31 21 9 44 49 
student 29: 30 17 5 4 28 33 8 14 44 27 32 7 38 3 6 18 41 15 24 40 43 2 12 13 39 25 23 45 1 42 16 20 26 19 37 35 21 36 10 50 29 49 47 9 31 34 22 11 46 48 
student 30: 33 18 7 4 29 32 8 22 40 28 34 5 43 3 6 17 37 15 24 41 44 1 9 11 38 27 23 45 2 46 12 19 25 16 36 31 20 39 10 49 26 50 48 14 30 35 21 13 42 47 
student 31: 25 19 5 1 31 37 6 23 42 29 36 8 35 7 2 16 34 14 24 41 48 4 10 11 39 21 28 44 3 45 15 18 27 17 40 33 20 32 9 50 26 47 46 13 30 38 22 12 43 49 
student 32: 31 17 6 2 28 34 5 19 43 26 32 9 35 4 7 14 38 13 24 41 45 1 12 16 39 22 25 46 3 42 11 18 29 20 36 33 21 40 8 50 27 48 47 15 30 37 23 10 44 49 
student 33: 28 19 6 2 29 34 9 22 42 31 33 7 38 4 5 17 41 14 23 39 47 1 11 13 40 25 24 43 3 44 15 18 27 16 36 30 20 37 10 46 26 49 48 12 32 35 21 8 45 50 
student 34: 30 15 5 2 28 38 10 24 42 29 32 7 39 4 6 18 35 14 23 44 43 3 11 13 41 25 22 47 1 37 16 17 26 20 36 34 21 40 8 50 27 49 46 12 31 33 19 9 45 48 
student 35: 31 15 8 3 28 36 9 23 43 29 30 6 39 4 5 17 40 20 25 41 45 2 7 11 38 27 24 47 1 42 16 19 21 13 32 35 18 34 10 49 26 46 48 14 33 37 22 12 44 50 
student 36: 30 21 6 3 29 33 7 20 45 28 34 11 38 4 5 16 40 14 23 39 43 1 8 13 41 26 24 44 2 42 15 17 25 19 36 31 22 37 10 49 27 50 47 12 32 35 18 9 46 48 
student 37: 32 18 6 4 27 39 7 24 43 30 35 9 36 5 3 19 34 13 26 41 46 1 10 17 38 23 20 45 2 42 14 21 25 15 33 31 16 40 8 50 29 47 49 12 28 37 22 11 44 48 
student 38: 30 21 7 3 26 34 8 20 43 29 33 5 35 4 6 18 42 14 24 38 40 2 10 13 41 25 23 44 1 45 17 16 27 15 37 32 19 39 11 48 28 50 47 12 31 36 22 9 46 49 
student 39: 30 13 8 2 25 34 6 22 47 29 33 7 40 4 5 20 38 16 27 39 41 1 11 14 42 24 23 44 3 43 15 18 28 17 37 32 19 35 10 49 26 50 45 12 31 36 21 9 46 48 
student 40: 28 12 5 3 27 34 6 21 42 29 31 13 38 9 2 18 37 15 24 43 44 1 7 14 41 23 22 46 4 40 16 19 26 17 35 33 20 39 10 47 32 50 48 8 30 36 25 11 45 49 
student 41: 26 17 5 1 29 32 8 23 42 30 38 7 37 4 6 20 36 14 22 44 43 2 10 13 40 25 24 47 3 41 15 18 28 16 34 33 21 39 11 49 27 50 45 12 31 35 19 9 46 48 
student 42: 31 17 5 1 26 35 13 20 43 30 32 9 40 4 7 18 37 15 22 42 48 2 8 11 41 25 27 46 3 39 16 19 24 12 36 33 21 38 14 50 28 45 49 10 29 34 23 6 47 44 
student 43: 31 17 5 3 24 35 8 23 45 28 33 7 37 4 6 18 39 14 27 42 44 1 11 13 40 26 22 46 2 41 16 19 29 15 34 32 20 38 10 50 25 49 47 12 30 36 21 9 43 48 
student 44: 31 19 6 2 28 34 8 22 44 29 33 7 35 4 5 17 40 14 23 42 43 3 11 12 41 25 24 45 1 39 13 21 26 16 36 30 18 38 10 50 27 49 46 15 32 37 20 9 48 47 
student 45: 27 15 7 3 28 36 10 26 42 30 32 6 35 4 5 20 37 13 23 38 44 1 11 16 40 22 25 49 2 41 18 17 24 14 43 34 21 39 9 50 31 47 46 12 29 33 19 8 45 48 
student 46: 30 17 5 2 25 37 8 21 45 29 33 9 35 4 6 18 39 14 19 42 43 1 11 13 40 28 23 49 3 41 15 20 24 16 36 34 22 32 10 50 26 48 46 12 31 38 27 7 44 47 
student 47: 28 17 5 4 27 33 7 20 46 30 34 8 38 3 6 19 40 13 25 39 45 1 9 14 41 24 21 44 2 42 15 22 26 16 36 32 18 37 12 50 29 49 48 10 31 35 23 11 43 47 
student 48: 30 17 8 3 26 34 6 25 42 27 33 4 38 7 5 24 39 13 22 41 45 1 10 14 40 23 20 46 2 43 16 18 28 15 35 32 19 37 9 49 29 48 44 12 31 36 21 11 47 50 
student 49: 28 15 7 5 25 31 8 23 42 29 34 9 40 4 3 21 39 13 24 43 45 1 6 14 38 26 22 46 2 41 16 17 27 18 36 35 20 37 11 50 30 49 47 12 32 33 19 10 44 48 
student 50: 28 17 6 2 29 34 7 24 44 27 32 8 37 5 4 18 39 13 26 38 43 3 14 12 41 23 22 46 1 42 16 19 25 15 36 33 20 40 10 50 31 49 47 11 30 35 21 9 45 48 
student 51: 31 18 6 3 28 33 7 24 43 30 32 8 38 4 5 16 40 13 25 39 44 1 11 12 41 26 23 47 2 42 14 20 27 17 36 34 19 37 10 50 29 45 48 15 22 35 21 9 46 49 
student 52: 33 18 6 3 29 32 7 24 43 28 34 11 38 4 5 17 39 15 25 42 44 1 10 13 40 23 22 45 2 41 14 19 27 16 36 31 20 35 9 50 26 49 47 12 30 37 21 8 46 48 
student 53: 30 21 7 4 26 29 6 20 43 32 35 5 40 8 3 16 38 14 23 39 46 1 11 13 41 25 22 44 2 42 15 24 28 19 37 33 17 34 10 50 27 48 45 12 31 36 18 9 47 49 
student 54: 29 17 7 4 27 34 9 22 43 30 31 6 35 3 5 18 40 13 25 38 44 2 11 14 41 24 23 46 1 42 16 19 26 15 37 33 21 39 10 50 28 49 48 12 32 36 20 8 45 47 
student 55: 27 18 7 2 29 36 8 23 41 31 34 6 37 5 3 20 39 15 25 43 45 1 11 12 40 24 22 42 4 46 13 19 26 16 33 30 17 38 9 49 28 48 47 14 32 35 21 10 44 50 
student 56: 29 16 5 2 28 35 7 21 40 31 30 8 38 3 4 17 39 14 27 42 43 1 11 13 41 23 24 47 6 44 15 20 26 18 37 34 19 36 10 50 25 48 46 12 33 32 22 9 45 49 
student 57: 29 17 7 1 26 35 10 23 46 31 33 6 38 3 5 21 39 16 27 41 42 2 11 13 40 24 20 43 4 44 15 18 25 14 34 30 22 37 8 49 28 48 50 12 32 36 19 9 45 47 
student 58: 30 16 4 5 29 33 8 22 43 31 34 7 37 6 2 17 39 14 24 40 44 1 11 15 38 25 23 46 3 41 20 18 27 13 35 32 19 42 9 49 26 48 50 12 28 36 21 10 45 47 
student 59: 29 17 6 5 27 34 9 22 45 30 33 7 38 2 3 18 41 10 23 40 43 1 14 12 39 26 25 47 4 42 15 21 24 16 35 32 19 37 13 48 28 46 50 11 31 36 20 8 44 49 
student 60: 26 18 6 5 23 37 9 24 46 30 33 4 36 3 7 16 40 15 27 38 44 1 11 14 41 29 22 45 2 42 10 19 25 17 39 32 20 35 12 50 28 48 47 13 31 34 21 8 43 49 
student 61: 28 16 6 4 27 39 13 17 46 31 38 7 33 3 5 19 37 15 25 42 41 1 9 14 40 24 22 49 2 43 12 20 26 18 35 29 23 36 11 50 34 48 45 10 30 32 21 8 44 47 
student 62: 28 19 6 4 29 35 8 24 43 30 33 7 40 5 3 17 39 15 23 42 45 1 11 13 41 25 22 44 2 38 14 20 26 16 37 31 18 36 9 50 27 49 47 12 32 34 21 10 46 48 
student 63: 30 18 1 4 26 35 3 19 43 29 32 5 33 7 8 20 39 14 24 42 44 2 10 12 40 25 23 45 6 41 15 21 27 16 38 34 22 37 13 50 28 48 47 11 31 36 17 9 46 49 
student 64: 28 18 5 3 27 34 7 22 45 33 32 12 38 4 6 17 41 11 20 40 49 1 10 15 37 26 23 46 2 43 14 19 25 16 35 31 21 36 8 50 29 48 44 13 30 39 24 9 42 47 
student 65: 29 16 7 4 24 34 8 21 44 30 32 6 39 3 5 18 38 13 25 40 41 1 11 14 43 28 22 48 2 42 15 23 26 17 36 33 19 37 10 50 27 46 47 12 31 35 20 9 45 49 
student 66: 29 18 8 3 27 34 7 23 45 28 31 6 38 4 5 22 39 14 25 42 44 1 9 12 40 26 21 46 2 41 15 19 24 16 37 33 17 35 10 49 32 50 47 11 30 36 20 13 43 48 
student 67: 28 16 6 7 22 35 3 23 44 30 34 8 37 4 5 19 39 14 24 45 38 1 11 13 43 26 25 41 2 42 18 17 27 15 40 32 20 36 10 50 29 48 46 12 31 33 21 9 47 49 
student 68: 33 17 5 3 29 34 8 20 46 27 32 6 37 4 7 18 40 13 24 42 48 1 12 14 41 28 23 47 2 43 15 19 25 16 36 30 21 35 10 50 26 49 45 11 31 38 22 9 39 44 
student 69: 32 17 6 4 26 34 8 25 43 27 31 7 38 5 3 15 45 18 24 40 42 1 9 12 37 21 23 46 2 41 14 19 29 16 36 30 20 39 11 49 28 50 47 13 33 35 22 10 44 48 
student 70: 31 18 3 4 27 35 8 22 42 29 33 7 36 6 5 17 39 14 25 43 44 2 12 10 37 23 28 46 1 41 16 19 20 13 40 30 21 38 11 50 26 49 47 15 32 34 24 9 45 48 
student 71: 28 17 9 1 27 34 8 24 43 30 32 6 38 2 3 19 39 13 26 41 45 4 10 15 40 23 18 44 5 42 14 20 25 16 36 29 21 37 11 49 31 50 47 12 33 35 22 7 46 48 
student 72: 29 19 5 2 30 33 12 23 41 27 34 9 39 4 6 18 35 14 26 42 44 1 10 11 40 22 24 45 3 43 15 16 25 17 37 31 20 38 8 50 28 49 48 13 32 36 21 7 46 47 
student 73: 31 20 5 2 22 32 8 21 44 29 28 6 36 7 3 16 40 18 24 39 42 4 10 13 41 25 26 49 1 43 14 17 27 15 35 34 19 38 11 48 30 50 45 12 33 37 23 9 47 46 
student 74: 31 17 6 4 26 34 7 22 42 27 32 13 37 5 3 18 40 12 25 38 44 1 10 11 41 24 23 46 2 43 16 19 28 15 36 30 20 39 9 50 29 49 48 14 33 35 21 8 45 47 
student 75: 32 17 5 2 28 33 9 23 40 29 30 7 39 4 6 18 41 15 21 42 45 1 11 13 38 26 25 48 3 44 14 20 24 16 37 35 22 36 10 50 27 46 43 12 31 34 19 8 47 49 
student 76: 31 17 6 4 28 35 5 21 42 30 32 9 38 3 7 19 39 15 22 40 43 2 12 13 44 27 25 46 1 45 14 18 26 16 37 29 23 34 10 48 24 50 47 11 33 36 20 8 41 49 
student 77: 30 18 5 7 28 34 8 17 44 29 33 6 35 3 4 19 39 14 25 41 43 2 9 12 40 24 23 46 1 42 15 20 26 16 37 32 21 38 11 50 27 48 49 13 31 36 22 10 45 47 
student 78: 28 18 7 3 27 34 10 21 43 30 29 8 39 4 5 25 36 15 23 41 44 2 11 13 40 24 22 46 1 42 14 17 26 16 32 31 20 37 6 50 33 48 47 12 35 38 19 9 45 49 
student 79: 30 18 9 3 26 35 7 20 42 27 32 4 38 6 5 16 37 14 24 43 44 1 10 12 39 28 23 45 2 41 15 19 25 17 40 33 21 36 8 49 29 50 48 13 31 34 22 11 47 46 
student 80: 31 17 5 3 27 35 9 23 43 30 32 7 40 4 6 16 38 15 24 42 47 1 11 14 39 22 26 45 2 41 13 19 25 18 34 33 20 36 10 48 28 49 46 12 29 37 21 8 44 50 
student 81: 30 18 6 2 27 34 9 23 43 28 33 7 36 4 3 22 41 15 21 40 44 5 13 12 39 25 20 49 1 42 14 26 24 16 37 32 17 35 10 50 29 48 46 11 31 38 19 8 45 47 
student 82: 30 15 7 3 26 32 8 22 43 27 33 6 35 4 5 18 39 14 25 40 45 1 11 13 41 28 21 47 2 42 17 19 24 16 36 37 20 38 10 49 29 48 50 12 31 34 23 9 44 46 
student 83: 28 16 8 2 27 37 7 19 43 30 34 5 35 3 4 22 36 13 25 40 45 6 11 17 41 24 23 46 1 42 14 20 26 15 38 32 18 39 10 50 29 49 47 12 31 33 21 9 44 48 
student 84: 30 19 7 5 26 32 8 20 42 34 29 6 39 4 3 13 37 16 24 41 43 1 10 15 40 27 22 45 2 44 14 17 25 21 36 31 18 33 11 48 28 50 47 12 35 38 23 9 46 49 
student 85: 34 14 1 5 27 38 10 22 44 29 30 6 37 8 3 17 36 15 25 41 43 2 7 12 39 21 23 46 4 42 16 19 26 18 35 32 20 40 11 50 28 49 48 13 33 31 24 9 45 47 
student 86: 30 16 6 3 28 35 7 21 40 23 32 9 46 4 5 19 38 13 24 43 42 1 8 14 39 26 22 45 2 41 15 18 27 17 36 33 25 37 10 50 31 49 47 12 29 34 20 11 44 48 
student 87: 30 17 5 6 27 29 7 20 45 31 33 8 39 2 4 19 38 13 22 41 44 3 12 11 40 24 21 48 1 42 15 23 28 16 36 34 25 37 10 50 26 47 49 14 32 35 18 9 43 46 
student 88: 29 20 6 3 27 34 8 22 43 28 33 7 36 5 4 16 37 13 25 40 44 1 10 15 39 23 24 46 2 42 14 18 26 17 38 32 19 41 9 50 30 49 47 11 31 35 21 12 45 48 
student 89: 29 17 3 4 27 31 7 22 43 28 33 10 36 5 6 19 38 14 25 39 45 2 11 13 40 30 23 44 1 41 15 18 24 16 37 34 20 42 8 50 26 48 46 12 32 35 21 9 49 47 
student 90: 31 16 5 1 27 35 8 22 42 33 34 7 38 6 4 18 41 13 24 40 47 2 10 17 39 25 23 44 3 43 14 19 26 11 36 32 21 37 12 48 28 50 46 15 29 30 20 9 45 49 
student 91: 30 17 5 4 24 34 8 21 42 29 31 7 39 6 3 18 37 13 25 40 44 1 11 15 43 27 23 46 2 41 14 19 26 16 35 32 22 36 10 50 28 48 47 12 33 38 20 9 45 49 
student 92: 32 17 3 4 28 30 8 22 43 29 33 6 40 5 7 20 37 14 25 41 46 1 10 12 38 24 23 45 2 42 15 18 26 16 34 36 21 39 11 50 27 47 49 13 31 35 19 9 44 48 
student 93: 28 10 5 3 27 34 9 21 40 29 31 8 38 4 6 19 39 17 26 43 48 2 13 14 41 24 22 47 1 42 16 15 25 18 36 33 20 37 7 50 30 49 45 12 32 35 23 11 44 46 
student 94: 30 13 8 2 26 36 4 22 41 29 35 6 37 7 5 17 39 18 27 40 45 1 10 11 42 28 24 46 3 43 15 16 25 20 34 33 19 38 12 50 23 48 47 14 31 32 21 9 44 49 
student 95: 29 18 5 1 28 33 9 24 42 30 31 8 35 2 3 17 38 12 23 39 46 6 10 13 43 26 22 45 4 41 15 20 25 14 40 36 16 37 19 50 27 47 49 11 32 34 21 7 44 48 
student 96: 29 21 10 5 27 36 6 22 39 30 31 4 37 7 3 19 38 14 23 40 45 1 8 16 41 26 25 47 2 43 13 17 28 15 35 34 18 42 9 50 24 49 46 12 32 33 20 11 44 48 
student 97: 30 17 7 3 27 34 9 23 46 29 32 8 38 4 5 18 39 15 22 42 41 2 10 13 40 24 21 43 1 44 14 25 26 16 35 33 20 36 11 50 28 49 45 12 31 37 19 6 47 48 
student 98: 29 20 6 7 28 36 4 23 44 27 33 9 40 8 3 19 42 15 22 39 45 1 12 14 35 24 25 47 2 41 16 17 26 13 38 31 18 37 10 50 30 49 46 11 32 34 21 5 43 48 
student 99: 30 18 9 3 28 35 12 22 46 29 31 6 37 4 5 17 38 10 27 44 41 1 7 14 40 26 24 43 2 42 15 20 23 16 36 33 19 39 11 48 25 50 47 13 32 34 21 8 45 49 
student 100: 31 17 5 8 27 35 6 21 49 29 34 7 38 3 4 19 45 13 23 40 44 1 9 11 39 26 22 47 2 42 15 20 25 16 36 30 18 37 14 50 28 48 46 12 33 32 24 10 41 43 
student 101: 31 18 7 2 28 35 6 22 45 27 32 9 38 3 5 19 37 14 23 39 41 1 10 13 43 25 24 50 4 44 15 21 26 16 40 33 17 36 11 49 30 48 47 12 29 34 20 8 42 46 
student 102: 29 18 6 2 27 34 8 22 41 28 33 7 37 4 5 15 38 12 21 40 44 1 9 14 39 26 25 46 3 45 16 24 23 17 42 32 19 35 13 50 31 47 48 11 30 36 20 10 43 49 
student 103: 30 15 4 1 26 36 8 24 43 31 34 11 35 5 3 18 38 12 25 41 45 7 6 13 40 23 22 46 2 42 17 21 28 16 37 29 20 39 14 48 27 50 49 10 32 33 19 9 47 44 
student 104: 31 21 4 5 27 32 10 22 45 29 34 6 38 1 7 18 42 13 25 40 41 3 14 12 39 26 23 44 2 43 15 16 24 19 35 30 17 37 9 50 28 48 47 11 33 36 20 8 46 49 
student 105: 31 12 8 1 28 33 7 23 44 30 35 6 38 4 2 18 40 15 24 41 45 3 11 14 39 27 22 47 5 43 20 19 26 16 37 29 17 34 9 50 25 49 42 13 32 36 21 10 48 46 
student 106: 29 14 4 5 28 36 8 22 44 27 33 7 37 3 6 18 39 15 24 42 45 1 11 12 38 25 23 47 2 41 16 19 26 17 35 31 20 34 9 49 32 50 48 13 30 40 21 10 43 46 
student 107: 30 12 9 3 28 35 7 24 44 29 33 5 37 6 4 18 41 15 25 43 40 1 10 13 42 23 21 47 2 39 16 19 26 17 36 31 22 38 8 49 27 50 46 11 34 32 20 14 45 48 
student 108: 30 17 6 3 24 35 12 22 44 28 33 8 37 4 5 18 38 14 25 40 43 1 9 11 42 27 23 45 2 41 15 21 31 16 34 29 19 39 10 50 26 46 47 13 32 36 20 7 48 49 
student 109: 31 19 6 4 25 33 8 24 40 29 34 7 38 2 5 16 41 11 26 39 45 1 9 14 42 27 22 46 3 44 18 13 23 17 35 32 20 36 15 50 28 49 48 12 30 37 21 10 43 47 
student 110: 31 13 6 3 27 34 10 24 43 30 32 7 40 4 5 15 35 14 23 42 44 1 11 16 41 25 22 46 2 38 18 17 26 19 36 28 21 37 9 49 29 50 45 12 33 39 20 8 47 48 
student 111: 32 19 5 3 28 31 6 23 44 30 35 8 37 4 1 17 39 13 26 42 47 7 12 15 40 22 25 45 2 41 16 18 24 14 33 34 20 38 10 50 29 49 46 11 27 36 21 9 43 48 
student 112: 30 18 7 6 27 32 8 22 43 28 34 5 37 3 4 17 41 15 24 39 44 1 12 11 40 25 20 49 2 42 14 19 26 16 38 33 21 36 10 50 29 46 45 13 31 35 23 9 47 48 
student 113: 28 18 4 5 29 35 11 26 41 31 34 3 37 6 7 19 42 16 24 40 46 1 10 13 38 21 22 45 2 44 14 20 25 15 36 33 17 39 8 50 27 49 47 12 30 32 23 9 43 48 
student 114: 26 16 3 5 28 36 8 22 42 33 32 4 38 6 7 17 39 14 24 41 43 2 10 13 40 27 23 45 1 44 15 18 25 20 37 31 19 35 9 50 29 49 47 12 30 34 21 11 46 48 
student 115: 30 17 6 2 27 34 7 22 46 29 33 8 38 5 3 18 39 16 25 40 44 1 10 13 42 24 23 43 4 41 14 19 26 15 36 31 21 37 11 49 28 50 45 12 32 35 20 9 48 47 
student 116: 30 15 6 3 25 39 11 20 45 29 34 7 37 4 5 18 40 14 28 43 44 1 9 12 41 24 23 47 2 38 17 19 26 16 33 32 21 36 13 50 27 49 46 10 31 35 22 8 42 48 
student 117: 29 17 5 4 27 34 8 22 44 30 33 6 38 7 3 18 40 14 23 42 39 1 11 13 41 25 24 46 2 43 16 19 28 15 35 32 20 37 9 50 26 48 47 12 31 36 21 10 45 49 
student 118: 31 17 7 4 26 35 8 22 43 29 33 6 38 3 5 16 37 13 27 41 44 2 12 19 40 23 24 46 1 42 14 18 25 15 32 34 20 39 11 47 28 50 49 9 30 36 21 10 45 48 
student 119: 30 19 8 3 27 34 7 22 47 28 33 5 39 4 6 16 38 13 24 42 43 2 9 14 40 25 23 45 1 41 17 18 26 15 35 32 20 37 11 50 29 49 46 12 31 36 21 10 44 48 
student 120: 27 18 8 5 28 37 7 21 43 32 29 6 36 4 3 20 38 14 24 41 46 1 11 13 40 25 23 45 2 42 15 17 26 16 39 33 19 35 10 49 30 48 47 12 31 34 22 9 44 50 
student 121: 31 18 6 1 27 34 7 21 43 26 32 5 37 3 8 16 39 14 24 41 44 4 13 12 40 23 30 47 2 42 17 20 25 15 35 36 19 38 11 50 29 49 46 9 28 33 22 10 45 48 
student 122: 30 15 5 3 29 34 9 22 46 28 32 8 37 4 7 19 44 10 21 40 42 1 14 11 36 25 27 41 2 43 17 18 24 13 35 33 23 39 12 50 26 45 47 16 31 38 20 6 48 49 
student 123: 30 18 6 3 25 34 7 27 46 31 28 5 37 4 9 17 39 14 24 45 47 2 11 13 42 23 21 43 1 41 16 19 29 15 36 32 22 38 10 49 26 48 44 12 33 35 20 8 40 50 
student 124: 30 19 4 2 27 37 8 23 44 29 35 6 40 7 5 15 39 16 24 41 42 1 11 12 38 25 22 47 3 43 14 20 26 17 34 33 18 32 10 50 28 49 46 13 31 36 21 9 45 48 
student 125: 31 22 8 6 26 35 7 25 43 30 33 5 38 4 1 16 40 14 23 42 44 2 13 12 41 24 21 48 3 39 15 18 27 17 28 34 19 37 11 49 29 47 45 10 32 36 20 9 46 50 
student 126: 31 13 6 4 26 35 8 25 43 28 34 7 37 2 3 19 44 18 24 40 42 1 11 14 38 27 22 46 5 41 15 16 23 17 36 32 20 39 12 50 30 49 47 10 29 33 21 9 45 48 
student 127: 31 16 3 5 26 33 8 23 42 29 32 6 40 4 7 18 38 14 24 39 44 2 10 12 41 25 22 47 1 43 15 19 27 17 34 30 21 37 11 50 28 49 46 13 36 35 20 9 45 48 
student 128: 31 17 6 4 24 34 8 23 41 30 32 7 42 3 5 18 39 15 25 43 44 1 11 14 37 27 20 47 2 40 12 19 28 16 36 29 22 38 10 50 26 49 46 13 33 35 21 9 45 48 
student 129: 31 18 8 3 21 33 9 19 43 29 32 5 38 2 6 16 36 11 25 40 44 4 12 14 41 28 22 46 1 42 15 20 26 17 34 35 23 39 7 49 27 50 47 13 30 37 24 10 45 48 
student 130: 29 17 11 3 26 35 7 27 42 30 34 6 33 4 5 18 38 15 24 41 44 1 9 12 40 23 21 46 2 43 16 20 28 14 37 32 19 39 8 49 25 47 48 13 31 36 22 10 45 50 
student 131: 31 18 5 2 24 35 7 16 46 29 32 9 39 8 3 17 42 12 25 40 44 1 13 14 37 27 23 48 4 41 15 20 26 19 36 33 21 38 6 50 28 49 45 11 30 34 22 10 43 47 
student 132: 29 18 5 4 28 33 8 23 44 34 32 7 40 6 3 17 38 14 24 39 47 1 12 13 42 25 20 45 2 43 15 21 26 16 35 30 19 37 10 50 27 48 46 11 31 36 22 9 41 49 
student 133: 29 15 6 3 26 32 8 21 44 33 31 7 34 4 5 19 38 12 24 39 43 1 11 13 40 25 23 45 2 42 17 18 27 14 36 35 20 37 10 46 28 50 49 16 30 41 22 9 47 48 
student 134: 27 19 5 2 25 37 8 24 43 29 30 7 34 4 6 17 32 14 22 42 44 1 10 13 40 26 23 46 3 41 15 18 28 16 38 35 20 39 12 47 31 50 48 11 33 36 21 9 45 49 
student 135: 30 17 6 3 25 34 9 21 43 28 32 8 38 5 2 18 40 15 26 41 46 1 10 11 39 24 23 47 4 45 12 22 27 16 35 33 19 37 13 48 29 50 49 14 31 36 20 7 44 42 
student 136: 30 17 7 4 27 34 6 19 43 29 31 8 38 5 3 18 37 13 26 40 44 1 11 16 41 24 22 48 2 42 12 21 25 15 39 35 23 36 9 49 28 50 45 14 32 33 20 10 46 47 
student 137: 29 18 5 1 25 35 9 21 43 31 30 6 38 7 3 17 41 14 23 39 46 4 13 12 40 26 24 47 2 42 15 20 27 16 34 33 19 37 11 50 28 45 48 10 32 36 22 8 44 49 
student 138: 31 17 5 3 30 35 8 24 43 28 34 6 39 4 9 16 40 13 22 38 46 2 11 20 42 26 27 44 1 41 14 19 25 15 33 32 18 36 12 50 23 49 47 10 29 37 21 7 45 48 
student 139: 25 19 5 3 27 35 10 21 42 33 32 9 37 4 7 17 41 13 23 40 44 1 11 12 39 26 24 46 2 43 14 18 29 16 38 28 22 36 8 50 30 48 47 15 31 34 20 6 45 49 
student 140: 30 19 8 5 28 36 7 23 44 33 32 6 38 1 4 17 39 15 22 40 47 2 10 13 35 24 25 49 3 42 14 18 26 16 37 27 21 34 11 48 29 45 50 12 31 41 20 9 46 43 
student 141: 30 19 6 3 26 37 8 23 41 29 35 7 38 1 4 18 39 15 25 40 45 5 12 13 42 24 22 48 2 43 14 20 28 16 32 33 17 36 10 50 27 47 46 11 31 34 21 9 44 49 
student 142: 31 18 4 6 27 36 9 21 44 29 30 5 38 3 7 17 39 13 26 41 43 1 10 16 42 22 23 45 2 40 14 19 25 15 35 33 20 37 11 49 28 50 48 12 34 32 24 8 47 46 
student 143: 30 19 6 3 29 34 7 23 41 25 33 9 38 4 5 18 40 14 22 42 44 2 13 12 39 24 26 45 1 43 15 16 27 17 36 31 21 37 8 47 28 50 46 10 32 35 20 11 48 49 
student 144: 30 15 6 1 27 35 10 21 43 28 31 8 33 4 5 17 42 14 24 40 44 2 7 11 39 25 22 46 3 41 13 19 26 18 37 34 20 38 9 50 29 49 47 16 32 36 23 12 45 48 
student 145: 30 18 6 2 29 34 10 25 42 28 33 8 36 3 5 21 39 14 20 41 44 1 12 13 40 24 23 45 4 43 15 17 26 16 38 32 22 37 7 48 27 50 49 11 31 35 19 9 46 47 
student 146: 27 14 11 4 26 34 7 22 46 29 33 5 37 3 6 20 42 15 25 41 40 2 10 13 39 24 23 45 1 43 17 18 30 16 36 32 21 38 9 50 28 49 47 12 31 35 19 8 44 48 
student 147: 32 17 2 4 27 35 6 22 43 29 34 9 41 5 7 18 38 15 24 37 44 3 10 13 40 25 23 46 1 42 14 19 26 16 39 31 20 36 11 50 30 48 47 12 28 33 21 8 45 49 
student 148: 31 17 4 5 27 35 6 22 40 30 29 8 37 3 7 18 39 9 24 43 45 1 13 15 42 25 23 41 2 44 14 19 26 16 36 34 20 33 12 50 28 49 46 11 32 38 21 10 48 47 
student 149: 30 17 5 8 26 33 9 22 44 29 34 6 38 3 4 18 40 13 23 41 43 2 14 12 39 25 24 47 1 42 16 20 28 15 35 32 19 37 11 50 27 48 49 10 31 36 21 7 45 46 
student 150: 30 21 5 2 27 38 9 22 43 29 34 6 39 4 7 17 40 13 26 41 44 1 14 10 36 23 25 46 3 42 18 16 24 15 35 31 20 37 8 49 28 50 47 12 33 32 19 11 45 48 
student 151: 25 17 7 3 33 32 12 21 43 30 28 6 39 4 5 19 38 14 24 40 45 1 11 13 41 29 23 46 2 42 16 18 27 15 36 34 20 37 8 50 26 49 48 10 31 35 22 9 44 47 
student 152: 30 17 3 5 27 35 8 22 41 29 33 10 37 4 6 19 42 13 24 40 43 1 11 14 38 25 23 44 2 45 15 18 26 16 34 28 20 39 9 49 32 50 47 12 31 36 21 7 46 48 
student 153: 28 19 6 4 29 34 8 21 44 26 33 7 42 2 5 18 41 14 25 39 43 3 9 16 36 22 23 50 1 40 17 24 27 13 37 32 15 38 12 47 30 48 45 11 31 35 20 10 46 49 
student 154: 29 15 8 3 28 35 5 23 46 32 33 7 37 4 6 21 39 13 20 41 42 1 11 14 40 24 25 47 2 43 16 17 26 19 36 30 18 38 10 50 27 45 49 12 31 34 22 9 44 48 
student 155: 32 21 11 3 27 30 7 25 42 31 35 6 37 5 4 17 41 13 19 43 44 1 9 10 39 24 23 46 2 40 15 22 26 16 38 33 20 36 12 50 28 49 48 14 29 34 18 8 45 47 
student 156: 30 15 7 3 26 33 6 22 38 29 34 8 40 2 5 18 39 14 25 43 44 1 10 11 41 23 24 46 4 45 16 20 27 17 36 32 19 37 9 49 28 50 47 13 31 35 21 12 42 48 
student 157: 35 17 6 2 26 34 8 23 43 30 33 7 36 4 5 16 39 15 24 41 44 3 11 14 37 20 25 49 1 42 21 18 27 13 38 32 19 40 12 48 28 50 46 10 31 29 22 9 45 47 
student 158: 31 17 5 3 27 33 8 21 41 30 29 6 39 4 7 19 42 9 24 40 45 1 11 10 44 28 25 47 2 35 14 18 22 15 36 32 20 38 16 50 26 48 49 13 34 37 23 12 43 46 
student 159: 30 17 6 3 28 32 8 22 46 31 33 7 39 4 5 19 38 15 24 40 44 1 13 14 41 26 23 49 2 42 16 9 27 18 36 34 20 37 10 48 25 47 50 12 29 35 21 11 43 45 
student 160: 28 15 7 2 26 34 6 21 46 31 33 8 39 4 5 17 38 16 24 40 43 1 11 12 41 25 23 48 3 42 14 18 27 19 36 32 22 35 10 47 29 50 45 13 30 37 20 9 44 49 
student 161: 30 14 6 4 27 37 9 24 47 33 34 8 39 3 5 16 36 13 25 42 44 1 10 15 40 23 19 45 2 41 18 22 26 21 38 31 20 32 11 50 28 49 43 12 29 35 17 7 48 46 
student 162: 30 18 9 3 24 35 8 23 42 29 32 7 38 2 5 20 39 14 22 41 43 1 10 13 40 25 26 48 4 44 15 21 28 16 37 33 17 34 11 47 27 50 45 6 31 36 19 12 46 49 
student 163: 30 18 6 3 28 33 8 24 41 29 34 5 39 4 7 17 38 16 20 40 44 1 12 9 42 25 23 46 2 43 14 19 27 15 37 31 21 35 11 50 26 48 47 13 32 36 22 10 45 49 
student 164: 28 16 4 2 26 34 5 22 41 29 30 10 39 7 8 18 38 14 24 45 44 1 11 12 40 25 23 47 3 43 15 20 27 17 37 32 19 35 9 50 33 49 48 13 31 36 21 6 46 42 
student 165: 27 18 3 7 31 34 6 20 41 30 29 11 32 4 5 17 43 14 24 36 44 1 10 13 42 25 21 45 2 40 15 22 28 16 39 33 19 38 8 49 26 48 46 12 35 37 23 9 50 47 
student 166: 31 17 8 4 26 35 9 23 46 30 29 6 33 3 5 20 39 13 25 41 43 2 10 12 40 24 21 44 1 42 16 18 27 14 37 32 22 38 11 50 28 49 47 15 34 36 19 7 45 48 
student 167: 30 20 6 3 28 33 10 22 45 27 36 4 40 5 7 18 38 15 23 43 42 1 12 13 39 24 25 46 2 41 16 21 26 14 37 29 17 34 9 50 32 47 48 8 31 35 19 11 44 49 
student 168: 30 17 5 3 29 35 7 20 43 28 33 8 38 4 13 21 39 14 23 41 44 1 10 11 40 25 24 46 2 42 15 18 26 16 36 32 19 37 9 50 27 49 47 12 31 34 22 6 45 48 
student 169: 30 17 5 3 28 34 8 22 41 29 33 7 38 4 6 19 39 14 25 46 42 1 12 13 40 27 23 45 2 44 15 20 24 16 36 32 18 37 10 50 26 48 43 11 31 35 21 9 47 49 
student 170: 30 16 5 2 28 35 9 21 43 29 34 7 39 6 4 18 41 17 25 44 48 3 8 14 38 26 22 45 1 40 15 19 27 11 36 33 20 37 10 47 24 49 46 12 32 31 23 13 42 50 
student 171: 30 16 6 4 26 34 9 22 45 28 31 8 38 3 7 20 41 15 24 39 43 1 11 13 40 25 23 47 2 42 19 17 32 14 37 33 21 35 10 50 27 49 46 12 29 36 18 5 44 48 
student 172: 28 17 7 2 24 34 9 22 41 31 33 6 40 4 5 18 42 12 25 39 45 1 11 14 38 29 23 46 3 44 16 19 30 15 37 27 20 36 13 50 26 48 47 10 32 35 21 8 43 49 
student 173: 28 17 7 4 29 32 8 22 43 31 34 5 38 2 6 18 39 13 25 42 45 1 14 12 40 27 21 44 3 41 15 19 26 16 36 33 20 37 10 49 24 50 47 11 30 35 23 9 46 48 
student 174: 34 17 6 1 26 35 8 25 44 31 32 7 38 5 4 19 40 13 27 41 43 2 9 14 37 22 23 48 3 42 15 18 24 16 39 29 20 36 12 50 30 49 47 10 28 33 21 11 45 46 
student 175: 29 17 5 3 24 36 9 22 45 30 34 6 38 4 7 18 37 16 25 40 42 2 10 12 39 28 20 44 1 43 14 23 26 15 33 31 21 41 8 50 27 48 49 11 32 35 19 13 46 47 
student 176: 32 18 4 2 23 33 9 21 42 30 34 8 39 7 5 17 37 12 20 41 44 3 13 15 40 25 24 46 1 43 11 26 31 16 36 29 19 38 6 50 28 49 47 14 27 35 22 10 45 48 
student 177: 32 19 8 3 28 33 7 23 41 27 30 4 38 2 6 15 39 13 21 47 43 1 9 14 42 24 25 44 5 40 16 20 26 18 37 36 17 35 12 50 29 48 49 10 31 34 22 11 46 45 
student 178: 30 16 7 3 26 33 9 22 41 29 32 8 37 4 5 19 38 13 25 42 45 1 11 14 40 24 23 43 2 44 15 18 27 17 36 31 20 39 10 50 28 49 46 12 35 34 21 6 47 48 
student 179: 28 16 6 3 27 31 9 22 48 26 35 7 36 5 2 19 39 15 24 40 42 4 11 13 41 29 23 49 1 44 14 17 25 18 37 33 20 34 8 50 30 47 46 12 32 38 21 10 43 45 
student 180: 30 17 9 3 28 35 10 22 40 29 32 5 34 4 7 18 37 14 21 41 43 2 11 13 48 26 24 46 1 42 16 20 27 15 36 31 19 39 6 50 25 47 44 12 33 38 23 8 45 49 
student 181: 31 17 7 3 23 33 10 22 41 29 34 5 37 4 6 18 39 13 25 43 42 1 9 11 38 26 24 47 2 44 14 21 27 16 35 30 19 40 12 50 28 48 46 15 32 36 20 8 45 49 
student 182: 31 18 6 2 27 34 10 23 44 29 32 7 37 3 4 19 38 15 24 41 47 5 11 12 40 25 22 46 1 42 13 17 26 16 39 30 20 36 9 48 28 50 49 14 33 35 21 8 43 45 
student 183: 29 18 7 3 28 33 6 21 45 25 35 8 36 5 4 17 38 15 24 41 46 1 11 13 40 26 20 47 2 43 14 19 30 16 34 32 23 42 10 50 27 49 44 12 31 37 22 9 39 48 
student 184: 30 19 10 1 26 37 7 22 43 29 32 5 38 4 6 16 40 14 23 41 44 2 9 12 42 24 20 46 3 39 17 18 25 13 35 33 21 36 11 50 28 48 47 15 31 34 27 8 45 49 
student 185: 33 15 5 1 28 35 9 22 43 30 32 6 39 3 4 18 40 14 23 41 46 2 11 12 38 24 25 47 7 42 16 21 26 17 36 29 20 37 10 50 31 44 48 13 27 34 19 8 45 49 
student 186: 30 16 4 3 28 36 6 20 45 27 34 8 38 7 5 17 40 15 23 42 41 1 10 13 39 25 24 47 2 43 14 19 26 18 32 33 21 37 9 50 29 46 48 12 31 35 22 11 44 49 
student 187: 30 22 8 3 24 35 7 21 41 29 34 5 39 6 4 17 40 12 26 43 45 1 15 16 38 27 23 47 2 44 14 19 25 13 36 32 18 37 10 50 28 49 48 11 31 33 20 9 42 46 
student 188: 29 18 6 4 25 31 7 22 40 28 34 9 39 1 2 16 37 15 24 41 47 3 11 12 42 30 23 44 5 43 17 20 27 14 35 33 19 38 10 50 26 46 45 13 32 36 21 8 48 49 
student 189: 29 19 5 6 26 34 10 22 43 28 33 4 38 2 7 17 39 12 24 41 47 1 9 16 40 25 21 46 3 42 14 18 27 11 37 30 20 36 15 49 31 50 45 13 32 35 23 8 44 48 
student 190: 29 17 7 2 26 34 9 23 46 30 32 6 40 5 4 20 39 15 24 42 41 1 10 11 37 28 21 48 3 45 14 18 25 16 38 33 22 36 8 50 27 47 49 13 31 35 19 12 43 44 
student 191: 33 17 6 3 28 32 8 23 43 29 31 7 40 4 5 21 38 14 26 41 44 1 12 13 39 19 25 46 2 42 16 18 27 15 35 34 20 37 9 50 24 49 47 11 30 36 22 10 45 48 
student 192: 32 20 7 4 31 35 10 24 43 28 34 6 33 2 5 17 41 16 23 40 44 3 11 13 38 25 21 47 1 42 15 14 27 18 39 30 19 37 9 49 26 48 45 12 29 36 22 8 46 50 
student 193: 32 12 8 3 25 33 7 19 44 30 35 4 37 5 6 18 39 14 24 42 43 2 13 10 38 27 21 46 1 41 16 22 26 17 40 31 20 34 11 50 28 49 47 15 29 36 23 9 45 48 
student 194: 30 18 7 3 27 34 9 24 40 28 33 6 38 4 5 15 41 12 23 43 44 1 8 16 37 26 19 46 2 42 17 20 25 14 36 32 22 39 11 49 29 50 47 13 31 35 21 10 45 48 
student 195: 31 18 6 2 26 33 7 23 44 29 36 11 38 3 5 19 39 17 27 40 43 1 10 14 37 24 22 48 4 42 13 15 25 16 34 32 20 41 9 50 28 47 49 12 30 35 21 8 45 46 
student 196: 30 17 6 4 27 34 8 19 44 28 32 7 36 3 5 18 38 13 23 40 45 1 9 15 41 25 22 43 2 42 14 21 26 16 37 33 20 39 11 50 31 49 47 10 29 35 24 12 46 48 
student 197: 31 15 7 3 29 33 10 23 46 27 34 8 38 4 5 18 40 11 24 39 42 1 12 17 41 25 22 47 2 43 14 19 26 16 36 32 20 37 6 50 28 49 45 13 30 35 21 9 44 48 
student 198: 30 18 6 3 27 33 7 26 43 29 31 8 40 5 4 15 37 16 23 41 44 1 11 13 39 24 20 46 2 42 14 17 25 21 35 32 19 38 10 48 28 50 47 12 34 36 22 9 45 49 
student 199: 26 12 7 2 28 34 8 23 43 30 33 5 42 4 6 17 40 16 24 39 44 3 11 15 38 27 22 48 1 41 14 18 25 19 36 32 20 37 10 49 29 50 45 13 31 35 21 9 46 47 
student 200: 29 15 7 2 26 35 6 23 44 30 33 8 40 3 5 19 38 16 24 39 43 1 12 11 42 25 22 48 4 41 17 20 27 14 36 32 21 37 10 50 28 49 47 13 31 34 18 9 45 46 
student 201: 32 17 6 3 26 34 9 23 41 29 33 8 38 4 5 19 39 14 22 40 43 1 7 11 42 25 24 46 2 45 16 20 28 18 36 31 15 37 13 50 30 49 47 12 27 35 21 10 44 48 
student 202: 30 17 6 1 27 34 8 25 45 29 31 7 38 4 5 18 39 14 19 40 44 3 11 13 41 23 28 48 2 42 15 20 24 16 36 33 22 37 9 49 26 50 46 12 32 35 21 10 43 47 
student 203: 31 15 6 4 26 34 10 21 42 30 33 7 37 5 3 18 39 13 23 45 43 1 8 12 41 24 25 44 2 40 16 20 27 17 38 32 19 36 11 49 29 50 48 14 28 35 22 9 47 46 
student 204: 33 19 6 8 24 37 7 22 43 26 32 5 39 3 4 18 41 13 28 44 46 1 12 14 38 23 27 40 2 42 16 17 25 15 34 31 21 36 9 50 30 49 47 10 29 35 20 11 48 45 
student 205: 31 18 4 2 26 33 12 19 45 29 32 7 37 3 6 17 41 15 22 40 46 5 10 13 39 27 25 42 1 43 14 20 23 16 38 35 21 36 9 50 28 49 48 11 30 34 24 8 47 44 
student 206: 33 16 2 3 26 34 6 22 43 29 32 8 38 5 9 14 40 23 21 42 44 1 13 15 39 24 28 45 4 41 12 18 25 19 36 31 17 37 10 47 27 50 48 11 30 35 20 7 46 49 
student 207: 29 19 5 6 26 36 8 20 43 28 33 7 34 1 4 17 39 13 23 40 44 2 11 16 41 24 22 46 3 42 14 18 25 15 37 31 21 38 10 50 30 49 47 12 32 35 27 9 45 48 
student 208: 29 17 5 3 26 34 10 23 40 30 32 6 35 4 7 20 39 12 25 42 43 1 13 14 41 22 24 48 2 45 16 18 27 15 38 33 21 36 11 50 28 49 46 9 31 37 19 8 44 47 
student 209: 30 17 6 3 29 34 7 22 41 27 32 8 38 4 5 18 40 13 28 42 44 1 11 12 39 24 23 46 2 43 14 19 26 15 37 33 21 36 9 50 25 47 49 16 31 35 20 10 45 48 
student 210: 27 15 7 3 28 36 8 26 43 29 33 4 39 5 6 17 42 18 24 40 45 1 10 12 37 23 20 46 2 41 13 21 25 16 38 32 19 35 11 49 30 50 48 14 31 34 22 9 44 47 
student 211: 30 17 5 4 28 34 9 21 42 29 35 12 38 3 6 18 39 11 24 40 44 1 14 10 37 26 22 45 2 43 15 19 25 16 36 33 20 41 7 49 27 50 46 13 32 31 23 8 47 48 
student 212: 31 16 6 5 28 33 7 21 42 24 34 9 38 4 3 17 40 19 23 41 43 1 10 12 39 26 22 45 2 46 14 18 27 15 35 32 20 37 8 50 29 47 48 13 30 36 25 11 44 49 
student 213: 31 17 6 4 25 34 7 23 45 29 33 11 37 3 5 15 39 16 24 40 44 1 8 14 38 21 26 46 2 42 20 19 27 13 35 32 18 41 9 50 28 48 47 10 30 36 22 12 43 49 
student 214: 27 17 2 7 28 37 8 23 45 29 33 6 39 3 5 18 40 13 26 41 44 1 11 14 42 24 21 46 4 43 15 19 25 16 34 31 20 38 10 49 30 48 47 12 32 35 22 9 36 50 
student 215: 30 19 9 3 26 35 7 24 43 29 32 6 38 5 4 21 39 13 23 42 44 1 14 15 41 20 28 47 2 40 8 17 25 16 36 33 22 37 11 50 27 49 45 12 31 34 18 10 46 48 
student 216: 31 18 4 1 26 35 9 22 42 29 33 8 39 2 6 14 38 17 25 43 45 3 11 15 40 27 23 47 5 41 13 19 24 16 36 32 20 37 7 48 28 50 46 12 30 34 21 10 44 49 
student 217: 23 19 7 3 28 35 9 20 43 32 33 6 36 4 2 18 39 14 24 40 44 1 10 13 41 30 22 46 5 42 16 17 26 15 34 31 21 38 12 48 27 50 47 8 29 37 25 11 45 49 
student 218: 32 20 6 1 27 35 9 23 44 28 33 7 39 4 5 21 38 18 26 43 42 2 12 11 41 24 16 45 3 40 15 17 25 14 36 31 22 37 8 50 29 48 49 13 30 34 19 10 46 47 
student 219: 30 18 4 2 28 34 7 21 43 29 33 6 40 5 8 22 36 14 24 42 46 1 12 10 41 27 23 45 3 37 15 20 25 13 38 31 17 39 11 50 26 49 47 16 32 35 19 9 44 48 
student 220: 29 18 5 4 26 33 8 23 45 30 31 6 36 3 7 13 39 15 24 41 43 2 12 11 40 25 22 47 1 42 16 21 28 17 37 32 19 38 10 50 27 49 44 14 34 35 20 9 46 48 
student 221: 31 18 6 4 28 35 8 25 42 26 32 7 33 5 3 19 37 14 23 40 45 2 13 12 41 27 22 44 1 43 15 20 24 16 38 34 17 39 9 47 29 50 48 11 30 36 21 10 46 49 
student 222: 32 13 4 3 27 34 8 24 44 31 38 7 43 6 5 21 37 12 25 40 39 1 14 15 42 26 20 46 2 41 16 17 22 19 33 29 23 36 11 50 28 48 47 10 30 35 18 9 45 49 
student 223: 28 18 6 4 27 34 7 22 44 30 35 8 38 3 5 19 39 15 24 40 46 1 10 16 41 23 25 43 2 42 12 20 26 13 37 31 17 32 9 50 29 49 48 14 33 36 21 11 45 47 
student 224: 29 18 6 1 30 34 7 19 45 27 33 9 38 3 5 17 39 14 23 42 44 2 11 13 41 25 24 46 4 43 15 21 26 16 36 32 20 37 10 47 28 49 48 12 31 35 22 8 40 50 
student 225: 30 16 5 3 26 33 10 22 42 29 34 7 45 4 11 18 37 15 27 39 43 1 13 8 41 23 24 46 2 40 19 21 25 14 36 32 20 38 6 49 28 50 48 9 31 35 17 12 44 47 
student 226: 29 17 8 6 26 34 3 21 43 30 33 9 38 5 2 18 39 15 23 41 44 4 11 12 40 25 24 47 1 42 13 19 28 16 35 31 22 36 7 50 32 49 48 14 27 37 20 10 45 46 
student 227: 28 16 6 3 25 37 8 20 43 31 33 7 41 2 5 23 39 15 26 42 45 4 13 12 35 27 21 47 1 40 14 22 24 17 34 30 18 38 11 50 29 49 48 10 32 36 19 9 44 46 
student 228: 29 18 6 3 31 34 8 22 43 25 32 7 39 4 5 19 37 12 23 41 45 1 10 16 40 26 24 46 2 42 14 15 27 17 35 30 20 38 11 50 28 49 47 13 33 36 21 9 44 48 
student 229: 31 19 3 4 27 34 8 23 42 28 32 5 38 7 9 16 40 15 26 41 44 1 10 14 39 24 22 45 2 43 13 17 25 18 36 33 21 35 11 50 29 49 46 12 30 37 20 6 48 47 
student 230: 28 19 6 4 27 34 8 20 42 29 33 11 39 3 5 17 38 14 22 41 43 2 9 13 40 26 23 48 1 46 16 21 31 15 36 30 18 37 7 50 25 49 47 12 32 35 24 10 44 45 
student 231: 30 18 9 2 22 35 8 25 42 29 36 6 34 5 3 17 39 13 26 41 45 1 10 11 40 24 23 46 4 43 15 19 27 16 31 33 20 38 7 50 28 48 49 14 32 37 21 12 44 47 
student 232: 30 19 5 3 27 34 12 25 42 28 31 7 39 4 6 17 41 14 23 38 44 2 13 11 40 22 24 49 1 43 15 21 26 16 36 33 18 37 9 50 29 48 46 10 32 35 20 8 45 47 
student 233: 31 18 6 2 27 34 8 21 43 29 35 7 41 4 5 20 38 15 24 40 47 1 10 13 39 26 22 48 3 42 16 19 25 14 36 33 23 37 9 50 28 49 46 11 30 32 17 12 44 45 
student 234: 30 17 11 2 28 34 6 23 41 29 33 5 39 3 4 18 37 15 21 43 42 1 10 12 40 27 24 49 7 46 16 19 25 13 38 32 20 36 8 50 26 47 45 14 31 35 22 9 48 44 
student 235: 31 20 4 2 24 32 6 22 42 27 34 9 39 3 8 19 37 18 26 43 46 1 11 13 41 23 25 45 5 40 14 17 28 15 35 33 16 38 10 50 29 49 48 12 30 36 21 7 44 47 
student 236: 30 15 4 2 28 34 7 23 39 27 33 9 38 3 8 19 41 18 24 40 44 1 13 11 42 25 22 46 5 43 12 17 26 14 36 32 20 35 6 49 29 50 47 16 31 37 21 10 45 48 
student 237: 29 16 6 3 27 33 8 21 43 31 34 7 37 5 4 17 40 15 23 41 48 2 13 12 39 24 25 44 1 42 14 20 26 18 36 32 19 38 11 50 28 49 46 10 30 35 22 9 45 47 
student 238: 30 17 6 2 27 31 7 24 41 29 37 12 38 3 5 18 40 14 28 42 46 4 8 13 39 22 20 48 1 43 15 23 26 16 34 36 21 35 10 50 25 49 44 11 32 33 19 9 45 47 
student 239: 29 16 6 2 26 34 13 22 44 28 33 8 39 4 7 19 37 15 24 42 41 1 5 11 40 25 23 45 3 46 14 21 27 17 35 32 20 38 10 49 30 50 47 12 31 36 18 9 43 48 
student 240: 30 20 7 2 29 33 10 22 48 27 34 4 38 3 8 15 42 14 25 40 43 1 6 12 39 23 24 45 5 44 16 17 26 18 37 32 19 36 11 50 28 49 46 13 31 35 21 9 41 47 
student 241: 21 17 3 2 30 35 7 25 45 28 33 4 38 6 8 18 39 13 23 41 42 1 12 14 40 26 22 43 5 44 16 20 27 15 37 31 19 36 11 49 29 50 47 10 32 34 24 9 46 48 
student 242: 27 18 6 3 29 35 9 20 42 30 34 7 36 4 5 19 39 16 21 44 43 1 11 13 40 24 23 45 2 41 14 22 25 15 38 32 17 37 10 50 28 49 47 12 31 33 26 8 46 48 
student 243: 31 18 5 3 26 34 8 22 43 28 35 10 37 2 9 17 39 14 25 45 46 1 6 13 42 24 23 40 4 41 15 20 29 16 38 32 19 36 11 50 27 48 44 12 30 33 21 7 47 49 
student 244: 32 18 6 4 28 31 8 20 43 29 33 7 36 3 5 19 40 15 21 42 44 1 11 14 41 26 25 46 2 39 12 17 23 16 35 30 22 37 10 50 27 48 47 13 38 34 24 9 45 49 
student 245: 32 17 8 2 26 34 12 22 37 31 35 9 41 5 4 20 42 14 24 39 43 3 7 15 40 25 23 47 1 44 11 18 27 16 36 33 21 38 10 50 28 48 49 13 29 30 19 6 45 46 
student 246: 30 17 1 7 29 33 12 22 44 28 31 8 38 4 5 24 39 13 23 40 46 2 10 15 41 25 20 47 3 42 16 18 26 14 34 27 19 37 6 50 32 49 45 11 35 36 21 9 43 48 
student 247: 28 14 3 2 27 37 13 22 43 30 33 9 36 5 8 19 41 15 24 38 44 1 11 12 42 25 23 46 4 39 17 18 29 16 40 31 20 35 7 49 26 50 48 10 32 34 21 6 45 47 
student 248: 28 16 6 3 27 30 10 22 43 29 34 9 38 5 4 21 39 14 26 40 45 1 11 13 41 23 24 47 2 42 15 19 25 17 36 33 20 37 7 50 32 46 48 12 31 35 18 8 44 49 
student 249: 31 17 9 2 27 38 6 21 41 28 33 10 36 5 3 18 40 15 23 42 43 4 7 14 37 25 24 50 1 44 13 19 26 16 34 32 20 39 8 49 29 48 46 12 30 35 22 11 45 47 
student 250: 29 17 5 2 26 33 8 23 42 28 32 7 38 3 6 18 39 13 25 41 44 1 14 12 40 22 24 48 4 43 16 19 27 15 36 35 20 37 10 49 30 46 45 11 31 34 21 9 47 50 
student 251: 30 16 4 2 27 33 8 21 44 28 31 10 37 7 3 19 39 14 24 40 42 1 12 17 41 26 23 47 5 43 15 18 25 13 38 34 22 36 11 49 29 50 45 6 32 35 20 9 46 48 
student 252: 31 17 12 5 27 34 7 21 42 30 36 6 39 1 4 19 37 15 23 38 44 2 10 14 41 24 22 45 3 43 11 26 25 16 40 32 20 35 9 50 28 48 47 13 29 33 18 8 46 49 
student 253: 30 20 7 2 27 34 11 18 46 28 33 6 42 4 5 17 38 14 24 39 44 1 9 12 40 26 23 43 3 41 13 19 25 15 35 31 22 36 8 50 29 49 45 10 32 37 21 16 48 47 
student 254: 29 18 4 2 27 34 5 23 42 30 33 8 38 6 7 17 40 12 22 36 44 1 11 13 41 25 24 46 3 43 14 20 26 16 37 31 19 39 10 50 28 49 48 15 32 35 21 9 45 47 
student 255: 29 16 6 4 27 32 8 23 44 30 35 7 38 3 5 19 39 14 25 40 41 1 11 12 42 24 22 46 2 43 17 20 26 15 36 34 18 37 10 50 28 47 48 13 31 33 21 9 45 49 
student 256: 31 15 5 4 28 39 9 22 43 29 33 7 40 2 6 18 41 14 25 42 45 1 11 10 37 26 24 44 3 35 16 20 27 17 34 32 19 36 12 50 23 49 47 13 30 38 21 8 46 48 
student 257: 34 18 6 3 28 36 10 21 42 29 33 7 38 4 5 19 39 11 23 43 44 1 12 14 41 25 22 46 2 40 15 24 26 16 37 30 20 35 9 50 27 49 48 13 31 32 17 8 45 47 
student 258: 30 16 5 4 28 34 6 22 48 29 33 8 35 3 7 18 39 13 23 41 44 2 12 17 40 25 24 47 1 42 14 19 27 15 36 32 20 38 10 50 26 45 46 11 31 37 21 9 49 43 
student 259: 30 16 4 3 26 31 8 20 40 29 35 6 33 5 10 17 39 13 24 43 42 1 12 14 41 25 23 45 2 44 15 22 28 18 36 34 21 38 9 50 27 49 47 11 32 37 19 7 46 48 
student 260: 29 16 7 3 27 36 8 22 47 32 34 6 35 5 4 19 42 15 25 44 40 2 13 10 39 24 23 48 1 41 14 17 26 18 38 31 20 37 9 49 28 50 46 12 30 33 21 11 45 43 
student 261: 33 17 7 2 27 34 8 22 41 30 32 6 38 5 4 19 40 14 23 42 45 1 12 11 39 24 25 46 3 44 15 18 26 16 35 29 21 37 10 50 28 48 49 13 31 36 20 9 43 47 
student 262: 28 17 8 1 27 36 5 22 39 30 31 11 38 6 4 16 40 14 25 41 42 2 7 9 43 24 23 49 3 44 19 18 26 15 35 33 20 37 10 48 29 50 45 12 32 34 21 13 47 46 
student 263: 32 18 2 4 29 34 7 24 43 28 33 8 39 6 5 17 38 14 23 41 44 3 12 13 40 25 22 45 1 42 15 19 26 16 36 30 21 35 9 50 27 49 47 10 31 37 20 11 46 48 
student 264: 30 16 6 3 26 34 7 22 43 27 33 8 38 4 5 18 41 13 28 40 46 1 12 14 39 24 23 49 2 42 17 19 25 15 35 32 21 36 11 50 31 48 44 10 29 37 20 9 45 47 
student 265: 31 18 5 3 29 37 9 21 43 30 35 6 39 4 7 16 36 14 24 41 46 1 12 11 40 25 23 45 2 42 17 20 27 15 34 32 22 38 10 50 28 49 48 13 26 33 19 8 44 47 
student 266: 30 16 5 3 26 31 8 24 45 29 35 7 38 4 6 19 39 15 25 43 42 2 9 12 41 22 21 47 1 40 14 23 28 17 34 32 18 37 11 49 27 48 44 13 33 36 20 10 46 50 
student 267: 28 15 2 6 29 32 11 22 41 30 34 7 36 3 5 18 38 17 24 40 44 4 12 9 42 27 23 47 1 43 13 19 26 14 37 33 20 39 8 50 25 48 45 16 31 35 21 10 46 49 
student 268: 30 18 5 6 28 34 7 22 41 29 33 9 40 2 4 19 39 16 24 43 45 1 12 11 36 25 23 42 3 44 13 15 26 17 35 31 20 37 10 48 27 50 47 14 32 38 21 8 46 49 
student 269: 30 15 7 3 28 35 4 23 44 29 34 12 38 5 6 20 39 14 22 40 46 1 11 13 42 24 25 43 2 41 17 21 26 16 36 32 18 37 8 47 27 49 50 10 31 33 19 9 45 48 
student 270: 28 15 5 2 25 32 8 21 43 27 35 7 37 4 6 22 41 14 24 38 45 1 10 13 42 30 23 47 3 40 16 19 26 17 39 33 18 36 11 49 31 48 44 12 29 34 20 9 46 50 
student 271: 29 17 7 3 26 38 10 21 41 28 32 6 39 4 5 18 42 14 23 37 45 1 11 13 43 25 24 47 2 40 15 19 30 16 36 31 20 35 9 50 27 49 44 12 34 33 22 8 46 48 
student 272: 30 17 4 2 27 34 10 22 43 29 33 6 39 3 7 19 38 12 23 42 44 1 13 16 40 24 25 46 5 41 14 18 26 15 35 32 21 36 9 50 28 49 47 11 31 37 20 8 45 48 
student 273: 30 18 7 4 26 35 8 20 40 29 33 5 39 2 6 17 38 14 23 43 46 1 12 11 42 27 21 41 3 45 15 19 25 16 34 31 22 36 9 49 28 47 48 13 32 37 24 10 50 44 
student 274: 30 23 7 3 27 39 9 18 41 29 31 8 36 5 6 17 42 13 25 40 46 2 4 14 38 24 21 48 1 43 16 22 26 15 34 33 19 37 11 50 28 49 44 12 32 35 20 10 45 47 
student 275: 30 14 7 3 26 31 10 22 43 29 34 6 38 4 5 18 41 15 27 42 44 2 11 12 40 24 23 47 1 36 16 20 25 17 37 33 21 39 9 50 28 48 46 13 32 35 19 8 45 49 
student 276: 33 16 5 2 28 34 7 24 44 29 32 8 38 4 6 13 39 15 25 40 43 1 10 14 42 26 21 47 3 41 23 19 22 17 36 31 18 37 9 50 27 49 48 11 30 35 20 12 46 45 
student 277: 27 16 6 3 26 35 8 25 43 32 33 7 38 5 4 19 39 14 29 40 42 1 12 13 41 22 23 46 2 44 15 18 21 17 34 30 20 37 10 50 28 48 47 9 31 36 24 11 45 49 
student 278: 29 18 4 2 26 35 8 20 41 28 34 7 37 3 6 19 39 13 22 43 42 1 11 12 40 25 23 45 5 44 14 21 27 16 33 31 24 38 10 50 30 48 46 15 32 36 17 9 47 49 
student 279: 29 18 8 4 27 34 7 20 42 31 28 5 36 3 6 19 38 14 23 41 44 1 10 13 40 25 26 46 2 43 12 17 22 16 37 33 24 39 11 50 30 49 48 15 32 35 21 9 45 47 
student 280: 30 17 6 3 28 32 9 22 42 29 33 7 36 4 5 16 38 15 25 39 43 1 12 13 40 24 23 47 2 44 14 18 26 20 37 31 19 41 10 48 27 50 46 11 34 35 21 8 45 49 
student 281: 31 15 5 6 27 36 2 23 43 28 35 9 37 7 4 16 42 11 22 40 44 1 12 14 38 24 21 46 3 41 18 26 25 17 33 32 19 34 8 49 29 50 47 13 30 39 20 10 45 48 
student 282: 30 16 3 4 27 36 9 25 45 29 33 7 41 2 6 18 40 13 23 42 43 1 12 11 39 21 24 44 5 38 15 22 26 17 35 32 19 37 10 49 28 50 47 14 31 34 20 8 46 48 
student 283: 30 17 6 7 29 32 9 19 48 27 34 5 37 2 4 22 40 14 25 41 42 3 10 11 39 24 23 44 1 43 16 20 26 12 38 28 21 36 8 50 33 49 45 15 31 35 18 13 47 46 
student 284: 30 15 3 4 25 34 8 22 43 29 33 9 39 1 6 20 37 16 28 41 45 2 11 13 40 26 23 47 5 42 14 19 24 17 38 31 18 35 10 49 27 50 48 12 32 36 21 7 46 44 
student 285: 25 24 6 4 27 35 8 21 43 28 31 7 37 5 3 17 39 15 23 42 45 2 11 9 40 26 22 49 1 41 14 18 29 16 36 34 19 38 10 50 30 48 47 13 32 33 20 12 44 46 
student 286: 30 20 7 3 26 31 9 22 44 32 34 8 39 4 6 17 40 15 23 41 43 2 12 14 38 27 25 46 1 42 13 18 24 16 36 29 19 37 5 49 28 50 47 11 33 35 21 10 45 48 
student 287: 30 16 3 6 24 33 7 21 41 28 32 8 37 4 5 18 40 13 27 43 44 1 10 14 39 25 23 45 2 42 17 19 26 15 36 31 20 38 11 47 29 48 46 12 35 34 22 9 49 50 
student 288: 30 18 7 2 28 33 5 24 43 29 34 8 37 6 3 21 39 13 22 41 44 1 11 12 40 27 19 48 4 42 16 14 26 15 36 31 23 38 10 50 25 49 46 17 32 35 20 9 45 47 
student 289: 30 16 8 4 28 35 7 21 44 29 33 6 38 5 2 18 39 13 24 40 45 1 11 14 41 25 23 43 3 42 15 19 26 17 34 32 20 37 12 50 27 49 47 9 31 36 22 10 48 46 
student 290: 27 16 8 1 26 34 7 21 42 32 33 4 37 6 5 17 39 14 25 41 44 2 12 13 43 24 23 46 3 40 18 20 28 15 38 31 19 36 11 49 29 50 47 9 30 35 22 10 45 48 
student 291: 28 19 6 4 26 33 7 22 43 29 34 8 37 3 5 17 40 15 25 41 46 1 13 12 39 23 24 47 2 42 16 18 27 14 35 32 20 36 10 49 31 48 44 11 30 38 21 9 45 50 
student 292: 29 16 6 3 26 34 5 24 43 30 33 9 38 4 7 18 39 15 23 41 45 2 10 12 40 28 22 44 1 42 17 19 25 14 37 32 20 36 11 50 27 49 48 13 31 35 21 8 46 47 
student 293: 28 17 8 5 30 32 4 22 41 27 31 7 38 6 3 18 39 13 23 40 44 1 12 14 42 25 24 43 2 46 15 19 26 16 36 29 21 37 9 50 33 45 47 11 34 35 20 10 49 48 
student 294: 28 22 5 4 27 33 8 25 43 31 32 6 39 7 3 16 38 14 26 42 41 1 12 13 40 23 20 46 2 44 17 21 24 15 36 29 18 37 11 50 30 48 45 10 35 34 19 9 47 49 
student 295: 30 16 9 3 25 36 6 22 42 29 32 5 38 7 4 18 40 13 24 41 44 1 12 14 43 28 26 49 2 39 17 19 23 15 35 34 21 37 10 48 27 50 45 11 31 33 20 8 46 47 
student 296: 31 16 3 2 26 33 8 21 45 29 34 7 38 5 6 24 37 17 22 39 44 1 12 10 40 23 25 41 4 42 15 19 28 14 43 30 20 36 11 50 27 49 46 13 32 35 18 9 48 47 
student 297: 29 17 5 1 24 35 7 22 44 28 32 8 42 4 6 19 39 14 27 40 43 2 10 11 38 25 26 46 3 41 16 20 23 15 34 33 18 36 12 50 30 49 48 13 31 37 21 9 45 47 
student 298: 33 15 6 4 29 31 8 23 42 28 34 7 39 1 5 16 38 13 17 41 43 2 12 14 40 24 25 45 3 44 18 21 26 20 36 32 19 37 10 50 27 49 46 11 30 35 22 9 47 48 
student 299: 30 17 7 2 27 33 9 24 42 28 34 8 40 3 6 20 39 15 23 37 44 1 5 13 41 26 14 45 4 43 16 19 25 18 38 32 21 36 12 49 31 50 47 11 29 35 22 10 46 48 
student 300: 29 20 4 5 26 37 10 23 39 28 33 8 40 3 7 17 38 15 24 42 45 1 11 13 36 25 22 46 2 43 16 18 27 14 41 31 19 35 9 50 30 49 47 12 32 34 21 6 44 48 
student 301: 30 20 6 1 25 32 9 22 39 28 34 8 41 4 5 17 38 13 23 42 45 2 11 12 44 26 24 40 3 43 15 16 27 18 35 33 19 37 10 48 29 50 49 14 31 36 21 7 46 47 
student 302: 32 20 6 1 27 31 9 19 42 29 35 7 38 5 4 17 40 13 22 46 43 3 12 15 39 25 24 44 2 41 14 18 26 16 34 30 21 37 10 50 28 49 45 11 33 36 23 8 48 47 
student 303: 29 18 7 3 30 33 8 22 40 26 35 6 38 4 5 15 39 11 25 41 43 1 10 12 46 27 23 45 2 42 13 21 24 14 37 31 19 36 9 50 28 49 44 17 32 34 20 16 48 47 
student 304: 30 17 5 6 26 37 8 21 42 29 33 7 38 4 1 20 40 14 24 39 45 2 11 13 41 25 23 47 3 43 15 19 28 16 36 32 22 35 9 50 27 49 46 12 31 34 18 10 44 48 
student 305: 32 20 6 3 26 33 8 21 44 29 36 7 40 5 2 17 39 12 24 43 42 4 10 16 38 25 23 47 1 41 14 19 27 15 35 31 18 37 11 49 28 50 45 13 34 30 22 9 46 48 
student 306: 30 17 7 4 28 36 6 21 47 29 33 9 34 3 5 19 39 13 25 38 45 2 10 12 41 24 23 42 1 40 16 18 26 15 44 32 22 37 11 50 27 49 46 14 31 35 20 8 43 48 
student 307: 31 14 7 2 28 36 10 19 44 30 34 5 39 6 4 17 32 12 25 40 42 1 13 15 41 24 22 46 3 43 16 20 27 18 37 29 21 38 8 50 26 48 47 11 33 35 23 9 45 49 
student 308: 29 16 6 3 26 35 9 23 44 27 34 7 39 4 5 17 40 13 24 38 45 2 14 11 41 25 22 48 1 42 15 21 28 18 32 31 20 37 10 50 33 47 43 12 30 36 19 8 46 49 
student 309: 28 18 7 4 29 32 12 22 41 31 36 6 39 5 1 20 38 15 24 42 45 2 11 10 40 25 23 46 3 43 14 17 26 16 35 33 19 37 13 50 27 49 47 9 30 34 21 8 44 48 
student 310: 34 20 5 3 29 33 8 23 42 28 32 6 36 9 4 17 39 12 27 41 45 2 11 14 40 25 19 47 1 44 16 18 26 15 38 31 21 35 10 50 24 48 43 13 30 37 22 7 46 49 
student 311: 30 17 7 3 26 34 11 23 45 29 32 5 36 4 6 18 42 15 27 40 48 1 9 14 39 24 20 43 2 41 16 19 22 12 37 33 21 38 13 49 28 50 46 10 31 35 25 8 44 47 
student 312: 30 16 7 2 27 33 6 23 42 29 32 13 38 5 4 18 39 11 26 43 46 1 10 14 41 24 22 45 3 40 12 19 25 17 37 31 20 35 9 47 28 50 49 15 34 36 21 8 48 44 
student 313: 30 17 6 1 26 34 8 24 47 29 33 5 38 4 7 18 39 13 23 44 43 2 11 14 42 25 19 45 3 41 15 20 28 16 35 32 22 37 10 49 27 46 48 12 31 36 21 9 40 50 
student 314: 31 17 1 3 28 33 5 22 48 29 34 9 38 6 7 18 39 14 26 40 44 4 12 13 41 25 24 45 2 42 15 20 23 16 36 32 19 37 10 46 30 49 47 11 27 35 21 8 43 50 
student 315: 31 23 5 1 29 34 7 21 41 28 32 10 43 3 6 16 37 13 27 40 44 4 12 8 39 22 17 47 2 42 15 18 25 19 36 33 20 38 11 50 26 48 49 14 30 35 24 9 45 46 
student 316: 29 17 5 3 26 34 6 20 43 28 32 10 39 4 7 18 35 16 27 42 45 1 11 14 40 22 24 44 2 41 13 19 25 15 37 33 23 38 8 50 30 49 47 12 31 36 21 9 46 48 
student 317: 35 18 7 2 27 33 10 23 44 30 32 8 38 4 5 17 40 15 25 41 42 3 11 14 39 24 21 45 1 46 16 19 26 12 37 31 22 36 9 50 28 49 47 13 29 34 20 6 43 48 
student 318: 29 17 6 4 26 34 5 22 42 31 33 8 38 1 7 15 39 13 24 41 45 2 11 16 43 25 23 46 3 40 12 19 27 20 37 30 18 35 9 50 28 47 48 14 32 36 21 10 44 49 
student 319: 27 16 7 6 28 33 9 22 43 26 32 5 40 4 2 18 39 11 24 42 44 1 13 15 37 25 23 45 3 41 14 20 29 17 38 30 21 35 10 50 36 49 47 12 31 34 19 8 46 48 
student 320: 28 20 8 2 25 33 5 21 43 29 35 7 37 4 6 17 38 14 23 41 44 1 12 13 42 24 30 48 3 40 16 19 26 15 39 31 22 36 10 49 27 45 47 11 32 34 18 9 46 50 
student 321: 32 17 6 4 27 31 8 21 42 30 29 7 40 2 5 18 37 13 24 38 44 1 10 14 43 25 23 46 3 41 16 19 26 12 33 36 20 39 9 48 28 50 45 15 34 35 22 11 47 49 
student 322: 29 15 8 4 25 33 3 18 44 32 34 5 37 6 7 19 39 14 26 40 42 2 10 13 41 28 23 46 1 43 16 21 24 17 38 31 20 36 11 49 27 48 50 12 30 35 22 9 47 45 
student 323: 31 18 5 1 28 33 7 21 42 29 34 8 40 4 3 17 36 15 26 41 47 2 11 13 39 23 25 45 6 44 14 19 24 16 35 30 22 38 9 50 27 49 48 12 32 37 20 10 43 46 
student 324: 29 20 6 3 28 34 8 21 43 32 31 7 38 4 5 16 39 13 22 41 44 1 11 12 40 25 23 45 2 42 17 19 26 15 35 33 18 37 9 50 27 47 48 14 30 36 24 10 46 49 
student 325: 31 15 7 4 28 34 8 22 42 27 33 6 40 3 5 16 41 12 26 39 46 2 11 13 38 25 23 44 1 43 21 20 24 17 36 32 18 37 10 50 29 45 48 19 30 35 14 9 47 49 
student 326: 30 19 6 4 22 34 8 24 43 29 32 7 37 1 5 17 40 16 21 39 41 3 14 15 42 26 25 49 2 44 9 23 27 11 35 33 18 36 13 50 28 48 47 12 31 38 20 10 45 46 
student 327: 31 19 4 1 28 35 10 23 44 30 33 7 39 5 6 17 38 16 21 40 45 3 11 12 41 27 25 46 2 42 14 18 26 15 37 32 20 36 9 49 24 48 50 13 29 34 22 8 43 47 
student 328: 29 17 4 3 28 33 8 22 40 31 32 6 41 5 7 18 38 11 25 43 42 1 12 16 39 26 23 46 2 44 15 21 27 14 36 30 19 37 10 49 24 50 47 13 34 35 20 9 45 48 
student 329: 30 17 4 2 27 34 9 22 43 29 31 6 39 7 3 18 40 15 23 41 44 5 12 14 38 24 26 46 1 42 10 21 25 16 35 33 19 37 13 50 28 49 47 11 32 36 20 8 45 48 
student 330: 33 18 6 3 28 34 11 22 42 29 32 7 40 4 5 21 36 14 24 43 38 2 10 13 41 25 23 47 1 44 15 17 27 16 35 31 19 39 12 49 26 45 50 8 30 37 20 9 46 48 
student 331: 30 17 4 3 27 37 11 23 41 29 36 7 39 5 6 18 40 14 24 42 45 2 12 13 38 25 20 47 1 43 16 21 26 15 35 32 19 33 10 49 28 46 48 8 31 34 22 9 44 50 
student 332: 31 15 7 3 27 37 6 19 43 30 29 8 38 4 5 16 41 12 24 40 44 1 10 18 39 23 20 45 2 42 14 17 25 21 34 33 26 36 9 49 28 50 48 13 32 35 22 11 47 46 
student 333: 26 17 6 4 27 33 5 24 43 30 34 3 38 7 8 19 40 16 20 39 46 1 10 12 44 23 25 45 2 42 14 18 29 15 35 32 21 37 11 50 28 49 47 13 31 36 22 9 41 48 
student 334: 28 17 8 2 26 38 7 22 44 30 34 6 37 3 4 18 40 14 24 39 43 1 11 15 42 27 23 46 5 41 12 21 25 16 33 32 19 36 10 50 31 49 45 13 29 35 20 9 47 48 
student 335: 34 19 9 4 26 32 7 23 43 29 33 10 38 3 6 17 40 15 22 41 44 1 12 13 39 25 27 46 2 42 16 18 24 14 36 31 20 37 8 50 28 49 45 11 30 35 21 5 47 48 
student 336: 30 18 6 5 27 35 4 20 43 28 31 9 38 2 7 21 37 13 25 40 42 3 14 12 41 23 24 47 1 45 16 17 26 15 34 33 19 39 11 50 29 46 48 10 32 36 22 8 44 49 
student 337: 30 16 7 5 24 33 8 21 44 32 34 4 37 3 6 18 39 15 26 42 45 1 14 13 41 22 25 48 2 40 17 20 27 12 36 31 23 38 9 50 29 46 49 10 28 35 19 11 47 43 
student 338: 29 17 6 3 27 34 7 22 41 30 33 8 40 2 5 15 38 14 23 39 44 1 11 13 42 26 24 46 4 43 16 18 25 19 36 32 21 37 10 49 28 50 47 12 31 35 20 9 45 48 
student 339: 28 17 5 4 30 33 8 23 44 29 37 7 38 3 6 19 41 15 25 40 45 1 12 11 39 24 21 48 2 42 18 14 26 22 36 32 16 35 9 50 27 49 47 13 31 34 20 10 46 43 
student 340: 29 17 4 1 26 34 8 24 41 30 32 9 38 5 6 19 43 14 25 40 44 2 13 12 39 23 22 46 3 42 15 20 27 16 37 31 18 35 7 50 28 45 49 11 33 36 21 10 48 47 
student 341: 29 15 7 5 26 36 9 22 44 28 32 6 34 2 3 18 39 14 27 41 47 1 11 12 40 25 23 46 4 42 16 20 21 17 38 33 19 37 10 48 30 45 49 13 31 35 24 8 43 50 
student 342: 27 17 5 3 28 33 7 21 42 29 32 10 38 4 9 18 40 15 23 43 44 1 11 14 39 24 22 45 2 41 13 19 25 16 35 34 20 37 8 50 30 47 48 12 31 36 26 6 46 49 
student 343: 32 16 3 4 28 30 10 22 43 29 35 6 39 5 7 20 38 15 24 40 45 1 11 12 41 26 23 46 2 42 17 18 27 14 36 33 19 37 9 50 25 47 49 13 31 34 21 8 44 48 
student 344: 28 14 3 6 26 35 8 24 43 31 29 7 38 2 5 18 40 17 23 42 45 1 11 13 39 30 22 44 4 41 16 20 25 15 36 33 19 37 10 50 27 49 47 12 32 34 21 9 46 48 
student 345: 30 20 6 5 26 33 12 19 42 27 35 8 39 2 1 16 40 13 22 41 44 3 9 15 38 25 24 47 4 43 14 18 28 17 34 32 23 37 11 50 29 49 46 10 31 36 21 7 45 48 
student 346: 30 19 6 2 27 34 8 21 39 28 33 7 38 5 3 20 41 14 24 40 43 4 13 11 42 25 23 49 1 44 15 16 26 18 35 32 22 37 9 50 29 48 47 12 31 36 17 10 45 46 
student 347: 32 16 7 5 24 35 3 25 43 31 36 8 33 4 6 18 38 13 29 41 46 1 10 12 40 23 22 42 2 44 14 20 26 17 37 28 19 39 11 47 27 50 48 15 34 30 21 9 45 49 
student 348: 28 17 6 1 24 33 9 23 44 26 32 7 40 4 2 19 38 14 27 42 46 3 11 13 39 25 22 47 5 41 15 18 30 16 37 34 20 35 8 43 29 50 45 12 31 36 21 10 49 48 
student 349: 30 19 7 3 27 34 9 23 48 29 35 8 41 4 5 21 42 12 22 39 40 1 13 14 43 26 24 44 2 36 15 20 25 16 31 33 17 38 10 50 28 49 46 11 32 37 18 6 45 47 
student 350: 30 18 6 3 26 34 11 22 43 29 32 7 40 4 5 15 37 21 25 39 44 1 12 13 42 24 20 41 2 45 14 17 27 16 38 33 23 35 10 50 28 47 49 8 31 36 19 9 48 46 
student 351: 27 18 6 3 30 33 9 22 44 29 35 5 39 7 4 17 38 15 25 43 46 1 12 14 40 26 23 47 2 41 13 20 28 16 36 32 19 37 8 50 24 49 45 10 31 34 21 11 42 48 
student 352: 28 14 6 4 25 34 8 20 44 30 33 7 37 2 5 18 40 15 27 43 45 1 12 13 39 24 22 42 3 41 16 23 29 17 35 32 19 38 9 50 26 49 46 11 31 36 21 10 47 48 
student 353: 31 16 6 3 27 35 9 23 43 30 34 5 39 4 7 19 38 14 24 40 44 2 13 11 41 28 22 47 1 42 15 18 25 17 36 32 20 37 8 50 26 49 46 12 29 33 21 10 45 48 
student 354: 30 19 6 3 25 34 9 23 44 29 33 7 38 4 5 18 40 14 26 41 45 1 12 13 39 27 24 43 2 42 16 17 20 15 35 32 21 37 8 49 28 50 47 11 31 36 22 10 46 48 
student 355: 31 14 6 2 23 30 7 20 42 29 34 8 37 4 5 18 38 16 25 41 44 1 13 10 39 26 24 47 3 43 17 22 27 15 36 33 21 40 12 48 28 49 46 9 32 35 19 11 45 50 
student 356: 28 14 4 6 27 34 9 23 43 30 32 5 39 8 3 19 38 15 25 41 44 1 10 13 40 26 22 46 2 42 16 18 24 17 35 31 20 37 11 50 29 49 47 12 33 36 21 7 45 48 
student 357: 29 17 6 3 27 34 9 23 43 28 33 8 39 5 4 19 40 14 24 41 45 2 11 13 38 22 25 47 1 42 15 20 26 16 37 32 18 36 7 50 30 48 46 12 31 35 21 10 44 49 
student 358: 30 18 8 6 27 38 5 21 42 29 33 9 35 3 7 19 37 15 24 44 45 1 11 13 40 26 23 47 2 41 16 17 25 14 36 32 22 34 10 43 28 48 50 12 31 39 20 4 46 49 
student 359: 29 17 9 3 23 35 8 24 42 31 34 7 41 6 4 20 37 14 27 43 44 1 13 12 40 28 22 46 2 39 15 21 25 16 38 30 18 36 5 50 26 49 48 11 32 33 19 10 45 47 
student 360: 30 17 4 5 28 35 11 24 41 29 34 8 36 6 3 18 37 14 25 39 46 2 10 13 40 23 22 45 1 44 15 21 27 16 38 33 19 42 9 49 26 50 47 12 31 32 20 7 43 48 
student 361: 30 17 6 3 26 35 9 21 44 27 33 7 34 5 2 18 37 14 24 40 41 1 12 13 43 25 22 45 4 39 16 20 28 15 42 32 23 38 11 50 31 47 48 10 29 36 19 8 46 49 
student 362: 29 17 6 3 26 33 8 20 42 31 34 7 38 4 5 18 43 13 23 39 44 2 12 15 40 25 24 46 1 41 16 19 27 14 35 32 21 36 9 50 28 48 47 11 30 37 22 10 45 49 
student 363: 27 14 6 4 29 34 11 19 43 31 32 8 39 5 3 16 40 9 24 41 45 1 13 12 38 25 23 47 2 42 21 22 28 15 37 33 17 36 10 50 26 48 44 18 30 35 20 7 46 49 
student 364: 30 17 5 3 27 38 8 20 43 26 35 6 33 1 7 21 41 9 24 39 44 4 13 12 42 28 23 45 2 40 15 18 25 16 36 32 19 37 11 50 29 48 46 14 31 34 22 10 47 49 
student 365: 31 17 9 2 28 35 10 21 43 29 34 6 38 5 4 19 39 13 24 42 45 1 11 12 40 26 23 46 3 41 14 18 25 16 33 32 20 36 8 50 27 48 47 15 30 37 22 7 44 49 
student 366: 31 18 6 3 27 34 10 22 43 28 33 7 37 4 2 17 39 14 26 41 47 1 11 12 40 24 23 46 5 42 15 19 29 16 35 32 21 38 9 48 25 49 44 13 30 36 20 8 45 50 
student 367: 26 16 6 2 27 34 8 22 45 30 33 7 41 5 4 18 40 14 29 39 44 1 11 13 38 20 24 47 3 42 15 19 28 17 36 32 23 37 10 50 25 49 43 12 31 35 21 9 46 48 
student 368: 28 16 5 4 29 34 12 22 43 30 31 6 36 3 7 17 37 13 19 42 45 2 10 14 41 24 25 49 1 40 15 20 26 18 38 33 21 39 8 50 27 44 48 11 32 35 23 9 46 47 
student 369: 30 17 3 7 26 33 8 22 44 29 34 6 38 1 5 18 40 16 25 42 45 2 10 13 41 23 24 46 4 39 14 21 27 15 36 31 20 37 9 49 28 47 48 11 32 35 19 12 43 50 
student 370: 32 17 6 3 26 30 8 20 45 31 35 4 37 1 7 18 39 14 25 41 43 2 11 15 40 23 24 46 5 42 13 19 28 16 33 34 21 38 10 49 29 50 47 12 27 36 22 9 44 48 
student 371: 28 19 7 3 27 35 6 20 42 29 34 8 37 4 5 17 41 15 24 44 46 1 9 11 40 26 23 47 2 39 13 16 25 18 36 33 21 38 14 45 30 49 48 10 32 31 22 12 43 50 
student 372: 37 19 6 3 27 33 8 22 44 28 32 5 38 4 7 20 40 13 24 41 45 1 11 12 39 21 25 47 2 42 10 16 26 15 35 31 17 36 14 50 29 49 46 18 30 34 23 9 43 48 
student 373: 29 11 6 3 26 34 8 19 39 28 30 7 38 5 4 18 40 15 23 43 44 1 10 17 41 27 22 45 2 42 14 21 25 20 36 33 16 37 9 50 31 49 47 13 32 35 24 12 46 48 
student 374: 29 17 4 6 25 33 7 22 46 30 34 8 37 5 2 19 40 14 23 43 42 1 9 12 45 24 21 44 3 39 16 20 27 15 35 31 18 38 11 49 28 47 48 13 32 36 26 10 41 50 
student 375: 30 12 6 2 28 34 9 21 44 27 33 7 37 4 5 18 40 13 22 43 42 3 11 16 38 24 25 48 1 41 15 19 26 17 35 32 20 39 8 49 29 50 47 14 31 36 23 10 46 45 
student 376: 30 17 10 3 29 33 7 22 43 26 32 4 39 5 6 18 40 14 23 42 44 2 8 9 38 24 25 45 1 41 15 19 27 16 34 35 20 37 12 48 28 47 50 13 31 36 21 11 49 46 
student 377: 29 25 6 3 31 34 8 18 44 28 33 7 38 5 1 22 40 14 23 35 45 2 11 13 42 24 21 47 4 43 15 16 26 19 36 30 17 39 10 50 27 48 49 12 32 37 20 9 46 41 
student 378: 28 17 8 3 30 33 7 21 43 29 37 5 39 4 6 16 38 13 22 41 44 1 11 10 40 25 24 47 2 42 15 19 26 14 35 32 20 36 12 49 27 50 48 18 31 34 23 9 46 45 
student 379: 27 16 4 3 28 32 11 21 44 29 33 2 37 7 6 20 39 12 25 42 43 5 9 14 40 24 22 46 1 41 15 23 26 17 36 34 18 38 13 50 30 49 47 10 31 35 19 8 45 48 
student 380: 31 15 6 4 26 33 7 23 43 29 32 8 37 2 5 18 39 17 25 41 48 1 13 10 40 24 22 44 3 42 14 16 28 19 35 34 20 38 12 49 27 47 46 9 30 36 21 11 45 50 
student 381: 29 19 7 3 27 38 8 22 44 28 33 10 36 4 5 15 37 13 24 42 39 1 12 18 41 25 23 45 2 43 14 17 26 16 40 35 20 34 9 46 30 50 47 11 31 32 21 6 49 48 
student 382: 31 17 7 2 28 34 9 22 42 30 32 6 38 3 5 18 39 12 25 41 43 4 10 15 40 24 23 46 1 45 16 21 26 14 36 29 20 37 11 50 27 49 47 13 33 35 19 8 44 48 
student 383: 30 17 8 6 28 33 10 25 45 31 35 4 39 3 7 18 42 16 21 38 47 2 9 11 40 22 20 46 1 41 14 19 26 15 34 32 24 37 5 50 27 49 43 13 29 36 23 12 44 48 
student 384: 32 19 6 5 27 33 8 21 45 28 36 7 37 4 3 16 39 15 24 41 44 1 12 13 40 26 23 48 2 42 14 18 25 17 35 31 22 38 9 50 30 49 43 10 29 34 20 11 46 47 
student 385: 30 18 5 4 28 34 7 25 41 27 33 8 36 1 6 17 39 15 26 42 43 3 9 13 47 29 21 46 2 40 14 19 23 16 38 32 22 37 10 50 24 49 48 12 31 35 20 11 44 45 
student 386: 30 17 7 2 28 35 13 23 43 25 32 8 40 4 5 18 38 9 26 41 44 1 10 14 39 27 21 45 3 42 16 19 29 15 36 33 20 37 11 50 24 47 46 12 31 34 22 6 48 49 
student 387: 30 17 8 3 27 34 10 23 45 28 33 6 39 4 5 19 42 16 25 41 44 1 11 12 36 21 24 47 2 40 13 18 26 15 35 31 20 38 7 50 32 48 49 14 29 37 22 9 46 43 
student 388: 31 20 5 3 28 34 10 23 47 29 30 8 39 4 7 19 40 12 25 42 43 2 13 16 37 27 21 50 1 41 14 15 22 18 36 33 17 38 11 49 26 45 44 9 32 35 24 6 46 48 
student 389: 31 18 7 3 30 34 10 25 42 29 33 8 38 5 2 17 36 14 23 46 44 1 11 12 40 24 22 48 4 41 16 19 26 15 37 32 20 39 9 49 27 50 45 13 28 35 21 6 43 47 
student 390: 29 16 5 2 26 34 8 28 44 31 33 7 40 6 4 18 38 14 21 43 45 1 11 12 39 25 20 46 3 41 17 23 22 15 36 30 19 37 10 50 27 47 48 13 32 35 24 9 42 49 
student 391: 31 17 6 4 27 32 8 21 44 30 34 9 38 5 3 20 37 14 24 41 45 2 7 12 40 25 23 46 1 43 16 18 26 15 36 33 22 39 13 50 28 49 48 11 29 35 19 10 42 47 
student 392: 30 17 6 4 27 31 9 21 41 29 34 8 38 7 5 20 39 16 23 43 42 1 10 12 45 24 26 46 2 40 14 18 25 15 36 33 22 37 13 48 28 50 47 11 32 35 19 3 44 49 
student 393: 29 17 6 3 27 34 9 23 43 30 31 7 37 4 5 19 38 16 24 41 45 1 10 14 39 26 21 50 2 42 13 18 25 15 40 33 22 35 11 48 28 47 46 12 32 36 20 8 44 49 
student 394: 32 18 6 3 27 34 8 23 43 29 30 7 38 4 5 21 39 14 24 40 44 1 12 13 41 22 25 48 2 42 15 19 26 17 35 33 16 37 9 50 28 49 45 11 31 36 20 10 46 47 
student 395: 32 12 5 6 28 35 8 23 43 30 33 7 40 3 4 17 34 16 26 38 44 1 11 14 42 24 22 47 2 41 18 19 27 15 37 29 21 39 9 49 25 50 48 10 31 36 20 13 46 45 
student 396: 30 16 4 2 26 34 9 22 44 29 36 5 37 3 8 18 41 12 24 40 43 1 10 17 39 27 23 48 6 42 15 19 25 14 33 32 20 38 13 50 28 49 47 11 31 35 21 7 45 46 
student 397: 30 15 8 3 27 35 6 25 38 28 34 9 40 4 5 20 37 13 21 44 43 1 12 16 42 24 23 46 2 39 14 19 26 18 36 33 22 41 11 50 29 49 48 10 32 31 17 7 45 47 
student 398: 29 17 6 4 25 34 7 22 43 28 31 9 41 3 5 19 39 14 24 42 45 1 8 12 36 26 23 44 2 40 16 18 27 15 37 33 20 38 11 46 30 50 48 13 32 35 21 10 47 49 
student 399: 30 18 5 1 24 33 7 23 42 29 32 2 37 4 8 19 38 15 25 40 44 6 11 12 41 26 21 45 3 47 16 14 28 17 36 34 20 39 9 50 27 46 48 13 31 35 22 10 43 49 
student 400: 30 17 5 3 26 35 7 23 43 29 33 9 37 4 6 18 39 15 24 40 46 1 11 14 41 25 22 44 2 42 16 19 27 13 36 32 20 38 8 50 28 47 49 12 31 34 21 10 45 48 
student 401: 32 15 6 1 28 26 7 22 42 31 36 9 38 2 5 19 39 14 27 41 46 4 11 13 40 25 24 48 3 43 16 18 29 17 35 30 20 37 10 50 23 49 44 12 33 34 21 8 45 47 
student 402: 34 17 4 3 28 32 8 22 39 30 36 6 38 5 7 16 41 13 23 47 42 2 9 12 40 26 24 45 1 43 15 21 25 18 35 29 19 37 11 50 27 46 48 14 31 33 20 10 44 49 
student 403: 30 17 5 3 28 36 8 22 42 26 31 6 39 2 7 20 38 13 23 41 44 4 11 12 40 24 27 46 1 43 15 19 25 16 35 32 21 34 14 49 29 50 47 9 33 37 18 10 45 48 
student 404: 26 20 6 3 28 34 12 24 41 29 32 8 37 4 2 17 38 14 23 45 42 1 10 13 40 25 22 46 5 39 16 19 27 15 35 36 18 43 7 49 31 50 48 11 30 33 21 9 44 47 
student 405: 31 16 7 4 27 34 10 24 43 28 29 8 36 3 6 23 40 15 22 41 44 1 11 13 39 26 20 45 2 42 14 21 25 18 38 33 17 37 5 50 30 46 47 12 32 35 19 9 48 49 
student 406: 34 13 6 3 27 33 7 22 41 28 32 9 37 5 4 17 39 14 23 40 43 1 8 15 42 25 24 46 2 50 19 20 26 16 35 30 18 38 12 48 29 49 44 11 31 36 21 10 45 47 
student 407: 30 14 7 3 26 34 9 21 41 29 33 6 37 2 5 18 39 15 23 40 46 1 10 13 42 27 24 44 4 43 16 19 25 17 35 32 22 38 11 48 28 50 45 12 31 36 20 8 47 49 
student 408: 30 18 6 3 28 31 7 22 45 32 34 9 38 5 4 17 39 14 23 40 41 1 12 13 44 25 24 46 2 43 16 20 26 15 36 29 19 37 8 49 27 50 42 11 33 35 21 10 47 48 
student 409: 30 18 5 1 26 33 9 22 42 27 32 7 40 4 6 19 36 13 24 41 43 3 12 11 38 29 23 46 2 44 16 20 25 15 37 34 17 39 10 49 28 50 47 14 31 35 21 8 45 48 
student 410: 28 16 7 2 23 34 8 22 43 30 31 6 38 5 4 18 39 14 25 42 45 3 10 13 41 29 24 46 1 44 15 19 26 17 37 32 20 35 12 48 27 50 47 11 33 36 21 9 40 49 
student 411: 31 16 5 3 24 34 6 22 43 29 32 9 37 7 4 20 40 15 23 41 44 1 12 11 38 27 19 46 2 42 14 17 28 18 35 30 21 36 10 50 26 48 47 13 33 39 25 8 45 49 
student 412: 30 15 7 3 29 33 6 24 43 26 32 5 37 4 8 19 38 13 23 41 46 1 10 12 40 25 22 47 2 42 16 20 28 17 35 34 18 39 11 50 31 49 45 14 27 36 21 9 44 48 
student 413: 30 16 7 3 27 33 6 22 47 29 35 9 39 4 5 21 38 17 24 41 43 2 11 14 40 26 23 49 1 42 13 18 25 15 36 32 19 37 8 50 28 48 46 12 31 34 20 10 45 44 
student 414: 31 16 4 3 26 34 6 23 42 29 33 7 39 5 8 18 38 15 25 41 43 1 11 12 40 24 22 46 2 44 14 19 27 17 37 30 20 35 9 50 28 49 47 13 32 36 21 10 45 48 
student 415: 31 16 6 4 25 33 12 23 46 29 34 8 39 5 3 10 41 15 22 38 44 1 9 14 40 24 26 43 2 42 17 18 27 20 36 32 19 37 11 48 30 49 50 13 28 35 21 7 45 47 
student 416: 30 18 9 2 28 33 10 24 43 27 39 6 35 4 5 17 37 11 23 41 44 1 13 14 40 25 22 45 3 42 16 20 29 15 34 32 19 38 7 50 26 48 49 12 31 36 21 8 47 46 
student 417: 30 17 5 3 28 34 8 23 44 29 31 7 39 6 4 18 38 14 24 41 45 1 9 13 40 25 20 46 2 42 15 19 26 16 36 33 22 37 11 50 27 49 47 10 32 35 21 12 43 48 
student 418: 28 12 6 5 27 34 8 22 42 30 33 7 37 3 4 21 38 16 24 41 47 1 13 14 40 25 23 45 2 44 17 19 26 18 36 31 15 39 9 50 32 49 48 11 29 35 20 10 43 46 
student 419: 28 16 8 1 29 32 7 22 40 31 33 2 45 5 6 20 42 14 24 44 43 3 10 13 41 25 23 46 4 38 15 18 26 19 36 35 17 37 12 50 27 47 48 11 30 34 21 9 39 49 
student 420: 30 13 7 2 26 34 11 22 42 28 32 8 33 4 5 17 40 15 24 41 44 1 14 10 39 25 23 45 3 43 18 20 27 16 38 35 21 37 9 49 29 50 46 12 31 36 19 6 47 48 
student 421: 29 17 8 4 27 32 9 22 42 28 34 3 37 5 7 18 39 13 24 41 43 1 11 12 38 25 21 47 2 44 16 19 26 15 40 33 23 36 10 50 31 46 49 14 30 35 20 6 45 48 
student 422: 31 17 6 3 29 35 9 25 44 30 34 7 37 4 5 19 39 15 23 41 46 1 8 12 40 22 26 45 2 42 14 18 27 16 36 32 21 38 11 48 28 50 47 13 24 33 20 10 43 49 
student 423: 32 19 6 1 30 34 7 21 46 31 33 8 38 4 5 22 37 14 26 39 43 2 10 13 40 24 23 47 3 42 16 15 25 17 36 29 18 41 11 50 28 49 48 12 27 35 20 9 44 45 
student 424: 30 16 8 2 25 28 7 23 43 29 33 6 37 4 3 20 39 14 24 42 44 1 11 13 40 31 21 46 5 41 18 17 26 15 34 36 22 38 10 50 27 47 48 12 32 35 19 9 45 49 
student 425: 30 17 6 4 27 36 9 20 43 29 34 7 37 2 5 18 39 14 25 41 45 1 10 11 40 26 22 44 3 42 16 21 24 15 32 33 23 38 12 47 28 50 46 13 31 35 19 8 49 48 
student 426: 29 17 4 2 27 32 7 24 41 30 35 5 36 6 8 20 40 15 25 44 43 1 13 11 39 26 23 49 3 45 16 22 21 14 34 31 18 38 10 48 28 47 46 12 33 37 19 9 42 50 
student 427: 29 17 4 3 27 35 7 22 42 30 32 6 38 5 8 18 39 14 25 44 43 1 11 13 40 24 23 46 2 41 15 19 26 16 33 34 20 36 9 49 28 47 48 12 31 37 21 10 45 50 
student 428: 28 16 8 7 25 30 3 21 38 33 34 5 37 4 6 20 40 14 27 41 43 1 11 13 42 23 24 46 2 44 15 17 31 19 36 32 18 39 9 50 26 48 45 12 29 35 22 10 47 49 
student 429: 28 17 7 4 29 33 10 19 42 30 34 5 36 3 6 18 39 13 25 41 43 1 14 12 40 22 21 45 2 44 16 23 26 15 38 32 20 37 11 49 27 48 50 9 31 35 24 8 46 47 
student 430: 32 17 5 2 27 37 7 22 45 28 33 9 36 4 6 20 40 15 25 41 43 1 11 13 38 23 24 46 3 42 14 18 26 16 35 31 19 39 10 50 30 49 47 12 29 34 21 8 44 48 
student 431: 32 17 1 4 30 33 6 22 42 31 34 8 38 5 7 18 41 13 24 43 44 2 10 12 40 25 23 48 3 39 15 19 26 16 36 29 20 37 11 50 27 47 46 14 28 35 21 9 45 49 
student 432: 31 17 6 8 29 34 5 23 44 27 33 7 40 3 4 19 39 14 24 38 45 1 11 13 41 28 22 46 2 42 15 20 25 16 36 30 18 35 10 50 26 49 47 12 32 37 21 9 43 48 
student 433: 27 17 6 2 29 33 9 22 43 28 32 7 38 3 5 18 41 13 25 39 44 1 11 14 42 26 24 49 8 40 15 19 23 16 37 34 21 36 10 47 31 50 45 12 30 35 20 4 48 46 
student 434: 32 20 9 6 26 35 10 19 43 29 34 7 37 5 4 17 39 14 25 42 44 1 11 12 40 27 24 48 2 41 13 18 22 16 38 33 23 36 8 50 28 47 46 15 30 31 21 3 45 49 
student 435: 31 17 7 4 30 33 6 23 44 29 34 8 39 5 2 20 41 14 24 42 43 1 9 13 38 28 21 48 3 40 15 22 25 18 37 32 16 35 11 49 27 50 47 12 26 36 19 10 45 46 
student 436: 30 18 7 3 27 39 6 21 41 29 33 8 37 5 4 17 38 11 22 45 40 2 12 14 43 25 23 46 1 42 16 19 26 15 35 32 20 36 13 50 28 48 47 9 31 34 24 10 44 49 
student 437: 27 18 6 4 29 34 8 20 45 32 43 7 39 3 5 19 37 15 23 41 44 1 12 13 38 25 24 40 2 42 14 21 26 16 33 31 17 35 10 48 28 47 49 11 30 36 22 9 46 50 
student 438: 30 17 6 4 26 33 9 21 45 29 32 7 39 3 5 18 40 14 23 43 48 2 13 12 38 25 24 49 1 41 11 19 27 15 35 34 20 37 10 50 28 42 46 16 31 36 22 8 44 47 
student 439: 31 17 7 3 29 33 9 22 43 30 32 10 38 4 5 19 40 13 24 39 45 1 6 14 42 27 21 44 2 41 15 18 25 16 35 34 20 37 11 50 26 48 49 12 28 36 23 8 46 47 
student 440: 30 17 5 3 27 33 8 18 43 29 36 7 35 4 6 22 41 14 23 40 44 2 13 12 38 25 24 46 1 42 19 16 26 15 34 28 20 37 11 50 32 49 47 10 31 39 21 9 45 48 
student 441: 34 20 6 3 28 31 12 22 43 30 37 7 36 4 5 14 38 16 23 41 44 2 10 13 40 25 24 45 1 39 15 17 26 18 42 32 21 33 8 50 27 46 49 11 29 35 19 9 48 47 
student 442: 30 15 6 3 27 34 8 22 43 29 33 7 39 4 5 19 41 14 26 40 44 1 10 13 38 23 24 47 2 42 18 20 25 17 37 32 21 36 11 50 28 48 46 12 31 35 16 9 45 49 
student 443: 29 20 7 3 28 32 8 22 42 34 33 4 39 5 6 16 38 14 23 40 45 1 11 13 41 24 25 44 2 43 15 19 26 17 37 31 18 36 10 50 27 49 47 12 30 35 21 9 46 48 
student 444: 30 18 6 3 25 37 7 26 42 32 33 8 36 4 5 17 39 16 23 40 43 1 12 14 41 27 22 45 2 44 13 20 28 15 34 29 21 38 9 50 24 49 47 11 31 35 19 10 46 48 
student 445: 30 17 5 3 27 33 8 23 43 29 32 7 38 4 6 18 40 14 22 46 41 2 10 16 39 25 21 44 1 42 13 20 26 15 36 34 19 37 12 45 31 50 48 11 28 35 24 9 47 49 
student 446: 28 18 5 3 29 34 8 24 41 30 32 6 42 7 4 17 38 14 26 39 44 1 9 13 43 25 21 46 2 40 15 19 23 16 37 33 20 35 12 50 27 49 45 10 31 36 22 11 48 47 
student 447: 32 17 7 2 30 29 6 20 44 27 33 12 39 3 5 19 35 11 25 41 43 1 10 14 40 24 23 46 4 42 15 22 26 21 38 34 16 37 13 50 28 48 47 8 31 36 18 9 45 49 
student 448: 30 14 6 3 29 34 7 21 43 31 32 8 38 5 2 16 37 15 24 41 44 4 10 11 40 26 25 45 1 42 17 19 22 18 35 33 23 39 12 50 28 49 46 13 27 36 20 9 47 48 
student 449: 35 17 5 4 26 33 9 23 43 27 32 8 34 1 6 19 40 13 25 42 44 2 11 12 39 24 21 46 3 41 15 18 29 16 37 31 22 38 7 50 28 48 47 14 30 36 20 10 45 49 
student 450: 30 15 6 2 27 34 7 22 43 29 33 8 40 4 5 20 38 16 25 41 44 3 14 13 39 24 23 47 1 42 12 18 26 17 36 31 19 37 10 50 28 49 45 9 32 35 21 11 46 48 
student 451: 31 16 6 3 27 35 7 23 41 28 34 9 36 4 5 19 40 13 22 42 43 1 10 14 38 29 24 47 2 44 15 17 25 21 32 33 20 39 12 50 26 49 46 11 30 37 18 8 45 48 
student 452: 30 17 2 1 27 35 7 20 43 28 32 10 38 6 5 18 42 13 26 39 45 3 8 16 34 22 25 48 4 41 14 24 21 15 37 33 19 40 11 50 29 49 46 12 31 36 23 9 44 47 
student 453: 31 14 10 3 27 33 7 18 43 30 34 6 40 4 5 20 38 15 25 42 41 2 12 13 39 26 23 46 1 44 16 19 24 17 36 32 21 37 8 49 28 48 47 9 29 35 22 11 45 50 
student 454: 31 19 7 3 23 34 9 20 48 30 35 6 38 1 5 21 44 16 25 45 41 2 12 14 39 27 22 43 4 40 13 15 26 17 32 36 18 37 10 50 28 49 46 11 33 29 24 8 42 47 
student 455: 30 17 1 3 28 33 9 25 43 29 32 6 38 4 7 19 39 13 23 41 45 2 11 15 40 24 22 48 5 42 14 18 26 16 36 35 20 37 8 50 27 49 46 12 31 34 21 10 44 47 
student 456: 29 18 5 3 30 31 6 21 41 32 34 8 45 4 7 19 38 11 24 39 44 1 12 14 40 27 23 47 2 43 15 20 25 16 36 33 17 37 10 50 26 46 48 13 28 35 22 9 42 49 
student 457: 31 18 4 5 26 36 10 22 43 29 33 6 38 3 9 20 41 12 23 40 46 1 14 15 39 25 28 48 2 42 16 19 24 13 35 32 17 34 8 45 27 50 47 11 30 37 21 7 44 49 
student 458: 29 12 6 3 28 32 14 23 45 30 33 7 38 4 5 18 35 16 24 42 44 1 8 15 40 25 22 46 2 41 11 19 27 17 37 34 20 39 13 50 26 49 48 9 31 36 21 10 43 47 
student 459: 28 18 10 5 30 36 8 21 44 29 33 4 37 6 3 17 40 13 24 43 46 1 11 14 38 25 23 49 2 42 15 19 26 16 35 32 20 39 9 50 27 41 47 12 31 34 22 7 45 48 
student 460: 29 16 7 1 27 35 12 22 43 30 34 8 37 4 5 19 41 10 24 39 44 2 11 14 40 25 23 46 3 42 15 18 26 17 33 32 20 38 9 50 28 49 48 13 31 36 21 6 45 47 
student 461: 30 17 7 1 26 35 9 22 44 27 31 6 37 4 5 16 39 13 25 43 42 2 8 12 41 23 24 46 3 40 14 18 28 15 36 34 19 38 10 48 29 49 47 20 32 33 21 11 45 50 
student 462: 30 16 5 4 26 34 7 25 45 27 33 9 38 3 6 18 40 13 22 41 43 1 12 10 39 23 24 46 2 42 17 19 29 15 37 32 21 35 11 50 28 48 47 14 31 36 20 8 44 49 
student 463: 30 17 8 3 25 33 7 24 44 29 34 5 40 6 2 15 38 21 22 39 47 1 11 12 42 28 23 45 4 41 10 16 27 19 37 32 20 35 9 46 26 50 49 14 31 36 18 13 43 48 
student 464: 30 18 4 2 33 34 10 20 45 28 32 8 38 3 6 19 39 15 23 41 44 5 11 14 40 25 24 46 1 43 13 17 26 16 35 29 21 36 9 47 27 50 48 12 31 37 22 7 42 49 
student 465: 28 19 5 3 26 35 7 25 44 30 33 8 37 6 9 18 39 12 23 41 43 2 11 13 40 24 20 47 1 42 15 22 27 14 38 31 17 36 4 49 29 48 46 16 32 34 21 10 45 50 
student 466: 33 17 2 3 26 35 10 22 40 30 36 6 38 9 4 18 39 13 24 44 47 1 11 12 42 27 23 46 5 41 16 19 25 15 31 34 20 37 8 50 28 49 45 14 29 32 21 7 43 48 
student 467: 27 17 8 1 30 35 6 21 45 32 31 9 38 4 7 18 39 15 25 42 40 2 10 13 41 26 22 46 3 43 14 20 24 16 34 28 23 37 5 49 29 50 47 11 33 36 19 12 44 48 
student 468: 31 17 7 2 29 39 11 22 42 26 30 8 37 4 5 18 41 15 24 44 45 1 10 9 43 25 23 40 3 38 16 19 27 14 34 36 20 35 12 50 28 49 47 13 32 33 21 6 46 48 
student 469: 29 19 7 3 24 33 9 22 42 30 34 8 38 4 6 17 39 15 25 41 44 2 11 13 40 27 23 47 1 43 16 18 26 14 36 32 21 37 5 50 28 48 46 12 31 35 20 10 45 49 
student 470: 27 16 11 4 26 34 8 22 42 30 33 5 39 3 7 18 37 12 21 44 43 1 15 14 40 23 20 46 2 41 13 19 28 17 36 31 24 38 10 49 29 48 47 6 32 35 25 9 45 50 
student 471: 32 20 8 4 26 34 7 22 42 30 31 6 37 5 3 16 38 15 25 41 44 2 10 14 40 21 23 49 1 43 19 17 27 13 35 36 28 39 9 50 24 48 45 12 29 33 18 11 47 46 
student 472: 30 15 7 3 26 34 11 22 44 28 33 8 39 4 5 18 38 13 24 41 43 1 9 10 40 31 23 46 2 42 17 19 25 16 37 32 20 35 12 47 27 50 48 14 29 36 21 6 45 49 
student 473: 30 19 8 3 28 31 5 22 42 29 34 7 32 4 6 17 43 15 25 41 44 1 10 13 40 26 24 45 2 35 16 20 27 14 39 33 23 38 11 50 21 48 47 12 36 37 18 9 46 49 
student 474: 30 15 6 4 27 35 8 19 43 29 34 2 38 5 7 18 42 10 21 40 44 1 12 13 39 26 25 46 3 41 17 23 24 16 33 32 20 36 11 48 28 47 49 14 31 37 22 9 45 50 
student 475: 31 16 5 3 25 32 6 24 41 29 35 8 38 4 7 19 40 14 26 39 47 1 12 11 43 23 18 45 2 42 15 22 27 17 36 30 21 37 10 50 28 49 46 13 33 34 20 9 44 48 
student 476: 31 17 5 1 28 37 9 21 41 29 35 6 36 4 8 18 38 11 23 42 46 3 14 13 39 25 24 47 2 44 15 19 27 16 34 32 20 40 12 50 26 49 45 10 30 33 22 7 43 48 
student 477: 28 17 8 1 30 31 7 23 43 32 33 5 35 6 4 19 38 13 25 40 45 2 11 16 44 26 21 50 3 41 15 22 24 14 37 36 18 39 12 48 27 46 42 10 29 34 20 9 47 49 
student 478: 31 15 6 5 27 28 10 22 43 30 33 7 40 1 4 17 37 16 25 41 44 2 13 11 42 26 23 46 3 38 19 21 24 14 39 35 18 34 8 50 29 48 49 9 32 36 20 12 45 47 
student 479: 32 17 6 1 25 37 8 26 43 30 28 7 38 3 5 16 40 14 22 41 44 2 11 10 39 24 23 46 4 42 15 20 29 18 35 34 19 36 12 50 27 49 47 13 31 33 21 9 45 48 
student 480: 31 15 6 3 32 30 8 24 46 27 37 7 36 4 5 19 39 13 23 43 42 2 12 16 40 25 21 44 1 41 14 17 28 18 38 35 20 34 10 49 26 50 45 11 29 33 22 9 47 48 
student 481: 30 15 6 3 25 37 9 22 40 28 32 7 34 5 4 20 39 16 27 43 42 2 8 11 41 23 24 49 1 44 14 18 26 17 35 33 19 36 12 50 31 47 48 10 29 38 21 13 46 45 
student 482: 29 16 6 2 28 35 12 23 43 27 33 9 37 5 4 17 38 13 24 41 44 3 10 11 39 21 22 49 1 42 15 19 26 18 36 31 20 40 8 50 30 47 46 14 32 34 25 7 45 48 
student 483: 28 20 7 4 29 35 8 22 40 30 33 5 38 6 3 16 39 13 25 41 45 1 11 12 44 27 21 47 2 43 14 18 23 15 37 32 19 34 10 49 26 46 48 17 31 36 24 9 42 50 
student 484: 29 12 6 2 26 37 8 23 46 30 32 5 35 4 7 18 39 16 22 42 44 1 11 14 40 25 24 47 3 41 19 17 27 21 38 33 15 36 10 50 28 49 45 13 31 34 20 9 43 48 
student 485: 30 16 8 3 29 34 7 24 44 28 33 6 38 5 4 18 42 15 23 41 45 1 11 12 40 26 22 48 2 39 17 19 27 14 36 32 21 35 10 50 25 47 46 13 31 37 20 9 43 49 
student 486: 30 16 6 3 29 32 11 27 43 25 34 8 39 2 4 18 40 14 28 41 44 1 10 13 38 22 24 46 5 42 15 19 23 17 35 33 20 37 7 48 26 50 49 12 31 36 21 9 45 47 
student 487: 29 19 7 3 27 33 9 21 46 28 35 5 36 4 6 18 41 16 24 38 43 1 10 14 42 23 25 47 2 44 13 17 26 15 34 37 20 39 11 49 31 50 45 12 30 32 22 8 40 48 
student 488: 30 18 7 2 27 33 6 23 43 29 35 8 37 5 3 20 39 15 22 41 44 1 11 12 40 25 24 45 4 42 14 16 26 17 34 31 21 38 10 50 28 49 47 13 32 36 19 9 46 48 
student 489: 30 17 7 4 26 31 6 22 44 29 34 8 40 3 5 18 42 14 24 37 43 1 11 13 39 25 23 46 2 41 15 19 27 16 35 32 20 38 10 50 28 48 47 12 33 36 21 9 45 49 
student 490: 30 18 5 3 29 34 11 24 40 28 33 7 37 4 6 20 39 16 25 42 45 1 13 12 41 19 23 44 2 43 14 17 27 15 36 32 22 38 9 50 26 47 48 10 31 35 21 8 46 49 
student 491: 31 15 6 9 26 32 4 24 42 28 33 8 38 3 5 18 36 13 23 40 46 2 14 12 39 25 22 44 1 45 16 19 27 17 37 34 20 41 7 50 29 49 47 11 30 35 21 10 43 48 
student 492: 30 16 5 3 26 35 7 20 43 29 33 8 37 2 6 18 39 15 27 42 44 1 11 12 40 21 25 47 4 41 17 19 24 14 34 31 22 38 10 50 28 48 49 13 32 36 23 9 45 46 
student 493: 27 16 5 3 31 36 8 21 43 25 29 7 38 2 6 20 39 14 24 41 44 4 10 12 40 26 23 47 1 42 15 18 28 17 37 33 22 35 13 46 30 49 50 9 32 34 19 11 45 48 
student 494: 30 17 8 1 26 34 12 25 42 29 31 6 38 3 5 18 39 15 22 44 43 4 10 11 41 24 23 46 2 40 16 20 27 13 37 33 19 36 9 49 28 50 48 14 32 35 21 7 45 47 
student 495: 29 18 8 4 26 34 9 24 42 30 35 7 39 5 6 15 37 17 22 41 43 2 10 13 40 25 23 45 1 44 11 16 27 19 36 32 20 38 12 50 28 49 47 14 31 33 21 3 46 48 
student 496: 32 14 6 1 27 35 8 23 41 29 33 7 38 3 5 17 39 16 22 42 43 2 13 12 40 26 25 47 4 44 15 19 24 18 36 31 20 37 10 48 28 45 50 11 30 34 21 9 46 49 
student 497: 29 19 8 3 27 32 7 21 47 33 35 6 39 5 4 17 40 16 23 43 38 1 13 12 42 24 25 46 2 41 15 18 26 14 37 30 22 34 9 44 28 50 48 11 31 36 20 10 45 49 
student 498: 30 17 4 3 26 34 8 28 43 31 38 7 37 5 1 21 41 13 22 40 42 2 11 14 39 23 20 46 6 45 15 19 25 16 35 32 18 36 10 50 27 48 47 12 29 33 24 9 44 49 
student 499: 31 17 7 1 27 30 9 19 44 29 32 6 38 4 5 18 39 14 22 41 45 2 8 13 40 25 24 46 3 43 15 21 26 16 36 33 23 37 12 50 28 49 48 11 34 35 20 10 42 47 
