student 0: 13 23 34 35 9 31 27 7 19 16 25 8 50 3 32 49 28 33 14 18 11 26 42 47 1 2 20 29 41 22 30 40 48 17 39 37 24 44 45 12 43 15 6 38 4 46 36 21 5 10 
student 1: 16 20 33 34 8 30 28 7 15 14 24 10 50 2 32 48 26 35 12 27 13 25 40 49 3 4 18 37 41 21 29 43 47 22 38 31 23 45 44 9 46 17 1 36 5 42 39 19 6 11 
student 2: 15 21 35 32 5 30 27 9 13 16 25 7 48 3 28 49 26 33 12 18 14 29 45 47 2 4 20 36 40 22 31 39 50 19 38 34 24 46 43 11 42 17 1 37 8 44 41 23 6 10 
student 3: 14 23 32 35 6 30 28 10 15 16 27 8 50 5 33 48 26 31 12 20 13 22 42 49 1 3 18 37 41 21 29 39 45 19 40 36 25 43 44 9 47 17 2 38 7 46 34 24 4 11 
student 4: 11 21 33 35 9 31 28 8 18 14 27 10 50 1 30 49 26 32 15 22 13 25 47 48 2 3 17 37 42 19 29 41 46 20 38 34 23 43 40 5 45 16 4 36 6 44 39 24 7 12 
student 5: 15 21 34 40 8 30 29 10 19 14 25 9 50 4 32 49 26 31 12 22 13 24 44 46 2 1 17 39 36 20 28 42 48 18 38 33 27 43 41 7 45 16 3 35 5 47 37 23 6 11 
student 6: 13 24 32 34 7 31 27 9 17 16 25 8 50 3 30 49 28 35 15 21 12 26 43 47 2 1 20 37 39 19 29 38 48 18 33 36 22 45 42 10 44 14 4 40 5 46 41 23 6 11 
student 7: 12 25 33 35 7 30 28 9 18 15 26 11 49 4 31 50 24 32 14 21 10 22 42 48 1 2 16 39 38 19 29 41 47 20 37 34 27 44 43 8 46 17 3 36 6 45 40 23 5 13 
student 8: 14 20 33 36 7 30 29 10 19 16 27 9 50 1 31 49 26 32 13 18 12 24 43 47 2 3 21 35 38 22 28 41 48 15 37 34 25 45 42 8 44 17 5 39 4 46 40 23 6 11 
student 9: 13 21 33 37 6 29 26 10 16 14 25 8 47 5 31 50 28 32 15 22 11 27 45 49 1 2 20 35 44 19 30 36 48 18 40 34 24 41 46 9 42 17 3 39 4 43 38 23 7 12 
student 10: 10 22 33 35 8 29 28 9 18 12 26 11 50 5 32 49 27 31 16 23 15 24 42 47 1 4 14 36 41 20 30 40 48 19 38 34 25 44 43 2 45 17 3 37 6 46 39 21 7 13 
student 11: 18 24 35 32 6 30 28 7 17 13 27 10 50 4 29 48 23 34 12 21 14 26 43 47 1 9 15 33 41 22 25 40 49 19 36 31 37 44 42 8 45 16 2 39 3 46 38 20 5 11 
student 12: 13 20 36 34 8 30 27 9 16 18 25 11 50 7 31 49 26 32 14 23 12 21 41 47 1 3 17 37 40 22 29 39 48 19 38 35 28 44 43 5 45 15 2 33 4 46 42 24 6 10 
student 13: 14 21 34 36 6 29 27 10 17 16 26 11 50 2 30 49 31 33 13 23 9 24 41 48 1 3 19 37 42 20 28 39 47 18 40 32 25 44 45 8 43 15 4 35 7 46 38 22 5 12 
student 14: 14 24 33 35 6 31 28 8 11 17 27 9 50 3 29 49 26 30 15 21 10 22 42 47 1 2 19 36 41 20 32 38 48 18 39 34 25 43 44 12 45 16 4 37 5 46 40 23 7 13 
student 15: 14 22 35 33 8 30 26 9 20 15 28 11 49 5 34 48 25 31 13 21 12 27 41 47 3 1 19 36 42 18 29 40 50 16 38 32 24 46 43 7 44 17 2 37 4 45 39 23 6 10 
student 16: 12 21 34 36 5 30 29 8 17 16 28 10 50 4 31 48 24 32 14 19 11 25 43 47 1 3 23 37 41 18 27 40 49 20 38 35 26 45 42 9 46 15 2 33 6 44 39 22 7 13 
student 17: 12 22 34 38 7 33 27 10 16 14 28 9 49 6 32 46 25 31 15 19 13 26 42 50 1 3 20 29 43 21 30 40 48 17 36 35 24 44 39 8 45 18 4 37 2 47 41 23 5 11 
student 18: 13 22 35 36 8 32 28 10 21 14 27 7 50 3 30 47 26 31 16 24 12 23 46 45 2 1 17 37 43 20 29 42 48 18 38 33 19 44 39 9 40 15 5 34 4 49 41 25 6 11 
student 19: 15 21 34 35 8 31 29 6 16 17 27 10 49 4 30 50 26 32 11 20 13 23 43 47 3 1 19 37 40 24 28 42 48 18 38 33 25 44 41 9 45 14 2 36 5 46 39 22 7 12 
student 20: 15 21 34 36 7 30 28 9 17 13 25 10 50 1 32 49 29 31 14 24 11 22 43 44 4 2 20 35 37 19 27 41 45 18 39 33 26 46 42 6 47 16 3 38 5 48 40 23 8 12 
student 21: 12 23 33 36 7 29 26 10 18 16 30 14 49 5 31 50 28 32 13 20 11 24 41 46 1 4 22 35 42 19 27 40 47 15 38 34 25 48 43 8 44 17 3 37 2 45 39 21 6 9 
student 22: 14 22 33 34 4 30 29 10 17 11 27 8 50 5 32 47 25 31 15 21 13 26 42 49 2 1 19 37 41 20 28 35 48 18 39 36 24 43 44 7 45 16 3 40 12 46 38 23 6 9 
student 23: 12 22 32 35 5 29 27 9 17 14 28 10 48 4 31 50 25 33 16 20 13 24 45 49 1 3 19 36 42 21 30 39 46 18 38 34 26 43 44 8 41 15 2 37 6 47 40 23 7 11 
student 24: 14 22 31 34 7 32 27 8 18 15 30 9 50 4 35 49 26 29 13 20 12 23 42 46 1 2 19 37 41 21 28 39 48 16 38 33 25 43 45 10 44 17 3 36 5 47 40 24 6 11 
student 25: 13 19 31 35 6 30 27 9 18 17 29 11 47 3 32 49 25 33 15 23 12 24 44 48 4 2 20 36 39 21 26 40 50 16 38 34 28 43 41 7 45 14 1 37 5 46 42 22 8 10 
student 26: 10 22 34 37 8 30 28 9 16 19 27 11 49 4 32 50 23 31 17 18 14 25 43 47 3 1 20 38 39 21 29 41 48 15 36 35 26 45 42 7 44 13 2 33 5 46 40 24 6 12 
student 27: 13 22 33 36 6 30 28 10 16 14 27 12 48 8 32 49 25 29 17 23 7 24 42 47 2 1 18 39 41 19 31 38 50 20 34 35 26 45 44 9 43 15 4 37 3 46 40 21 5 11 
student 28: 10 20 33 35 8 30 28 7 17 13 27 12 50 4 31 43 26 32 16 25 14 23 42 48 1 2 19 39 41 21 29 36 49 18 38 34 24 47 46 9 44 15 3 37 5 45 40 22 6 11 
student 29: 14 24 33 34 8 29 26 7 19 16 25 10 50 4 32 47 28 30 15 21 11 22 41 49 1 2 17 36 46 20 31 40 45 18 38 35 27 42 48 9 44 12 3 37 5 43 39 23 6 13 
student 30: 12 22 31 35 7 30 28 10 17 16 25 9 50 1 34 49 26 32 14 19 13 24 41 46 2 3 21 37 40 23 29 39 47 18 42 33 27 44 43 8 48 15 4 36 5 45 38 20 6 11 
student 31: 13 21 33 35 9 31 29 8 19 15 27 10 48 4 30 50 26 32 14 23 11 24 42 44 2 1 17 40 41 20 28 39 49 16 38 34 25 45 43 7 47 18 3 37 5 46 36 22 6 12 
student 32: 11 24 29 35 7 30 32 9 15 16 27 10 50 3 31 49 26 33 18 21 13 23 45 46 1 2 17 36 38 19 28 44 48 20 40 34 25 43 41 8 42 14 5 37 4 47 39 22 6 12 
student 33: 13 24 34 35 8 31 29 9 18 15 28 10 50 4 32 49 23 30 14 21 12 26 46 48 1 3 19 36 43 20 27 42 47 17 38 33 25 40 41 6 45 16 2 37 5 44 39 22 7 11 
student 34: 11 23 32 36 7 29 26 9 17 15 28 10 47 4 30 50 27 34 14 20 13 25 42 49 2 1 19 37 41 21 31 35 45 18 39 33 24 43 44 8 46 16 3 38 5 48 40 22 6 12 
student 35: 12 21 31 35 9 30 28 7 18 15 26 11 50 2 33 49 25 32 14 20 10 22 42 47 4 1 16 37 39 23 29 40 48 19 41 34 27 44 43 6 45 17 3 38 5 46 36 24 8 13 
student 36: 13 22 33 34 8 29 30 6 14 16 27 10 50 5 31 48 24 32 17 21 12 25 42 46 1 3 19 36 38 20 28 40 47 15 41 35 26 43 49 9 44 18 2 37 4 45 39 23 7 11 
student 37: 12 22 34 35 8 32 25 9 17 15 28 10 50 5 29 48 26 31 14 21 13 27 43 49 1 2 20 36 40 18 30 41 47 19 37 33 24 42 45 6 44 16 3 38 4 46 39 23 7 11 
student 38: 13 21 33 35 7 31 29 10 14 16 30 9 49 4 27 50 26 32 17 20 8 28 43 44 1 3 18 37 42 19 25 39 48 15 36 34 24 45 41 12 46 22 2 38 6 47 40 23 5 11 
student 39: 13 20 33 35 8 31 29 9 18 16 28 11 50 4 32 47 26 30 14 23 7 21 40 49 1 2 19 36 43 22 27 42 45 17 38 34 24 41 44 10 46 15 6 37 3 48 39 25 5 12 
student 40: 14 23 38 36 6 29 30 9 18 16 24 13 49 1 31 47 25 32 15 19 11 26 42 50 3 4 20 34 41 21 28 40 46 12 37 33 27 45 44 10 43 17 2 35 5 48 39 22 7 8 
student 41: 12 22 33 34 7 31 29 9 20 13 28 10 48 4 30 49 26 32 14 19 11 23 42 47 3 1 21 39 41 18 27 38 50 17 37 35 25 45 43 8 44 15 2 36 5 46 40 24 6 16 
student 42: 12 19 33 34 6 30 31 10 17 14 27 9 50 5 32 48 26 29 13 22 15 24 42 49 1 3 21 37 41 20 28 40 47 16 38 35 25 43 44 8 45 18 4 36 7 46 39 23 2 11 
student 43: 12 21 31 35 5 30 23 9 16 20 28 8 49 4 32 48 26 33 15 24 13 25 41 47 1 3 19 36 40 18 29 42 50 17 37 34 27 43 44 10 45 14 2 39 6 46 38 22 7 11 
student 44: 13 20 34 35 8 31 29 10 15 16 22 11 49 3 30 50 27 32 14 23 12 24 42 48 1 2 17 37 40 18 28 45 47 21 38 33 26 46 41 6 43 19 4 36 5 44 39 25 7 9 
student 45: 13 21 34 31 7 28 29 8 15 14 25 10 49 3 30 50 26 33 12 22 11 24 40 47 1 2 17 39 42 20 32 41 48 19 36 35 27 44 43 9 45 18 6 37 5 46 38 23 4 16 
student 46: 13 22 33 37 6 29 30 11 17 14 28 8 50 5 32 49 26 31 16 21 12 25 40 47 1 2 19 35 41 20 27 38 48 18 39 34 24 43 42 9 44 15 3 36 7 46 45 23 4 10 
student 47: 13 23 33 34 7 28 29 8 18 17 26 9 50 2 30 45 27 32 14 19 12 25 42 49 1 3 21 37 41 20 31 40 46 15 38 35 22 44 43 10 47 16 4 36 5 48 39 24 6 11 
student 48: 14 22 33 34 5 32 30 9 16 18 28 11 50 3 29 48 26 31 13 21 10 24 46 47 2 1 19 36 41 20 27 40 49 17 39 35 25 42 44 8 45 15 4 37 6 43 38 23 7 12 
student 49: 13 22 28 34 6 29 27 9 17 14 26 12 50 3 30 49 31 33 16 21 10 25 39 48 4 1 18 37 41 19 32 40 47 20 38 35 24 43 44 8 45 15 2 36 5 46 42 23 7 11 
student 50: 12 19 33 36 7 31 25 4 17 15 27 9 48 5 32 50 30 29 14 18 13 24 44 47 1 2 21 34 41 23 28 40 49 20 38 35 26 43 42 8 45 16 3 37 6 46 39 22 10 11 
student 51: 13 23 32 35 5 30 27 8 15 17 26 9 50 3 31 48 28 33 14 18 11 20 45 47 6 1 21 37 41 22 29 39 49 19 38 34 24 43 42 7 44 16 2 36 10 46 40 25 4 12 
student 52: 10 26 33 32 7 28 30 9 20 13 31 14 50 2 29 49 25 35 15 21 12 18 44 48 1 4 19 34 42 22 27 40 47 17 38 36 24 43 41 6 45 16 3 37 5 46 39 23 8 11 
student 53: 13 24 32 35 8 28 26 10 18 11 27 9 47 6 30 50 29 33 15 20 12 23 42 48 1 4 19 38 41 21 31 40 49 16 36 34 25 44 43 7 45 17 3 37 5 46 39 22 2 14 
student 54: 14 21 35 36 7 29 24 9 17 13 28 10 49 1 32 48 27 33 15 19 11 23 43 46 2 3 20 31 41 22 30 38 45 18 37 34 26 44 50 8 42 16 4 40 6 47 39 25 5 12 
student 55: 13 23 34 31 8 29 28 11 18 16 27 9 50 5 32 49 26 33 15 22 10 25 41 45 2 4 19 36 46 17 30 40 48 12 38 35 24 44 42 7 43 20 3 37 1 47 39 21 6 14 
student 56: 16 25 32 35 5 29 31 10 17 14 26 7 50 4 28 47 27 33 13 23 12 24 43 48 1 2 21 37 39 22 30 45 49 18 40 34 19 42 38 8 44 15 3 36 6 46 41 20 9 11 
student 57: 13 20 33 38 6 30 27 8 17 14 28 9 50 4 31 49 25 32 15 22 11 21 40 47 1 2 23 34 41 18 29 42 48 19 39 35 26 45 43 7 44 16 5 36 3 46 37 24 10 12 
student 58: 13 19 33 35 11 31 29 8 17 15 26 9 50 7 32 48 25 34 14 22 12 28 41 46 1 2 21 36 43 20 27 40 47 18 38 30 24 42 49 3 44 16 4 37 5 45 39 23 6 10 
student 59: 13 23 31 36 9 34 26 6 18 16 28 12 50 4 29 49 27 32 14 20 11 24 42 48 1 3 19 35 41 21 30 39 43 17 37 33 25 46 44 10 45 15 2 38 5 47 40 22 8 7 
student 60: 13 22 33 37 8 30 27 9 17 14 28 10 50 5 31 49 26 32 12 21 15 23 40 47 2 3 18 34 42 20 29 41 48 19 38 35 25 44 43 7 45 16 1 36 4 46 39 24 6 11 
student 61: 13 21 33 37 8 30 29 10 17 15 26 11 47 3 31 49 24 34 14 25 9 23 43 50 1 7 19 36 41 20 28 39 48 18 38 35 27 42 44 6 45 16 2 32 4 46 40 22 5 12 
student 62: 14 23 35 36 7 29 28 9 18 13 26 11 50 4 30 49 27 31 15 20 10 22 42 45 3 5 19 34 41 21 33 40 48 17 38 32 25 46 43 8 47 16 1 37 6 44 39 24 2 12 
student 63: 14 19 36 37 9 28 27 8 16 15 25 7 44 2 31 48 29 32 12 23 13 22 41 50 1 4 17 34 43 20 30 38 49 21 35 33 24 45 40 11 46 18 3 39 5 47 42 26 6 10 
student 64: 15 22 33 34 9 31 29 8 14 11 28 10 50 4 27 49 26 40 17 21 12 24 42 47 3 2 20 35 39 19 30 41 48 18 38 32 25 44 43 7 46 16 1 36 5 45 37 23 6 13 
student 65: 12 21 33 31 8 32 29 10 18 14 27 6 48 3 34 50 26 28 15 24 9 23 41 47 1 4 20 39 37 19 30 38 49 16 40 35 25 44 43 7 46 17 2 36 11 45 42 22 5 13 
student 66: 16 23 34 36 8 29 28 10 18 13 26 9 48 4 32 47 27 37 12 22 14 24 41 45 3 1 20 33 40 17 31 42 49 19 38 30 25 46 43 7 50 15 2 35 5 44 39 21 6 11 
student 67: 13 22 34 36 4 29 28 8 18 14 27 9 50 6 30 49 26 33 15 21 11 23 43 45 3 5 20 35 40 19 31 41 48 17 38 32 25 47 44 10 46 16 1 37 7 42 39 24 2 12 
student 68: 11 22 34 33 8 29 30 10 17 15 27 12 50 5 31 43 26 32 14 20 13 25 44 47 2 4 19 37 40 21 28 41 48 18 38 35 23 46 42 9 49 16 3 36 1 45 39 24 6 7 
student 69: 14 21 33 35 5 30 28 8 13 17 26 6 49 3 32 43 27 31 15 20 10 24 44 48 1 2 19 36 41 23 29 38 50 16 40 34 25 46 42 12 47 18 4 39 7 45 37 22 9 11 
student 70: 13 24 34 32 9 30 29 8 18 14 26 11 50 4 31 47 27 33 16 22 12 25 44 48 1 2 19 37 41 17 28 40 49 20 38 35 21 43 42 7 45 15 3 36 5 46 39 23 6 10 
student 71: 12 26 29 35 5 24 28 9 18 14 30 8 49 6 31 50 27 32 15 20 13 23 43 42 1 2 17 36 38 21 34 41 46 19 37 33 25 45 44 11 47 16 4 39 3 48 40 22 7 10 
student 72: 16 21 33 37 7 31 27 6 18 15 26 10 50 5 29 47 30 32 13 22 12 23 42 48 1 2 19 34 41 20 28 38 49 17 40 35 25 44 43 9 46 14 3 36 4 45 39 24 8 11 
student 73: 13 22 36 31 7 32 27 9 16 14 26 10 50 4 29 49 30 35 15 20 12 24 41 47 1 3 19 34 42 21 28 40 48 17 33 37 25 44 45 8 46 18 2 39 6 43 38 23 5 11 
student 74: 15 23 38 32 13 31 27 8 12 16 26 9 50 3 30 49 28 33 14 20 10 24 42 44 1 2 21 35 41 19 29 40 48 18 37 34 25 45 43 7 47 17 4 36 6 46 39 22 5 11 
student 75: 13 23 33 34 6 29 32 8 18 14 26 10 49 4 28 50 25 31 15 21 12 27 42 48 1 2 19 36 40 20 30 41 47 16 38 35 22 44 43 7 45 17 3 37 5 46 39 24 9 11 
student 76: 13 23 32 36 6 30 28 10 20 16 29 9 49 3 31 50 25 33 14 19 11 26 43 46 1 5 18 37 44 22 27 39 47 17 38 35 24 41 42 8 48 15 4 34 2 45 40 21 7 12 
student 77: 15 18 31 34 3 24 28 8 17 20 29 6 50 10 32 49 27 35 12 21 9 25 43 48 1 2 14 36 41 16 30 38 47 19 39 33 23 46 42 7 45 22 5 37 11 44 40 26 4 13 
student 78: 13 21 28 35 8 29 30 10 18 14 26 6 50 5 31 47 27 33 17 19 12 24 42 49 2 4 20 36 41 16 32 40 46 22 39 34 25 48 43 9 44 15 3 37 7 45 38 23 1 11 
student 79: 14 23 35 34 9 29 28 10 18 13 26 8 50 4 31 49 27 32 15 19 12 22 45 47 1 2 24 36 41 16 30 40 48 20 38 33 25 43 46 6 42 17 3 37 5 44 39 21 7 11 
student 80: 12 22 34 35 4 33 28 6 18 17 26 11 50 2 29 49 25 31 13 20 14 24 43 46 1 3 19 36 40 21 30 41 48 16 37 32 27 44 42 9 45 15 5 38 7 47 39 23 8 10 
student 81: 10 21 33 36 8 31 29 11 19 18 27 9 50 4 30 49 25 32 16 22 13 24 44 45 1 2 17 35 41 20 28 40 46 15 39 38 26 43 42 7 47 14 3 34 5 48 37 23 6 12 
student 82: 12 23 32 34 6 29 28 11 13 19 27 8 50 4 35 49 26 30 15 22 14 24 39 47 1 2 18 36 43 20 31 40 48 17 41 33 25 44 42 10 46 16 3 37 5 45 38 21 7 9 
student 83: 12 24 34 32 7 29 31 9 20 14 27 10 49 2 30 46 26 33 15 18 13 22 42 48 1 3 19 39 40 21 28 41 50 17 37 36 25 43 44 8 45 16 5 35 4 47 38 23 6 11 
student 84: 10 23 32 34 7 30 27 8 16 15 26 12 50 5 31 49 28 33 13 20 14 24 42 48 1 2 19 37 40 21 29 41 47 17 36 35 25 43 44 9 45 18 4 38 6 46 39 22 3 11 
student 85: 13 23 35 33 8 28 27 5 16 15 31 10 50 4 32 48 24 30 14 19 11 25 41 47 1 3 17 43 40 22 29 39 49 20 36 34 26 44 42 9 46 18 2 38 6 45 37 21 7 12 
student 86: 11 23 34 35 6 31 27 9 17 13 26 10 49 7 30 50 25 32 15 29 14 22 42 48 1 2 19 37 41 21 28 40 46 18 38 33 24 44 43 12 45 16 3 36 4 47 39 20 5 8 
student 87: 10 21 32 36 4 30 31 8 17 14 29 12 44 6 27 50 25 34 13 19 11 22 42 48 3 1 24 35 45 18 28 39 49 20 38 33 26 43 41 9 46 15 5 37 7 47 40 23 2 16 
student 88: 12 18 31 34 14 35 28 10 15 16 25 9 50 4 29 49 30 33 13 19 11 24 43 46 1 3 21 36 42 20 27 41 47 22 37 32 26 44 38 8 45 17 2 39 6 48 40 23 7 5 
student 89: 13 21 33 34 9 30 29 8 16 15 27 10 49 3 31 50 26 32 14 23 12 25 40 47 1 2 19 36 43 20 28 42 48 18 37 35 24 46 41 7 44 17 4 39 5 45 38 22 6 11 
student 90: 13 22 37 36 8 31 28 7 14 19 24 12 49 6 29 48 27 32 16 20 15 25 46 47 2 3 18 38 41 21 30 39 50 9 34 33 26 42 44 4 45 17 5 40 10 43 35 23 1 11 
student 91: 17 25 36 34 5 28 27 8 15 16 26 10 50 4 30 46 23 32 14 21 12 24 41 49 1 2 19 37 42 20 29 40 43 18 35 33 31 45 44 9 48 11 3 38 6 47 39 22 7 13 
student 92: 13 23 32 37 9 30 28 10 16 15 27 8 46 3 34 50 26 31 17 21 14 24 39 49 1 2 19 35 43 20 29 41 48 18 36 33 25 45 42 7 47 12 6 40 5 44 38 22 4 11 
student 93: 12 22 32 37 8 25 31 11 15 17 30 9 46 1 29 50 27 33 13 23 16 24 42 48 2 4 18 35 38 21 28 41 49 14 40 34 26 44 43 7 45 19 3 36 5 47 39 20 6 10 
student 94: 17 21 34 35 9 30 28 8 16 13 27 11 48 5 32 50 24 31 14 22 12 25 44 47 1 3 20 37 41 19 29 38 45 18 36 33 26 43 42 7 46 15 2 39 4 49 40 23 6 10 
student 95: 12 22 37 36 8 31 30 9 15 16 25 10 50 2 26 49 29 32 14 21 13 23 43 47 1 3 17 33 42 20 28 35 48 19 40 34 27 45 44 7 38 18 4 39 5 46 41 24 6 11 
student 96: 10 20 33 35 8 30 28 9 22 15 27 11 50 6 31 48 24 32 17 19 12 21 41 47 2 1 18 36 42 23 29 40 49 16 38 34 26 45 43 7 46 14 5 37 3 44 39 25 4 13 
student 97: 14 22 34 35 10 31 23 9 17 15 26 8 50 2 28 49 30 32 13 21 12 27 46 47 3 1 18 38 41 20 29 40 48 19 36 33 24 43 42 7 44 16 4 39 6 45 37 25 5 11 
student 98: 13 22 34 37 7 29 25 9 18 17 28 10 50 3 33 49 30 32 14 21 12 26 41 43 1 2 19 35 40 20 27 44 48 16 39 31 24 46 42 8 47 15 6 36 4 45 38 23 5 11 
student 99: 15 20 33 35 5 25 27 7 14 17 23 8 50 6 31 49 28 32 16 21 12 30 41 48 1 3 19 37 36 22 29 42 47 18 39 34 26 44 43 9 46 13 2 38 4 45 40 24 10 11 
student 100: 12 22 31 34 10 30 24 9 18 14 27 11 50 5 28 49 29 33 13 20 15 25 43 46 1 2 21 38 41 16 32 40 48 19 37 36 26 42 44 6 45 17 3 35 7 47 39 23 4 8 
student 101: 13 22 34 35 9 32 28 7 20 15 27 11 50 4 30 49 26 31 16 21 12 24 43 48 1 2 17 36 40 23 29 39 46 14 38 33 25 45 42 6 47 18 3 37 8 44 41 19 5 10 
student 102: 13 20 29 33 6 30 31 8 14 15 26 9 50 2 32 48 27 28 12 25 11 23 44 47 3 1 19 35 41 21 34 39 49 17 37 36 24 45 42 10 43 16 5 38 4 46 40 22 7 18 
student 103: 16 22 32 36 7 29 30 8 17 14 28 11 48 3 31 50 23 34 12 19 13 25 42 47 1 4 20 37 41 21 26 45 49 18 40 33 27 39 43 9 44 15 2 35 5 46 38 24 6 10 
student 104: 13 22 33 34 6 30 27 11 14 17 29 10 48 5 31 50 25 32 15 20 12 26 45 46 1 2 23 36 40 19 28 37 47 16 42 35 21 44 41 7 43 18 3 38 4 49 39 24 9 8 
student 105: 13 25 34 38 8 30 28 7 18 17 27 12 48 3 31 49 26 32 14 20 11 24 44 43 1 2 19 36 40 22 29 37 47 16 39 35 23 46 42 9 45 15 4 33 5 50 41 21 6 10 
student 106: 13 23 31 34 9 33 29 8 17 15 26 4 47 2 30 50 28 32 14 20 10 25 41 49 1 3 18 35 42 22 27 38 46 19 37 36 24 45 44 11 43 16 6 39 7 48 40 21 5 12 
student 107: 11 20 33 34 8 29 27 7 14 16 28 12 50 5 32 47 26 31 15 19 13 24 41 48 1 2 21 36 43 18 30 40 49 23 38 35 25 42 44 9 45 17 3 37 4 46 39 22 6 10 
student 108: 13 22 32 36 10 29 28 3 18 16 23 7 50 5 31 49 26 33 14 21 12 30 45 46 1 2 15 37 40 20 27 39 47 19 38 35 25 43 42 8 44 17 4 34 9 48 41 24 6 11 
student 109: 13 21 29 35 6 31 28 8 15 12 27 10 49 7 33 50 26 32 17 23 14 25 43 48 1 2 19 36 39 22 30 41 47 16 40 34 24 44 42 9 46 18 4 37 3 45 38 20 5 11 
student 110: 13 25 35 34 7 29 31 9 16 15 28 11 50 4 30 48 27 33 14 21 12 24 41 47 1 3 19 37 40 20 26 39 49 18 38 32 22 43 42 8 46 17 2 36 5 44 45 23 6 10 
student 111: 13 16 31 32 7 25 28 9 19 17 34 10 50 5 29 48 30 35 14 24 12 23 40 46 1 3 21 33 41 20 27 39 49 15 37 38 26 43 44 8 45 18 2 36 4 47 42 22 6 11 
student 112: 14 22 33 35 7 29 27 8 16 15 28 10 49 5 32 47 26 30 12 25 13 23 43 50 1 2 21 36 44 18 31 42 40 19 39 34 24 45 38 9 48 17 4 37 6 46 41 20 3 11 
student 113: 14 22 34 36 7 30 29 10 16 12 25 11 45 4 32 50 23 31 15 24 13 26 43 48 1 2 18 40 42 19 28 38 49 20 39 33 27 46 44 9 47 17 3 35 6 37 41 21 5 8 
student 114: 11 20 33 38 12 32 29 8 15 17 26 9 49 4 30 50 27 31 13 18 10 25 41 47 1 3 16 36 34 21 28 44 48 22 39 37 24 45 42 7 43 19 2 35 5 46 40 23 6 14 
student 115: 15 19 30 37 1 35 28 8 16 14 27 9 47 5 29 50 26 33 13 22 10 24 42 48 2 4 18 38 41 21 32 36 49 20 39 34 25 43 46 12 44 17 3 31 6 45 40 23 7 11 
student 116: 13 22 33 35 5 30 29 9 15 14 26 10 50 4 31 49 28 32 16 21 12 19 44 45 2 1 20 36 41 23 27 39 47 18 38 34 24 43 40 8 46 17 3 37 6 48 42 25 7 11 
student 117: 12 22 33 32 8 29 26 9 19 15 25 14 48 5 34 50 30 31 11 20 13 28 40 49 1 2 23 37 42 18 27 39 47 17 38 35 24 44 43 7 45 16 4 36 3 46 41 21 6 10 
student 118: 11 22 32 34 5 31 27 7 16 15 28 8 50 2 33 48 26 30 14 20 12 24 42 46 1 6 19 36 41 23 29 40 49 18 38 35 25 44 43 10 45 17 4 37 3 47 39 21 9 13 
student 119: 19 23 33 36 9 29 32 6 16 17 27 10 50 3 30 49 26 31 13 20 11 22 42 48 4 2 15 37 41 21 28 39 47 18 38 34 24 43 44 7 46 14 1 35 5 45 40 25 8 12 
student 120: 12 21 36 32 7 35 25 17 16 15 27 9 50 5 34 48 28 30 13 20 6 23 42 47 1 2 19 33 41 24 29 40 49 18 38 31 26 44 43 10 45 14 4 37 8 46 39 22 3 11 
student 121: 15 21 33 35 9 34 26 10 16 18 27 6 50 4 30 49 25 31 13 22 11 24 41 47 2 1 19 36 42 20 29 40 48 17 38 32 28 44 43 8 45 14 3 37 5 46 39 23 7 12 
student 122: 15 22 34 35 6 32 28 9 18 12 26 13 50 2 30 49 25 33 10 21 14 27 45 47 1 3 17 38 44 20 29 41 48 19 39 31 23 46 40 8 42 16 4 36 7 43 37 24 5 11 
student 123: 15 22 34 36 7 33 28 12 14 16 26 11 50 2 30 49 27 31 10 21 9 23 41 47 1 3 20 35 42 19 29 40 48 18 37 32 25 43 44 8 45 17 5 39 4 46 38 24 6 13 
student 124: 12 25 33 35 8 30 28 9 16 13 23 11 49 4 31 50 27 32 17 21 10 24 42 46 1 2 20 34 39 15 29 41 48 19 38 36 26 45 43 7 44 18 3 37 6 47 40 22 5 14 
student 125: 11 19 32 36 7 27 30 9 18 15 29 10 50 2 31 48 28 34 13 20 14 25 41 46 5 4 22 35 43 23 26 38 47 16 40 33 24 44 42 8 49 17 1 39 6 45 37 21 3 12 
student 126: 13 22 33 35 5 32 27 9 17 20 28 12 48 4 29 50 26 30 15 21 11 24 43 45 1 6 19 36 44 18 31 41 46 16 40 34 25 47 37 8 42 14 3 38 7 49 39 23 2 10 
student 127: 11 20 32 36 8 30 25 9 16 15 28 12 50 4 29 48 27 33 18 24 13 21 44 49 3 1 19 34 41 22 31 40 47 17 38 35 26 42 45 6 46 14 2 37 5 43 39 23 7 10 
student 128: 16 23 33 35 8 31 28 7 17 11 26 10 50 2 30 47 27 32 13 21 15 22 40 48 4 1 20 36 42 19 29 41 49 18 38 34 25 44 43 9 45 14 6 37 3 46 39 24 5 12 
student 129: 14 20 33 34 8 35 27 10 15 12 24 13 50 4 29 49 28 30 16 22 7 25 42 47 1 3 19 36 40 21 31 41 48 17 38 39 26 44 43 11 45 18 2 32 5 46 37 23 6 9 
student 130: 13 22 30 34 6 31 28 8 17 15 25 10 50 4 32 49 29 33 14 24 11 20 42 45 1 3 19 37 41 21 27 40 48 18 36 35 26 44 43 9 46 16 2 38 5 47 39 23 7 12 
student 131: 15 22 30 35 8 31 28 9 18 16 27 12 49 13 32 50 25 34 14 21 11 26 46 47 1 3 20 36 40 19 29 38 45 17 37 33 24 43 41 6 44 10 2 39 4 48 42 23 5 7 
student 132: 14 25 32 35 5 31 26 9 18 16 28 10 50 4 29 49 27 34 15 22 13 21 42 48 2 1 19 36 41 24 30 40 47 12 39 33 23 44 43 8 46 17 3 37 7 45 38 20 6 11 
student 133: 13 25 33 36 9 30 28 8 18 16 27 10 50 5 31 48 22 32 14 19 12 23 44 47 1 2 21 34 40 15 29 43 49 20 39 35 24 42 41 4 46 17 3 37 6 45 38 26 7 11 
student 134: 19 24 34 35 6 28 29 9 17 14 27 10 48 4 31 49 25 32 13 23 11 21 44 50 3 2 16 37 42 18 30 41 47 20 39 36 26 45 40 8 43 15 1 33 5 46 38 22 7 12 
student 135: 13 23 33 35 5 29 28 7 18 14 27 11 50 1 31 48 26 32 15 21 12 25 42 39 2 4 20 40 44 17 30 41 49 19 36 34 22 46 45 9 43 16 3 37 6 47 38 24 8 10 
student 136: 14 22 35 37 8 31 29 9 16 17 26 10 49 3 30 47 24 32 15 21 11 25 41 48 2 4 20 33 38 19 28 42 50 18 40 36 27 44 43 7 45 13 1 39 5 46 34 23 6 12 
student 137: 12 21 33 35 7 31 28 9 14 17 27 11 50 5 32 49 26 29 16 22 13 25 40 45 3 1 19 37 43 20 30 41 48 15 38 34 24 46 42 8 47 18 2 36 4 44 39 23 6 10 
student 138: 12 23 33 35 7 30 29 10 15 17 27 8 50 4 31 49 26 32 13 21 14 28 42 47 2 1 18 36 43 19 25 38 45 20 37 34 24 44 41 9 46 16 3 39 6 48 40 22 5 11 
student 139: 16 19 34 38 5 28 29 9 18 15 27 13 50 4 30 47 26 31 11 17 12 25 43 48 1 2 22 40 42 24 32 37 49 20 36 35 23 45 41 6 44 14 3 33 7 46 39 21 8 10 
student 140: 13 22 31 35 4 29 32 6 19 14 25 12 50 3 33 48 30 28 15 20 9 23 42 49 2 1 18 36 41 24 26 40 44 17 37 34 27 46 43 10 45 16 7 39 8 47 38 21 5 11 
student 141: 12 23 32 33 8 31 28 10 16 15 27 9 50 6 30 49 25 35 14 22 11 21 43 46 1 2 19 34 41 20 29 39 48 17 38 36 24 45 42 7 47 18 4 37 3 44 40 26 5 13 
student 142: 13 24 31 36 6 30 28 9 16 18 26 11 50 4 32 49 25 34 14 22 10 23 40 46 1 2 19 38 44 20 29 39 48 17 37 33 27 43 45 7 42 15 3 35 5 47 41 21 8 12 
student 143: 14 22 32 35 10 30 28 9 18 17 24 8 50 2 31 48 27 34 11 21 15 25 41 47 1 3 12 36 40 19 29 39 49 20 38 33 23 44 42 6 45 16 4 37 5 46 43 26 7 13 
student 144: 12 20 32 39 5 28 30 8 18 15 27 10 50 3 29 49 26 33 14 22 13 25 40 46 1 6 21 36 42 17 31 41 48 19 37 35 23 47 44 9 45 16 2 34 4 43 38 24 7 11 
student 145: 15 20 33 37 7 29 27 9 19 14 28 10 50 4 32 48 26 31 13 23 12 24 43 46 1 2 16 35 38 18 30 42 49 22 39 34 25 44 40 8 45 17 3 41 5 47 36 21 6 11 
student 146: 14 22 33 35 7 30 28 10 17 15 27 9 49 5 29 50 25 31 11 21 13 24 44 48 3 4 18 38 43 20 32 37 42 19 39 36 26 45 41 8 47 16 2 40 1 46 34 23 6 12 
student 147: 11 20 34 36 8 32 28 7 17 15 31 10 50 4 29 47 26 33 14 22 13 24 45 49 1 3 18 30 38 21 27 39 44 19 40 35 25 48 46 9 42 16 2 37 6 43 41 23 5 12 
student 148: 12 25 29 33 7 36 27 6 19 16 28 8 48 4 32 49 26 31 14 24 15 23 43 47 1 3 22 34 39 20 30 40 50 13 38 37 21 42 45 9 44 18 2 35 10 46 41 17 5 11 
student 149: 13 21 33 36 8 30 27 9 16 12 28 11 50 6 31 49 26 32 15 23 14 25 43 47 1 2 20 34 40 19 29 41 48 17 37 35 22 45 44 5 42 18 3 38 4 46 39 24 7 10 
student 150: 14 22 33 36 8 30 21 7 18 16 28 10 50 6 31 49 27 32 13 20 12 24 43 46 1 2 19 34 40 23 29 42 47 17 38 35 26 44 41 9 45 15 5 37 3 48 39 25 4 11 
student 151: 13 19 34 36 10 30 28 6 15 16 27 9 47 4 31 50 26 32 18 21 12 23 42 48 1 2 17 35 41 22 29 40 49 24 38 33 25 43 44 8 45 14 3 37 7 46 39 20 5 11 
student 152: 12 23 33 37 8 29 28 10 16 14 27 5 48 3 31 49 26 32 13 18 15 22 42 50 1 2 19 35 44 21 30 39 47 20 38 34 25 43 41 9 45 17 4 36 6 46 40 24 7 11 
student 153: 13 22 34 35 7 30 28 3 16 15 27 11 50 4 32 46 26 31 12 21 10 24 44 48 6 1 20 36 40 19 29 42 49 18 38 33 25 41 43 9 47 17 2 37 5 45 39 23 8 14 
student 154: 11 23 33 34 6 29 28 10 16 12 27 9 50 4 30 49 26 35 17 21 15 22 43 47 1 2 19 36 40 20 32 38 48 18 39 31 25 42 46 8 44 14 3 37 5 45 41 24 7 13 
student 155: 13 24 32 36 8 28 31 10 18 14 26 12 50 5 29 49 30 35 15 17 11 21 42 46 2 4 20 34 37 23 27 41 47 19 39 33 22 43 44 7 45 16 1 38 3 48 40 25 6 9 
student 156: 16 23 35 34 10 29 28 6 17 13 26 11 48 8 30 49 25 31 14 20 12 22 43 45 1 3 19 37 40 21 32 39 50 18 38 33 27 47 44 7 42 15 2 36 5 46 41 24 4 9 
student 157: 18 21 33 39 2 30 27 7 17 14 28 11 49 8 29 50 24 34 12 20 10 22 41 48 1 4 16 32 37 19 31 42 47 23 36 38 25 46 43 6 45 15 3 35 5 44 40 26 9 13 
student 158: 12 22 33 35 6 30 29 8 17 20 27 10 49 4 31 48 25 32 15 18 13 23 43 50 2 3 19 37 39 21 28 42 46 16 38 34 26 44 41 5 45 14 1 36 9 47 40 24 7 11 
student 159: 13 22 33 35 6 31 27 7 18 15 28 14 50 4 32 49 26 29 12 21 10 24 39 48 1 2 20 36 38 19 30 44 41 16 42 34 25 45 46 9 43 17 3 40 5 47 37 23 8 11 
student 160: 13 21 32 36 9 33 26 8 19 15 24 10 50 3 31 47 30 28 14 27 12 23 43 48 1 2 18 34 40 20 29 42 49 17 38 35 25 45 41 6 44 16 4 37 7 46 39 22 5 11 
student 161: 14 17 32 37 6 30 28 9 21 16 27 10 50 7 31 46 26 33 15 22 12 23 42 48 1 2 18 35 40 19 29 43 49 20 38 34 25 41 45 8 44 11 3 36 5 47 39 24 4 13 
student 162: 14 22 30 36 8 31 29 6 13 16 28 9 49 4 32 48 25 35 15 19 11 27 38 44 1 2 21 34 42 20 26 41 50 18 39 33 24 45 43 7 46 17 3 37 12 47 40 23 5 10 
student 163: 13 20 32 34 8 30 28 10 18 17 27 9 41 5 31 50 26 35 14 22 12 23 44 47 1 2 19 36 40 21 29 39 48 16 42 33 25 46 43 6 45 15 3 37 4 49 38 24 7 11 
student 164: 11 24 33 37 3 30 29 9 14 17 25 13 48 5 32 50 22 31 12 21 10 27 39 49 1 2 20 35 40 19 26 43 47 16 38 34 28 46 41 8 44 18 4 36 6 45 42 23 7 15 
student 165: 11 19 34 36 7 29 27 9 17 14 26 13 50 4 28 49 31 32 12 18 15 23 42 44 1 2 21 35 41 22 30 40 48 20 37 33 25 46 43 8 47 16 3 38 5 45 39 24 6 10 
student 166: 15 19 33 34 10 31 28 11 17 14 26 6 49 7 32 48 27 29 12 20 13 21 40 45 1 2 23 39 41 22 30 43 50 18 38 35 25 44 42 4 46 16 3 36 5 47 37 24 8 9 
student 167: 12 23 31 39 3 29 30 9 16 14 25 11 49 6 33 50 27 32 13 19 10 21 38 46 4 1 20 35 42 22 28 41 48 18 36 34 26 45 43 7 47 17 2 40 5 44 37 24 8 15 
student 168: 11 24 34 33 8 30 26 10 16 14 28 9 50 5 31 49 27 32 17 20 13 25 42 47 1 2 18 36 41 19 29 38 46 21 39 35 23 43 44 7 45 15 6 37 3 48 40 22 4 12 
student 169: 13 22 33 36 8 25 28 10 20 15 29 11 50 4 31 49 26 32 14 21 12 23 41 48 1 2 18 35 42 19 30 40 47 17 39 34 24 46 43 7 44 16 3 38 5 45 37 27 6 9 
student 170: 12 23 35 34 6 30 26 7 17 14 29 9 50 1 31 49 22 32 13 21 10 27 42 47 3 2 20 33 39 19 28 43 48 18 38 36 24 41 44 11 45 15 5 37 8 46 40 25 4 16 
student 171: 11 22 34 36 8 29 27 9 21 16 28 10 50 2 32 49 26 33 14 20 13 23 42 48 1 3 17 35 41 18 30 40 47 19 37 31 25 44 43 7 45 15 4 38 6 46 39 24 5 12 
student 172: 12 22 32 36 6 28 30 10 18 17 27 9 49 7 29 50 26 34 15 21 14 25 42 47 2 1 19 39 40 20 31 38 45 16 35 37 24 44 43 8 48 11 4 33 3 46 41 23 5 13 
student 173: 13 23 34 44 7 30 29 9 16 15 25 10 49 6 32 50 26 33 14 21 12 22 41 47 2 5 18 36 40 19 28 39 48 17 38 31 24 45 43 8 42 20 1 35 3 46 37 27 4 11 
student 174: 12 25 33 35 6 30 29 10 15 14 27 11 48 5 31 49 26 32 16 21 13 24 40 50 1 2 20 36 43 19 28 39 47 17 37 34 23 42 44 7 46 18 3 41 9 45 38 22 4 8 
student 175: 12 24 33 37 5 29 35 9 17 15 28 11 49 6 31 48 26 30 19 23 13 22 42 47 1 2 14 32 40 21 27 41 50 18 34 36 25 43 44 8 45 16 3 38 7 46 39 20 4 10 
student 176: 14 25 32 34 7 29 33 8 18 16 28 11 50 6 27 48 26 30 12 22 13 24 41 45 4 1 21 42 40 19 31 38 47 17 37 35 23 43 49 9 44 15 5 36 2 46 39 20 3 10 
student 177: 12 24 35 37 6 32 29 8 20 14 25 9 50 3 31 49 27 34 15 17 11 26 46 44 1 2 19 40 41 21 28 38 48 16 39 30 23 42 43 10 45 18 4 36 5 47 33 22 7 13 
student 178: 13 24 33 34 7 29 27 8 17 15 26 10 50 4 30 46 28 32 14 22 12 21 43 48 1 2 18 40 42 20 31 36 49 19 37 35 25 44 41 9 45 16 3 38 6 47 39 23 5 11 
student 179: 13 22 27 34 5 37 29 9 18 14 28 11 49 4 31 50 26 32 15 21 12 23 43 46 1 2 19 35 42 20 30 40 48 17 39 33 24 41 45 7 44 16 3 36 6 47 38 25 10 8 
student 180: 13 22 36 35 9 31 26 12 17 16 30 8 47 2 32 50 27 29 14 21 10 24 41 49 1 3 19 33 43 20 28 39 48 18 37 34 25 44 42 7 46 15 4 38 5 45 40 23 6 11 
student 181: 12 22 32 34 8 29 28 10 18 16 27 3 48 7 31 50 26 33 13 21 14 25 40 49 1 2 15 36 42 20 30 37 47 19 39 35 23 44 43 9 45 17 6 38 4 46 41 24 5 11 
student 182: 13 25 33 34 5 31 28 10 16 15 27 7 48 4 30 50 26 32 14 21 12 24 45 49 1 3 17 36 43 20 29 40 46 19 38 35 23 42 47 9 41 18 6 37 2 44 39 22 8 11 
student 183: 19 24 33 35 9 29 26 7 16 14 31 8 50 4 32 49 25 28 13 20 12 22 41 48 1 3 18 36 42 23 27 40 47 17 38 34 30 44 43 10 45 15 2 37 5 46 39 21 6 11 
student 184: 11 22 32 34 8 29 28 12 19 17 27 13 46 4 37 50 25 30 16 15 7 24 41 48 1 2 18 43 39 21 31 40 49 20 36 33 26 47 42 9 44 14 3 35 5 45 38 23 6 10 
student 185: 15 22 34 35 6 29 31 11 16 14 26 10 50 4 33 49 27 28 12 21 13 24 42 48 1 3 18 36 41 20 30 40 46 19 38 32 25 43 44 8 45 17 2 37 5 47 39 23 7 9 
student 186: 12 22 33 35 6 28 30 17 13 15 26 7 50 8 29 49 25 32 14 21 11 27 42 47 1 2 19 36 41 20 31 40 48 18 39 34 24 44 43 10 45 16 3 37 4 46 38 23 5 9 
student 187: 12 24 34 35 6 27 30 9 16 15 21 10 50 4 33 48 26 31 14 18 13 28 44 47 1 3 20 36 40 22 29 39 49 19 38 32 25 41 42 8 45 17 2 37 5 46 43 23 7 11 
student 188: 14 20 32 35 7 31 29 8 16 15 27 9 49 3 30 50 26 34 17 22 11 24 40 47 1 2 21 37 43 19 28 41 48 18 38 33 25 44 42 10 45 13 4 36 5 46 39 23 6 12 
student 189: 13 23 33 36 8 31 27 7 17 14 25 9 49 2 30 50 28 35 16 22 12 24 43 42 1 3 19 37 41 20 29 39 48 18 38 32 26 47 44 10 45 15 5 34 4 46 40 21 6 11 
student 190: 13 22 32 34 8 31 29 9 19 16 27 7 50 4 33 48 23 30 14 21 11 25 43 47 1 2 17 36 37 20 28 42 49 15 35 40 26 45 41 10 44 18 3 39 5 46 38 24 6 12 
student 191: 14 22 32 41 7 30 27 9 16 15 26 12 49 4 31 50 25 33 13 21 10 23 42 48 1 2 20 35 39 19 28 38 47 17 37 34 29 44 43 8 46 18 3 40 5 45 36 24 11 6 
student 192: 12 22 33 35 8 28 27 9 19 16 29 10 48 6 31 50 26 32 13 23 14 25 46 45 1 2 17 36 41 18 30 39 49 20 40 34 24 43 42 5 44 15 3 37 4 47 38 21 7 11 
student 193: 13 21 37 36 6 30 29 9 16 15 26 11 49 5 31 50 22 33 14 23 10 27 43 47 2 1 19 32 42 20 28 40 48 17 38 35 25 45 41 8 44 18 3 34 4 46 39 24 7 12 
student 194: 17 21 34 36 7 30 27 13 16 14 28 10 49 2 32 48 26 31 11 20 12 24 43 47 1 3 18 37 42 22 29 38 50 19 40 35 25 44 39 8 45 15 4 33 5 46 41 23 6 9 
student 195: 13 23 32 37 5 30 28 11 16 14 26 8 50 2 31 49 27 33 15 20 12 24 42 48 1 3 19 36 41 18 29 39 44 22 40 35 25 46 45 7 47 17 4 34 9 43 38 21 6 10 
student 196: 13 23 35 36 7 30 26 10 15 16 28 11 50 1 31 49 25 32 14 21 12 27 46 48 2 3 19 34 41 20 29 42 44 18 40 33 22 45 39 6 43 17 5 38 8 47 37 24 4 9 
student 197: 11 21 36 35 4 27 28 10 16 15 29 9 47 6 31 44 26 32 14 20 13 23 41 49 1 2 17 37 34 22 30 38 50 18 42 33 25 45 43 8 48 19 5 39 3 46 40 24 7 12 
student 198: 12 22 34 35 6 31 26 7 13 15 28 10 49 2 30 50 23 32 16 21 14 24 39 47 1 3 20 37 41 19 29 43 48 17 38 36 25 44 40 9 45 18 4 33 8 46 42 27 5 11 
student 199: 12 22 33 34 7 29 31 9 15 16 28 10 50 4 30 48 26 32 13 21 14 23 44 47 2 1 19 36 39 20 27 43 49 18 38 35 25 46 41 6 42 17 3 37 5 45 40 24 8 11 
student 200: 13 20 33 34 6 30 28 10 18 16 27 11 50 7 31 49 26 32 14 21 12 25 40 47 1 3 23 38 44 19 29 36 48 17 37 35 24 42 43 4 45 15 2 39 5 46 41 22 8 9 
student 201: 13 23 33 38 6 29 28 8 18 15 25 10 48 7 31 45 26 32 14 21 11 22 47 49 2 1 19 40 41 20 30 39 50 17 36 34 24 43 42 12 44 16 4 35 3 46 37 27 5 9 
student 202: 16 23 34 36 8 29 28 11 17 14 27 6 49 4 31 50 25 32 13 18 12 22 43 44 1 2 15 33 37 20 30 41 45 19 39 35 26 47 42 10 46 21 3 38 5 48 40 24 7 9 
student 203: 12 22 33 34 6 28 32 10 17 15 26 8 48 2 30 50 27 31 14 19 11 25 42 49 3 5 18 36 40 23 29 41 47 21 39 35 24 44 43 7 46 16 1 37 9 45 38 20 4 13 
student 204: 12 21 34 37 9 29 28 8 17 15 26 10 50 3 32 49 27 31 14 22 13 25 43 47 1 2 20 35 41 19 30 40 48 18 36 33 24 44 42 6 46 16 4 38 7 45 39 23 5 11 
student 205: 12 27 29 34 6 32 30 7 18 16 23 9 50 4 35 46 17 31 15 22 11 25 39 49 1 3 19 36 45 20 28 41 47 21 37 33 26 44 43 10 42 13 2 38 5 48 40 24 8 14 
student 206: 13 23 33 32 8 29 28 9 18 15 27 12 50 4 31 49 24 35 10 22 14 25 43 46 1 3 19 37 41 20 30 40 48 17 38 34 26 44 42 7 47 16 2 36 5 45 39 21 6 11 
student 207: 12 20 33 35 7 30 27 10 21 15 28 9 50 4 31 48 19 32 14 25 13 24 42 49 1 2 22 38 41 18 29 40 47 17 37 34 26 45 44 8 46 16 3 39 5 43 36 23 6 11 
student 208: 12 21 35 33 7 31 29 10 14 16 26 11 50 3 27 49 28 32 15 22 9 25 42 47 1 2 20 36 38 19 30 41 48 17 40 34 24 44 43 8 45 18 4 39 5 46 37 23 6 13 
student 209: 15 20 33 35 6 31 28 5 17 14 27 10 50 9 29 49 25 32 13 21 12 22 42 46 2 1 23 37 40 18 30 39 47 19 38 34 26 44 43 8 45 16 3 36 4 48 41 24 11 7 
student 210: 13 23 33 35 7 29 26 8 14 16 28 10 50 3 32 47 27 31 15 22 12 24 43 45 1 2 21 36 48 19 30 40 46 17 38 34 25 41 42 6 44 18 5 37 4 49 39 20 9 11 
student 211: 12 22 33 37 7 30 26 9 19 15 29 11 46 6 31 49 27 32 13 21 14 23 42 48 1 3 17 39 41 20 25 40 50 18 38 35 28 43 45 8 44 16 5 34 2 47 36 24 4 10 
student 212: 14 23 31 35 8 29 24 7 18 16 28 12 50 4 32 47 27 33 13 22 9 21 42 46 1 2 20 39 41 17 30 40 49 15 38 34 25 48 43 10 44 19 3 36 5 45 37 26 6 11 
student 213: 14 22 37 34 7 30 32 9 19 15 28 8 50 3 33 49 27 29 18 20 13 25 42 47 1 2 21 35 41 16 24 40 48 10 36 31 26 43 44 11 45 17 6 38 4 46 39 23 5 12 
student 214: 12 23 33 34 3 31 30 8 20 15 26 9 50 5 28 49 24 32 14 21 13 22 42 45 1 2 19 38 40 16 29 37 48 18 39 35 27 46 43 7 44 17 4 36 11 47 41 25 6 10 
student 215: 14 24 34 35 8 29 27 9 15 18 28 11 50 4 30 45 26 31 12 22 10 23 42 47 1 2 17 36 41 21 32 40 49 20 38 33 25 46 43 5 44 16 3 37 6 48 39 19 7 13 
student 216: 9 22 32 34 8 30 27 7 18 14 28 11 49 4 31 50 26 36 15 17 13 24 43 41 1 2 21 35 38 20 29 42 48 19 39 33 25 45 44 12 46 16 3 37 5 47 40 23 6 10 
student 217: 13 22 30 35 5 31 28 11 20 15 27 8 50 2 32 46 26 36 14 21 12 25 40 45 1 3 18 37 42 19 29 41 48 17 38 33 23 43 44 9 47 16 7 34 6 49 39 24 4 10 
student 218: 12 23 32 36 5 27 28 9 17 15 30 10 50 6 35 49 26 31 14 24 13 16 42 48 1 2 19 33 39 22 29 41 47 18 38 37 25 43 44 8 45 20 3 34 4 46 40 21 7 11 
student 219: 13 23 33 36 8 29 30 6 16 18 28 9 50 5 31 49 25 32 12 21 11 24 43 47 1 3 19 35 41 20 27 40 48 17 39 37 26 45 44 10 42 15 2 34 4 46 38 22 7 14 
student 220: 12 20 35 36 8 31 28 7 15 17 27 10 50 6 32 48 25 33 16 21 11 26 41 47 1 4 19 30 42 23 29 40 49 18 38 34 24 43 45 5 44 14 2 37 9 46 39 22 3 13 
student 221: 16 21 30 35 6 29 28 9 15 13 27 10 50 2 33 49 26 32 11 20 12 23 42 47 1 3 19 36 40 22 31 41 48 18 38 34 25 44 43 8 46 17 4 37 7 45 39 24 5 14 
student 222: 12 22 30 35 9 34 29 3 19 14 28 10 50 8 31 49 25 32 15 26 11 24 42 47 5 1 17 37 40 20 27 41 48 18 38 33 23 45 43 7 46 16 4 36 2 44 39 21 6 13 
student 223: 17 23 34 35 8 31 28 10 15 13 27 5 50 4 30 49 26 32 12 22 14 24 42 48 1 2 20 37 41 19 29 39 47 18 36 33 25 45 44 9 43 16 3 38 6 46 40 21 7 11 
student 224: 15 22 37 34 7 30 28 9 16 20 27 10 50 4 31 49 25 33 14 19 12 24 40 47 1 2 21 35 42 18 29 38 48 17 41 32 26 44 45 8 43 13 3 36 5 46 39 23 6 11 
student 225: 17 22 33 35 11 30 27 7 16 14 28 8 49 3 31 50 25 32 13 21 12 26 41 48 1 2 18 36 40 19 29 39 46 20 42 34 24 45 44 4 47 15 5 37 6 43 38 23 9 10 
student 226: 14 25 34 35 7 30 27 10 21 15 29 8 47 5 32 50 26 31 16 19 12 24 42 48 2 1 18 36 40 23 28 39 49 17 38 33 22 44 43 9 45 13 3 37 4 46 41 20 6 11 
student 227: 16 21 32 35 7 30 25 10 23 15 29 14 50 3 31 48 26 34 9 22 13 20 40 45 1 2 18 36 43 19 28 42 46 11 38 33 27 47 44 8 41 17 4 37 5 49 39 24 6 12 
student 228: 12 22 33 36 9 31 24 10 18 17 28 5 50 4 32 49 25 29 14 21 13 27 41 47 2 3 19 37 40 20 30 42 48 16 38 35 26 44 43 6 46 15 1 34 8 45 39 23 7 11 
student 229: 13 22 33 34 4 31 28 11 14 16 30 9 50 3 29 48 24 35 18 21 12 26 40 47 7 1 17 37 39 19 27 32 49 20 38 36 23 42 43 6 45 15 2 41 8 46 44 25 5 10 
student 230: 13 23 33 35 7 31 29 8 18 17 28 9 49 4 30 50 24 32 14 21 10 22 41 46 1 2 19 37 40 20 27 39 48 16 42 34 26 47 43 6 44 15 3 36 11 45 38 25 5 12 
student 231: 14 23 31 36 5 28 27 8 18 15 29 13 50 2 32 46 25 33 12 20 10 24 42 49 1 3 22 39 41 19 30 38 48 17 34 35 26 45 43 11 44 16 4 37 7 47 40 21 6 9 
student 232: 12 25 33 35 9 24 27 7 16 13 31 10 50 5 32 46 26 29 14 18 15 19 38 47 2 1 17 39 43 21 28 36 48 20 40 34 30 44 42 4 49 23 3 37 6 45 41 22 8 11 
student 233: 9 22 32 34 10 28 33 8 17 15 27 11 48 3 30 50 25 31 14 21 12 23 43 47 4 6 19 40 38 20 29 39 49 18 37 36 26 44 42 2 45 16 1 35 7 46 41 24 5 13 
student 234: 9 20 33 34 7 29 28 10 17 19 24 11 50 4 32 49 26 31 14 18 13 21 40 47 2 3 23 37 41 25 30 42 48 16 38 35 27 44 43 8 45 15 1 36 5 46 39 22 6 12 
student 235: 17 19 34 36 4 31 29 9 16 13 27 11 50 3 28 48 26 32 15 22 12 25 43 47 2 1 21 33 37 20 30 41 49 18 42 35 24 45 44 8 39 14 5 38 6 46 40 23 7 10 
student 236: 12 22 33 40 8 28 31 9 19 14 27 10 50 4 30 48 26 32 13 20 18 24 43 44 3 1 17 35 41 21 29 39 47 15 38 34 25 45 42 7 49 16 5 36 6 46 37 23 2 11 
student 237: 12 18 34 36 8 31 28 9 14 16 26 10 50 4 29 49 25 32 13 23 15 24 43 47 1 2 17 40 41 21 30 38 48 20 37 33 27 45 44 6 42 19 5 35 3 46 39 22 7 11 
student 238: 14 22 32 33 8 29 28 9 17 16 27 10 50 7 30 49 26 37 15 21 13 23 44 45 1 3 19 35 40 20 31 41 48 11 38 34 25 43 42 6 46 18 2 36 5 47 39 24 4 12 
student 239: 12 23 32 36 7 31 28 8 17 16 27 9 50 4 29 48 26 33 14 22 13 24 42 46 2 1 19 37 40 20 30 41 47 18 38 34 25 45 44 10 43 15 3 35 5 49 39 21 6 11 
student 240: 13 20 39 35 6 29 28 9 18 15 26 10 50 1 33 49 27 31 14 22 12 24 40 48 2 3 19 34 46 21 30 38 44 17 41 32 25 45 42 8 43 16 5 36 4 47 37 23 7 11 
student 241: 13 22 33 35 7 30 28 9 16 20 26 14 50 4 31 49 27 32 15 21 11 24 43 46 2 1 17 36 40 18 29 39 48 19 38 34 25 45 41 8 44 12 3 37 6 47 42 23 5 10 
student 242: 12 22 31 36 7 32 30 9 15 16 26 10 50 3 24 48 25 34 14 21 13 29 42 49 1 2 19 40 43 20 28 39 47 18 38 33 27 44 35 8 46 17 4 37 5 45 41 23 6 11 
student 243: 16 22 34 35 7 28 31 9 12 15 26 10 47 3 32 49 27 30 14 24 11 21 42 45 1 2 19 36 40 20 29 38 50 18 41 33 23 48 43 8 44 17 4 39 5 46 37 25 6 13 
student 244: 13 23 33 36 8 29 26 10 19 16 27 6 50 5 31 48 25 34 14 24 12 20 46 47 4 1 17 37 40 21 30 41 45 15 38 32 28 44 42 9 43 18 3 35 2 49 39 22 7 11 
student 245: 13 17 35 38 8 29 28 11 16 14 24 9 50 4 31 48 27 34 15 22 12 26 41 47 1 2 20 37 42 23 30 39 49 19 36 32 21 46 43 5 44 18 3 33 6 45 40 25 7 10 
student 246: 13 22 34 37 8 29 27 10 16 14 28 11 49 3 32 50 26 30 15 21 12 24 41 47 2 1 19 35 42 20 31 40 48 18 39 33 25 44 43 7 45 17 5 36 6 46 38 23 4 9 
student 247: 13 22 31 35 8 32 28 7 17 15 27 11 50 4 30 49 26 34 14 21 12 24 42 47 1 2 18 36 41 20 29 39 48 16 37 33 25 44 43 10 46 19 3 40 5 45 38 23 6 9 
student 248: 16 21 35 37 5 31 28 8 17 15 27 9 48 6 29 49 26 32 14 23 12 22 43 47 2 1 19 34 41 20 30 39 50 18 36 33 24 42 44 10 45 13 3 38 4 46 40 25 7 11 
student 249: 12 21 33 34 7 30 25 8 16 15 28 10 50 3 31 48 24 36 14 20 13 27 41 46 1 2 22 39 42 19 29 37 47 18 38 32 26 44 43 9 49 17 4 35 5 45 40 23 6 11 
student 250: 10 22 34 35 11 27 31 6 17 15 29 9 50 5 30 49 28 32 13 24 14 23 42 48 2 4 19 36 39 20 26 40 47 18 38 33 25 44 43 12 45 16 1 37 7 46 41 21 3 8 
student 251: 13 22 30 33 6 29 32 9 16 18 26 10 50 8 31 49 28 35 12 20 14 24 41 48 1 2 17 34 47 21 27 40 46 19 39 36 25 44 42 5 43 15 3 37 4 45 38 23 7 11 
student 252: 13 21 31 36 8 29 28 10 17 15 25 9 48 1 32 50 27 34 14 23 12 26 43 47 5 2 18 35 41 19 30 40 49 16 38 33 24 44 42 3 46 22 6 37 4 45 39 20 7 11 
student 253: 13 22 34 37 7 30 23 10 17 15 28 11 45 3 32 50 27 33 18 21 12 25 44 49 1 2 19 39 41 20 29 40 43 14 36 35 26 42 46 9 47 16 4 31 5 48 38 24 6 8 
student 254: 13 24 33 39 8 27 26 10 16 17 28 9 50 4 32 48 25 31 11 23 12 22 40 45 1 2 19 41 43 20 30 37 47 18 36 34 29 46 44 7 42 15 3 35 6 49 38 21 5 14 
student 255: 16 24 32 36 6 30 28 7 21 12 27 10 50 3 33 49 25 31 17 22 11 20 41 48 1 2 19 34 44 15 29 40 47 18 39 35 23 43 42 9 46 14 4 38 5 45 37 26 8 13 
student 256: 14 22 31 37 7 34 30 8 15 18 27 10 49 5 28 50 26 32 12 21 13 24 42 48 1 2 16 33 38 19 29 40 47 20 39 35 25 46 45 9 43 17 3 36 6 44 41 23 4 11 
student 257: 13 24 32 33 7 29 27 8 15 17 28 9 50 4 31 48 22 34 16 23 12 21 39 49 2 3 19 35 44 20 30 37 47 18 41 36 26 46 42 10 43 14 1 38 6 45 40 25 5 11 
student 258: 15 19 36 35 5 29 30 8 16 11 28 10 49 9 31 50 26 32 13 22 12 24 40 48 1 4 20 37 43 21 27 42 45 18 34 33 25 46 41 7 44 17 2 39 3 47 38 23 6 14 
student 259: 9 20 33 35 8 31 26 11 15 14 28 10 50 3 30 48 25 32 18 21 13 27 44 46 1 5 19 36 42 23 29 41 49 16 37 34 24 43 40 7 45 17 2 38 4 47 39 22 6 12 
student 260: 11 21 30 34 6 31 29 9 17 13 27 10 50 4 32 49 24 33 16 22 15 23 42 47 1 3 18 36 40 20 28 41 48 19 39 35 25 44 43 8 45 14 2 38 5 46 37 26 7 12 
student 261: 14 21 33 35 6 29 28 9 19 13 26 10 49 4 34 50 25 30 15 22 12 24 44 42 2 1 18 37 43 20 32 40 48 17 38 31 27 45 41 8 46 16 5 36 3 47 39 23 7 11 
student 262: 14 22 33 37 6 29 28 10 19 15 27 11 50 3 32 49 26 31 12 20 13 23 42 47 4 1 17 36 41 18 30 40 48 21 35 34 25 43 44 7 46 16 2 38 5 45 39 24 9 8 
student 263: 15 21 34 35 9 31 28 6 19 16 25 8 50 4 29 48 26 32 12 24 13 22 45 47 2 3 18 37 43 20 30 40 49 17 39 33 27 41 38 11 46 14 1 36 5 44 42 23 7 10 
student 264: 10 21 33 37 6 30 28 13 17 15 29 9 50 5 31 49 26 32 12 20 14 22 42 46 2 1 19 39 41 25 27 45 47 18 36 34 23 40 43 8 44 16 3 35 4 48 38 24 7 11 
student 265: 12 24 36 37 7 30 28 9 15 14 26 10 48 4 31 50 27 32 17 21 11 20 40 46 3 1 18 33 39 23 29 44 47 19 35 34 22 49 42 8 43 13 2 41 5 45 38 25 6 16 
student 266: 11 21 34 37 8 31 28 9 18 15 24 12 50 4 30 49 27 32 14 23 10 25 38 48 2 3 20 33 42 17 29 41 44 19 36 35 26 45 43 7 47 16 1 40 6 46 39 22 5 13 
student 267: 17 24 34 37 10 30 29 12 16 15 27 8 50 4 28 48 26 31 11 21 14 22 43 49 2 1 18 36 40 19 33 39 47 20 38 32 25 44 41 6 45 13 3 35 7 46 42 23 5 9 
student 268: 13 23 31 34 6 30 29 7 17 16 26 8 50 3 32 48 27 33 14 20 12 25 43 49 1 5 21 36 42 19 28 39 47 18 38 35 22 45 41 10 44 15 2 37 9 46 40 24 4 11 
student 269: 13 22 33 36 7 30 27 8 17 18 29 11 50 3 32 49 23 31 14 21 12 25 41 47 4 1 19 34 39 20 28 43 48 16 40 35 26 44 45 9 42 15 2 37 5 46 38 24 6 10 
student 270: 14 26 34 35 7 29 30 4 17 15 28 9 48 8 31 47 25 32 13 20 12 21 42 49 2 1 19 38 40 16 27 41 50 22 37 33 24 46 44 10 43 18 6 36 3 45 39 23 5 11 
student 271: 13 22 30 35 10 29 28 11 17 14 27 7 48 5 32 49 26 34 15 21 9 24 41 46 2 1 19 36 45 20 31 39 47 18 37 33 25 43 42 8 44 16 3 38 4 50 40 23 6 12 
student 272: 13 21 33 38 8 30 29 11 16 15 27 10 49 5 31 50 25 34 14 19 12 24 44 47 1 2 18 35 41 23 28 36 45 17 39 32 26 42 43 7 48 20 3 37 6 46 40 22 4 9 
student 273: 14 23 33 35 7 28 26 10 13 19 25 12 46 3 31 50 29 32 16 20 15 21 43 47 2 1 18 38 42 22 30 40 49 17 37 34 27 45 41 8 44 9 4 36 5 48 39 24 6 11 
student 274: 15 22 32 35 7 30 26 10 13 16 29 12 50 3 33 49 24 31 14 21 9 27 41 46 2 1 18 42 40 20 28 38 48 19 37 34 25 44 43 8 47 17 4 36 5 45 39 23 6 11 
student 275: 12 22 32 35 10 30 29 9 17 13 27 8 50 5 31 47 28 33 15 20 11 25 43 46 3 2 19 36 42 21 26 40 48 18 38 34 23 44 41 6 45 16 1 37 4 49 39 24 7 14 
student 276: 13 24 25 31 8 29 30 7 16 14 28 10 49 4 38 50 27 36 19 20 12 23 42 46 1 2 17 35 39 21 33 41 48 15 34 32 26 44 43 9 45 18 3 37 6 47 40 22 5 11 
student 277: 11 23 34 37 6 28 29 7 18 16 26 10 50 5 31 49 27 33 13 20 12 24 44 47 1 2 19 36 42 21 30 40 48 14 35 32 22 46 41 9 45 17 3 39 8 43 38 25 4 15 
student 278: 14 22 33 35 8 25 27 9 17 15 30 12 50 5 32 48 28 31 13 20 10 24 42 47 1 3 19 40 41 21 29 39 49 18 37 34 26 45 43 7 44 16 2 36 4 46 38 23 6 11 
student 279: 11 22 29 34 7 30 28 8 17 14 25 9 49 3 32 48 27 33 16 21 13 24 44 47 2 1 19 36 43 20 31 41 50 18 37 35 26 42 46 10 40 15 4 39 5 45 38 23 6 12 
student 280: 15 21 31 34 9 30 27 14 18 16 26 10 50 4 32 49 23 33 13 20 11 28 45 43 1 2 19 36 41 24 29 40 48 17 39 35 25 44 42 8 46 12 3 37 6 47 38 22 5 7 
student 281: 13 21 34 33 6 31 28 10 19 14 26 11 47 5 32 50 27 35 15 22 12 24 42 45 1 2 20 36 40 18 29 41 49 16 39 30 25 43 46 9 44 17 3 37 7 48 38 23 4 8 
student 282: 14 21 33 37 8 30 27 13 17 7 28 11 50 2 31 49 26 32 15 22 12 24 43 47 1 3 18 35 41 20 29 40 48 19 36 34 25 44 42 9 46 16 4 38 5 45 39 23 6 10 
student 283: 13 22 32 37 12 29 28 8 18 17 27 11 49 4 31 50 26 33 14 16 10 25 41 46 1 5 20 36 42 21 30 40 48 19 38 34 23 44 43 6 45 15 2 35 3 47 39 24 7 9 
student 284: 12 21 35 34 6 29 26 9 18 17 25 11 50 4 31 49 28 32 13 19 14 24 45 47 2 1 20 36 43 15 30 38 48 22 39 33 27 44 41 7 42 16 3 37 5 46 40 23 8 10 
student 285: 13 20 34 37 8 29 30 7 17 15 25 11 50 5 31 47 28 32 14 19 9 27 42 46 2 3 18 38 40 22 26 41 48 24 36 33 23 49 43 10 45 16 1 35 4 44 39 21 6 12 
student 286: 12 24 36 33 9 30 27 8 18 15 25 10 49 4 32 46 28 35 14 21 11 22 45 48 2 1 19 37 40 20 29 42 47 16 39 31 26 41 43 13 44 17 6 34 7 50 38 23 3 5 
student 287: 13 22 31 32 8 30 28 5 16 14 27 10 50 2 34 47 26 35 15 23 12 24 40 49 1 6 17 33 42 21 29 39 46 19 38 36 25 43 44 9 45 18 4 37 3 48 41 20 7 11 
student 288: 15 19 33 36 6 30 28 14 17 16 27 10 50 5 32 49 26 31 11 22 13 24 42 48 2 1 21 38 41 20 29 40 46 18 37 34 23 45 43 7 47 12 4 35 8 44 39 25 3 9 
student 289: 10 20 35 36 13 32 28 7 17 16 27 12 50 1 30 48 25 31 14 21 2 26 42 44 3 4 18 33 40 22 29 37 49 19 38 34 24 43 46 9 45 15 5 39 6 47 41 23 8 11 
student 290: 12 23 40 35 8 30 27 10 17 16 24 9 50 5 32 49 22 31 14 18 13 28 43 44 1 3 19 34 39 21 29 41 48 20 37 33 25 45 42 4 46 15 2 36 6 47 38 26 7 11 
student 291: 15 22 34 35 6 31 29 10 20 14 25 8 49 3 30 47 24 32 13 18 12 23 40 46 2 1 19 36 39 17 27 41 50 16 38 33 26 43 44 9 45 21 4 37 7 48 42 28 5 11 
student 292: 10 24 33 36 9 26 31 8 18 15 27 12 46 6 34 49 29 28 14 20 13 23 39 48 4 1 21 32 42 19 30 40 50 16 41 35 25 47 43 7 44 17 3 37 2 45 38 22 5 11 
student 293: 13 21 34 36 5 28 30 10 18 16 27 9 50 4 29 46 24 32 15 23 11 25 42 49 1 2 17 35 41 20 31 39 44 22 40 37 26 45 43 8 47 14 3 33 6 48 38 19 7 12 
student 294: 13 21 34 36 6 30 27 7 15 14 28 11 50 5 31 49 26 32 16 22 12 25 41 47 2 1 20 35 42 19 29 40 48 18 38 33 24 43 45 9 44 17 3 37 4 46 39 23 8 10 
student 295: 14 21 35 34 7 29 27 9 18 15 31 10 50 4 30 47 25 33 13 22 12 26 41 48 2 1 20 36 42 19 28 40 49 16 38 32 24 44 43 8 45 17 3 37 6 46 39 23 5 11 
student 296: 14 22 32 35 8 27 31 6 17 15 26 10 50 3 29 49 28 30 13 20 12 25 43 46 4 2 19 36 40 21 33 41 48 18 37 34 24 44 42 9 45 16 1 38 5 47 39 23 7 11 
student 297: 14 21 33 35 4 32 29 5 16 15 28 11 50 3 30 48 27 31 13 19 12 24 41 47 1 2 20 37 44 23 25 40 49 17 38 34 26 46 42 9 43 18 7 36 6 45 39 22 8 10 
student 298: 14 21 35 34 7 32 28 9 16 17 22 13 50 6 29 49 26 33 11 23 12 25 42 47 1 2 18 36 40 20 30 37 48 19 41 31 27 43 46 8 44 15 3 38 4 45 39 24 5 10 
student 299: 12 22 31 35 7 32 25 9 18 15 24 10 50 5 30 49 29 33 14 21 11 27 40 48 2 1 19 37 43 20 28 41 46 17 36 34 26 44 42 8 45 16 3 38 4 47 39 23 6 13 
student 300: 14 22 33 36 4 31 30 8 16 17 26 11 50 3 28 49 25 29 13 23 12 21 42 47 1 2 20 37 38 19 32 43 48 15 39 34 24 44 41 7 46 18 6 35 10 45 40 27 5 9 
student 301: 13 22 33 35 8 32 25 7 15 14 28 11 50 3 31 48 27 29 16 21 12 26 44 47 2 4 17 36 41 20 30 40 49 19 38 34 24 45 42 9 43 18 1 37 5 46 39 23 6 10 
student 302: 11 20 32 36 8 33 28 5 17 10 27 9 49 4 31 48 26 30 16 21 14 24 43 40 1 2 19 38 41 22 29 39 47 18 37 34 25 45 44 12 50 15 3 42 7 46 35 23 6 13 
student 303: 11 18 33 36 8 29 30 10 15 16 27 12 50 4 31 48 26 32 14 21 13 22 41 49 2 1 20 38 37 17 28 40 46 19 42 34 25 47 43 9 44 24 3 35 6 45 39 23 5 7 
student 304: 13 18 31 34 6 30 28 7 16 19 27 10 49 2 36 50 25 32 15 23 12 26 44 47 8 1 22 35 43 20 29 39 48 17 38 33 24 42 41 9 45 14 3 37 4 46 40 21 5 11 
student 305: 13 19 33 37 7 31 27 12 20 15 25 10 50 4 28 49 26 32 14 22 11 24 43 47 1 2 18 35 40 21 30 38 45 17 39 34 29 41 46 9 44 16 8 36 3 48 42 23 6 5 
student 306: 15 23 32 34 9 30 26 10 16 14 29 8 49 4 36 50 28 31 13 22 12 24 43 47 1 2 19 37 35 21 27 41 48 18 38 33 25 46 44 7 45 17 3 39 6 42 40 20 5 11 
student 307: 15 22 32 37 6 30 28 9 17 14 26 10 50 3 31 47 24 34 13 18 12 25 39 43 1 2 20 38 46 21 29 40 49 19 35 33 27 44 41 7 48 16 4 42 8 45 36 23 5 11 
student 308: 13 22 32 30 10 33 29 8 17 15 27 9 48 5 31 50 26 35 14 20 12 25 44 49 1 3 19 34 42 21 28 40 46 18 38 36 24 43 41 6 45 16 4 39 2 47 37 23 7 11 
student 309: 13 23 33 35 8 32 29 9 17 16 26 10 50 4 27 49 28 31 14 20 12 25 42 47 1 2 19 37 40 22 30 41 48 18 39 34 24 43 44 6 45 15 3 36 5 46 38 21 7 11 
student 310: 16 20 34 35 8 29 28 9 17 14 26 6 46 4 30 49 25 32 13 21 12 27 42 50 1 2 22 36 41 19 31 40 47 18 38 33 24 43 44 10 48 15 3 37 7 45 39 23 5 11 
student 311: 8 23 33 36 6 31 26 11 20 15 28 10 49 4 29 48 27 32 14 22 12 21 40 50 3 2 18 39 42 16 30 41 47 17 34 35 24 45 43 9 46 19 1 37 7 44 38 25 5 13 
student 312: 15 23 34 33 6 30 28 10 11 14 27 12 49 4 31 48 26 32 17 21 13 25 43 42 1 2 19 35 41 22 29 40 45 16 37 39 24 44 46 8 47 18 3 36 7 50 38 20 5 9 
student 313: 12 20 34 38 7 29 28 10 19 17 27 13 49 1 32 50 26 31 14 21 11 25 41 46 5 2 18 36 42 22 30 40 48 16 35 33 23 44 43 8 47 15 3 37 4 45 39 24 6 9 
student 314: 12 22 31 35 7 30 27 10 17 15 26 11 49 4 32 48 28 33 13 19 14 24 43 46 3 1 20 38 47 21 29 40 41 18 37 34 25 44 39 9 45 16 2 36 5 50 42 23 6 8 
student 315: 14 23 33 34 13 30 28 8 19 16 26 9 50 5 31 48 27 32 11 21 10 24 43 46 2 4 18 37 41 20 29 39 49 17 40 36 25 45 42 3 44 15 1 38 7 47 35 22 6 12 
student 316: 14 24 34 35 6 31 27 7 22 16 28 10 49 9 30 50 25 32 12 20 11 26 43 42 2 4 18 36 39 17 29 41 48 19 37 33 23 45 44 8 46 15 1 40 5 47 38 21 3 13 
student 317: 13 22 34 36 6 31 28 7 16 14 27 9 50 4 32 49 25 30 17 21 12 26 42 47 3 1 20 33 44 19 29 40 43 18 38 35 24 41 45 11 46 15 2 37 10 48 39 23 5 8 
student 318: 16 22 38 33 7 28 27 9 15 13 29 8 50 3 32 44 26 30 12 19 14 24 36 48 2 4 21 35 43 20 31 41 49 18 39 34 25 45 42 10 46 17 1 37 5 47 40 23 6 11 
student 319: 12 27 32 34 7 28 25 9 13 15 26 10 49 5 31 50 19 36 14 23 11 24 45 47 1 2 21 35 43 20 30 41 48 18 39 33 29 40 42 8 44 16 3 37 4 46 38 22 6 17 
student 320: 12 26 32 35 8 30 27 10 19 14 25 7 50 3 33 47 24 31 16 21 13 23 42 48 1 2 18 36 41 20 29 39 49 17 38 34 28 43 45 9 44 15 4 37 6 46 40 22 5 11 
student 321: 13 20 33 34 7 31 28 5 19 17 27 8 50 6 30 49 25 32 14 21 12 26 42 47 1 4 16 35 44 23 29 40 48 18 37 36 22 41 43 9 45 15 2 39 3 46 38 24 10 11 
student 322: 14 24 31 34 7 29 26 8 18 17 33 9 50 5 30 49 27 37 6 20 13 22 43 48 1 2 19 35 41 21 28 40 47 16 39 32 25 44 42 12 45 15 4 36 3 46 38 23 11 10 
student 323: 13 25 32 36 7 30 27 10 17 14 29 11 50 2 31 48 26 33 12 22 15 21 43 47 1 3 20 35 40 19 28 42 49 16 39 34 24 44 46 8 45 18 4 37 5 41 38 23 6 9 
student 324: 14 22 31 36 4 33 26 10 18 11 30 12 50 5 28 46 29 34 15 20 13 23 39 49 1 2 19 35 43 21 27 41 47 17 37 32 25 42 44 7 45 16 3 38 6 48 40 24 9 8 
student 325: 14 24 31 35 7 27 26 10 18 15 28 12 46 5 30 48 29 33 13 19 9 22 41 47 1 3 20 40 42 21 32 38 50 16 36 34 25 45 44 6 43 17 2 37 4 49 39 23 8 11 
student 326: 13 24 33 35 9 30 27 7 17 15 25 10 48 5 32 50 28 31 14 22 12 21 40 47 2 1 18 37 42 20 29 39 49 16 38 34 23 44 43 8 45 19 3 36 4 46 41 26 6 11 
student 327: 11 24 34 36 7 31 28 9 16 17 29 12 50 3 32 49 22 30 15 19 13 25 42 47 4 1 18 33 41 21 27 38 48 20 40 35 26 43 45 8 44 14 2 37 5 46 39 23 6 10 
student 328: 15 19 32 37 7 28 26 8 20 14 30 10 50 5 34 49 24 31 13 18 11 27 44 46 2 3 17 35 42 21 29 40 48 22 36 33 25 43 41 9 45 16 1 38 4 47 39 23 6 12 
student 329: 18 22 37 34 5 31 29 8 16 15 28 10 50 9 33 49 24 32 12 21 7 25 43 47 2 1 19 35 46 20 27 39 48 17 36 30 26 42 41 11 44 14 3 38 4 45 40 23 6 13 
student 330: 13 21 31 36 8 33 28 6 19 15 32 9 50 2 29 49 26 30 14 24 12 23 43 46 1 4 17 35 39 20 27 42 48 18 44 34 25 41 40 10 45 16 3 37 7 47 38 22 5 11 
student 331: 8 23 32 33 9 31 29 10 17 16 27 13 48 6 35 49 24 28 14 21 12 25 43 50 1 2 19 37 41 20 30 40 47 18 34 36 22 42 44 3 45 15 4 38 5 46 39 26 7 11 
student 332: 14 22 34 33 8 31 28 9 16 13 27 10 49 5 32 47 24 35 15 19 11 25 40 46 1 2 20 36 42 21 29 41 50 18 38 30 26 45 43 6 44 17 3 37 7 48 39 23 4 12 
student 333: 11 22 33 35 8 31 27 13 17 16 28 6 50 7 30 47 23 32 14 20 12 26 42 48 3 2 19 40 39 21 29 43 49 18 37 36 25 45 41 9 44 15 4 34 1 46 38 24 5 10 
student 334: 12 22 31 33 7 24 25 10 17 16 29 9 49 3 30 50 27 32 15 21 13 23 44 47 1 2 19 37 40 18 34 39 48 20 38 35 26 43 42 8 45 14 4 36 5 46 41 28 6 11 
student 335: 15 22 33 34 9 32 29 7 17 13 27 14 47 6 28 48 26 36 10 20 11 24 42 50 1 3 18 37 41 21 30 39 49 19 38 31 25 43 46 12 45 16 2 35 5 44 40 23 4 8 
student 336: 14 20 34 36 8 28 31 10 9 18 27 12 49 3 30 47 26 32 15 19 13 23 42 45 4 2 22 39 38 21 29 37 50 16 35 33 24 46 40 6 43 17 1 41 5 48 44 25 7 11 
student 337: 9 23 34 36 6 31 30 7 16 15 27 11 50 4 29 49 21 32 14 20 13 24 43 47 2 3 19 33 42 22 28 40 48 17 37 35 25 45 41 10 46 18 1 38 5 44 39 26 8 12 
student 338: 14 22 32 36 8 27 28 9 17 16 31 12 48 4 29 50 30 33 13 20 10 21 42 45 1 2 19 37 41 25 26 40 49 18 38 34 23 43 44 7 47 15 3 35 5 46 39 24 6 11 
student 339: 12 21 33 35 6 29 31 9 18 16 28 10 50 1 30 49 25 32 15 22 13 24 40 47 3 2 17 36 43 20 27 41 48 14 39 34 26 44 42 8 45 19 4 38 5 46 37 23 7 11 
student 340: 14 24 33 37 3 31 26 10 17 13 27 9 49 5 30 50 28 32 16 19 12 23 41 45 1 2 22 36 42 20 29 40 48 18 38 34 25 46 43 8 44 15 4 35 6 47 39 21 7 11 
student 341: 16 22 31 34 7 29 28 8 17 15 24 12 49 4 36 47 27 33 14 21 10 23 41 44 1 2 18 38 40 20 30 37 48 19 35 32 25 45 50 9 46 13 3 39 5 42 43 26 6 11 
student 342: 12 23 32 37 8 30 27 7 13 16 29 10 49 4 28 50 26 33 14 20 11 24 43 47 2 1 21 35 41 19 31 38 48 17 36 34 25 46 45 9 42 18 3 39 6 44 40 22 5 15 
student 343: 14 19 34 36 9 27 29 7 18 16 28 12 48 3 32 47 26 33 10 24 13 25 50 45 1 2 22 38 41 23 30 43 49 15 37 31 20 44 40 11 42 17 4 35 5 46 39 21 6 8 
student 344: 11 22 35 34 5 31 29 10 15 16 27 9 50 2 30 48 25 33 19 21 13 24 43 49 1 4 18 36 41 20 28 40 47 17 37 32 26 44 42 7 46 14 3 38 6 45 39 23 8 12 
student 345: 13 22 32 33 5 28 27 11 18 16 30 6 49 4 31 50 26 35 12 20 14 24 43 46 3 1 19 34 41 21 29 40 48 17 39 37 25 42 44 8 45 15 7 38 2 47 36 23 9 10 
student 346: 10 22 33 34 7 31 27 11 20 14 26 9 50 5 32 49 25 30 15 19 13 24 43 48 1 2 18 37 44 23 29 36 46 17 40 35 28 42 41 8 45 16 3 39 6 47 38 21 4 12 
student 347: 11 23 30 37 6 33 26 8 21 14 32 9 50 2 25 49 27 31 13 20 15 24 40 44 1 4 18 38 42 19 28 41 47 16 39 36 29 43 46 10 45 17 3 34 5 48 35 22 7 12 
student 348: 13 21 33 35 3 31 26 9 16 15 29 11 50 7 28 47 27 32 14 22 12 23 41 49 1 6 20 37 42 19 30 39 44 17 36 34 24 46 43 5 48 18 2 38 8 45 40 25 4 10 
student 349: 11 21 33 37 6 30 26 9 18 17 27 12 49 3 32 48 29 34 16 23 10 22 40 45 1 2 19 36 43 20 31 41 47 15 35 28 25 44 42 7 46 14 4 38 5 50 39 24 8 13 
student 350: 14 21 33 34 4 29 27 10 20 16 26 11 42 6 30 49 32 31 13 22 12 24 43 48 1 2 15 35 41 19 28 40 50 18 37 38 25 44 45 5 47 17 3 36 7 46 39 23 8 9 
student 351: 13 22 32 34 9 31 29 10 17 15 25 12 50 8 28 46 26 35 14 21 11 24 45 48 5 4 19 39 40 20 30 44 49 18 37 33 27 41 43 3 42 16 1 36 2 47 38 23 7 6 
student 352: 13 18 33 38 6 31 26 12 17 15 29 9 50 3 32 47 25 30 14 21 11 23 42 49 1 2 20 37 39 24 28 41 46 19 40 34 27 44 45 7 48 16 4 35 5 43 36 22 8 10 
student 353: 11 23 35 36 7 30 26 15 17 10 28 9 50 1 31 49 27 33 14 22 13 20 42 47 3 4 19 38 34 21 29 41 48 18 39 32 24 46 43 8 44 16 2 37 5 45 40 25 6 12 
student 354: 10 21 31 37 6 33 27 9 14 12 26 11 50 2 29 48 28 32 13 22 20 25 43 49 1 4 18 34 40 19 30 41 46 17 38 35 24 45 44 8 47 16 5 36 3 39 42 23 7 15 
student 355: 13 22 31 34 5 28 27 11 16 15 30 12 49 3 35 50 25 32 14 26 10 23 42 47 4 1 19 38 40 20 29 41 48 18 39 33 24 44 43 8 46 17 2 36 7 45 37 21 6 9 
student 356: 13 22 33 35 7 31 28 11 16 15 29 9 49 3 30 45 23 32 14 21 12 24 43 48 2 6 19 36 41 20 26 40 50 18 39 34 27 42 44 8 46 17 1 38 4 47 37 25 5 10 
student 357: 13 23 34 36 10 29 26 12 18 15 25 7 50 6 31 48 28 32 14 16 11 21 42 47 1 2 19 35 38 22 30 41 49 20 40 33 27 44 43 8 45 17 3 37 4 46 39 24 5 9 
student 358: 13 22 33 34 7 30 28 10 16 9 27 12 50 4 31 49 23 32 14 20 15 25 39 48 1 2 21 43 41 18 29 40 47 19 36 35 26 44 42 8 46 17 3 38 5 45 37 24 6 11 
student 359: 13 22 31 36 9 32 27 12 16 15 29 8 50 6 30 49 26 35 14 21 11 24 42 47 1 4 19 34 41 20 28 40 48 18 38 33 25 44 43 7 46 17 2 37 5 45 39 23 3 10 
student 360: 9 22 32 38 5 29 27 7 18 16 30 10 50 3 33 49 28 31 13 21 14 24 44 48 1 2 17 36 43 23 20 40 47 19 39 34 26 41 42 15 45 12 8 35 4 46 37 25 6 11 
student 361: 12 19 29 34 6 30 28 11 22 17 27 9 49 2 32 47 26 35 15 14 10 24 42 46 1 5 18 36 41 23 31 39 50 16 38 33 21 44 43 8 48 20 3 37 4 45 40 25 7 13 
student 362: 17 22 36 33 9 29 30 7 15 16 26 8 50 3 31 49 27 32 12 21 11 23 42 47 2 5 19 34 46 20 28 41 48 18 39 35 24 44 43 10 38 14 1 37 4 45 40 25 6 13 
student 363: 12 22 33 36 7 26 32 8 20 15 23 10 50 6 29 49 28 31 13 17 11 24 47 46 2 4 21 38 41 18 30 35 48 19 39 34 27 43 40 9 44 16 5 37 1 45 42 25 3 14 
student 364: 13 19 33 34 9 32 27 7 17 16 24 8 50 6 28 48 30 31 14 22 12 25 42 47 1 2 21 37 41 18 26 40 49 20 39 35 29 43 44 10 45 15 3 36 4 46 38 23 5 11 
student 365: 15 24 33 34 7 29 30 10 18 16 27 12 50 4 31 47 26 35 14 22 13 23 43 48 1 2 17 36 41 21 28 40 49 20 37 32 25 44 42 9 45 8 3 38 5 46 39 19 6 11 
student 366: 13 22 32 36 7 28 30 8 16 14 29 9 50 1 33 46 24 31 17 21 11 27 39 48 4 3 18 34 44 19 26 38 49 20 41 35 25 40 47 12 42 15 5 37 6 45 43 23 2 10 
student 367: 12 23 31 33 6 32 29 9 15 16 27 11 50 7 34 49 25 30 14 21 13 24 43 46 2 1 20 36 44 19 28 39 48 17 37 35 26 45 40 8 41 18 3 42 4 47 38 22 5 10 
student 368: 15 25 34 33 11 30 28 13 17 16 26 8 50 4 32 49 27 31 12 20 10 21 44 46 1 3 22 35 41 19 29 40 48 18 38 36 24 45 42 5 43 14 2 37 7 47 39 23 6 9 
student 369: 12 23 35 36 7 31 28 10 18 14 26 8 46 3 33 49 24 30 16 19 13 25 40 47 2 1 20 38 43 21 29 37 48 17 41 34 27 44 42 9 50 15 6 32 4 45 39 22 5 11 
student 370: 13 20 32 36 7 30 27 8 18 15 29 11 50 9 31 49 24 34 17 22 12 23 43 47 1 3 19 33 37 21 28 42 48 16 35 38 25 44 39 6 45 14 4 41 2 46 40 26 5 10 
student 371: 14 17 34 33 7 31 28 9 16 13 26 11 50 6 36 49 27 29 15 22 10 25 43 46 3 1 21 32 42 19 30 40 48 20 39 35 23 45 41 8 44 18 2 37 4 47 38 24 5 12 
student 372: 17 23 36 33 8 30 28 9 15 13 27 10 50 4 32 49 25 31 14 21 11 22 42 47 1 2 18 37 39 19 29 43 48 20 38 35 26 44 41 7 45 16 3 34 5 46 40 24 6 12 
student 373: 13 22 33 34 6 30 26 10 18 16 28 11 49 4 35 48 27 31 14 17 12 24 42 45 1 2 21 37 41 15 29 40 50 20 36 32 25 43 44 8 46 19 3 38 5 47 39 23 7 9 
student 374: 14 24 33 36 5 32 28 9 16 18 27 11 50 2 30 49 26 31 15 17 13 23 44 46 3 1 20 37 39 21 29 35 47 19 38 34 25 43 40 7 45 12 4 41 6 48 42 22 8 10 
student 375: 11 22 32 36 5 27 29 7 14 15 28 10 50 4 30 49 26 35 12 21 16 24 38 43 2 3 18 37 44 20 31 40 48 17 39 33 25 45 42 8 46 19 1 34 6 47 41 23 9 13 
student 376: 13 18 33 32 8 28 29 9 19 16 25 11 49 4 31 47 24 35 12 30 10 23 41 48 3 2 22 39 43 17 26 38 50 15 37 34 27 46 44 7 42 20 5 36 1 45 40 21 6 14 
student 377: 15 22 34 36 7 31 28 8 19 13 26 12 47 3 30 49 27 32 11 24 14 23 42 41 1 2 18 35 44 20 29 40 50 17 38 33 25 46 43 9 45 16 4 37 6 48 39 21 5 10 
student 378: 12 22 31 35 4 30 27 10 17 15 25 9 50 6 34 49 28 32 14 21 13 26 42 47 1 2 20 36 41 19 29 40 43 16 37 33 24 46 45 8 44 18 5 39 3 48 38 23 7 11 
student 379: 8 23 37 34 7 30 28 14 18 15 27 10 50 3 33 45 21 31 9 20 13 25 40 48 1 2 19 38 43 24 29 39 49 17 41 35 26 47 42 11 46 16 4 32 6 44 36 22 5 12 
student 380: 14 27 34 35 6 28 25 11 17 19 29 8 49 4 31 50 26 32 15 21 13 22 42 47 1 2 20 38 41 24 30 39 48 16 37 33 23 44 43 9 45 10 3 36 5 46 40 18 7 12 
student 381: 12 20 33 32 4 37 28 11 17 14 27 10 49 8 30 50 24 31 13 21 15 26 42 47 1 2 19 34 41 25 29 38 48 18 36 35 23 46 43 6 44 16 3 39 5 45 40 22 9 7 
student 382: 14 20 36 32 3 26 34 9 19 17 27 10 50 5 30 49 25 31 11 22 12 24 41 45 1 2 16 35 39 21 29 42 46 15 38 33 28 48 43 8 47 18 4 37 6 44 40 23 7 13 
student 383: 14 21 37 35 7 29 26 8 16 15 27 10 50 4 32 49 24 31 13 23 12 25 43 47 1 2 20 36 40 19 30 39 48 18 34 33 28 45 44 5 42 17 3 38 9 46 41 22 6 11 
student 384: 14 20 32 34 7 31 28 10 18 13 23 11 50 3 30 48 27 33 21 22 8 25 41 47 6 1 17 36 44 19 29 40 49 16 37 35 26 42 46 9 43 15 2 38 4 45 39 24 5 12 
student 385: 12 22 32 36 7 30 26 8 15 16 25 10 50 4 33 48 28 31 13 23 11 21 41 47 5 1 20 35 39 19 29 44 49 18 38 34 27 42 40 9 46 17 2 37 6 45 43 24 3 14 
student 386: 13 23 34 35 9 31 26 5 18 10 27 7 48 8 30 50 29 32 16 21 14 25 39 49 3 4 19 36 43 20 28 37 47 17 41 33 24 44 45 11 46 15 2 38 1 40 42 22 6 12 
student 387: 13 22 30 35 8 32 28 3 17 16 23 12 47 6 33 49 26 31 14 21 11 24 42 48 2 1 20 38 41 19 29 40 50 18 37 34 27 44 43 9 45 15 4 36 7 46 39 25 5 10 
student 388: 10 28 33 37 7 29 25 9 17 15 26 11 50 6 32 49 24 31 14 22 12 23 45 47 1 2 19 35 40 20 27 41 48 18 39 34 30 44 42 8 46 16 3 38 4 43 36 21 5 13 
student 389: 13 24 32 37 8 31 22 9 17 14 27 10 50 5 29 49 28 34 15 21 11 26 43 46 1 3 20 36 41 18 30 39 48 19 38 33 23 45 42 7 44 16 2 35 4 47 40 25 6 12 
student 390: 14 21 31 35 7 33 29 11 20 12 26 9 49 6 30 50 27 32 15 22 10 24 44 47 2 1 18 36 42 19 28 40 48 16 38 34 25 45 41 8 43 17 4 37 5 46 39 23 3 13 
student 391: 10 22 31 37 7 26 27 8 16 14 30 11 50 5 32 48 25 36 15 21 13 23 42 49 4 1 19 34 40 20 29 38 47 18 39 33 28 45 43 9 44 17 2 35 3 46 41 24 6 12 
student 392: 11 24 33 35 7 30 26 8 20 14 27 10 50 3 34 49 25 31 12 19 15 23 42 47 2 1 21 38 39 18 28 41 45 17 40 32 29 44 43 9 46 16 4 37 5 48 36 22 6 13 
student 393: 11 23 31 35 9 29 28 8 18 15 27 10 50 5 32 48 26 33 14 21 13 24 43 47 2 1 20 36 42 19 30 40 49 17 39 34 25 44 45 7 41 16 3 37 4 46 38 22 6 12 
student 394: 15 21 33 34 6 30 29 8 18 14 26 9 48 5 31 50 27 32 13 19 10 25 43 47 1 2 16 36 41 23 28 40 46 20 39 35 24 44 42 4 45 17 3 37 7 49 38 22 12 11 
student 395: 16 22 31 35 9 29 28 8 15 13 26 14 50 3 34 49 25 30 17 19 11 27 44 42 1 2 20 36 41 21 33 39 48 18 40 32 23 46 43 6 45 12 4 37 7 47 38 24 5 10 
student 396: 12 20 34 36 7 29 28 9 16 15 27 10 50 4 31 48 25 30 13 23 11 24 40 49 1 2 19 38 42 18 35 41 47 17 39 32 26 44 43 6 45 21 3 37 5 46 33 22 8 14 
student 397: 10 19 33 36 4 30 28 11 20 18 27 8 50 3 29 49 25 31 14 22 16 23 42 47 2 1 21 34 40 17 32 41 48 15 37 38 26 45 44 9 43 13 7 35 5 46 39 24 6 12 
student 398: 13 19 33 35 6 31 29 10 20 15 26 9 50 5 30 49 28 34 14 22 11 27 43 48 2 3 18 37 42 21 25 40 47 17 38 32 24 44 46 8 41 16 1 36 4 45 39 23 7 12 
student 399: 14 22 30 34 7 29 28 10 17 15 33 12 50 4 31 49 26 32 13 21 11 27 43 45 2 1 19 36 41 20 25 38 47 18 40 35 24 42 46 8 44 16 3 37 5 48 39 23 6 9 
student 400: 10 25 33 36 8 29 26 9 17 15 27 11 50 4 30 48 24 31 12 21 13 23 42 49 2 3 19 35 41 20 28 39 46 16 40 34 32 45 43 7 44 18 1 37 5 47 38 22 6 14 
student 401: 11 22 34 35 5 28 30 10 15 18 29 9 48 6 31 50 25 32 13 20 12 23 43 49 1 2 17 40 39 19 27 38 47 21 41 33 26 44 42 8 45 16 3 36 4 46 37 24 7 14 
student 402: 14 20 32 43 7 31 28 8 18 15 27 11 50 4 30 47 26 34 13 21 10 24 45 46 1 3 22 36 38 19 29 42 49 17 40 33 23 41 39 9 44 16 2 37 5 48 35 25 6 12 
student 403: 14 22 33 40 7 30 28 10 17 16 27 8 50 5 32 49 26 31 15 24 12 23 42 46 1 2 20 35 38 21 29 39 48 18 37 34 25 43 45 9 44 13 4 36 6 47 41 19 3 11 
student 404: 13 24 32 37 6 31 28 10 17 16 27 9 50 5 33 48 26 29 14 21 12 25 42 47 2 1 18 35 39 20 30 41 49 19 34 36 23 44 45 8 43 15 4 38 7 46 40 22 3 11 
student 405: 15 22 32 34 12 30 29 7 14 11 27 9 50 4 36 43 25 26 17 21 10 23 42 48 1 3 16 37 41 19 31 40 49 20 39 33 28 45 44 8 46 18 2 35 5 47 38 24 6 13 
student 406: 12 23 36 33 8 30 26 9 16 15 29 10 50 4 31 49 27 32 14 20 13 25 42 46 1 2 17 37 40 19 28 41 48 22 38 34 24 44 43 6 45 18 3 39 5 47 35 21 7 11 
student 407: 14 22 28 32 7 33 27 8 17 11 30 12 50 4 34 47 25 35 15 20 10 24 38 49 2 1 19 36 46 21 29 43 44 18 39 31 26 42 40 9 45 16 3 37 5 48 41 23 6 13 
student 408: 12 26 33 36 8 32 27 6 16 15 25 11 50 3 29 48 20 30 14 22 13 24 41 43 1 2 19 37 44 21 31 39 45 18 38 35 28 46 42 10 47 17 4 34 7 49 40 23 5 9 
student 409: 15 22 34 36 5 35 29 11 20 16 26 6 50 10 31 49 24 32 12 19 13 25 44 46 1 2 18 28 41 17 30 40 48 21 39 33 27 43 42 9 45 14 7 38 4 47 37 23 3 8 
student 410: 12 22 34 36 8 30 28 9 17 16 27 11 50 4 31 44 26 33 15 20 14 24 42 47 1 3 21 37 39 19 29 41 49 18 35 32 25 46 43 10 45 13 2 40 6 48 38 23 5 7 
student 411: 13 24 34 35 7 30 29 10 18 12 27 14 50 5 31 49 25 33 15 20 8 22 42 47 3 1 21 36 41 19 28 39 48 17 40 32 26 45 43 9 44 16 2 38 6 46 37 23 4 11 
student 412: 18 20 29 35 7 27 30 9 17 13 28 10 49 4 33 47 26 36 14 22 12 25 42 46 2 1 15 34 39 21 31 40 48 19 38 37 23 45 43 8 50 16 3 32 6 44 41 24 5 11 
student 413: 13 25 34 32 7 27 33 9 22 12 30 5 50 8 31 49 29 28 15 20 14 23 42 46 1 3 18 37 38 17 24 45 47 19 39 36 26 44 41 10 48 16 4 35 6 43 40 21 2 11 
student 414: 14 22 33 34 7 30 28 8 12 18 25 10 49 4 32 50 24 26 15 20 11 23 41 45 2 1 19 35 40 21 31 37 48 17 43 36 29 44 42 9 47 16 3 38 5 46 39 27 6 13 
student 415: 13 22 33 38 4 30 26 10 15 17 29 9 50 5 32 48 27 31 12 21 14 24 39 46 1 2 19 37 41 20 28 42 49 16 36 34 25 47 44 8 45 18 3 35 6 43 40 23 7 11 
student 416: 16 21 35 34 5 31 27 7 12 14 29 9 50 4 28 48 25 32 13 20 18 23 38 46 1 2 19 36 41 26 30 42 49 17 37 33 24 44 43 10 45 15 8 39 3 47 40 22 6 11 
student 417: 14 23 29 35 9 31 24 8 15 10 28 12 50 4 32 49 25 33 17 22 11 26 38 47 2 1 19 40 42 21 30 41 48 18 36 34 27 44 43 6 45 16 5 37 7 46 39 20 3 13 
student 418: 12 23 33 35 9 27 29 8 18 16 28 10 50 5 30 49 25 32 13 15 14 21 42 47 3 2 20 36 40 22 31 41 46 19 39 34 24 44 43 7 48 17 4 37 1 45 38 26 6 11 
student 419: 14 21 32 35 6 31 25 11 17 13 28 9 50 5 30 47 26 33 10 24 15 23 43 48 1 3 22 37 40 20 29 41 49 19 38 34 27 45 42 8 46 16 4 36 2 44 39 18 7 12 
student 420: 16 21 34 36 5 32 27 9 17 15 28 6 46 2 29 50 26 31 14 20 10 24 41 48 3 8 22 33 42 18 30 40 49 13 38 35 25 44 43 11 47 19 1 37 4 45 39 23 7 12 
student 421: 12 22 32 35 7 28 27 9 17 16 25 8 49 3 31 48 26 33 15 21 10 23 39 50 4 2 18 41 40 19 30 45 43 20 37 34 29 46 42 11 44 14 1 36 6 47 38 24 5 13 
student 422: 13 20 33 38 10 25 26 5 14 24 23 11 50 6 28 49 30 31 15 21 12 29 42 46 1 2 16 35 40 19 32 41 48 18 36 34 22 47 44 7 43 17 4 37 3 45 39 27 8 9 
student 423: 15 22 36 33 8 30 26 10 19 17 25 9 50 5 32 49 28 31 14 21 12 23 41 47 3 1 18 35 45 20 29 40 46 13 39 34 27 42 43 6 48 16 2 37 4 44 38 24 7 11 
student 424: 12 23 33 35 6 31 28 9 19 18 26 10 50 5 30 48 27 32 15 22 11 25 39 47 2 1 16 37 43 17 29 41 49 20 36 34 24 44 45 8 42 13 3 38 4 46 40 21 7 14 
student 425: 13 21 34 35 8 29 30 9 20 14 26 10 50 4 31 49 27 32 12 19 11 25 43 45 1 5 18 37 42 22 28 38 48 17 39 33 23 44 41 7 46 16 3 36 6 47 40 24 2 15 
student 426: 9 21 35 34 12 29 31 8 17 15 25 13 50 6 30 49 24 33 14 20 7 28 43 47 2 4 18 37 41 22 27 40 48 19 38 32 26 44 42 10 45 11 1 36 5 46 39 23 3 16 
student 427: 17 23 33 35 9 26 31 7 16 14 28 11 50 8 32 47 27 30 12 21 10 25 42 48 1 2 15 37 40 20 29 41 49 18 38 34 24 46 44 6 43 19 4 36 5 45 39 22 3 13 
student 428: 11 23 30 35 7 31 26 9 15 14 29 16 42 3 34 49 27 32 12 22 13 24 44 50 1 2 20 36 40 19 28 38 48 18 39 33 25 43 46 8 45 17 5 37 6 47 41 21 4 10 
student 429: 15 22 35 34 6 29 28 9 14 18 26 13 50 4 33 48 27 31 11 21 12 24 41 47 1 2 17 37 39 20 30 45 49 19 42 32 25 40 43 8 44 16 3 36 5 46 38 23 7 10 
student 430: 15 23 34 30 7 31 28 10 18 9 21 12 50 2 29 49 26 33 14 22 13 25 45 47 1 4 17 37 40 20 32 39 48 19 38 35 27 43 42 8 46 16 3 36 5 44 41 24 6 11 
student 431: 14 22 33 36 7 28 29 10 13 15 27 8 46 4 32 50 25 30 16 21 12 24 42 49 1 2 20 37 41 19 31 40 48 18 39 34 26 44 43 6 45 17 5 35 3 47 38 23 9 11 
student 432: 13 20 32 36 9 30 27 11 17 15 29 10 48 1 33 49 24 31 14 19 8 25 42 50 3 2 21 34 40 22 28 39 43 18 41 35 26 46 44 6 45 16 5 37 4 47 38 23 7 12 
student 433: 11 22 34 35 8 28 27 10 17 15 25 12 50 3 31 47 29 33 14 20 9 26 40 46 2 1 19 36 41 21 30 38 48 18 39 32 24 43 42 7 45 16 4 37 5 49 44 23 6 13 
student 434: 12 23 31 35 8 30 29 9 14 15 25 13 50 4 33 49 28 32 16 21 11 24 42 46 2 3 20 37 40 19 27 39 48 18 41 34 26 43 44 6 45 17 1 36 5 47 38 22 7 10 
student 435: 6 25 33 34 5 30 29 13 16 15 24 9 49 8 31 50 26 32 14 20 11 23 45 47 3 1 18 37 42 19 28 41 48 21 38 35 27 40 43 10 44 17 4 36 2 46 39 22 7 12 
student 436: 13 24 32 30 7 31 25 9 15 16 28 10 49 3 37 48 27 33 14 21 11 23 43 46 2 1 18 35 40 20 29 39 47 17 38 34 26 44 42 8 45 19 5 36 6 50 41 22 4 12 
student 437: 13 21 35 34 8 29 25 9 15 18 28 10 50 6 31 49 27 32 16 22 12 23 40 43 1 2 14 36 42 17 30 41 45 20 38 33 26 47 44 7 46 19 4 37 3 48 39 24 5 11 
student 438: 13 23 33 36 8 30 28 9 18 15 27 11 50 6 31 49 26 32 14 22 10 24 46 45 3 1 20 35 41 19 29 40 48 16 39 34 21 43 42 7 44 17 2 37 5 47 38 25 4 12 
student 439: 13 22 30 33 7 31 26 9 18 14 28 10 50 4 32 49 25 35 15 19 11 24 43 48 1 2 20 36 42 21 29 40 47 17 38 34 27 44 41 8 46 16 3 37 5 45 39 23 6 12 
student 440: 13 22 33 35 7 30 29 10 17 14 27 12 49 4 31 48 25 32 16 21 11 24 42 47 2 1 19 36 39 20 28 46 50 18 38 34 26 43 40 9 44 15 3 37 5 45 41 23 6 8 
student 441: 13 23 39 34 7 30 27 8 14 16 26 11 46 6 31 50 28 32 15 19 12 24 38 49 1 2 18 36 43 21 29 37 47 20 35 33 25 42 44 10 48 17 3 40 4 45 41 22 5 9 
student 442: 16 21 34 35 6 30 27 9 17 15 28 12 49 4 33 50 24 31 11 22 14 26 42 47 1 3 19 36 40 18 29 41 46 20 38 32 23 44 43 7 48 13 2 37 5 45 39 25 8 10 
student 443: 13 20 35 34 8 30 28 9 17 15 27 10 49 4 33 47 25 31 14 22 12 24 41 48 2 1 21 36 42 19 29 40 50 18 37 32 26 44 43 7 46 16 3 39 5 45 38 23 6 11 
student 444: 12 21 33 32 7 30 23 9 17 13 28 10 50 4 31 49 27 37 15 22 14 26 43 47 1 3 20 35 38 19 29 36 48 18 39 34 25 46 42 8 44 16 2 40 5 45 41 24 6 11 
student 445: 12 21 34 31 5 28 29 9 18 15 26 13 50 6 32 49 25 33 14 16 11 23 45 48 1 2 20 36 43 19 30 39 47 22 40 35 27 44 42 7 41 17 3 37 4 46 38 24 8 10 
student 446: 9 24 33 36 7 28 29 11 17 15 25 12 50 4 31 49 27 34 14 21 13 23 43 47 2 1 20 35 41 18 30 45 48 19 37 32 26 46 40 8 42 16 3 38 5 44 39 22 6 10 
student 447: 15 24 36 32 6 29 26 9 17 14 25 10 50 4 31 48 28 33 13 21 11 23 42 47 1 2 20 34 41 18 27 38 49 19 40 35 30 44 43 7 46 16 3 37 5 45 39 22 8 12 
student 448: 13 22 34 33 9 30 27 8 17 15 28 10 48 4 31 50 26 32 14 20 11 24 40 47 2 3 21 36 42 19 29 41 49 18 38 35 25 44 46 6 45 16 1 37 5 43 39 23 7 12 
student 449: 15 22 34 31 7 26 30 11 13 16 27 10 50 4 32 49 24 33 19 20 12 25 39 48 3 1 18 35 42 21 29 40 46 17 37 38 28 44 45 8 43 14 2 36 6 47 41 23 5 9 
student 450: 16 25 31 39 6 28 34 8 19 11 32 9 50 4 29 48 26 33 14 21 13 22 42 49 2 1 15 30 41 18 27 36 46 20 35 37 24 44 43 12 45 17 7 38 5 47 40 23 3 10 
student 451: 13 22 33 35 9 30 29 10 19 18 27 8 50 5 31 49 26 32 14 17 11 25 38 47 1 4 16 36 41 23 28 42 48 20 39 34 21 44 43 7 46 15 2 37 3 45 40 24 6 12 
student 452: 14 23 31 34 4 27 29 9 18 13 26 10 50 6 30 49 25 32 15 20 11 24 42 45 2 1 19 35 41 21 33 40 48 17 38 36 28 46 43 12 47 16 3 37 7 44 39 22 8 5 
student 453: 15 22 30 32 5 28 29 11 18 14 25 10 50 1 36 49 27 34 13 17 12 21 42 48 2 3 20 38 41 24 31 40 47 19 35 33 23 45 43 8 46 16 4 37 6 44 39 26 7 9 
student 454: 13 24 32 33 6 31 28 9 18 19 27 10 50 3 34 49 25 29 16 22 11 26 42 46 8 2 17 36 39 21 30 41 48 15 38 35 20 44 43 7 47 14 1 37 4 45 40 23 5 12 
student 455: 12 23 34 33 7 30 24 9 13 18 27 10 49 5 31 50 25 32 11 22 14 26 43 46 1 2 19 38 41 20 28 40 48 15 37 35 29 44 42 6 47 17 3 36 4 45 39 21 8 16 
student 456: 13 21 34 36 7 30 28 8 20 16 27 11 50 4 32 46 22 31 15 24 12 25 45 44 1 3 18 35 40 19 29 41 48 17 38 33 26 43 42 6 47 14 2 37 5 49 39 23 9 10 
student 457: 14 27 33 35 6 30 28 8 18 15 26 9 48 2 31 47 24 32 13 22 12 23 42 49 3 4 17 36 40 20 29 39 45 21 38 34 25 46 44 7 43 16 1 37 10 50 41 19 5 11 
student 458: 10 22 33 35 5 27 28 12 15 19 26 13 50 7 31 47 24 32 16 23 14 25 44 46 1 3 20 34 42 18 30 41 49 17 36 38 29 40 45 6 43 9 2 37 4 48 39 21 8 11 
student 459: 13 24 33 39 7 29 28 9 17 15 26 10 50 4 30 49 25 31 14 20 12 27 42 47 2 6 19 34 41 23 32 37 48 18 38 35 21 45 43 8 46 16 1 36 3 44 40 22 5 11 
student 460: 12 22 31 37 8 32 29 7 20 15 27 10 50 4 25 49 17 33 14 21 13 26 41 47 1 2 23 38 44 19 30 40 48 18 36 34 28 45 42 11 46 16 3 35 5 43 39 24 6 9 
student 461: 14 20 34 35 7 30 28 10 15 13 27 11 49 4 31 50 25 33 16 21 12 26 44 48 3 2 18 39 42 22 29 40 47 19 37 32 24 41 45 8 43 17 1 36 5 46 38 23 6 9 
student 462: 13 22 36 34 7 28 26 10 19 14 29 8 49 4 30 50 27 31 15 18 12 24 44 45 1 2 21 35 41 16 32 40 48 20 37 33 25 42 43 9 46 17 3 38 5 47 39 23 6 11 
student 463: 14 16 33 30 7 31 29 12 18 13 27 8 50 5 36 47 26 32 17 24 11 23 41 49 1 2 21 37 40 20 28 42 48 19 34 35 25 43 45 9 46 15 4 38 6 44 39 22 3 10 
student 464: 15 21 31 34 6 28 29 7 17 16 27 10 50 4 33 48 26 32 14 18 13 24 46 45 2 1 20 37 41 22 30 40 49 12 36 35 25 44 42 9 43 19 3 38 5 47 39 23 8 11 
student 465: 12 22 34 36 7 28 30 9 16 15 27 10 50 3 31 46 26 33 14 19 11 23 41 48 2 1 20 35 38 21 29 40 49 18 39 32 25 42 43 8 45 17 4 37 5 47 44 24 6 13 
student 466: 12 23 35 34 9 30 27 11 17 14 26 10 50 4 31 45 24 32 16 22 13 25 40 41 3 5 18 36 39 20 28 44 48 19 38 33 29 46 49 7 43 15 1 37 2 47 42 21 6 8 
student 467: 12 22 34 39 7 30 28 10 16 17 26 11 49 3 31 50 25 32 15 21 9 23 42 48 1 2 19 37 45 20 29 38 47 18 36 33 24 41 43 8 44 13 5 35 4 46 40 27 6 14 
student 468: 13 24 33 36 5 31 29 12 14 17 27 9 50 7 30 45 28 32 16 23 11 21 44 43 2 3 15 37 41 20 26 35 49 19 39 34 22 42 47 10 48 18 4 38 1 46 40 25 6 8 
student 469: 13 21 35 40 6 30 33 8 17 15 28 11 50 7 34 48 25 26 14 19 9 27 39 47 1 2 24 32 42 22 31 41 49 18 37 29 23 43 46 5 45 16 4 36 3 44 38 20 10 12 
student 470: 12 22 31 34 7 30 29 8 18 16 24 10 50 5 27 49 28 33 15 23 13 25 42 47 1 2 20 36 40 17 32 39 48 19 37 35 26 43 44 9 45 14 3 38 4 46 41 21 6 11 
student 471: 12 22 31 34 10 26 25 8 16 15 28 11 47 5 32 50 29 36 13 21 14 24 42 48 1 2 20 33 43 18 30 40 49 19 38 35 23 44 39 7 45 17 3 37 4 46 41 27 6 9 
student 472: 13 23 32 36 5 27 28 10 19 15 29 11 50 4 31 49 26 33 14 20 12 24 41 47 3 2 18 35 42 21 30 40 48 17 37 34 25 44 43 8 45 16 1 38 6 46 39 22 7 9 
student 473: 14 16 33 35 7 29 28 12 18 15 26 10 47 5 31 49 25 32 13 24 11 23 45 46 1 4 19 34 41 21 30 39 48 20 38 36 27 40 43 8 44 17 2 42 3 50 37 22 6 9 
student 474: 12 20 26 34 7 30 28 10 18 14 29 9 50 5 39 47 27 32 13 19 15 24 42 46 1 2 22 37 40 23 31 41 48 21 36 33 25 44 45 8 43 16 3 35 4 49 38 17 6 11 
student 475: 14 22 33 35 8 27 29 10 16 17 28 9 50 4 31 48 26 32 13 21 12 24 43 47 2 3 19 36 38 20 30 40 49 18 39 34 25 46 42 7 44 15 1 37 5 45 41 23 6 11 
student 476: 14 21 31 36 6 30 28 10 16 17 25 9 49 5 32 48 26 33 15 22 12 23 42 50 3 2 19 37 41 20 29 39 47 18 35 34 27 45 43 7 46 13 1 38 4 44 40 24 8 11 
student 477: 13 22 34 31 9 28 27 10 18 14 25 7 50 5 35 48 29 30 11 20 12 24 42 47 1 3 23 36 43 19 32 39 49 17 40 33 26 41 46 8 44 16 2 37 4 45 38 21 6 15 
student 478: 11 19 34 37 12 30 31 6 14 16 28 8 49 3 26 50 27 32 15 22 13 23 45 44 1 2 20 36 40 21 29 42 47 18 39 33 25 43 41 7 46 17 4 35 5 48 38 24 10 9 
student 479: 15 22 33 35 7 30 29 9 13 16 24 10 47 4 31 50 26 32 17 20 12 25 43 49 1 2 21 36 41 14 27 40 46 18 38 34 28 45 42 8 48 19 3 37 5 44 39 23 6 11 
student 480: 13 21 31 36 7 30 29 10 19 15 27 9 50 3 32 47 26 33 14 16 11 24 42 48 4 2 22 37 40 20 28 39 46 17 38 34 25 44 43 6 49 18 5 35 1 45 41 23 8 12 
student 481: 12 22 35 34 6 31 27 13 17 16 28 10 50 3 30 47 24 32 15 21 11 26 41 49 1 2 18 39 45 20 29 36 46 19 40 33 25 42 44 8 43 14 5 37 4 48 38 23 7 9 
student 482: 13 24 31 35 7 29 28 10 14 15 26 9 49 3 33 50 27 30 17 20 11 21 42 47 2 1 16 36 41 22 32 40 48 19 37 34 25 46 44 8 43 18 4 39 5 45 38 23 6 12 
student 483: 13 22 31 32 10 30 25 8 17 21 29 11 48 4 34 50 28 33 14 20 12 24 42 45 3 1 16 36 39 19 27 37 49 18 40 35 26 44 43 7 46 15 2 38 5 47 41 23 6 9 
student 484: 12 22 35 36 8 31 26 6 16 15 29 10 48 3 34 50 25 28 14 21 9 24 41 49 2 1 20 33 44 18 30 40 45 19 39 32 27 47 42 11 43 17 4 37 7 46 38 23 5 13 
student 485: 13 20 37 35 7 29 31 8 16 14 27 10 50 4 33 49 28 30 15 21 11 25 41 46 2 5 18 34 42 23 26 40 48 17 36 32 24 44 43 9 45 19 1 38 6 47 39 22 3 12 
student 486: 13 22 35 36 6 32 29 8 16 14 26 10 50 5 33 49 27 30 17 23 12 25 42 47 3 2 21 34 40 20 28 41 48 19 38 31 24 44 43 7 45 15 4 37 1 46 39 18 9 11 
student 487: 11 25 32 36 7 30 28 12 17 15 27 8 50 3 33 46 24 31 16 20 13 22 43 49 1 2 21 37 42 19 29 41 48 18 35 34 23 38 47 6 45 14 5 40 4 44 39 26 9 10 
student 488: 12 22 34 31 6 28 29 9 18 17 27 10 50 4 32 48 26 33 14 24 13 21 39 46 2 3 16 36 43 20 30 42 49 19 38 35 25 40 44 8 47 15 1 37 7 45 41 23 5 11 
student 489: 13 24 33 35 7 30 29 9 16 15 28 12 50 4 31 47 22 32 14 18 11 27 44 49 1 3 21 36 41 20 26 40 46 17 39 37 23 48 42 6 45 19 2 34 8 43 38 25 5 10 
student 490: 13 23 32 35 8 30 27 9 18 15 28 11 50 7 31 49 26 29 14 21 12 24 43 45 5 3 17 36 40 20 34 37 48 19 39 33 25 44 42 4 46 16 2 38 6 47 41 22 1 10 
student 491: 13 22 32 33 9 30 29 8 17 14 27 11 48 3 35 50 26 28 12 21 10 24 42 47 1 4 19 37 41 20 31 40 49 18 36 34 25 44 43 7 46 16 2 39 5 45 38 23 6 15 
student 492: 13 23 31 33 3 29 32 8 20 14 27 11 50 1 30 49 25 34 15 19 12 21 44 47 2 5 17 36 43 18 28 39 48 22 41 35 26 42 45 10 46 16 4 38 7 40 37 24 6 9 
student 493: 11 22 32 36 7 30 27 8 17 18 29 10 50 4 31 49 28 33 14 21 13 26 42 48 2 1 16 38 41 20 24 40 47 19 37 34 23 43 44 9 45 15 3 35 5 46 39 25 6 12 
student 494: 13 22 33 35 8 29 30 9 17 15 26 11 50 4 31 49 25 32 14 21 12 23 44 47 1 2 18 36 40 20 28 45 48 19 39 34 27 41 42 7 46 16 3 38 5 43 37 24 6 10 
student 495: 13 22 31 37 7 35 29 11 18 14 27 9 50 5 30 49 24 34 15 25 12 21 44 48 3 1 19 36 42 20 28 40 47 17 33 32 26 45 41 8 43 16 4 38 6 46 39 23 2 10 
student 496: 15 22 33 34 7 29 27 8 17 12 28 11 50 4 31 49 26 32 14 21 13 24 42 45 1 5 19 37 41 20 30 39 48 18 40 36 25 43 44 9 46 16 2 35 6 47 38 23 3 10 
student 497: 15 22 34 31 7 30 26 9 18 14 29 10 49 4 32 50 27 33 12 20 11 24 42 45 1 3 19 36 41 21 28 40 47 17 38 35 25 46 44 8 43 16 2 37 5 48 39 23 6 13 
student 498: 14 24 35 36 5 25 29 7 18 11 21 6 50 4 32 48 28 31 15 22 12 26 42 46 3 1 19 33 41 20 30 39 49 17 40 34 27 44 43 13 45 16 8 38 2 47 37 23 9 10 
student 499: 10 23 34 38 9 30 28 12 22 15 27 8 50 4 29 49 26 32 17 20 13 21 43 48 3 1 19 36 40 18 31 39 47 16 37 33 25 45 44 7 41 14 5 35 2 46 42 24 6 11 
