student 0: 47 33 7 5 23 32 1 12 18 42 41 48 34 50 35 3 17 39 29 24 30 8 46 38 10 37 31 36 9 25 4 26 27 2 16 15 22 28 6 21 20 44 14 11 43 45 49 13 40 19 
student 1: 45 33 14 6 22 32 2 11 17 46 43 48 35 49 40 4 20 34 26 28 31 9 47 37 15 36 21 38 3 29 5 27 30 1 16 18 23 25 7 19 12 44 8 10 41 42 50 13 39 24 
student 2: 47 34 10 2 22 37 1 9 20 39 41 48 32 49 45 3 18 33 26 27 30 7 46 38 16 35 25 36 8 28 6 21 31 5 14 17 23 29 4 19 13 44 11 15 42 43 50 12 40 24 
student 3: 45 32 9 6 20 33 1 12 18 42 37 49 36 47 43 4 24 34 29 27 31 3 48 39 19 35 25 38 7 28 5 23 30 2 16 15 22 26 10 17 13 46 8 11 40 44 50 14 41 21 
student 4: 47 32 13 6 21 33 1 8 19 44 42 48 34 49 41 2 18 35 25 26 31 4 45 39 15 36 23 37 7 27 5 28 30 3 16 17 24 29 9 20 12 43 10 11 40 46 50 14 38 22 
student 5: 44 31 9 8 18 33 1 12 19 42 39 48 34 50 45 3 21 36 26 29 28 7 47 41 15 40 25 35 5 27 6 24 32 2 16 17 22 30 4 20 14 43 10 11 38 46 49 13 37 23 
student 6: 48 32 10 4 23 34 1 12 19 45 39 46 33 49 42 3 17 35 27 30 31 9 47 40 14 38 21 36 6 28 5 24 26 2 15 18 22 29 7 20 16 44 8 11 41 43 50 13 37 25 
student 7: 49 34 6 7 20 30 1 13 19 43 39 47 33 45 42 5 16 35 29 28 32 4 48 41 22 40 25 36 9 26 3 24 31 2 18 15 21 27 8 17 14 46 11 12 37 44 50 10 38 23 
student 8: 47 33 10 3 20 29 2 11 23 42 38 50 35 48 43 5 18 37 26 28 34 6 46 41 14 36 30 32 8 25 4 24 27 1 17 15 21 31 7 19 13 44 12 9 40 45 49 16 39 22 
student 9: 49 33 9 5 21 30 1 13 20 40 41 46 34 50 43 3 17 38 29 31 32 6 45 39 16 36 25 35 7 26 4 23 27 2 14 19 24 28 10 18 15 44 8 12 42 47 48 11 37 22 
student 10: 44 31 10 6 21 33 3 15 20 41 37 48 35 49 43 2 17 34 25 28 32 7 46 42 13 36 23 38 8 26 5 27 29 1 14 19 22 30 4 18 16 47 9 11 39 45 50 12 40 24 
student 11: 48 35 10 4 20 34 2 12 18 41 28 49 33 47 42 1 19 36 27 29 32 6 46 40 16 37 26 38 7 31 5 25 24 3 17 14 22 30 8 21 15 44 9 11 45 43 50 13 39 23 
student 12: 47 31 10 7 21 36 1 12 19 43 39 46 34 48 42 3 17 33 26 25 29 6 49 41 14 35 24 37 2 28 5 22 32 4 16 18 27 30 8 20 13 45 9 11 40 44 50 15 38 23 
student 13: 50 33 10 3 17 37 1 12 19 44 39 48 32 46 41 4 18 34 25 27 28 6 43 42 13 35 24 38 8 29 5 26 30 2 20 21 22 31 7 16 15 47 9 11 40 45 49 14 36 23 
student 14: 47 32 11 8 21 33 2 12 18 43 41 44 37 49 42 3 20 34 26 29 31 9 48 39 16 35 24 38 7 27 4 25 30 1 17 15 23 28 5 19 14 46 6 10 40 45 50 13 36 22 
student 15: 46 30 11 6 20 32 1 13 21 43 40 48 33 50 41 5 17 35 24 29 31 2 47 38 15 36 27 37 7 26 4 25 28 3 16 19 22 34 10 18 14 44 8 9 42 45 49 12 39 23 
student 16: 49 31 10 6 15 34 2 11 19 43 38 47 35 50 42 1 16 33 27 32 29 3 44 40 17 39 25 36 7 26 4 24 28 5 18 20 22 30 8 21 13 48 9 12 41 45 46 14 37 23 
student 17: 49 34 10 7 20 33 2 11 16 43 39 48 37 47 42 4 14 24 26 28 32 5 45 40 13 35 29 36 6 27 1 23 30 3 19 21 22 31 8 18 17 46 9 12 41 44 50 15 38 25 
student 18: 47 34 10 5 22 29 2 13 20 46 38 48 32 49 43 3 19 36 26 27 33 7 45 41 16 35 23 37 6 30 4 25 28 1 15 18 24 31 9 21 14 44 8 11 42 40 50 12 39 17 
student 19: 47 32 9 5 21 33 1 11 20 42 39 50 34 48 43 4 18 35 29 30 31 8 46 40 16 37 25 36 6 26 3 24 27 2 14 17 22 28 7 19 15 44 10 12 41 45 49 13 38 23 
student 20: 47 31 9 6 18 33 2 14 22 44 39 49 34 50 42 4 19 35 25 26 30 7 43 37 12 36 27 38 8 29 3 23 28 1 17 16 24 32 5 21 15 46 11 10 40 45 48 13 41 20 
student 21: 49 33 11 3 22 32 1 12 19 44 37 46 34 50 43 4 17 36 24 27 31 6 48 40 16 38 26 35 7 28 5 20 29 2 15 21 25 30 8 18 13 45 9 10 42 41 47 14 39 23 
student 22: 45 31 12 7 22 32 1 15 19 42 39 49 35 50 41 2 20 33 28 29 30 6 47 40 13 36 25 37 5 34 4 24 26 3 17 16 18 27 8 21 14 46 11 9 44 43 48 10 38 23 
student 23: 46 32 10 6 22 33 3 12 17 43 38 48 40 49 42 1 16 31 25 29 34 7 47 39 14 35 26 36 4 27 5 24 28 2 18 19 21 30 8 20 15 45 9 11 41 44 50 13 37 23 
student 24: 45 30 9 5 22 34 1 13 16 43 39 46 36 48 41 3 19 35 26 29 32 6 47 42 14 33 24 37 7 25 4 23 28 2 12 17 27 31 8 20 18 49 10 11 38 44 50 15 40 21 
student 25: 47 30 10 6 20 33 1 13 21 42 39 48 36 49 45 3 18 34 25 27 32 5 46 41 15 35 24 38 9 26 4 23 28 2 16 17 22 31 7 19 14 44 8 12 40 43 50 11 37 29 
student 26: 48 30 9 5 22 29 1 13 18 40 38 50 36 46 42 3 16 34 26 27 32 6 47 45 15 35 24 41 8 33 10 25 28 2 19 17 21 31 4 20 14 43 7 12 39 44 49 11 37 23 
student 27: 47 31 7 5 25 35 3 12 19 43 39 49 33 50 41 1 18 36 26 28 30 6 45 38 15 34 22 40 8 27 4 24 32 2 16 17 20 29 9 21 13 46 14 11 42 44 48 10 37 23 
student 28: 46 31 10 3 22 33 1 12 14 43 38 44 35 47 42 4 18 34 26 29 32 5 50 40 17 37 25 36 7 28 6 24 27 2 16 20 21 30 8 19 15 45 9 11 41 48 49 13 39 23 
student 29: 46 30 11 8 20 32 1 10 19 41 39 48 34 49 43 4 18 35 27 28 33 7 47 40 14 37 26 38 2 31 5 24 29 3 15 17 21 25 9 22 13 45 6 12 42 44 50 16 36 23 
student 30: 42 29 11 3 22 33 1 13 20 43 39 48 34 49 40 5 18 36 19 27 31 6 47 41 10 35 25 37 7 28 4 26 30 2 16 17 23 32 8 21 14 46 9 12 44 45 50 15 38 24 
student 31: 45 34 9 5 21 32 1 12 23 43 39 47 33 48 42 4 15 37 30 29 27 3 49 36 18 35 26 38 6 25 11 22 28 2 16 17 24 31 7 19 14 46 8 13 41 44 50 10 40 20 
student 32: 47 33 12 7 21 32 1 15 19 42 38 48 34 50 41 3 17 35 25 28 30 6 46 40 16 36 24 39 4 26 5 23 29 2 14 18 22 31 8 20 13 45 9 10 43 44 49 11 37 27 
student 33: 47 33 11 5 25 31 1 12 21 43 39 48 35 49 42 3 19 36 29 28 32 4 46 41 17 34 26 37 8 23 7 24 27 2 13 16 18 30 6 22 15 45 9 10 38 44 50 14 40 20 
student 34: 47 30 10 8 21 34 4 13 18 43 39 46 37 48 42 2 20 33 24 22 32 7 45 41 16 35 26 38 5 31 3 25 29 1 17 15 23 27 6 19 14 44 9 11 40 49 50 12 36 28 
student 35: 47 32 11 5 22 33 1 13 19 45 39 49 34 48 43 3 17 35 25 27 30 6 46 40 14 37 24 36 10 28 4 26 29 2 15 18 20 31 8 21 12 44 9 7 41 42 50 16 38 23 
student 36: 45 32 10 5 20 33 4 12 19 44 41 49 34 50 40 1 17 35 27 28 31 7 42 37 16 36 26 38 6 25 3 22 29 2 15 18 24 30 8 21 14 46 9 11 43 47 48 13 39 23 
student 37: 47 29 11 4 20 31 2 10 19 42 35 48 37 50 41 3 21 33 26 27 34 6 46 40 15 36 25 38 7 28 5 22 32 1 16 18 24 30 9 17 14 44 8 13 45 43 49 12 39 23 
student 38: 46 33 10 5 22 32 3 12 19 40 39 49 34 48 41 1 14 35 28 25 31 7 45 38 15 43 26 36 6 29 4 24 30 2 16 17 21 27 11 20 18 44 8 9 42 50 47 13 37 23 
student 39: 47 26 7 4 24 32 1 12 20 43 40 48 36 49 42 2 16 35 27 29 33 8 46 41 17 34 25 37 9 28 3 23 30 5 15 18 21 31 11 19 13 45 6 10 38 44 50 14 39 22 
student 40: 47 33 10 5 20 32 1 12 19 42 38 48 34 49 43 2 17 37 27 26 31 6 46 40 14 35 25 36 8 28 4 24 30 3 18 16 23 29 9 21 15 45 7 11 41 44 50 13 39 22 
student 41: 47 32 11 6 22 33 1 12 19 42 39 45 34 49 44 3 15 35 26 29 31 5 46 40 14 37 25 36 7 27 4 24 28 2 18 17 21 30 10 20 13 48 8 9 41 43 50 16 38 23 
student 42: 50 32 11 5 22 35 1 13 18 42 38 46 34 48 41 4 19 33 28 25 27 2 47 43 17 36 24 37 7 29 6 23 30 3 14 15 26 31 8 20 16 45 10 9 40 44 49 12 39 21 
student 43: 48 31 7 4 20 34 2 13 19 44 38 49 32 50 43 5 18 35 29 26 33 11 46 41 15 37 27 36 3 25 6 22 28 1 16 17 21 30 8 23 14 45 9 10 40 42 47 12 39 24 
student 44: 47 33 10 9 19 34 2 12 20 43 40 48 35 49 42 4 18 32 26 27 31 7 46 39 16 37 23 36 6 28 5 25 29 1 15 17 21 30 13 22 14 45 3 11 41 44 50 8 38 24 
student 45: 43 28 9 4 21 33 2 14 20 45 37 48 34 49 40 3 16 36 25 29 32 6 47 44 17 39 26 35 7 27 5 24 30 1 13 18 22 31 8 19 11 46 10 12 41 42 50 15 38 23 
student 46: 49 32 9 5 24 35 2 11 22 43 42 48 33 45 39 6 18 36 25 31 30 7 47 41 15 37 23 34 3 26 4 21 28 1 16 17 20 29 8 19 14 46 10 12 40 44 50 13 38 27 
student 47: 46 32 8 5 20 35 1 18 19 42 38 47 33 49 43 2 17 36 26 28 31 4 45 40 13 34 24 39 7 25 6 27 29 3 15 16 23 30 9 21 14 48 10 11 41 44 50 12 37 22 
student 48: 47 33 11 6 22 32 1 12 20 45 37 49 34 48 42 3 19 35 26 28 29 8 46 41 16 36 25 38 5 27 4 21 30 2 14 17 23 31 9 18 15 44 7 10 39 43 50 13 40 24 
student 49: 46 32 10 5 22 33 7 13 18 44 39 47 34 48 40 2 17 35 25 27 31 8 49 41 12 36 28 37 4 26 3 23 30 1 16 20 21 29 6 19 15 45 9 11 43 42 50 14 38 24 
student 50: 50 30 11 5 21 32 1 13 17 43 42 46 33 48 41 3 19 35 28 27 25 6 45 39 16 36 26 37 7 29 4 24 31 2 15 18 22 34 8 20 12 44 10 9 40 47 49 14 38 23 
student 51: 46 29 8 5 23 36 1 13 20 44 41 49 33 50 40 4 18 32 28 30 34 9 45 39 14 37 22 38 10 25 3 19 27 2 15 17 24 31 6 21 16 47 7 12 43 42 48 11 35 26 
student 52: 47 28 8 5 22 33 1 12 20 40 36 48 31 49 43 2 18 35 26 25 30 3 46 38 15 39 24 34 7 32 6 27 29 4 17 16 21 37 9 19 13 44 11 10 42 45 50 14 41 23 
student 53: 47 33 10 3 20 28 2 14 21 43 40 46 34 50 41 4 17 35 27 30 31 6 48 42 15 36 24 37 7 26 5 25 29 1 16 18 22 32 9 19 12 45 8 11 39 44 49 13 38 23 
student 54: 47 29 5 9 22 33 2 19 17 43 41 49 40 50 39 1 23 34 27 24 31 6 46 38 14 35 26 36 7 28 4 25 30 3 15 16 21 32 8 18 12 45 11 10 42 44 48 13 37 20 
student 55: 47 26 9 4 21 31 1 12 17 44 39 48 32 49 42 3 20 35 25 29 34 7 46 40 15 38 28 37 6 27 2 23 33 5 16 18 22 30 8 19 13 45 10 11 41 43 50 14 36 24 
student 56: 48 27 12 7 20 31 1 11 18 44 40 47 33 49 43 3 19 34 25 29 35 4 46 39 13 36 24 37 8 26 5 28 30 2 15 17 22 32 6 21 16 45 9 10 42 41 50 14 38 23 
student 57: 41 31 9 6 20 32 3 10 17 43 39 48 34 49 42 2 19 35 28 25 33 5 47 40 15 36 24 37 8 27 4 23 29 1 18 16 26 30 12 21 14 46 7 11 44 45 50 13 38 22 
student 58: 46 33 11 9 19 34 2 10 20 43 38 49 30 48 41 3 18 35 26 29 31 7 47 40 17 36 25 37 6 27 4 24 28 1 14 15 22 32 8 21 16 45 5 12 42 44 50 13 39 23 
student 59: 46 32 10 5 21 34 1 12 19 43 41 49 31 48 42 2 18 33 25 29 35 6 47 38 15 37 27 39 8 24 3 26 28 4 17 16 22 30 7 20 13 45 9 11 40 44 50 14 36 23 
student 60: 46 32 11 6 22 33 1 13 18 41 40 48 34 49 44 2 14 35 26 30 31 3 47 36 16 38 21 37 8 27 5 25 28 4 17 19 23 29 7 24 15 45 10 9 42 43 50 12 39 20 
student 61: 47 32 12 4 22 34 2 7 21 42 39 50 35 48 40 1 17 36 25 30 29 5 44 41 14 33 27 37 10 28 6 24 31 3 16 18 20 26 8 19 15 45 13 11 49 43 46 9 38 23 
student 62: 44 34 12 2 21 31 1 11 20 42 40 48 35 49 43 3 17 38 26 29 30 6 46 41 15 33 27 36 9 28 4 24 25 5 16 14 23 32 7 19 18 47 8 13 39 45 50 10 37 22 
student 63: 46 31 13 4 21 32 2 11 19 43 37 49 35 47 42 3 18 34 22 30 33 6 48 38 16 36 27 39 8 26 7 25 29 1 15 17 24 28 5 20 14 45 10 9 41 44 50 12 40 23 
student 64: 47 32 10 6 22 33 1 13 19 44 36 48 34 49 42 3 18 35 26 27 31 5 45 39 14 38 25 40 7 28 4 23 29 2 16 17 21 30 11 20 12 37 8 9 43 46 50 15 41 24 
student 65: 45 32 6 5 19 33 1 10 22 43 41 47 35 50 42 4 16 37 27 28 30 7 46 36 17 38 24 39 11 26 3 21 29 2 18 15 23 31 8 20 14 44 12 9 49 40 48 13 34 25 
student 66: 47 32 11 4 21 34 1 10 20 39 40 48 33 50 41 2 19 36 26 28 30 7 46 42 13 35 25 37 6 27 5 22 29 3 16 14 24 31 8 18 15 45 9 12 44 43 49 17 38 23 
student 67: 48 34 6 7 21 31 1 8 15 44 40 46 33 50 43 2 19 35 26 28 30 3 42 41 16 38 24 36 9 27 5 23 29 4 14 17 20 32 10 22 13 49 18 12 37 45 47 11 39 25 
student 68: 47 31 10 7 23 33 1 15 18 43 37 49 34 48 41 3 16 35 24 28 32 4 46 40 14 36 25 38 6 27 5 20 29 2 17 19 22 30 8 21 12 44 9 11 42 45 50 13 39 26 
student 69: 49 32 11 5 20 33 1 9 18 40 39 46 34 50 47 3 17 35 24 28 31 6 45 42 16 36 23 37 8 29 4 27 30 2 15 22 21 25 7 19 14 44 10 13 41 43 48 12 38 26 
student 70: 47 31 9 5 23 34 1 12 19 42 38 49 32 48 46 2 18 35 21 28 33 6 45 37 14 36 27 41 8 26 3 25 29 4 15 17 20 30 7 22 16 43 11 10 40 44 50 13 39 24 
student 71: 46 33 6 4 20 32 1 12 18 41 39 48 34 49 40 9 22 35 26 30 29 5 47 42 14 36 25 37 8 31 2 24 28 3 16 17 21 27 7 19 13 45 11 10 43 44 50 15 38 23 
student 72: 48 32 10 4 27 33 1 8 17 42 40 45 34 49 41 3 18 35 28 22 31 6 46 37 15 38 24 36 7 25 5 26 30 2 19 16 21 29 11 20 14 44 9 12 47 43 50 13 39 23 
student 73: 45 32 9 2 20 35 1 12 22 42 40 46 33 48 43 4 19 34 23 29 31 6 47 41 14 36 25 38 5 30 7 26 28 3 13 17 24 27 8 21 15 50 10 11 39 44 49 16 37 18 
student 74: 42 31 11 5 21 35 3 12 17 44 39 49 33 48 43 6 20 34 27 28 32 7 47 38 14 36 25 40 2 26 4 24 30 1 15 16 19 29 8 22 18 46 9 10 41 45 50 13 37 23 
student 75: 47 33 10 5 21 34 3 12 20 44 42 46 32 48 39 1 18 35 26 27 31 6 49 43 15 36 25 37 7 28 4 24 29 2 17 16 23 30 9 19 8 45 13 11 40 41 50 14 38 22 
student 76: 48 33 11 5 23 35 1 9 18 42 40 49 32 50 41 3 17 36 26 28 31 6 46 39 15 37 27 34 8 25 4 24 30 2 16 14 21 29 7 19 20 47 12 10 44 43 45 13 38 22 
student 77: 49 32 13 5 20 31 1 16 19 42 39 50 33 48 44 4 17 34 25 28 36 6 45 40 14 37 26 38 7 27 2 24 29 3 12 18 22 30 8 21 15 46 9 11 41 43 47 10 35 23 
student 78: 45 32 13 5 22 34 1 11 20 44 40 48 33 47 42 6 17 36 27 28 31 4 43 39 19 35 18 37 7 29 3 26 25 2 12 15 24 30 8 21 14 50 10 9 41 46 49 16 38 23 
student 79: 47 32 11 4 21 36 1 10 18 43 40 48 34 49 45 2 19 33 24 29 30 6 44 39 14 35 25 38 7 26 3 22 27 5 17 16 23 31 9 20 13 41 8 12 42 46 50 15 37 28 
student 80: 49 32 10 8 21 33 4 14 18 43 39 46 36 48 42 7 23 34 24 30 31 6 47 40 15 37 28 38 3 26 2 27 29 1 17 16 20 25 9 19 13 45 5 12 41 44 50 11 35 22 
student 81: 46 30 10 3 23 33 1 13 20 44 38 49 34 47 43 8 18 35 27 26 32 4 48 40 16 36 24 37 7 28 5 22 29 2 15 17 19 31 6 21 14 45 9 11 41 42 50 12 39 25 
student 82: 49 32 9 6 22 34 5 15 18 44 42 45 33 48 41 3 19 37 23 28 31 4 47 39 16 35 25 38 7 27 1 26 29 2 14 17 21 30 8 20 13 46 11 10 40 43 50 12 36 24 
student 83: 46 30 10 4 23 33 2 11 17 43 39 48 34 50 41 5 19 35 20 28 32 6 45 40 13 36 24 37 7 25 3 27 31 1 15 12 21 29 8 22 18 47 9 14 42 44 49 16 38 26 
student 84: 43 34 10 5 22 35 1 12 20 42 38 46 29 49 45 3 18 32 26 27 31 6 48 40 14 36 25 37 7 28 4 24 30 2 16 17 23 33 8 19 15 44 9 11 41 47 50 13 39 21 
student 85: 45 29 9 3 21 31 1 12 19 41 39 49 34 48 42 2 18 35 25 28 32 10 47 44 16 38 27 37 6 26 4 24 30 5 15 17 23 33 8 20 13 43 7 14 40 46 50 11 36 22 
student 86: 43 29 8 10 19 34 1 11 20 42 37 50 32 49 41 5 17 35 26 28 31 6 47 38 15 36 25 39 4 30 3 24 27 2 16 18 22 33 9 21 14 45 7 12 44 46 48 13 40 23 
student 87: 45 32 11 9 20 35 4 12 17 42 38 48 36 49 43 1 19 33 27 28 31 5 46 40 18 39 24 34 7 25 2 22 29 3 13 16 26 30 6 21 15 47 8 10 41 44 50 14 37 23 
student 88: 47 28 10 4 20 34 1 12 18 43 40 50 32 49 42 5 19 36 26 30 33 7 48 41 14 35 27 37 9 25 3 23 29 2 15 17 24 31 6 21 13 45 8 11 39 44 46 16 38 22 
student 89: 48 34 10 3 21 33 1 11 19 43 42 47 31 50 40 6 16 35 27 26 32 5 46 38 15 37 24 39 7 29 4 25 28 2 17 18 23 30 8 20 13 44 9 14 41 45 49 12 36 22 
student 90: 48 32 9 5 21 33 3 13 18 43 42 49 36 50 46 1 17 34 24 30 31 7 45 41 16 35 29 37 8 26 4 27 28 2 14 19 23 25 6 20 15 44 11 12 38 40 47 10 39 22 
student 91: 46 30 7 5 18 31 1 10 21 44 35 49 33 50 42 4 17 36 27 29 34 6 48 40 15 37 25 38 9 26 3 24 28 2 16 19 23 32 8 20 13 45 11 12 41 43 47 14 39 22 
student 92: 49 35 11 6 22 33 2 12 19 43 36 46 34 48 41 3 18 31 28 27 32 7 47 39 15 37 25 42 8 26 4 24 29 1 16 17 23 30 10 20 14 44 5 9 40 45 50 13 38 21 
student 93: 46 31 10 3 20 33 1 12 19 42 38 48 34 49 43 6 17 35 26 27 32 5 47 39 16 40 25 37 7 28 2 23 29 4 18 15 24 30 8 22 13 45 9 11 41 44 50 14 36 21 
student 94: 48 34 10 2 20 32 3 11 22 44 39 45 36 49 42 5 18 33 26 28 30 7 43 41 14 35 24 37 8 27 4 23 29 1 15 16 25 31 6 17 19 46 9 12 40 47 50 13 38 21 
student 95: 46 31 10 5 22 33 1 12 19 38 42 48 34 49 43 2 18 39 28 26 32 9 47 40 16 36 25 35 6 27 3 24 29 4 15 17 23 30 7 20 14 44 8 11 41 45 50 13 37 21 
student 96: 46 32 10 5 19 33 1 11 17 42 39 50 35 49 41 3 21 34 25 28 31 6 45 40 20 38 26 37 7 27 4 24 30 2 12 16 22 29 8 18 14 44 9 13 43 47 48 15 36 23 
student 97: 48 31 10 5 21 35 1 12 18 39 40 47 28 49 43 4 19 34 24 30 33 8 42 41 15 38 25 36 7 29 3 23 27 2 16 17 22 32 6 20 13 45 9 11 44 46 50 14 37 26 
student 98: 47 33 11 7 22 32 1 14 20 42 40 48 34 49 41 5 19 35 26 29 31 6 46 39 15 36 21 43 2 27 3 24 30 4 16 13 23 28 8 17 10 44 9 12 38 45 50 18 37 25 
student 99: 45 38 9 5 22 33 1 11 17 44 39 49 35 48 41 4 18 32 24 26 29 6 47 40 15 34 31 36 12 30 2 20 25 3 16 19 23 28 7 21 14 46 8 13 42 43 50 10 37 27 
student 100: 46 31 12 4 20 36 3 11 19 43 40 48 35 49 42 2 17 33 26 29 32 6 47 34 16 38 24 37 7 27 5 23 28 1 15 18 22 30 9 21 14 44 8 10 41 45 50 13 39 25 
student 101: 47 32 8 4 24 35 1 12 19 43 38 49 36 50 42 7 18 33 31 27 30 6 45 40 16 34 25 39 5 26 2 22 28 3 13 17 23 29 10 20 15 48 9 11 41 44 46 14 37 21 
student 102: 46 32 10 3 21 37 1 14 19 44 42 49 34 47 40 5 18 33 27 26 31 6 45 39 16 38 25 36 7 28 4 24 30 2 11 17 23 29 9 20 15 48 8 12 43 41 50 13 35 22 
student 103: 46 31 10 6 20 32 2 13 19 42 40 47 35 50 41 3 15 37 24 29 33 5 48 39 17 34 21 38 9 30 4 27 25 1 18 14 23 28 7 22 16 45 8 11 43 44 49 12 36 26 
student 104: 48 30 10 5 21 33 3 11 19 41 38 47 34 49 42 4 15 35 25 28 32 7 46 40 17 37 27 39 6 31 2 23 26 1 16 18 22 29 8 20 13 45 9 14 43 44 50 12 36 24 
student 105: 45 36 10 5 20 31 7 11 19 43 34 49 35 47 41 3 17 33 25 27 29 6 48 40 13 37 24 38 4 28 2 26 32 1 16 18 23 30 8 22 15 44 9 12 42 46 50 14 39 21 
student 106: 43 35 11 6 18 32 2 12 21 44 39 47 33 46 41 1 17 37 23 31 29 4 49 40 15 34 26 36 9 30 5 24 28 3 19 16 20 27 7 22 14 45 8 10 42 48 50 13 38 25 
student 107: 46 33 10 5 20 30 2 13 19 41 40 48 34 49 43 1 18 35 25 27 32 6 47 39 15 36 26 38 8 28 4 24 29 3 16 17 23 31 7 21 14 45 9 12 42 44 50 11 37 22 
student 108: 45 32 11 5 21 35 1 13 19 44 39 46 33 47 42 4 18 34 25 27 31 3 50 38 16 36 26 40 7 28 6 24 29 2 10 17 23 30 9 20 15 43 8 14 41 49 48 12 37 22 
student 109: 48 33 9 7 19 29 3 12 21 45 40 47 34 49 43 1 17 35 26 30 32 6 46 39 14 36 24 37 5 27 2 20 28 4 15 18 23 31 8 22 16 44 11 10 41 42 50 13 38 25 
student 110: 47 34 12 8 17 32 1 13 20 40 38 50 36 49 43 3 19 33 25 26 31 4 42 41 16 37 24 35 7 27 6 21 30 2 18 15 23 28 11 22 14 45 10 9 44 46 48 5 39 29 
student 111: 47 32 8 1 21 33 5 7 14 43 41 48 34 49 42 3 18 35 27 28 30 6 46 38 16 37 26 36 4 25 9 23 31 2 19 17 22 29 10 20 15 44 12 13 39 45 50 11 40 24 
student 112: 46 33 11 5 29 34 3 14 19 43 38 49 35 47 41 4 20 36 25 27 32 6 44 40 15 31 24 37 7 26 2 23 28 1 18 17 22 30 9 13 8 48 10 12 42 45 50 16 39 21 
student 113: 45 32 11 3 20 39 1 12 23 43 38 47 33 48 42 4 21 36 27 26 30 6 50 40 14 34 18 35 7 24 5 28 29 2 17 15 22 31 8 19 13 46 9 10 41 44 49 16 37 25 
student 114: 47 33 8 4 22 34 1 13 18 42 39 48 32 49 44 3 19 35 27 30 31 6 45 40 12 36 25 37 7 26 5 24 28 2 14 15 21 29 10 20 16 46 9 11 43 41 50 17 38 23 
student 115: 48 26 12 8 20 35 1 13 19 43 39 47 32 49 42 2 18 33 27 29 34 4 46 41 6 36 25 37 9 28 5 23 31 3 15 17 24 30 11 21 14 44 10 16 40 45 50 7 38 22 
student 116: 45 31 8 7 20 32 1 14 19 42 40 48 34 49 44 2 18 37 25 28 30 5 47 39 16 35 26 36 4 27 6 23 29 3 12 17 21 33 10 22 15 43 9 11 41 46 50 13 38 24 
student 117: 48 34 8 7 20 32 2 12 19 43 39 49 35 47 41 3 18 36 28 29 31 9 46 40 16 33 21 38 4 26 5 25 27 1 15 17 24 30 6 23 14 44 11 13 42 45 50 10 37 22 
student 118: 46 37 8 6 23 32 3 12 21 45 40 48 34 50 43 2 18 33 27 28 31 5 44 36 14 35 19 38 10 24 4 25 30 1 16 17 20 29 7 22 15 39 9 11 42 49 47 13 41 26 
student 119: 45 29 10 5 23 31 1 13 18 42 39 47 34 50 43 3 20 35 24 28 33 7 46 40 15 37 25 36 8 26 4 27 30 2 16 17 19 32 6 22 14 48 9 11 41 44 49 12 38 21 
student 120: 45 30 10 4 18 26 1 13 20 41 38 50 31 48 43 5 21 36 27 25 35 7 46 44 15 34 22 37 8 29 2 24 33 3 17 16 19 32 6 28 11 47 9 12 40 42 49 14 39 23 
student 121: 47 31 10 4 21 32 1 13 19 44 41 48 35 49 40 6 17 34 25 28 33 7 46 42 16 37 22 36 5 27 2 24 29 3 15 18 26 30 8 20 14 45 11 12 39 43 50 9 38 23 
student 122: 48 32 10 5 20 35 4 14 17 43 41 47 33 50 34 2 23 36 27 28 31 7 46 39 15 37 26 40 6 25 3 24 29 1 16 18 21 30 8 19 13 45 9 12 44 42 49 11 38 22 
student 123: 48 32 9 7 22 33 2 12 17 43 38 47 35 50 42 4 19 34 28 30 31 6 46 41 14 36 24 39 1 29 5 25 27 3 15 18 21 26 10 20 16 45 8 11 40 44 49 13 37 23 
student 124: 45 31 8 3 24 33 2 12 20 44 39 49 32 48 42 1 19 35 27 30 34 10 46 40 15 36 25 37 6 26 5 22 28 4 17 16 18 29 7 23 14 47 9 11 41 43 50 13 38 21 
student 125: 48 32 11 6 21 34 2 13 18 43 40 50 35 46 42 1 20 33 27 28 30 5 45 38 17 36 26 39 7 25 4 24 29 3 14 16 22 31 8 19 15 47 10 9 41 44 49 12 37 23 
student 126: 48 30 4 7 21 35 2 11 18 45 36 47 32 49 43 3 20 34 25 27 31 6 46 39 14 37 23 40 8 28 5 22 29 1 16 17 24 33 9 19 15 44 10 13 41 42 50 12 38 26 
student 127: 47 31 9 4 17 34 1 11 20 43 33 48 35 50 42 3 19 38 22 27 32 6 46 40 16 41 25 36 7 28 5 26 30 2 12 18 23 29 8 21 15 44 13 10 37 45 49 14 39 24 
student 128: 47 33 12 5 22 32 2 13 20 40 36 49 37 45 43 1 18 34 25 28 31 6 48 42 15 38 26 35 7 27 4 24 29 3 16 17 21 30 10 19 14 46 9 11 41 44 50 8 39 23 
student 129: 50 31 8 3 21 35 5 9 22 42 38 48 32 49 46 4 20 34 28 26 33 7 45 40 13 36 24 37 6 27 1 25 29 2 16 17 23 30 10 18 15 43 11 12 41 44 47 14 39 19 
student 130: 50 31 10 5 20 33 1 16 18 42 36 46 34 48 43 4 17 37 27 32 30 3 45 39 15 35 26 40 9 25 6 22 28 2 13 19 21 29 12 24 14 44 7 8 41 47 49 11 38 23 
student 131: 45 33 9 4 23 32 2 11 18 40 43 47 35 48 42 1 20 34 24 29 31 6 44 38 15 39 26 36 7 28 5 22 27 3 17 16 21 30 8 19 14 46 10 12 41 49 50 13 37 25 
student 132: 45 33 8 7 22 31 1 13 19 46 36 47 34 50 41 6 18 35 25 27 32 5 48 40 11 37 26 39 4 28 2 23 29 3 16 17 20 30 9 24 12 44 10 14 43 42 49 15 38 21 
student 133: 46 33 10 6 21 37 4 14 19 44 39 48 32 49 43 1 12 36 26 27 31 7 47 41 16 34 24 35 8 30 2 25 28 3 17 18 22 29 9 20 15 45 5 13 40 42 50 11 38 23 
student 134: 47 32 11 5 21 34 1 12 16 43 39 48 33 49 42 4 20 36 25 27 31 8 46 41 14 38 26 37 6 29 3 24 28 2 15 18 23 30 9 19 17 45 7 10 40 44 50 13 35 22 
student 135: 46 32 11 7 21 34 1 12 18 43 38 48 35 49 40 2 20 33 28 29 30 5 47 42 14 36 26 39 6 22 4 24 27 3 15 16 25 31 9 19 13 45 10 8 41 44 50 17 37 23 
student 136: 45 36 11 3 21 32 1 12 19 42 39 47 33 48 41 4 17 34 26 31 30 5 44 40 16 37 24 35 6 27 7 22 29 2 14 18 23 25 8 20 15 49 9 10 46 43 50 13 38 28 
student 137: 43 34 14 3 20 32 1 9 17 41 39 48 31 49 45 5 18 36 24 28 33 6 46 40 15 37 26 35 7 27 8 25 29 2 16 19 22 30 10 21 13 47 4 11 44 42 50 12 38 23 
student 138: 47 32 10 7 23 35 2 13 19 43 38 49 31 48 42 3 14 34 27 25 29 6 46 36 16 37 26 41 5 33 4 24 28 1 17 18 21 30 9 20 15 45 8 11 40 44 50 12 39 22 
student 139: 46 31 10 4 19 33 2 15 23 41 43 49 38 48 42 1 17 34 26 27 32 8 47 39 16 35 25 37 5 30 6 22 29 3 14 18 21 28 9 20 13 45 11 7 40 44 50 12 36 24 
student 140: 47 30 10 6 19 34 1 12 21 44 37 48 33 50 40 3 17 35 31 27 32 7 46 41 15 38 25 36 8 26 4 24 28 2 16 20 22 29 5 18 14 42 9 11 43 45 49 13 39 23 
student 141: 46 30 11 3 25 34 4 10 20 43 38 45 35 48 42 2 19 33 24 28 32 6 50 40 17 36 23 37 7 26 5 22 29 1 16 15 21 31 8 18 13 47 9 12 41 44 49 14 39 27 
student 142: 46 32 9 7 21 33 1 10 18 42 40 48 34 47 41 3 16 35 26 27 28 4 50 43 15 36 23 38 6 29 5 25 30 2 17 19 22 31 11 20 13 44 8 12 39 45 49 14 37 24 
student 143: 41 32 7 3 21 33 1 13 16 44 36 45 38 50 43 5 19 34 27 28 31 8 49 42 15 35 25 37 6 26 4 24 30 2 14 17 22 29 9 20 18 46 11 12 40 47 48 10 39 23 
student 144: 47 34 9 6 20 35 1 10 19 42 39 46 31 48 44 3 18 36 25 28 29 5 50 41 15 33 26 38 7 30 4 22 32 2 17 16 23 27 11 21 12 45 8 13 40 43 49 14 37 24 
student 145: 47 32 9 6 23 35 1 12 21 43 39 48 31 49 42 3 16 33 25 27 34 8 44 41 17 36 22 37 5 30 4 26 28 2 14 19 18 29 7 20 13 46 11 10 40 45 50 15 38 24 
student 146: 48 33 10 5 20 32 1 9 17 46 38 44 35 49 41 3 19 34 27 31 30 7 47 42 14 36 24 37 6 26 4 25 28 2 16 18 21 29 11 22 13 45 8 12 40 43 50 15 39 23 
student 147: 48 32 7 4 20 36 1 12 22 42 40 49 39 47 43 6 18 33 25 26 31 8 46 38 15 37 27 34 9 29 3 23 28 2 17 14 21 30 5 19 13 45 10 11 41 44 50 16 35 24 
student 148: 47 32 12 6 24 35 2 11 20 43 37 48 33 49 39 1 17 34 27 28 31 3 46 44 13 38 29 36 7 25 5 23 26 4 16 18 19 30 8 21 15 45 10 9 41 42 50 14 40 22 
student 149: 45 31 13 3 20 33 1 14 18 47 40 48 36 49 42 2 23 34 25 28 32 4 46 38 15 35 24 39 6 27 9 22 30 5 16 21 19 29 8 17 12 44 7 11 41 43 50 10 37 26 
student 150: 49 33 13 3 16 32 1 15 21 43 37 48 34 45 42 2 17 35 26 28 31 5 47 39 12 36 25 38 6 27 9 23 29 4 20 18 22 30 7 24 14 46 8 10 41 44 50 11 40 19 
student 151: 44 30 10 5 19 32 1 13 20 43 39 50 37 48 42 3 18 35 27 28 34 6 47 40 12 36 21 33 8 25 4 26 29 2 15 16 22 31 7 23 17 46 9 11 41 45 49 14 38 24 
student 152: 45 32 10 5 22 31 1 12 18 46 39 49 34 48 42 2 19 35 27 28 33 6 43 41 14 36 25 37 8 30 4 23 29 3 15 17 21 26 9 20 13 47 7 11 40 44 50 16 38 24 
student 153: 48 34 9 3 20 32 1 12 19 44 38 50 33 47 43 5 18 37 26 30 31 6 46 42 11 40 24 35 8 27 4 25 28 2 17 16 21 29 7 23 15 45 10 13 39 41 49 14 36 22 
student 154: 47 34 9 3 22 32 2 11 19 43 41 48 33 49 42 5 18 35 28 27 31 6 46 38 16 36 23 37 7 24 4 26 29 1 15 17 21 30 8 20 14 45 12 10 39 44 50 13 40 25 
student 155: 47 29 12 1 22 33 2 14 17 44 39 49 35 48 42 5 18 38 26 28 32 6 46 40 11 36 25 34 7 27 4 24 30 3 19 13 23 31 8 21 16 43 9 10 41 45 50 15 37 20 
student 156: 47 33 9 4 21 34 2 11 19 42 38 48 35 49 43 3 17 39 27 30 31 7 46 40 18 36 26 37 5 23 6 25 28 1 16 15 24 29 10 20 13 45 8 14 41 44 50 12 32 22 
student 157: 48 32 8 5 21 37 1 13 20 43 41 47 33 50 35 2 18 34 27 29 31 6 45 40 15 36 26 39 9 25 4 24 28 3 17 16 22 30 7 19 14 46 11 10 42 44 49 12 38 23 
student 158: 48 31 12 5 22 33 1 13 18 41 38 47 34 49 39 6 20 35 25 28 32 2 46 43 15 36 27 37 7 26 4 23 29 3 17 16 19 30 9 24 11 45 8 10 44 42 50 14 40 21 
student 159: 50 31 11 8 20 33 4 12 15 43 39 44 34 47 42 2 18 37 24 28 29 6 48 40 16 35 27 36 5 25 3 26 30 1 17 19 21 32 7 22 13 46 9 10 41 45 49 14 38 23 
student 160: 49 32 8 5 20 34 2 11 19 45 39 47 33 48 43 6 18 37 27 28 30 3 46 41 15 35 25 36 7 26 4 24 31 1 17 16 22 29 9 21 12 44 10 13 40 42 50 14 38 23 
student 161: 47 31 11 5 20 33 1 8 19 44 35 48 34 50 42 2 18 38 27 26 32 9 46 39 15 36 24 37 6 29 4 25 28 3 16 17 22 30 10 21 13 45 7 14 41 43 49 12 40 23 
student 162: 47 34 10 5 23 27 1 17 19 44 38 48 32 49 42 4 18 35 26 24 31 6 45 40 14 39 28 36 7 29 3 25 33 2 15 16 20 30 9 21 12 46 8 11 41 43 50 13 37 22 
student 163: 47 35 10 4 22 32 1 11 20 43 40 48 31 50 39 5 18 34 26 28 30 6 44 41 16 36 24 37 8 27 2 23 29 3 15 17 21 33 7 19 14 46 12 9 42 45 49 13 38 25 
student 164: 46 31 10 5 20 35 2 12 19 43 36 48 33 49 42 3 17 34 27 29 32 7 47 41 13 38 23 37 9 26 4 25 28 1 15 16 21 30 8 18 22 45 6 11 40 44 50 14 39 24 
student 165: 46 31 12 6 22 37 3 10 19 45 39 47 33 50 41 1 18 34 27 29 32 4 42 43 15 35 24 38 8 26 5 25 30 2 14 17 21 28 7 20 13 48 11 9 40 44 49 16 36 23 
student 166: 50 31 11 1 22 34 3 12 17 43 39 46 33 48 47 5 18 35 27 26 32 6 44 41 14 36 25 37 7 29 4 23 30 2 19 15 21 28 8 20 16 45 9 10 40 42 49 13 38 24 
student 167: 44 31 12 6 20 35 1 13 18 45 39 48 34 49 43 3 22 32 25 28 33 7 42 41 10 36 27 38 5 26 4 24 29 2 16 17 21 30 8 19 15 46 9 11 40 47 50 14 37 23 
student 168: 48 33 10 2 20 32 1 14 22 42 37 47 34 49 43 5 16 35 25 27 31 6 46 39 13 36 26 38 7 28 4 24 29 3 17 18 23 30 8 19 15 45 9 11 40 44 50 12 41 21 
student 169: 46 31 11 4 24 35 3 12 19 43 38 48 32 49 42 1 18 39 25 30 33 6 47 40 17 34 23 37 7 28 5 26 27 2 16 8 20 29 9 21 14 45 10 13 41 44 50 15 36 22 
student 170: 47 31 8 3 21 33 2 15 19 43 39 49 35 48 44 5 17 34 24 29 30 7 46 42 11 37 25 36 10 32 4 28 26 1 14 18 22 27 6 20 16 45 9 13 41 38 50 12 40 23 
student 171: 48 34 9 5 26 31 2 12 18 41 39 45 33 47 44 6 17 35 25 27 32 4 49 42 15 36 28 37 8 21 3 24 30 1 22 16 20 29 11 19 13 46 7 10 40 43 50 14 38 23 
student 172: 47 32 10 5 18 33 1 12 17 42 41 48 34 49 43 2 21 35 25 30 31 7 45 39 15 36 27 37 6 26 4 23 28 3 16 19 22 29 11 20 13 46 8 9 40 44 50 14 38 24 
student 173: 49 32 12 2 21 33 1 6 18 43 40 44 34 48 42 4 15 35 29 31 26 5 47 38 13 39 23 36 8 27 7 25 28 3 16 19 22 30 11 20 14 46 9 10 41 45 50 17 37 24 
student 174: 48 32 7 4 24 33 1 12 18 44 38 49 35 47 41 3 19 36 25 30 31 8 46 39 17 37 23 34 5 27 6 26 28 2 14 16 21 29 9 20 15 43 10 11 40 45 50 13 42 22 
student 175: 46 31 10 4 20 33 1 14 17 43 37 50 34 48 42 3 18 36 24 28 32 9 45 39 15 35 26 38 7 27 5 25 30 2 19 16 22 29 6 21 13 44 8 11 41 47 49 12 40 23 
student 176: 46 31 13 4 23 32 3 10 19 43 39 47 36 49 42 5 18 33 21 30 34 7 45 35 15 38 26 37 6 27 2 20 28 1 17 16 24 29 8 22 14 48 9 12 41 44 50 11 40 25 
student 177: 45 34 9 6 21 35 1 12 19 44 40 49 33 48 41 4 17 32 29 26 31 5 47 39 14 36 25 38 7 28 3 23 30 2 18 15 24 27 8 20 16 46 10 11 43 42 50 13 37 22 
student 178: 46 33 9 4 22 27 1 11 21 45 39 47 34 49 42 6 18 35 28 29 32 5 48 40 15 36 25 37 10 26 3 24 31 2 16 17 20 30 7 19 14 43 8 12 41 44 50 13 38 23 
student 179: 46 30 12 3 21 34 4 10 20 43 36 49 33 47 42 1 16 35 28 27 32 5 48 38 14 37 24 39 7 26 2 25 29 6 17 18 23 31 11 19 15 45 8 9 40 44 50 13 41 22 
student 180: 46 32 10 4 19 33 1 11 20 42 41 49 34 48 44 3 17 35 22 29 31 6 45 36 15 38 27 37 7 24 5 23 30 2 16 18 28 26 8 25 13 43 9 12 40 47 50 14 39 21 
student 181: 48 32 12 6 22 25 1 10 19 42 39 49 33 47 41 3 15 36 27 28 34 4 46 40 17 37 26 38 7 30 5 24 29 2 18 13 20 31 8 21 14 45 9 11 44 43 50 16 35 23 
student 182: 46 28 9 5 23 34 1 12 19 43 39 49 33 48 42 3 17 36 25 26 32 6 47 41 18 35 22 37 7 30 4 29 27 2 15 16 21 31 8 20 14 45 10 13 40 44 50 11 38 24 
student 183: 45 28 10 1 19 37 2 12 20 43 39 47 32 48 42 4 17 34 27 26 31 6 46 40 16 38 25 35 7 29 5 21 30 3 15 18 24 33 8 22 14 44 11 9 41 50 49 13 36 23 
student 184: 47 33 13 3 23 34 1 11 17 43 40 48 31 50 41 4 18 36 26 28 32 7 46 42 19 35 24 37 12 27 5 25 30 2 15 16 21 29 8 20 14 45 6 9 38 44 49 10 39 22 
student 185: 47 30 10 6 20 34 1 11 21 44 39 48 38 49 42 4 17 33 24 28 32 7 43 40 15 35 26 36 5 29 2 23 27 3 16 19 22 31 8 18 12 46 9 13 37 45 50 14 41 25 
student 186: 46 34 11 3 22 32 1 12 20 44 40 49 35 50 42 2 18 37 25 28 31 5 48 38 15 33 26 36 6 27 7 24 29 4 17 13 21 30 8 19 16 45 10 9 41 43 47 14 39 23 
student 187: 49 30 8 3 18 36 1 12 22 42 43 46 33 50 41 4 20 34 27 26 31 7 47 37 13 35 23 38 6 28 5 24 32 2 15 16 25 29 9 19 17 45 10 11 40 44 48 14 39 21 
student 188: 48 36 11 6 20 34 4 12 17 43 39 50 32 49 41 2 19 33 27 25 31 3 46 44 15 35 26 38 10 28 5 22 29 1 16 18 23 30 8 21 14 47 7 9 40 45 42 13 37 24 
student 189: 48 34 10 5 22 30 2 12 17 40 39 47 33 50 43 3 20 36 28 32 31 4 45 41 15 37 25 35 6 26 7 24 27 1 11 18 23 29 9 19 16 44 8 13 42 46 49 14 38 21 
student 190: 44 35 12 3 21 31 1 14 19 41 39 49 34 48 43 5 18 33 22 30 32 4 47 42 10 36 28 38 11 29 6 25 26 2 15 16 23 27 7 20 13 45 9 8 40 46 50 17 37 24 
student 191: 45 32 10 1 21 33 2 18 22 44 38 47 36 50 41 5 17 34 26 28 31 6 49 42 14 35 27 37 9 23 4 25 29 3 16 15 24 30 8 20 7 46 11 12 40 43 48 13 39 19 
student 192: 48 31 9 4 19 33 1 11 21 44 39 47 34 49 41 3 20 35 26 29 30 5 46 40 17 36 25 38 6 28 8 23 27 2 14 18 22 32 7 16 15 45 12 10 42 43 50 13 37 24 
student 193: 48 33 10 2 23 35 1 18 16 44 37 47 31 49 43 5 17 38 29 25 32 6 46 40 12 36 26 39 8 30 4 22 27 3 14 19 24 28 15 20 13 45 7 9 41 42 50 11 34 21 
student 194: 48 34 10 4 21 29 2 12 19 45 39 49 33 42 41 5 18 32 28 26 35 7 47 40 16 36 25 38 6 30 1 24 27 3 13 15 23 31 8 22 11 46 9 14 43 44 50 17 37 20 
student 195: 46 31 12 6 22 33 3 13 19 43 38 47 34 48 41 4 17 35 26 32 30 10 45 40 11 36 25 37 7 29 2 24 28 1 15 18 21 27 5 20 14 49 8 9 42 44 50 16 39 23 
student 196: 50 33 13 5 21 31 1 11 17 43 40 47 36 48 41 3 19 34 26 28 32 6 46 39 15 38 24 35 8 29 4 22 30 2 16 20 23 27 7 18 14 45 9 10 42 44 49 12 37 25 
student 197: 47 31 10 5 22 34 1 11 20 43 40 49 33 48 42 3 18 36 28 29 32 6 46 39 15 38 24 35 9 27 4 19 26 2 17 16 23 30 7 21 14 44 8 12 41 45 50 13 37 25 
student 198: 46 33 9 4 24 34 1 7 19 43 39 47 32 49 42 3 17 35 26 28 31 5 48 40 15 37 25 36 10 27 2 22 29 6 20 16 18 30 8 21 14 45 11 13 41 44 50 12 38 23 
student 199: 49 34 16 5 29 33 1 11 22 45 38 47 39 48 43 4 18 32 27 26 30 6 44 40 15 36 24 37 7 25 3 21 28 2 19 13 23 31 8 20 14 46 9 10 42 41 50 12 35 17 
student 200: 49 27 11 4 21 32 1 12 17 44 40 50 33 48 43 3 19 35 25 29 31 7 46 42 16 37 28 36 6 26 5 22 30 2 15 20 23 34 8 18 14 41 9 10 39 45 47 13 38 24 
student 201: 47 32 11 6 24 30 1 12 18 42 38 50 35 49 43 3 20 36 25 29 28 9 46 41 15 34 26 37 7 23 4 27 33 2 16 17 19 31 5 22 14 45 8 10 40 44 48 13 39 21 
student 202: 48 34 10 4 21 31 1 12 19 43 39 46 33 49 41 2 16 35 26 28 32 7 47 42 15 37 27 36 6 25 5 24 29 3 17 18 20 30 8 22 13 45 9 11 40 44 50 14 38 23 
student 203: 49 31 10 5 19 33 1 12 21 43 35 48 34 46 41 3 17 36 26 28 32 6 44 40 14 37 25 39 8 27 4 24 30 2 16 18 20 29 7 22 15 45 13 9 42 47 50 11 38 23 
student 204: 47 32 13 5 19 35 1 14 18 45 40 48 33 49 42 4 20 37 25 28 29 6 46 41 11 34 22 39 7 30 2 27 26 3 16 17 23 31 8 21 15 44 9 10 38 43 50 12 36 24 
student 205: 47 38 12 4 22 32 3 16 19 42 40 50 31 48 46 7 17 34 25 27 33 6 43 39 14 36 24 35 8 28 2 26 30 1 11 18 21 29 9 20 13 45 10 5 41 44 49 15 37 23 
student 206: 46 32 15 7 23 36 1 12 14 41 39 47 34 50 48 2 17 33 26 27 31 5 45 40 16 37 24 35 6 28 4 25 30 3 18 20 19 29 9 22 13 43 8 10 42 44 49 11 38 21 
student 207: 48 32 10 5 22 33 1 12 20 45 38 49 34 50 42 3 18 37 26 28 31 4 46 41 11 40 21 35 6 27 9 25 29 2 16 14 23 30 7 19 17 44 8 15 39 43 47 13 36 24 
student 208: 48 32 9 3 25 33 2 11 21 43 38 45 35 50 39 7 16 34 22 27 31 4 42 41 17 36 26 37 8 24 5 20 29 1 15 18 28 30 6 19 14 49 10 12 47 44 46 13 40 23 
student 209: 46 33 8 5 21 34 1 13 18 44 41 49 30 48 42 3 19 35 26 28 32 6 47 38 16 37 23 36 7 27 4 24 31 2 17 12 22 29 9 20 15 43 10 11 40 45 50 14 39 25 
student 210: 48 31 10 9 21 33 1 14 19 44 39 47 34 49 46 3 18 35 25 28 32 4 45 41 16 36 27 37 6 26 5 24 30 2 17 15 22 29 7 20 12 40 8 11 42 43 50 13 38 23 
student 211: 45 32 10 6 20 34 1 12 22 44 39 48 33 49 43 3 17 36 21 28 31 5 47 40 14 37 27 35 7 23 4 25 30 2 11 19 18 29 9 26 16 46 8 13 42 41 50 15 38 24 
student 212: 48 32 8 5 21 34 2 10 19 44 38 47 33 50 43 3 18 36 27 30 31 6 46 40 16 35 25 37 9 26 4 24 29 1 13 17 23 28 7 20 15 41 11 12 42 45 49 14 39 22 
student 213: 46 33 9 4 23 35 8 13 20 41 40 47 34 50 43 3 16 32 25 27 30 5 48 42 14 36 22 37 7 24 2 28 31 1 17 19 21 29 6 18 15 45 10 11 39 44 49 12 38 26 
student 214: 48 31 9 6 22 34 1 10 18 42 37 47 33 49 43 4 16 35 26 27 32 2 46 39 17 36 25 38 7 29 5 24 28 3 14 21 23 30 12 19 13 45 8 15 40 44 50 11 41 20 
student 215: 47 33 10 5 20 34 1 12 19 44 36 48 35 49 41 2 18 32 25 29 31 8 46 39 16 37 22 40 6 28 4 24 26 3 15 17 23 30 7 21 14 45 9 11 43 42 50 13 38 27 
student 216: 44 32 10 4 17 35 3 13 20 46 39 48 33 50 42 2 15 36 27 26 30 6 45 40 14 38 25 34 5 28 7 21 29 1 18 16 22 31 8 23 12 47 9 11 41 43 49 19 37 24 
student 217: 47 34 8 6 20 32 2 13 22 43 37 48 33 49 42 3 14 36 26 29 31 7 46 41 17 35 25 38 5 28 1 23 30 4 18 16 21 27 9 19 12 45 10 15 40 44 50 11 39 24 
student 218: 48 34 10 5 18 32 2 12 21 42 39 46 33 50 41 1 16 35 25 28 31 6 47 40 17 36 26 37 7 27 4 24 29 3 14 19 23 30 8 20 13 45 9 11 43 44 49 15 38 22 
student 219: 48 31 8 6 21 33 2 13 20 46 39 47 34 49 43 3 16 36 27 28 30 5 45 40 15 35 25 37 7 26 4 24 29 1 17 19 23 32 10 18 14 44 9 11 42 41 50 12 38 22 
student 220: 46 32 10 4 22 33 3 12 21 40 38 49 37 48 42 2 18 35 24 28 29 6 47 41 16 34 27 36 7 25 5 26 30 1 15 17 19 31 8 20 13 45 9 11 44 43 50 14 39 23 
student 221: 46 31 11 3 24 35 1 10 20 41 39 48 37 50 43 2 19 33 22 28 32 5 47 40 15 34 25 38 9 27 6 21 29 4 16 18 26 30 7 23 13 45 8 14 42 44 49 12 36 17 
student 222: 46 36 9 4 23 34 1 14 18 42 39 48 33 49 43 5 19 35 22 28 31 7 47 40 15 37 25 32 6 27 3 24 29 2 16 17 21 30 10 20 13 44 8 11 41 45 50 12 38 26 
student 223: 46 31 10 5 19 33 4 12 21 43 40 49 34 50 42 1 18 35 27 28 32 6 47 41 16 36 25 37 9 26 3 24 29 2 15 20 17 30 14 22 11 45 8 7 39 44 48 13 38 23 
student 224: 46 31 9 5 19 34 4 11 15 43 39 48 30 50 42 2 18 37 26 28 33 7 49 40 16 36 25 38 6 27 3 24 29 1 17 20 21 32 13 23 14 45 8 10 41 44 47 12 35 22 
student 225: 48 32 12 4 19 34 1 11 20 42 38 49 36 50 44 3 18 33 28 27 31 6 47 41 14 37 25 39 5 26 8 24 30 2 17 16 22 29 7 21 13 43 9 10 40 45 46 15 35 23 
student 226: 49 31 8 7 23 35 2 18 20 42 36 50 33 48 43 4 17 34 26 28 32 5 45 39 11 37 25 40 10 27 3 22 29 1 15 16 21 30 6 19 14 47 9 12 41 44 46 13 38 24 
student 227: 48 31 7 9 21 32 1 12 16 44 40 49 34 50 41 4 17 38 27 26 29 3 47 37 15 35 25 36 6 28 5 24 30 2 14 18 23 33 11 22 13 45 8 10 42 43 46 20 39 19 
student 228: 47 37 9 5 19 35 2 12 17 45 39 50 31 48 40 4 18 36 24 29 28 7 46 41 15 33 25 32 6 27 1 26 30 3 16 13 23 34 8 21 20 44 11 10 43 42 49 14 38 22 
student 229: 48 31 11 7 21 33 1 10 19 44 40 47 36 49 43 2 18 34 30 27 29 5 45 39 14 38 25 35 8 26 3 23 28 4 16 17 22 32 9 20 15 46 6 13 41 42 50 12 37 24 
student 230: 46 30 9 3 21 34 1 14 22 41 39 47 35 48 45 4 18 36 28 31 29 7 44 42 16 32 25 37 6 27 5 24 33 2 10 17 20 26 11 19 15 49 8 12 40 43 50 13 38 23 
student 231: 47 29 10 1 21 33 2 11 18 43 42 49 31 48 41 4 16 38 27 25 30 6 45 40 17 35 28 39 7 23 5 26 32 3 13 19 22 34 8 20 14 44 9 15 37 46 50 12 36 24 
student 232: 45 32 13 3 19 33 1 9 18 44 38 48 35 50 43 7 16 34 26 28 30 4 47 40 15 36 25 39 10 27 2 21 29 6 17 20 22 31 8 24 14 46 12 5 41 42 49 11 37 23 
student 233: 47 32 10 5 20 34 2 12 23 44 39 48 35 49 43 3 18 37 26 29 30 6 45 40 14 36 25 33 7 28 4 27 24 1 15 17 21 31 8 19 13 42 9 11 41 46 50 16 38 22 
student 234: 48 32 9 5 21 33 2 11 20 42 40 49 35 47 44 3 15 37 26 28 31 8 46 41 16 34 25 36 6 27 4 24 30 1 18 17 22 29 7 19 14 45 10 12 39 43 50 13 38 23 
student 235: 46 34 12 4 21 33 1 11 20 44 42 47 37 50 43 3 15 30 26 28 32 5 45 36 18 38 25 35 6 27 7 24 31 2 19 16 17 29 8 23 9 48 10 13 40 39 49 14 41 22 
student 236: 47 32 10 5 20 33 1 12 19 45 37 48 35 49 42 3 18 34 27 26 31 8 44 40 15 36 28 38 6 25 4 24 30 2 16 17 21 29 7 22 13 46 9 11 41 43 50 14 39 23 
student 237: 47 32 9 8 20 33 1 12 22 44 41 48 34 49 43 3 19 37 26 29 31 6 45 39 15 38 23 35 5 25 4 27 28 2 16 17 21 30 7 18 13 40 10 11 42 46 50 14 36 24 
student 238: 48 29 7 5 21 32 1 12 20 42 40 45 33 49 43 2 15 35 23 25 31 6 46 39 14 36 30 37 8 27 4 26 28 3 19 17 22 34 9 18 16 44 10 11 41 47 50 13 38 24 
student 239: 46 30 10 6 18 35 1 11 20 39 37 49 33 48 43 3 19 36 26 28 31 7 45 42 14 34 25 41 5 27 4 24 29 2 16 17 22 32 8 21 15 47 9 13 40 44 50 12 38 23 
student 240: 47 31 10 5 23 33 1 11 17 45 39 49 34 48 44 4 20 35 26 28 32 6 46 40 14 37 27 36 8 25 3 22 29 2 18 16 24 30 7 19 15 42 9 13 41 43 50 12 38 21 
student 241: 50 32 11 4 25 33 1 12 18 39 40 45 34 48 44 3 23 35 22 28 31 5 47 43 14 36 26 37 8 27 6 21 29 2 17 16 20 30 7 19 15 42 9 10 41 46 49 13 38 24 
student 242: 47 31 10 6 21 33 1 13 18 44 39 48 34 50 41 5 20 36 26 27 32 3 45 40 11 35 25 37 7 28 4 22 29 2 15 19 23 30 8 17 14 46 9 12 42 43 49 16 38 24 
student 243: 47 34 5 6 22 36 1 13 18 44 43 48 32 49 42 4 19 33 24 28 29 9 41 39 14 35 25 37 7 27 3 26 30 2 16 17 21 31 8 20 12 46 10 11 40 45 50 15 38 23 
student 244: 48 34 14 6 23 32 3 16 17 44 42 47 35 49 41 2 11 33 28 29 30 5 45 39 18 36 27 37 8 25 4 22 26 1 19 13 21 31 7 20 12 43 9 15 40 46 50 10 38 24 
student 245: 45 34 9 6 23 30 2 11 18 43 38 44 35 49 47 1 17 32 22 29 33 5 46 39 16 40 26 36 7 27 3 24 28 4 15 19 25 31 12 21 14 48 8 10 41 42 50 13 37 20 
student 246: 50 31 10 9 21 34 1 11 18 44 38 47 35 48 40 5 17 32 28 27 33 7 46 41 12 36 23 37 4 26 3 24 30 2 20 13 22 29 6 19 14 45 8 15 42 43 49 16 39 25 
student 247: 47 32 13 7 20 30 1 10 19 44 39 49 33 50 42 4 18 35 26 28 34 2 45 41 16 37 25 38 5 31 6 23 27 3 14 17 24 29 8 21 15 43 9 11 40 46 48 12 36 22 
student 248: 48 34 10 4 21 32 1 13 19 40 37 46 33 47 43 3 18 36 25 27 30 5 49 41 15 35 26 38 9 28 6 24 29 2 17 16 22 31 7 20 14 45 8 12 44 42 50 11 39 23 
student 249: 47 31 10 4 21 33 2 14 19 43 37 48 34 50 39 5 18 35 27 28 32 6 46 41 13 36 25 40 8 26 1 24 29 3 16 17 22 30 7 20 15 45 9 12 42 44 49 11 38 23 
student 250: 46 31 12 6 19 33 1 13 20 44 38 49 34 50 45 3 17 39 25 27 28 4 47 42 14 35 29 36 8 26 5 24 30 2 16 18 23 32 9 21 15 43 11 7 40 41 48 10 37 22 
student 251: 48 32 9 4 22 33 1 12 18 45 40 50 34 49 43 3 20 36 26 30 31 7 46 39 15 35 25 38 10 29 5 19 27 2 13 16 23 28 8 21 17 44 6 11 41 42 47 14 37 24 
student 252: 46 33 11 6 21 32 1 13 17 45 38 48 34 49 42 5 18 40 27 28 30 4 44 39 15 35 25 37 7 26 2 24 29 3 19 14 20 31 8 22 16 43 10 9 41 47 50 12 36 23 
student 253: 47 32 9 2 19 34 1 11 16 43 39 48 35 50 44 5 18 33 26 27 31 3 46 40 14 36 25 37 6 28 7 23 30 4 17 20 21 29 8 22 13 45 12 10 41 42 49 15 38 24 
student 254: 47 34 11 6 24 33 1 16 18 44 39 48 32 49 40 4 19 36 28 29 30 3 46 42 13 37 23 35 7 26 5 20 27 2 15 17 25 31 10 21 12 45 8 14 41 43 50 9 38 22 
student 255: 47 37 6 5 20 32 1 8 19 44 36 48 35 49 43 3 18 33 26 28 30 9 46 41 12 34 25 38 10 27 7 24 29 2 16 17 23 31 4 21 15 40 11 13 42 45 50 14 39 22 
student 256: 46 31 11 5 21 35 1 12 20 43 37 49 32 50 42 4 18 33 28 29 34 6 48 40 14 36 23 39 7 26 3 25 27 2 15 19 24 30 9 17 16 45 8 10 41 44 47 13 38 22 
student 257: 49 33 9 4 21 32 2 13 18 43 39 47 34 48 44 5 15 35 26 28 31 7 46 40 14 37 25 36 6 27 3 24 30 1 19 17 22 29 8 20 12 45 10 16 42 41 50 11 38 23 
student 258: 46 34 10 8 20 31 1 11 18 44 38 47 32 49 39 2 17 35 27 29 33 5 45 43 14 37 25 36 4 26 7 22 30 3 16 19 21 28 6 24 15 40 9 12 42 48 50 13 41 23 
student 259: 46 32 15 3 20 28 1 11 19 42 39 50 37 48 43 4 17 33 25 29 34 6 47 40 12 36 21 38 8 27 7 26 30 2 14 18 24 31 9 22 16 45 5 10 41 44 49 13 35 23 
student 260: 48 32 12 1 21 36 2 10 19 43 39 49 33 47 42 4 17 34 26 25 31 5 46 40 14 35 27 37 8 28 6 24 29 3 16 18 23 30 11 22 15 44 7 9 41 45 50 13 38 20 
student 261: 49 34 10 4 21 32 1 11 17 43 39 48 37 47 42 3 22 38 26 31 30 6 46 33 15 36 25 35 5 27 7 24 28 2 16 19 20 29 8 18 13 45 9 12 41 44 50 14 40 23 
student 262: 47 31 10 3 19 32 1 12 18 44 38 48 43 49 39 4 21 34 26 30 29 6 46 40 16 36 25 35 7 28 5 22 27 2 17 15 23 33 8 20 14 45 9 11 41 42 50 13 37 24 
student 263: 48 33 9 4 20 32 1 12 22 45 41 49 34 47 43 3 21 37 27 25 31 7 46 42 14 36 24 35 8 28 5 26 29 2 15 17 19 30 6 18 16 40 10 11 39 44 50 13 38 23 
student 264: 45 35 11 5 21 25 1 13 20 44 39 48 33 49 42 2 16 38 26 27 32 6 47 41 12 34 24 37 7 29 4 28 30 3 14 18 19 31 10 22 15 46 8 9 40 43 50 17 36 23 
student 265: 47 24 13 5 22 33 1 11 20 44 39 49 35 50 42 2 17 36 27 29 32 6 46 40 12 34 26 37 9 28 4 21 31 3 15 16 25 30 7 19 14 45 8 10 41 43 48 18 38 23 
student 266: 47 30 11 5 18 35 2 12 16 42 38 48 32 49 39 1 22 34 26 29 33 6 45 43 15 36 25 37 10 28 4 21 31 3 20 17 23 27 7 19 14 46 8 9 40 44 50 13 41 24 
student 267: 50 32 11 4 21 33 1 10 20 42 40 48 34 46 43 3 15 35 24 28 29 6 47 38 18 36 27 37 12 26 5 22 30 2 17 16 25 31 7 19 13 45 9 14 39 44 49 8 41 23 
student 268: 47 33 8 6 21 34 1 12 13 42 38 50 40 49 43 3 19 28 29 27 32 7 46 39 16 37 22 35 9 26 4 24 30 2 17 18 25 31 5 20 14 45 11 10 41 44 48 15 36 23 
student 269: 48 32 10 4 23 34 1 12 20 43 38 49 35 47 42 6 18 37 21 28 31 5 46 39 11 33 26 40 8 29 3 24 27 2 17 15 22 30 9 19 14 44 7 13 41 45 50 16 36 25 
student 270: 48 34 10 3 20 27 2 12 21 41 37 50 33 47 42 4 19 35 26 31 30 6 46 40 15 36 24 39 8 28 5 25 29 1 18 16 22 32 7 17 13 45 9 11 43 44 49 14 38 23 
student 271: 46 32 11 6 23 35 1 12 18 40 39 48 37 47 42 2 19 33 25 28 31 3 43 41 20 36 26 34 9 29 4 24 27 5 17 15 21 30 7 16 14 49 8 10 44 45 50 13 38 22 
student 272: 47 30 10 5 20 32 1 12 18 43 39 48 34 49 42 3 19 35 26 27 33 6 46 40 14 37 23 38 7 28 4 24 29 2 17 16 22 31 9 21 15 45 8 11 41 44 50 13 36 25 
student 273: 47 34 11 5 21 32 2 12 22 44 42 46 33 50 43 1 19 41 23 27 31 6 48 38 15 36 25 35 8 28 4 18 29 3 17 16 24 30 7 20 14 45 10 9 39 40 49 13 37 26 
student 274: 48 33 11 3 21 35 1 16 19 43 37 47 32 49 42 5 17 34 24 27 31 7 46 40 18 36 26 38 6 29 2 25 28 4 14 15 22 30 9 20 13 44 10 12 41 45 50 8 39 23 
student 275: 47 34 13 4 22 31 6 9 19 43 39 48 33 49 40 1 17 36 27 28 32 11 46 38 15 35 25 37 5 26 3 24 30 2 16 18 23 29 8 21 14 42 10 7 44 45 50 12 41 20 
student 276: 50 35 10 5 23 31 3 12 20 43 39 46 33 47 44 2 16 36 27 28 32 7 48 38 17 34 25 37 6 26 1 22 29 4 15 18 21 30 8 19 13 42 9 11 41 45 49 14 40 24 
student 277: 47 32 9 4 19 37 1 11 21 45 35 48 33 49 42 3 18 36 27 30 31 6 46 40 17 34 25 39 7 26 5 23 29 2 14 15 20 28 10 22 12 43 8 16 41 44 50 13 38 24 
student 278: 48 32 12 7 21 34 1 9 19 39 41 47 35 49 43 3 17 33 26 28 31 6 46 40 15 36 25 38 8 27 4 24 29 2 16 18 23 30 10 20 14 44 5 11 42 45 50 13 37 22 
student 279: 44 32 11 7 21 33 2 12 20 43 40 50 31 48 42 1 16 38 25 29 34 6 47 39 17 35 26 36 5 28 4 27 30 3 15 18 22 24 10 19 14 46 8 9 41 45 49 13 37 23 
student 280: 45 28 11 6 22 33 1 10 19 43 40 48 34 49 39 3 18 35 26 27 29 7 47 41 14 37 25 36 5 30 4 24 32 2 17 16 20 31 8 21 15 44 9 13 42 46 50 12 38 23 
student 281: 47 30 12 4 23 33 1 8 19 43 41 50 34 48 39 3 18 35 25 28 32 6 46 40 13 37 27 38 7 26 5 24 31 2 15 17 21 29 9 20 16 45 10 11 42 44 49 14 36 22 
student 282: 48 32 11 5 21 37 1 12 19 45 36 47 33 49 42 3 18 34 23 28 29 6 44 38 16 35 26 43 7 27 4 24 30 2 14 17 22 31 9 20 15 46 8 10 39 41 50 13 40 25 
student 283: 46 32 9 5 20 33 3 14 15 43 41 47 34 48 42 1 18 35 26 24 31 6 50 37 21 38 27 36 7 30 2 22 28 4 16 17 25 29 8 19 13 44 12 11 39 45 49 10 40 23 
student 284: 48 32 15 4 22 34 1 11 20 44 40 49 33 47 39 3 19 35 25 30 29 6 46 45 16 36 24 42 10 28 5 27 26 2 14 17 18 31 7 23 13 43 9 8 38 41 50 12 37 21 
student 285: 47 31 10 1 18 32 3 13 16 40 39 48 37 49 43 7 23 35 30 27 34 8 46 38 17 42 26 33 6 25 4 21 28 2 19 15 22 29 5 20 14 45 9 12 41 44 50 11 36 24 
student 286: 46 33 11 6 21 34 2 13 20 42 38 48 31 49 43 1 17 35 26 30 29 5 47 41 14 36 23 37 8 28 3 25 27 4 16 18 22 32 7 19 15 44 9 12 40 45 50 10 39 24 
student 287: 47 32 8 3 24 33 4 12 18 43 40 49 36 48 41 2 19 34 25 28 31 9 46 35 15 38 26 39 6 27 5 21 30 1 17 16 20 29 10 22 13 44 7 11 42 45 50 14 37 23 
student 288: 46 33 11 4 22 30 1 10 16 44 39 47 34 49 41 5 18 37 26 31 29 6 48 42 15 35 24 36 9 27 3 25 32 2 17 19 21 28 7 20 13 45 8 14 40 43 50 12 38 23 
student 289: 49 36 10 4 21 33 2 12 17 42 39 47 37 50 40 5 14 31 30 28 32 7 46 43 18 34 27 35 6 29 3 26 24 1 16 19 22 25 9 20 13 45 8 11 41 44 48 15 38 23 
student 290: 49 33 11 5 23 34 2 13 17 41 38 48 35 50 44 3 19 32 27 28 31 7 45 42 14 37 24 36 8 26 4 25 29 1 18 16 21 30 6 20 12 47 10 9 40 43 46 15 39 22 
student 291: 47 34 12 6 19 33 1 14 20 42 41 48 35 49 43 4 17 39 22 27 31 7 46 38 15 32 28 36 11 26 3 25 29 2 16 18 24 30 5 21 13 45 9 8 37 44 50 10 40 23 
student 292: 47 31 10 4 22 32 1 11 19 41 39 48 34 49 46 2 18 38 27 28 33 5 45 42 14 35 24 37 8 26 6 23 29 3 15 20 25 30 7 17 16 43 9 13 40 44 50 12 36 21 
student 293: 47 31 11 6 20 33 2 13 18 41 37 50 34 48 44 3 16 35 25 30 32 7 42 38 12 43 24 36 10 26 4 28 29 1 17 19 23 27 8 22 15 46 5 14 39 45 49 9 40 21 
student 294: 44 33 10 5 21 32 1 14 20 46 38 45 34 49 42 3 19 39 26 28 31 9 47 40 15 35 25 36 6 27 4 24 29 2 16 17 22 30 7 18 11 48 8 12 41 43 50 13 37 23 
student 295: 46 30 10 5 16 34 2 13 21 43 39 48 31 49 42 1 19 33 24 27 29 6 45 40 8 35 25 37 7 32 3 23 28 4 17 15 22 36 11 26 18 47 9 12 41 44 50 14 38 20 
student 296: 44 31 12 5 20 35 3 13 16 45 38 48 33 49 42 1 23 36 25 28 32 6 47 41 15 37 24 34 7 27 4 26 29 2 17 18 21 30 9 19 14 46 10 8 40 43 50 11 39 22 
student 297: 47 35 9 7 21 33 1 12 19 42 39 50 37 48 43 3 18 36 27 28 29 6 45 41 16 32 25 34 5 26 4 23 30 2 17 20 24 31 8 15 14 46 11 10 40 44 49 13 38 22 
student 298: 46 32 10 4 21 34 1 11 19 43 37 48 33 50 41 2 18 38 26 28 31 6 47 40 15 35 23 36 9 27 5 25 29 3 16 17 22 30 8 20 14 45 7 13 42 44 49 12 39 24 
student 299: 46 34 12 5 20 32 2 11 19 45 39 49 33 50 44 3 18 35 26 30 31 6 48 40 16 36 25 37 7 27 4 24 28 1 17 15 23 29 8 22 14 43 9 10 41 42 47 13 38 21 
student 300: 46 29 11 4 20 34 1 12 17 42 36 48 33 49 43 3 16 35 26 30 31 7 47 38 15 39 25 37 8 27 6 24 32 2 18 19 23 28 5 22 13 45 10 9 41 44 50 14 40 21 
student 301: 47 33 10 5 20 32 2 15 16 41 37 49 34 50 42 4 19 35 27 30 28 6 46 38 14 36 26 39 8 29 1 23 24 3 17 18 25 31 7 21 13 45 9 11 43 44 48 12 40 22 
student 302: 48 32 13 5 21 34 1 9 18 43 39 49 33 47 44 3 19 35 27 26 31 7 46 41 17 36 24 40 6 28 4 25 30 2 15 16 22 29 8 20 14 42 10 11 38 45 50 12 37 23 
student 303: 46 33 11 6 21 37 1 15 25 44 38 49 31 48 43 4 19 34 26 24 32 7 45 40 18 35 22 36 5 30 3 23 28 2 13 16 17 29 8 20 14 50 10 9 41 42 47 12 39 27 
student 304: 44 32 11 8 22 33 1 12 20 43 36 46 37 49 42 3 16 38 25 27 31 4 48 41 19 34 24 35 7 26 6 29 30 2 18 15 17 28 5 21 14 47 9 10 40 45 50 13 39 23 
student 305: 48 32 9 6 21 35 2 12 19 41 38 46 34 50 44 3 18 36 26 29 31 4 47 39 16 37 24 33 8 27 5 23 30 1 15 17 22 28 7 20 14 45 11 10 42 43 49 13 40 25 
student 306: 48 29 10 7 20 33 2 15 18 41 40 47 35 49 42 4 16 38 22 26 32 5 45 44 14 36 30 39 1 31 3 25 27 6 17 19 24 28 8 23 11 43 12 9 37 46 50 13 34 21 
student 307: 49 32 12 4 20 36 1 13 19 46 39 47 33 48 42 3 14 34 24 29 31 6 44 43 16 37 25 35 7 27 5 26 28 2 18 17 22 30 8 21 15 45 9 10 40 41 50 11 38 23 
student 308: 48 34 7 5 21 32 1 11 20 44 40 49 33 47 43 2 18 37 27 29 30 6 46 39 15 35 23 36 9 25 3 26 28 4 16 17 22 31 10 19 13 45 12 8 41 42 50 14 38 24 
student 309: 47 34 10 7 22 32 1 13 18 43 39 49 31 48 42 5 19 36 26 29 30 6 45 40 16 37 24 38 3 23 4 33 27 2 14 17 25 28 8 20 12 46 9 11 41 44 50 15 35 21 
student 310: 47 33 10 5 19 32 1 12 15 43 39 49 35 50 45 3 21 36 25 27 31 7 46 40 17 34 24 37 6 29 4 23 30 2 16 18 22 28 8 20 14 41 9 11 42 44 48 13 38 26 
student 311: 44 26 11 2 21 37 1 12 16 43 40 49 32 47 42 4 20 34 28 29 31 6 48 39 13 35 23 36 7 27 5 24 30 3 15 18 19 33 8 22 17 46 10 9 41 45 50 14 38 25 
student 312: 46 32 10 2 24 34 1 13 20 45 39 47 33 49 43 5 16 35 26 27 31 8 42 40 15 36 22 37 7 28 4 25 30 3 17 19 23 29 9 18 14 48 6 12 41 44 50 11 38 21 
student 313: 49 31 10 5 22 35 1 12 19 44 39 45 34 50 41 3 18 33 26 28 29 8 47 42 15 36 25 37 9 27 4 24 32 2 16 17 20 30 7 21 14 46 6 11 40 43 48 13 38 23 
student 314: 46 29 10 4 24 31 3 11 19 43 39 49 34 50 41 2 18 35 25 30 32 5 44 40 16 36 26 37 7 27 6 23 28 1 15 17 22 33 8 20 14 47 9 12 42 45 48 13 38 21 
student 315: 44 32 16 5 21 37 2 12 17 43 38 47 35 49 41 1 19 34 27 26 31 6 45 39 18 33 25 36 9 28 8 24 29 3 15 14 22 30 4 20 13 48 7 11 42 46 50 10 40 23 
student 316: 47 32 9 6 19 34 1 14 17 43 39 48 33 49 42 3 22 35 25 28 31 4 46 40 18 37 27 38 7 26 5 24 30 2 13 16 21 29 10 20 15 45 8 11 41 44 50 12 36 23 
student 317: 48 32 13 5 23 33 1 11 19 43 40 47 34 49 42 4 17 39 27 25 30 3 45 38 16 35 26 36 6 28 12 22 29 2 18 15 21 31 8 20 10 44 7 9 41 46 50 14 37 24 
student 318: 47 31 12 4 23 33 1 9 19 46 39 48 34 49 41 3 18 37 26 32 30 5 44 40 15 35 25 36 7 27 6 22 28 2 16 17 24 29 8 20 14 45 10 11 42 43 50 13 38 21 
student 319: 50 36 8 7 20 32 1 13 26 45 40 48 37 47 44 2 16 33 27 28 31 6 43 39 10 34 23 35 4 29 3 22 25 5 15 18 21 30 11 19 17 46 9 12 41 42 49 14 38 24 
student 320: 46 32 10 5 20 33 4 12 16 41 40 47 34 48 43 2 19 35 25 28 31 6 45 39 15 37 24 36 7 27 3 26 30 1 18 17 21 29 9 23 14 50 8 11 42 44 49 13 38 22 
student 321: 48 30 10 4 19 35 1 14 15 39 40 47 31 49 46 2 16 36 27 29 33 8 45 41 20 38 25 34 5 26 7 24 28 3 13 18 23 32 6 21 17 44 11 9 42 43 50 12 37 22 
student 322: 50 31 11 5 20 34 1 12 14 38 39 46 35 47 43 3 19 33 26 28 32 7 48 41 17 36 23 40 6 27 4 25 30 2 15 18 24 29 9 22 16 45 10 13 42 44 49 8 37 21 
student 323: 47 33 10 4 25 32 2 14 12 42 39 48 37 49 38 3 21 34 28 26 31 7 46 41 13 35 23 36 6 29 5 24 27 1 20 17 19 30 11 18 16 44 9 8 45 43 50 15 40 22 
student 324: 47 32 10 4 20 34 1 14 19 42 41 48 33 49 39 3 17 36 29 27 31 6 46 40 15 37 24 35 7 28 5 25 30 2 18 16 22 26 12 21 11 43 8 9 45 44 50 13 38 23 
student 325: 48 31 10 2 22 34 3 11 20 44 38 46 32 50 42 1 19 35 29 26 33 6 47 40 16 36 25 41 9 27 5 24 28 4 18 23 17 30 8 15 12 45 7 13 39 43 49 14 37 21 
student 326: 46 31 9 5 21 33 1 11 18 43 39 48 34 49 40 2 16 35 26 29 30 6 47 42 15 36 25 37 8 27 4 24 28 3 17 20 23 32 10 19 13 45 7 12 41 44 50 14 38 22 
student 327: 50 33 10 5 21 32 2 12 19 44 36 48 35 45 43 3 17 38 25 27 29 6 47 40 16 34 24 37 7 26 4 30 28 1 15 18 23 31 8 20 14 46 9 11 41 42 49 13 39 22 
student 328: 47 28 10 5 25 34 1 15 19 43 38 48 36 50 42 3 18 35 29 24 32 8 46 40 17 37 26 33 7 31 4 21 30 2 16 14 22 27 6 20 13 45 9 11 41 44 49 12 39 23 
student 329: 46 26 9 4 22 33 1 15 19 42 43 48 39 50 37 6 18 34 28 29 32 7 47 40 11 36 25 35 5 27 3 24 30 2 16 17 21 31 8 20 12 45 10 13 41 44 49 14 38 23 
student 330: 47 33 10 8 24 32 1 11 20 46 36 49 34 48 42 2 19 35 26 23 31 3 45 41 18 37 27 40 7 29 5 25 28 4 16 15 21 30 9 17 13 44 6 14 38 43 50 12 39 22 
student 331: 45 31 10 4 24 33 1 13 19 44 42 47 34 49 43 6 18 36 26 30 32 5 40 39 17 37 25 35 7 27 3 23 28 2 16 15 21 29 11 20 9 48 8 12 41 46 50 14 38 22 
student 332: 47 32 8 10 19 35 4 13 22 43 40 49 33 46 42 5 17 36 26 29 31 7 48 39 15 38 24 34 1 27 3 23 28 2 16 18 21 30 6 20 14 45 9 11 41 44 50 12 37 25 
student 333: 46 30 10 5 21 32 1 12 19 43 39 49 34 50 40 6 17 38 27 29 33 7 47 37 18 35 26 42 3 28 4 23 25 2 16 15 22 31 8 20 14 48 9 11 41 45 44 13 36 24 
student 334: 48 31 11 5 21 34 1 12 19 44 39 47 33 50 42 2 16 35 26 29 30 6 46 40 15 36 22 37 7 27 4 25 28 3 17 18 23 32 8 20 14 45 9 10 41 43 49 13 38 24 
student 335: 47 34 8 5 20 32 2 13 19 43 40 48 37 49 42 3 18 33 23 29 31 6 45 39 14 36 25 35 7 27 4 26 28 1 17 16 21 30 10 22 12 44 9 15 41 46 50 11 38 24 
student 336: 46 34 11 5 24 32 6 9 19 43 40 48 33 49 41 2 20 37 28 29 31 4 45 42 12 35 22 36 7 25 3 27 30 1 16 17 18 26 10 23 15 47 8 13 39 44 50 14 38 21 
student 337: 49 33 12 5 22 34 2 14 17 45 40 50 31 46 44 3 20 35 25 30 32 6 47 37 15 38 26 39 7 27 4 24 29 1 13 18 19 28 8 21 16 43 9 11 41 42 48 10 36 23 
student 338: 50 32 11 4 20 34 1 12 17 42 40 45 35 48 44 2 19 33 25 28 31 7 47 39 13 36 24 37 5 27 6 22 29 3 14 15 21 30 9 26 18 46 10 8 41 43 49 16 38 23 
student 339: 47 30 12 5 20 33 4 17 25 43 40 45 34 50 41 3 18 35 26 28 32 6 48 42 14 39 22 38 7 24 1 23 29 2 15 16 27 31 8 19 9 46 11 13 37 44 49 10 36 21 
student 340: 46 33 10 5 21 35 1 12 20 43 40 48 34 49 42 3 18 36 26 28 31 7 47 38 16 37 23 32 6 27 4 25 29 2 15 14 22 30 9 19 17 45 8 11 41 44 50 13 39 24 
student 341: 47 31 10 1 22 34 3 8 19 43 41 49 33 48 42 2 17 35 24 32 30 7 46 40 14 39 27 36 5 23 4 25 28 6 16 18 21 29 12 20 15 45 9 11 38 44 50 13 37 26 
student 342: 49 31 9 6 21 33 3 10 17 45 38 47 36 50 41 2 16 34 26 28 32 5 46 39 19 35 25 37 7 27 4 23 30 1 14 15 24 29 8 20 18 44 11 12 40 43 48 13 42 22 
student 343: 48 29 10 4 19 34 2 11 20 43 40 47 33 49 39 3 18 35 26 31 32 5 46 44 15 36 24 38 7 25 6 28 27 1 16 17 22 30 9 21 14 42 8 12 41 45 50 13 37 23 
student 344: 48 32 9 7 22 34 3 15 18 38 39 47 30 50 42 2 17 35 27 29 28 5 45 41 16 37 23 36 6 25 4 26 31 1 13 19 21 33 8 20 10 44 11 12 46 43 49 14 40 24 
student 345: 46 33 11 4 21 34 1 12 18 42 39 49 29 50 36 2 17 35 28 26 32 6 48 43 14 37 22 38 7 27 3 23 30 5 19 16 24 31 8 20 15 45 9 10 40 44 47 13 41 25 
student 346: 49 32 7 6 20 31 3 14 21 41 38 47 34 48 40 1 19 36 26 28 29 10 46 39 17 35 23 42 5 24 4 25 30 2 12 16 22 33 9 18 15 45 13 8 43 44 50 11 37 27 
student 347: 47 32 9 5 21 34 2 11 18 45 40 48 33 49 39 3 20 35 25 28 30 6 43 42 13 36 26 37 7 27 4 24 29 1 16 15 23 31 8 19 17 44 10 12 41 46 50 14 38 22 
student 348: 46 30 11 6 22 33 1 12 19 43 39 48 34 49 40 3 21 35 27 31 28 7 47 41 18 38 24 37 8 29 5 23 26 2 15 17 16 32 4 20 14 44 9 10 42 45 50 13 36 25 
student 349: 47 32 10 3 21 33 1 12 22 43 39 49 31 48 41 5 19 34 25 29 27 8 45 40 15 36 28 37 6 26 2 24 30 4 18 16 20 35 7 17 13 46 9 11 42 44 50 14 38 23 
student 350: 48 35 10 5 23 33 3 12 19 40 39 46 36 49 43 2 17 32 27 31 29 8 45 41 13 34 26 37 6 25 4 24 30 1 16 18 21 28 7 20 14 47 11 9 42 44 50 15 38 22 
student 351: 48 32 10 5 20 34 1 14 21 41 39 46 33 50 43 4 18 35 26 31 30 6 47 40 12 37 24 36 8 29 2 28 25 3 17 16 22 27 7 19 15 45 9 11 42 44 49 13 38 23 
student 352: 47 33 12 7 21 34 2 11 18 43 39 49 27 50 42 3 14 36 28 29 32 10 46 40 15 37 23 38 6 26 5 24 30 1 17 19 22 31 8 20 13 45 4 9 41 44 48 16 35 25 
student 353: 47 31 7 6 23 33 4 11 15 46 39 49 36 48 42 1 17 38 19 28 32 8 45 40 14 37 25 34 5 27 3 26 29 2 20 18 21 30 9 22 16 44 10 12 41 43 50 13 35 24 
student 354: 46 32 10 5 15 33 1 14 20 48 36 47 35 49 45 2 17 37 26 28 34 7 44 38 16 39 25 40 9 27 4 24 30 3 18 19 22 29 6 21 13 43 8 11 42 41 50 12 31 23 
student 355: 45 34 10 4 22 31 1 12 19 44 40 49 35 48 42 5 15 36 27 28 32 6 47 38 14 33 21 37 7 24 3 26 30 2 18 17 23 29 8 20 13 46 9 11 41 43 50 16 39 25 
student 356: 46 35 9 5 21 32 1 12 19 43 40 48 34 49 42 2 16 37 27 28 30 6 47 39 15 33 24 36 7 23 4 29 25 3 18 17 26 31 11 22 14 45 8 10 41 44 50 13 38 20 
student 357: 50 31 11 6 30 33 1 10 18 44 40 48 34 47 42 3 19 35 25 28 29 5 46 38 14 39 24 36 8 26 4 23 32 2 15 17 21 27 7 20 16 45 9 12 43 41 49 13 37 22 
student 358: 47 31 11 4 20 34 2 16 19 46 36 48 32 49 43 5 17 35 28 27 30 6 45 40 12 37 23 38 7 26 3 25 29 1 14 18 24 33 8 21 13 41 9 15 42 44 50 10 39 22 
student 359: 44 32 11 5 22 33 2 12 19 43 40 45 36 48 42 4 17 34 24 26 31 7 47 39 18 37 27 35 9 28 3 21 29 1 15 16 20 30 6 23 13 46 8 10 41 50 49 14 38 25 
student 360: 48 33 10 5 19 35 3 14 18 43 38 47 31 49 41 1 20 34 26 28 32 8 44 39 13 36 25 37 4 23 7 27 30 2 16 17 22 29 6 21 15 46 9 12 40 45 50 11 42 24 
student 361: 48 31 10 5 22 32 3 11 18 43 42 50 36 46 40 1 21 35 29 28 30 7 45 44 17 33 27 37 8 23 2 25 24 4 16 19 15 34 6 20 14 47 9 12 39 41 49 13 38 26 
student 362: 47 34 11 4 21 32 1 10 18 44 40 49 36 50 43 2 16 35 29 27 31 7 45 39 15 33 25 37 6 26 3 22 28 5 17 19 23 30 8 20 12 46 9 14 41 42 48 13 38 24 
student 363: 49 27 10 3 24 34 1 13 19 42 31 48 35 47 43 5 18 39 26 32 30 4 46 40 16 37 25 38 8 28 2 23 33 6 15 17 21 29 7 22 12 44 9 11 41 45 50 14 36 20 
student 364: 47 31 11 3 23 32 5 14 20 43 40 48 34 50 42 2 16 36 25 29 33 6 46 37 13 38 27 35 4 26 8 22 28 1 15 18 19 30 9 21 12 44 7 10 41 45 49 17 39 24 
student 365: 42 30 9 4 24 34 1 12 20 41 43 48 33 50 44 3 18 32 26 29 35 6 46 39 16 37 25 36 7 27 5 23 28 2 17 15 21 31 8 19 14 47 10 11 40 45 49 13 38 22 
student 366: 46 35 9 5 21 32 2 12 19 43 37 49 34 50 42 4 18 31 26 29 33 6 45 41 16 36 22 38 7 25 3 24 28 1 15 17 23 30 8 20 13 48 10 11 39 44 47 14 40 27 
student 367: 45 32 10 6 22 33 1 12 19 43 38 48 35 49 40 4 16 36 25 27 30 8 46 41 13 34 28 37 5 26 3 24 31 2 15 18 21 29 9 20 17 47 7 11 42 44 50 14 39 23 
student 368: 48 31 9 5 21 35 2 12 18 42 37 46 33 49 40 3 11 34 25 29 30 8 50 41 17 36 24 39 6 26 4 23 27 1 19 22 20 28 10 14 13 45 16 7 43 44 47 15 38 32 
student 369: 47 36 10 4 21 31 1 11 19 41 39 48 32 50 43 3 17 35 25 26 34 8 45 33 15 37 24 38 7 29 6 23 30 2 18 16 27 28 5 22 14 46 9 12 40 44 49 13 42 20 
student 370: 49 32 7 4 25 31 3 13 17 44 36 47 34 50 42 2 22 35 21 30 33 5 46 40 15 38 27 37 8 24 6 29 28 1 19 16 23 26 9 20 11 45 10 12 41 43 48 14 39 18 
student 371: 47 32 12 6 21 35 1 13 19 44 39 48 33 50 42 3 17 36 26 29 31 5 46 40 14 34 24 37 7 28 4 25 27 2 16 18 22 30 9 20 15 45 11 10 41 43 49 8 38 23 
student 372: 46 31 11 5 22 32 2 10 20 44 40 48 33 49 43 1 16 34 29 25 35 6 42 38 15 36 27 37 7 26 4 24 28 3 18 19 21 30 9 17 14 47 8 12 41 45 50 13 39 23 
student 373: 48 32 11 3 22 33 2 10 20 41 39 50 36 47 42 1 16 35 27 28 31 5 46 43 14 34 26 37 8 25 6 24 29 4 15 18 23 30 7 19 17 45 9 12 40 44 49 13 38 21 
student 374: 46 32 11 5 19 33 1 16 22 43 39 49 37 47 42 3 20 34 25 29 31 6 48 41 14 35 21 36 8 28 4 24 27 2 13 17 23 30 7 18 9 45 10 12 40 44 50 15 38 26 
student 375: 49 37 7 4 21 31 1 13 20 44 34 45 33 47 39 5 16 35 26 29 27 10 46 38 18 40 24 43 11 28 3 23 32 2 19 14 22 30 8 17 15 42 6 12 41 48 50 9 36 25 
student 376: 45 34 9 6 15 29 1 12 22 47 39 50 37 48 46 4 20 31 25 32 33 5 40 41 17 35 26 36 8 27 2 24 28 3 13 18 23 30 7 21 16 44 10 11 43 42 49 14 38 19 
student 377: 45 32 10 6 20 33 1 12 19 42 38 50 35 49 43 2 15 36 29 27 31 5 47 39 14 34 25 41 8 26 3 24 28 4 18 16 21 30 7 22 13 44 9 11 40 46 48 17 37 23 
student 378: 47 30 11 6 20 32 2 12 17 44 39 49 34 48 40 4 21 35 26 29 28 5 45 41 14 36 23 38 8 25 3 27 31 1 16 24 19 33 10 18 13 46 9 7 42 43 50 15 37 22 
student 379: 48 32 10 6 19 33 4 17 18 38 37 50 34 49 44 3 16 35 27 26 31 5 47 41 20 36 25 40 7 30 2 24 29 1 14 15 21 28 8 22 12 43 9 13 42 45 46 11 39 23 
student 380: 47 34 11 2 20 33 3 6 19 43 41 49 32 46 42 1 21 35 25 28 31 9 48 37 16 38 27 36 7 29 5 24 26 4 18 17 22 30 8 13 12 44 10 15 40 45 50 14 39 23 
student 381: 46 31 9 5 19 33 3 14 21 38 44 48 32 50 42 4 18 35 26 27 34 7 47 41 17 36 25 37 6 29 2 24 28 1 15 16 22 30 10 20 13 43 8 11 40 45 49 12 39 23 
student 382: 47 32 8 5 21 34 1 16 19 43 39 48 33 50 41 3 18 35 26 29 30 7 46 42 12 36 23 38 6 27 4 25 28 2 17 15 24 31 11 20 13 40 9 14 45 44 49 10 37 22 
student 383: 46 31 9 4 19 32 1 14 20 43 37 49 33 47 42 5 18 35 28 29 30 6 48 41 13 36 27 39 8 25 3 24 38 2 15 17 22 26 7 21 16 45 11 10 40 44 50 12 34 23 
student 384: 47 36 10 5 18 33 4 11 21 41 37 49 35 50 43 3 19 34 28 30 31 6 45 40 16 32 26 38 9 27 2 23 29 1 15 17 20 25 7 22 14 46 8 12 39 44 48 13 42 24 
student 385: 47 33 10 4 21 35 5 12 13 43 42 48 32 50 40 2 20 36 28 24 30 3 46 38 18 34 23 37 7 26 6 27 29 1 16 19 22 31 9 17 14 45 8 11 41 44 49 15 39 25 
student 386: 46 31 8 4 20 33 1 12 18 45 40 48 34 49 41 6 16 35 21 25 32 7 43 39 14 36 27 38 9 28 2 26 29 3 23 15 22 30 5 19 17 47 10 11 42 44 50 13 37 24 
student 387: 47 32 11 2 23 38 1 12 22 44 37 48 33 49 41 4 18 35 25 30 29 6 45 40 15 36 20 34 10 27 5 26 31 3 17 16 21 28 8 19 14 43 9 7 42 46 50 13 39 24 
student 388: 46 32 13 5 20 33 1 9 19 42 41 48 34 50 40 2 18 37 26 28 31 4 44 38 15 39 25 36 8 27 6 24 29 3 17 16 22 30 11 21 12 47 7 10 43 45 49 14 35 23 
student 389: 49 32 10 6 27 35 2 12 18 44 39 45 33 50 43 3 16 40 30 28 31 4 47 42 15 34 26 37 8 24 5 25 23 1 17 19 22 29 7 21 14 41 9 11 36 46 48 13 38 20 
student 390: 48 34 11 4 22 32 5 8 21 42 40 45 33 50 43 3 19 37 26 28 30 1 46 36 15 35 25 38 2 27 6 24 31 7 16 17 20 29 10 18 12 47 13 14 41 44 49 9 39 23 
student 391: 49 30 10 3 20 33 2 12 22 43 38 48 37 45 42 4 18 36 28 26 31 7 47 39 15 35 27 41 5 25 6 23 29 1 13 17 24 32 9 19 16 46 8 11 40 44 50 14 34 21 
student 392: 47 33 9 4 23 34 1 11 17 42 40 49 35 48 43 7 15 32 30 28 29 5 45 39 14 36 25 38 6 26 2 24 27 3 16 18 21 31 8 20 19 44 12 10 41 46 50 13 37 22 
student 393: 46 30 12 5 20 33 2 15 18 42 40 49 36 47 43 1 17 35 26 31 32 6 45 41 19 38 27 34 7 24 4 25 28 3 14 13 21 29 8 22 16 48 9 10 37 44 50 11 39 23 
student 394: 48 32 11 5 22 33 1 12 19 44 36 47 34 49 42 3 18 35 30 26 28 7 45 40 13 38 24 37 6 27 4 25 29 2 16 17 23 31 10 21 15 46 8 9 41 43 50 14 39 20 
student 395: 48 31 9 5 21 32 3 11 19 41 36 46 33 47 43 1 18 35 24 29 30 7 45 40 15 39 26 37 8 27 2 25 28 4 17 16 22 34 10 20 14 49 6 13 42 44 50 12 38 23 
student 396: 46 33 11 6 21 31 2 13 22 43 42 47 34 49 38 1 17 35 28 24 32 4 50 41 12 39 27 37 7 29 5 25 26 3 19 14 20 30 9 18 16 45 8 10 36 44 48 15 40 23 
student 397: 46 34 12 6 20 33 1 14 19 45 43 50 35 47 41 2 18 36 26 27 31 3 44 39 13 37 25 38 7 28 5 24 30 4 11 16 21 29 8 23 17 48 9 10 40 42 49 15 32 22 
student 398: 49 33 8 6 21 34 1 13 18 44 37 46 35 47 39 4 16 38 26 28 31 7 48 45 12 32 25 36 10 27 3 23 29 2 20 17 24 30 5 19 15 43 9 11 41 40 50 14 42 22 
student 399: 47 31 10 3 21 35 1 9 20 42 36 48 39 49 38 4 17 32 26 27 33 5 46 44 12 34 24 37 13 28 7 23 29 2 19 15 22 30 8 18 14 43 6 11 41 45 50 16 40 25 
student 400: 46 36 8 5 19 31 3 10 18 45 40 47 34 49 39 2 17 35 26 27 32 6 48 41 16 33 25 37 11 29 7 24 28 1 15 22 23 30 4 20 14 43 12 9 42 44 50 13 38 21 
student 401: 47 33 12 3 20 32 1 15 21 45 38 46 34 50 36 4 19 35 26 29 31 6 48 41 10 37 25 39 7 27 2 24 28 5 18 22 17 30 8 14 13 44 11 9 42 43 49 16 40 23 
student 402: 47 32 10 8 21 33 1 12 18 41 39 49 37 50 43 3 16 34 28 27 31 6 46 40 15 38 26 36 4 23 5 25 29 2 17 19 22 30 7 20 13 48 9 11 42 45 44 14 35 24 
student 403: 48 32 13 8 20 33 1 10 19 44 34 49 36 47 42 4 18 35 27 22 29 5 46 38 14 37 26 40 7 28 3 25 30 2 15 16 23 31 6 21 12 45 9 11 39 43 50 17 41 24 
student 404: 48 31 5 4 23 34 1 13 18 41 38 47 35 49 44 3 20 37 25 29 30 7 46 40 15 36 24 33 8 28 6 26 27 2 17 16 21 32 10 19 11 45 9 12 39 43 50 14 42 22 
student 405: 47 29 9 2 19 32 3 11 20 41 39 49 36 48 43 1 18 34 26 27 33 7 46 40 15 35 25 37 5 28 6 24 30 4 17 16 22 31 8 21 14 45 12 10 42 44 50 13 38 23 
student 406: 44 32 9 5 21 33 3 12 19 42 40 47 34 48 41 2 20 36 25 28 31 7 49 38 14 35 26 37 10 27 4 22 29 1 17 15 24 30 8 18 16 45 6 11 46 43 50 13 39 23 
student 407: 46 32 11 8 23 33 1 13 19 42 41 48 36 49 38 4 17 35 27 28 29 5 47 43 15 37 25 39 6 24 3 26 30 2 18 16 21 31 7 20 14 44 9 12 34 45 50 10 40 22 
student 408: 47 33 10 3 20 34 2 14 17 43 39 49 35 48 42 5 18 36 25 29 31 6 44 40 13 37 26 32 8 27 4 23 30 1 15 16 24 28 7 21 19 46 11 9 41 45 50 12 38 22 
student 409: 49 32 12 8 21 33 2 13 19 41 30 50 39 47 44 4 18 34 25 29 35 5 46 43 15 36 23 38 7 26 1 20 28 3 17 16 24 31 10 22 6 42 9 11 40 45 48 14 37 27 
student 410: 45 30 12 2 22 36 3 9 19 43 38 48 34 47 40 4 17 35 26 24 27 6 49 41 18 32 28 37 7 29 5 25 31 1 16 15 21 33 8 20 14 46 10 13 42 44 50 11 39 23 
student 411: 49 32 9 4 21 34 1 11 20 43 39 47 33 50 42 5 18 36 27 28 31 10 46 40 16 35 19 37 6 25 3 24 29 2 15 17 22 30 7 23 14 44 8 12 41 45 48 13 38 26 
student 412: 47 31 7 6 21 33 2 14 19 42 37 48 34 50 39 1 18 35 24 26 32 5 45 38 16 40 23 41 9 30 3 27 29 4 17 10 22 28 8 20 15 44 12 13 43 46 49 11 36 25 
student 413: 46 33 9 4 21 31 1 11 20 43 41 47 34 48 44 5 17 35 27 28 29 6 45 40 16 36 23 37 7 26 3 24 30 2 15 18 22 32 10 19 14 39 8 12 42 49 50 13 38 25 
student 414: 47 31 11 7 18 32 2 13 19 42 39 48 34 50 44 6 21 36 26 29 30 9 49 40 15 37 25 38 3 28 5 20 27 1 23 16 22 33 4 17 14 46 8 10 43 41 45 12 35 24 
student 415: 47 35 9 5 20 33 3 12 22 39 43 48 32 50 45 1 17 41 27 29 31 6 49 38 16 34 24 37 7 26 4 25 28 2 15 18 21 30 10 19 14 46 8 11 36 44 42 13 40 23 
student 416: 48 32 10 4 22 33 1 13 19 42 39 50 34 47 43 3 18 36 27 26 31 7 46 41 15 37 23 35 6 28 5 25 29 2 16 17 21 30 8 20 14 45 9 12 40 44 49 11 38 24 
student 417: 46 32 9 4 21 34 2 12 18 44 38 47 33 48 41 3 19 35 25 27 31 6 45 40 14 39 26 37 7 28 5 24 29 1 15 16 22 30 11 20 13 49 10 8 43 42 50 17 36 23 
student 418: 46 32 9 6 24 33 2 12 21 43 38 49 34 48 41 5 18 35 22 29 31 4 47 39 16 36 28 37 8 26 3 23 30 1 17 14 19 27 7 20 15 45 10 11 42 44 50 13 40 25 
student 419: 45 30 9 4 20 33 1 12 21 44 39 50 34 48 41 2 16 35 26 32 31 6 47 40 18 36 25 37 7 29 5 22 27 3 15 17 23 28 8 19 14 46 10 11 43 42 49 13 38 24 
student 420: 47 33 9 6 20 35 1 13 19 43 39 48 36 50 42 4 15 31 27 28 29 8 46 40 17 37 25 34 2 26 5 24 30 3 18 14 22 32 7 23 16 44 10 11 41 45 49 12 38 21 
student 421: 47 29 8 6 22 31 2 12 18 44 35 46 38 50 41 3 17 34 24 33 28 4 49 40 15 36 27 37 7 30 5 26 23 1 16 19 25 32 10 20 13 45 9 11 42 43 48 14 39 21 
student 422: 46 34 11 5 23 32 1 12 14 44 40 48 33 49 39 3 20 35 26 28 31 6 47 42 15 36 27 38 9 24 4 25 29 2 18 19 17 30 7 21 13 41 8 16 43 45 50 10 37 22 
student 423: 46 33 11 4 22 35 1 12 16 44 39 47 32 50 43 2 19 36 26 28 31 6 48 41 17 38 25 34 8 30 3 24 27 5 18 15 23 29 7 20 14 45 9 10 40 42 49 13 37 21 
student 424: 48 29 10 5 22 32 1 13 19 43 39 49 30 50 44 2 20 34 26 28 37 7 46 40 14 35 24 38 6 27 3 25 33 4 16 17 21 31 8 18 15 45 9 11 42 41 47 12 36 23 
student 425: 45 34 7 6 19 29 1 10 16 43 39 48 35 49 42 3 20 36 25 27 31 5 47 40 17 37 26 33 8 28 4 24 32 2 18 15 22 30 9 21 14 44 11 13 41 46 50 12 38 23 
student 426: 43 32 6 7 21 33 1 11 18 44 38 49 35 50 42 2 19 34 26 27 31 9 47 41 15 36 24 40 8 28 4 23 29 3 16 17 22 30 10 20 14 45 5 12 39 46 48 13 37 25 
student 427: 47 32 13 7 22 33 1 11 20 40 37 49 35 48 41 2 18 34 29 27 31 6 46 42 15 38 24 36 8 26 4 25 28 3 16 17 19 30 9 21 12 44 5 10 43 45 50 14 39 23 
student 428: 45 33 7 3 21 34 2 13 17 43 39 49 32 50 42 1 19 36 25 28 31 9 46 40 11 35 26 37 8 27 4 24 29 6 15 16 22 30 5 20 14 47 10 18 41 44 48 12 38 23 
student 429: 48 32 11 1 24 33 5 13 20 43 37 50 34 49 41 2 18 38 25 30 29 4 46 42 16 36 26 39 7 27 6 22 28 3 15 17 21 31 8 19 12 44 9 10 40 45 47 14 35 23 
student 430: 48 32 7 2 21 34 1 14 19 42 40 49 33 50 37 4 18 35 27 29 30 12 47 43 15 39 25 36 8 26 5 23 31 3 16 17 22 28 6 20 13 45 10 9 38 44 46 11 41 24 
student 431: 46 31 9 6 21 33 5 12 20 43 39 48 34 49 42 2 19 36 26 27 32 7 47 40 16 38 25 35 8 28 3 24 29 1 18 14 22 30 4 17 13 44 11 10 41 45 50 15 37 23 
student 432: 46 31 11 3 21 33 1 14 19 43 38 50 34 44 42 6 16 32 26 30 28 5 45 39 15 36 25 37 7 27 2 24 29 4 18 20 23 35 8 17 10 48 12 13 41 47 49 9 40 22 
student 433: 46 32 9 6 21 33 3 12 19 42 39 49 34 48 43 2 18 35 27 29 26 5 45 40 15 37 24 36 11 28 4 23 31 1 16 17 25 30 8 20 14 47 7 10 41 44 50 13 38 22 
student 434: 45 33 10 6 21 32 1 12 19 46 34 48 36 49 40 4 18 38 27 25 31 3 47 42 13 35 26 39 7 30 2 24 29 5 16 17 22 28 8 20 15 43 9 11 44 41 50 14 37 23 
student 435: 49 32 10 5 18 36 1 12 20 42 34 47 35 48 44 4 19 37 27 29 26 6 46 38 15 41 24 33 7 28 3 25 30 2 16 17 21 31 8 22 14 45 11 9 40 43 50 13 39 23 
student 436: 48 31 10 7 21 30 1 11 18 44 38 46 36 49 45 3 17 33 26 27 34 4 47 42 16 35 24 37 6 28 5 25 29 2 14 19 22 32 8 20 15 41 9 13 43 40 50 12 39 23 
student 437: 47 36 10 6 19 32 2 12 16 44 42 48 34 50 43 3 21 33 26 28 30 7 46 40 15 35 25 37 4 27 5 24 29 1 18 17 22 31 9 20 13 45 8 14 41 38 49 11 39 23 
student 438: 44 33 12 5 22 31 2 13 19 47 39 49 34 50 40 3 15 35 28 32 26 7 46 42 16 37 27 36 6 24 4 25 29 1 18 17 23 30 8 21 14 48 9 10 41 43 45 11 38 20 
student 439: 46 31 10 5 22 33 2 8 20 39 37 49 34 48 41 4 19 35 27 26 30 11 47 38 14 43 25 36 6 28 1 23 29 3 16 17 18 32 7 21 15 44 9 12 40 45 50 13 42 24 
student 440: 46 32 12 5 22 33 1 11 19 43 39 49 34 50 42 4 20 35 26 29 31 7 47 40 16 37 25 36 6 27 2 24 30 3 17 15 21 28 8 18 14 45 9 10 41 44 48 13 38 23 
student 441: 48 31 9 5 22 33 2 12 20 43 40 47 34 49 42 1 17 35 21 27 32 6 46 38 16 36 23 39 8 30 3 26 28 4 19 15 24 29 7 18 14 45 10 11 41 44 50 13 37 25 
student 442: 49 31 9 4 22 33 1 10 20 44 43 46 34 48 40 3 19 36 28 30 29 6 47 38 15 35 25 37 7 26 5 23 32 2 18 16 24 27 11 17 14 41 8 13 45 42 50 12 39 21 
student 443: 47 32 12 5 25 33 1 10 19 45 40 48 35 49 42 3 18 36 24 27 31 6 43 39 16 34 23 37 7 28 4 26 29 2 14 17 21 30 9 20 13 46 8 11 41 44 50 15 38 22 
student 444: 47 32 12 6 22 31 2 14 16 41 39 48 33 49 43 4 19 35 26 28 34 8 46 40 13 36 25 37 9 24 3 27 29 1 18 17 21 30 5 20 10 45 11 15 42 44 50 7 38 23 
student 445: 48 31 10 4 21 35 1 13 19 45 38 47 34 49 42 9 20 36 22 27 32 6 44 43 15 33 28 39 5 26 3 25 29 2 17 18 23 30 7 16 14 46 8 11 40 41 50 12 37 24 
student 446: 44 33 10 6 20 34 1 12 22 43 39 49 35 47 42 3 19 31 25 29 32 9 48 40 15 37 26 36 7 27 4 23 28 2 16 17 24 30 5 18 14 46 8 11 41 45 50 13 38 21 
student 447: 47 33 15 6 20 29 1 13 18 43 37 48 34 49 41 4 21 35 25 31 32 5 46 40 14 36 27 38 7 28 2 26 30 3 16 17 22 23 8 19 12 44 10 9 42 45 50 11 39 24 
student 448: 48 31 10 4 22 30 1 12 19 43 38 49 33 47 42 3 14 37 25 28 32 5 45 40 18 35 27 39 7 26 6 24 34 2 17 15 23 29 9 20 16 44 8 11 41 46 50 13 36 21 
student 449: 47 35 11 5 21 34 2 13 18 43 38 50 32 48 42 3 19 33 27 29 31 4 46 40 14 39 22 36 9 28 12 25 26 1 16 17 23 30 6 20 15 45 8 10 41 44 49 7 37 24 
student 450: 47 30 11 7 21 34 1 12 20 44 37 49 33 50 43 4 19 35 25 31 32 9 45 41 16 36 24 40 3 26 5 27 28 2 17 15 22 29 10 18 14 46 6 8 39 42 48 13 38 23 
student 451: 48 33 10 7 21 32 1 11 17 44 38 49 34 50 41 5 19 35 24 29 31 8 46 42 15 36 27 39 4 28 2 25 26 3 16 18 23 30 6 20 14 45 9 12 40 43 47 13 37 22 
student 452: 47 28 10 6 18 33 3 12 21 44 39 49 34 50 43 4 15 38 26 30 32 2 46 41 14 35 27 36 7 29 5 25 24 1 17 19 22 31 8 20 16 45 9 11 40 42 48 13 37 23 
student 453: 48 29 10 3 20 33 2 12 18 43 41 47 34 49 42 4 14 35 26 28 32 6 50 37 17 36 27 39 7 22 5 24 30 1 21 15 23 31 8 19 13 45 11 9 40 44 46 16 38 25 
student 454: 46 34 9 5 23 31 1 12 18 43 37 48 33 50 42 3 21 35 28 27 32 4 47 38 15 36 25 39 7 26 6 22 30 2 16 17 20 29 8 19 13 45 10 11 41 44 49 14 40 24 
student 455: 48 31 13 5 19 32 1 14 22 43 37 49 34 47 46 3 18 36 25 28 33 7 45 40 12 35 23 38 6 27 4 26 30 2 16 17 24 29 8 20 15 44 11 9 41 42 50 10 39 21 
student 456: 48 32 12 4 22 33 2 13 25 47 40 46 34 49 43 6 14 35 28 27 31 5 44 39 16 37 26 36 7 24 3 21 29 1 17 19 23 30 10 20 15 41 8 9 42 45 50 11 38 18 
student 457: 47 32 8 5 22 33 3 12 19 43 41 48 34 49 39 4 18 35 26 30 29 6 45 42 17 36 24 37 7 27 2 23 28 1 16 14 20 31 10 21 13 46 9 11 40 44 50 15 38 25 
student 458: 47 33 10 3 22 32 1 11 19 42 39 48 34 49 43 5 18 35 25 31 29 4 46 41 15 36 26 38 7 27 6 21 28 2 16 17 23 30 8 20 13 44 9 14 40 45 50 12 37 24 
student 459: 46 29 9 6 23 34 2 12 20 49 38 48 32 50 43 3 18 35 28 25 33 5 45 39 17 40 26 36 8 27 4 24 30 1 14 15 22 31 7 21 16 42 10 11 41 44 47 13 37 19 
student 460: 44 31 8 6 24 34 2 12 20 43 38 48 36 49 40 3 18 33 25 30 28 10 46 39 15 37 27 35 5 29 4 23 26 1 16 17 21 32 7 19 14 45 9 11 41 47 50 13 42 22 
student 461: 47 34 10 5 21 31 1 12 18 42 38 48 35 49 44 3 19 33 27 26 32 6 45 41 15 36 24 37 8 28 2 25 29 4 17 16 22 30 7 20 14 43 9 13 39 46 50 11 40 23 
student 462: 48 33 6 2 19 35 3 11 18 44 39 49 31 47 41 4 17 34 23 25 32 7 46 40 15 37 29 36 9 26 5 27 30 1 20 14 22 28 12 21 16 45 8 10 42 43 50 13 38 24 
student 463: 47 32 8 5 21 34 3 12 17 42 39 50 36 48 44 1 16 33 24 28 31 9 45 38 14 37 23 35 7 27 4 26 30 2 19 18 22 29 6 20 15 46 10 11 40 43 49 13 41 25 
student 464: 45 33 9 4 21 32 1 13 19 43 39 50 34 48 42 6 17 38 25 26 31 5 46 40 15 35 27 36 7 30 2 23 28 3 16 18 22 29 8 20 10 44 11 12 41 47 49 14 37 24 
student 465: 48 31 10 5 22 34 2 12 21 42 43 45 32 49 41 3 18 37 27 28 33 6 44 40 16 36 23 35 7 25 4 26 30 1 13 19 20 29 9 15 17 46 11 8 39 47 50 14 38 24 
student 466: 48 32 9 4 21 35 2 13 19 40 38 49 31 50 43 3 18 36 28 27 26 6 46 41 14 39 25 33 8 30 5 24 34 1 16 17 22 29 7 20 15 45 10 11 44 42 47 12 37 23 
student 467: 44 32 10 1 22 33 2 13 18 43 39 49 35 48 41 3 17 34 25 29 31 5 46 40 15 36 24 38 6 27 4 26 28 9 16 19 21 30 7 20 14 47 8 11 42 45 50 12 37 23 
student 468: 48 30 10 6 19 33 1 14 22 45 37 46 34 49 42 3 13 35 24 27 32 9 47 40 15 36 23 38 5 28 4 21 29 2 17 20 25 31 7 18 11 44 8 12 41 43 50 16 39 26 
student 469: 47 33 9 4 18 31 1 12 21 44 39 48 35 49 41 3 19 36 26 28 32 5 46 43 16 37 24 38 8 27 6 23 29 2 14 17 20 30 7 22 15 42 10 11 40 45 50 13 34 25 
student 470: 48 30 8 7 22 32 2 13 19 45 40 49 35 50 37 5 14 33 24 36 29 4 44 41 17 34 21 38 6 26 3 27 28 1 16 18 25 31 9 23 15 47 10 12 43 42 46 11 39 20 
student 471: 48 32 15 4 21 33 2 11 17 43 36 49 34 47 41 5 19 37 28 27 31 6 46 40 12 35 25 38 7 26 1 23 29 3 18 16 22 30 9 20 14 45 13 10 42 44 50 8 39 24 
student 472: 48 32 11 5 18 33 1 10 20 46 39 50 34 47 43 2 19 35 25 29 31 4 45 41 16 36 26 38 7 27 6 24 28 3 17 15 23 30 8 21 14 44 9 13 40 42 49 12 37 22 
student 473: 48 33 10 6 20 32 2 11 19 39 38 46 35 50 44 3 22 36 25 29 31 7 49 41 12 37 26 40 9 27 4 23 28 1 15 17 21 30 5 18 16 43 8 13 42 45 47 14 34 24 
student 474: 49 32 11 1 20 34 3 10 18 45 36 48 35 47 41 2 25 33 26 28 31 4 46 40 15 37 23 38 9 27 6 24 30 5 16 17 21 29 7 19 14 44 8 12 42 43 50 13 39 22 
student 475: 49 32 8 6 22 30 1 17 19 40 39 47 35 48 42 3 16 33 24 28 31 5 44 41 14 37 26 38 7 29 4 25 27 2 13 15 20 34 9 21 18 43 11 10 45 46 50 12 36 23 
student 476: 47 32 9 4 21 33 1 12 20 44 39 50 34 48 42 3 16 36 26 28 31 8 45 40 13 35 24 38 5 27 6 25 29 2 18 15 22 30 7 19 17 46 10 11 41 43 49 14 37 23 
student 477: 44 34 7 6 22 35 5 15 20 43 38 47 30 49 41 2 19 32 23 24 33 4 46 42 16 37 28 36 3 27 8 26 31 1 11 17 18 29 9 25 13 48 12 14 39 45 50 10 40 21 
student 478: 46 26 10 5 21 36 1 13 20 44 39 47 32 49 43 4 18 33 28 31 35 7 48 40 17 34 25 37 6 29 3 23 30 2 15 14 24 27 8 19 16 45 9 12 41 42 50 11 38 22 
student 479: 47 34 11 4 21 31 1 12 18 43 40 48 41 49 37 3 20 32 25 27 30 6 45 39 16 38 26 35 7 28 5 24 29 2 17 15 19 33 8 23 14 46 10 9 42 44 50 13 36 22 
student 480: 47 32 10 5 21 33 1 12 18 45 39 49 34 48 40 3 16 35 26 30 31 6 46 41 15 38 25 36 13 27 4 22 28 2 17 19 23 29 7 20 14 43 8 11 42 44 50 9 37 24 
student 481: 47 32 10 6 21 34 1 12 20 40 38 45 36 50 42 5 18 33 25 27 31 4 46 43 15 35 28 39 9 29 3 24 26 2 17 16 22 30 8 19 14 48 7 11 41 44 49 13 37 23 
student 482: 47 30 10 4 20 35 2 16 18 41 39 48 36 49 42 6 19 37 25 26 27 7 45 40 14 31 29 34 8 28 3 23 32 1 15 17 24 33 5 21 13 43 9 11 44 46 50 12 38 22 
student 483: 48 30 10 6 20 32 1 13 21 43 40 49 34 50 42 3 18 35 25 28 31 7 45 38 15 37 27 39 9 26 4 24 33 2 16 17 22 29 8 19 14 47 5 12 41 44 46 11 36 23 
student 484: 48 34 12 4 20 32 1 11 21 43 42 47 33 49 44 3 19 36 27 24 29 5 46 40 15 35 26 37 6 28 8 25 30 2 18 16 22 31 9 17 14 41 10 13 38 45 50 7 39 23 
student 485: 47 32 12 4 21 33 2 11 19 43 41 49 34 45 42 5 16 36 26 28 31 6 46 38 17 37 25 39 9 30 1 24 27 3 15 20 23 29 8 18 13 48 7 14 40 44 50 10 35 22 
student 486: 47 32 10 5 23 35 2 12 21 42 38 49 34 50 43 1 17 36 27 28 31 4 45 39 13 33 22 37 8 26 6 25 29 3 15 16 20 30 7 19 18 46 9 11 41 44 48 14 40 24 
student 487: 48 31 11 6 20 29 1 12 18 40 39 47 34 49 43 3 21 37 27 30 33 5 46 41 13 35 26 38 8 25 4 22 28 2 10 17 23 32 7 19 16 44 9 14 42 45 50 15 36 24 
student 488: 48 33 7 4 22 31 1 11 21 44 40 45 37 49 43 3 18 34 23 26 30 5 47 41 16 35 28 39 8 29 2 27 25 6 17 19 20 32 9 14 13 46 10 15 42 38 50 12 36 24 
student 489: 46 32 10 5 22 33 1 12 18 42 38 47 35 50 43 3 19 31 24 28 34 6 48 40 14 36 27 37 7 26 4 23 29 2 16 17 21 30 8 20 15 45 9 11 41 44 49 13 39 25 
student 490: 50 29 12 6 19 35 3 11 18 43 40 47 36 48 42 1 16 33 24 31 30 5 46 41 14 34 25 39 8 26 4 27 28 2 15 17 21 32 7 22 20 45 10 9 37 44 49 13 38 23 
student 491: 47 33 10 5 20 32 2 13 16 43 39 48 34 49 42 3 17 37 24 29 31 7 46 40 19 36 21 35 6 27 4 26 30 1 15 18 22 28 8 23 12 45 9 14 41 44 50 11 38 25 
student 492: 45 34 10 5 22 30 1 12 19 40 43 49 35 48 41 4 17 36 24 28 33 7 47 42 14 31 29 37 8 25 3 26 27 2 18 16 21 32 6 20 13 46 9 11 38 44 50 15 39 23 
student 493: 48 32 13 6 21 33 1 9 16 44 39 47 34 49 42 2 14 35 27 28 30 3 46 41 19 36 26 40 12 25 5 24 29 4 15 18 22 31 8 20 17 43 7 10 38 45 50 11 37 23 
student 494: 46 32 10 7 21 33 1 12 19 44 38 49 34 50 42 2 17 35 27 26 28 5 47 40 14 39 25 36 8 29 6 24 31 3 15 16 23 30 4 20 11 45 9 18 41 43 48 13 37 22 
student 495: 48 32 8 5 20 33 1 13 19 42 39 45 34 49 44 3 15 36 25 30 29 6 47 40 17 35 26 37 7 28 4 24 31 2 11 18 23 27 10 21 14 46 12 9 43 41 50 16 38 22 
student 496: 46 32 11 5 22 33 3 12 16 42 39 50 34 47 48 2 20 37 27 29 31 7 44 36 15 35 26 38 6 28 1 24 25 4 17 18 19 30 8 21 14 45 9 10 40 43 49 13 41 23 
student 497: 49 31 10 6 22 32 3 14 19 42 40 47 34 50 41 2 17 37 26 29 30 8 44 33 15 36 25 38 9 28 4 23 27 1 16 20 21 35 5 18 12 45 7 13 46 43 48 11 39 24 
student 498: 47 34 11 8 20 31 2 12 22 43 41 48 36 49 39 1 18 35 26 32 28 7 46 40 15 33 25 37 6 27 5 23 30 3 16 17 21 29 4 19 13 45 9 10 44 42 50 14 38 24 
student 499: 47 30 11 7 21 32 1 12 20 44 39 48 34 49 38 2 19 35 27 28 33 4 45 41 15 40 25 36 5 26 10 24 29 3 16 17 22 31 6 23 14 46 8 13 43 42 50 9 37 18 
