student 0: 9 47 1 36 21 31 6 41 39 7 48 16 25 28 29 50 11 42 8 45 20 27 2 49 37 44 15 33 24 3 30 43 38 35 14 34 46 17 12 26 19 32 23 10 40 13 22 4 18 5 
student 1: 12 47 2 36 23 34 3 42 41 9 48 16 22 30 27 50 14 39 8 43 20 26 5 49 38 45 13 33 28 1 31 44 35 37 15 32 46 17 11 25 18 29 24 10 40 7 19 4 21 6 
student 2: 10 45 2 36 21 31 5 43 42 3 49 15 27 30 26 50 14 37 8 41 22 29 6 48 39 47 13 35 25 1 32 44 34 38 16 33 46 17 9 23 18 28 20 12 40 11 19 4 24 7 
student 3: 8 47 2 31 23 32 5 45 40 13 48 12 29 30 27 50 14 38 9 42 24 26 3 49 39 44 17 33 22 1 34 43 37 35 16 36 46 18 11 21 19 28 25 10 41 7 15 4 20 6 
student 4: 11 47 2 37 21 30 6 42 40 12 46 15 23 29 28 50 13 38 8 43 20 25 4 49 39 44 14 34 22 1 32 41 35 36 19 33 48 17 10 27 16 31 26 9 45 7 18 3 24 5 
student 5: 9 42 3 38 20 32 7 44 40 8 50 14 27 30 26 49 12 33 10 45 19 28 6 46 39 48 15 36 25 1 31 41 37 35 16 34 47 18 11 24 17 29 23 13 43 5 22 4 21 2 
student 6: 9 43 6 37 21 32 7 42 40 4 48 10 27 29 26 49 16 36 11 44 18 28 2 50 41 46 17 34 25 3 31 45 35 38 14 33 47 15 13 24 19 30 23 12 39 5 20 1 22 8 
student 7: 10 43 2 40 23 31 5 37 36 8 48 19 28 32 24 49 13 39 9 44 18 27 3 50 41 46 14 35 26 1 30 45 34 38 16 33 47 15 12 21 17 29 25 11 42 7 20 4 22 6 
student 8: 6 46 1 36 25 31 4 44 41 8 47 15 23 29 28 50 13 37 10 42 18 24 3 48 39 45 14 33 22 2 32 43 35 38 16 34 49 17 12 30 19 27 26 11 40 9 20 5 21 7 
student 9: 9 47 1 36 19 31 4 44 42 8 48 15 26 27 29 49 13 39 11 45 21 28 6 50 37 43 12 35 25 2 30 41 33 40 17 34 46 16 14 23 18 32 22 10 38 5 20 3 24 7 
student 10: 8 49 2 36 21 31 7 42 41 6 48 16 28 26 24 50 14 38 10 43 20 29 5 47 39 44 13 32 27 1 34 45 33 37 18 35 46 15 12 23 17 30 22 11 40 9 19 4 25 3 
student 11: 10 46 4 37 21 33 5 41 40 8 47 15 25 31 27 50 13 38 9 42 20 29 2 49 39 44 14 32 23 3 30 43 36 48 16 34 45 17 11 26 18 28 22 12 35 7 19 1 24 6 
student 12: 10 48 3 36 21 32 4 41 39 7 47 14 27 29 26 50 18 38 9 43 17 28 6 49 40 45 15 31 25 1 33 44 34 37 11 35 46 16 13 24 19 30 23 8 42 5 20 2 22 12 
student 13: 7 47 2 36 21 32 6 41 40 8 48 14 28 30 26 50 12 37 9 42 20 29 3 49 39 46 15 34 25 1 27 43 35 38 16 33 45 17 10 22 18 31 24 13 44 11 19 4 23 5 
student 14: 11 49 2 33 19 32 5 42 39 8 46 16 27 29 23 50 13 40 12 44 21 28 4 48 38 47 15 35 26 1 31 45 36 37 18 34 43 14 9 24 17 30 25 10 41 7 20 3 22 6 
student 15: 8 49 2 35 22 36 6 42 40 10 47 15 27 28 26 48 13 38 9 44 19 29 4 50 39 46 14 30 23 1 33 45 32 37 20 34 43 16 12 25 17 31 24 11 41 5 18 3 21 7 
student 16: 9 47 3 39 21 35 6 41 40 8 48 15 24 30 28 50 18 37 10 42 19 25 2 49 38 45 13 32 23 1 31 43 34 33 16 36 46 17 12 27 20 29 26 11 44 7 14 5 22 4 
student 17: 9 50 2 36 20 32 4 39 42 8 47 15 27 30 23 48 12 38 7 45 21 29 5 49 40 44 14 35 26 1 28 41 34 37 16 33 46 18 13 22 19 31 25 11 43 10 17 3 24 6 
student 18: 8 47 1 35 20 34 5 42 40 7 49 13 28 33 26 48 12 37 10 43 19 27 4 50 38 46 14 30 23 2 29 44 36 39 16 32 45 17 15 21 18 31 25 11 41 9 24 3 22 6 
student 19: 9 45 4 35 21 32 5 39 41 8 49 14 28 33 27 50 10 40 15 43 19 26 2 47 38 44 13 34 24 1 29 46 36 37 16 31 48 20 11 25 18 30 23 12 42 7 17 3 22 6 
student 20: 10 46 2 36 23 31 4 44 40 9 48 13 29 28 26 50 16 38 8 45 20 27 5 49 39 43 17 34 24 1 32 41 35 37 14 33 47 18 15 21 19 30 22 11 42 7 12 3 25 6 
student 21: 7 47 4 36 20 30 9 42 39 6 48 17 26 29 25 50 14 38 8 44 22 28 5 49 40 43 15 35 27 1 32 45 33 37 13 34 46 18 12 24 19 31 21 10 41 3 16 2 23 11 
student 22: 11 48 2 37 21 31 5 42 39 9 46 15 25 32 24 50 13 38 8 43 20 30 3 49 41 45 14 33 27 1 29 44 35 36 16 34 47 17 10 26 18 28 23 12 40 7 19 4 22 6 
student 23: 10 48 1 32 25 30 3 42 38 7 50 14 27 28 26 47 11 39 9 43 21 34 4 49 40 44 15 33 24 2 29 45 37 36 16 31 46 19 13 23 17 35 22 12 41 6 18 5 20 8 
student 24: 10 46 4 36 24 33 6 42 40 8 48 14 31 28 25 50 13 39 9 43 20 29 3 49 38 45 15 34 26 2 30 44 35 37 17 32 47 18 11 23 16 27 22 12 41 7 19 1 21 5 
student 25: 14 47 3 36 20 31 2 42 40 5 48 16 24 30 25 49 13 38 9 43 19 28 7 50 39 45 12 33 22 1 29 44 37 35 15 34 46 18 11 27 17 32 23 10 41 6 21 4 26 8 
student 26: 10 47 1 34 22 37 8 40 41 7 48 18 29 28 23 50 13 35 14 42 21 30 3 49 39 45 15 36 26 2 31 44 32 38 9 33 46 16 12 24 17 27 25 11 43 4 19 5 20 6 
student 27: 9 46 2 34 20 32 8 43 41 6 48 15 25 30 24 49 12 39 10 42 21 28 4 50 35 45 14 36 23 1 31 44 37 38 16 33 47 17 13 22 19 29 27 11 40 7 18 3 26 5 
student 28: 11 47 1 36 20 30 4 41 40 7 48 13 27 31 25 50 15 38 8 43 19 28 5 49 39 45 12 32 22 2 35 44 34 37 16 33 46 17 14 26 18 29 21 9 42 10 23 3 24 6 
student 29: 10 44 1 37 20 32 6 42 40 8 48 17 27 31 26 50 13 38 9 43 18 28 5 49 39 45 14 36 25 2 30 46 33 35 16 34 47 15 12 24 22 29 23 11 41 7 19 3 21 4 
student 30: 10 48 2 37 21 32 4 41 39 8 45 14 27 29 26 50 9 38 12 43 20 28 5 49 40 46 13 33 25 1 30 44 35 36 15 34 47 18 17 24 16 31 23 11 42 7 19 3 22 6 
student 31: 11 47 2 36 22 32 5 43 39 8 46 14 27 30 25 50 18 40 9 44 19 29 3 48 41 42 13 35 24 1 31 49 34 38 15 33 45 16 12 21 20 28 26 10 37 7 17 4 23 6 
student 32: 8 47 4 35 21 33 7 42 41 9 48 15 27 36 25 50 12 38 10 44 22 26 3 49 39 45 14 34 28 1 30 46 32 37 16 31 43 17 13 20 18 29 24 11 40 6 19 2 23 5 
student 33: 11 49 1 36 19 32 5 40 42 8 47 13 25 30 26 50 16 38 9 44 22 31 4 48 39 41 10 34 28 2 29 45 35 37 20 33 46 17 12 21 15 27 24 14 43 7 18 3 23 6 
student 34: 6 48 1 35 17 33 4 45 40 8 47 15 26 29 25 50 13 37 12 39 16 30 5 49 38 42 14 32 28 2 31 43 36 41 18 34 46 19 11 24 22 27 23 7 44 10 20 3 21 9 
student 35: 10 48 1 33 24 32 7 44 40 8 49 13 23 30 27 50 14 39 11 41 21 28 4 46 38 43 18 34 26 2 31 42 36 37 16 35 47 15 12 25 20 29 22 9 45 6 17 3 19 5 
student 36: 7 48 1 36 22 31 4 42 41 10 46 15 27 30 26 49 12 37 9 44 18 28 6 50 40 45 16 32 24 3 33 43 35 39 17 34 47 14 13 25 20 29 23 11 38 5 19 2 21 8 
student 37: 10 46 2 36 22 31 4 42 40 8 48 16 25 32 27 50 12 38 9 43 20 26 3 49 39 45 14 35 29 1 30 44 34 37 15 33 47 17 13 24 18 28 23 11 41 6 19 7 21 5 
student 38: 6 47 2 35 21 34 5 41 39 9 48 14 26 28 25 50 15 38 10 42 20 32 4 49 40 46 16 31 23 1 33 45 36 37 17 30 44 13 12 24 18 29 27 11 43 8 19 3 22 7 
student 39: 8 49 4 37 20 33 3 41 39 11 47 16 28 30 24 50 10 38 12 44 23 29 7 48 40 42 15 36 26 2 32 45 34 35 17 31 46 14 9 27 18 25 22 13 43 6 21 1 19 5 
student 40: 7 50 3 36 22 34 8 42 40 10 48 15 26 30 27 49 13 39 11 43 20 28 4 47 38 45 14 33 25 1 32 44 35 37 21 31 46 17 12 23 18 29 24 9 41 5 16 2 19 6 
student 41: 9 48 4 38 23 29 3 44 40 8 50 13 25 31 24 42 11 37 7 46 21 30 5 49 39 47 15 33 27 1 28 45 34 36 14 32 41 20 16 22 17 35 26 12 43 10 18 2 19 6 
student 42: 8 45 3 40 21 33 7 43 38 6 49 16 26 32 28 50 12 37 11 42 19 27 4 48 36 46 14 34 25 1 30 44 35 39 15 31 47 18 13 22 17 29 23 9 41 10 20 2 24 5 
student 43: 10 49 2 33 21 36 4 43 44 8 47 15 27 30 26 50 12 40 11 41 20 29 7 48 39 42 14 34 23 1 31 46 35 37 16 32 45 18 13 25 19 28 22 9 38 6 17 3 24 5 
student 44: 8 46 3 35 22 32 5 40 43 11 48 14 33 26 27 50 16 38 10 44 19 29 4 47 39 45 12 36 25 1 28 42 34 37 15 31 49 17 9 24 18 30 23 13 41 7 20 2 21 6 
student 45: 8 50 2 38 25 32 4 41 40 5 48 13 24 30 27 49 15 44 10 43 22 29 1 46 39 42 16 33 23 6 31 45 36 37 12 35 47 18 14 26 17 28 20 11 34 9 21 3 19 7 
student 46: 7 48 2 36 22 32 1 42 39 9 47 15 27 31 26 50 13 38 10 43 21 28 6 49 41 45 12 34 25 3 30 44 35 37 16 33 46 19 11 24 17 29 23 14 40 4 18 5 20 8 
student 47: 7 45 2 36 23 35 3 42 39 9 48 17 28 27 25 50 13 37 10 43 19 29 6 49 40 46 14 30 26 1 33 44 34 38 15 32 47 18 11 24 16 31 22 12 41 8 20 4 21 5 
student 48: 9 47 2 36 22 35 4 49 41 8 46 13 26 30 28 50 15 37 7 42 19 27 5 48 38 44 14 31 25 1 33 43 34 39 18 32 45 16 12 24 17 29 23 11 40 10 20 3 21 6 
student 49: 8 48 4 39 24 32 5 42 38 9 46 17 27 30 26 50 16 37 11 44 20 29 2 49 40 43 14 33 25 1 31 45 35 36 10 34 47 15 13 23 18 28 22 12 41 6 19 3 21 7 
student 50: 10 47 2 38 24 34 6 42 40 7 48 16 28 30 26 50 12 36 13 43 19 27 5 49 39 45 15 32 25 4 31 44 37 33 17 35 46 11 14 23 18 29 22 9 41 3 20 1 21 8 
student 51: 9 47 2 36 20 30 5 48 41 8 46 13 27 32 26 50 12 38 10 42 21 28 1 49 39 44 15 34 25 3 31 43 35 37 16 33 45 17 14 23 18 29 22 11 40 7 19 4 24 6 
student 52: 8 46 3 36 23 35 4 41 40 9 49 15 21 31 30 50 14 38 10 43 20 26 5 48 39 45 13 33 27 1 29 42 34 37 18 32 47 16 11 25 17 28 19 12 44 7 22 2 24 6 
student 53: 11 49 3 35 19 32 6 41 40 8 47 12 20 30 27 48 14 39 10 44 22 28 1 50 37 45 16 34 26 2 31 43 38 36 17 33 46 15 7 24 18 29 25 13 42 4 21 5 23 9 
student 54: 9 48 3 36 21 30 5 42 41 8 45 12 26 32 28 50 14 37 10 47 20 29 4 49 39 43 13 34 25 2 27 44 35 38 17 33 46 18 16 24 15 31 22 11 40 7 19 1 23 6 
student 55: 9 47 2 36 22 32 3 42 40 8 48 16 27 30 25 50 13 38 10 43 21 28 7 49 39 44 14 35 19 1 31 46 34 37 15 33 45 17 12 24 18 29 26 11 41 6 20 4 23 5 
student 56: 11 48 3 36 20 32 6 43 37 8 46 16 28 30 26 49 13 39 9 44 18 29 4 50 42 47 15 35 22 1 27 40 34 38 14 33 45 19 10 24 17 31 25 12 41 5 21 2 23 7 
student 57: 8 47 4 35 22 32 1 40 42 7 48 15 27 30 25 49 13 38 10 43 19 29 5 50 41 45 14 33 26 2 31 44 36 37 16 34 46 17 12 23 20 28 24 11 39 6 18 3 21 9 
student 58: 8 47 4 36 20 32 2 43 38 6 46 13 31 29 28 49 14 37 7 42 21 25 5 50 40 48 17 34 24 1 30 44 35 39 15 33 45 18 12 26 16 27 23 9 41 10 19 3 22 11 
student 59: 10 48 1 33 20 35 6 42 40 8 46 14 27 29 26 50 13 36 12 43 24 28 4 49 38 47 17 37 23 2 34 44 32 39 15 31 45 19 11 25 16 30 22 9 41 7 18 3 21 5 
student 60: 7 47 1 36 25 32 4 41 40 9 50 16 27 30 22 48 13 35 8 44 19 28 5 49 39 43 15 34 26 3 31 45 38 37 17 33 46 12 14 24 21 29 23 11 42 10 18 2 20 6 
student 61: 9 47 1 38 20 29 6 42 40 11 49 15 27 30 26 50 14 39 10 44 19 28 4 48 36 45 17 35 23 2 34 43 33 37 5 32 46 16 13 25 21 31 24 12 41 8 18 3 22 7 
student 62: 11 48 3 34 18 32 5 41 37 8 47 16 25 30 26 49 15 39 12 43 23 36 6 50 40 46 14 33 21 1 27 44 35 38 10 31 45 19 13 24 17 29 28 9 42 7 20 2 22 4 
student 63: 6 47 3 44 20 33 7 43 39 5 48 15 28 34 25 50 14 36 12 41 19 30 4 49 38 46 13 35 26 2 29 42 32 37 21 27 45 16 11 22 18 31 24 8 40 10 17 1 23 9 
student 64: 7 46 2 37 20 32 4 42 40 9 47 17 27 29 26 50 11 36 12 43 15 28 5 48 39 44 13 38 24 1 30 49 35 34 16 33 45 18 14 25 19 31 22 10 41 8 21 3 23 6 
student 65: 9 48 5 36 21 31 6 39 42 8 46 13 28 30 24 50 14 40 10 44 19 27 2 49 37 47 15 33 29 3 38 41 34 35 17 32 45 16 12 23 18 25 22 11 43 7 20 1 26 4 
student 66: 11 46 1 33 23 34 7 39 43 9 48 15 26 31 28 49 14 38 12 41 19 27 3 50 40 45 13 32 24 10 30 44 37 36 16 35 47 17 6 25 18 29 21 8 42 5 20 2 22 4 
student 67: 8 46 2 36 21 31 4 43 37 5 47 14 25 30 28 50 16 41 11 45 20 27 6 48 44 49 12 34 23 1 32 39 40 35 15 33 42 17 13 26 19 29 22 10 38 9 18 3 24 7 
student 68: 14 48 2 36 20 32 5 41 44 9 50 13 27 30 21 47 12 38 7 40 23 26 6 46 39 42 16 35 28 1 31 45 33 37 15 34 49 17 10 24 18 29 25 11 43 8 19 3 22 4 
student 69: 11 46 5 36 20 24 8 41 38 9 48 14 26 31 30 49 12 39 7 44 21 27 4 50 43 47 13 34 28 1 33 42 35 37 16 32 45 18 10 25 17 29 23 15 40 3 19 6 22 2 
student 70: 10 49 2 41 21 30 5 43 37 8 50 16 27 31 22 48 12 36 9 44 20 28 4 47 39 46 17 35 26 1 32 40 34 38 14 33 45 15 13 25 19 29 23 11 42 6 18 3 24 7 
student 71: 9 48 1 34 20 33 4 43 40 6 47 14 27 32 26 49 15 36 10 42 28 30 3 50 39 44 13 35 22 5 29 46 37 38 16 31 45 17 11 25 18 24 23 12 41 7 19 2 21 8 
student 72: 13 48 2 36 20 32 4 42 33 10 49 12 28 29 23 47 11 39 8 44 21 26 6 50 43 45 14 35 27 3 31 41 37 38 19 34 46 16 15 25 17 30 24 9 40 7 18 1 22 5 
student 73: 9 48 1 37 22 32 3 42 39 7 49 16 26 31 29 50 14 35 10 43 21 27 2 46 40 44 13 28 25 5 33 45 34 38 15 36 47 17 12 24 18 30 20 11 41 4 19 8 23 6 
student 74: 9 47 2 36 27 31 7 46 41 8 48 14 25 30 26 50 19 38 11 42 21 28 4 49 40 45 10 34 24 1 32 44 35 37 15 33 43 16 13 23 18 29 22 12 39 6 20 3 17 5 
student 75: 9 46 2 35 24 33 5 41 40 8 49 16 26 27 28 50 13 38 11 43 20 29 4 48 39 47 10 37 23 1 31 45 34 36 15 32 44 17 14 22 18 30 21 12 42 6 19 3 25 7 
student 76: 9 46 2 38 23 31 4 43 40 10 49 15 28 32 26 50 14 39 8 42 20 27 5 48 37 45 12 35 25 1 30 44 33 36 16 34 47 17 13 22 18 29 24 11 41 6 21 3 19 7 
student 77: 9 48 3 36 20 31 2 43 40 8 47 16 26 30 25 50 14 38 10 44 19 27 5 49 39 41 13 34 29 4 33 45 35 37 15 32 46 18 11 22 23 28 21 12 42 7 17 1 24 6 
student 78: 9 48 2 34 21 37 7 45 39 8 49 12 27 31 26 50 15 35 10 43 19 28 4 46 40 42 14 32 23 3 29 44 36 38 16 33 47 20 13 22 17 30 25 11 41 6 18 1 24 5 
student 79: 12 49 3 35 16 32 7 42 39 10 47 14 25 31 28 50 19 36 9 43 21 30 4 48 41 45 13 37 23 1 27 46 34 38 17 29 44 18 8 26 20 33 24 11 40 6 15 2 22 5 
student 80: 9 46 1 38 19 32 5 43 39 7 48 14 27 29 26 50 13 41 12 45 18 28 6 49 42 44 16 34 25 2 31 40 35 37 15 33 47 17 11 23 20 30 24 8 36 4 22 3 21 10 
student 81: 11 47 4 36 18 33 3 42 39 9 48 16 24 29 27 50 14 40 10 43 19 30 7 49 38 45 13 34 26 2 31 44 35 37 17 32 46 15 12 25 20 28 23 8 41 1 22 5 21 6 
student 82: 9 47 1 34 22 30 5 43 37 7 48 18 31 32 27 50 13 39 11 41 20 25 4 49 40 45 17 33 23 3 29 44 35 38 19 36 46 14 12 26 15 28 24 10 42 8 16 2 21 6 
student 83: 8 47 1 36 18 33 5 44 39 6 48 15 27 31 32 50 11 37 12 46 22 26 4 49 40 42 14 34 25 2 30 43 35 38 16 29 45 19 13 24 17 28 20 9 41 10 21 3 23 7 
student 84: 10 46 2 36 21 32 3 42 38 9 48 15 25 29 24 49 14 37 11 43 20 30 5 50 40 45 8 35 26 1 31 44 33 39 17 34 47 18 13 22 19 27 23 12 41 6 16 4 28 7 
student 85: 10 47 4 37 20 34 3 41 40 9 48 16 26 30 29 50 13 39 12 43 19 28 1 49 38 45 7 31 23 5 32 44 35 36 15 33 46 17 14 22 18 27 24 11 42 6 21 2 25 8 
student 86: 11 47 2 34 19 36 4 41 39 10 48 14 29 32 26 50 15 37 9 44 21 28 6 49 38 43 13 31 25 1 30 45 35 33 16 40 46 17 12 24 18 27 23 8 42 5 20 3 22 7 
student 87: 12 47 3 37 21 35 4 38 41 9 46 15 29 30 28 48 11 39 8 45 20 26 5 50 40 49 14 31 24 1 32 42 34 36 16 33 43 18 13 22 17 27 23 10 44 6 19 2 25 7 
student 88: 8 47 1 38 21 30 4 42 40 9 48 14 27 31 24 50 13 37 10 43 20 28 3 49 41 46 16 35 26 2 33 45 36 34 15 32 44 18 12 25 17 29 23 11 39 7 19 6 22 5 
student 89: 9 46 2 36 21 32 6 41 38 8 48 18 27 30 26 50 12 40 11 42 20 28 4 49 37 45 13 34 24 1 31 43 35 39 14 33 47 15 16 25 17 29 23 10 44 7 19 3 22 5 
student 90: 6 44 1 36 22 31 5 39 41 12 48 10 27 30 26 49 14 38 8 42 17 28 3 50 40 45 16 34 20 4 33 43 35 37 15 32 46 18 9 25 21 29 24 13 47 11 19 2 23 7 
student 91: 9 43 2 36 18 32 7 40 41 8 50 17 24 35 30 49 13 38 10 42 20 27 6 48 39 44 15 31 26 1 29 46 37 34 16 33 47 14 12 25 19 28 23 11 45 4 21 3 22 5 
student 92: 7 48 2 36 21 30 6 42 40 10 47 15 25 32 27 50 13 39 9 41 19 28 3 49 38 46 14 33 26 1 31 44 34 37 18 35 45 16 12 24 20 29 22 11 43 5 17 4 23 8 
student 93: 5 45 6 38 27 31 4 40 41 8 46 15 26 30 25 50 11 37 10 44 19 28 3 48 39 43 17 32 24 2 33 42 36 34 13 35 47 16 12 23 18 29 22 14 49 9 20 1 21 7 
student 94: 9 48 4 36 21 31 2 44 40 8 50 15 28 29 25 49 14 39 12 42 20 27 1 47 38 46 13 34 26 3 32 43 33 37 17 35 45 16 10 24 18 30 23 11 41 6 19 7 22 5 
student 95: 9 49 2 35 21 32 3 42 37 8 50 18 27 30 26 45 11 38 10 43 20 28 5 46 40 47 14 36 25 1 31 44 39 34 15 33 48 16 13 24 19 29 23 12 41 6 17 4 22 7 
student 96: 7 48 1 34 22 32 4 42 40 8 47 15 27 30 25 50 11 39 13 43 20 29 6 49 41 45 14 33 26 2 31 44 36 37 16 35 46 17 12 23 18 28 21 10 38 9 19 3 24 5 
student 97: 11 48 3 36 21 31 4 44 41 7 50 15 27 32 26 49 13 38 9 42 20 28 6 47 39 43 14 34 25 1 30 46 35 37 17 33 45 16 12 24 19 29 23 10 40 8 18 2 22 5 
student 98: 12 48 2 36 22 35 5 42 44 6 47 13 26 30 25 49 11 37 10 41 20 29 4 50 39 43 16 34 24 1 33 45 32 38 15 31 46 17 8 27 18 28 23 14 40 9 21 3 19 7 
student 99: 7 46 1 36 24 35 6 43 41 9 50 14 27 29 26 49 13 38 12 45 20 28 2 47 39 44 15 30 23 3 31 42 37 34 19 33 48 18 11 22 16 32 25 10 40 8 17 4 21 5 
student 100: 9 46 2 37 22 29 5 40 45 8 49 15 25 34 27 50 13 33 12 43 21 28 4 47 41 48 14 35 24 3 31 44 36 38 16 32 42 17 11 26 18 30 23 10 39 7 20 1 19 6 
student 101: 13 49 3 35 21 32 4 45 41 8 46 14 28 31 24 50 11 40 9 43 20 27 6 48 38 42 12 34 26 2 30 39 36 37 17 33 47 18 16 23 15 29 25 10 44 7 19 1 22 5 
student 102: 8 48 2 37 23 32 4 42 40 5 47 14 27 30 26 50 19 38 10 43 21 28 6 49 39 46 13 35 24 1 34 44 36 33 15 31 45 16 12 25 17 29 22 11 41 9 18 3 20 7 
student 103: 10 47 1 35 22 33 6 43 41 9 48 16 27 30 26 50 12 36 14 42 21 29 2 49 39 45 15 34 24 3 32 44 38 31 13 37 46 17 8 25 18 28 23 11 40 7 19 5 20 4 
student 104: 9 47 3 36 22 31 4 43 37 8 48 15 28 32 27 50 13 40 10 42 18 29 6 49 39 45 14 34 25 1 30 44 35 38 16 33 46 17 12 21 19 26 23 11 41 5 20 2 24 7 
student 105: 9 49 3 34 23 32 6 43 39 7 48 15 22 30 27 50 13 38 11 42 21 28 4 47 40 46 16 35 25 1 31 44 36 37 17 33 45 14 12 24 18 29 20 10 41 8 19 2 26 5 
student 106: 8 49 4 35 21 33 3 41 40 6 46 10 25 29 27 50 14 38 11 45 20 28 5 47 39 44 16 34 24 1 30 42 32 37 19 36 48 13 15 22 18 31 26 12 43 7 17 2 23 9 
student 107: 13 49 2 36 21 29 5 43 38 8 50 16 33 31 27 47 12 40 9 42 20 28 3 48 37 44 14 34 23 1 32 45 39 35 15 30 46 18 11 25 17 26 22 10 41 7 19 4 24 6 
student 108: 11 46 1 37 22 32 5 40 39 9 48 20 26 28 27 50 13 35 8 44 21 30 4 49 41 45 14 34 25 2 29 43 36 38 15 33 47 17 10 23 16 31 24 12 42 7 18 3 19 6 
student 109: 9 45 2 38 22 29 4 40 41 7 48 16 28 32 27 49 11 33 12 46 20 25 3 50 39 47 15 36 24 1 31 42 37 34 17 35 44 13 14 26 18 30 23 10 43 8 19 5 21 6 
student 110: 13 48 1 33 21 30 4 44 38 9 46 15 26 28 27 50 12 40 7 42 20 29 6 49 36 45 14 35 24 2 32 47 37 39 19 34 43 16 11 23 17 31 25 10 41 8 18 5 22 3 
student 111: 9 46 2 36 21 32 4 42 40 8 48 15 23 30 26 50 14 38 10 43 18 28 3 47 41 45 13 33 25 5 31 44 37 35 16 34 49 19 12 20 17 29 24 11 39 6 22 1 27 7 
student 112: 12 45 4 38 20 32 2 43 41 10 49 15 25 26 28 50 9 37 8 46 21 29 5 48 39 44 14 34 22 1 33 40 31 36 18 35 47 13 17 24 23 30 27 11 42 7 16 3 19 6 
student 113: 8 47 2 38 24 30 6 43 39 9 48 15 27 34 26 49 14 37 10 44 23 28 4 50 40 46 12 33 22 1 32 42 36 35 16 31 45 17 13 25 18 29 20 11 41 7 19 3 21 5 
student 114: 11 47 2 36 21 30 5 42 41 7 49 12 27 31 26 48 9 38 10 44 20 29 6 50 35 45 15 34 25 1 32 43 37 39 17 33 46 18 14 24 16 28 23 13 40 8 19 4 22 3 
student 115: 10 47 2 38 21 34 4 43 41 7 48 15 29 31 26 50 13 35 8 45 23 28 5 49 39 46 14 33 25 1 27 40 37 36 16 32 44 20 12 22 17 30 19 11 42 9 18 3 24 6 
student 116: 10 48 2 37 21 29 5 40 41 8 47 15 28 31 25 50 11 38 9 43 22 27 4 49 39 46 14 34 26 1 33 45 32 36 16 35 44 18 13 24 17 30 23 12 42 6 19 3 20 7 
student 117: 9 47 2 34 21 31 5 41 40 8 49 15 27 30 26 48 12 38 10 43 20 28 4 50 35 45 14 33 25 1 39 44 36 37 16 32 46 18 13 23 17 29 22 11 42 7 19 3 24 6 
student 118: 5 47 3 34 23 37 4 41 40 10 48 8 28 36 27 50 14 35 9 42 19 25 6 49 39 45 15 32 26 1 31 44 33 38 16 30 46 18 12 22 20 29 24 13 43 11 17 2 21 7 
student 119: 10 46 1 35 15 32 5 43 38 7 47 16 26 29 23 48 8 37 9 40 20 30 4 49 41 44 14 34 28 2 27 50 39 36 18 33 45 19 13 25 17 31 24 12 42 11 21 3 22 6 
student 120: 10 48 1 33 21 35 5 45 40 6 50 17 28 30 25 49 11 38 9 43 20 27 3 47 39 42 15 34 26 2 29 44 37 36 16 32 46 12 14 24 18 31 23 13 41 8 19 4 22 7 
student 121: 6 46 1 36 17 32 4 50 39 7 48 18 29 28 25 47 14 38 10 43 21 26 2 49 41 45 15 33 27 3 31 40 35 37 13 34 44 19 12 24 16 30 23 11 42 9 20 5 22 8 
student 122: 10 46 1 34 24 37 6 41 42 8 49 11 27 30 26 50 14 36 9 44 18 29 4 47 39 43 17 35 25 2 31 45 33 38 15 32 48 22 13 23 16 28 21 12 40 7 19 3 20 5 
student 123: 12 47 4 40 21 33 9 43 39 6 48 16 25 30 27 49 13 37 8 45 17 28 5 50 38 41 14 34 26 2 31 44 32 36 18 35 46 15 10 24 19 29 22 11 42 3 20 1 23 7 
student 124: 9 49 1 36 19 32 6 41 38 8 47 15 26 29 28 50 12 39 7 44 17 27 3 48 42 45 13 33 25 4 31 43 35 37 21 34 46 16 14 24 20 30 23 11 40 10 18 2 22 5 
student 125: 8 46 3 34 21 35 7 42 39 10 48 17 32 28 26 50 13 37 4 44 20 27 6 49 38 45 14 33 25 2 30 43 36 40 16 31 47 18 11 24 15 29 23 12 41 9 19 1 22 5 
student 126: 8 46 2 35 22 34 5 41 42 6 48 15 27 29 26 47 13 37 9 43 21 30 3 50 39 49 14 33 20 1 31 44 38 36 17 32 45 23 11 25 16 28 24 12 40 10 18 4 19 7 
student 127: 9 48 2 37 20 32 5 42 40 7 49 14 28 29 25 50 13 39 15 44 19 27 4 45 36 47 12 34 26 1 31 46 35 38 22 33 43 16 11 24 17 30 21 10 41 8 18 3 23 6 
student 128: 12 47 1 35 21 37 5 42 41 8 48 16 27 31 26 49 14 36 10 44 20 28 4 50 39 45 13 30 25 2 33 43 32 38 17 34 46 15 9 24 19 29 23 11 40 6 18 3 22 7 
student 129: 16 48 2 37 26 31 1 41 39 5 46 12 22 28 29 49 11 36 10 43 21 27 9 50 40 45 14 34 25 3 30 44 35 38 15 33 47 17 13 24 19 32 23 8 42 7 20 4 18 6 
student 130: 8 48 2 36 21 31 7 41 37 9 47 16 26 29 27 50 13 40 11 43 20 28 6 49 39 44 14 33 25 3 30 45 35 38 15 34 46 17 10 23 18 32 24 12 42 5 19 4 22 1 
student 131: 6 49 2 37 21 33 5 42 40 9 46 15 28 29 26 50 14 36 10 43 20 23 3 48 39 45 13 34 27 1 31 44 35 38 17 32 47 16 12 25 19 30 22 11 41 8 18 4 24 7 
student 132: 7 45 1 36 22 35 5 40 39 9 48 14 28 29 26 49 13 37 11 42 20 27 4 50 41 46 16 33 21 2 31 47 34 38 18 32 43 15 12 25 19 30 24 10 44 8 17 3 23 6 
student 133: 7 47 1 36 21 33 6 43 45 11 49 14 27 29 31 50 15 39 9 38 20 26 4 46 40 44 12 35 24 2 30 42 37 32 17 34 48 16 13 25 18 28 22 10 41 8 19 3 23 5 
student 134: 9 48 2 36 22 30 10 38 40 8 49 17 27 31 26 50 13 39 6 41 18 28 3 47 43 46 14 35 24 4 29 44 33 37 15 34 45 16 12 25 20 32 23 11 42 7 19 1 21 5 
student 135: 10 48 1 35 23 33 5 45 40 7 46 17 26 29 25 49 13 39 11 43 22 28 4 50 38 47 14 32 27 2 31 42 36 37 16 34 44 15 12 24 20 30 21 9 41 8 18 3 19 6 
student 136: 11 46 1 31 22 33 8 43 42 6 48 15 26 29 27 49 9 38 7 41 21 28 5 47 39 44 14 35 25 3 30 45 37 36 16 34 50 18 13 24 19 32 23 12 40 10 17 4 20 2 
student 137: 11 48 2 36 22 33 5 42 40 8 49 16 28 31 21 50 13 38 10 45 19 27 4 47 39 44 14 32 26 1 29 43 35 37 17 34 46 18 12 23 20 30 24 7 41 9 15 3 25 6 
student 138: 8 47 2 33 22 32 5 42 36 6 48 15 24 29 28 50 11 40 13 43 21 26 4 49 39 46 14 37 27 1 31 44 35 38 19 34 45 17 12 25 16 30 20 10 41 9 18 3 23 7 
student 139: 6 49 3 39 21 32 5 42 44 13 47 16 27 31 25 48 11 38 9 40 20 28 4 50 41 45 12 34 26 1 30 43 35 36 15 33 46 18 14 24 19 29 22 10 37 8 17 2 23 7 
student 140: 9 47 1 38 21 31 5 45 40 7 49 16 28 30 26 50 15 39 10 43 20 27 3 48 37 41 12 34 25 2 32 44 36 35 13 33 46 18 14 24 17 29 22 11 42 8 19 4 23 6 
student 141: 9 46 1 39 17 32 4 40 37 5 48 14 28 29 27 49 20 42 10 43 21 31 6 50 38 47 12 35 26 2 30 44 34 36 16 33 45 15 13 24 19 22 23 11 41 8 18 3 25 7 
student 142: 9 50 3 34 19 37 4 42 35 8 46 13 26 32 25 48 18 39 11 43 20 28 5 49 40 45 14 31 27 1 33 44 36 38 15 30 47 17 10 24 16 29 23 12 41 7 22 2 21 6 
student 143: 13 46 3 37 20 32 10 43 39 5 48 14 25 30 27 50 11 38 8 42 22 28 2 49 41 44 15 34 24 1 31 47 35 36 17 33 45 16 12 23 18 29 26 9 40 6 21 4 19 7 
student 144: 9 47 2 35 21 31 6 42 43 7 48 16 26 27 25 50 12 38 13 44 18 32 8 49 40 37 14 36 24 1 30 46 34 39 19 33 45 17 11 28 15 29 23 10 41 5 22 3 20 4 
student 145: 8 47 2 37 19 32 5 42 44 10 48 16 27 29 24 49 14 38 12 43 22 30 3 50 39 45 9 34 26 1 33 41 36 35 15 31 46 17 7 25 20 28 23 11 40 13 18 4 21 6 
student 146: 8 47 1 39 22 31 6 42 38 9 49 15 28 30 27 50 11 37 10 44 19 26 4 48 40 46 14 34 24 3 33 43 35 36 17 32 45 16 13 23 18 29 25 12 41 7 20 2 21 5 
student 147: 9 49 1 35 22 30 3 45 41 6 47 16 26 29 23 50 10 36 11 42 20 31 5 48 39 44 13 37 25 2 27 43 34 38 17 33 46 18 12 28 14 32 24 15 40 8 19 4 21 7 
student 148: 8 47 3 36 22 35 5 41 40 7 49 16 27 31 26 50 13 38 10 42 21 29 4 48 39 46 14 33 24 2 32 44 34 37 17 28 45 15 11 19 18 30 25 9 43 12 20 1 23 6 
student 149: 10 47 1 38 25 32 6 41 37 8 46 14 28 29 23 50 13 36 20 43 21 27 4 48 40 45 12 33 19 3 34 44 35 39 16 31 49 15 11 24 17 30 26 5 42 9 18 2 22 7 
student 150: 10 48 1 40 19 33 6 42 38 9 49 15 28 30 27 46 13 39 11 43 22 25 3 50 37 45 14 35 26 4 31 44 36 34 17 32 47 16 12 21 18 29 24 8 41 7 20 2 23 5 
student 151: 10 48 2 37 20 33 5 44 40 9 46 15 28 32 27 50 11 38 3 43 19 30 4 49 41 47 14 34 25 1 29 45 35 36 16 31 39 21 13 23 18 26 22 12 42 8 17 7 24 6 
student 152: 10 47 4 37 21 33 5 44 40 9 48 14 26 30 28 50 11 38 12 39 19 29 2 49 43 42 16 34 25 1 31 45 35 36 17 32 46 18 13 24 15 27 23 8 41 7 20 6 22 3 
student 153: 9 45 1 36 22 32 4 43 40 8 48 14 26 27 25 50 16 38 11 44 20 30 5 49 41 42 13 37 29 2 31 46 35 34 17 33 47 19 10 24 18 28 23 12 39 7 15 3 21 6 
student 154: 10 47 2 38 21 34 5 40 42 8 48 15 27 30 22 50 13 36 11 43 18 28 6 49 39 44 14 35 26 1 31 46 33 32 16 37 45 19 9 24 20 29 25 12 41 7 17 4 23 3 
student 155: 9 49 1 35 19 28 5 42 39 7 45 16 27 31 25 48 13 38 12 44 21 29 4 50 40 47 15 34 26 2 32 46 36 37 17 33 43 14 10 23 18 30 24 11 41 8 20 3 22 6 
student 156: 11 47 3 34 21 32 5 41 38 10 48 15 26 30 24 50 13 39 8 44 19 27 1 49 40 45 14 36 29 2 31 43 37 35 16 33 46 17 12 25 18 28 23 6 42 7 20 4 22 9 
student 157: 9 45 1 35 20 32 7 41 39 8 49 15 29 28 26 50 12 37 10 43 21 31 6 48 38 46 13 34 24 2 30 44 36 42 16 33 47 19 14 25 18 27 23 11 40 4 17 3 22 5 
student 158: 9 47 2 37 20 32 5 42 34 8 48 15 26 30 29 49 14 39 10 44 19 21 4 50 40 45 13 35 27 1 31 43 36 38 16 33 46 18 12 23 17 28 25 11 41 7 22 3 24 6 
student 159: 6 49 3 37 22 33 5 40 39 8 47 13 27 30 25 50 11 43 10 45 21 26 2 48 41 44 16 34 24 1 32 42 35 36 14 31 46 15 18 28 19 29 23 12 38 7 20 4 17 9 
student 160: 9 46 5 36 20 34 7 42 39 8 48 12 27 30 26 50 16 38 11 44 19 28 2 49 41 43 15 32 25 3 33 47 35 37 17 31 45 18 10 24 13 29 23 14 40 6 22 4 21 1 
student 161: 7 48 1 36 20 31 5 42 34 6 45 17 29 32 25 50 14 39 10 44 21 28 4 49 40 46 13 35 24 2 27 43 37 38 16 33 47 18 12 26 15 30 23 11 41 9 19 3 22 8 
student 162: 9 48 2 36 22 33 5 43 41 12 49 17 30 29 26 50 11 38 8 44 18 24 4 47 39 42 16 34 28 1 31 45 35 37 15 32 46 14 13 25 20 27 23 10 40 7 19 3 21 6 
student 163: 8 46 2 37 23 30 6 44 40 10 49 14 25 29 28 50 13 38 5 42 20 27 4 47 39 45 17 35 26 1 33 43 32 36 15 34 48 16 12 22 18 31 24 11 41 7 19 3 21 9 
student 164: 9 49 1 38 21 34 4 43 40 8 47 12 29 28 27 50 14 36 10 45 20 30 5 48 39 42 13 37 25 2 26 44 35 33 16 32 46 19 15 23 18 31 24 11 41 7 17 3 22 6 
student 165: 8 46 4 37 18 33 5 39 42 11 47 16 26 30 27 48 13 40 9 45 21 28 2 49 35 43 15 36 24 1 31 50 34 38 14 32 44 17 10 25 19 29 23 12 41 7 20 3 22 6 
student 166: 12 47 1 35 22 31 5 43 40 10 46 14 26 30 27 49 11 37 6 42 21 29 4 48 39 44 17 33 25 2 32 50 34 38 13 36 45 20 15 24 19 28 18 9 41 8 16 3 23 7 
student 167: 10 48 3 36 23 33 5 43 40 7 50 15 26 31 25 45 14 37 9 42 20 28 6 49 38 47 11 35 27 1 30 44 34 39 17 32 46 18 13 24 16 29 22 12 41 8 19 2 21 4 
student 168: 8 47 1 34 20 31 5 40 41 9 48 15 29 33 26 50 13 39 11 42 18 27 6 49 38 45 14 32 25 3 30 43 35 37 17 36 46 16 12 24 19 28 23 10 44 7 21 2 22 4 
student 169: 10 48 2 36 23 35 4 42 39 8 47 14 24 29 27 50 12 37 11 43 19 30 1 49 41 46 17 33 25 3 31 44 34 38 18 32 45 20 13 22 15 28 21 9 40 6 16 5 26 7 
student 170: 8 47 2 36 21 31 4 42 40 10 49 16 26 29 24 50 13 38 9 45 20 30 5 48 39 43 14 35 27 1 34 46 33 37 15 32 44 18 12 25 17 28 23 11 41 7 19 3 22 6 
student 171: 11 46 2 37 21 31 4 43 42 14 48 16 27 30 26 50 10 39 7 40 19 29 5 49 38 47 15 35 24 1 32 44 34 36 13 33 45 17 12 25 18 28 23 9 41 8 20 3 22 6 
student 172: 9 44 3 37 24 33 5 42 40 7 50 14 22 30 26 49 15 39 10 47 23 29 4 48 38 46 12 34 28 1 31 43 35 36 16 32 45 18 11 21 17 27 25 13 41 8 19 2 20 6 
student 173: 7 47 1 36 24 33 5 43 42 9 48 15 28 31 22 50 12 38 11 45 19 29 4 49 40 44 14 35 26 2 27 41 34 37 16 32 46 17 13 25 18 30 21 10 39 8 20 3 23 6 
student 174: 10 45 1 37 21 30 5 43 41 9 49 14 27 32 26 50 12 40 8 39 16 29 4 48 38 46 15 34 24 3 31 44 35 36 17 33 47 18 13 23 19 28 25 11 42 7 20 2 22 6 
student 175: 10 48 2 37 24 29 3 42 38 8 47 16 26 28 25 50 12 40 9 43 19 27 4 49 41 46 15 34 22 1 30 44 36 39 17 33 45 14 13 31 18 32 21 11 35 7 20 5 23 6 
student 176: 13 46 3 38 21 32 5 44 40 11 49 16 26 30 27 50 12 37 18 42 19 28 2 48 36 45 10 35 25 1 31 43 34 39 14 33 47 15 8 24 17 29 23 9 41 7 20 4 22 6 
student 177: 8 49 6 36 17 32 4 43 39 7 47 11 28 30 26 50 13 38 9 44 22 29 1 46 40 45 15 34 21 2 31 42 35 37 16 33 48 18 14 23 24 27 20 10 41 12 19 3 25 5 
student 178: 9 47 2 37 20 32 6 40 42 10 50 18 24 30 29 48 13 34 14 43 19 28 3 49 39 45 15 36 25 1 31 44 35 38 16 33 46 11 8 23 17 27 22 12 41 7 21 5 26 4 
student 179: 7 48 6 36 22 29 4 43 41 8 45 16 28 32 26 50 14 40 10 39 21 31 3 49 38 46 13 33 23 1 27 47 35 37 15 34 44 17 12 25 18 30 20 11 42 9 19 2 24 5 
student 180: 10 47 2 35 22 34 7 42 39 8 48 16 25 30 27 49 12 40 9 43 20 29 4 50 36 45 14 31 26 1 32 44 37 38 15 33 46 17 11 24 18 28 21 13 41 6 19 3 23 5 
student 181: 8 48 2 35 22 30 7 44 38 6 49 15 27 33 26 46 14 37 11 40 21 28 3 50 42 45 13 32 23 1 39 43 34 36 16 31 47 19 12 25 17 29 24 10 41 5 18 4 20 9 
student 182: 9 46 3 36 21 32 7 41 37 5 47 16 28 30 24 49 11 40 10 42 19 26 6 50 43 45 15 33 27 4 31 44 35 38 17 34 48 18 14 25 20 29 23 12 39 8 13 1 22 2 
student 183: 10 48 2 36 21 32 4 42 40 7 46 16 29 28 24 50 13 38 11 44 20 27 3 49 39 47 9 35 26 1 31 45 34 37 19 33 43 17 12 25 15 30 22 14 41 5 18 6 23 8 
student 184: 9 50 5 36 22 32 4 47 40 8 46 16 25 31 27 49 13 37 12 41 20 28 6 48 39 44 15 33 23 1 30 42 35 38 18 34 45 17 10 26 14 29 24 11 43 3 19 2 21 7 
student 185: 11 47 2 36 16 32 8 40 39 6 48 17 27 30 26 50 13 44 12 43 21 28 4 49 38 42 14 35 25 1 29 45 34 37 18 33 46 15 10 22 19 31 24 9 41 7 23 3 20 5 
student 186: 5 49 2 36 22 30 3 41 40 10 50 15 26 29 28 47 13 34 9 42 18 27 6 46 38 48 11 37 24 1 33 43 35 39 17 32 45 16 12 25 21 31 23 14 44 8 19 4 20 7 
student 187: 9 47 2 38 22 33 4 44 40 10 49 16 27 32 21 50 14 36 11 42 20 29 5 48 39 45 8 34 26 1 31 43 35 37 19 28 46 15 13 25 17 30 24 12 41 6 18 3 23 7 
student 188: 12 48 1 37 23 31 7 42 39 6 47 15 26 33 29 50 13 36 9 44 20 27 11 49 40 46 14 34 21 2 30 43 35 38 16 32 45 17 10 25 18 28 24 8 41 3 19 4 22 5 
student 189: 9 47 1 38 23 28 5 44 41 8 50 15 27 30 22 49 12 39 13 40 20 29 4 48 36 45 14 32 26 3 31 43 33 37 16 35 46 18 11 25 19 34 21 10 42 7 17 2 24 6 
student 190: 6 45 1 35 22 33 5 48 41 8 49 15 28 31 26 50 13 38 10 42 18 27 3 44 39 46 14 36 25 2 32 47 37 34 19 30 43 16 11 24 20 29 23 12 40 7 17 4 21 9 
student 191: 10 47 2 38 23 32 3 42 40 7 48 14 27 31 26 50 12 37 11 44 20 30 5 49 39 45 15 33 24 1 29 43 36 34 16 35 46 17 13 25 19 28 21 9 41 6 18 4 22 8 
student 192: 7 50 1 32 22 34 3 40 43 13 46 14 26 31 25 47 11 39 9 44 17 30 8 49 37 45 21 35 23 4 27 41 36 42 15 33 48 16 12 28 18 29 20 10 38 5 19 2 24 6 
student 193: 9 44 2 36 20 31 7 42 40 8 49 14 26 32 24 50 13 39 10 43 21 28 6 47 38 48 15 34 27 1 30 45 35 37 16 33 46 17 11 22 19 29 23 12 41 4 18 3 25 5 
student 194: 10 48 3 36 22 35 4 44 43 8 46 12 28 31 26 50 14 37 9 41 19 27 5 49 38 42 17 33 24 1 30 45 34 39 16 32 47 20 13 25 15 29 23 11 40 7 18 2 21 6 
student 195: 8 49 1 37 20 33 6 39 40 9 50 14 28 27 26 47 12 41 10 45 22 31 3 48 38 44 15 34 25 4 32 43 35 36 16 30 46 17 13 24 19 29 23 11 42 5 18 2 21 7 
student 196: 9 47 1 35 23 33 5 42 40 8 48 13 25 31 26 49 15 39 10 43 20 27 4 50 38 44 14 32 28 2 30 45 37 36 19 34 46 16 12 24 17 29 21 11 41 7 18 3 22 6 
student 197: 10 50 5 36 19 35 1 43 40 6 46 16 26 27 25 48 14 41 11 42 21 29 7 49 38 45 15 34 22 2 30 44 39 37 17 33 47 13 12 28 18 31 24 9 32 4 20 3 23 8 
student 198: 9 48 1 37 22 29 3 44 40 8 46 12 28 30 26 49 14 36 11 41 20 27 5 50 39 45 15 34 25 2 32 43 35 38 16 33 47 18 10 24 19 31 23 13 42 7 17 4 21 6 
student 199: 8 49 1 34 22 36 3 40 43 12 47 15 27 28 26 50 13 38 10 41 20 29 5 48 42 44 14 32 25 2 31 46 35 37 16 33 45 18 11 24 17 30 23 6 39 7 19 4 21 9 
student 200: 10 47 2 33 18 35 4 40 43 8 48 15 26 31 25 50 13 38 7 42 21 30 5 49 39 46 23 36 24 1 28 44 34 37 14 32 45 16 12 22 19 27 29 11 41 9 17 3 20 6 
student 201: 8 48 3 35 22 33 5 39 44 11 47 14 25 32 27 50 13 40 9 42 20 28 4 49 37 46 15 34 24 1 30 43 36 38 16 31 45 17 12 26 18 29 23 10 41 6 19 2 21 7 
student 202: 6 50 3 36 19 32 5 43 41 7 42 14 27 29 22 49 12 38 10 44 20 25 1 48 39 46 16 34 26 2 31 45 35 37 15 33 47 17 13 28 18 30 21 11 40 9 23 4 24 8 
student 203: 6 48 2 35 21 32 5 42 40 7 46 16 28 31 27 50 14 37 11 43 20 29 4 49 38 45 10 30 26 1 39 44 34 36 15 33 47 17 13 24 19 25 23 12 41 8 18 3 22 9 
student 204: 10 50 2 36 21 31 6 44 41 8 48 15 27 28 25 49 13 37 11 46 19 29 4 47 38 45 14 32 26 1 33 43 34 39 16 35 40 17 9 24 18 30 23 12 42 5 20 3 22 7 
student 205: 9 49 2 36 21 33 4 40 38 8 47 16 25 30 28 50 12 44 10 41 15 27 5 48 37 43 14 32 24 1 31 45 35 39 17 34 46 19 13 26 20 29 22 7 42 11 18 3 23 6 
student 206: 2 42 3 36 21 30 6 43 41 10 49 20 27 31 29 50 13 37 11 48 22 28 5 47 39 44 15 33 24 1 32 46 35 38 16 34 45 18 9 25 14 26 23 12 40 8 17 4 19 7 
student 207: 9 45 3 38 25 32 4 42 40 7 48 11 27 31 26 49 16 37 10 46 21 28 5 50 39 44 12 35 23 1 30 43 36 33 17 34 47 15 14 24 19 29 22 13 41 6 20 2 18 8 
student 208: 9 47 2 36 23 32 4 41 40 5 48 17 27 30 28 50 11 38 10 45 22 29 7 49 39 42 12 35 24 3 31 43 34 37 15 33 46 14 16 20 18 25 19 13 44 6 21 1 26 8 
student 209: 11 48 2 36 16 31 3 42 39 8 45 17 28 33 27 49 10 40 13 43 20 26 5 50 38 46 14 35 23 1 29 44 34 37 15 32 47 18 12 25 19 30 22 9 41 6 21 4 24 7 
student 210: 11 46 4 39 20 32 3 42 40 8 44 12 27 28 26 50 14 37 10 43 18 29 2 47 38 45 15 34 22 1 31 49 35 36 16 33 48 17 13 24 19 30 25 9 41 6 23 5 21 7 
student 211: 8 47 3 36 22 32 6 43 40 9 48 14 25 31 26 50 11 42 10 41 24 29 5 49 37 45 13 34 19 1 27 44 35 39 16 33 46 17 15 28 18 30 23 12 38 7 20 2 21 4 
student 212: 9 49 2 35 21 34 4 42 41 8 47 15 27 31 26 50 12 37 10 44 19 28 3 48 40 45 17 33 24 1 29 43 38 36 16 32 46 18 13 25 14 30 23 11 39 6 20 7 22 5 
student 213: 9 50 1 33 21 30 8 43 40 7 48 15 27 34 25 44 13 37 10 41 20 29 2 49 38 46 14 42 24 5 31 45 32 36 16 35 47 17 11 23 18 28 26 12 39 6 19 4 22 3 
student 214: 11 46 4 34 21 29 5 43 41 7 48 17 28 31 24 49 9 38 8 40 20 27 3 50 39 47 15 35 26 1 33 45 36 37 14 32 44 16 13 25 19 30 23 12 42 6 18 2 22 10 
student 215: 10 44 2 36 19 29 5 43 40 8 48 14 30 28 26 50 13 38 9 42 23 27 3 49 39 46 15 34 25 1 32 45 35 37 16 31 47 22 12 24 17 33 21 11 41 7 20 4 18 6 
student 216: 9 47 2 38 20 30 5 41 42 8 50 15 27 31 25 49 13 39 11 45 19 29 4 48 37 43 14 36 26 1 32 44 35 33 17 34 46 18 10 23 16 28 24 12 40 7 21 3 22 6 
student 217: 8 47 1 36 22 33 3 44 40 4 49 19 28 31 25 48 9 37 11 43 21 26 12 50 39 45 14 35 27 2 32 42 29 38 16 34 46 15 10 24 18 30 23 13 41 7 17 6 20 5 
student 218: 9 48 1 34 24 31 5 42 43 10 47 13 18 30 28 50 15 39 6 45 21 23 4 49 40 46 17 35 26 2 32 41 36 37 19 33 44 14 11 27 16 29 25 12 38 8 20 3 22 7 
student 219: 10 47 1 34 24 26 3 44 40 8 48 15 28 31 27 49 16 37 14 45 18 29 4 50 39 46 11 35 21 6 32 42 36 38 13 33 43 17 12 23 20 30 22 9 41 5 19 2 25 7 
student 220: 10 47 3 38 23 31 4 43 39 7 49 17 28 30 26 50 11 37 8 42 20 27 5 48 40 46 16 35 24 1 33 44 36 34 13 32 45 18 15 25 14 29 22 9 41 12 19 2 21 6 
student 221: 9 48 1 34 27 32 2 43 40 8 45 14 25 31 24 50 19 39 10 42 18 28 5 49 36 44 13 37 26 3 30 46 35 38 15 33 47 20 12 23 17 29 21 11 41 7 16 4 22 6 
student 222: 7 46 3 36 20 31 5 43 41 6 47 16 27 29 25 50 13 38 12 48 17 28 4 49 39 42 14 35 26 1 30 44 34 37 18 33 45 23 11 24 19 32 21 9 40 10 15 2 22 8 
student 223: 8 49 3 37 21 34 4 42 40 6 47 16 28 30 25 50 14 38 10 44 19 27 5 48 39 46 15 36 26 2 31 43 33 35 13 32 45 17 11 24 18 29 22 12 41 9 20 1 23 7 
student 224: 9 47 2 36 21 32 7 42 39 8 48 13 27 31 26 50 11 38 12 43 20 28 5 49 41 44 16 34 25 1 30 45 35 37 17 33 46 18 10 23 15 29 22 14 40 6 19 3 24 4 
student 225: 9 49 3 36 22 24 5 43 40 8 45 16 31 29 27 50 11 37 13 42 19 28 4 47 39 46 14 33 26 1 30 44 34 38 17 35 48 20 12 23 18 32 21 10 41 7 15 2 25 6 
student 226: 10 47 3 35 21 33 4 40 41 8 50 13 27 28 26 49 11 37 14 44 19 32 2 43 39 46 15 38 25 1 30 45 34 36 16 31 48 18 12 24 17 29 23 9 42 7 20 5 22 6 
student 227: 9 46 3 37 21 32 2 44 38 8 50 16 27 28 26 48 15 39 10 42 18 29 5 49 40 45 13 34 25 1 31 43 36 35 14 33 47 17 11 24 20 30 23 12 41 6 19 4 22 7 
student 228: 8 44 1 35 22 33 6 46 38 5 49 14 30 29 23 50 13 36 10 41 20 27 4 47 40 48 16 37 26 2 31 42 34 39 15 32 45 18 12 25 19 28 24 11 43 9 17 3 21 7 
student 229: 8 49 1 34 20 31 4 45 39 9 47 13 28 30 25 50 10 38 11 41 19 33 3 48 40 42 15 35 23 2 29 44 36 37 16 32 46 17 14 24 18 26 27 12 43 7 21 6 22 5 
student 230: 10 47 1 37 22 32 4 41 40 7 48 15 27 29 26 50 12 36 9 43 20 30 3 49 39 44 14 35 24 6 31 45 34 38 16 33 46 18 13 25 17 28 23 11 42 8 19 2 21 5 
student 231: 7 47 2 37 21 30 6 42 36 8 50 14 27 31 26 49 13 39 9 43 20 29 5 48 40 46 15 33 24 1 28 44 34 38 16 35 45 19 11 25 17 32 23 12 41 10 18 3 22 4 
student 232: 8 48 2 36 21 31 6 42 39 9 50 15 29 28 24 49 14 38 11 43 20 27 4 47 40 44 13 34 26 1 30 46 35 37 18 33 45 17 10 22 16 32 23 12 41 7 19 3 25 5 
student 233: 9 47 2 36 20 30 4 38 40 8 48 18 28 31 25 49 17 39 10 43 21 27 3 50 42 45 14 35 26 1 32 44 33 37 12 34 46 15 13 23 16 29 22 11 41 6 19 5 24 7 
student 234: 7 47 5 37 18 29 6 36 42 8 48 17 22 33 31 50 15 39 9 41 21 30 4 49 45 43 14 35 26 1 28 44 32 38 13 34 46 20 11 25 19 27 24 10 40 3 16 2 23 12 
student 235: 9 47 3 37 20 30 4 39 40 8 49 13 26 36 28 50 14 35 10 44 21 27 5 48 43 45 16 33 25 1 31 42 34 38 17 32 46 15 12 23 18 29 22 11 41 7 19 2 24 6 
student 236: 9 48 2 35 21 33 6 41 40 8 47 15 26 30 25 49 13 37 10 43 20 28 4 50 39 44 14 36 24 1 31 45 34 38 17 32 46 18 12 23 16 29 27 11 42 7 19 3 22 5 
student 237: 10 47 3 38 21 31 5 39 42 11 48 14 27 28 26 50 17 37 9 43 20 30 4 49 41 45 13 34 25 2 32 46 35 40 15 33 44 16 12 24 18 29 23 6 36 8 19 1 22 7 
student 238: 6 47 2 38 21 31 5 43 36 9 46 14 27 30 25 50 13 37 8 41 20 28 4 49 40 45 15 34 24 1 33 44 35 39 16 32 48 19 7 26 17 29 23 12 42 10 18 3 22 11 
student 239: 9 45 6 39 22 35 5 43 40 10 48 14 30 29 26 50 12 38 13 42 21 28 4 49 36 44 15 32 25 1 31 47 33 37 16 34 46 17 11 23 19 27 24 8 41 7 18 2 20 3 
student 240: 7 47 1 35 20 32 4 39 37 6 48 15 29 30 26 50 10 41 13 42 23 27 3 49 40 45 14 33 25 2 31 44 38 36 17 34 46 18 12 22 16 28 24 11 43 9 19 5 21 8 
student 241: 10 46 4 37 21 33 5 45 41 6 48 15 28 29 26 50 13 39 9 42 18 27 2 49 36 47 14 32 25 1 31 43 35 38 16 34 44 19 11 23 17 30 24 12 40 7 20 3 22 8 
student 242: 9 44 1 37 21 29 6 47 45 8 48 15 26 30 25 50 14 35 13 42 20 28 4 49 38 46 17 34 27 2 33 40 36 41 7 31 43 16 11 23 18 32 22 12 39 10 19 3 24 5 
student 243: 9 50 2 38 26 34 4 42 41 8 47 16 29 30 23 49 13 39 10 44 19 25 3 46 37 45 15 32 28 1 31 43 33 35 17 36 48 20 12 24 14 27 22 11 40 6 18 5 21 7 
student 244: 7 45 1 32 21 31 8 42 40 5 50 13 27 29 26 49 14 38 10 41 19 28 2 48 39 46 15 35 25 4 30 44 37 36 17 34 47 16 12 24 18 33 23 11 43 6 20 3 22 9 
student 245: 9 48 2 33 21 38 7 40 43 8 45 15 28 31 26 49 14 36 12 47 18 30 6 50 37 44 13 35 24 1 27 41 39 34 16 32 42 17 11 25 19 29 23 10 46 5 20 3 22 4 
student 246: 10 47 1 38 24 26 8 42 40 7 48 17 28 31 23 50 14 37 9 43 18 27 6 49 39 44 13 36 29 2 34 45 33 35 19 32 46 16 11 22 15 30 25 12 41 5 20 3 21 4 
student 247: 9 47 6 38 23 33 8 43 41 7 50 17 27 30 26 49 15 37 11 42 20 28 2 48 39 46 13 34 25 1 31 45 36 35 18 32 44 19 10 24 12 29 21 14 40 4 16 3 22 5 
student 248: 9 48 4 33 21 32 3 44 41 8 46 17 27 29 20 49 14 38 10 43 22 30 6 50 39 47 13 35 24 1 31 40 34 37 18 36 45 15 12 23 19 28 26 11 42 5 16 2 25 7 
student 249: 9 47 2 36 23 32 5 41 38 7 49 15 27 29 25 50 12 37 11 44 22 26 3 48 40 45 14 33 30 1 31 42 34 39 18 35 46 19 13 20 16 28 24 10 43 8 17 4 21 6 
student 250: 7 44 1 37 21 32 3 41 42 9 48 11 27 31 22 50 15 39 10 43 19 28 5 49 36 46 16 33 26 2 29 45 34 38 13 35 47 17 12 25 18 30 24 14 40 8 20 4 23 6 
student 251: 9 47 3 37 21 29 6 42 38 8 48 15 26 32 27 50 13 39 11 43 19 31 4 49 40 44 14 36 25 1 30 46 34 35 20 33 45 17 12 22 16 28 24 10 41 7 18 2 23 5 
student 252: 8 48 2 36 22 30 3 44 40 9 49 14 28 35 25 43 10 39 12 42 21 26 5 50 37 45 13 34 23 1 31 47 33 38 16 32 46 17 15 27 20 29 24 11 41 6 19 4 18 7 
student 253: 9 46 4 36 17 35 5 40 50 8 47 16 26 30 28 49 13 37 11 44 23 27 3 48 38 42 12 33 25 1 31 41 34 39 18 32 45 20 15 24 14 29 22 10 43 6 19 2 21 7 
student 254: 10 47 2 37 21 32 6 42 40 9 48 16 29 28 26 50 14 41 11 44 20 30 4 45 39 46 15 33 25 1 31 38 35 36 13 34 49 18 12 23 19 27 24 7 43 5 17 3 22 8 
student 255: 10 46 1 36 19 32 8 41 39 7 48 18 27 30 25 50 13 33 11 43 21 28 4 49 37 45 14 35 24 2 31 44 38 40 15 34 47 17 12 26 16 29 22 9 42 6 20 3 23 5 
student 256: 9 47 1 35 20 37 8 42 40 5 48 15 27 31 26 49 12 39 11 44 22 28 7 50 36 45 14 34 25 2 30 43 33 38 16 32 46 18 13 24 17 29 23 10 41 4 19 3 21 6 
student 257: 7 49 3 36 21 32 5 43 38 9 46 15 26 31 27 50 12 35 10 44 19 29 4 48 39 45 13 34 24 1 30 42 41 37 16 33 47 17 11 23 18 28 25 14 40 8 20 2 22 6 
student 258: 10 48 2 39 21 33 5 41 38 8 47 15 28 30 26 50 13 37 9 42 20 27 6 49 45 43 14 32 25 1 34 46 31 36 16 35 44 18 12 24 17 29 23 11 40 7 19 3 22 4 
student 259: 9 47 2 36 21 32 5 43 39 7 48 15 28 30 26 50 13 34 10 42 19 27 4 49 41 44 14 35 25 1 31 45 37 38 18 33 46 16 12 24 20 29 23 11 40 8 17 3 22 6 
student 260: 11 48 2 36 22 31 8 46 41 9 47 13 27 30 25 50 14 38 4 39 20 28 3 49 40 42 15 34 24 1 29 43 35 37 16 33 44 17 12 26 18 32 23 10 45 5 21 7 19 6 
student 261: 9 47 2 36 20 29 6 38 40 7 48 14 26 31 23 49 18 39 11 43 21 30 4 50 41 44 12 34 28 1 27 45 35 37 15 33 46 16 13 25 17 32 22 10 42 8 19 3 24 5 
student 262: 10 47 1 37 17 34 5 42 40 7 50 18 28 30 25 48 13 38 9 44 22 27 3 49 39 45 15 36 23 4 29 43 33 35 14 32 46 16 12 26 19 31 24 11 41 6 21 2 20 8 
student 263: 10 46 4 35 20 32 5 43 38 7 48 15 30 26 28 50 12 42 9 44 19 27 3 49 37 45 14 34 21 1 31 41 36 39 23 33 47 16 11 25 17 29 24 13 40 8 18 2 22 6 
student 264: 11 50 2 36 22 30 4 41 40 10 47 14 27 32 26 49 13 38 9 43 19 29 8 48 39 45 16 33 25 1 34 44 35 37 15 31 46 17 12 24 18 28 21 7 42 5 20 3 23 6 
student 265: 12 44 3 34 21 32 5 41 42 7 50 16 25 31 30 48 11 38 9 46 23 28 4 49 39 47 14 35 26 2 27 43 37 36 15 33 45 20 10 24 22 29 18 13 40 8 19 1 17 6 
student 266: 6 45 3 37 23 35 5 44 41 8 46 14 26 30 25 49 15 38 10 43 20 27 4 50 39 48 13 33 29 1 31 42 34 36 18 28 47 16 12 24 17 32 21 11 40 9 19 2 22 7 
student 267: 5 47 1 37 22 28 7 41 39 9 46 15 27 32 30 49 12 38 11 45 23 29 4 50 40 44 14 34 24 2 25 48 35 36 16 33 43 17 13 26 19 31 21 10 42 8 18 3 20 6 
student 268: 8 47 2 36 18 28 5 41 43 9 50 16 29 27 26 49 13 35 14 40 20 30 3 46 39 45 15 37 23 1 33 44 34 38 12 32 48 17 10 21 19 31 25 11 42 6 22 4 24 7 
student 269: 10 45 2 37 21 31 7 44 39 9 48 16 29 30 26 50 12 40 8 42 23 27 4 49 38 46 14 35 25 1 28 43 36 34 15 33 47 19 11 24 17 32 22 13 41 5 18 3 20 6 
student 270: 9 48 4 37 21 33 5 42 41 8 47 16 29 30 26 50 13 40 10 43 25 28 3 49 36 45 14 35 23 2 31 44 34 38 17 32 46 19 12 24 15 27 20 11 39 6 18 1 22 7 
student 271: 9 47 2 35 20 29 5 42 39 8 49 15 27 31 24 50 11 40 13 44 21 28 4 48 38 46 14 34 25 1 32 43 36 37 17 33 45 18 10 26 16 30 23 12 41 7 19 3 22 6 
student 272: 9 45 1 37 20 31 3 41 40 8 46 16 26 32 25 49 12 39 13 43 22 28 2 48 38 50 15 36 27 5 30 44 34 35 17 33 47 14 11 21 18 29 24 10 42 7 19 4 23 6 
student 273: 12 48 1 33 18 29 5 43 40 6 46 15 27 31 24 50 11 38 9 42 22 28 4 49 39 47 14 34 26 2 30 45 36 37 16 32 44 21 13 23 19 35 25 10 41 8 17 3 20 7 
student 274: 8 48 2 36 21 33 6 42 40 11 43 17 27 28 26 49 13 39 9 45 20 29 5 50 38 44 14 35 25 4 31 46 34 37 18 32 47 15 12 24 16 30 23 10 41 7 19 1 22 3 
student 275: 5 47 6 37 19 32 8 44 39 10 46 12 27 34 29 50 11 36 9 43 20 28 2 49 38 42 15 33 25 1 31 45 35 40 16 30 48 18 14 24 22 26 21 13 41 7 17 3 23 4 
student 276: 12 47 1 36 22 27 5 42 41 8 48 15 28 29 24 50 13 38 10 44 21 30 3 49 39 45 14 33 26 2 31 43 35 37 17 34 46 16 11 25 19 32 20 9 40 7 18 4 23 6 
student 277: 9 50 3 38 20 31 5 36 42 8 49 17 27 30 26 48 10 40 13 43 21 29 4 47 37 46 14 35 25 1 33 44 34 39 15 32 45 18 11 24 19 28 23 12 41 6 16 2 22 7 
student 278: 11 48 2 34 20 33 4 46 40 9 49 15 25 30 26 50 8 37 12 42 19 28 3 45 39 43 10 36 27 1 32 44 38 35 16 31 47 17 14 24 18 29 23 13 41 6 21 5 22 7 
student 279: 8 47 3 36 24 33 5 44 42 9 49 16 30 29 27 46 13 37 10 39 20 28 4 50 40 45 14 34 23 2 31 43 35 38 15 32 48 17 11 22 18 25 26 12 41 7 19 1 21 6 
student 280: 7 46 1 36 23 32 4 42 41 12 47 14 26 30 25 50 11 37 9 43 21 28 3 49 39 45 15 34 22 2 31 48 38 35 16 33 44 17 13 27 18 29 24 10 40 8 20 5 19 6 
student 281: 9 47 2 35 19 32 5 41 42 8 49 15 30 29 26 50 13 36 10 44 21 27 4 48 38 45 14 33 25 1 31 43 37 39 16 34 46 20 11 24 17 28 22 12 40 7 18 3 23 6 
student 282: 9 47 3 35 17 36 4 44 38 8 49 16 26 29 25 50 13 39 11 42 21 32 7 48 40 43 18 33 27 2 30 45 37 34 15 31 46 19 12 23 14 28 22 10 41 6 20 1 24 5 
student 283: 6 48 1 36 21 32 5 41 42 9 49 16 26 29 27 50 10 39 7 43 19 28 4 46 37 45 15 34 25 2 31 44 35 38 17 33 47 18 14 24 20 30 22 11 40 8 13 3 23 12 
student 284: 8 50 2 36 20 31 5 40 37 7 47 15 29 27 24 49 13 35 11 43 21 28 6 48 42 45 14 38 26 1 34 44 33 41 16 32 46 17 12 25 18 30 22 10 39 3 19 4 23 9 
student 285: 8 45 3 37 21 29 4 43 40 9 49 18 24 30 26 48 13 39 11 42 20 28 2 50 38 46 14 34 27 1 33 44 36 35 16 32 47 15 10 23 17 31 25 12 41 7 19 5 22 6 
student 286: 9 46 2 37 19 31 7 41 36 5 45 13 28 30 26 50 11 38 10 44 21 27 4 49 42 47 12 39 25 1 33 48 32 35 15 34 40 17 16 22 18 29 23 14 43 8 20 3 24 6 
student 287: 12 42 2 35 21 28 6 43 41 8 49 13 30 26 29 50 15 38 10 44 18 27 3 48 39 47 11 36 25 1 32 45 34 37 19 33 46 16 14 24 20 31 22 9 40 5 17 4 23 7 
student 288: 9 49 7 33 23 29 4 45 37 8 46 15 30 28 31 50 12 39 10 42 20 25 3 48 40 44 14 38 24 2 32 41 35 36 18 34 43 16 11 21 17 27 26 13 47 5 19 1 22 6 
student 289: 7 46 2 39 22 33 5 38 37 9 49 14 29 31 27 50 13 40 10 44 20 26 4 47 41 45 15 34 24 1 30 42 35 36 18 32 48 17 12 23 16 28 25 11 43 8 19 3 21 6 
student 290: 10 47 1 36 23 35 8 41 40 7 48 16 27 32 26 50 12 38 13 43 22 30 3 49 39 44 15 34 21 2 31 45 33 37 17 28 46 14 11 24 19 29 25 9 42 6 18 5 20 4 
student 291: 8 49 3 37 22 33 4 41 44 9 50 14 26 29 24 48 16 36 11 42 20 27 6 45 39 46 13 34 30 1 31 43 35 38 15 32 47 17 12 23 18 28 25 10 40 7 19 2 21 5 
student 292: 9 46 3 34 24 33 4 43 39 7 47 15 26 31 23 50 11 38 10 41 21 29 6 48 40 49 14 35 25 1 28 44 36 37 18 32 45 16 13 22 17 30 27 12 42 8 19 2 20 5 
student 293: 9 47 2 37 19 33 4 42 41 8 48 13 27 30 25 50 12 35 11 44 20 29 5 49 39 46 15 36 26 1 32 43 34 38 16 31 45 17 14 22 24 28 23 10 40 7 18 3 21 6 
student 294: 9 46 2 38 23 32 3 41 39 8 50 15 27 30 25 49 13 40 10 48 20 28 6 47 35 45 14 33 26 1 31 42 34 37 16 36 44 17 12 22 18 29 21 11 43 7 19 4 24 5 
student 295: 11 45 1 36 21 30 5 42 44 12 49 14 29 25 26 50 15 38 8 43 16 24 4 47 39 48 10 35 27 2 34 46 31 37 17 32 40 18 13 23 19 33 28 9 41 7 22 3 20 6 
student 296: 9 48 1 35 22 31 6 44 37 10 49 14 26 30 25 47 13 40 8 41 18 27 5 50 45 43 12 33 28 2 32 42 38 36 15 34 46 19 11 24 20 29 23 17 39 7 16 4 21 3 
student 297: 11 46 2 38 21 32 7 40 41 8 48 14 26 30 28 50 16 39 9 43 20 27 4 49 37 47 13 33 23 1 31 45 36 35 15 34 44 17 12 24 18 29 25 10 42 6 19 3 22 5 
student 298: 7 48 3 38 22 32 6 40 42 9 49 14 26 30 27 47 13 36 10 43 18 28 4 50 39 44 16 33 25 1 31 41 34 37 15 35 46 17 12 23 19 29 24 11 45 5 20 2 21 8 
student 299: 9 47 1 28 21 34 5 43 40 6 49 19 29 31 27 50 14 36 10 42 20 25 4 48 37 45 12 35 26 3 33 44 38 39 15 30 46 16 13 24 17 32 23 11 41 8 18 2 22 7 
student 300: 7 46 2 37 21 32 8 43 39 6 48 16 25 31 23 49 14 38 10 45 20 28 3 50 40 41 15 35 26 1 30 44 36 34 17 33 47 18 12 27 13 29 24 9 42 11 19 5 22 4 
student 301: 8 47 1 39 19 32 2 41 40 10 48 14 27 30 26 50 15 33 9 43 18 28 7 49 37 46 13 35 25 4 31 44 38 36 16 34 45 20 12 23 17 29 24 11 42 6 21 5 22 3 
student 302: 9 46 2 36 21 31 7 40 41 8 50 12 25 34 29 49 11 39 10 43 20 26 4 47 38 45 17 37 24 1 30 44 35 33 14 32 48 18 15 22 16 28 23 13 42 5 19 3 27 6 
student 303: 8 45 2 34 20 35 5 40 41 7 47 11 27 29 25 49 10 36 15 44 19 28 4 50 38 46 13 32 23 1 33 43 37 39 16 31 48 18 14 26 17 30 24 12 42 9 22 3 21 6 
student 304: 10 47 2 36 21 31 4 42 40 7 48 15 26 32 23 50 13 38 9 43 18 28 5 49 39 46 14 35 27 1 30 44 34 37 16 33 45 19 12 25 20 29 24 11 41 8 17 6 22 3 
student 305: 8 45 2 36 22 31 5 42 39 7 47 16 27 29 25 49 13 37 10 44 20 28 4 50 34 46 14 35 26 1 33 43 40 38 19 30 48 18 12 23 15 32 21 11 41 9 17 3 24 6 
student 306: 10 48 2 37 21 33 4 43 39 7 45 16 26 30 28 50 14 41 9 40 20 27 3 49 36 46 12 34 25 1 31 44 35 38 15 32 47 18 11 24 17 29 23 13 42 6 19 8 22 5 
student 307: 7 47 1 35 21 33 4 41 45 9 48 17 27 30 26 49 13 38 11 42 19 28 2 50 39 44 14 32 25 3 31 43 34 36 15 37 46 18 12 23 16 29 22 10 40 8 20 5 24 6 
student 308: 9 45 1 35 21 32 5 44 41 6 48 14 29 28 27 50 15 37 11 43 18 26 2 49 40 46 12 34 25 3 30 39 36 38 16 31 47 17 13 24 19 33 22 10 42 8 20 4 23 7 
student 309: 7 49 2 36 21 31 4 44 39 10 47 14 26 34 25 50 15 40 9 41 20 28 3 48 43 45 13 32 27 1 29 42 35 37 16 33 46 19 12 23 18 30 22 11 38 6 17 5 24 8 
student 310: 12 49 2 36 22 32 5 42 40 8 46 16 28 31 23 50 13 39 9 43 19 29 4 48 38 45 14 35 26 1 30 44 33 37 15 34 47 17 11 24 20 27 25 10 41 7 18 3 21 6 
student 311: 8 42 2 35 20 31 4 43 38 10 48 15 28 30 25 50 21 37 9 45 19 26 3 47 39 44 13 34 27 1 32 49 36 41 14 33 46 16 12 24 18 29 22 11 40 7 17 5 23 6 
student 312: 10 42 1 37 21 31 7 41 43 8 48 15 29 26 27 47 13 38 9 45 19 25 6 50 39 46 14 33 28 3 36 44 34 35 16 32 49 17 12 24 20 30 23 11 40 5 18 2 22 4 
student 313: 9 46 2 39 19 34 8 44 42 7 48 15 28 31 26 49 10 40 11 43 16 29 5 50 37 45 14 35 25 1 30 38 33 36 17 32 47 18 13 23 20 27 24 12 41 3 21 4 22 6 
student 314: 9 46 1 35 21 32 5 42 40 7 48 15 26 30 28 49 13 39 10 43 20 27 4 50 36 45 14 37 25 3 31 44 34 38 16 33 47 17 12 23 18 29 24 8 41 6 19 2 22 11 
student 315: 8 46 2 37 23 30 4 42 41 12 49 15 28 27 26 50 14 38 9 45 20 29 7 48 39 43 13 35 21 1 32 40 34 36 17 33 47 16 11 25 18 31 24 10 44 6 22 3 19 5 
student 316: 9 44 3 35 21 32 4 42 40 8 48 15 29 30 26 49 14 37 13 46 20 27 2 50 41 45 12 34 24 1 31 43 36 38 16 33 47 17 11 25 19 28 23 10 39 6 18 7 22 5 
student 317: 11 47 3 36 19 32 5 42 39 7 46 15 28 27 26 49 12 35 8 45 18 29 4 50 40 48 13 38 25 1 31 43 34 37 17 33 44 16 14 24 21 30 23 10 41 9 20 2 22 6 
student 318: 8 45 1 39 22 32 5 42 38 7 48 15 27 29 23 50 13 40 10 46 21 24 2 49 37 44 14 34 30 3 31 43 35 36 17 33 47 16 9 26 18 28 19 11 41 12 20 4 25 6 
student 319: 11 44 4 40 19 28 2 41 39 8 48 13 26 30 29 50 15 38 9 42 18 31 3 49 36 45 16 35 25 1 32 46 37 34 20 33 47 14 12 22 17 27 23 10 43 7 21 5 24 6 
student 320: 12 45 1 34 20 32 2 41 40 4 49 14 29 28 26 50 10 38 7 48 21 27 9 47 44 43 13 36 24 3 30 42 37 35 15 33 46 16 11 23 19 31 25 17 39 8 22 6 18 5 
student 321: 10 48 1 36 19 30 4 42 41 9 47 15 26 29 27 49 12 38 7 43 21 31 8 50 37 44 13 35 25 2 32 45 34 39 16 33 46 18 14 24 17 28 23 11 40 6 20 3 22 5 
student 322: 9 47 1 37 22 31 4 42 43 8 48 14 28 30 27 49 12 39 13 46 19 29 5 50 38 41 15 33 25 2 26 44 35 36 18 34 45 16 11 23 17 32 20 10 40 7 21 3 24 6 
student 323: 7 49 2 35 18 33 3 45 42 8 48 15 28 31 26 50 13 38 9 41 20 29 5 47 40 44 14 36 24 1 30 43 32 37 17 34 46 16 12 25 21 27 23 11 39 10 19 4 22 6 
student 324: 9 46 3 37 21 30 2 44 40 6 48 15 27 29 26 49 12 38 10 43 20 28 5 50 39 47 14 34 24 1 31 45 35 36 17 32 42 16 13 25 18 33 23 11 41 8 19 4 22 7 
student 325: 9 47 4 41 20 29 5 39 43 7 49 14 27 33 23 48 13 37 10 42 22 28 3 50 40 46 16 32 25 1 36 45 34 35 17 30 44 18 11 26 15 31 21 12 38 8 19 2 24 6 
student 326: 10 46 1 35 23 32 5 41 40 8 50 15 28 29 27 47 13 36 9 43 16 25 4 48 37 45 14 34 24 2 31 44 39 38 17 33 49 19 11 18 20 30 26 12 42 7 21 3 22 6 
student 327: 10 50 4 37 20 35 5 43 40 9 47 16 25 28 27 49 13 36 6 42 21 29 1 48 39 44 14 34 24 2 30 45 32 38 18 33 46 15 12 23 17 31 26 11 41 8 19 7 22 3 
student 328: 9 48 3 36 23 32 5 41 44 7 50 15 25 31 29 49 13 37 10 42 20 26 4 47 40 45 14 33 27 1 30 46 38 35 17 34 43 18 12 24 19 28 21 11 39 6 16 2 22 8 
student 329: 9 45 4 39 20 31 5 42 41 8 49 12 27 32 26 50 14 38 11 43 21 28 1 47 36 44 15 34 25 3 33 46 37 30 18 35 48 16 10 22 17 29 24 13 40 7 19 2 23 6 
student 330: 10 42 2 35 20 32 5 41 40 6 45 16 30 29 25 49 13 38 9 44 21 28 4 48 39 50 14 33 24 1 31 46 34 36 17 37 47 15 12 26 18 27 23 11 43 8 19 3 22 7 
student 331: 10 48 2 35 20 33 5 41 42 11 47 15 28 29 26 50 13 37 8 43 21 31 4 49 38 45 14 32 25 1 30 44 39 36 16 34 46 18 12 24 17 27 22 9 40 6 19 3 23 7 
student 332: 11 48 2 36 20 31 4 46 40 10 49 16 26 29 27 47 13 38 7 44 18 28 8 50 39 43 14 33 22 1 32 42 35 37 15 34 45 17 12 24 21 30 23 9 41 5 19 3 25 6 
student 333: 9 48 2 32 21 28 3 43 39 6 49 15 30 33 27 50 14 38 12 41 16 25 5 47 42 45 11 37 26 1 34 44 35 36 17 31 46 18 13 24 20 29 22 10 40 8 19 4 23 7 
student 334: 9 48 1 36 24 31 4 43 41 8 46 17 25 32 26 50 13 38 12 40 23 29 5 49 39 45 14 33 28 2 30 44 35 37 19 34 47 16 10 21 15 27 22 11 42 6 18 3 20 7 
student 335: 8 49 4 38 19 31 3 41 42 10 48 18 29 27 26 50 14 36 12 43 23 28 7 47 37 44 13 32 24 2 35 45 33 39 15 34 46 16 11 21 17 30 22 9 40 6 20 1 25 5 
student 336: 11 49 2 37 20 31 6 42 36 8 46 19 28 30 23 50 13 35 10 41 21 27 4 45 43 48 9 39 26 1 29 44 34 40 16 32 47 15 14 25 17 33 24 12 38 5 18 3 22 7 
student 337: 9 47 4 35 20 36 3 42 39 10 43 15 26 30 25 50 14 38 8 44 22 28 5 49 40 46 12 33 27 1 31 45 34 37 17 32 48 18 13 24 16 29 23 11 41 6 19 2 21 7 
student 338: 9 46 2 36 21 33 7 44 38 8 47 16 27 30 25 50 14 37 11 42 20 29 6 48 41 45 13 34 26 4 31 43 40 35 15 32 49 18 12 24 17 28 23 10 39 5 19 1 22 3 
student 339: 10 50 4 37 20 34 6 41 39 8 46 21 27 31 26 47 14 38 12 43 19 28 1 49 40 45 11 30 25 2 32 44 36 33 16 35 48 17 7 24 18 29 23 13 42 9 15 3 22 5 
student 340: 8 46 1 38 20 30 4 42 39 9 47 14 29 31 27 50 16 36 10 43 23 26 5 49 40 45 13 37 25 2 28 44 35 33 15 32 48 17 12 21 18 34 22 11 41 7 19 3 24 6 
student 341: 10 46 3 36 21 34 5 42 45 8 47 15 28 30 26 50 9 38 13 43 19 27 2 48 40 49 14 33 23 1 31 41 35 37 17 32 44 16 11 22 18 29 24 12 39 7 20 4 25 6 
student 342: 9 48 2 36 19 32 6 38 41 7 49 15 29 26 28 50 12 37 10 43 20 31 5 46 40 45 14 34 25 1 30 44 39 35 17 33 47 16 11 24 21 27 22 13 42 4 18 3 23 8 
student 343: 8 49 3 34 18 30 1 41 38 10 43 13 29 36 28 50 15 39 11 47 26 31 6 48 40 45 14 33 25 2 27 44 35 37 16 32 46 17 9 23 20 22 21 12 42 7 24 4 19 5 
student 344: 9 46 5 34 20 32 4 42 40 8 50 18 27 30 25 48 14 37 11 47 23 28 3 49 39 44 13 35 26 2 31 43 33 38 15 36 45 16 12 24 17 29 22 10 41 7 19 1 21 6 
student 345: 8 49 5 36 20 32 6 43 39 9 46 15 25 37 30 50 11 41 10 45 21 27 3 48 35 42 16 34 19 1 29 47 33 38 14 31 44 17 13 26 18 28 24 12 40 7 22 2 23 4 
student 346: 8 44 2 36 20 29 4 43 40 10 47 15 27 30 26 50 13 37 7 45 21 28 6 49 39 42 14 35 25 3 32 46 33 38 16 34 48 18 12 22 19 31 24 11 41 9 17 1 23 5 
student 347: 9 47 1 35 21 32 3 42 40 5 48 16 26 30 27 49 13 37 8 43 19 25 2 45 39 50 15 34 28 6 31 44 33 38 14 36 46 17 12 24 18 29 23 11 41 10 20 7 22 4 
student 348: 8 48 1 36 19 32 5 41 38 7 42 16 30 31 28 49 13 37 9 43 24 29 3 50 40 47 15 34 26 2 27 46 35 39 14 33 45 17 12 25 21 23 22 11 44 10 18 4 20 6 
student 349: 8 45 1 38 21 32 5 41 39 6 48 15 27 30 26 50 14 37 10 44 19 28 3 49 40 43 12 34 24 2 31 46 35 36 16 33 47 20 11 25 17 29 23 13 42 7 18 4 22 9 
student 350: 9 47 3 36 21 32 7 42 40 6 48 15 26 28 27 50 11 38 10 43 20 31 5 49 39 45 13 37 24 1 30 44 35 33 16 34 46 17 14 25 18 29 23 12 41 2 19 4 22 8 
student 351: 8 46 3 36 17 33 5 38 41 9 47 14 26 30 27 48 13 37 10 44 22 29 2 50 40 45 15 31 24 1 32 43 35 39 19 34 49 16 12 25 18 28 20 11 42 7 21 4 23 6 
student 352: 9 46 2 35 18 31 5 43 40 8 50 20 28 32 24 49 10 37 11 42 21 26 3 48 39 44 15 36 27 1 33 45 34 38 14 30 47 16 13 25 19 29 23 12 41 7 17 4 22 6 
student 353: 12 47 3 38 22 31 4 46 40 9 43 16 25 29 26 49 13 34 8 50 21 28 6 48 39 45 14 35 27 1 32 44 36 37 15 33 42 17 11 23 18 30 20 10 41 7 19 2 24 5 
student 354: 8 46 2 35 20 34 7 42 38 10 50 16 27 32 26 49 9 37 11 43 19 28 4 47 39 44 15 31 24 1 30 48 36 41 13 33 45 17 14 22 18 29 25 12 40 6 21 3 23 5 
student 355: 7 46 2 36 21 32 8 42 39 9 48 16 27 30 26 50 12 37 14 45 22 29 5 47 40 49 15 34 25 1 31 43 35 38 18 33 44 13 10 24 17 28 23 11 41 6 20 3 19 4 
student 356: 10 44 1 33 21 32 6 42 41 9 48 15 28 34 26 50 13 36 11 45 19 27 2 49 40 47 14 35 25 4 29 43 31 37 16 38 46 18 12 24 17 30 22 8 39 7 23 3 20 5 
student 357: 8 50 3 34 20 28 5 42 43 10 44 15 27 31 23 48 12 37 11 41 24 29 4 47 39 46 14 35 26 1 33 45 38 36 13 32 49 19 17 25 16 30 22 9 40 7 18 2 21 6 
student 358: 8 47 3 36 20 32 7 41 39 6 44 12 27 30 26 49 16 46 10 42 22 29 4 50 38 43 14 34 25 2 31 45 35 37 17 33 48 15 13 23 19 28 21 11 40 9 18 1 24 5 
student 359: 5 44 1 39 23 32 9 43 42 8 48 15 29 30 27 50 12 36 10 45 18 28 4 49 35 46 14 34 25 2 31 41 37 38 16 33 47 17 13 22 20 26 24 11 40 7 19 3 21 6 
student 360: 6 46 1 36 20 33 4 43 42 9 49 12 28 32 24 50 10 37 11 38 21 26 2 48 40 47 17 34 27 3 31 45 35 39 14 29 44 16 15 23 19 30 22 13 41 8 18 5 25 7 
student 361: 9 46 3 38 26 32 4 43 40 7 49 14 24 29 25 50 12 37 11 42 23 28 5 48 35 44 15 34 27 2 31 47 36 39 18 33 45 16 13 22 19 30 20 10 41 8 17 1 21 6 
student 362: 5 47 3 39 22 33 4 42 38 9 49 13 26 29 25 50 12 34 10 43 21 28 6 48 41 44 17 37 24 1 30 45 32 36 16 35 46 15 14 27 18 31 23 11 40 7 20 2 19 8 
student 363: 9 48 3 37 20 33 6 42 40 8 49 16 27 31 26 50 12 38 10 43 23 29 1 47 39 44 15 35 24 2 30 45 36 34 17 32 46 14 11 25 19 28 22 13 41 7 18 5 21 4 
student 364: 8 45 1 35 20 33 4 42 40 7 48 14 28 30 25 50 11 37 9 43 22 27 3 49 38 46 13 34 26 2 31 44 32 39 16 36 47 17 12 24 18 29 23 15 41 6 19 5 21 10 
student 365: 10 49 6 38 22 32 4 41 39 11 46 14 25 30 24 50 12 40 9 43 17 26 3 48 37 44 13 33 28 1 31 45 36 35 18 34 47 19 15 27 16 29 23 8 42 7 21 2 20 5 
student 366: 10 47 1 35 18 28 3 42 39 9 48 14 27 31 26 49 15 38 8 43 20 29 5 50 41 45 13 37 25 2 32 44 34 36 16 33 46 17 11 23 19 30 24 12 40 6 21 7 22 4 
student 367: 9 46 3 35 26 42 5 43 37 7 48 12 27 30 24 50 17 41 11 44 18 28 4 47 39 40 14 34 25 1 31 45 32 36 19 33 49 16 10 22 20 29 23 13 38 8 15 2 21 6 
student 368: 7 47 10 35 22 32 4 42 40 5 48 16 26 30 29 49 12 39 8 44 21 28 6 50 38 45 14 34 25 3 31 43 36 37 15 33 46 20 13 24 17 27 19 11 41 9 18 1 23 2 
student 369: 9 47 2 36 22 32 5 42 41 8 48 14 26 29 28 50 13 40 12 43 21 27 3 49 39 46 10 34 25 1 31 45 35 37 16 33 44 17 15 24 18 30 20 11 38 6 19 4 23 7 
student 370: 7 49 5 37 21 33 8 45 40 4 48 14 27 31 26 50 12 39 9 42 19 28 10 47 41 46 13 35 24 3 29 43 34 38 18 32 44 16 15 25 17 30 22 11 36 6 20 1 23 2 
student 371: 8 47 1 35 20 29 6 43 39 5 48 13 26 30 28 50 7 38 10 44 18 27 4 49 42 45 15 34 25 2 32 40 37 36 17 33 46 16 12 23 19 31 24 11 41 9 22 3 21 14 
student 372: 8 49 4 34 24 32 5 47 40 12 45 15 27 31 23 50 11 39 9 43 21 28 2 46 38 44 14 33 26 1 30 48 37 35 16 36 42 18 13 25 17 29 22 10 41 6 19 3 20 7 
student 373: 11 48 3 32 21 34 8 41 40 9 49 15 28 30 25 50 12 38 7 43 27 29 5 44 37 47 14 35 22 2 31 45 39 36 17 33 46 16 13 23 18 26 19 10 42 4 20 1 24 6 
student 374: 11 47 4 39 22 32 5 43 40 9 48 14 28 30 26 49 13 36 8 42 19 27 1 50 38 44 15 35 24 2 31 45 34 37 16 33 46 18 12 23 17 29 25 10 41 6 20 3 21 7 
student 375: 10 47 2 38 23 32 5 42 40 9 49 15 26 30 25 50 12 37 8 44 20 29 4 48 39 45 13 35 27 1 31 43 34 36 16 33 46 17 14 22 18 28 24 11 41 7 19 3 21 6 
student 376: 13 48 3 34 23 32 6 42 39 9 46 16 25 31 30 49 15 40 11 43 18 28 5 50 36 44 14 35 27 1 26 47 37 38 12 33 45 17 8 24 19 29 22 10 41 7 20 2 21 4 
student 377: 9 48 2 36 24 33 4 43 40 6 50 13 29 30 22 47 14 38 8 42 21 28 3 49 39 45 15 34 26 1 31 44 35 37 16 32 46 17 12 23 18 27 20 11 41 5 19 7 25 10 
student 378: 8 45 3 39 21 33 5 41 38 9 46 17 26 31 27 50 12 35 10 40 20 30 4 49 42 47 13 34 25 1 29 44 36 37 14 32 48 18 15 24 19 28 23 11 43 7 16 2 22 6 
student 379: 9 48 3 35 19 31 5 42 41 7 44 14 28 30 26 49 13 37 10 45 21 29 4 50 39 43 17 38 25 2 33 46 34 36 18 32 47 15 12 23 16 27 24 11 40 8 20 1 22 6 
student 380: 9 47 1 34 23 30 5 42 40 7 48 13 32 31 26 49 14 39 10 44 18 27 4 50 37 46 16 33 25 2 29 43 36 38 15 35 45 17 12 24 20 28 22 11 41 8 19 3 21 6 
student 381: 7 47 2 37 23 32 6 43 42 3 48 13 29 30 27 49 15 36 10 41 18 28 4 50 40 46 14 34 24 1 31 44 35 38 16 33 45 17 12 25 19 26 22 11 39 9 20 5 21 8 
student 382: 9 47 3 37 17 32 4 42 38 8 48 15 25 29 26 50 13 39 12 41 20 27 5 49 40 45 14 35 31 1 30 43 34 36 16 33 44 18 11 24 21 28 22 10 46 6 19 2 23 7 
student 383: 8 47 3 35 22 34 4 45 41 7 48 15 25 30 27 50 12 31 14 43 21 29 2 42 39 49 13 33 23 1 32 46 36 37 17 38 44 16 11 26 18 28 24 9 40 10 19 6 20 5 
student 384: 7 47 1 35 21 32 5 43 40 10 49 15 28 30 25 48 14 36 12 41 20 27 4 50 38 44 13 34 23 2 31 46 33 39 17 37 45 18 11 26 16 29 24 9 42 6 19 3 22 8 
student 385: 9 50 2 36 20 31 1 41 42 7 46 15 29 26 27 49 12 37 8 43 17 28 5 47 38 45 14 34 24 4 32 44 35 39 16 33 48 18 13 23 19 30 21 11 40 6 25 3 22 10 
student 386: 9 48 1 36 21 32 6 42 38 7 46 15 30 28 25 49 17 35 12 43 19 29 2 50 41 45 14 39 26 4 31 44 34 37 13 33 47 16 11 24 20 27 22 10 40 8 18 3 23 5 
student 387: 9 47 3 36 21 33 4 41 40 7 46 15 26 34 27 49 12 42 10 45 19 29 5 48 39 44 13 37 24 1 35 32 30 38 16 31 50 20 14 23 17 28 25 11 43 8 18 2 22 6 
student 388: 11 46 2 35 21 26 5 38 47 9 48 13 29 31 25 50 15 37 8 42 20 30 3 49 40 45 16 34 27 1 32 44 39 36 18 33 43 19 10 23 17 28 24 12 41 6 14 4 22 7 
student 389: 7 47 2 35 22 32 9 43 39 8 48 19 26 28 24 50 13 40 10 42 20 29 3 49 36 45 14 37 25 1 33 44 31 38 16 34 46 15 12 27 17 30 23 11 41 6 21 4 18 5 
student 390: 7 47 2 34 20 29 5 40 41 9 49 17 27 28 26 50 13 38 11 45 21 31 6 48 39 42 15 32 23 1 33 43 37 36 10 35 46 16 14 22 18 30 24 12 44 3 19 4 25 8 
student 391: 8 47 7 36 24 30 3 40 37 9 49 16 26 32 25 50 13 38 11 45 17 29 2 48 43 44 14 34 27 5 28 39 35 41 19 31 46 15 10 22 18 33 23 12 42 6 20 1 21 4 
student 392: 9 43 3 34 22 35 5 42 45 10 48 15 27 30 24 50 13 38 8 44 21 28 2 47 40 46 14 33 26 1 31 41 36 37 17 32 49 16 11 23 18 29 20 12 39 7 19 4 25 6 
student 393: 9 45 2 39 22 34 3 42 40 8 48 17 28 30 26 50 11 35 12 43 20 29 5 49 38 46 14 33 21 4 31 44 37 36 15 32 47 16 13 25 18 27 24 10 41 7 19 1 23 6 
student 394: 9 44 2 36 21 35 8 43 39 7 48 16 30 32 26 49 14 37 12 47 20 27 4 50 41 46 13 34 25 1 29 40 33 38 15 31 45 19 11 24 18 28 23 10 42 5 17 3 22 6 
student 395: 12 45 2 36 18 31 5 43 41 9 48 15 26 29 24 50 11 39 7 42 23 28 4 49 40 46 14 34 27 1 30 44 35 37 20 33 47 16 13 25 17 32 21 10 38 8 19 3 22 6 
student 396: 9 47 1 36 21 32 5 42 38 8 48 17 26 28 30 50 15 39 10 43 16 27 4 49 40 45 11 33 23 2 29 46 34 37 14 35 44 20 13 25 18 31 24 12 41 6 19 3 22 7 
student 397: 9 49 2 37 25 31 5 39 43 8 47 16 27 28 23 50 14 41 10 45 20 30 4 48 38 40 13 32 22 1 29 46 33 36 15 35 44 17 12 26 19 34 24 11 42 7 18 3 21 6 
student 398: 10 45 2 36 21 33 5 42 41 8 48 14 28 31 25 50 13 38 11 43 20 29 3 49 39 47 15 34 26 1 30 46 35 37 16 32 44 17 9 24 18 27 23 12 40 7 19 4 22 6 
student 399: 11 48 3 36 23 31 4 43 39 9 45 15 27 30 25 49 14 37 5 41 19 26 6 50 40 44 13 35 24 1 28 47 34 38 16 33 46 17 10 32 18 29 22 12 42 8 20 2 21 7 
student 400: 2 46 1 35 21 32 6 41 40 10 47 14 26 30 29 49 12 37 9 43 19 27 4 50 42 44 15 34 25 5 31 45 36 39 18 33 48 16 13 24 17 28 23 11 38 8 20 3 22 7 
student 401: 9 47 2 39 20 32 4 43 40 6 48 16 27 31 26 50 14 38 10 42 21 29 3 49 37 46 15 35 24 1 30 44 36 34 17 33 45 12 11 22 18 28 25 13 41 8 19 5 23 7 
student 402: 10 46 2 33 22 34 5 43 39 7 47 14 28 29 25 49 12 41 9 40 20 30 3 50 37 45 13 35 24 1 32 44 36 38 15 31 48 17 16 26 18 27 23 11 42 8 19 4 21 6 
student 403: 9 48 2 37 21 32 5 43 39 8 50 18 27 29 23 49 13 40 10 41 20 28 3 47 38 46 16 34 19 1 31 42 35 36 14 33 44 22 12 26 17 30 25 11 45 7 15 4 24 6 
student 404: 9 48 1 35 22 32 5 45 41 8 44 14 27 31 26 50 11 38 12 42 20 29 4 49 40 46 15 36 23 2 30 43 34 37 17 33 47 16 13 28 19 25 24 10 39 7 21 3 18 6 
student 405: 10 44 2 36 17 31 6 40 41 8 48 16 26 29 25 50 13 42 11 45 21 27 5 47 39 49 12 34 24 4 33 46 35 38 14 32 43 18 15 28 20 30 23 9 37 3 22 1 19 7 
student 406: 6 47 2 38 20 33 5 44 39 9 48 14 28 31 26 50 12 36 10 42 17 29 4 49 40 43 18 34 25 1 30 45 35 37 15 32 46 16 11 21 19 27 24 13 41 8 23 3 22 7 
student 407: 9 49 1 36 21 31 4 44 40 7 47 15 27 32 25 46 12 38 11 42 19 28 6 50 39 45 14 35 26 3 30 43 33 37 17 34 48 16 10 24 18 29 23 13 41 5 20 2 22 8 
student 408: 9 48 4 35 20 31 3 43 36 5 49 13 27 29 24 42 17 40 11 45 23 28 7 50 38 47 16 33 26 1 32 41 39 34 14 37 46 15 12 25 19 30 22 8 44 10 18 2 21 6 
student 409: 10 47 1 38 21 30 3 39 45 9 48 16 25 28 24 50 14 36 8 42 19 31 4 49 40 46 13 34 29 2 33 43 35 32 20 37 44 17 12 26 15 27 23 11 41 6 22 5 18 7 
student 410: 9 47 3 34 27 35 1 42 38 8 48 13 28 30 25 49 12 41 11 43 18 26 5 50 36 46 15 33 24 2 31 44 37 39 16 32 45 17 14 23 19 29 21 10 40 7 22 4 20 6 
student 411: 8 47 3 38 23 32 6 45 39 9 48 17 29 27 26 49 13 37 12 41 18 28 1 50 40 44 14 35 24 2 30 46 34 36 15 33 43 16 11 22 19 31 20 10 42 7 21 4 25 5 
student 412: 7 47 2 35 21 32 4 41 40 9 48 13 27 30 26 50 14 38 10 43 20 28 5 49 39 42 18 34 29 1 31 45 36 37 16 33 46 17 11 24 15 25 23 12 44 8 19 3 22 6 
student 413: 8 48 3 35 21 31 5 46 40 9 50 16 28 27 26 49 14 36 10 39 17 29 4 47 43 44 13 34 25 1 33 42 38 37 19 32 45 20 12 24 18 30 22 11 41 7 15 2 23 6 
student 414: 9 50 2 34 22 32 3 42 40 8 44 15 28 30 26 45 18 39 10 43 20 24 5 49 38 46 11 35 27 1 31 47 36 37 16 33 48 14 12 21 17 29 25 13 41 7 19 4 23 6 
student 415: 7 48 1 32 22 34 6 41 39 9 49 13 27 30 26 50 14 38 10 42 20 29 5 47 43 45 15 37 25 2 31 44 36 35 16 33 46 19 12 23 18 28 24 11 40 8 17 3 21 4 
student 416: 10 49 2 35 21 32 6 40 41 5 47 15 28 29 26 48 11 38 8 45 20 24 4 50 39 43 14 37 27 1 33 44 34 31 16 36 46 18 12 25 19 30 23 13 42 9 22 3 17 7 
student 417: 11 47 2 35 21 32 3 41 38 8 49 15 27 30 25 50 12 39 10 48 20 28 5 46 36 45 16 33 24 1 31 42 40 37 14 34 43 17 13 26 19 29 23 9 44 7 18 4 22 6 
student 418: 11 45 3 35 22 32 5 40 43 7 49 15 27 30 26 50 14 41 10 42 18 29 6 47 33 46 13 37 24 1 31 48 34 38 16 36 44 17 9 25 19 28 23 12 39 8 21 4 20 2 
student 419: 9 44 3 36 21 30 4 42 40 8 48 13 27 31 22 49 18 39 10 43 17 28 5 50 38 46 12 33 24 1 32 45 35 37 15 34 47 16 14 26 20 29 23 11 41 7 19 2 25 6 
student 420: 9 46 3 35 21 32 7 42 41 6 47 15 25 30 29 50 12 40 10 43 20 31 5 49 37 45 14 34 26 1 27 44 36 38 16 33 48 17 13 24 18 28 23 11 39 8 19 4 22 2 
student 421: 9 47 3 35 20 34 6 44 40 7 46 15 27 28 26 49 12 38 10 42 23 32 2 48 39 43 13 36 24 1 31 45 33 37 16 30 50 17 14 25 18 29 22 11 41 8 19 4 21 5 
student 422: 8 49 2 37 22 32 4 44 43 9 47 15 28 31 25 50 11 38 14 45 19 26 5 48 39 41 13 35 27 1 33 42 36 34 17 30 46 16 10 24 18 29 23 12 40 7 20 3 21 6 
student 423: 11 46 1 35 23 30 2 45 40 5 48 16 29 31 27 50 9 38 10 43 20 21 6 47 39 44 14 34 26 4 33 42 36 37 17 32 49 19 12 25 18 28 24 13 41 7 15 3 22 8 
student 424: 9 48 1 37 21 32 12 43 39 7 49 14 28 30 26 47 10 38 5 42 19 29 2 50 41 44 16 34 25 3 31 45 35 36 11 33 46 17 15 23 18 27 24 13 40 8 20 6 22 4 
student 425: 9 47 2 35 25 31 7 42 41 8 46 18 26 30 27 49 16 37 10 44 20 28 3 50 39 45 17 34 24 1 32 43 38 36 12 33 48 19 14 23 13 29 22 11 40 6 15 5 21 4 
student 426: 9 46 1 35 23 32 5 42 40 8 49 13 29 31 27 48 12 36 14 43 22 26 4 50 38 45 15 37 25 2 28 44 34 39 16 33 47 18 10 24 17 30 20 11 41 7 21 3 19 6 
student 427: 8 49 2 36 20 32 4 42 40 7 48 17 26 30 27 50 13 35 11 41 19 28 6 47 38 46 14 34 25 1 31 43 39 37 15 33 45 16 10 23 22 29 24 12 44 9 18 3 21 5 
student 428: 10 43 2 34 19 32 6 42 39 7 47 14 27 29 26 49 13 38 12 45 21 30 5 50 40 46 16 36 23 1 31 44 33 37 17 35 48 18 11 25 20 28 24 9 41 8 15 3 22 4 
student 429: 7 46 1 37 20 32 5 42 39 10 48 14 27 29 25 50 13 36 9 43 18 28 3 47 38 45 16 35 26 4 31 44 33 40 15 34 49 17 12 23 19 30 24 11 41 6 21 2 22 8 
student 430: 12 46 2 36 21 31 5 43 40 9 50 16 30 28 26 49 11 37 7 44 19 29 4 48 38 47 10 34 25 1 32 42 35 39 14 33 45 17 13 24 18 27 23 15 41 6 20 3 22 8 
student 431: 10 47 2 37 21 32 4 43 40 9 48 17 28 30 26 50 13 36 5 46 16 27 7 49 38 42 14 35 25 3 31 44 34 39 15 33 45 18 11 24 19 29 23 12 41 8 20 6 22 1 
student 432: 8 48 1 35 21 32 4 42 39 10 46 14 27 31 25 49 13 38 9 44 19 28 2 50 40 43 15 34 26 3 29 45 36 37 16 33 47 17 11 24 18 30 23 12 41 5 20 6 22 7 
student 433: 11 50 3 36 22 34 6 43 40 8 46 15 26 31 27 48 13 39 10 45 20 29 4 49 41 44 14 35 25 2 30 42 32 37 16 33 47 17 9 24 18 28 21 12 38 7 19 1 23 5 
student 434: 11 43 2 34 20 36 3 45 38 7 48 16 27 30 26 50 14 37 8 44 19 25 6 49 40 46 12 31 28 1 32 47 35 39 17 33 41 13 10 22 18 29 24 15 42 5 21 4 23 9 
student 435: 9 47 1 39 19 33 7 42 40 8 46 12 29 31 28 49 14 37 10 43 21 25 6 50 38 45 15 34 27 5 32 44 36 35 18 30 48 16 13 24 17 26 23 11 41 4 20 2 22 3 
student 436: 8 48 3 35 19 32 5 42 40 10 46 14 31 29 26 50 15 36 11 45 21 27 4 49 39 44 13 34 25 1 30 43 37 38 20 33 47 17 9 24 16 28 23 12 41 7 18 2 22 6 
student 437: 10 42 3 37 19 34 7 44 32 8 48 12 26 29 27 50 9 39 11 40 22 28 4 49 41 46 15 36 25 1 30 45 33 38 16 35 47 18 13 23 17 31 24 14 43 5 21 2 20 6 
student 438: 8 47 3 38 22 32 7 45 41 9 48 16 24 30 26 50 11 35 10 39 19 27 1 49 40 46 14 34 25 2 31 42 36 37 13 33 43 17 15 23 18 28 29 12 44 6 20 4 21 5 
student 439: 10 48 2 37 21 32 5 43 41 9 46 13 27 30 26 50 14 40 11 42 20 29 4 49 34 47 15 36 24 6 31 44 35 38 17 33 45 19 12 23 16 28 25 8 39 1 18 3 22 7 
student 440: 11 47 5 38 22 32 4 42 39 7 48 17 26 27 28 50 10 36 9 41 19 30 3 49 37 44 15 34 25 2 29 43 35 40 16 31 46 13 14 24 18 33 21 12 45 6 20 1 23 8 
student 441: 4 48 1 36 20 32 7 42 39 9 47 14 27 31 26 50 13 38 12 45 21 29 5 49 41 46 15 34 22 2 33 43 28 37 16 35 44 17 11 25 18 30 24 10 40 8 19 3 23 6 
student 442: 11 47 1 37 20 32 4 42 38 9 49 14 26 33 27 48 8 40 18 44 17 28 6 50 39 46 13 35 25 2 30 45 31 36 15 34 43 19 12 22 23 29 21 10 41 7 16 3 24 5 
student 443: 9 46 2 37 22 31 4 44 42 8 47 16 25 30 27 49 10 39 11 41 18 29 6 50 40 48 12 36 24 1 33 43 34 38 15 32 45 17 14 23 19 28 21 13 35 7 20 3 26 5 
student 444: 10 45 2 35 22 34 6 42 39 8 49 15 28 29 26 50 13 38 12 43 21 27 5 48 40 44 14 32 24 1 31 46 36 37 16 33 47 17 9 23 18 30 25 11 41 7 19 4 20 3 
student 445: 11 48 2 36 21 33 1 43 38 9 50 17 27 31 26 47 14 37 8 42 20 28 7 49 40 45 12 34 24 3 32 44 35 39 15 29 46 18 13 25 16 30 22 10 41 6 19 5 23 4 
student 446: 10 44 2 36 21 32 7 42 41 6 48 16 26 34 28 50 13 39 11 45 20 27 4 47 38 43 12 33 25 1 31 46 35 37 15 30 49 18 9 24 17 29 23 14 40 5 19 3 22 8 
student 447: 9 47 3 36 23 30 4 42 40 8 50 14 27 29 26 49 12 38 16 46 18 31 1 48 37 45 13 34 24 2 32 43 35 39 20 33 44 17 10 22 15 28 25 11 41 6 21 5 19 7 
student 448: 10 47 3 36 20 30 4 42 39 13 48 14 26 28 25 49 9 38 16 43 19 29 7 50 40 46 12 34 27 1 31 44 35 37 15 33 45 21 11 22 17 32 23 8 41 5 18 2 24 6 
student 449: 7 48 2 36 19 33 5 42 39 6 47 13 27 29 26 50 18 35 10 45 24 28 3 49 38 46 14 32 25 1 31 44 37 40 16 34 43 15 12 23 17 30 22 11 41 9 20 4 21 8 
student 450: 13 47 3 35 17 31 5 43 40 9 48 18 25 29 23 50 14 37 8 44 15 27 4 49 39 42 12 32 26 2 33 45 36 38 11 34 46 16 21 28 19 30 20 10 41 7 22 1 24 6 
student 451: 8 48 1 34 18 32 6 43 40 5 47 13 24 30 27 49 12 39 7 44 22 29 3 50 38 42 15 33 26 2 31 46 35 37 16 36 45 17 11 25 19 28 23 14 41 10 20 4 21 9 
student 452: 8 47 1 37 21 25 5 43 42 10 48 14 30 31 27 49 15 39 9 40 16 24 3 50 32 45 13 36 26 2 33 44 35 38 19 34 46 18 12 29 17 28 22 11 41 7 20 4 23 6 
student 453: 9 48 1 34 25 32 5 43 41 8 47 15 24 27 28 50 14 38 10 40 21 29 3 49 39 46 13 36 26 4 31 42 35 37 16 33 45 17 11 22 19 30 23 12 44 7 18 2 20 6 
student 454: 13 47 2 36 22 32 8 43 39 12 48 6 24 29 26 50 11 37 7 42 20 27 4 49 40 45 18 33 23 1 31 44 35 38 14 34 46 17 15 30 16 28 25 10 41 9 19 3 21 5 
student 455: 11 47 1 37 22 33 5 41 39 8 48 14 27 30 26 49 13 40 9 44 18 28 4 50 38 46 15 34 25 2 31 43 36 35 16 32 45 20 12 23 17 29 21 10 42 6 24 3 19 7 
student 456: 10 47 3 35 22 31 6 42 41 12 49 14 28 30 26 50 11 38 9 43 20 25 5 48 40 46 13 34 24 1 33 44 36 37 16 32 45 15 17 27 19 29 23 8 39 7 18 2 21 4 
student 457: 6 48 9 37 22 30 4 41 42 10 50 14 29 28 23 49 12 39 13 45 20 25 2 44 35 43 15 33 21 3 32 46 36 38 16 34 47 18 11 27 19 31 24 7 40 5 17 1 26 8 
student 458: 13 48 3 40 22 33 6 43 39 9 49 14 26 34 24 47 15 36 10 42 20 29 4 50 38 45 11 31 27 1 32 44 35 37 18 30 46 17 8 23 16 28 25 12 41 5 19 2 21 7 
student 459: 10 47 2 35 20 32 6 44 38 8 49 15 26 30 23 50 13 39 9 41 22 27 5 48 45 43 18 34 28 1 31 46 36 37 14 33 42 19 12 25 16 29 24 11 40 4 17 3 21 7 
student 460: 9 46 3 36 19 33 5 42 39 7 47 15 26 31 27 50 16 38 12 45 22 24 8 49 40 43 13 30 29 1 32 44 35 37 14 34 48 17 11 25 18 28 23 6 41 10 20 2 21 4 
student 461: 9 46 2 36 18 38 5 42 40 8 48 16 27 28 26 50 14 37 11 43 21 29 3 49 39 45 15 34 25 1 31 44 33 35 17 32 47 19 12 24 13 30 22 10 41 7 20 4 23 6 
student 462: 9 47 1 35 21 29 6 42 40 8 49 15 27 28 24 50 11 38 10 43 19 31 4 48 37 45 13 34 26 2 30 44 39 36 17 33 46 16 14 25 20 32 22 12 41 5 18 3 23 7 
student 463: 13 46 2 35 21 31 6 40 39 7 48 14 26 28 27 50 8 42 12 41 22 29 5 49 37 44 10 36 25 1 33 43 34 38 16 32 47 17 15 24 20 30 23 9 45 11 18 3 19 4 
student 464: 10 47 2 40 16 32 5 38 39 12 48 14 25 30 27 49 11 36 8 42 22 28 4 50 45 44 19 37 26 1 31 43 34 33 15 35 46 18 13 24 17 29 23 9 41 7 20 3 21 6 
student 465: 10 48 3 35 19 28 1 42 40 8 47 20 27 32 26 49 11 37 9 45 24 29 5 50 38 46 12 36 25 2 33 43 30 39 14 34 44 16 15 23 17 31 22 13 41 7 18 4 21 6 
student 466: 10 46 2 35 18 37 5 43 38 8 47 15 27 30 26 50 14 39 11 42 22 29 3 49 40 45 12 31 24 1 33 44 36 32 16 34 48 17 9 25 21 28 23 13 41 7 19 4 20 6 
student 467: 3 47 4 35 23 30 1 43 39 9 49 12 26 33 27 50 14 41 10 40 19 28 6 48 38 46 11 34 25 2 29 44 37 36 15 32 45 17 13 24 18 31 22 16 42 7 20 5 21 8 
student 468: 9 47 1 37 23 27 6 41 40 8 48 13 29 33 28 50 14 34 10 43 20 26 4 49 36 45 15 35 25 2 30 44 38 39 16 32 46 18 12 22 17 31 24 11 42 7 19 3 21 5 
student 469: 9 47 1 38 18 32 6 43 40 7 48 15 26 30 27 50 11 37 10 42 22 28 3 49 39 45 13 35 24 2 33 44 34 36 16 31 46 19 14 25 17 29 21 12 41 8 20 5 23 4 
student 470: 9 47 1 36 22 32 5 43 41 8 46 15 25 30 24 50 13 37 10 42 19 29 4 49 38 45 14 33 27 3 31 44 34 40 16 35 48 20 12 26 17 28 21 11 39 7 18 2 23 6 
student 471: 8 47 5 38 20 33 6 42 40 12 46 16 28 29 26 48 10 36 9 43 21 27 1 50 39 49 14 34 24 2 30 44 37 35 15 32 45 19 13 23 18 31 22 11 41 7 17 3 25 4 
student 472: 8 47 3 36 21 33 5 41 40 11 48 17 26 32 25 50 14 39 9 42 18 27 4 49 37 44 13 34 24 1 29 45 35 38 15 31 46 16 12 23 19 28 30 10 43 7 20 2 22 6 
student 473: 10 46 3 35 20 36 6 44 41 8 47 14 25 30 29 48 11 40 9 42 21 26 4 50 39 45 13 33 23 2 31 43 34 37 16 32 49 17 15 27 18 28 22 12 38 7 19 1 24 5 
student 474: 9 45 2 35 21 32 3 43 42 8 47 15 27 30 23 49 12 40 11 41 20 28 6 50 36 44 14 34 26 1 31 46 38 37 16 33 48 13 17 25 18 29 24 10 39 7 19 4 22 5 
student 475: 9 48 3 34 23 32 5 41 39 8 47 14 28 30 26 50 13 38 10 42 21 29 4 49 44 45 17 35 25 2 31 46 36 37 16 33 43 15 12 20 18 27 24 11 40 6 19 1 22 7 
student 476: 9 47 1 38 20 31 5 43 39 6 48 15 25 30 26 50 13 37 10 42 19 28 7 49 41 44 14 34 27 4 32 45 35 36 16 33 46 21 11 24 17 29 23 12 40 8 18 2 22 3 
student 477: 9 46 2 38 21 31 5 42 39 7 45 14 29 30 24 48 12 36 10 43 22 27 6 50 40 47 15 35 17 4 32 44 34 37 19 33 49 18 13 26 16 28 25 11 41 3 20 1 23 8 
student 478: 9 48 2 35 22 34 5 40 39 8 49 15 27 29 26 50 13 37 12 43 19 28 4 47 41 45 14 36 23 1 33 44 32 38 16 30 46 18 11 20 17 31 25 10 42 7 21 3 24 6 
student 479: 9 44 3 35 17 32 6 42 41 7 49 16 28 30 21 48 13 38 8 45 22 27 4 50 40 43 15 34 26 1 31 47 37 36 14 33 46 19 11 24 20 29 25 12 39 10 18 2 23 5 
student 480: 11 45 1 36 22 31 5 41 42 7 49 15 27 33 26 46 14 39 9 43 20 28 3 50 37 47 13 35 25 4 29 44 34 38 16 32 48 17 12 24 19 30 21 10 40 6 18 2 23 8 
student 481: 10 47 3 40 22 32 7 45 43 6 48 16 28 29 27 50 13 36 9 37 20 26 2 49 41 46 14 38 24 1 30 44 34 35 15 33 42 17 12 25 19 31 23 11 39 8 18 5 21 4 
student 482: 9 48 1 35 22 31 6 43 39 8 47 16 25 32 26 50 11 38 12 44 20 27 5 49 40 41 13 33 29 2 28 45 36 37 15 34 46 17 10 24 18 30 23 14 42 7 19 3 21 4 
student 483: 9 49 3 32 21 31 6 41 40 8 48 15 30 26 25 50 12 38 10 42 19 33 1 47 39 46 14 34 24 2 28 43 37 36 16 35 44 17 13 23 18 29 27 11 45 7 20 4 22 5 
student 484: 10 49 3 36 16 31 8 43 38 5 46 17 25 28 29 50 14 39 9 44 20 26 4 48 40 47 12 37 24 2 32 41 34 35 18 33 45 19 13 23 15 30 22 11 42 7 27 1 21 6 
student 485: 10 45 1 34 21 31 3 44 41 9 48 15 28 35 26 49 12 37 7 43 19 29 5 50 40 46 14 30 24 2 33 42 36 38 16 32 47 17 13 25 18 27 22 11 39 8 20 4 23 6 
student 486: 10 47 2 36 23 32 4 38 42 7 48 14 27 29 26 50 12 39 9 43 17 31 3 49 40 44 16 34 25 1 30 45 35 37 19 33 46 15 11 24 18 28 22 13 41 8 20 5 21 6 
student 487: 6 46 3 38 22 31 9 43 39 8 48 14 26 30 25 49 13 42 10 41 20 27 4 50 34 47 11 33 28 1 32 44 36 37 16 35 45 17 12 21 19 29 24 15 40 7 18 2 23 5 
student 488: 9 45 2 37 21 32 8 40 41 7 48 11 27 30 26 50 13 38 12 42 20 28 3 47 39 46 15 36 25 1 31 44 34 35 17 33 49 16 14 24 18 29 22 10 43 6 19 5 23 4 
student 489: 9 47 2 39 21 32 6 42 41 8 49 15 27 29 26 50 12 37 10 40 22 28 4 48 38 45 14 33 24 1 31 44 36 34 16 35 46 20 13 23 18 30 19 11 43 7 17 3 25 5 
student 490: 11 44 2 32 20 33 6 41 40 8 45 13 28 30 26 49 12 37 9 42 21 27 5 48 38 47 15 35 25 1 31 43 46 36 19 34 50 16 14 24 17 29 23 10 39 4 18 3 22 7 
student 491: 9 47 4 37 25 33 6 41 38 7 48 14 28 30 27 50 15 36 10 42 20 29 1 49 40 46 13 35 26 3 31 44 32 39 16 34 43 19 12 23 18 21 24 11 45 8 17 5 22 2 
student 492: 9 46 4 37 21 33 3 41 42 8 47 15 30 32 27 50 13 36 10 44 18 26 7 48 38 45 14 35 25 1 29 43 34 39 16 31 49 19 12 24 20 28 23 11 40 6 17 2 22 5 
student 493: 9 46 1 37 20 32 5 42 39 8 49 13 24 30 25 47 17 38 10 44 21 27 2 50 40 48 15 35 28 4 31 43 34 36 16 33 45 12 14 26 18 29 22 11 41 6 19 7 23 3 
student 494: 8 49 2 38 20 33 7 44 39 9 43 16 27 31 26 50 12 37 11 42 19 29 4 48 41 45 15 34 25 1 32 46 36 35 17 28 47 13 10 24 18 30 23 14 40 6 22 5 21 3 
student 495: 9 49 3 36 22 32 4 40 39 6 47 15 27 31 26 50 13 38 11 45 20 29 2 48 41 44 16 35 24 1 28 42 33 37 14 34 46 17 10 25 19 30 23 12 43 8 21 7 18 5 
student 496: 9 50 1 37 21 31 6 40 41 10 48 16 28 27 25 49 12 36 15 42 20 29 4 47 39 46 13 34 26 2 32 44 35 38 17 33 45 18 11 24 19 30 23 8 43 7 14 3 22 5 
student 497: 11 50 1 37 26 33 4 42 41 7 47 14 27 32 25 49 15 40 12 43 20 28 2 48 38 45 10 35 24 3 31 44 34 39 16 30 46 17 13 22 18 29 23 9 36 8 19 5 21 6 
student 498: 9 43 2 36 22 33 3 49 40 8 46 16 29 31 27 48 13 39 10 42 20 25 7 50 38 47 14 34 26 1 32 44 30 37 15 35 45 17 11 24 18 28 21 12 41 5 19 6 23 4 
student 499: 9 50 4 36 25 32 6 42 41 8 39 11 27 30 28 48 15 38 10 45 19 24 3 49 40 47 14 35 23 1 29 46 34 37 16 33 44 18 13 21 17 31 26 12 43 5 20 2 22 7 
