student 0: 15 26 36 14 23 48 16 5 45 37 43 28 40 17 27 49 6 38 1 39 32 46 13 47 24 7 11 21 30 29 42 50 31 33 10 41 35 4 18 34 2 22 25 44 9 19 3 8 12 20 
student 1: 16 27 35 14 21 50 19 10 47 38 40 23 36 12 32 48 6 39 1 42 30 46 5 45 26 7 13 22 29 31 44 49 28 34 11 41 37 4 18 33 2 25 24 43 9 17 3 8 15 20 
student 2: 14 27 36 17 21 50 18 10 44 38 43 23 37 11 33 47 6 40 1 39 32 45 8 48 25 7 12 22 30 28 42 49 29 34 13 41 35 4 16 31 2 24 26 46 5 19 3 9 15 20 
student 3: 15 27 35 14 21 46 19 11 45 38 42 24 37 10 31 48 5 39 1 40 32 44 8 49 26 6 13 23 30 28 47 50 29 33 12 41 36 4 18 34 2 25 22 43 7 17 3 9 16 20 
student 4: 15 25 36 13 21 47 19 12 48 37 42 22 35 8 34 50 7 38 1 40 33 43 6 46 26 5 10 23 29 27 45 49 32 39 20 41 31 4 17 30 2 24 28 44 9 16 3 11 14 18 
student 5: 13 27 36 15 22 48 18 12 44 39 42 20 38 8 33 47 6 37 2 40 29 46 9 49 24 3 14 23 32 28 45 50 30 31 10 41 35 5 16 34 1 25 26 43 7 19 4 11 17 21 
student 6: 12 24 36 15 20 47 13 11 43 39 42 27 37 10 31 46 4 38 2 41 33 48 7 49 26 5 16 21 30 25 44 50 29 34 8 40 35 6 19 32 3 23 28 45 9 18 1 14 17 22 
student 7: 15 30 37 16 19 50 18 12 45 39 43 23 36 9 33 47 5 40 2 38 32 46 6 48 25 7 14 26 28 22 44 49 29 35 10 42 34 3 13 31 4 24 27 41 11 17 1 8 20 21 
student 8: 15 28 36 14 21 49 20 11 46 37 39 23 38 9 31 45 4 40 1 41 32 47 5 48 26 8 13 22 30 29 42 50 27 34 10 43 35 7 17 33 2 24 25 44 6 18 3 12 16 19 
student 9: 15 27 35 14 22 48 18 12 44 36 41 24 40 11 31 47 4 38 5 42 33 46 7 49 26 6 13 21 30 28 45 50 29 32 8 39 34 2 19 37 3 23 25 43 9 17 1 10 16 20 
student 10: 16 28 36 14 23 49 19 12 45 38 42 20 37 8 33 47 5 39 1 40 34 46 7 48 24 6 13 21 31 27 44 50 29 32 9 41 35 4 15 30 3 25 26 43 10 17 2 11 18 22 
student 11: 14 27 36 15 22 48 18 11 50 39 40 21 34 10 31 45 5 38 3 44 32 46 7 49 24 6 16 23 30 28 42 47 29 35 12 41 33 4 19 37 1 20 25 43 8 17 2 9 13 26 
student 12: 16 28 36 12 22 49 18 13 44 40 43 24 38 8 31 47 4 37 1 39 34 45 6 48 25 7 14 21 30 29 41 50 26 35 11 42 33 5 17 32 2 23 27 46 10 20 3 9 15 19 
student 13: 16 27 34 14 22 50 19 11 47 38 44 25 37 13 33 42 5 40 4 43 36 46 7 48 23 6 15 20 30 28 41 49 29 32 10 39 35 3 12 31 2 24 26 45 8 18 1 9 17 21 
student 14: 15 31 37 14 20 50 18 11 46 39 42 24 38 9 29 45 7 36 4 41 33 47 5 49 25 3 13 23 30 27 43 48 28 35 12 40 34 1 17 32 2 22 26 44 10 19 6 8 16 21 
student 15: 13 29 35 14 20 46 19 16 45 38 41 23 37 10 32 47 8 36 1 42 31 48 6 49 24 4 12 22 30 27 44 50 28 33 11 40 39 9 17 34 2 21 25 43 5 18 3 7 15 26 
student 16: 17 27 38 16 20 49 18 13 45 39 43 24 37 14 30 46 6 40 2 41 32 48 7 47 25 5 11 22 34 28 44 50 29 33 10 36 35 4 15 31 1 23 26 42 8 19 3 9 12 21 
student 17: 15 28 35 13 19 47 20 12 45 37 41 24 36 9 31 49 6 40 2 43 38 46 7 48 26 3 14 21 30 29 42 50 27 34 11 44 33 1 17 32 4 23 25 39 8 18 5 10 16 22 
student 18: 16 26 35 15 19 47 20 14 45 34 41 22 37 10 31 48 8 38 1 39 33 46 6 50 24 5 12 25 29 28 44 49 30 32 13 42 43 2 11 36 3 23 27 40 9 18 4 7 17 21 
student 19: 16 26 42 10 20 48 19 11 40 37 43 22 35 9 28 47 4 38 1 45 34 46 5 50 23 6 14 21 30 27 39 49 29 36 13 41 33 8 18 32 2 31 24 44 7 17 3 12 15 25 
student 20: 18 28 33 15 22 50 19 12 45 39 44 23 37 10 35 47 5 40 1 41 32 46 8 48 24 6 11 21 29 30 42 49 26 36 13 43 34 4 17 31 2 25 27 38 9 16 3 7 14 20 
student 21: 17 28 37 14 22 49 19 13 44 35 43 21 38 11 29 47 6 39 2 41 34 45 8 48 25 7 16 23 31 27 42 50 30 33 10 46 36 5 12 32 1 24 26 40 4 15 3 9 18 20 
student 22: 14 27 36 17 20 49 18 11 45 39 41 24 35 15 31 46 5 38 2 40 33 47 6 48 26 8 13 23 29 30 44 50 28 34 10 42 37 1 12 32 3 22 25 43 7 19 4 9 16 21 
student 23: 15 24 37 13 20 49 19 11 45 39 43 23 36 7 32 46 1 40 2 41 33 47 9 48 27 6 14 22 26 29 42 50 30 34 12 38 35 3 17 31 4 25 28 44 8 21 5 10 16 18 
student 24: 15 27 39 14 20 46 21 12 43 38 41 23 36 10 32 48 5 40 1 42 33 44 7 49 25 6 13 22 30 28 47 50 29 35 11 37 31 2 16 34 4 24 26 45 8 17 3 9 19 18 
student 25: 15 26 36 14 20 48 18 13 45 38 39 28 37 10 31 47 7 41 1 44 33 46 6 49 25 3 11 21 27 29 43 50 30 35 12 42 34 4 17 32 2 23 24 40 8 19 5 9 16 22 
student 26: 15 27 37 13 25 48 20 12 46 39 41 23 36 14 28 45 5 40 3 42 34 47 11 49 24 8 10 21 31 30 43 50 29 35 7 38 33 4 17 32 2 22 26 44 9 19 1 6 16 18 
student 27: 15 31 38 14 21 50 20 11 45 37 43 23 36 10 29 47 4 39 1 40 33 46 3 48 25 7 13 22 32 27 44 49 28 35 12 41 34 5 18 30 2 24 26 42 6 17 8 9 16 19 
student 28: 12 23 35 14 21 50 19 10 46 36 41 22 37 9 32 44 7 39 1 42 38 47 5 49 25 3 15 24 31 26 45 48 28 33 13 40 30 4 16 34 2 27 29 43 8 18 6 11 17 20 
student 29: 14 25 37 13 23 49 18 10 46 35 42 20 38 9 31 48 5 39 1 41 32 45 6 47 24 7 15 22 29 28 44 50 33 34 12 40 36 3 16 30 4 27 26 43 11 21 2 8 17 19 
student 30: 18 28 36 16 24 49 20 8 45 37 43 21 39 10 34 47 7 38 1 42 33 46 3 48 25 5 13 22 29 31 44 50 27 35 11 40 32 4 15 30 2 23 26 41 9 17 6 14 12 19 
student 31: 15 28 37 14 21 49 17 12 46 39 43 22 36 10 31 48 5 41 1 38 33 42 7 47 27 6 13 24 32 29 45 50 26 34 11 40 35 3 16 30 2 23 25 44 8 19 4 9 18 20 
student 32: 17 28 36 14 19 49 20 13 47 37 42 24 38 11 30 46 5 39 2 43 33 44 10 48 23 8 12 22 32 27 45 50 29 34 7 40 35 4 18 31 1 25 26 41 6 16 3 9 15 21 
student 33: 13 28 35 17 21 49 20 12 46 37 42 23 39 7 31 47 4 40 2 44 33 45 6 50 26 8 14 22 30 27 43 48 29 34 11 41 36 3 19 32 1 24 25 38 9 16 5 10 15 18 
student 34: 15 26 35 14 21 50 16 9 45 39 41 24 37 11 34 47 4 36 1 38 32 46 6 48 25 8 12 23 31 28 43 49 27 33 13 44 40 5 18 30 2 22 29 42 10 17 3 7 20 19 
student 35: 14 30 35 15 18 47 16 12 46 38 42 22 37 9 33 48 5 39 1 45 29 44 8 49 23 6 13 21 31 26 43 50 28 32 11 40 36 4 19 34 3 24 27 41 10 20 2 7 17 25 
student 36: 16 26 36 15 20 49 21 13 46 39 42 22 37 11 30 45 6 38 2 40 33 47 7 48 25 5 12 23 31 27 43 50 29 34 9 41 35 4 17 32 3 28 24 44 8 18 1 10 14 19 
student 37: 15 26 35 14 22 48 17 12 46 40 42 21 38 10 32 47 7 41 2 39 34 45 5 49 25 6 13 23 29 28 44 50 30 31 11 43 36 4 20 33 1 24 27 37 8 16 3 9 18 19 
student 38: 15 24 36 16 22 50 20 9 44 37 43 26 38 12 34 45 4 39 1 40 31 48 7 47 25 5 14 21 30 27 46 49 29 33 13 41 35 3 18 32 2 23 28 42 8 17 6 10 11 19 
student 39: 14 27 35 16 22 49 19 11 45 39 42 21 38 9 30 47 5 37 1 40 33 46 6 48 25 7 13 23 31 29 44 50 26 34 10 41 36 3 17 32 2 24 28 43 8 18 4 12 15 20 
student 40: 16 27 38 14 22 50 18 11 42 36 43 21 35 12 24 45 5 39 1 40 33 46 7 48 23 6 13 25 32 29 44 49 31 30 10 41 37 4 17 34 2 26 28 47 8 19 3 9 15 20 
student 41: 13 26 36 15 21 49 18 14 46 40 44 22 37 10 31 43 4 38 1 39 32 48 9 47 25 6 16 23 30 29 45 50 28 34 11 42 35 5 17 33 2 27 24 41 7 19 3 8 12 20 
student 42: 15 27 36 12 21 49 20 11 44 39 42 25 37 9 31 47 5 38 2 41 33 46 4 50 26 6 14 22 30 28 45 48 29 34 13 40 35 1 17 32 3 23 24 43 8 18 7 10 16 19 
student 43: 15 22 36 14 18 50 20 13 44 37 45 23 38 9 31 47 5 40 1 39 32 46 10 48 30 7 11 24 29 28 43 49 27 35 12 41 34 6 19 33 2 25 26 42 4 16 3 8 17 21 
student 44: 16 27 35 15 18 49 21 14 48 39 41 24 38 11 31 46 5 40 1 37 36 43 7 47 25 4 12 23 30 29 45 50 28 33 10 42 34 6 20 32 2 22 26 44 8 17 3 9 13 19 
student 45: 16 26 32 13 22 49 18 12 41 40 42 19 34 5 33 43 4 38 1 45 35 47 9 48 27 7 14 23 31 28 46 50 29 36 10 39 37 8 17 30 2 24 25 44 6 20 3 11 15 21 
student 46: 14 26 38 15 20 50 21 10 46 39 43 22 36 12 31 48 4 30 2 41 33 42 6 47 27 7 13 23 32 29 45 49 28 37 11 40 35 3 17 34 1 25 24 44 9 18 5 8 16 19 
student 47: 16 26 30 13 22 49 19 11 46 34 43 23 41 10 35 47 9 37 1 38 36 44 7 48 25 6 14 21 32 28 45 50 29 33 12 42 40 2 18 31 4 24 27 39 3 17 5 8 15 20 
student 48: 15 26 35 10 20 50 21 12 45 38 41 22 37 9 30 47 6 39 3 42 36 48 7 49 23 5 14 25 31 27 44 46 33 29 13 40 34 2 17 32 1 28 24 43 8 18 4 11 16 19 
student 49: 14 27 36 13 22 50 19 12 42 38 44 21 37 10 30 46 5 39 2 40 33 43 7 48 24 6 17 23 29 31 47 49 28 34 11 41 35 3 16 32 1 25 26 45 9 18 4 8 15 20 
student 50: 13 27 36 11 21 48 22 16 47 38 42 19 37 8 31 46 1 39 3 40 34 44 6 49 25 10 14 23 29 28 45 50 30 33 12 41 35 5 17 32 2 24 26 43 9 18 4 7 15 20 
student 51: 15 28 35 14 23 46 17 9 48 37 43 21 38 7 31 49 5 39 1 40 33 47 10 44 25 8 18 22 29 30 45 50 27 36 11 42 34 4 12 32 2 24 26 41 6 19 3 13 16 20 
student 52: 16 26 37 15 23 49 17 12 44 40 41 22 34 9 30 46 4 43 1 38 33 47 7 48 25 6 13 21 31 28 42 50 29 35 11 39 36 5 19 32 2 24 27 45 8 18 3 10 14 20 
student 53: 14 30 35 13 21 48 20 15 43 37 47 23 36 12 33 49 4 39 1 40 34 46 7 45 24 6 10 22 28 26 42 50 27 32 11 41 38 3 17 31 5 29 25 44 9 19 2 8 16 18 
student 54: 14 26 39 16 23 47 19 12 44 42 48 24 35 7 36 46 4 37 5 38 32 45 8 49 22 6 13 21 31 29 43 50 30 33 10 40 34 1 15 28 3 27 25 41 9 17 2 11 18 20 
student 55: 17 30 36 15 19 48 18 6 45 37 42 24 38 10 29 46 7 41 1 39 33 49 8 50 27 5 13 22 28 25 43 47 32 34 12 40 35 4 21 31 2 26 23 44 9 14 3 11 16 20 
student 56: 15 26 36 13 22 48 23 9 44 34 41 28 39 11 29 50 4 40 2 35 33 47 7 49 25 6 14 20 30 27 42 45 31 37 12 43 38 5 17 32 1 21 24 46 10 18 3 8 16 19 
student 57: 13 26 37 15 21 48 18 14 44 33 42 24 38 10 28 45 6 39 1 40 36 47 7 50 25 5 12 22 27 31 43 49 30 34 11 41 35 3 19 32 2 23 29 46 8 17 4 9 16 20 
student 58: 12 28 36 11 19 48 18 13 47 38 42 22 37 8 30 46 7 39 1 41 32 45 5 49 25 6 15 23 33 26 43 50 29 34 9 40 35 3 17 31 2 24 27 44 10 20 4 14 16 21 
student 59: 15 28 40 14 22 49 19 11 43 38 42 25 34 10 32 48 1 37 3 41 36 46 8 47 24 6 13 21 30 26 44 50 29 33 12 39 35 5 16 31 2 23 27 45 7 18 4 9 17 20 
student 60: 13 26 36 16 17 49 19 10 43 37 44 23 39 9 30 46 3 41 1 38 34 47 6 48 25 7 15 21 31 27 45 50 29 33 12 40 35 5 18 32 4 24 28 42 8 20 2 11 14 22 
student 61: 15 27 37 14 22 47 18 11 46 38 42 23 34 10 32 50 4 39 2 40 36 45 7 49 24 6 13 21 29 28 44 48 30 33 12 41 35 1 17 31 3 25 26 43 9 19 5 8 16 20 
student 62: 13 25 36 19 21 48 18 12 47 34 42 22 39 9 30 46 7 40 1 38 33 45 6 50 26 5 14 23 32 27 43 49 29 31 11 41 37 4 16 35 2 24 28 44 10 17 3 8 15 20 
student 63: 16 25 36 12 22 48 18 11 44 37 41 24 39 10 30 47 6 38 2 46 35 43 5 49 26 8 13 23 31 28 45 50 29 33 15 40 34 4 17 32 3 21 27 42 7 19 1 9 14 20 
student 64: 16 30 36 14 20 48 19 8 45 40 42 25 38 12 31 46 4 43 1 39 33 47 10 49 28 7 13 23 29 22 41 50 27 35 11 34 37 3 17 32 2 24 26 44 5 18 6 9 15 21 
student 65: 15 26 38 14 20 49 18 11 48 36 41 22 35 10 31 43 1 39 3 40 32 46 5 47 24 4 13 25 27 29 45 50 30 37 12 42 33 6 16 34 2 23 28 44 7 21 8 9 17 19 
student 66: 14 27 35 18 20 49 21 12 44 41 43 23 37 11 30 48 5 46 1 42 33 47 9 45 26 6 13 24 31 28 40 50 29 34 10 38 36 4 17 32 2 25 22 39 7 15 3 8 19 16 
student 67: 16 29 37 14 22 48 17 12 45 38 44 20 34 11 30 47 5 40 1 39 32 46 7 49 25 6 10 24 33 28 43 50 26 35 13 41 36 4 18 31 2 23 27 42 9 21 3 8 15 19 
student 68: 15 27 37 13 20 50 17 10 43 36 44 26 40 12 31 47 7 38 3 39 33 41 6 48 25 2 11 22 32 28 46 49 29 35 14 42 34 5 16 30 1 19 24 45 9 18 4 8 23 21 
student 69: 17 27 36 14 19 47 21 11 46 40 44 23 37 10 30 49 6 41 1 39 33 45 7 50 25 5 13 20 31 28 43 48 29 35 12 38 34 4 15 32 2 24 26 42 9 18 3 8 16 22 
student 70: 17 28 39 10 22 48 19 11 45 41 42 23 36 12 31 49 7 38 1 37 35 46 2 47 25 6 13 20 30 27 43 50 29 33 15 40 34 5 21 32 3 24 26 44 8 16 4 9 14 18 
student 71: 17 28 33 10 18 48 21 12 45 39 42 24 36 11 31 46 5 37 1 41 38 49 7 47 22 6 14 23 29 34 43 50 27 32 13 40 35 2 15 30 3 26 25 44 9 19 4 8 16 20 
student 72: 17 26 34 11 20 48 16 13 46 37 42 24 38 12 30 47 8 40 2 39 33 43 6 49 23 4 14 25 31 28 44 50 29 35 9 41 36 3 18 32 1 22 27 45 10 19 5 7 15 21 
student 73: 15 29 39 19 21 49 20 14 47 36 46 22 37 4 33 45 5 40 1 38 32 43 8 48 25 7 12 17 30 26 42 50 28 34 13 41 35 6 16 31 2 24 27 44 10 18 3 11 9 23 
student 74: 15 30 36 14 26 49 19 10 46 39 41 20 37 9 32 48 6 40 1 38 35 47 3 44 27 7 13 22 28 29 43 50 23 33 12 45 34 5 17 31 2 25 24 42 11 18 4 8 16 21 
student 75: 16 25 35 13 20 49 18 12 44 36 43 22 40 9 30 45 4 41 2 37 34 38 7 47 27 6 14 24 32 29 48 50 28 39 10 42 33 5 15 31 1 23 26 46 8 19 3 11 17 21 
student 76: 14 29 34 17 21 47 19 11 45 36 41 23 35 12 31 49 3 39 1 42 37 46 7 48 24 5 13 22 28 27 44 50 30 38 9 40 33 6 16 32 4 25 26 43 8 20 2 10 15 18 
student 77: 15 27 35 12 21 48 20 14 43 39 44 23 38 9 31 49 5 37 1 42 33 46 7 47 25 6 13 22 30 28 41 50 29 34 10 40 36 4 17 32 2 24 26 45 8 19 3 11 16 18 
student 78: 14 28 35 18 23 49 19 12 45 39 42 26 37 10 31 47 6 38 3 40 32 46 7 48 22 4 13 21 33 27 44 50 29 30 11 41 36 5 15 34 2 25 24 43 8 20 1 9 16 17 
student 79: 15 25 36 14 22 50 18 12 43 41 44 21 37 9 29 47 4 40 1 38 32 46 8 49 24 5 13 20 30 28 42 48 33 35 11 39 34 7 19 31 2 26 27 45 6 17 3 10 16 23 
student 80: 16 27 36 14 23 46 21 13 48 39 38 22 37 9 28 45 4 40 2 41 31 47 6 49 26 7 11 24 33 29 43 50 30 35 10 42 32 5 15 34 1 20 25 44 12 19 3 8 18 17 
student 81: 17 25 37 15 19 49 20 12 46 39 38 24 36 10 32 47 4 41 1 40 33 45 6 48 26 7 13 22 29 27 42 50 31 34 11 43 35 5 14 30 2 23 28 44 8 16 3 9 18 21 
student 82: 17 28 35 11 19 49 20 15 46 37 45 26 38 9 31 47 5 40 1 42 32 43 6 48 24 7 12 23 29 27 39 50 30 34 10 44 36 4 18 33 2 21 25 41 8 16 3 13 14 22 
student 83: 14 27 37 13 19 49 20 12 46 34 42 23 38 11 31 45 2 39 1 32 33 47 6 48 26 7 16 22 40 28 43 50 29 36 10 41 35 5 17 30 3 24 25 44 8 18 4 9 15 21 
student 84: 16 24 38 14 20 49 21 9 45 37 42 23 35 12 31 48 7 40 1 39 34 46 11 47 27 4 10 22 25 30 43 50 28 36 13 44 33 5 17 32 2 26 29 41 6 18 3 8 15 19 
student 85: 17 26 38 14 18 49 25 13 45 37 39 22 35 8 31 46 7 40 2 42 33 48 3 47 23 9 12 21 28 29 41 50 27 32 10 44 36 4 19 34 1 30 24 43 6 20 5 11 15 16 
student 86: 16 21 37 12 22 49 18 9 45 39 48 25 33 17 31 46 5 38 1 40 32 44 7 47 24 6 13 23 30 28 42 50 29 35 11 43 36 4 15 34 2 26 27 41 10 19 3 8 14 20 
student 87: 15 25 38 14 21 48 19 11 45 37 43 23 35 10 29 47 6 40 4 39 34 46 9 49 32 7 13 20 28 27 44 50 30 36 12 41 31 3 18 33 1 24 26 42 5 16 2 8 17 22 
student 88: 15 26 36 14 21 49 17 13 44 37 42 23 38 10 30 47 5 39 3 41 33 46 7 50 27 6 11 22 29 28 45 48 31 34 12 40 35 4 18 32 2 24 25 43 9 20 1 8 16 19 
student 89: 14 27 38 17 21 50 16 12 44 35 43 22 37 7 33 48 4 39 1 40 32 45 8 49 25 6 15 24 30 28 46 47 29 34 11 41 36 5 13 31 2 23 26 42 9 19 3 10 18 20 
student 90: 14 28 37 16 20 49 18 11 41 38 42 24 35 10 32 47 5 39 1 40 31 46 8 48 26 7 6 22 30 27 45 50 29 34 13 43 36 4 17 33 2 25 23 44 12 19 3 9 15 21 
student 91: 14 25 30 16 22 49 18 12 47 37 40 23 41 9 32 46 4 38 1 39 35 45 8 48 27 5 13 21 31 28 44 50 29 34 11 42 36 2 15 33 3 24 26 43 6 19 7 10 17 20 
student 92: 15 29 35 14 21 49 19 11 43 39 41 24 37 12 32 47 4 38 2 40 33 46 7 48 25 6 8 23 31 28 45 50 27 34 13 42 36 5 18 30 1 22 26 44 9 17 3 10 16 20 
student 93: 14 27 32 15 22 43 20 12 47 38 44 24 36 10 30 48 2 40 1 41 34 49 7 46 26 5 13 18 29 28 45 50 33 35 11 39 37 4 16 31 3 25 23 42 8 19 6 9 17 21 
student 94: 16 30 35 13 22 47 19 12 45 39 46 23 37 10 31 43 2 38 1 40 33 48 9 49 24 6 15 21 32 27 44 50 29 36 11 41 34 5 18 28 4 25 26 42 7 17 3 8 14 20 
student 95: 17 27 32 14 21 50 19 12 47 37 42 25 38 10 29 46 4 41 7 39 31 45 8 49 23 5 13 22 33 30 44 48 28 35 11 40 36 3 18 34 1 24 26 43 9 15 2 6 16 20 
student 96: 15 26 40 14 19 50 16 10 49 36 42 22 44 7 32 43 4 37 1 38 31 45 8 47 24 6 13 23 30 28 46 48 29 35 12 39 34 5 18 33 3 20 27 41 9 21 2 11 17 25 
student 97: 15 27 33 14 21 48 19 11 44 40 42 24 36 8 32 46 7 38 2 39 34 49 5 47 22 4 13 23 28 29 45 50 30 37 10 41 35 12 17 31 1 25 26 43 9 18 3 6 16 20 
student 98: 15 26 35 12 18 50 24 13 46 37 44 23 38 7 32 43 9 39 1 40 34 47 8 48 25 5 14 22 31 29 45 49 30 33 10 42 36 3 17 28 2 21 27 41 6 19 4 11 16 20 
student 99: 13 27 35 14 22 48 20 11 45 37 43 23 38 12 31 47 5 41 1 39 34 46 4 50 21 8 15 25 30 28 42 49 29 32 10 40 36 6 16 33 2 24 26 44 7 19 3 9 17 18 
student 100: 12 28 36 15 20 50 19 13 43 38 41 22 37 9 32 47 4 40 1 39 33 45 10 46 26 7 14 23 30 27 48 49 29 35 11 42 34 2 16 31 6 24 25 44 5 18 3 8 17 21 
student 101: 15 29 36 13 21 49 18 14 45 40 42 23 37 9 30 47 6 41 5 39 34 46 8 48 25 4 12 22 31 27 44 50 28 32 11 43 35 3 16 33 1 24 26 38 10 17 2 7 19 20 
student 102: 14 27 36 13 20 49 19 11 45 37 41 23 38 10 29 47 6 40 1 39 35 48 8 46 25 5 15 22 31 28 44 50 30 34 12 42 32 2 16 33 3 26 24 43 7 21 4 9 17 18 
student 103: 13 27 35 12 20 47 19 15 49 41 43 24 38 10 29 45 7 39 1 37 31 48 8 46 23 5 14 21 33 28 44 50 32 34 11 40 36 4 16 30 2 26 25 42 6 18 3 9 17 22 
student 104: 17 28 35 12 22 48 19 13 47 38 43 21 37 10 26 46 7 39 1 40 32 44 3 49 24 4 14 23 30 27 42 50 31 34 11 45 36 2 16 33 6 25 29 41 8 15 5 9 18 20 
student 105: 15 28 36 14 21 49 20 9 45 38 40 23 37 12 29 48 3 39 1 41 33 47 6 46 25 7 10 22 34 30 44 50 27 32 13 42 35 5 17 31 2 24 26 43 8 19 4 11 16 18 
student 106: 13 29 37 12 20 48 22 14 45 36 42 24 38 10 31 47 3 40 2 41 34 46 8 49 26 6 16 21 30 27 43 50 28 32 11 39 35 5 15 33 4 25 23 44 7 18 1 9 17 19 
student 107: 15 26 36 14 20 48 16 9 44 38 43 23 37 11 32 47 6 39 2 40 33 45 7 50 28 5 13 22 27 29 42 49 30 34 12 41 35 3 17 31 4 24 25 46 8 21 1 10 18 19 
student 108: 15 27 35 13 20 50 19 14 45 37 44 21 38 9 29 47 7 39 2 40 33 46 10 49 26 3 12 23 30 28 43 48 31 36 11 41 34 6 17 32 1 24 25 42 4 18 5 8 16 22 
student 109: 15 28 37 14 24 48 17 12 43 39 41 22 36 10 30 46 6 40 2 38 33 47 7 50 23 3 13 19 32 27 45 49 29 34 11 42 35 5 18 31 4 26 25 44 8 20 1 9 16 21 
student 110: 14 25 36 11 17 49 20 12 44 38 43 24 37 15 32 48 6 39 3 40 35 45 7 50 23 5 13 22 31 29 46 47 30 33 8 42 27 2 18 34 1 26 28 41 10 19 4 9 16 21 
student 111: 14 27 31 11 21 47 19 12 44 37 43 23 40 7 34 46 9 39 2 42 33 45 3 49 24 13 15 20 30 29 48 50 28 36 10 38 35 5 18 32 1 25 26 41 8 17 4 6 16 22 
student 112: 14 21 37 15 22 49 20 12 46 38 43 24 36 9 32 44 3 39 1 41 33 48 7 47 25 6 13 23 30 27 45 50 29 34 10 40 35 4 17 31 5 26 28 42 11 18 2 8 16 19 
student 113: 14 28 40 13 20 49 19 11 45 37 42 25 35 10 32 47 5 38 1 41 30 46 6 48 24 8 15 23 29 33 43 50 26 31 12 39 36 4 16 34 2 21 27 44 9 17 3 7 18 22 
student 114: 14 26 37 16 23 49 19 12 45 39 42 22 38 9 31 48 6 35 2 41 33 47 5 50 29 8 13 21 30 27 43 46 28 36 11 40 34 3 15 32 4 24 25 44 7 18 1 10 17 20 
student 115: 12 27 35 9 21 50 20 15 46 38 41 23 37 11 28 48 3 40 1 39 34 44 6 47 24 7 14 22 30 29 43 49 31 33 17 45 36 4 18 32 5 26 25 42 8 19 2 10 13 16 
student 116: 15 27 37 13 21 46 16 12 45 39 42 22 34 4 32 49 5 40 3 38 35 47 9 50 25 8 14 20 30 26 44 48 29 33 11 43 36 2 18 31 1 24 28 41 10 19 6 7 17 23 
student 117: 16 27 36 12 22 50 17 11 47 41 40 21 39 10 31 46 6 37 1 42 32 43 8 49 26 3 14 23 30 28 45 48 29 34 13 38 35 5 15 33 2 24 25 44 9 20 4 7 18 19 
student 118: 15 27 36 11 21 49 18 8 47 39 42 23 37 7 32 46 9 38 2 41 35 45 6 48 26 3 14 22 31 28 44 50 29 33 13 40 34 5 17 30 1 24 25 43 10 19 4 12 16 20 
student 119: 15 28 40 13 19 49 20 12 45 37 41 25 39 8 29 47 4 44 1 38 36 46 5 48 26 9 14 22 34 27 43 50 32 31 10 35 33 7 18 30 3 24 21 42 6 17 2 11 16 23 
student 120: 15 27 34 13 21 50 20 14 43 38 40 22 37 11 32 46 7 44 2 39 33 45 10 48 26 3 9 24 31 28 47 49 30 35 12 41 36 6 17 29 4 23 25 42 8 18 5 1 16 19 
student 121: 11 26 34 14 20 49 16 12 46 42 40 25 37 9 29 47 4 38 1 39 36 45 5 48 28 7 17 24 32 27 44 50 31 33 13 41 35 2 18 30 6 22 21 43 10 19 3 8 15 23 
student 122: 11 22 35 13 21 49 19 14 46 37 42 23 34 10 32 47 4 39 1 40 31 45 9 48 26 6 17 20 30 28 44 50 29 36 12 41 38 5 16 33 2 25 27 43 7 18 3 8 15 24 
student 123: 14 27 35 13 22 50 20 15 44 37 42 24 38 12 32 47 6 39 2 40 33 45 5 48 26 7 11 19 29 28 43 49 30 34 10 41 36 4 16 31 3 23 25 46 8 18 1 9 17 21 
student 124: 17 27 32 13 18 49 21 14 46 37 42 22 38 11 31 47 4 39 2 40 34 45 8 48 26 6 12 23 29 28 44 50 30 36 10 41 35 5 15 33 1 24 25 43 7 20 3 9 16 19 
student 125: 11 29 41 14 22 50 20 15 45 36 43 25 35 8 30 46 4 37 1 38 34 47 7 49 23 6 13 19 31 26 44 48 27 33 12 40 39 5 18 32 2 28 24 42 9 17 3 10 16 21 
student 126: 15 29 37 13 20 49 21 10 46 40 42 22 39 11 30 47 4 36 1 38 31 43 5 48 25 8 14 23 32 27 45 50 28 35 12 41 34 3 17 33 6 24 26 44 7 19 2 9 16 18 
student 127: 14 27 37 13 19 47 21 12 44 38 41 24 36 9 31 45 4 39 5 42 34 48 8 50 23 6 15 22 29 30 46 49 28 35 11 40 33 3 17 32 1 25 26 43 7 20 2 10 16 18 
student 128: 13 27 35 14 21 49 19 10 42 43 40 25 39 11 30 47 5 41 2 36 33 46 7 48 24 6 15 22 29 28 45 50 32 34 12 38 37 4 20 31 1 23 26 44 8 17 3 9 16 18 
student 129: 16 28 37 12 20 47 19 11 43 40 49 21 38 10 32 45 3 36 1 39 33 44 6 48 25 7 15 24 27 30 46 50 29 34 13 41 35 5 17 31 4 23 26 42 8 18 2 9 14 22 
student 130: 15 26 36 14 19 48 20 10 45 39 43 25 37 11 31 49 4 40 1 38 32 46 8 47 23 7 13 21 30 28 41 50 27 33 12 42 35 5 18 34 3 24 29 44 6 17 2 9 16 22 
student 131: 12 27 39 16 23 49 18 15 45 37 42 22 36 10 32 46 4 38 2 40 33 47 6 48 25 7 11 19 29 28 44 50 31 34 14 41 35 5 13 30 1 24 26 43 8 21 3 9 17 20 
student 132: 15 30 36 14 21 50 19 12 45 38 41 23 37 9 29 46 2 39 3 42 34 47 6 48 24 5 13 22 26 28 43 49 31 32 10 44 35 7 16 33 1 25 27 40 8 17 4 11 18 20 
student 133: 13 27 41 15 21 50 20 12 44 39 45 22 34 8 32 46 6 38 3 37 33 47 9 48 24 5 17 23 30 28 40 49 29 36 10 43 31 4 14 35 2 25 26 42 7 16 1 11 18 19 
student 134: 15 27 35 13 25 49 20 12 45 38 42 21 36 7 34 48 6 39 4 41 33 44 8 47 24 9 14 22 30 29 43 50 28 32 11 40 37 3 17 31 1 23 26 46 5 18 2 10 16 19 
student 135: 16 28 37 12 21 50 17 14 45 38 43 23 36 9 30 48 2 39 1 40 35 46 7 49 25 6 10 22 31 27 42 47 29 34 13 41 33 5 18 32 3 24 26 44 8 19 4 11 20 15 
student 136: 14 29 36 16 19 50 20 8 45 37 42 23 38 11 31 47 6 39 2 41 33 46 7 48 26 5 13 21 30 27 44 49 28 34 12 40 35 4 18 32 1 24 25 43 9 15 3 10 17 22 
student 137: 15 29 38 14 21 49 20 11 43 37 42 23 39 10 32 47 3 41 2 36 31 45 7 48 25 6 13 22 34 26 46 50 30 33 12 40 35 5 16 28 1 24 27 44 8 17 4 9 19 18 
student 138: 11 28 32 14 16 50 21 12 46 40 45 22 36 9 33 47 5 37 1 39 29 44 6 48 24 7 15 20 30 27 43 49 31 38 13 41 35 3 17 34 2 23 26 42 8 19 4 10 18 25 
student 139: 16 29 35 13 17 49 24 14 45 38 42 23 37 10 33 46 5 39 1 40 32 47 7 48 25 6 11 22 30 27 43 50 26 34 12 41 36 4 18 31 2 28 21 44 8 20 3 9 15 19 
student 140: 16 22 39 15 21 49 20 11 45 36 41 24 40 9 30 46 7 38 1 37 32 47 5 50 28 4 14 23 31 27 43 48 29 35 10 44 33 2 19 34 6 25 26 42 12 17 3 8 13 18 
student 141: 15 30 39 13 21 49 19 10 45 37 42 26 36 9 32 47 6 40 1 38 33 46 7 48 27 4 11 20 31 25 44 50 28 34 14 41 35 5 18 29 2 23 24 43 12 17 3 8 16 22 
student 142: 15 27 36 14 21 49 19 12 43 39 42 23 37 11 29 46 6 40 1 38 32 45 7 48 25 3 13 22 28 30 47 50 31 35 9 41 34 5 18 33 4 24 26 44 8 17 2 10 16 20 
student 143: 15 27 35 13 21 50 19 14 44 39 42 26 37 11 30 48 6 38 1 41 33 45 7 46 24 5 12 22 31 28 43 49 29 34 10 40 36 2 18 32 3 23 25 47 9 17 4 8 16 20 
student 144: 14 24 35 13 23 48 18 10 45 39 43 22 36 8 30 47 7 42 1 38 32 46 16 49 28 5 12 21 31 25 41 50 29 34 11 40 37 4 17 33 3 26 27 44 6 20 2 9 15 19 
student 145: 15 27 36 13 22 49 20 14 44 39 43 26 37 10 30 47 3 38 5 41 31 45 7 48 23 6 12 21 28 29 40 50 33 32 11 42 34 4 17 35 2 24 25 46 9 18 1 8 16 19 
student 146: 16 25 37 14 20 49 19 13 44 35 42 24 40 12 30 45 5 39 1 38 33 46 8 48 21 7 10 22 29 32 47 50 28 34 6 41 36 4 17 31 2 26 27 43 11 18 3 9 15 23 
student 147: 15 29 34 13 20 48 23 11 49 38 42 25 36 8 31 47 12 39 1 40 33 45 6 46 24 5 14 21 30 28 43 50 27 35 10 41 37 4 17 32 2 22 26 44 7 18 3 9 16 19 
student 148: 17 27 37 12 21 49 20 10 46 38 40 22 36 9 32 48 2 39 1 41 33 47 8 43 26 6 13 24 30 28 45 50 29 34 14 42 35 3 15 31 4 23 25 44 7 19 5 11 16 18 
student 149: 15 26 36 12 19 48 20 13 50 39 41 23 38 10 30 47 4 37 3 45 32 42 6 49 24 5 11 22 31 29 44 46 27 34 14 40 35 7 17 33 1 28 25 43 8 18 2 9 16 21 
student 150: 15 29 38 14 20 50 21 11 44 37 42 22 36 12 32 47 7 40 1 39 34 46 8 48 28 5 13 23 30 25 43 49 27 35 10 41 33 4 18 31 3 24 26 45 6 19 2 9 16 17 
student 151: 13 29 35 15 23 47 19 14 46 39 41 22 38 12 32 44 5 36 1 40 34 48 6 49 26 7 10 17 28 31 45 50 27 37 11 42 33 3 16 30 4 24 25 43 8 18 2 9 20 21 
student 152: 14 27 33 15 20 49 18 12 45 38 43 24 37 10 31 47 5 39 1 40 34 46 6 48 29 7 13 23 26 28 44 50 30 35 11 42 36 4 19 32 2 21 25 41 8 17 3 9 16 22 
student 153: 16 28 35 13 21 48 20 11 44 38 39 23 36 10 33 46 9 41 3 42 32 47 7 49 24 2 12 22 29 27 43 50 30 37 14 40 34 5 18 31 4 25 26 45 6 19 1 8 17 15 
student 154: 16 28 33 14 21 49 20 12 41 38 43 24 37 10 29 47 5 42 1 39 34 44 7 48 23 6 13 22 31 30 46 50 25 32 11 40 36 4 17 35 3 26 27 45 8 18 2 9 15 19 
student 155: 14 28 36 15 24 49 19 12 45 38 40 26 35 9 30 46 5 41 1 39 32 47 8 48 22 6 13 21 29 31 44 50 27 34 11 42 37 4 17 33 2 25 23 43 10 18 3 7 16 20 
student 156: 14 25 37 15 16 48 21 11 45 36 40 19 39 9 31 49 5 38 1 41 33 46 10 47 23 6 13 26 29 28 43 50 30 34 12 42 35 2 17 32 3 27 24 44 7 20 4 8 18 22 
student 157: 15 27 39 13 21 50 19 12 43 40 38 23 41 11 30 48 4 37 3 36 33 46 7 47 25 6 14 22 32 26 44 49 29 34 10 45 35 1 16 31 2 24 28 42 8 18 5 9 17 20 
student 158: 15 26 37 13 21 50 20 12 41 42 43 19 38 9 31 48 6 35 1 40 33 46 8 47 23 4 14 22 30 29 45 49 28 36 10 39 34 5 17 32 3 27 24 44 7 18 2 11 16 25 
student 159: 15 28 31 14 20 48 19 13 44 39 45 23 37 11 34 47 4 35 1 40 32 46 7 49 25 5 12 22 30 27 43 50 29 36 10 41 38 6 16 33 2 24 26 42 8 18 3 9 17 21 
student 160: 14 27 36 10 19 49 21 12 44 39 45 20 37 9 31 47 4 38 1 40 32 43 8 46 25 7 13 23 30 28 48 50 29 34 15 41 35 6 16 33 2 24 26 42 5 18 3 11 17 22 
student 161: 16 29 35 13 21 49 19 10 46 36 41 23 38 12 31 47 5 40 2 43 33 44 8 48 27 6 14 22 26 28 45 50 30 37 11 39 34 4 17 32 1 25 24 42 7 18 3 9 15 20 
student 162: 14 29 34 15 20 48 19 11 46 39 43 24 37 6 32 49 5 38 1 40 33 45 7 50 25 10 9 22 31 27 41 47 28 35 8 42 36 4 16 30 2 23 26 44 13 18 3 12 17 21 
student 163: 15 27 34 12 22 45 18 13 44 38 42 23 39 10 29 49 5 35 2 40 36 47 9 50 24 6 14 21 31 28 46 48 30 33 11 41 37 4 20 32 3 25 26 43 7 17 1 8 16 19 
student 164: 15 29 35 16 20 48 21 14 45 38 43 23 36 5 30 46 3 39 1 42 33 47 7 50 24 8 9 22 28 27 41 49 31 34 11 44 37 6 17 32 2 26 25 40 10 13 4 12 18 19 
student 165: 17 29 36 15 21 50 16 12 46 39 42 22 38 10 31 44 6 43 1 37 34 47 7 48 26 4 13 24 27 28 41 49 30 33 11 40 35 5 19 32 2 23 25 45 8 20 3 9 14 18 
student 166: 13 29 37 14 21 49 19 12 45 38 40 23 36 10 30 47 2 39 3 42 33 46 6 48 25 5 15 22 32 27 44 50 28 34 11 41 35 8 17 31 1 24 26 43 7 18 4 9 16 20 
student 167: 15 26 35 13 22 48 20 12 42 38 44 24 37 11 27 46 4 39 1 40 29 47 5 49 28 9 14 19 32 30 43 50 31 33 10 41 34 6 17 36 2 23 25 45 7 18 3 8 16 21 
student 168: 15 25 38 12 18 49 20 14 44 37 42 21 34 10 32 47 7 41 2 39 33 46 8 48 28 6 13 22 31 27 45 50 30 29 11 43 36 4 17 35 3 26 24 40 5 19 1 9 16 23 
student 169: 16 25 35 10 22 50 19 11 47 43 42 21 37 12 34 46 4 39 2 38 32 45 7 48 26 3 18 23 33 28 44 49 30 31 13 40 36 6 14 29 1 24 27 41 8 15 5 9 17 20 
student 170: 15 26 36 12 21 50 20 14 41 38 45 23 37 13 33 47 5 39 1 42 32 46 8 48 24 6 11 25 29 28 44 49 30 35 10 40 34 3 16 31 2 22 27 43 9 18 4 7 17 19 
student 171: 7 30 37 14 19 49 18 12 48 38 42 25 34 13 32 47 5 39 1 41 31 45 3 46 22 9 21 24 29 27 43 50 28 35 11 40 36 4 15 33 2 23 26 44 6 17 8 10 16 20 
student 172: 14 26 36 15 20 50 19 12 41 42 44 22 39 10 29 49 3 37 2 43 34 46 9 48 25 8 13 21 32 28 40 47 30 33 11 38 35 1 18 31 4 23 27 45 6 17 5 7 16 24 
student 173: 12 27 36 15 20 47 19 13 43 40 42 24 38 9 31 48 3 41 1 39 35 46 6 50 25 8 14 22 28 29 45 49 30 33 11 37 34 7 17 32 5 23 26 44 4 18 2 10 16 21 
student 174: 13 27 36 14 21 50 20 12 45 40 41 24 37 11 32 47 1 38 2 39 33 46 5 48 26 3 16 22 28 29 44 49 31 34 10 42 35 7 17 30 6 25 23 43 8 19 4 9 15 18 
student 175: 13 27 36 15 21 50 19 11 45 38 42 25 37 12 32 48 5 40 1 43 30 47 7 46 23 6 14 22 31 28 44 49 29 35 10 39 33 4 18 34 3 24 26 41 9 17 2 8 16 20 
student 176: 15 25 35 14 22 50 21 12 46 38 43 23 40 6 32 47 5 37 2 41 33 39 10 48 26 7 13 18 29 28 44 49 31 34 9 42 36 3 17 30 1 24 27 45 8 20 4 11 16 19 
student 177: 14 25 36 16 20 50 22 11 46 38 42 27 37 10 31 45 5 39 2 44 34 47 9 49 26 6 13 21 29 28 40 48 30 33 12 41 35 1 18 32 3 23 24 43 8 17 4 7 15 19 
student 178: 18 26 39 14 24 50 21 12 43 36 42 25 35 10 32 47 5 40 1 38 34 46 7 48 22 6 13 23 29 27 44 49 28 33 11 41 37 3 16 30 4 19 31 45 8 17 2 9 15 20 
student 179: 16 28 34 13 21 49 19 12 50 37 42 22 38 9 36 43 6 39 1 41 32 44 8 47 24 2 15 23 30 27 46 48 29 35 11 40 33 5 14 31 4 25 26 45 7 18 3 10 17 20 
student 180: 16 28 37 15 22 48 20 11 46 36 42 19 38 9 34 47 4 41 2 39 32 45 6 49 26 10 13 24 30 27 44 50 29 33 12 40 35 5 14 31 3 25 23 43 7 18 1 8 17 21 
student 181: 15 28 35 14 21 49 20 12 42 39 47 22 37 10 29 45 6 40 1 41 33 44 4 46 25 8 13 24 32 27 48 50 30 38 11 36 34 5 17 31 2 23 26 43 7 18 3 9 16 19 
student 182: 15 28 37 17 20 49 19 13 47 35 42 22 40 11 32 48 5 38 1 39 34 46 7 45 25 4 12 23 24 26 44 50 30 33 10 41 36 6 14 31 2 27 29 43 8 18 3 9 16 21 
student 183: 15 27 33 11 21 50 19 10 46 40 41 23 37 9 34 44 7 36 2 42 30 47 8 48 25 5 16 22 32 28 43 49 29 31 13 39 38 4 18 35 3 24 26 45 6 17 1 12 14 20 
student 184: 15 27 37 13 18 50 21 12 43 38 44 23 35 10 33 46 5 40 1 39 32 47 6 42 26 8 14 22 31 25 48 49 29 34 11 41 36 3 17 30 2 24 28 45 7 19 4 9 16 20 
student 185: 13 26 39 14 22 48 19 15 44 37 42 24 40 11 29 45 1 38 2 36 32 47 8 41 23 6 12 20 31 30 49 50 28 35 9 43 34 5 17 33 3 25 27 46 10 18 4 7 21 16 
student 186: 14 27 31 15 20 50 22 12 46 37 43 23 41 13 30 47 4 40 1 38 34 45 6 48 25 7 11 21 32 28 44 49 29 35 9 39 36 5 17 33 2 24 26 42 8 18 3 10 16 19 
student 187: 13 26 37 16 22 48 18 14 44 43 42 25 38 10 31 47 5 34 3 40 32 45 7 50 30 6 12 21 27 28 46 49 29 35 11 36 39 1 20 33 4 23 24 41 8 17 2 9 15 19 
student 188: 14 24 36 13 19 49 25 11 46 39 42 23 38 10 31 47 4 40 2 41 35 48 5 45 27 6 12 20 30 28 43 50 29 33 17 37 34 8 18 32 3 22 26 44 7 16 1 9 15 21 
student 189: 14 24 38 13 22 49 17 10 48 37 42 21 36 11 31 47 6 39 1 41 34 44 9 50 26 5 16 25 29 28 46 43 30 33 12 40 35 4 18 32 2 23 27 45 7 19 3 8 15 20 
student 190: 15 27 35 14 22 48 18 13 45 38 41 23 37 7 32 43 5 40 1 39 34 49 6 46 25 8 12 20 30 31 47 50 28 29 11 44 36 4 17 33 3 24 26 42 10 21 2 9 16 19 
student 191: 14 27 35 15 23 46 21 12 44 37 40 25 36 8 32 50 2 45 1 39 34 47 11 48 26 9 13 19 30 29 42 49 28 33 10 41 38 5 16 31 3 24 22 43 6 17 4 7 18 20 
student 192: 16 26 40 13 22 50 20 14 49 37 42 24 36 11 31 47 5 38 1 39 32 45 10 46 25 6 12 18 30 28 43 48 33 29 8 41 35 4 19 34 3 23 27 44 7 17 2 9 15 21 
student 193: 13 26 35 15 22 50 20 14 46 39 42 23 37 5 36 47 4 43 1 41 32 45 7 49 27 6 12 21 29 31 44 48 28 33 11 40 34 8 17 30 2 24 25 38 9 18 3 10 16 19 
student 194: 15 27 35 13 23 48 20 11 46 38 40 24 37 10 31 45 2 39 1 41 34 47 8 49 22 6 14 21 28 29 43 50 30 33 12 42 36 4 16 32 3 25 26 44 7 18 5 9 17 19 
student 195: 16 28 36 12 22 49 18 15 47 37 40 24 38 10 31 43 7 39 2 44 33 48 9 46 23 6 14 21 30 26 41 50 29 34 11 45 35 4 13 32 1 25 27 42 5 17 3 8 20 19 
student 196: 16 30 37 13 24 49 18 8 41 38 44 22 36 11 35 48 2 39 1 40 34 46 12 47 23 6 15 20 29 27 45 50 28 33 10 43 32 5 17 31 3 26 25 42 9 19 4 7 14 21 
student 197: 13 25 37 14 16 50 19 12 44 38 43 21 34 8 33 47 5 39 2 40 36 46 9 48 27 7 15 22 32 28 45 49 29 35 11 41 30 3 17 31 1 23 26 42 10 20 4 6 18 24 
student 198: 16 29 35 13 21 50 18 14 46 37 43 25 38 12 32 47 5 39 1 41 30 44 9 49 24 8 11 22 31 28 40 48 26 36 6 42 34 4 17 33 2 23 27 45 10 19 3 7 15 20 
student 199: 17 27 37 16 21 49 20 10 44 38 42 25 36 11 31 47 8 43 4 40 33 46 7 48 24 5 14 22 28 29 45 50 30 35 12 39 34 3 15 32 1 23 26 41 9 18 2 6 13 19 
student 200: 15 23 36 16 22 47 20 10 46 38 41 24 37 11 31 49 4 42 1 39 33 44 9 50 25 5 12 19 30 29 45 48 28 35 13 43 34 6 14 32 3 26 27 40 7 17 2 8 18 21 
student 201: 13 29 35 15 21 50 17 12 45 37 42 22 39 11 31 46 5 40 7 38 33 47 6 48 24 3 14 25 26 28 43 49 30 34 10 41 36 4 19 32 1 23 27 44 9 20 2 8 16 18 
student 202: 15 30 37 14 24 49 18 11 44 38 41 22 34 10 31 47 8 40 1 39 35 45 7 48 25 5 13 19 28 29 46 50 26 33 12 43 36 4 16 32 2 23 27 42 6 21 3 9 17 20 
student 203: 15 29 38 13 21 48 17 11 44 36 42 23 37 10 34 49 6 39 1 40 33 47 7 46 26 5 18 22 27 28 45 50 30 32 12 41 35 2 14 31 3 24 25 43 9 20 4 8 16 19 
student 204: 18 23 35 15 21 47 20 10 46 39 41 24 36 11 32 49 3 42 6 38 33 44 7 48 27 5 12 22 30 29 45 50 26 34 13 43 37 4 17 31 1 25 28 40 9 14 2 8 16 19 
student 205: 16 27 36 12 21 48 23 14 46 38 43 22 37 10 31 47 3 39 4 41 34 44 8 49 28 5 13 18 30 26 45 50 32 33 11 42 35 6 17 29 1 25 24 40 9 15 2 7 19 20 
student 206: 15 25 35 14 21 49 19 13 47 40 45 23 37 10 31 46 4 39 5 42 32 44 7 48 28 6 18 22 27 30 43 50 29 34 11 38 33 3 12 36 1 24 26 41 8 17 2 9 16 20 
student 207: 15 28 36 13 21 50 19 17 44 37 41 23 38 10 31 46 6 39 4 42 33 47 7 49 25 5 12 24 30 27 45 48 29 35 11 40 34 3 16 32 1 22 26 43 8 18 2 9 14 20 
student 208: 17 27 34 12 22 48 21 14 41 38 44 23 36 9 32 47 8 40 2 39 31 45 7 49 25 1 15 20 30 28 46 50 29 37 11 42 33 5 13 35 3 24 26 43 6 16 4 10 19 18 
student 209: 14 23 38 15 25 48 18 11 41 36 45 22 33 10 32 46 4 42 2 39 29 44 5 47 30 7 13 20 31 26 43 50 28 34 12 40 37 6 17 35 3 24 27 49 9 19 1 8 16 21 
student 210: 14 24 35 13 21 49 20 12 43 37 45 25 36 10 28 48 5 40 1 41 33 46 8 47 27 7 16 23 32 29 44 50 30 34 11 42 38 4 15 31 2 22 26 39 6 18 3 9 17 19 
student 211: 16 27 38 11 19 50 21 13 46 40 41 20 34 10 32 48 5 36 1 44 35 47 7 45 24 6 14 23 28 26 42 49 30 33 12 39 37 4 17 31 2 25 29 43 8 18 3 9 15 22 
student 212: 13 25 35 14 22 49 19 12 47 38 46 21 37 9 31 48 4 39 2 41 32 42 6 44 27 5 15 23 30 29 43 50 28 34 11 40 36 3 17 33 7 26 24 45 8 18 1 10 16 20 
student 213: 14 28 34 15 20 50 18 12 44 37 43 23 39 11 30 46 5 38 2 42 35 47 9 48 25 8 13 22 31 26 45 49 29 36 10 41 33 4 16 32 1 24 27 40 7 19 3 6 17 21 
student 214: 16 29 36 14 22 50 18 13 44 37 42 23 39 12 33 47 4 40 1 38 34 46 8 48 26 7 11 21 31 27 45 49 28 35 10 41 32 6 17 30 2 24 25 43 5 19 3 9 15 20 
student 215: 14 27 34 11 22 50 19 9 44 37 42 24 39 13 32 46 5 38 4 43 31 49 8 47 25 3 12 20 35 28 45 48 30 33 15 41 36 6 18 29 2 23 26 40 10 16 1 7 17 21 
student 216: 16 27 38 14 22 49 21 13 45 37 41 24 39 9 28 46 6 40 2 36 34 47 8 48 25 7 12 18 31 26 43 50 29 33 11 42 35 4 17 32 1 23 30 44 10 19 3 5 15 20 
student 217: 15 24 36 14 17 47 21 12 48 37 39 25 38 6 31 43 5 41 2 40 35 46 8 49 22 7 13 23 30 27 45 50 32 34 10 42 33 4 19 28 1 26 29 44 9 20 3 11 16 18 
student 218: 17 26 37 14 23 49 18 13 44 40 45 22 39 12 31 47 3 33 1 38 35 46 7 43 25 6 16 21 28 29 48 50 32 30 9 41 36 4 11 34 2 24 27 42 10 19 5 8 15 20 
student 219: 13 28 35 17 21 48 19 14 49 41 40 26 37 10 30 44 2 39 1 38 31 47 6 45 24 7 11 22 32 29 42 50 27 34 12 43 36 5 16 33 4 23 25 46 8 18 3 9 15 20 
student 220: 14 31 37 16 20 48 19 12 46 39 42 24 36 11 28 47 5 38 1 41 30 44 7 49 25 6 13 22 29 32 45 50 26 35 10 40 33 2 17 34 3 23 27 43 8 18 4 9 15 21 
student 221: 15 29 38 14 20 49 23 11 45 36 41 26 33 10 32 46 5 40 1 39 28 47 8 48 24 7 13 21 31 25 42 50 30 35 12 43 37 4 17 34 2 27 22 44 9 18 3 6 16 19 
student 222: 13 26 37 15 20 48 19 14 45 40 41 24 36 10 38 46 7 35 1 39 32 49 5 47 25 6 12 22 27 29 44 50 30 33 11 42 34 3 18 31 2 23 28 43 8 17 4 9 16 21 
student 223: 16 26 36 12 19 49 18 13 45 39 43 22 41 14 34 47 5 38 1 37 31 46 7 48 28 6 11 24 32 27 42 50 29 33 10 40 35 3 15 30 2 25 23 44 9 20 4 8 17 21 
student 224: 14 28 35 16 24 47 17 12 45 37 42 22 38 8 31 46 6 39 1 40 33 48 9 49 23 7 13 21 30 26 43 50 29 34 11 41 36 4 20 32 2 25 27 44 10 18 5 3 15 19 
student 225: 17 26 35 15 21 50 19 13 45 37 44 22 38 9 32 47 1 41 2 39 36 46 7 48 28 5 11 24 30 27 42 49 29 31 12 40 34 4 18 33 6 23 25 43 8 16 3 10 14 20 
student 226: 17 31 38 12 24 48 18 14 44 36 41 22 37 9 28 46 5 39 1 40 32 49 7 47 25 6 13 21 30 26 45 50 27 34 11 42 35 2 16 33 3 23 29 43 8 19 4 10 15 20 
student 227: 14 29 33 16 23 48 18 13 49 41 40 24 37 9 35 42 4 38 1 39 32 47 6 46 21 8 12 19 28 27 44 50 30 34 11 43 36 3 17 31 2 26 25 45 7 20 5 10 15 22 
student 228: 17 26 36 13 18 49 20 15 45 37 42 23 38 11 32 47 5 40 1 39 33 46 8 48 28 6 9 22 29 30 44 50 27 34 12 41 35 3 16 31 2 24 25 43 10 19 4 7 14 21 
student 229: 14 29 36 17 19 50 18 12 46 44 39 21 40 9 30 45 4 38 1 37 33 47 7 48 23 6 13 25 32 24 43 49 27 35 10 42 34 2 15 31 3 28 26 41 11 16 5 8 22 20 
student 230: 15 29 37 11 20 49 19 14 45 38 42 23 35 13 28 46 6 39 1 41 26 47 8 48 25 10 12 22 34 30 43 50 31 33 9 40 36 4 17 32 2 24 27 44 5 18 3 7 16 21 
student 231: 8 27 37 16 23 49 20 13 44 34 43 21 41 10 35 45 4 38 2 39 32 46 11 48 25 9 14 22 30 28 40 50 29 36 5 42 33 1 15 31 3 24 26 47 12 18 7 6 17 19 
student 232: 13 24 35 15 20 46 19 12 43 37 42 27 36 10 29 48 4 41 2 40 33 49 6 45 25 7 14 22 32 28 47 50 30 34 11 38 39 5 17 31 1 23 26 44 8 18 3 9 16 21 
student 233: 15 26 37 18 23 49 20 14 45 43 41 21 36 10 33 50 5 38 2 39 34 46 6 47 25 7 11 22 29 27 44 48 28 32 12 40 35 4 13 31 1 24 30 42 8 17 3 9 16 19 
student 234: 13 26 36 15 20 48 18 12 44 38 43 22 40 9 32 45 6 39 1 37 35 50 7 47 29 5 17 24 31 28 42 49 27 34 11 41 30 4 16 33 2 23 25 46 8 19 3 10 14 21 
student 235: 15 25 35 13 19 49 20 10 45 37 43 23 39 12 28 47 5 38 1 41 34 46 9 48 26 7 11 22 31 27 44 50 32 33 14 40 36 2 16 30 3 24 29 42 6 18 4 8 17 21 
student 236: 17 24 35 15 23 49 19 13 43 38 44 26 37 9 29 48 5 39 1 40 33 46 6 50 25 7 12 22 31 28 41 47 30 34 11 42 36 4 16 32 2 21 27 45 8 18 3 10 14 20 
student 237: 15 26 36 14 21 47 18 13 46 35 43 20 38 9 33 48 4 40 2 39 31 45 10 49 23 6 7 24 30 27 44 50 28 34 11 42 37 1 22 32 12 25 29 41 8 17 3 5 16 19 
student 238: 14 29 36 12 20 50 21 11 44 39 41 22 38 10 31 49 7 37 1 40 33 46 5 47 25 9 13 23 27 30 42 48 28 34 15 45 35 4 16 32 2 24 26 43 8 19 3 6 18 17 
student 239: 16 29 36 14 24 49 19 13 46 37 42 22 40 9 31 47 4 39 1 38 33 45 8 48 25 5 12 21 30 27 43 50 28 34 10 41 35 6 15 32 2 23 26 44 7 18 3 11 17 20 
student 240: 13 28 36 11 22 49 18 19 46 38 45 27 37 9 35 44 5 40 1 39 33 47 7 48 24 6 14 21 26 32 43 50 29 34 12 42 31 4 20 30 2 23 25 41 10 17 3 8 15 16 
student 241: 14 27 33 16 21 49 20 13 45 37 43 17 34 11 31 46 6 36 1 39 35 48 5 47 22 7 12 26 29 30 44 50 28 38 10 40 41 4 15 32 2 24 25 42 8 19 3 9 18 23 
student 242: 12 24 37 15 21 47 19 13 45 38 42 23 36 10 31 48 4 39 2 40 33 46 6 49 27 5 14 22 30 26 43 50 28 35 11 41 34 1 17 32 3 29 25 44 7 16 8 9 18 20 
student 243: 16 27 36 11 21 49 20 12 42 39 44 23 37 9 29 45 5 40 1 38 31 48 7 47 25 6 14 22 32 30 46 50 28 34 13 41 35 3 17 33 2 24 26 43 8 19 4 10 15 18 
student 244: 12 27 37 15 21 50 19 11 44 38 43 22 36 13 32 47 5 39 2 40 31 46 8 48 26 6 14 23 29 28 45 49 30 34 10 42 35 4 17 33 1 25 24 41 7 18 3 9 16 20 
student 245: 16 26 38 12 22 49 18 15 44 37 41 23 34 9 33 46 5 39 1 40 31 48 8 47 27 6 13 21 30 28 43 50 29 35 11 42 36 3 14 32 2 25 24 45 7 19 4 10 17 20 
student 246: 14 31 36 13 23 47 18 12 45 38 42 24 37 10 29 43 3 39 2 41 35 49 8 46 25 5 17 21 33 27 48 50 26 30 11 44 32 6 19 34 4 22 28 40 7 16 1 9 15 20 
student 247: 16 28 38 15 23 47 18 12 46 36 39 21 37 8 29 49 4 40 1 41 34 44 7 50 22 6 14 24 30 27 43 45 31 32 11 48 35 3 17 33 2 25 26 42 10 19 5 9 13 20 
student 248: 18 27 37 16 21 49 22 10 46 39 42 23 36 9 34 43 6 40 1 38 31 47 8 48 24 4 14 19 30 28 44 50 29 33 11 41 35 3 17 32 5 25 26 45 7 15 2 12 13 20 
student 249: 16 27 36 15 21 49 20 13 44 38 45 22 37 9 31 48 4 40 1 42 34 47 10 50 24 7 14 26 30 28 43 46 29 33 11 41 35 5 19 32 3 23 25 39 6 17 2 8 12 18 
student 250: 16 30 36 15 18 48 20 17 44 39 42 22 37 10 32 47 4 41 1 38 31 43 6 46 26 7 12 19 28 29 49 50 27 35 11 40 33 2 14 34 3 24 25 45 8 21 5 9 13 23 
student 251: 14 27 38 11 21 50 19 15 45 35 42 24 37 12 31 48 8 39 1 40 34 46 9 47 26 6 13 22 29 30 44 49 28 36 10 41 33 2 17 32 3 25 23 43 4 18 5 7 16 20 
student 252: 15 25 35 14 21 48 20 11 45 38 43 23 37 10 31 49 5 40 1 39 34 46 6 47 24 8 13 19 30 28 42 50 29 33 12 41 36 4 17 32 3 27 26 44 7 18 2 9 16 22 
student 253: 15 26 35 14 18 49 17 16 46 39 43 23 36 9 31 47 5 38 1 40 32 45 6 48 25 11 12 21 30 29 44 50 28 37 10 41 34 2 19 33 3 22 27 42 8 20 4 7 13 24 
student 254: 15 26 35 14 21 49 19 12 42 37 44 23 38 9 31 47 6 40 3 39 33 46 7 48 24 5 13 22 29 28 45 50 30 36 11 43 34 4 18 32 1 25 27 41 8 16 2 10 17 20 
student 255: 12 28 37 14 20 48 18 10 45 32 41 24 38 11 31 47 5 40 1 39 35 46 6 49 27 8 16 22 30 26 42 50 29 34 15 43 36 4 13 33 3 21 23 44 7 19 2 9 17 25 
student 256: 15 28 34 14 20 50 19 11 44 38 42 26 37 9 30 47 4 41 5 39 33 46 10 48 23 6 12 22 36 25 43 49 29 35 13 40 31 3 17 32 1 24 27 45 7 18 2 8 16 21 
student 257: 17 26 36 13 20 49 18 10 43 37 47 23 39 11 31 42 6 38 1 45 33 50 5 48 24 7 14 22 30 29 44 46 28 34 12 40 35 4 16 32 3 27 25 41 8 19 2 9 15 21 
student 258: 14 27 39 15 21 47 20 12 45 36 41 24 37 8 34 46 4 38 1 42 31 48 9 49 25 6 13 22 29 28 43 50 35 32 11 40 33 5 17 30 3 23 26 44 7 19 2 10 16 18 
student 259: 16 28 37 12 22 49 18 13 45 33 43 24 38 7 35 42 9 40 1 39 34 47 6 50 26 4 14 19 30 23 44 48 29 36 10 41 31 5 15 32 3 25 27 46 8 17 2 11 20 21 
student 260: 16 27 36 7 21 48 20 12 44 38 45 23 40 13 30 50 1 37 2 41 34 46 8 47 25 6 15 22 33 28 42 49 29 35 10 39 32 5 19 31 3 24 26 43 9 14 4 11 18 17 
student 261: 16 26 34 14 22 50 19 10 44 38 41 20 37 9 30 46 4 39 2 42 32 45 7 48 24 6 13 23 28 27 47 49 29 36 11 40 35 12 25 33 1 21 31 43 5 18 3 8 15 17 
student 262: 14 28 34 13 22 49 20 12 45 37 43 23 38 8 32 46 6 39 1 42 33 47 10 48 27 9 16 21 29 26 41 50 30 35 11 40 36 4 17 31 2 25 24 44 7 18 3 5 15 19 
student 263: 15 27 35 14 18 49 16 13 46 40 43 22 39 10 31 44 7 41 1 37 33 47 6 48 25 4 12 21 30 28 45 50 29 38 8 42 34 5 19 32 2 23 26 36 9 20 3 11 17 24 
student 264: 14 26 35 16 24 50 19 11 46 38 44 25 37 10 32 47 6 41 1 40 34 48 5 45 22 7 12 20 30 29 43 49 28 31 13 39 36 2 15 33 3 23 27 42 8 17 4 9 18 21 
student 265: 17 27 36 15 21 50 19 11 46 39 42 25 37 7 31 44 5 38 1 40 33 45 8 48 24 6 13 22 29 28 47 49 30 34 12 41 35 4 14 32 3 23 26 43 9 18 2 10 16 20 
student 266: 12 27 38 14 21 49 19 10 46 36 41 24 37 11 32 43 5 44 1 39 33 48 6 47 26 8 15 22 30 28 45 50 29 34 13 40 35 4 18 31 3 25 23 42 7 17 2 9 16 20 
student 267: 16 26 38 15 22 50 19 14 46 37 42 21 36 10 29 49 7 40 1 39 34 45 3 47 32 8 9 25 30 27 44 48 28 31 13 41 35 5 17 33 2 23 24 43 6 18 4 11 12 20 
student 268: 14 27 39 16 21 49 20 11 45 35 43 23 38 12 29 46 1 40 2 36 37 44 6 48 25 7 13 22 31 24 47 50 30 34 9 41 32 4 15 33 3 28 26 42 8 18 5 10 17 19 
student 269: 14 31 37 16 20 48 21 13 43 34 39 24 42 11 30 47 7 38 1 44 32 46 8 50 25 5 12 22 28 27 41 49 29 33 9 45 35 4 17 36 2 23 26 40 6 19 3 10 15 18 
student 270: 15 25 36 14 22 50 19 8 45 40 42 24 38 10 31 46 4 37 1 41 34 48 11 49 23 7 13 20 30 27 44 47 28 32 12 39 35 3 16 33 2 26 29 43 9 18 5 6 17 21 
student 271: 14 30 36 11 23 46 19 12 47 40 43 20 35 10 31 48 5 38 1 39 33 44 6 50 25 8 15 22 28 27 45 49 29 34 13 42 37 4 16 32 2 24 26 41 9 18 3 7 17 21 
student 272: 15 27 36 14 22 49 25 11 46 38 43 20 37 10 32 47 6 41 1 40 31 45 5 48 23 7 13 21 33 24 39 50 29 35 12 42 34 3 17 30 2 26 28 44 8 18 4 9 16 19 
student 273: 15 25 38 20 24 49 17 13 46 39 42 23 36 10 32 47 5 37 3 40 35 43 6 48 22 9 12 21 27 30 45 50 29 31 11 41 34 4 19 33 1 26 28 44 7 16 2 8 14 18 
student 274: 14 27 36 15 21 49 20 13 45 38 41 25 37 11 31 48 6 39 1 43 34 46 7 47 23 4 8 22 30 28 44 50 29 33 12 40 35 5 17 32 2 26 24 42 9 18 3 10 16 19 
student 275: 15 28 38 17 23 50 18 12 42 39 44 22 32 9 35 47 2 36 4 41 37 45 7 49 24 8 13 19 31 27 40 48 29 34 11 43 33 5 20 30 3 26 25 46 6 16 1 10 14 21 
student 276: 15 24 35 14 26 48 18 13 45 38 42 22 37 10 33 46 6 39 1 43 25 47 3 49 28 7 11 21 29 30 44 50 31 32 12 40 36 5 16 34 2 23 27 41 8 19 4 9 17 20 
student 277: 12 28 30 15 20 49 19 14 44 42 45 21 35 10 33 47 3 38 1 41 34 43 7 50 25 5 13 23 29 26 40 48 32 36 11 39 37 6 16 31 2 24 27 46 8 18 4 9 17 22 
student 278: 17 26 37 15 23 47 18 11 45 38 40 25 35 12 32 49 4 41 1 39 33 46 7 48 22 9 16 21 27 31 44 50 29 34 8 43 36 5 13 30 2 24 28 42 6 19 3 10 14 20 
student 279: 16 27 37 11 26 50 18 10 45 35 39 25 38 13 32 47 8 40 2 43 31 49 5 42 23 3 12 21 29 28 44 48 34 33 14 46 36 7 17 30 1 22 24 41 6 19 4 9 15 20 
student 280: 15 28 35 13 20 49 22 12 45 41 38 25 36 10 31 47 4 39 3 37 32 46 9 48 21 6 14 23 29 27 43 50 30 34 11 40 42 5 18 33 1 26 24 44 7 17 2 8 16 19 
student 281: 16 30 37 14 23 50 18 9 42 39 41 25 38 12 31 46 5 43 1 40 33 45 7 48 22 6 13 21 29 24 47 49 26 34 11 36 35 2 15 32 3 27 28 44 10 20 4 8 17 19 
student 282: 16 24 37 14 23 44 21 13 46 40 38 22 36 7 33 47 4 42 1 45 30 48 6 50 28 9 10 20 27 29 43 49 31 32 8 41 35 5 19 34 2 25 26 39 11 17 3 12 15 18 
student 283: 15 27 34 13 22 50 17 12 44 41 43 24 37 8 31 45 5 38 1 39 33 48 6 49 26 3 14 21 30 25 46 47 29 35 10 40 36 7 18 32 2 23 28 42 11 16 4 9 19 20 
student 284: 15 25 34 8 23 49 19 14 45 39 41 24 38 11 30 47 5 36 4 40 32 46 10 48 27 9 13 21 31 26 43 50 29 33 12 44 37 2 18 35 1 22 28 42 6 17 3 7 16 20 
student 285: 15 32 34 13 21 50 19 14 44 38 41 23 36 10 29 48 9 37 1 39 31 46 4 49 24 6 12 22 30 27 45 47 28 35 11 42 40 5 17 33 2 25 26 43 8 16 3 7 18 20 
student 286: 17 28 35 14 24 50 19 12 46 39 44 22 37 10 31 47 4 38 3 42 36 45 7 48 25 6 13 21 29 26 43 49 30 32 11 40 33 5 16 34 1 23 27 41 9 18 2 8 15 20 
student 287: 15 31 36 14 21 47 19 13 45 40 43 20 38 9 29 46 7 37 2 39 33 42 10 50 25 3 12 23 32 27 48 49 30 34 11 41 35 4 17 28 1 24 26 44 5 18 6 8 16 22 
student 288: 14 26 38 15 20 46 16 11 45 35 44 24 37 10 32 47 5 41 1 39 34 48 6 49 27 9 12 23 31 28 43 50 29 30 13 40 36 3 21 33 2 22 25 42 7 18 4 8 17 19 
student 289: 15 28 37 14 18 50 17 13 45 39 41 23 36 11 35 47 3 38 2 42 34 49 7 44 25 6 12 22 29 26 48 46 30 31 9 40 32 5 19 33 1 24 27 43 10 20 4 8 16 21 
student 290: 13 30 35 16 23 50 20 10 45 38 41 21 37 9 31 48 3 42 1 40 32 46 5 47 24 8 14 28 29 26 44 49 27 34 12 39 36 6 17 33 4 22 25 43 11 18 2 7 15 19 
student 291: 17 27 34 13 21 50 24 12 44 38 42 25 36 10 30 47 4 37 2 40 32 46 9 48 22 7 14 23 28 31 49 45 29 35 11 41 39 3 16 33 1 19 26 43 6 18 5 8 15 20 
student 292: 16 24 36 14 21 49 19 11 45 37 40 23 39 13 31 47 6 38 4 42 34 46 9 48 27 7 12 22 29 30 44 50 28 32 8 41 35 3 17 33 1 25 26 43 5 18 2 10 15 20 
student 293: 16 27 35 14 19 46 18 13 48 40 38 20 37 10 30 47 8 39 1 41 33 45 6 50 24 4 12 23 34 28 43 49 29 32 11 42 36 3 21 31 5 25 26 44 7 22 2 9 15 17 
student 294: 15 28 34 14 23 47 20 13 48 38 39 22 44 10 31 49 6 41 1 37 30 45 8 43 25 4 11 18 29 27 46 50 32 36 12 40 35 5 16 33 3 24 26 42 7 17 2 9 21 19 
student 295: 15 27 38 14 21 47 19 12 44 37 43 23 36 10 31 46 6 39 1 41 33 45 5 50 25 8 13 22 29 30 49 48 26 35 11 42 34 4 17 32 3 24 28 40 9 18 2 7 16 20 
student 296: 15 27 36 14 21 49 16 11 45 37 42 23 38 13 30 48 4 40 1 39 32 46 6 47 26 5 12 22 34 28 44 50 29 35 10 41 33 7 18 31 3 24 25 43 9 19 2 8 17 20 
student 297: 16 27 36 15 20 49 21 10 45 38 42 22 37 5 28 47 6 39 1 40 34 46 8 48 23 9 12 24 26 33 44 50 32 30 11 41 35 4 17 31 3 29 25 43 7 18 2 13 14 19 
student 298: 16 24 37 15 20 50 21 14 47 40 42 23 35 8 33 48 5 38 2 41 32 43 6 49 25 9 12 22 31 28 44 46 29 34 10 39 36 4 17 30 1 26 27 45 7 19 3 11 13 18 
student 299: 14 31 37 13 21 49 20 16 45 38 41 23 36 9 33 46 8 39 2 43 32 47 7 48 26 3 10 22 29 27 44 50 28 34 12 40 35 4 15 30 1 24 25 42 6 18 5 11 19 17 
student 300: 15 26 37 14 19 49 16 12 46 39 44 24 36 9 31 47 4 42 1 38 34 45 7 48 21 6 13 22 30 28 43 50 29 35 11 41 32 5 20 33 2 25 27 40 10 18 3 8 17 23 
student 301: 14 25 35 15 21 50 17 12 45 37 42 23 39 8 29 48 5 40 1 38 33 46 11 47 26 6 13 16 32 28 44 49 30 36 10 41 34 4 19 31 3 24 27 43 7 20 2 9 18 22 
student 302: 16 27 38 11 21 49 19 13 43 36 41 18 37 8 30 48 5 42 1 39 33 47 9 44 25 6 14 29 28 26 46 50 31 32 12 40 34 4 17 35 3 24 23 45 7 22 2 10 15 20 
student 303: 10 27 35 17 23 49 18 13 45 38 41 21 37 11 32 47 6 40 1 39 34 46 7 48 25 8 15 22 29 28 43 50 31 36 12 42 33 4 16 30 5 26 24 44 3 20 2 9 14 19 
student 304: 11 28 36 10 15 45 20 12 44 38 40 26 37 13 31 48 4 39 5 41 33 47 7 49 27 6 17 21 29 24 46 50 32 34 16 42 35 2 14 30 1 22 25 43 8 19 3 9 18 23 
student 305: 15 28 38 8 22 49 20 11 47 40 39 24 36 10 30 46 6 42 2 41 32 43 9 48 26 5 14 19 25 29 45 50 35 33 13 37 34 3 16 31 4 23 27 44 12 17 1 7 18 21 
student 306: 15 27 36 13 21 49 19 10 47 37 43 23 35 9 33 42 6 40 1 39 30 45 2 46 26 7 14 22 31 25 48 50 28 34 12 41 38 5 16 32 3 24 29 44 8 18 4 11 17 20 
student 307: 14 28 34 12 19 47 17 13 46 39 43 21 38 10 33 45 7 36 1 40 32 49 8 48 24 4 16 22 31 27 42 50 29 37 11 41 35 5 20 30 3 25 26 44 6 15 2 9 18 23 
student 308: 16 27 34 15 22 49 18 11 46 39 40 23 36 10 31 47 2 37 1 43 35 45 9 50 25 8 14 21 30 28 44 48 29 38 12 41 32 4 17 33 5 24 26 42 7 20 3 6 13 19 
student 309: 15 30 36 14 21 48 19 13 45 37 44 22 38 12 32 49 4 40 1 41 33 46 8 47 26 6 11 23 29 25 43 50 27 34 10 42 35 5 17 31 2 24 28 39 7 18 3 9 16 20 
student 310: 17 27 37 15 21 50 18 12 44 36 45 25 38 11 32 47 9 40 1 39 33 46 8 48 26 6 13 22 30 28 43 49 29 34 7 41 35 4 14 31 2 23 24 42 5 16 3 10 19 20 
student 311: 14 27 40 13 20 49 17 11 47 37 42 23 36 10 31 48 6 38 3 39 33 41 7 45 24 5 15 22 30 29 46 50 28 35 12 43 32 4 18 34 1 25 26 44 9 19 2 8 16 21 
student 312: 16 28 37 15 20 49 19 12 46 35 42 27 39 10 31 47 5 36 2 40 34 43 6 48 23 7 13 26 30 29 45 50 25 32 11 41 38 4 17 33 1 22 24 44 9 14 3 8 18 21 
student 313: 15 29 36 14 22 41 18 10 46 39 43 21 42 7 33 50 4 38 1 40 31 47 8 48 28 5 13 23 30 27 45 49 26 35 9 37 34 3 16 32 2 25 24 44 11 20 6 12 17 19 
student 314: 13 28 36 17 20 48 19 12 44 37 42 24 39 9 32 47 1 38 2 40 34 46 8 49 25 4 11 23 30 27 43 50 29 33 10 41 35 6 18 31 5 21 26 45 7 16 3 14 15 22 
student 315: 17 27 33 15 20 48 16 12 46 37 42 28 38 10 30 47 5 39 2 41 34 43 6 49 26 8 13 23 29 21 44 50 32 31 11 40 36 3 24 35 1 25 18 45 7 19 4 9 14 22 
student 316: 13 30 34 17 21 50 20 12 48 36 41 24 38 10 26 46 6 44 2 39 31 45 4 47 25 8 18 22 33 27 43 49 32 37 11 40 35 5 16 29 3 23 28 42 7 15 1 9 14 19 
student 317: 17 24 36 12 21 48 16 13 46 38 40 26 37 10 30 44 6 41 2 39 32 47 9 45 25 7 18 22 31 28 49 50 29 34 11 42 35 3 15 33 1 23 27 43 4 19 5 8 14 20 
student 318: 16 26 33 15 21 48 17 12 45 38 41 22 35 10 28 47 5 39 1 40 34 46 8 49 29 6 13 23 32 27 43 50 30 36 9 42 37 4 14 31 2 24 25 44 7 19 3 11 18 20 
student 319: 15 29 34 16 21 48 18 10 46 42 44 22 38 11 35 41 5 40 1 37 31 49 7 47 24 6 12 20 32 26 43 50 28 33 13 39 36 4 17 30 3 25 27 45 8 19 2 9 14 23 
student 320: 17 25 35 12 22 50 20 10 45 37 42 24 36 6 33 47 7 40 1 41 34 46 9 49 19 4 14 23 30 27 43 48 29 38 11 39 31 5 16 32 2 26 28 44 13 18 3 8 15 21 
student 321: 11 28 37 16 22 50 18 14 46 36 41 24 38 10 30 47 5 39 1 40 34 43 7 48 26 6 13 21 31 23 44 49 29 32 12 45 35 3 20 33 2 25 27 42 8 17 4 9 15 19 
student 322: 16 26 36 12 22 50 19 14 45 40 39 27 37 11 30 47 1 38 2 41 34 46 6 49 24 7 13 23 31 29 43 48 28 35 10 42 32 5 17 33 4 21 25 44 8 20 3 9 15 18 
student 323: 15 26 35 10 21 49 20 11 45 38 42 23 37 12 34 46 6 40 2 39 31 47 7 48 29 5 13 22 32 27 44 50 28 36 14 41 33 4 18 30 1 25 24 43 9 17 3 8 16 19 
student 324: 15 26 35 12 22 48 16 13 44 37 39 23 40 9 32 45 2 38 4 41 34 49 8 47 25 6 14 20 30 29 46 50 28 36 11 42 33 3 18 31 1 24 27 43 7 19 5 10 17 21 
student 325: 14 28 37 15 20 50 18 12 47 38 41 27 36 8 29 45 4 42 1 39 34 43 9 49 23 7 13 21 25 30 46 48 31 35 11 40 33 6 16 32 2 24 26 44 5 19 3 10 17 22 
student 326: 15 26 33 14 20 49 19 7 45 41 42 27 36 12 32 47 4 40 2 38 34 46 5 48 25 9 13 24 30 28 43 50 29 35 11 39 37 1 16 31 3 21 23 44 8 22 6 10 17 18 
student 327: 15 28 32 13 21 48 17 11 44 37 46 22 38 9 29 45 3 39 2 41 33 47 7 49 25 4 14 24 31 23 43 50 30 35 12 40 36 5 16 34 1 26 27 42 8 20 6 10 18 19 
student 328: 16 27 35 10 21 49 19 12 45 38 44 25 37 13 30 48 5 39 1 41 36 46 8 47 26 7 14 23 31 28 43 50 29 33 11 40 34 4 15 32 2 24 22 42 9 18 3 6 17 20 
student 329: 11 28 37 15 18 50 19 12 45 38 43 24 34 8 30 47 2 42 1 39 35 46 9 49 25 6 14 22 29 26 41 48 31 36 13 40 33 5 16 32 3 27 23 44 10 17 4 7 20 21 
student 330: 18 27 37 15 21 47 17 14 44 38 40 22 35 13 31 48 6 39 1 41 32 46 5 49 26 8 10 23 30 29 45 50 28 34 7 43 36 3 19 33 4 24 25 42 11 20 2 9 16 12 
student 331: 16 26 36 13 20 49 19 9 46 39 42 23 37 11 31 47 6 41 2 38 32 44 8 48 28 7 12 21 30 29 45 50 27 33 15 40 34 3 17 35 1 24 25 43 10 18 4 5 14 22 
student 332: 16 25 35 11 20 49 18 14 44 38 39 24 37 10 30 48 5 40 1 41 34 45 7 46 23 4 13 21 28 27 47 50 31 36 12 42 33 2 17 32 3 26 29 43 8 19 6 9 15 22 
student 333: 14 27 35 15 18 49 21 13 45 39 44 22 37 11 32 47 3 40 1 42 38 46 7 48 26 6 10 23 25 29 43 50 30 33 12 41 34 5 16 31 2 24 28 36 9 19 4 8 17 20 
student 334: 16 26 40 13 25 48 17 9 44 36 49 21 35 11 31 45 3 38 2 41 32 47 8 46 22 4 15 23 29 27 43 50 30 34 12 39 37 6 18 33 1 28 24 42 7 14 5 10 19 20 
student 335: 17 28 34 14 26 50 19 12 49 38 43 25 36 10 31 45 6 42 1 37 32 44 7 48 27 5 13 20 30 24 46 47 29 35 11 40 39 4 18 33 2 23 22 41 8 15 3 9 16 21 
student 336: 17 30 39 14 21 48 19 11 44 40 42 24 32 9 33 47 5 37 2 38 35 49 7 45 23 6 13 22 28 26 43 50 27 36 15 41 31 1 16 34 4 25 29 46 8 18 3 10 12 20 
student 337: 15 24 36 14 21 50 19 17 43 42 41 23 37 10 31 45 4 38 3 39 33 47 2 48 29 7 13 22 32 27 46 49 28 34 11 40 35 6 16 30 1 25 26 44 8 18 5 9 12 20 
student 338: 14 27 34 16 22 49 19 11 46 37 40 24 39 9 32 48 6 41 3 42 33 44 7 47 26 4 13 21 30 28 43 50 29 31 12 38 36 1 15 35 2 25 23 45 8 18 5 10 17 20 
student 339: 15 27 33 13 20 47 17 11 45 36 41 23 38 14 30 48 5 39 1 42 31 46 6 50 25 7 12 22 28 32 44 49 29 34 8 40 37 4 19 35 3 24 26 43 9 21 2 10 16 18 
student 340: 23 27 37 16 20 49 15 12 45 36 43 24 38 9 31 48 4 39 3 40 34 47 7 46 25 6 13 18 33 28 42 50 29 32 10 41 35 5 14 30 1 22 26 44 8 19 2 11 17 21 
student 341: 17 27 36 15 21 48 20 14 41 38 43 22 37 11 29 44 4 42 1 39 33 47 7 45 24 5 12 26 31 32 49 50 28 34 10 40 35 6 16 30 3 23 25 46 8 18 2 9 13 19 
student 342: 15 28 35 14 19 48 16 11 44 36 42 23 39 9 27 47 7 40 3 41 34 46 5 49 25 6 13 22 30 29 45 50 33 37 12 38 31 4 21 32 1 24 26 43 8 18 2 10 17 20 
student 343: 14 27 33 16 21 49 19 13 45 39 40 22 38 12 31 47 4 36 1 42 35 46 10 48 28 7 9 23 30 26 44 50 29 34 11 41 37 3 15 32 2 25 24 43 6 18 5 8 17 20 
student 344: 14 27 37 15 24 49 19 12 46 39 45 22 36 10 31 48 6 40 2 38 34 44 8 47 25 7 11 21 30 26 43 50 29 35 13 42 33 1 17 32 4 23 28 41 5 18 3 9 16 20 
student 345: 17 28 39 15 20 49 19 16 44 37 42 24 38 4 32 46 7 45 1 36 33 48 8 47 25 6 13 22 30 29 43 50 26 34 10 41 35 3 12 31 5 23 27 40 9 18 2 11 14 21 
student 346: 16 21 36 13 22 49 18 15 48 38 43 23 40 8 31 46 4 37 2 41 33 45 5 47 26 6 10 24 28 30 44 50 29 32 11 39 35 7 14 34 1 25 27 42 9 17 3 12 19 20 
student 347: 14 27 36 17 20 50 19 11 44 45 38 24 37 9 34 41 7 40 1 39 31 47 8 48 25 6 13 23 29 28 43 49 30 33 10 42 35 3 21 32 2 22 26 46 4 18 5 12 15 16 
student 348: 16 30 36 13 21 48 18 11 41 38 44 24 39 10 31 46 3 37 2 40 33 49 8 47 23 6 12 26 29 27 45 50 28 34 14 42 35 5 17 32 4 25 22 43 7 19 1 9 15 20 
student 349: 16 29 40 18 25 47 22 11 45 38 43 21 37 10 32 44 4 39 6 36 30 49 7 50 24 9 12 23 28 27 42 48 31 35 13 41 33 1 15 34 3 20 26 46 5 19 2 8 14 17 
student 350: 19 28 36 14 21 49 20 7 44 38 40 23 37 11 33 47 5 39 1 41 31 46 8 48 24 6 13 22 30 26 45 50 29 35 12 42 34 4 15 32 2 25 27 43 9 16 3 10 18 17 
student 351: 17 26 36 16 22 50 19 12 42 38 43 23 37 11 29 48 6 39 1 41 33 45 7 47 25 5 13 15 31 28 46 49 30 34 10 40 35 3 18 32 2 24 27 44 8 21 4 9 14 20 
student 352: 14 25 36 13 21 48 18 15 47 38 42 26 39 9 32 46 4 34 1 41 35 45 7 50 24 6 11 22 28 29 43 49 30 33 12 40 37 5 16 31 3 23 27 44 10 19 2 8 17 20 
student 353: 17 27 36 13 18 49 24 12 45 39 41 22 37 10 31 46 5 38 1 40 32 47 6 48 25 7 15 20 30 28 44 50 29 33 11 42 34 4 16 35 2 23 26 43 8 19 3 9 14 21 
student 354: 12 24 36 11 20 43 18 16 46 40 44 22 39 15 29 48 2 38 3 34 35 45 7 50 26 6 17 25 33 28 47 49 32 37 8 42 31 4 14 30 1 23 27 41 10 19 5 9 13 21 
student 355: 18 27 38 13 22 49 17 12 46 40 39 23 37 10 32 45 5 41 1 43 31 47 7 48 26 6 14 20 29 30 42 50 28 34 11 35 36 2 16 33 3 24 25 44 8 19 4 9 15 21 
student 356: 14 27 38 15 17 46 19 11 49 37 43 25 35 10 28 45 3 36 1 40 34 48 8 47 24 6 12 23 31 30 44 50 32 33 13 39 42 2 18 29 4 21 26 41 7 20 5 9 16 22 
student 357: 15 26 39 16 19 47 17 12 46 40 42 23 37 10 31 48 5 38 1 33 34 43 7 50 28 6 13 22 30 27 45 49 29 36 8 41 35 4 14 32 2 24 25 44 9 18 3 11 21 20 
student 358: 14 26 35 15 20 48 19 13 44 37 42 23 36 10 30 49 6 41 2 39 33 46 7 47 22 4 11 24 28 32 45 50 29 34 12 40 38 3 17 31 1 25 27 43 8 18 5 9 16 21 
student 359: 12 29 35 15 19 48 20 14 44 40 43 22 36 11 32 47 6 38 1 39 31 46 7 49 27 3 13 23 33 26 45 50 28 37 10 41 34 5 17 30 2 24 25 42 8 18 4 9 16 21 
student 360: 17 27 36 13 20 50 18 12 45 41 43 23 37 6 31 47 4 38 2 39 33 46 11 48 24 5 14 21 32 30 44 49 28 34 10 40 35 7 16 29 1 25 26 42 8 19 3 9 15 22 
student 361: 13 28 33 14 22 48 19 11 46 34 44 23 40 9 32 49 3 39 1 38 31 45 5 47 26 7 15 21 30 27 42 50 29 36 12 41 37 6 18 35 2 25 24 43 8 16 4 10 17 20 
student 362: 13 26 36 12 19 50 20 14 46 40 43 23 37 10 30 47 6 41 2 38 32 45 7 48 25 5 15 24 33 28 44 49 29 34 11 42 35 3 16 31 4 21 27 39 8 18 1 9 17 22 
student 363: 13 25 37 12 22 50 17 14 45 38 44 23 36 10 32 46 8 40 1 39 31 47 6 48 24 4 15 27 30 28 43 49 29 33 11 41 35 5 16 34 2 21 26 42 7 20 3 9 18 19 
student 364: 20 25 36 12 19 46 21 15 42 40 41 23 39 10 33 47 5 35 1 45 31 43 7 48 26 6 13 22 32 27 44 50 28 37 11 38 34 3 14 29 2 24 30 49 8 16 4 9 18 17 
student 365: 16 27 34 14 20 48 23 15 49 35 43 24 38 9 32 47 4 39 1 41 31 44 10 46 26 5 12 22 30 28 45 50 29 37 8 40 33 6 17 36 2 25 21 42 11 18 3 7 13 19 
student 366: 17 28 34 14 21 48 20 12 46 40 39 23 37 13 36 49 6 38 1 41 33 47 5 44 24 4 11 22 29 27 43 50 30 32 10 42 35 7 16 31 3 25 26 45 9 18 2 8 15 19 
student 367: 8 27 36 13 22 48 19 12 45 38 43 23 37 11 31 42 3 39 1 44 33 41 4 47 26 7 14 20 30 28 49 50 29 34 15 40 35 6 16 32 2 24 25 46 10 18 5 9 17 21 
student 368: 15 16 33 14 23 49 19 10 44 42 46 22 38 9 32 45 4 37 2 41 35 47 8 48 26 6 12 25 30 27 43 50 29 36 13 39 40 5 18 31 1 24 28 34 7 21 3 11 17 20 
student 369: 13 28 36 15 23 47 16 8 44 39 41 22 37 10 31 49 4 40 1 42 33 48 6 46 26 5 14 21 30 27 45 50 29 32 11 38 35 7 17 34 3 24 25 43 9 18 2 12 19 20 
student 370: 15 26 37 13 24 49 19 14 45 36 40 22 39 10 29 47 3 38 1 41 35 46 8 48 27 4 12 23 30 31 43 50 28 32 11 42 33 7 16 34 2 21 25 44 6 18 5 9 17 20 
student 371: 15 27 33 14 24 49 17 12 45 41 42 21 39 8 35 47 7 36 2 37 29 46 6 48 23 4 13 20 31 28 44 50 30 38 11 43 32 5 22 34 3 25 26 40 10 19 1 9 16 18 
student 372: 14 28 38 18 23 49 19 9 45 37 41 22 36 8 30 48 5 40 1 39 33 46 12 47 26 7 11 20 31 27 43 50 29 35 13 42 34 6 16 32 2 25 24 44 4 17 3 10 15 21 
student 373: 18 26 36 13 21 50 15 12 47 38 43 23 40 10 27 44 5 45 1 42 34 48 8 39 25 3 11 22 32 29 46 49 30 35 14 37 33 6 17 31 2 24 28 41 9 20 4 7 16 19 
student 374: 13 27 35 14 23 49 21 8 48 38 44 24 36 15 30 46 3 39 1 41 33 43 7 47 26 6 12 20 32 28 45 50 29 34 11 40 37 5 17 31 2 22 25 42 9 18 4 10 16 19 
student 375: 15 28 37 14 20 48 19 12 44 39 38 23 35 9 29 49 5 40 2 42 32 46 6 47 27 8 13 22 31 26 41 50 33 34 10 43 36 3 18 30 1 24 25 45 7 21 4 16 17 11 
student 376: 16 26 38 15 22 50 20 13 44 36 43 25 37 11 30 47 9 39 2 40 33 45 8 48 21 5 12 24 31 27 46 49 29 34 7 41 35 4 17 32 1 23 28 42 10 19 3 6 14 18 
student 377: 15 29 37 9 20 49 18 14 43 39 41 22 35 12 31 48 6 38 1 40 33 47 2 46 25 7 21 23 30 27 45 50 28 36 13 42 34 5 17 32 3 24 26 44 8 16 4 11 10 19 
student 378: 11 28 35 14 20 49 19 12 46 37 42 23 40 13 30 47 5 38 1 39 33 48 9 45 24 4 16 22 29 27 44 50 31 34 8 41 36 6 17 32 2 25 26 43 7 18 3 10 15 21 
student 379: 17 26 33 13 21 45 18 12 47 37 41 24 38 8 32 49 6 39 1 40 36 46 5 48 23 7 15 22 28 31 44 50 27 34 11 42 35 4 16 30 2 25 29 43 9 19 3 10 14 20 
student 380: 20 25 37 15 21 50 18 11 46 42 41 22 38 13 30 39 5 44 1 34 33 47 7 48 28 6 14 24 31 29 43 49 26 35 9 40 36 4 17 32 2 23 27 45 10 12 3 8 16 19 
student 381: 16 27 36 14 23 49 18 12 46 38 44 22 37 9 31 47 5 39 1 40 33 45 7 48 26 6 13 21 30 28 43 50 29 34 10 41 35 4 17 32 2 25 24 42 8 19 3 11 15 20 
student 382: 18 27 36 14 21 48 19 13 45 41 42 22 38 10 32 49 7 37 1 39 33 46 9 47 28 5 12 24 31 26 44 50 29 34 11 43 35 3 15 30 2 23 25 40 6 16 4 8 17 20 
student 383: 13 27 39 12 22 50 15 17 46 36 42 23 37 9 30 47 7 40 1 41 34 44 10 48 26 2 18 21 28 29 45 49 31 35 11 38 33 5 14 32 4 24 25 43 6 20 3 8 19 16 
student 384: 12 27 36 15 22 49 16 13 45 39 43 23 37 11 32 46 3 38 5 40 35 48 6 47 25 4 14 21 31 29 44 50 30 33 10 41 34 1 17 28 2 24 26 42 9 19 7 8 20 18 
student 385: 14 27 34 15 23 50 19 12 46 37 42 25 36 11 31 48 5 40 1 39 35 45 4 49 26 6 13 20 28 33 44 47 29 38 9 41 30 10 17 32 2 24 21 43 7 18 3 8 16 22 
student 386: 14 28 33 15 24 49 20 13 45 35 42 22 39 10 31 47 3 40 2 41 34 46 7 48 23 5 11 21 30 27 44 50 29 36 12 37 38 4 18 32 9 25 26 43 6 19 1 8 16 17 
student 387: 17 27 37 13 20 48 16 10 50 36 43 22 38 12 30 47 8 39 1 42 33 44 5 46 23 6 15 19 29 31 45 49 32 34 9 40 35 4 14 28 3 24 25 41 7 26 2 11 18 21 
student 388: 15 27 33 14 20 49 19 13 48 37 42 23 36 9 32 46 5 39 1 40 31 47 7 45 25 6 12 22 29 28 43 50 30 35 10 44 38 4 17 34 2 24 26 41 8 18 3 11 16 21 
student 389: 16 27 36 14 19 50 11 13 48 39 40 22 37 12 32 46 6 42 1 38 34 44 7 47 28 4 15 21 29 25 43 49 30 35 9 45 33 5 23 31 2 26 24 41 8 20 3 10 18 17 
student 390: 22 28 34 14 19 50 21 12 45 38 42 23 35 10 31 49 7 40 2 39 33 47 8 46 26 3 13 20 29 25 43 48 30 36 11 41 32 4 15 37 1 24 27 44 6 16 5 9 17 18 
student 391: 14 26 32 16 19 49 21 9 41 38 45 23 36 12 33 44 6 39 1 42 34 47 8 48 25 4 15 22 35 28 46 50 30 37 11 40 29 5 20 31 3 24 27 43 7 18 2 10 17 13 
student 392: 13 26 36 19 20 49 18 16 45 40 43 23 37 8 33 47 5 41 2 39 34 46 9 48 27 7 12 22 32 28 42 50 29 31 11 38 35 3 17 30 4 24 25 44 6 15 1 10 14 21 
student 393: 19 25 41 14 21 48 18 13 46 37 43 24 36 10 31 47 6 38 1 39 33 42 7 49 27 5 11 23 30 26 45 50 28 34 12 40 35 3 20 32 2 29 17 44 8 15 4 9 16 22 
student 394: 15 24 37 16 20 50 19 11 42 35 46 25 38 10 29 48 7 39 1 41 33 45 6 47 26 5 12 22 31 30 40 49 27 34 13 43 36 4 14 32 2 23 28 44 8 21 3 9 17 18 
student 395: 17 25 38 14 21 49 20 10 44 40 41 29 35 11 32 46 6 42 2 36 33 47 7 50 28 5 13 22 27 26 45 48 31 39 12 37 34 4 18 30 1 24 23 43 9 19 3 8 15 16 
student 396: 16 26 38 14 19 44 24 13 46 36 40 25 37 11 34 48 5 39 2 41 32 47 8 50 23 6 12 20 31 28 45 49 29 33 9 43 35 4 17 30 1 22 27 42 10 18 3 7 15 21 
student 397: 13 24 36 15 20 50 19 11 43 38 41 23 37 8 31 48 6 42 1 39 30 47 9 45 32 4 14 22 28 27 46 49 29 34 12 40 35 5 16 33 2 25 26 44 7 18 3 10 17 21 
student 398: 15 25 36 14 20 50 18 13 46 37 40 23 38 10 29 48 7 39 1 43 32 47 5 45 27 8 12 22 30 33 44 49 28 35 11 41 34 3 19 31 2 24 26 42 9 16 4 6 17 21 
student 399: 15 27 37 13 28 49 17 12 45 43 41 23 35 10 31 47 1 38 5 40 33 46 2 48 25 9 14 21 29 32 42 50 26 34 11 39 36 6 18 30 3 24 22 44 7 20 4 8 16 19 
student 400: 15 26 35 14 19 49 18 11 45 36 42 22 38 9 30 50 6 40 2 41 32 48 10 47 24 7 13 21 27 28 44 46 33 34 12 39 37 4 20 31 3 29 25 43 8 17 1 5 16 23 
student 401: 17 29 36 15 22 49 18 14 46 39 42 24 38 10 32 47 5 40 1 37 35 45 6 50 25 7 11 21 27 30 44 48 28 31 12 41 34 4 13 33 3 23 26 43 8 19 2 9 16 20 
student 402: 14 27 37 15 19 49 18 12 46 38 43 22 35 9 30 47 6 42 1 36 34 45 7 48 21 5 13 23 31 28 44 50 29 32 10 39 40 4 17 33 2 24 26 41 8 20 3 11 16 25 
student 403: 16 25 29 13 23 44 19 11 46 39 42 24 37 12 32 47 3 38 1 41 31 48 5 49 27 7 14 17 30 28 45 50 34 35 10 40 36 6 15 33 4 22 26 43 8 18 2 9 21 20 
student 404: 16 28 40 13 15 48 22 11 44 42 37 23 36 9 30 46 6 38 1 41 33 45 8 47 25 5 10 24 32 29 50 49 27 34 12 39 35 4 21 31 2 20 26 43 7 18 3 14 17 19 
student 405: 16 26 36 14 22 50 19 12 43 40 41 24 37 7 34 45 4 39 2 35 32 47 8 49 20 6 13 23 28 29 46 48 30 33 11 42 38 3 17 31 1 25 27 44 10 18 5 9 15 21 
student 406: 14 25 36 18 22 49 19 12 45 42 41 21 37 8 31 47 6 40 1 38 32 50 9 46 23 7 13 20 29 28 43 48 30 34 11 39 35 3 17 33 4 26 24 44 10 15 2 5 16 27 
student 407: 15 28 35 14 22 45 18 10 44 39 40 21 36 8 33 48 4 38 1 43 34 47 7 50 26 6 12 23 32 27 46 49 30 31 9 41 37 3 17 29 2 24 25 42 11 16 5 13 19 20 
student 408: 15 28 36 14 20 48 16 11 45 37 42 22 40 10 29 47 2 38 1 39 32 46 6 49 24 5 13 23 31 27 43 50 30 33 12 41 35 7 19 34 3 25 26 44 9 17 4 8 18 21 
student 409: 13 26 39 15 20 47 21 12 41 35 45 23 42 9 32 48 8 37 1 40 34 46 7 50 25 5 14 22 29 28 44 49 30 36 11 38 31 2 18 33 4 24 27 43 10 19 3 6 16 17 
student 410: 17 24 38 13 21 49 19 8 45 37 43 26 35 12 30 47 4 40 1 41 33 46 9 48 28 6 15 18 27 29 44 50 32 36 11 39 34 3 22 31 2 23 25 42 7 16 5 10 14 20 
student 411: 16 27 37 14 22 49 19 13 45 36 44 20 38 10 31 46 7 40 1 39 33 47 6 48 21 4 11 26 29 28 42 50 30 32 12 41 35 5 18 34 2 25 24 43 9 17 3 8 15 23 
student 412: 23 29 38 14 22 49 18 13 45 39 40 24 35 11 31 46 3 37 2 43 33 47 7 48 26 6 12 21 30 27 42 50 28 34 8 41 36 5 16 32 1 19 25 44 9 17 4 10 15 20 
student 413: 16 26 40 15 22 49 20 12 47 42 44 23 37 10 31 46 5 39 1 36 32 43 7 48 25 6 13 21 28 29 45 50 30 33 11 38 35 4 17 34 2 24 27 41 8 18 3 9 14 19 
student 414: 13 27 36 14 21 49 19 17 48 40 42 23 38 6 28 46 5 37 1 39 33 45 8 47 26 7 12 22 34 29 44 50 30 31 11 41 35 3 16 32 2 25 24 43 10 20 4 9 15 18 
student 415: 12 27 37 14 22 49 19 13 45 35 41 21 38 9 31 46 3 39 1 40 30 48 8 47 26 7 15 23 29 28 42 50 32 33 11 43 34 6 16 36 2 25 24 44 4 18 5 10 17 20 
student 416: 17 26 35 11 20 50 19 14 43 39 44 21 38 9 32 49 5 37 1 41 33 45 6 47 25 8 15 24 30 28 46 48 31 34 13 40 36 4 16 29 2 22 27 42 7 18 3 10 12 23 
student 417: 15 27 36 14 18 49 20 12 47 35 42 23 37 11 30 39 4 40 1 44 33 43 6 46 22 9 13 21 31 28 48 50 29 34 7 41 38 5 16 32 2 25 26 45 8 19 3 10 17 24 
student 418: 14 25 36 13 20 49 21 12 41 40 47 23 39 11 31 46 6 42 1 37 32 48 7 50 30 2 16 22 28 29 38 45 27 35 8 43 34 5 17 33 4 24 26 44 10 18 3 9 15 19 
student 419: 15 29 36 14 21 49 20 12 45 38 40 23 37 8 30 46 7 41 1 39 33 47 6 50 26 5 13 22 28 27 44 48 31 34 11 42 35 4 16 32 2 24 25 43 10 17 3 9 19 18 
student 420: 14 27 35 11 20 49 19 12 48 37 40 23 38 8 30 47 9 42 4 41 33 46 6 45 25 3 13 22 31 28 44 50 29 36 10 39 34 5 17 32 1 24 26 43 16 18 2 7 15 21 
student 421: 15 27 37 12 23 50 21 14 45 40 42 25 38 10 30 48 3 35 1 39 33 46 5 47 22 7 13 20 29 28 44 49 31 34 11 41 36 6 17 32 2 24 26 43 8 18 4 9 16 19 
student 422: 13 27 35 16 21 49 19 10 45 38 42 23 37 11 32 47 3 39 1 40 33 46 7 50 25 6 14 22 30 29 44 48 28 34 12 43 36 2 18 31 5 24 26 41 8 17 4 9 15 20 
student 423: 12 28 36 15 21 50 19 14 45 37 40 25 39 10 29 49 4 38 5 42 34 48 9 47 27 8 13 23 33 30 44 46 26 35 11 41 32 3 18 31 1 22 24 43 7 17 2 6 16 20 
student 424: 11 28 36 16 21 49 15 14 47 39 40 23 38 10 32 48 4 37 5 41 34 45 7 46 26 8 13 22 30 27 44 50 29 33 12 42 35 3 18 31 2 24 25 43 9 19 1 6 17 20 
student 425: 14 29 33 13 21 47 18 11 43 39 38 24 40 9 36 46 5 37 3 41 30 45 2 49 27 7 15 22 28 26 50 48 32 34 10 42 35 6 17 31 1 23 25 44 12 19 4 8 16 20 
student 426: 14 28 37 13 27 48 19 12 46 35 43 22 36 10 32 49 4 39 1 41 33 47 7 45 24 6 15 21 31 26 44 50 29 38 11 40 34 3 17 30 2 23 25 42 9 18 5 8 16 20 
student 427: 14 29 37 15 21 49 19 12 46 40 42 24 38 10 32 47 7 35 1 39 33 44 8 48 26 5 13 22 27 30 45 50 31 36 11 41 28 3 18 34 4 23 25 43 9 17 2 6 16 20 
student 428: 14 24 36 13 25 49 18 11 44 43 41 22 39 12 31 46 5 37 1 38 33 45 6 48 26 7 10 21 30 28 42 50 29 34 15 40 35 3 19 32 2 23 27 47 8 17 4 9 16 20 
student 429: 15 26 38 14 18 48 20 13 45 39 40 24 36 5 34 46 6 37 1 42 32 47 9 50 23 7 11 22 25 29 41 49 30 33 12 43 35 3 17 31 2 27 28 44 10 19 4 8 16 21 
student 430: 18 27 36 14 22 49 17 12 43 38 42 21 37 15 33 48 2 39 3 40 32 45 7 47 26 6 11 24 30 28 46 50 29 34 9 41 35 5 16 31 1 23 25 44 10 19 4 8 13 20 
student 431: 18 25 34 16 17 49 19 13 45 39 42 20 35 9 30 46 4 38 2 40 32 43 6 47 26 5 12 24 33 27 48 50 28 36 11 41 37 10 22 31 1 23 29 44 7 15 3 8 14 21 
student 432: 13 28 35 17 22 50 19 14 48 37 40 21 36 7 31 45 3 38 2 41 34 46 8 47 24 4 12 23 30 29 43 49 27 39 11 42 33 5 18 32 1 25 26 44 9 20 6 10 15 16 
student 433: 16 29 36 14 20 47 18 17 45 38 41 21 37 11 31 49 4 39 1 40 32 48 10 46 27 7 13 22 30 26 43 50 28 33 9 44 35 5 19 34 3 23 25 42 8 15 2 6 12 24 
student 434: 11 25 38 13 21 43 18 14 42 40 44 23 37 9 35 48 6 39 1 41 31 45 12 49 24 2 10 20 32 30 47 50 27 33 15 34 36 4 17 28 3 22 26 46 8 16 5 7 29 19 
student 435: 15 28 34 14 21 47 19 11 45 37 43 22 36 10 31 46 4 38 2 40 41 48 7 49 25 6 13 23 29 27 44 50 30 33 12 39 35 1 16 32 5 24 26 42 9 17 3 8 18 20 
student 436: 13 29 36 15 21 49 18 11 45 38 43 23 37 10 31 48 5 39 1 40 33 46 8 47 26 6 12 22 32 28 44 50 27 34 14 41 35 4 20 30 2 24 25 42 9 16 3 7 17 19 
student 437: 15 27 42 14 20 48 17 13 46 35 41 23 37 11 31 47 6 38 2 39 34 45 5 50 25 9 12 22 30 28 44 49 29 36 10 40 32 3 16 33 1 26 24 43 8 21 4 7 19 18 
student 438: 17 24 36 16 21 47 20 12 42 38 40 22 39 9 31 48 4 37 2 41 34 49 8 44 23 6 13 25 29 27 45 50 30 35 10 43 33 5 14 32 1 28 26 46 11 18 3 7 15 19 
student 439: 20 29 36 13 21 47 16 17 44 39 42 22 37 9 31 48 5 38 1 40 35 45 7 49 26 6 12 23 30 25 43 50 28 33 11 41 34 4 14 32 3 24 27 46 8 18 2 10 15 19 
student 440: 14 27 36 19 22 50 20 10 43 37 44 17 35 13 30 47 7 38 3 40 29 46 6 48 24 5 15 23 32 28 45 49 31 34 9 41 39 2 16 33 1 25 26 42 8 18 4 11 12 21 
student 441: 13 26 35 17 21 49 19 12 46 38 40 22 37 10 31 45 5 39 1 41 32 47 6 48 28 9 14 24 29 30 43 50 27 34 11 44 36 2 20 33 3 23 25 42 7 16 4 8 15 18 
student 442: 15 27 39 13 22 47 18 12 42 40 41 24 37 10 30 44 3 45 4 36 34 46 7 49 26 6 14 21 31 28 48 50 29 33 11 38 35 5 19 32 1 25 23 43 9 17 2 8 16 20 
student 443: 15 27 35 18 21 48 19 13 42 38 44 23 36 11 28 46 5 39 3 40 32 47 12 49 29 7 9 22 30 25 45 50 33 34 10 41 37 4 16 31 1 24 26 43 6 17 2 8 14 20 
student 444: 15 27 38 14 22 49 20 12 43 41 46 24 36 11 32 45 5 39 1 40 33 47 8 48 26 6 13 21 30 28 42 50 29 34 10 37 35 3 16 31 2 23 25 44 9 18 4 7 17 19 
student 445: 17 31 36 13 16 48 21 12 44 38 41 27 37 11 30 47 5 39 2 40 33 46 7 49 23 6 14 22 28 26 45 50 29 34 10 42 35 4 18 32 1 24 25 43 8 20 3 9 15 19 
student 446: 16 30 40 14 21 47 20 13 46 35 41 27 34 11 24 49 6 37 1 43 33 44 8 48 25 4 12 22 31 28 45 50 29 36 9 39 38 5 17 32 2 23 26 42 7 18 3 10 15 19 
student 447: 12 27 35 17 21 49 20 13 46 42 39 26 38 8 32 47 5 37 1 41 30 44 7 48 28 6 16 23 31 29 45 50 25 33 11 40 36 4 14 34 2 24 22 43 9 18 3 10 15 19 
student 448: 16 26 38 14 19 49 20 13 45 37 43 24 36 8 30 47 5 39 1 40 31 46 7 48 25 6 12 22 33 27 44 50 28 35 10 41 32 3 15 34 2 23 29 42 9 18 4 11 17 21 
student 449: 16 27 37 13 21 49 19 10 45 38 44 23 34 12 35 46 4 40 1 39 33 48 7 47 25 8 14 22 29 28 43 50 30 31 6 41 36 3 15 32 2 24 26 42 9 17 5 11 18 20 
student 450: 13 27 35 15 22 49 16 14 42 39 45 23 37 11 31 47 6 38 1 40 33 44 8 48 24 5 12 21 30 28 46 50 29 36 9 41 34 4 18 32 2 25 26 43 7 20 3 10 17 19 
student 451: 14 31 36 11 22 49 20 17 44 37 42 15 34 12 29 46 4 40 1 41 30 47 7 48 25 5 10 23 28 27 45 50 33 35 13 39 38 6 19 32 2 24 26 43 8 18 3 9 16 21 
student 452: 15 25 36 14 22 49 16 11 47 39 43 23 37 10 31 48 5 38 1 46 35 45 8 44 24 7 12 20 27 33 42 50 30 32 13 40 34 6 18 29 3 26 28 41 4 21 2 9 17 19 
student 453: 15 28 37 13 22 48 20 12 43 38 44 24 35 9 30 46 3 39 2 42 32 47 5 50 23 6 14 21 29 25 45 49 31 34 11 40 33 1 17 36 4 26 27 41 8 16 7 10 18 19 
student 454: 16 28 36 13 18 50 21 12 42 37 40 23 38 10 31 44 6 39 1 41 33 47 9 49 25 5 14 22 29 30 46 48 27 34 11 43 35 4 15 32 2 24 26 45 7 17 3 8 19 20 
student 455: 11 30 35 15 20 50 19 12 45 37 42 23 38 9 29 43 7 40 1 39 32 47 10 48 26 8 13 21 28 24 46 49 31 34 14 41 36 4 17 33 2 25 27 44 5 16 3 6 18 22 
student 456: 16 30 35 10 21 48 18 14 46 38 40 24 37 12 31 43 6 39 2 42 33 47 11 49 23 5 13 22 27 28 45 50 29 36 9 41 34 4 15 32 1 25 26 44 8 19 3 7 17 20 
student 457: 19 26 35 14 22 46 18 12 44 38 41 20 37 11 31 48 4 39 1 40 34 47 7 50 23 6 13 24 30 27 45 49 29 33 8 42 36 5 15 32 3 21 28 43 9 17 2 10 16 25 
student 458: 12 27 37 13 20 48 18 15 44 41 40 22 38 10 31 47 4 36 1 39 33 45 7 49 24 6 14 23 29 30 43 50 28 35 9 42 34 5 17 32 2 25 26 46 8 19 3 11 16 21 
student 459: 13 27 36 10 21 47 19 14 44 39 43 23 35 5 29 49 6 38 8 40 34 45 9 46 30 7 15 24 31 26 42 50 28 37 12 41 32 3 17 33 1 22 25 48 4 18 2 11 16 20 
student 460: 14 27 35 15 22 48 20 11 45 37 41 18 39 9 30 47 5 40 1 42 36 46 6 49 19 7 13 23 32 28 43 50 29 31 10 38 33 4 21 34 3 25 26 44 12 17 2 8 16 24 
student 461: 13 29 35 16 23 50 18 15 47 38 43 21 36 10 30 46 5 40 1 41 33 42 6 48 25 8 11 22 27 26 45 49 31 34 12 39 37 4 20 32 2 24 28 44 9 14 3 7 17 19 
student 462: 16 25 35 11 22 48 18 12 44 39 43 20 37 10 30 47 5 38 3 41 34 46 7 49 24 6 15 23 28 27 45 50 29 33 13 40 36 4 19 32 1 26 31 42 9 17 2 8 14 21 
student 463: 17 27 36 8 21 46 19 13 43 40 42 23 38 11 35 47 6 39 1 41 32 45 9 49 25 5 14 22 31 29 44 50 28 30 12 37 34 4 16 33 2 24 26 48 10 18 3 7 15 20 
student 464: 13 28 36 15 22 50 18 12 45 38 42 23 34 14 33 49 4 40 1 39 35 48 7 44 25 5 11 20 31 26 47 46 30 32 10 41 37 3 19 29 2 24 27 43 6 17 9 8 16 21 
student 465: 16 26 35 15 21 48 20 13 44 36 45 22 38 9 34 49 5 40 1 39 32 46 7 47 28 4 14 24 29 30 43 50 27 33 12 41 37 6 18 31 2 23 25 42 11 17 3 8 10 19 
student 466: 14 29 33 15 21 50 18 8 46 36 43 23 37 9 30 48 6 39 2 40 31 47 11 49 27 4 13 22 32 25 44 45 28 34 12 41 38 5 17 35 1 24 26 42 7 19 3 10 16 20 
student 467: 17 28 34 15 23 50 18 8 45 38 42 22 37 13 30 47 5 39 1 40 33 46 6 48 24 12 11 20 32 27 44 49 29 35 10 41 36 4 19 31 2 25 26 43 9 16 3 7 14 21 
student 468: 18 26 37 15 22 50 19 17 46 33 40 21 38 10 36 47 5 39 1 41 31 48 8 49 27 7 12 23 30 28 45 44 29 34 11 42 35 4 14 32 2 24 25 43 6 16 3 9 13 20 
student 469: 15 27 34 14 19 50 21 12 46 38 42 24 35 9 30 44 4 39 1 43 33 47 8 48 26 6 13 22 32 28 45 49 29 36 11 40 37 3 17 31 2 25 23 41 10 18 5 7 16 20 
student 470: 15 28 36 13 21 50 22 16 44 40 43 24 37 10 31 47 6 39 5 38 34 46 7 49 20 4 12 19 30 27 45 48 29 35 11 41 32 3 14 33 1 23 25 42 8 18 2 9 17 26 
student 471: 11 27 36 17 19 48 18 12 46 38 40 24 34 9 30 49 5 43 1 39 32 47 8 50 26 7 13 21 29 35 44 42 28 37 14 41 33 4 16 31 2 22 25 45 6 20 3 10 15 23 
student 472: 13 26 35 15 22 49 19 12 45 39 42 21 37 9 31 47 2 40 4 41 30 46 6 48 24 5 14 23 32 28 43 50 29 34 8 38 36 3 17 33 1 25 27 44 10 18 7 11 16 20 
student 473: 14 26 36 16 19 50 21 11 44 40 41 20 37 10 33 48 6 38 1 39 34 47 9 46 23 5 13 24 31 28 42 49 29 32 12 45 35 4 18 30 3 27 25 43 8 17 2 7 15 22 
student 474: 15 30 36 14 21 49 18 13 45 37 46 22 38 7 32 48 3 40 2 39 33 47 1 50 24 10 9 23 28 27 44 42 31 34 12 43 35 5 19 29 6 26 25 41 4 16 8 11 17 20 
student 475: 15 27 35 13 22 47 19 12 46 39 42 24 38 8 33 49 3 41 2 37 34 48 6 45 23 7 14 26 29 30 44 50 31 32 9 40 36 5 18 28 4 21 25 43 10 17 1 11 16 20 
student 476: 15 28 35 14 23 44 20 10 47 39 42 22 38 13 32 50 7 40 3 41 34 45 6 46 24 5 12 21 30 25 48 49 29 33 11 37 36 2 16 31 1 26 27 43 8 18 4 9 17 19 
student 477: 14 26 39 16 20 48 19 12 47 37 45 23 36 9 33 46 3 38 1 42 31 44 7 49 25 5 13 21 32 27 40 50 30 34 11 41 35 6 18 29 2 24 28 43 8 17 4 10 15 22 
student 478: 17 29 38 12 21 45 20 13 42 35 43 22 39 6 30 44 4 36 1 40 33 49 5 48 24 9 15 25 27 28 47 50 37 32 11 41 34 7 14 31 2 23 26 46 8 16 3 10 19 18 
student 479: 16 26 35 13 18 49 24 12 45 36 42 21 38 11 33 46 5 39 2 40 32 43 7 48 28 6 15 23 30 27 47 50 29 37 9 41 34 4 14 31 3 25 22 44 8 19 1 10 17 20 
student 480: 11 25 35 13 20 49 19 12 45 34 42 28 39 7 32 47 6 40 2 36 37 46 9 48 24 1 18 23 30 26 44 50 27 33 10 41 38 5 15 31 3 21 29 43 8 17 4 16 14 22 
student 481: 19 29 36 15 20 50 18 13 45 38 41 23 37 9 32 49 5 40 1 43 34 47 3 46 26 8 12 21 28 31 44 48 24 33 10 39 35 6 11 30 2 25 27 42 7 16 4 14 17 22 
student 482: 17 26 32 13 21 50 19 12 44 39 43 22 36 11 31 48 2 38 1 40 34 46 7 47 25 6 16 27 30 28 42 49 29 35 10 41 37 5 18 33 3 23 24 45 9 14 4 8 15 20 
student 483: 18 28 35 13 20 49 19 11 47 38 42 24 37 10 31 45 8 39 4 40 33 46 7 48 27 6 16 22 30 29 44 50 25 34 12 41 36 3 15 32 1 23 26 43 5 17 2 9 14 21 
student 484: 16 25 37 15 21 49 19 11 44 38 41 22 35 13 26 46 4 42 2 39 32 47 8 48 24 7 12 23 30 31 45 50 33 36 6 40 34 5 20 29 1 28 27 43 10 17 3 9 14 18 
student 485: 14 27 32 15 22 49 19 8 47 37 41 23 36 11 33 46 5 39 1 40 38 44 9 48 25 6 12 21 28 29 43 50 31 34 13 42 30 4 17 35 2 24 26 45 7 18 3 10 16 20 
student 486: 16 27 40 15 21 48 19 13 46 36 45 24 39 10 30 49 4 34 2 37 38 47 6 41 26 9 12 23 32 28 44 50 29 35 11 42 33 5 17 31 3 25 22 43 7 14 1 8 18 20 
student 487: 15 31 36 14 19 49 20 11 47 39 43 25 37 10 29 46 3 38 1 40 30 45 6 48 24 5 13 22 32 27 44 50 28 34 12 41 33 8 18 35 2 23 26 42 7 17 4 9 16 21 
student 488: 15 27 33 13 23 49 18 12 48 38 42 21 35 11 30 46 5 41 1 39 31 44 6 47 26 7 16 24 32 29 43 50 28 34 10 40 36 4 17 37 2 25 22 45 8 19 3 9 14 20 
student 489: 15 29 35 14 21 45 16 13 47 41 42 23 38 11 31 46 5 37 1 39 33 49 6 48 24 7 9 22 32 25 44 50 30 34 12 40 36 4 17 28 2 27 26 43 8 19 3 10 18 20 
student 490: 16 27 43 12 24 50 19 14 48 37 42 25 31 11 30 47 6 39 1 38 35 46 5 49 23 9 13 22 32 29 40 45 28 33 8 41 36 4 15 34 2 20 26 44 10 18 3 7 21 17 
student 491: 19 27 36 13 20 48 17 11 45 38 42 25 39 12 32 47 7 37 1 40 28 49 5 46 23 8 14 24 29 30 44 50 31 34 10 41 35 4 15 33 3 22 26 43 6 21 2 9 16 18 
student 492: 17 28 36 15 21 47 20 4 42 38 44 23 37 12 29 48 5 39 1 40 35 45 8 50 26 6 13 22 32 31 46 49 25 33 11 41 34 7 16 30 2 24 27 43 9 19 3 10 14 18 
student 493: 15 25 35 17 21 49 19 16 43 37 45 23 38 11 32 47 2 41 3 39 28 46 7 48 24 6 12 22 31 30 44 50 29 36 10 42 33 4 14 34 1 27 26 40 9 18 5 8 13 20 
student 494: 15 27 38 8 22 50 19 14 46 39 41 23 43 9 36 42 3 37 1 32 35 47 7 48 25 6 13 20 28 30 45 49 24 33 11 40 34 5 16 31 2 26 29 44 12 18 4 10 17 21 
student 495: 15 26 36 14 19 47 22 12 46 38 40 25 37 11 32 48 5 39 1 43 31 50 8 45 21 4 13 23 30 28 44 49 29 34 10 41 35 2 17 33 3 24 27 42 7 18 6 9 16 20 
student 496: 16 27 36 13 17 49 19 12 45 39 43 20 38 10 29 47 7 41 1 42 32 48 4 46 23 8 15 25 31 28 44 50 30 35 11 40 33 6 14 34 5 24 26 37 3 18 2 9 21 22 
student 497: 14 27 35 15 21 46 19 13 45 38 42 23 36 12 32 50 6 39 1 41 33 47 4 49 25 7 10 22 31 28 43 48 29 34 11 40 37 5 18 30 2 24 26 44 8 17 3 9 16 20 
student 498: 15 25 34 12 21 48 19 13 46 38 43 23 37 11 35 45 5 39 1 41 32 47 6 50 30 7 14 22 29 27 44 49 28 33 10 40 36 3 18 31 2 24 26 42 8 17 4 9 16 20 
student 499: 15 28 34 13 27 48 17 14 44 39 43 22 36 8 33 49 7 38 2 40 35 47 6 45 23 1 11 21 30 26 46 50 29 31 12 42 37 4 19 32 5 24 25 41 9 16 3 10 18 20 
