student 0: 23 18 46 10 19 8 27 43 16 38 24 45 13 35 47 15 50 30 22 31 28 40 37 36 42 25 34 17 49 2 11 4 48 5 39 7 33 44 12 6 1 20 3 29 41 32 26 21 14 9 
student 1: 24 18 46 11 22 10 35 41 15 36 27 44 16 31 47 14 50 30 17 34 19 40 37 39 45 26 38 21 49 2 6 9 48 4 33 12 32 43 7 5 1 20 3 28 42 29 23 25 13 8 
student 2: 22 18 45 13 23 12 30 41 16 39 25 46 15 34 48 14 47 32 17 33 20 44 37 38 43 27 35 19 49 1 9 4 50 5 36 8 31 42 11 6 3 21 2 28 40 26 29 24 10 7 
student 3: 24 19 46 11 22 14 30 45 17 38 27 44 12 34 47 16 49 33 18 35 20 41 36 37 42 28 32 15 48 2 6 4 50 5 39 8 31 43 10 7 1 23 3 29 40 26 25 21 13 9 
student 4: 25 17 45 12 24 11 30 41 18 40 28 49 14 33 46 15 48 35 19 32 20 39 36 38 44 23 34 16 47 3 9 5 50 4 37 8 29 43 10 6 1 21 2 31 42 27 26 22 13 7 
student 5: 22 19 44 11 21 14 29 38 18 39 24 45 12 32 48 13 49 31 20 36 23 41 35 40 46 28 34 17 47 1 8 3 50 6 37 4 33 43 9 10 2 15 5 30 42 27 26 25 16 7 
student 6: 27 21 47 8 23 14 30 42 17 41 29 46 13 28 48 15 45 32 19 35 20 38 36 37 44 26 33 16 49 2 11 6 50 5 40 4 34 43 10 7 1 22 3 31 39 24 25 18 12 9 
student 7: 23 19 47 12 20 11 29 39 16 40 26 45 13 32 48 14 46 31 17 33 22 36 41 35 44 27 34 18 49 1 10 5 50 4 38 8 37 43 9 6 2 24 3 30 42 28 25 21 15 7 
student 8: 24 20 45 11 21 10 29 42 16 40 26 44 12 31 46 15 49 30 18 35 19 36 37 39 47 27 32 17 48 6 9 3 50 5 38 8 34 43 13 2 1 22 4 33 41 28 25 23 14 7 
student 9: 21 19 47 16 23 14 27 42 15 39 26 45 13 33 44 12 48 31 18 37 20 40 36 38 46 28 34 17 49 2 10 4 50 6 35 7 32 43 9 5 1 22 3 30 41 29 25 24 11 8 
student 10: 25 19 44 10 26 11 29 42 14 38 27 45 15 34 47 16 49 32 17 33 22 41 36 37 46 23 35 18 48 4 9 1 50 3 39 8 31 43 12 5 2 20 6 30 40 28 21 24 13 7 
student 11: 22 23 46 13 21 14 26 42 17 40 27 45 12 31 47 16 48 30 15 35 19 39 36 38 44 29 34 20 49 4 8 2 50 7 37 6 33 43 10 5 1 18 3 32 41 28 25 24 11 9 
student 12: 24 20 44 10 27 14 32 42 16 39 26 47 12 31 49 15 50 30 18 35 19 40 36 38 45 25 34 17 46 1 11 4 48 6 37 8 33 43 9 5 2 21 3 29 41 28 23 22 13 7 
student 13: 23 17 47 8 25 13 28 43 18 38 27 45 11 32 46 15 49 31 16 34 20 41 35 36 44 33 37 19 48 2 12 6 50 7 39 9 30 40 10 4 1 21 5 29 42 26 24 22 14 3 
student 14: 27 19 48 13 25 9 30 41 16 39 24 43 15 34 47 14 50 31 18 33 20 42 35 38 44 26 36 17 49 2 8 4 46 7 37 10 32 40 11 6 1 21 3 28 45 29 23 22 12 5 
student 15: 22 18 44 13 21 12 29 43 20 39 26 46 14 33 47 15 49 30 16 36 19 40 37 38 45 28 35 17 48 5 10 2 50 4 34 8 32 42 9 6 1 24 3 31 41 27 23 25 11 7 
student 16: 23 19 44 13 20 12 31 42 14 40 25 45 15 35 49 17 48 27 18 34 21 39 36 38 43 28 32 16 47 2 7 3 50 4 37 10 33 46 8 9 5 22 1 30 41 29 24 26 11 6 
student 17: 25 20 45 14 22 11 31 47 16 37 27 44 17 33 46 15 49 30 19 34 24 40 39 36 41 28 35 13 48 3 8 2 50 4 38 7 32 43 12 5 1 21 6 26 42 29 23 18 10 9 
student 18: 24 15 47 9 22 12 33 43 17 38 26 45 14 31 50 18 48 25 16 32 20 40 39 34 46 28 35 19 44 1 11 6 49 5 37 10 36 42 4 7 2 21 3 30 41 27 29 23 13 8 
student 19: 23 17 46 13 24 12 28 42 16 39 27 45 14 32 48 15 47 33 22 35 18 40 37 36 44 30 34 19 49 3 10 5 50 2 38 8 31 41 9 6 1 20 4 29 43 25 26 21 11 7 
student 20: 23 19 43 12 24 11 32 44 16 42 27 46 15 36 47 14 49 28 17 31 21 39 33 38 45 29 34 18 48 4 9 6 50 3 37 5 35 41 10 8 2 20 1 30 40 26 25 22 13 7 
student 21: 23 16 44 13 27 8 32 42 15 38 24 47 12 34 45 17 49 29 19 35 21 40 36 39 43 26 37 18 46 4 10 3 50 5 30 7 33 48 11 6 2 22 1 31 41 28 25 20 14 9 
student 22: 23 18 45 12 22 11 29 42 17 38 26 46 14 33 47 15 48 32 24 37 20 40 35 39 43 27 34 16 49 3 10 2 50 6 36 8 31 44 9 7 1 21 4 30 41 28 25 19 13 5 
student 23: 24 19 48 11 23 10 29 39 16 40 26 46 15 33 50 13 47 31 18 34 20 41 36 38 43 28 35 17 45 1 8 2 49 5 37 6 32 44 12 7 3 21 4 30 42 27 25 22 14 9 
student 24: 25 20 47 13 23 9 31 42 17 40 22 45 14 29 48 15 46 32 18 35 24 41 34 38 43 28 36 16 49 2 7 6 50 4 37 10 33 44 11 5 1 21 3 30 39 27 26 19 12 8 
student 25: 22 25 45 16 19 13 30 40 15 37 23 44 12 33 47 14 50 29 17 34 18 39 42 38 46 24 36 20 48 2 9 4 49 7 35 8 32 43 11 6 1 27 3 31 41 28 26 21 10 5 
student 26: 24 20 46 10 18 11 30 43 15 39 28 45 13 29 47 16 50 33 17 34 21 40 38 37 42 26 35 19 49 2 9 7 48 5 36 6 32 44 14 3 1 22 4 31 41 27 25 23 12 8 
student 27: 23 19 44 15 24 11 28 42 16 39 26 47 13 34 48 14 49 31 20 33 18 40 37 38 45 29 35 17 46 2 8 7 50 3 36 9 30 43 10 5 1 21 4 32 41 27 25 22 12 6 
student 28: 23 19 44 14 21 12 31 43 17 38 25 39 15 34 46 11 47 32 16 35 22 41 36 37 45 28 33 18 50 2 13 3 48 6 40 8 29 49 9 5 1 20 4 30 42 27 26 24 10 7 
student 29: 25 18 43 11 23 9 28 40 16 36 26 46 14 32 47 10 49 29 19 35 20 41 37 39 42 27 34 17 48 1 12 2 50 7 38 15 31 44 8 4 6 21 3 33 45 30 22 24 13 5 
student 30: 24 22 48 12 23 13 28 42 16 36 27 47 10 34 50 14 44 29 17 35 19 41 40 37 45 25 30 18 49 1 9 4 46 6 38 8 31 43 11 7 2 20 5 32 39 33 26 21 15 3 
student 31: 22 19 44 11 24 15 28 41 16 39 27 45 12 33 47 14 48 30 18 34 20 40 35 38 42 29 36 17 50 4 8 2 49 3 37 10 32 46 9 6 1 21 5 31 43 26 25 23 13 7 
student 32: 25 16 49 12 23 9 33 42 17 39 24 45 13 30 46 15 50 31 20 35 21 40 34 38 41 27 36 18 47 2 6 5 48 4 37 7 28 44 11 8 1 19 3 29 43 32 26 22 14 10 
student 33: 26 19 48 12 23 11 29 42 15 36 24 46 16 32 40 14 49 34 17 31 21 41 39 44 45 25 35 20 47 3 9 2 50 5 37 8 30 43 10 6 1 18 4 33 38 28 27 22 13 7 
student 34: 22 18 43 13 21 11 28 42 15 38 31 46 17 34 47 14 50 30 20 36 24 40 35 39 45 25 33 16 48 2 8 5 49 6 37 4 32 44 10 9 1 19 3 29 41 26 23 27 12 7 
student 35: 25 19 46 13 24 11 29 40 16 39 26 45 14 33 48 15 49 31 17 34 18 41 38 37 44 27 35 20 47 1 10 3 50 4 36 6 32 42 7 8 2 21 5 30 43 28 23 22 12 9 
student 36: 25 18 44 14 23 8 29 42 20 37 27 45 15 32 47 17 49 31 16 33 19 39 36 41 46 26 34 11 48 2 10 6 50 4 38 9 35 43 12 5 1 21 3 30 40 28 24 22 13 7 
student 37: 26 20 44 11 23 12 29 43 16 36 25 46 13 31 47 18 49 32 17 35 19 39 37 38 45 28 34 15 48 2 9 5 50 4 40 6 33 41 10 8 1 21 3 30 42 27 24 22 14 7 
student 38: 22 17 47 12 26 11 29 39 16 40 24 45 13 32 48 14 49 31 19 33 20 42 36 37 44 28 34 18 46 2 10 4 50 7 41 6 35 43 9 5 1 23 3 30 38 27 25 21 15 8 
student 39: 27 21 45 12 22 10 28 42 15 37 25 46 14 32 48 17 49 29 18 34 23 40 36 39 44 26 35 16 47 3 11 2 50 5 38 8 31 43 9 7 1 19 6 30 41 33 24 20 13 4 
student 40: 24 16 48 13 23 11 29 41 14 38 26 46 15 31 45 12 49 32 18 34 17 42 36 37 39 27 35 19 47 2 7 4 50 6 40 10 33 44 9 5 3 20 1 30 43 28 25 22 21 8 
student 41: 24 17 47 12 23 10 28 41 16 39 30 43 13 33 46 14 48 31 19 34 21 44 35 38 45 27 36 18 49 4 8 2 50 6 37 9 32 42 11 5 1 20 3 29 40 26 25 22 15 7 
student 42: 23 17 46 13 22 12 29 42 16 37 25 43 15 34 48 14 49 31 24 32 18 38 33 39 45 27 35 21 47 3 10 4 50 6 36 7 41 44 8 5 1 19 2 30 40 28 26 20 9 11 
student 43: 24 19 47 14 23 12 28 43 16 36 26 44 13 35 48 15 49 30 18 37 20 39 31 40 42 27 33 17 46 2 9 5 50 4 38 8 32 45 11 6 1 21 3 29 41 34 25 22 10 7 
student 44: 26 18 45 15 22 11 28 40 14 42 24 46 10 31 47 16 50 32 19 33 20 39 41 38 43 29 35 17 48 1 9 6 49 4 37 8 30 44 13 7 2 21 5 34 36 27 25 23 12 3 
student 45: 22 19 46 11 23 6 29 44 16 40 24 45 14 32 47 15 49 31 20 33 18 38 36 35 43 27 39 17 48 2 9 5 50 7 37 10 34 41 12 8 1 21 3 28 42 30 26 25 13 4 
student 46: 25 19 44 12 23 11 32 41 17 40 29 46 15 34 49 13 48 28 20 37 21 42 33 39 45 30 35 16 47 2 9 8 50 7 36 5 31 43 10 6 1 22 3 24 38 26 27 18 14 4 
student 47: 22 21 45 13 23 11 29 42 18 39 26 46 16 32 48 10 49 31 19 35 17 41 37 38 44 27 33 15 47 2 12 5 50 6 36 9 34 43 7 4 1 20 3 30 40 28 25 24 14 8 
student 48: 23 18 45 12 22 11 27 47 20 36 24 44 14 34 48 16 46 31 15 33 19 41 35 40 43 29 38 17 49 2 10 4 50 5 39 8 32 42 9 6 1 21 3 30 37 26 28 25 13 7 
student 49: 25 16 46 11 23 12 28 43 18 38 24 45 13 33 47 14 48 36 19 31 21 40 37 39 42 30 35 15 49 2 9 3 50 4 34 7 32 44 10 6 1 22 5 29 41 27 26 17 20 8 
student 50: 24 19 45 12 22 11 29 41 14 40 26 44 15 33 47 18 46 32 17 35 20 38 36 37 48 27 34 16 50 1 10 2 49 5 39 7 31 43 9 6 3 23 4 30 42 28 25 21 13 8 
student 51: 26 19 46 11 25 12 29 41 16 33 24 45 14 35 47 15 49 32 18 37 20 39 36 42 44 28 34 17 48 3 5 2 50 8 38 9 31 43 10 7 1 21 4 30 40 27 23 22 13 6 
student 52: 24 19 46 15 23 11 31 41 16 39 25 45 13 34 49 14 50 30 17 33 20 40 38 37 44 26 36 18 47 2 12 3 48 4 35 8 32 43 9 5 1 21 6 29 42 28 27 22 10 7 
student 53: 23 17 49 10 25 12 29 42 15 39 26 44 16 31 46 14 48 32 19 34 21 40 38 37 45 27 35 18 47 3 9 4 50 5 36 7 33 41 11 8 1 20 2 30 43 28 24 22 13 6 
student 54: 24 17 45 11 22 12 33 46 16 41 26 42 14 35 47 15 49 27 19 32 23 39 36 38 44 29 34 18 48 2 10 3 50 8 37 7 30 43 9 5 1 21 4 28 40 31 25 20 13 6 
student 55: 25 19 46 13 23 11 30 43 16 38 26 47 14 37 49 15 48 34 18 32 20 40 33 39 42 28 35 17 45 1 8 7 50 4 36 10 29 44 9 5 3 21 2 31 41 27 24 22 12 6 
student 56: 24 21 46 11 22 12 31 45 13 35 29 43 16 33 47 15 49 27 18 34 17 38 37 39 44 26 36 20 48 2 9 5 50 3 40 7 32 42 10 8 1 19 4 30 41 28 25 23 14 6 
student 57: 23 19 47 12 22 10 29 43 16 39 26 44 13 30 49 14 46 33 18 34 20 41 35 38 45 27 36 17 48 5 9 2 50 3 37 8 32 40 11 6 1 21 4 31 42 28 24 25 15 7 
student 58: 27 19 46 10 24 11 30 43 14 42 26 45 13 34 48 17 50 31 16 33 21 36 37 39 41 25 35 20 47 2 12 4 49 6 38 8 32 44 9 5 1 18 3 29 40 28 23 22 15 7 
student 59: 24 19 42 12 23 9 31 43 16 39 26 45 14 35 44 15 49 32 18 33 22 40 37 38 47 27 34 17 48 2 7 3 50 4 36 10 28 46 11 6 1 20 5 30 41 29 25 21 13 8 
student 60: 27 20 45 12 22 11 31 42 17 41 26 46 15 32 48 14 47 29 18 33 24 39 38 37 44 28 36 16 49 4 7 5 50 8 35 9 34 43 10 2 1 21 3 30 40 25 23 19 13 6 
student 61: 22 19 48 12 23 9 29 43 16 41 26 45 14 34 50 15 47 33 18 36 20 35 38 32 42 27 37 17 46 2 8 6 49 3 39 10 31 44 13 7 1 21 4 30 40 28 24 25 11 5 
student 62: 26 22 48 10 23 12 25 42 15 40 24 45 14 35 46 16 50 32 17 36 20 38 37 39 44 27 34 18 47 2 8 3 49 5 33 9 31 41 11 6 1 19 4 28 43 30 29 21 13 7 
student 63: 27 22 46 6 24 10 30 39 16 41 26 43 15 32 50 13 47 29 18 37 20 40 34 38 45 25 33 17 49 7 9 3 48 4 36 11 35 42 12 5 1 19 2 31 44 28 21 23 14 8 
student 64: 22 13 46 12 24 15 28 41 17 40 27 45 14 33 48 16 49 31 21 34 18 39 37 36 44 26 35 19 47 3 9 4 50 7 38 8 30 43 10 5 1 20 2 32 42 29 25 23 11 6 
student 65: 25 19 43 13 23 10 29 42 17 38 26 44 18 33 46 14 48 30 15 34 20 39 36 41 47 27 35 16 49 2 9 1 50 6 37 7 32 45 12 8 4 21 3 28 40 31 24 22 11 5 
student 66: 24 15 46 12 21 10 30 44 18 42 25 43 14 36 47 19 48 31 22 32 20 39 37 35 45 29 34 16 50 7 6 4 49 3 38 11 33 41 9 5 1 17 2 27 40 28 26 23 13 8 
student 67: 24 20 47 11 25 10 28 41 18 39 27 46 14 32 49 15 50 33 16 34 19 42 35 38 44 30 36 17 48 2 9 6 45 3 37 7 31 43 12 5 1 22 4 29 40 26 23 21 13 8 
student 68: 23 19 46 17 24 13 30 43 16 39 25 45 15 34 47 9 48 32 18 36 20 40 33 38 44 29 35 14 49 3 6 5 50 4 37 10 31 41 11 7 1 22 2 27 42 28 26 21 12 8 
student 69: 24 18 45 16 23 10 29 43 17 36 30 46 13 32 47 14 49 31 19 37 21 41 35 39 44 27 34 15 48 2 9 4 50 5 38 12 33 40 11 6 1 20 3 28 42 26 25 22 8 7 
student 70: 25 23 45 12 24 11 31 42 16 41 26 44 19 34 47 15 50 32 17 30 22 38 35 39 46 28 36 14 48 1 9 3 49 5 37 10 33 43 7 8 2 18 4 29 40 27 21 20 13 6 
student 71: 22 17 46 13 24 12 30 40 14 37 26 45 16 34 47 15 50 31 19 36 20 41 39 38 44 28 33 18 48 1 9 3 49 6 35 8 32 43 10 5 2 21 4 29 42 27 25 23 11 7 
student 72: 26 19 47 12 22 11 29 40 18 39 25 46 14 32 49 15 48 31 16 34 20 42 37 38 41 27 35 17 45 4 10 3 50 6 36 7 33 43 9 5 2 21 1 30 44 28 24 23 13 8 
student 73: 24 19 46 12 23 11 33 42 16 39 26 43 14 35 47 15 49 30 18 31 20 40 36 37 45 27 32 17 48 2 6 5 50 3 38 10 34 44 9 8 4 22 1 28 41 29 25 21 13 7 
student 74: 25 20 48 17 22 8 32 42 14 36 26 45 13 30 46 15 50 29 16 34 19 37 38 40 44 24 31 18 47 4 11 3 49 6 39 7 33 43 10 5 2 21 1 35 41 28 27 23 12 9 
student 75: 23 16 40 11 22 9 29 44 17 39 26 46 15 34 48 14 49 32 18 31 21 37 35 38 47 28 43 19 45 2 5 4 50 6 36 12 33 42 10 7 1 20 3 30 41 25 24 27 13 8 
student 76: 21 20 47 13 24 10 27 42 16 39 25 45 14 33 49 12 48 32 18 34 19 41 37 38 43 28 35 17 46 5 9 4 50 8 36 7 31 44 11 3 2 23 1 30 40 29 26 22 15 6 
student 77: 23 19 47 13 27 11 29 43 17 40 28 46 12 33 48 16 49 30 15 34 20 41 36 38 42 25 37 18 50 2 9 3 45 5 35 8 32 44 10 7 1 21 4 31 39 26 24 22 14 6 
student 78: 24 18 46 11 23 14 29 43 16 33 26 45 12 35 48 15 49 36 19 41 21 40 37 38 44 27 32 17 47 2 9 4 50 6 34 7 31 39 10 8 1 22 3 30 42 28 25 20 13 5 
student 79: 24 18 50 7 23 14 29 43 13 36 25 42 15 37 45 16 48 30 17 32 20 38 33 39 47 26 28 19 46 2 11 5 49 6 40 9 35 44 10 4 1 21 3 34 41 27 31 22 12 8 
student 80: 24 17 48 11 23 12 30 45 14 40 26 42 15 32 43 16 49 29 19 34 22 39 37 38 44 27 35 18 47 2 10 3 50 5 36 7 33 46 9 6 1 20 4 31 41 28 25 21 13 8 
student 81: 24 19 45 11 26 2 29 42 15 39 22 47 14 34 46 16 48 31 18 33 20 44 35 40 43 27 37 17 50 1 10 6 49 7 36 5 32 38 12 8 4 21 3 30 41 28 25 23 13 9 
student 82: 26 21 44 12 23 9 29 40 18 37 25 46 14 33 47 15 49 32 16 36 22 42 39 38 45 27 34 19 48 1 11 5 50 7 35 6 31 43 13 8 2 17 3 30 41 28 24 20 10 4 
student 83: 24 19 47 13 25 14 30 42 12 39 29 45 15 34 46 17 48 32 16 35 21 40 33 37 44 26 38 18 49 2 10 5 50 4 36 7 31 43 11 6 1 20 3 28 41 23 27 22 9 8 
student 84: 25 18 48 12 23 11 29 41 17 38 27 47 13 32 45 15 49 33 19 34 20 42 37 39 44 24 36 16 46 2 9 4 50 3 30 7 35 43 10 5 1 21 6 31 40 28 26 22 14 8 
student 85: 24 20 44 14 23 8 28 42 16 40 30 43 12 32 48 15 50 26 18 33 21 39 35 38 47 29 34 17 46 3 13 4 49 6 37 9 31 45 5 7 1 19 2 36 41 27 25 22 11 10 
student 86: 26 21 43 11 23 10 31 42 12 35 27 44 16 36 45 17 49 30 19 33 18 41 37 39 47 28 34 14 48 1 13 4 50 6 38 8 32 46 9 7 3 22 2 29 40 25 24 20 15 5 
student 87: 24 16 47 11 23 12 29 41 15 37 25 46 13 33 48 17 49 31 18 35 20 39 38 40 42 26 34 19 45 3 10 4 50 5 36 6 30 43 9 2 1 21 7 32 44 28 27 22 14 8 
student 88: 22 21 46 13 23 12 29 41 16 39 26 45 14 35 47 24 49 31 17 33 18 42 37 38 44 27 36 15 48 1 9 7 50 6 34 8 32 43 10 3 4 19 2 30 40 28 25 20 11 5 
student 89: 32 19 44 7 23 14 30 39 15 41 24 46 13 33 47 16 49 28 17 35 21 40 36 38 42 25 34 22 48 2 11 5 50 4 37 12 31 43 10 6 1 18 3 27 45 26 29 20 9 8 
student 90: 24 18 44 11 23 13 30 42 15 39 27 43 12 31 49 14 45 34 17 33 22 40 35 37 47 26 38 19 48 3 10 4 50 9 36 7 32 46 8 5 2 20 1 29 41 28 25 21 16 6 
student 91: 24 19 46 14 23 11 28 41 13 39 26 45 15 33 48 17 47 30 16 34 20 40 38 37 44 29 35 18 49 2 9 3 50 5 36 7 31 42 10 8 1 25 4 32 43 27 21 22 12 6 
student 92: 25 18 46 14 19 12 30 45 17 39 26 42 11 31 47 13 48 29 20 35 22 40 38 37 44 27 32 16 50 3 9 5 49 2 36 7 34 43 10 6 1 21 4 33 41 28 24 23 15 8 
student 93: 25 19 48 15 23 10 28 42 16 40 32 44 11 31 45 14 49 30 17 34 20 39 36 38 46 29 35 18 47 2 8 4 50 3 37 13 26 43 9 6 1 21 5 33 41 24 27 22 12 7 
student 94: 21 19 46 13 25 11 30 43 17 39 24 45 14 34 47 18 49 32 15 31 20 42 36 37 41 26 35 16 48 3 9 6 50 4 38 7 33 44 8 5 2 22 1 28 40 29 27 23 12 10 
student 95: 15 23 46 13 26 9 29 42 11 39 25 45 14 34 47 17 49 33 18 32 20 40 35 37 44 30 36 19 48 3 5 6 50 4 38 12 31 43 16 7 2 21 1 28 41 27 24 22 10 8 
student 96: 28 20 47 12 25 13 29 42 19 39 24 44 14 33 48 16 49 31 15 34 21 41 36 35 45 22 37 18 46 2 11 6 50 9 38 7 32 43 10 4 1 17 3 30 40 26 27 23 8 5 
student 97: 30 19 48 12 24 11 28 43 17 39 22 44 14 34 46 16 50 33 20 29 21 40 35 38 41 26 36 18 47 3 9 4 49 2 37 8 31 45 7 10 1 15 5 32 42 27 25 23 13 6 
student 98: 27 18 47 11 25 12 35 41 13 39 26 49 17 33 44 15 46 24 19 31 22 40 32 38 42 28 37 21 50 5 8 3 48 4 36 6 34 45 9 2 1 20 7 30 43 29 23 16 14 10 
student 99: 24 18 45 12 22 9 31 41 17 40 27 46 14 34 47 15 50 29 16 33 21 38 35 37 44 28 36 19 48 2 11 3 49 5 39 10 32 42 8 6 1 20 4 26 43 30 25 23 13 7 
student 100: 23 16 46 13 21 11 28 43 14 39 26 44 12 33 47 17 48 31 18 37 24 40 34 38 45 25 35 22 50 3 8 2 49 6 36 7 32 41 10 9 1 20 4 30 42 27 29 19 15 5 
student 101: 24 23 47 11 22 13 28 39 16 41 26 43 14 33 48 15 49 31 21 29 18 37 36 40 45 32 38 17 46 1 9 5 50 4 35 8 34 44 10 7 3 19 2 30 42 25 27 20 12 6 
student 102: 25 23 50 12 20 11 29 42 13 39 26 44 15 34 47 16 48 30 17 35 19 41 37 38 46 27 33 18 45 2 9 4 49 8 36 7 32 43 10 6 1 22 3 31 40 28 24 21 14 5 
student 103: 24 21 44 13 22 12 27 42 16 39 26 49 11 34 43 14 48 33 15 32 20 40 35 37 46 29 36 19 47 2 9 7 50 4 38 6 31 45 10 5 1 17 3 30 41 28 25 23 18 8 
student 104: 25 22 45 12 21 11 28 42 16 39 27 47 13 34 46 15 49 31 18 33 23 40 36 38 44 29 35 17 48 4 9 2 50 5 37 7 32 43 10 6 1 20 3 26 41 30 24 19 14 8 
student 105: 28 19 49 11 23 12 31 44 15 39 24 46 16 33 45 14 48 29 18 35 20 40 34 38 41 26 36 17 47 3 10 4 50 6 37 9 30 43 8 7 1 21 2 32 42 27 25 22 13 5 
student 106: 22 18 44 10 24 13 30 41 16 39 26 46 14 35 47 15 49 32 20 33 19 40 34 37 45 28 36 17 48 1 11 5 50 4 38 8 31 43 9 7 2 21 3 29 42 27 25 23 12 6 
student 107: 24 18 45 11 21 12 29 43 14 37 26 47 15 34 48 16 49 30 22 35 19 41 32 38 44 27 40 17 46 2 9 3 50 10 36 8 31 42 7 4 1 23 5 33 39 28 25 20 13 6 
student 108: 24 18 45 12 20 11 30 40 17 42 28 49 14 33 46 15 48 31 16 34 21 43 37 38 41 25 35 19 47 1 9 3 50 5 36 8 32 44 10 6 2 22 4 27 39 29 26 23 13 7 
student 109: 24 18 47 12 22 13 29 42 17 40 25 46 14 31 49 16 45 32 21 34 19 39 38 36 43 30 35 15 48 3 4 5 50 9 37 7 33 44 8 2 1 23 6 28 41 27 26 20 11 10 
student 110: 24 20 46 13 23 10 31 43 18 37 25 45 15 32 47 14 48 30 16 34 21 38 40 39 44 29 35 17 49 5 9 6 50 3 36 8 33 42 11 7 1 19 2 28 41 27 26 22 12 4 
student 111: 28 19 46 12 24 11 27 42 18 43 25 45 14 33 47 15 50 30 20 35 17 38 36 37 44 26 34 16 48 3 7 5 49 6 40 9 32 39 2 8 1 21 4 31 41 29 23 22 13 10 
student 112: 23 21 47 13 24 10 29 44 17 38 26 45 12 33 46 15 50 32 18 34 19 41 36 40 42 27 35 16 48 3 8 4 49 5 37 9 31 43 11 6 1 22 2 28 39 30 25 20 14 7 
student 113: 23 19 48 9 24 14 29 41 13 40 26 45 16 33 43 15 47 31 18 35 22 42 36 39 49 27 34 17 44 3 7 5 50 6 37 10 32 46 11 4 2 20 1 30 38 28 25 21 12 8 
student 114: 23 22 48 13 24 9 30 41 15 40 26 44 16 31 46 14 49 33 17 34 19 38 36 39 45 29 35 18 47 4 6 5 50 3 37 10 32 43 11 7 1 20 2 28 42 27 25 21 12 8 
student 115: 24 22 46 11 17 13 29 42 19 39 27 44 14 30 47 15 50 31 20 34 21 36 33 38 45 28 35 16 48 1 9 4 49 5 40 7 37 43 10 6 2 18 3 32 41 26 25 23 12 8 
student 116: 24 17 47 13 23 12 31 44 16 38 25 41 15 33 49 14 46 29 19 34 21 37 39 40 45 30 36 20 42 3 7 5 50 8 35 11 32 48 9 6 1 18 2 28 43 26 27 22 10 4 
student 117: 27 19 46 11 24 14 28 43 15 39 23 45 13 31 47 18 49 32 17 33 20 40 36 35 44 26 38 16 48 2 10 4 50 5 37 9 30 42 8 6 1 21 3 34 41 29 25 22 12 7 
student 118: 24 20 48 12 23 10 29 41 16 40 26 47 13 33 44 14 49 31 18 34 19 43 36 38 42 30 35 17 46 3 9 5 50 4 37 7 32 39 11 6 1 21 2 28 45 27 25 22 15 8 
student 119: 24 19 49 12 23 10 29 44 16 34 25 45 14 32 47 17 48 31 18 30 20 39 38 40 42 27 36 15 46 5 9 4 50 3 37 8 33 43 11 7 1 21 2 35 41 28 26 22 13 6 
student 120: 22 20 45 13 21 11 26 44 17 39 25 47 15 33 48 14 46 31 16 37 23 42 35 38 41 28 34 19 49 3 9 5 50 6 36 8 32 43 10 7 1 18 2 30 40 29 27 24 12 4 
student 121: 30 18 45 12 22 11 28 43 20 38 24 47 13 34 44 15 48 32 17 36 19 40 35 37 46 26 33 16 49 5 9 1 50 4 39 8 31 41 10 3 2 25 6 29 42 27 23 21 14 7 
student 122: 22 19 46 12 24 11 28 43 16 38 26 44 14 32 49 15 48 31 17 33 20 40 36 39 45 27 34 18 47 2 9 4 50 3 37 5 35 42 10 7 1 21 6 29 41 30 25 23 13 8 
student 123: 20 21 46 14 19 8 29 42 13 39 27 45 15 31 48 16 50 32 18 33 24 43 36 38 44 22 35 17 47 2 7 4 49 9 37 10 34 41 12 5 1 23 3 30 40 26 28 25 11 6 
student 124: 24 17 46 12 20 11 25 43 15 39 27 45 14 34 47 16 49 26 22 37 18 41 36 38 42 28 33 19 48 1 10 7 50 5 35 9 32 40 8 4 2 21 3 30 44 31 29 23 13 6 
student 125: 24 18 47 12 23 10 29 41 15 39 26 46 14 32 45 17 48 30 22 34 19 40 37 36 44 27 35 16 49 5 9 1 50 3 38 8 33 43 11 4 2 20 6 31 42 28 25 21 13 7 
student 126: 24 17 47 12 21 11 27 41 16 42 26 44 13 31 46 15 50 35 19 32 20 37 38 39 43 25 34 18 48 2 6 3 49 5 36 8 30 45 14 7 1 22 4 33 40 29 28 23 10 9 
student 127: 23 22 48 12 21 11 29 42 14 39 26 43 20 32 49 13 45 28 18 35 17 40 38 37 47 30 34 15 44 5 9 3 50 4 36 6 33 46 10 8 1 19 2 31 41 27 24 25 16 7 
student 128: 25 15 46 12 24 11 31 42 16 39 23 44 13 32 45 17 49 30 19 34 20 40 36 38 43 27 35 18 48 1 9 3 50 6 37 10 33 47 7 8 2 22 4 28 41 29 26 21 14 5 
student 129: 31 20 45 12 22 11 32 41 16 39 24 43 15 33 48 14 49 28 17 35 18 44 37 38 46 26 34 19 50 2 7 6 47 8 36 5 30 42 10 4 1 21 3 29 40 27 25 23 13 9 
student 130: 24 18 46 10 23 12 30 42 14 38 25 43 16 33 49 15 48 31 17 35 20 39 32 37 45 26 36 19 47 1 9 4 50 5 40 11 34 44 8 6 2 22 3 29 41 28 27 21 13 7 
student 131: 23 18 49 8 21 11 28 41 16 37 26 46 14 33 44 12 48 31 17 35 22 39 36 40 42 25 34 19 47 2 10 1 50 6 38 9 32 43 13 7 3 20 4 30 45 29 27 24 15 5 
student 132: 24 22 46 14 23 10 27 39 17 41 26 45 12 32 48 15 50 31 13 35 19 44 36 38 43 28 33 16 47 1 9 3 49 4 37 7 34 40 11 5 6 20 2 29 42 30 25 21 18 8 
student 133: 22 19 47 14 24 9 30 42 16 39 26 45 12 32 48 13 49 33 18 31 20 41 35 37 43 27 34 17 46 1 8 4 50 5 38 11 36 44 10 7 3 23 2 28 40 29 25 21 15 6 
student 134: 22 18 46 13 25 8 27 45 16 42 26 44 14 34 47 15 50 30 19 36 20 38 39 37 43 28 35 17 48 2 6 5 49 7 33 9 32 41 12 4 1 23 3 29 40 31 24 21 11 10 
student 135: 25 22 48 12 24 13 30 42 17 39 28 43 14 32 45 15 47 31 16 37 18 40 34 38 46 26 33 19 49 2 10 4 50 5 35 6 29 44 8 9 1 20 3 36 41 27 21 23 11 7 
student 136: 25 19 44 11 23 10 28 43 15 39 26 45 8 33 47 17 50 31 20 34 21 40 37 38 42 27 35 16 48 2 13 3 46 12 36 4 32 49 7 9 1 18 5 30 41 29 24 22 14 6 
student 137: 25 20 45 10 21 13 30 43 11 40 22 46 16 32 47 17 48 31 18 36 19 39 35 38 42 26 37 15 49 2 8 4 50 9 34 7 33 44 12 6 1 23 3 29 41 27 28 24 14 5 
student 138: 24 17 43 13 23 10 28 41 16 40 27 47 15 34 48 14 45 32 19 35 20 38 36 39 44 29 37 18 49 2 11 4 50 1 33 7 30 46 9 6 5 22 3 31 42 25 26 21 12 8 
student 139: 22 19 46 12 25 11 29 42 16 38 26 45 14 34 44 15 49 31 18 35 20 36 37 40 43 27 33 17 47 2 10 3 50 8 39 6 32 48 9 5 1 21 4 30 41 28 24 23 13 7 
student 140: 25 18 46 8 22 6 27 41 17 39 26 43 14 33 47 16 50 32 15 34 20 40 38 37 45 28 35 19 49 3 12 4 48 7 36 10 31 42 11 5 2 21 1 30 44 29 23 24 13 9 
student 141: 22 25 47 11 21 13 30 40 15 38 23 44 14 33 46 17 49 31 19 34 20 41 35 39 43 27 36 18 48 2 10 6 50 4 37 7 32 42 9 3 1 24 5 29 45 28 26 16 12 8 
student 142: 21 18 49 13 24 12 30 39 15 38 27 47 11 33 46 14 45 29 19 34 20 41 37 40 43 26 35 17 50 2 7 4 48 5 36 8 32 44 10 6 1 23 3 31 42 28 22 25 16 9 
student 143: 22 21 44 12 25 10 26 43 19 41 28 47 17 33 46 15 49 31 14 34 18 40 39 38 42 29 36 16 48 3 6 5 50 7 37 9 32 45 11 8 1 20 2 30 35 27 24 23 13 4 
student 144: 22 18 45 12 23 19 28 41 11 38 25 44 14 31 46 13 49 33 20 34 21 42 37 39 40 27 35 16 48 2 9 3 50 4 36 8 32 47 7 5 1 17 6 30 43 29 26 24 15 10 
student 145: 23 17 46 16 24 11 28 45 14 39 26 42 12 30 49 18 48 33 15 34 20 40 36 38 43 31 35 19 47 1 10 3 50 4 37 8 32 44 9 6 2 21 5 29 41 27 25 22 13 7 
student 146: 24 20 39 13 22 14 28 43 15 40 26 45 16 33 47 12 49 31 18 34 19 41 36 38 44 27 37 17 48 2 9 4 50 5 35 8 32 46 11 6 1 21 3 30 42 29 25 23 10 7 
student 147: 24 18 50 13 23 11 28 42 16 38 27 46 14 33 39 15 49 32 19 34 20 41 35 37 45 25 40 17 47 2 10 7 48 5 36 6 31 44 9 8 4 22 1 29 43 30 26 21 12 3 
student 148: 26 22 46 7 23 12 30 42 15 39 27 44 14 33 45 16 49 29 18 36 19 40 35 38 47 25 32 17 48 5 9 3 50 6 37 10 31 41 11 4 1 21 2 34 43 28 24 20 13 8 
student 149: 22 19 50 12 24 10 30 45 15 39 25 41 16 34 48 14 46 32 20 29 23 42 36 38 47 27 35 18 44 3 9 8 49 2 37 7 33 40 11 6 1 17 4 31 43 28 26 21 13 5 
student 150: 22 19 45 12 28 13 27 42 15 38 24 47 14 33 46 16 50 29 17 32 20 41 36 39 44 30 34 18 48 5 10 3 49 4 37 9 35 43 8 6 2 21 1 31 40 26 23 25 11 7 
student 151: 24 17 46 12 23 11 31 42 14 37 28 44 13 34 47 16 49 29 19 32 20 41 33 38 45 27 35 18 48 2 9 4 50 5 36 10 39 43 7 6 1 22 3 30 40 25 26 21 15 8 
student 152: 23 20 44 11 18 10 29 43 15 39 27 48 14 34 46 17 49 30 19 35 21 41 36 38 42 25 33 16 47 1 13 5 50 6 37 8 31 45 9 7 2 22 4 32 40 28 24 26 12 3 
student 153: 25 18 46 12 22 11 29 42 15 38 27 45 16 34 47 14 49 31 19 35 20 41 36 37 43 26 32 17 48 2 10 3 50 6 39 7 33 44 9 5 1 21 4 30 40 28 23 24 13 8 
student 154: 26 19 47 11 24 14 29 40 17 41 25 46 13 34 44 15 50 30 18 37 20 35 38 39 45 27 32 16 48 5 9 1 49 6 33 8 31 42 10 3 4 21 2 36 43 28 23 22 12 7 
student 155: 29 19 44 11 24 13 27 42 16 39 26 46 12 33 47 15 49 32 18 35 21 38 37 40 45 28 36 17 48 2 8 4 50 5 34 7 30 43 10 6 3 20 1 31 41 25 23 22 14 9 
student 156: 27 18 46 12 23 9 26 40 16 36 24 44 15 34 47 14 50 31 21 35 19 39 33 38 43 28 37 17 48 2 10 7 49 5 41 4 32 45 11 6 1 20 3 30 42 29 25 22 13 8 
student 157: 24 19 45 12 23 11 29 44 15 36 26 46 13 34 49 17 48 31 18 35 20 39 37 38 42 25 33 16 47 3 9 4 50 5 43 8 32 41 10 6 1 22 2 30 40 28 27 21 14 7 
student 158: 25 22 46 12 21 7 28 41 16 39 24 44 14 37 47 15 49 30 20 33 18 40 38 36 45 26 34 17 48 2 11 6 50 3 35 10 32 43 8 5 1 19 4 29 42 31 27 23 13 9 
student 159: 25 20 43 13 24 9 29 45 15 40 23 42 16 33 46 11 48 36 17 38 22 35 32 39 44 26 34 19 49 4 7 3 50 5 37 12 30 47 8 6 2 18 1 31 41 27 28 21 14 10 
student 160: 25 20 46 13 22 11 29 42 16 38 26 43 12 33 47 14 48 32 15 34 23 39 40 36 45 27 37 17 49 4 9 3 50 5 35 8 31 44 10 6 1 18 2 30 41 28 24 19 21 7 
student 161: 24 19 48 7 23 15 26 41 10 38 27 46 16 34 49 9 47 32 18 35 20 39 37 40 43 28 36 17 45 2 12 3 50 4 33 11 29 42 13 6 1 21 5 31 44 30 25 22 14 8 
student 162: 27 20 46 11 23 10 25 45 16 37 24 44 14 34 47 15 50 31 18 33 21 41 36 38 42 29 35 17 49 2 4 3 48 6 39 13 32 43 9 7 1 19 5 28 40 30 26 22 12 8 
student 163: 24 19 48 10 23 12 27 41 17 38 29 47 15 33 45 16 50 32 18 34 20 37 35 42 44 26 39 14 46 1 9 5 49 4 40 6 28 43 13 7 2 21 3 30 36 31 25 22 11 8 
student 164: 24 20 47 12 22 13 31 40 17 41 25 45 14 34 48 16 49 33 19 35 21 38 39 32 43 28 36 18 46 2 8 5 50 4 37 11 30 44 9 6 1 23 3 29 42 26 27 15 10 7 
student 165: 25 19 46 15 24 10 29 43 13 39 22 45 11 32 47 14 48 28 18 34 20 40 36 35 44 27 37 17 50 2 12 7 49 4 38 9 33 42 8 5 1 21 3 31 41 30 26 23 16 6 
student 166: 26 16 42 11 24 12 28 43 18 39 23 44 13 34 47 17 49 33 15 37 22 40 36 38 46 27 30 19 48 2 7 5 50 4 35 10 32 41 8 6 1 21 3 31 45 29 25 20 14 9 
student 167: 22 19 48 13 24 11 29 40 16 39 30 46 14 34 45 15 49 31 18 28 20 44 35 38 41 27 33 17 47 3 8 1 50 5 37 7 36 43 10 6 2 23 4 32 42 26 25 21 12 9 
student 168: 23 22 49 10 24 15 29 42 18 39 27 45 14 33 46 13 48 31 19 34 17 40 36 38 44 25 35 16 47 2 9 4 50 6 37 8 32 43 11 5 1 20 3 30 41 28 26 21 12 7 
student 169: 23 18 43 13 26 11 28 40 17 35 25 46 14 33 49 15 50 31 19 36 20 37 44 39 41 27 34 16 47 3 7 4 48 5 38 9 32 45 10 6 2 21 1 30 42 29 24 22 12 8 
student 170: 25 19 46 17 23 12 31 40 16 42 24 47 13 36 45 14 49 33 20 34 18 38 32 39 43 27 35 15 48 5 9 3 50 4 37 7 29 44 10 6 2 21 1 30 41 28 26 22 11 8 
student 171: 25 17 44 12 21 7 27 40 14 41 26 43 13 34 48 16 46 32 22 35 19 39 37 38 45 29 33 18 49 2 10 5 50 3 36 8 30 42 11 6 1 20 4 28 47 31 23 24 15 9 
student 172: 24 23 46 9 22 13 27 40 18 43 25 45 16 34 49 14 50 29 15 35 21 41 36 38 42 30 33 17 47 2 12 5 48 4 37 10 32 44 11 6 1 19 3 28 39 31 26 20 7 8 
student 173: 26 19 45 12 24 10 30 42 17 37 28 46 14 32 49 16 48 33 15 34 20 41 35 36 39 21 38 18 47 1 11 4 50 3 43 9 31 44 6 7 2 22 5 29 40 27 25 23 13 8 
student 174: 23 19 47 12 22 10 28 40 15 41 26 45 14 33 48 16 49 31 18 34 20 38 35 37 44 27 42 17 46 1 8 3 50 4 36 11 32 43 7 5 9 21 2 29 39 30 24 25 13 6 
student 175: 25 19 47 12 24 11 30 44 15 39 28 42 13 33 46 14 50 32 16 34 20 40 35 38 45 29 36 17 48 3 9 4 49 6 37 8 31 41 10 5 1 21 2 26 43 27 23 22 18 7 
student 176: 23 19 46 11 22 14 29 43 16 38 26 44 13 35 47 15 48 30 17 33 18 41 36 39 45 27 34 24 49 5 9 2 50 4 37 8 31 42 10 6 1 20 3 32 40 28 25 21 12 7 
student 177: 20 19 46 6 24 12 32 41 16 40 26 45 14 30 50 15 48 37 17 35 21 38 34 39 44 25 33 18 47 2 11 3 49 7 36 10 27 42 9 5 1 22 4 29 43 31 28 23 13 8 
student 178: 25 17 43 13 21 11 34 44 16 40 27 41 12 32 47 15 48 31 19 35 23 38 36 42 46 26 33 18 49 3 10 4 50 5 37 7 30 45 9 8 1 20 2 29 39 28 24 22 14 6 
student 179: 25 18 47 13 23 10 30 39 16 37 26 45 12 34 46 15 48 31 17 38 20 41 32 40 44 27 33 19 50 1 9 7 49 3 36 6 35 42 14 4 2 22 5 29 43 28 24 21 11 8 
student 180: 23 20 44 12 21 11 27 41 16 36 26 45 15 33 47 14 50 31 18 34 19 39 40 38 46 28 37 17 49 6 9 2 48 4 35 5 29 42 10 8 1 22 7 32 43 30 25 24 13 3 
student 181: 24 19 47 12 23 10 29 45 16 39 25 44 14 32 46 15 49 30 18 34 20 40 37 35 43 27 36 17 48 2 9 3 50 8 42 7 33 41 11 6 1 22 5 31 38 28 26 21 13 4 
student 182: 26 19 45 11 23 13 29 43 15 40 27 48 14 31 46 12 49 32 18 33 21 36 35 39 41 25 34 17 47 2 10 5 50 4 37 8 38 44 9 6 1 22 3 30 42 28 24 20 16 7 
student 183: 22 18 49 11 24 12 29 37 16 41 25 47 15 33 39 14 48 32 21 35 23 43 34 38 46 28 36 20 45 1 9 4 50 8 40 5 31 44 10 6 2 17 3 30 42 27 26 19 13 7 
student 184: 24 19 46 13 23 10 28 43 17 41 26 45 14 33 47 15 50 29 16 36 20 37 34 39 44 27 38 18 49 1 9 3 48 5 35 7 32 40 8 6 2 21 4 30 42 31 25 22 11 12 
student 185: 25 18 46 11 22 13 29 42 17 41 27 45 16 37 49 14 48 33 19 31 20 39 35 38 44 26 34 15 47 2 9 4 50 5 36 8 30 43 10 7 1 23 3 32 40 28 24 21 12 6 
student 186: 28 18 48 12 24 11 27 42 15 39 21 47 14 36 46 16 49 29 22 31 20 40 34 37 44 25 38 17 45 2 8 5 50 3 35 7 32 43 10 9 4 23 1 33 41 30 26 19 13 6 
student 187: 23 20 45 13 26 10 28 43 16 40 25 47 14 32 46 15 48 29 17 33 22 39 38 36 44 27 35 18 49 7 9 5 50 3 37 8 34 41 12 1 4 19 2 31 42 30 24 21 11 6 
student 188: 24 20 46 10 23 12 29 40 16 41 26 44 14 34 47 15 49 30 18 35 19 45 33 38 43 27 36 17 48 3 11 5 50 7 37 2 32 42 9 6 1 22 4 31 39 28 25 21 13 8 
student 189: 23 24 43 14 22 12 31 39 19 38 25 46 13 33 48 18 49 32 16 35 17 41 36 37 44 27 34 15 47 1 6 5 50 4 40 9 29 45 10 2 3 21 8 30 42 28 26 20 11 7 
student 190: 28 17 48 13 23 12 29 42 15 37 25 45 14 32 46 18 50 30 19 34 20 40 36 39 44 26 35 16 47 4 7 1 49 6 38 9 33 43 10 5 2 24 3 31 41 27 22 21 11 8 
student 191: 28 19 45 12 25 9 26 44 15 39 27 43 14 32 48 16 49 31 20 34 21 40 38 35 46 22 37 17 47 2 10 4 50 1 36 8 33 42 11 3 6 23 5 30 41 29 18 24 13 7 
student 192: 24 18 46 19 23 10 30 41 11 39 26 44 13 36 49 15 48 32 16 34 21 40 35 37 43 29 27 17 47 2 9 5 50 6 38 8 33 45 12 4 1 22 3 31 42 28 25 20 14 7 
student 193: 24 18 46 12 22 13 29 40 16 39 26 45 15 35 47 9 50 30 19 32 20 41 36 38 42 28 34 17 48 3 10 5 49 4 37 6 33 44 8 7 1 21 2 31 43 25 27 23 14 11 
student 194: 24 20 44 13 21 12 28 42 17 39 25 46 11 34 47 15 48 31 16 32 19 40 35 38 45 27 33 18 49 2 10 1 50 5 36 8 37 43 9 6 3 22 4 30 41 29 26 23 14 7 
student 195: 22 19 49 12 20 13 31 41 17 43 26 44 9 40 45 16 50 29 15 30 18 38 35 37 47 27 36 21 46 1 8 7 48 3 34 6 33 42 11 5 2 23 4 32 39 28 25 24 14 10 
student 196: 25 20 45 13 24 12 29 42 14 37 22 43 15 33 46 16 48 32 19 34 18 39 36 38 47 27 35 17 49 3 8 2 50 5 40 7 31 44 11 6 1 23 4 30 41 28 26 21 10 9 
student 197: 23 18 44 12 22 11 30 43 17 38 25 46 13 29 47 15 50 28 16 33 19 41 36 37 39 27 34 21 48 5 9 3 49 6 40 8 32 45 10 7 1 20 2 35 42 31 26 24 14 4 
student 198: 25 17 44 9 24 8 27 41 15 40 21 47 14 32 48 18 49 33 20 34 19 39 36 35 45 28 38 16 46 1 11 4 50 5 37 10 30 43 12 6 3 22 2 31 42 29 26 23 13 7 
student 199: 24 16 45 12 20 14 33 42 18 39 28 46 11 35 49 15 47 27 22 34 17 40 37 32 44 30 36 19 48 1 9 4 50 6 38 7 31 43 10 5 3 21 2 26 41 29 25 23 13 8 
student 200: 23 19 47 11 22 12 28 45 14 40 26 41 15 33 49 16 50 31 18 34 24 39 35 37 44 27 36 17 46 2 10 4 48 7 38 9 32 42 8 5 1 20 3 30 43 29 25 21 13 6 
student 201: 25 19 45 13 21 9 28 43 16 40 26 47 14 32 49 12 46 29 22 34 17 39 35 38 44 27 36 18 48 3 10 5 50 4 37 8 33 42 11 7 1 20 2 31 41 30 24 23 15 6 
student 202: 24 18 44 12 21 11 25 43 16 39 28 40 14 32 47 15 49 31 19 34 22 41 37 38 46 27 35 17 48 2 6 3 50 9 36 8 33 45 7 5 1 20 4 30 42 29 23 26 13 10 
student 203: 24 19 47 11 23 13 30 43 15 39 26 44 14 32 48 17 49 33 18 35 20 40 38 37 45 27 34 16 46 1 10 3 50 4 36 6 31 41 8 7 2 21 9 28 42 29 25 22 12 5 
student 204: 25 18 48 12 23 11 29 44 15 41 27 37 14 33 43 16 47 34 19 36 22 42 35 39 46 26 32 17 45 1 9 5 50 4 38 8 31 49 10 6 2 21 3 30 40 28 24 20 13 7 
student 205: 23 19 45 12 24 11 28 42 17 40 27 47 15 33 46 13 49 30 18 34 20 41 36 39 44 29 35 16 48 2 9 5 50 4 38 8 31 43 10 7 1 22 3 32 37 26 25 21 14 6 
student 206: 24 16 50 13 23 12 29 41 18 38 28 43 9 34 46 15 48 31 21 32 19 42 36 37 44 26 35 17 47 3 10 5 49 4 39 8 33 45 11 6 2 20 1 30 40 27 25 22 14 7 
student 207: 25 19 46 13 23 8 30 41 16 42 26 45 15 35 47 14 49 29 18 34 20 40 36 38 44 28 32 17 48 3 10 2 50 4 37 11 33 43 7 9 1 21 6 31 39 27 24 22 12 5 
student 208: 22 19 48 14 23 10 29 42 16 35 27 45 11 33 44 13 49 32 17 34 20 40 38 37 43 28 36 18 46 2 12 4 50 5 39 6 31 47 8 7 1 21 3 30 41 26 25 24 15 9 
student 209: 25 19 47 11 23 13 28 39 18 40 24 45 14 33 48 15 46 32 17 34 20 42 36 41 43 30 35 16 49 3 7 2 50 6 37 9 31 44 10 4 1 21 5 29 38 27 26 22 12 8 
student 210: 25 23 47 12 24 11 30 41 17 43 26 42 15 34 48 16 46 29 18 33 19 38 39 37 45 27 35 13 49 1 10 6 50 5 36 9 32 44 8 3 2 21 4 31 40 28 22 20 14 7 
student 211: 25 18 47 15 23 13 29 43 14 39 27 46 11 31 41 12 50 32 16 34 20 40 35 37 45 24 36 19 48 3 9 5 49 7 38 2 33 44 10 8 1 22 4 30 42 28 26 21 17 6 
student 212: 23 21 46 11 27 12 29 43 14 40 25 44 13 33 45 18 49 28 19 34 17 41 36 38 42 24 35 16 47 2 9 3 50 6 37 8 31 48 10 5 1 20 4 32 39 30 22 26 15 7 
student 213: 19 20 45 11 23 10 30 42 15 34 26 46 14 33 47 13 49 29 18 32 25 39 40 37 44 28 36 17 48 1 12 6 50 8 38 7 31 43 9 5 2 21 3 35 41 27 24 22 16 4 
student 214: 24 17 46 12 21 11 31 41 18 39 26 45 13 33 48 15 50 34 16 32 23 40 37 38 44 27 36 19 47 2 9 3 49 5 35 8 29 43 10 7 1 22 4 28 42 30 25 20 14 6 
student 215: 24 21 47 12 23 11 30 42 14 40 25 46 15 32 44 17 48 28 18 34 19 39 35 38 45 29 36 16 49 1 7 2 50 5 37 10 31 43 9 6 3 22 4 33 41 27 26 20 13 8 
student 216: 18 20 49 12 24 11 28 41 16 39 26 44 15 34 46 14 48 31 19 33 21 40 35 36 45 29 37 17 47 3 7 4 50 5 38 10 32 42 9 8 1 22 2 30 43 27 25 23 13 6 
student 217: 23 19 45 13 27 8 22 41 16 35 25 42 14 31 47 15 49 33 21 37 18 43 34 38 46 26 36 17 48 3 7 2 50 10 39 11 32 44 12 5 1 24 4 30 40 29 28 20 9 6 
student 218: 24 19 47 12 22 11 31 41 15 39 27 44 13 33 48 17 50 30 18 34 23 40 37 38 45 25 36 16 49 1 9 4 46 7 35 8 32 43 10 5 2 20 3 29 42 28 26 21 14 6 
student 219: 22 18 45 13 24 11 30 41 14 40 27 42 10 32 46 20 48 31 17 33 19 38 37 39 47 26 35 16 50 3 12 4 49 6 36 8 34 44 9 5 2 23 1 29 43 28 25 21 15 7 
student 220: 24 20 44 9 22 12 33 46 17 39 26 47 15 34 48 14 45 31 18 32 21 42 30 38 43 28 35 16 50 1 10 6 49 7 37 5 36 41 11 8 2 19 3 27 40 29 25 23 13 4 
student 221: 24 21 48 12 25 11 29 41 16 38 31 45 13 33 46 15 50 34 18 32 19 43 36 39 44 23 35 17 49 1 9 4 47 5 37 7 30 42 10 8 3 20 2 28 40 27 26 22 14 6 
student 222: 26 16 46 9 23 10 27 41 17 40 29 45 18 34 48 13 47 31 19 36 20 44 33 37 43 28 38 15 49 3 12 2 50 5 35 8 32 42 14 6 1 21 4 30 39 24 25 22 11 7 
student 223: 22 24 44 13 21 12 28 45 11 38 29 46 15 33 43 14 47 31 18 35 19 41 36 39 48 26 34 17 49 7 10 3 50 5 37 8 32 42 9 4 1 20 2 30 40 27 25 23 16 6 
student 224: 25 19 44 9 24 12 27 41 15 39 26 46 11 34 47 14 48 31 17 36 22 43 40 38 45 28 33 18 49 2 10 4 50 5 35 7 32 42 16 8 1 21 3 29 37 30 23 20 13 6 
student 225: 22 18 45 12 26 11 30 42 19 40 21 43 14 33 47 16 49 28 17 34 20 39 35 38 46 29 36 15 48 1 7 3 50 8 37 9 32 44 10 5 4 24 2 31 41 27 23 25 13 6 
student 226: 24 20 46 10 19 13 31 44 16 39 26 45 14 30 47 15 50 33 22 34 18 40 38 35 42 27 36 17 48 3 12 5 49 4 37 7 32 43 9 6 1 21 2 29 41 28 25 23 11 8 
student 227: 24 20 45 11 25 10 30 41 17 39 27 44 14 33 47 15 49 32 16 35 21 43 34 38 42 26 36 18 48 4 9 5 50 6 37 2 31 46 12 7 1 19 3 29 40 28 23 22 13 8 
student 228: 25 20 46 12 22 10 32 43 16 40 29 42 13 31 49 14 47 30 18 33 19 37 35 39 41 24 34 17 48 3 9 7 50 2 38 8 36 44 11 4 1 26 6 28 45 27 23 21 15 5 
student 229: 24 19 48 12 22 11 29 41 15 40 27 47 17 33 44 13 50 31 18 38 21 42 36 39 45 26 34 16 49 2 10 3 46 4 37 9 32 43 8 6 1 25 5 30 35 28 23 20 14 7 
student 230: 24 19 47 11 22 10 29 44 17 37 26 45 12 32 48 16 49 31 18 33 20 39 34 40 42 28 38 15 46 3 8 4 50 6 36 14 35 43 13 5 1 21 2 30 41 27 25 23 9 7 
student 231: 24 20 47 12 22 9 29 42 18 41 26 44 14 34 49 16 48 32 15 31 23 36 40 37 45 27 35 17 46 1 10 3 50 5 39 7 33 43 11 8 2 21 4 30 38 28 25 19 13 6 
student 232: 25 17 47 14 22 11 29 43 19 40 23 41 15 32 44 24 49 33 13 36 18 39 35 38 45 27 34 12 48 2 7 3 50 5 37 9 30 46 8 6 1 20 4 31 42 28 26 21 16 10 
student 233: 24 20 45 16 23 10 29 42 13 40 21 43 12 33 48 14 49 31 18 34 26 38 37 39 46 27 35 19 47 5 9 3 50 4 36 7 30 44 15 8 1 22 2 32 41 28 25 17 11 6 
student 234: 24 19 47 13 22 10 29 42 16 39 27 45 15 35 46 12 49 31 18 38 20 40 34 37 43 25 33 17 48 2 11 5 50 3 36 8 32 44 9 7 1 21 4 30 41 28 26 23 14 6 
student 235: 24 20 48 12 22 11 29 41 16 40 27 45 13 35 47 19 49 31 17 34 18 42 36 38 44 26 33 15 46 3 6 1 50 7 37 4 32 43 10 8 2 21 5 30 39 28 25 23 14 9 
student 236: 23 20 48 12 24 15 29 43 16 41 26 47 13 33 49 11 46 30 19 34 21 39 36 38 40 28 35 17 44 2 8 6 50 3 37 5 32 45 14 9 1 18 4 31 42 25 27 22 10 7 
student 237: 26 20 47 12 24 11 27 42 15 38 25 45 13 33 44 16 50 30 19 34 18 41 36 37 48 28 32 17 46 2 10 5 49 4 39 7 31 43 9 6 1 21 3 29 40 35 23 22 14 8 
student 238: 23 19 47 13 21 12 30 41 14 38 25 46 17 29 45 15 49 35 18 33 22 40 37 39 44 27 34 16 48 4 8 6 50 3 36 7 32 43 10 5 2 20 1 31 42 28 26 24 11 9 
student 239: 25 20 46 11 23 13 29 42 14 41 28 45 15 34 47 16 49 30 18 35 19 39 36 38 43 27 33 17 48 8 6 3 50 1 37 9 32 44 10 5 2 21 4 31 40 26 24 22 12 7 
student 240: 25 21 46 14 26 12 29 43 16 39 22 44 15 35 47 13 48 30 20 36 17 38 33 40 45 28 34 18 50 3 7 5 49 4 37 9 32 41 11 6 2 19 1 31 42 27 24 23 10 8 
student 241: 24 19 49 13 20 11 31 43 16 38 30 44 14 35 45 15 48 29 18 33 21 39 34 40 41 27 37 17 47 1 12 4 50 5 36 8 32 46 9 6 3 22 2 28 42 26 25 23 10 7 
student 242: 24 20 48 11 22 9 30 43 16 38 25 46 13 33 45 15 47 31 18 36 19 37 34 39 44 28 40 17 50 1 10 3 49 5 35 8 32 42 12 6 2 21 4 26 41 29 27 23 14 7 
student 243: 25 19 47 13 21 11 32 41 14 40 24 46 15 34 45 16 49 30 18 35 20 42 38 39 43 26 33 17 48 1 8 6 50 4 36 9 31 44 10 5 3 22 2 27 37 29 28 23 12 7 
student 244: 25 18 46 12 24 11 30 41 13 36 26 43 17 33 47 15 48 31 16 37 19 42 35 45 39 27 34 21 49 3 8 1 50 6 38 7 29 44 10 9 2 20 5 32 40 28 23 22 14 4 
student 245: 25 16 47 11 24 12 30 42 14 39 22 46 17 33 48 18 50 31 19 34 21 38 36 40 44 27 35 15 45 2 9 5 49 3 37 8 32 41 10 6 1 20 4 29 43 28 26 23 13 7 
student 246: 22 19 46 11 24 9 28 45 14 39 26 44 16 32 48 12 50 31 18 35 23 40 38 36 42 29 34 17 49 2 15 1 47 6 37 8 33 43 10 7 3 20 4 30 41 27 25 21 13 5 
student 247: 26 20 47 13 23 14 29 43 19 39 25 44 15 33 46 12 48 30 17 34 18 41 35 38 45 28 36 16 49 4 5 3 50 6 37 9 31 42 11 7 1 22 2 32 40 27 24 21 10 8 
student 248: 25 18 47 12 21 11 29 43 19 38 26 45 15 31 46 14 50 32 16 35 24 41 34 37 44 27 36 17 48 3 7 4 49 5 40 8 33 42 10 6 2 22 1 28 39 30 23 20 13 9 
student 249: 25 19 43 12 23 11 29 42 16 36 26 47 13 33 48 15 50 31 18 37 20 40 38 35 45 28 34 17 46 6 8 1 49 2 39 5 32 44 10 4 3 21 7 27 41 30 24 22 14 9 
student 250: 23 19 44 12 24 11 32 42 14 39 25 45 15 35 47 18 49 28 17 33 21 37 36 40 46 31 34 16 48 1 7 2 50 4 38 8 29 43 9 5 3 22 6 30 41 27 26 20 13 10 
student 251: 24 20 46 9 21 12 31 41 16 40 26 45 15 30 47 14 49 32 17 34 22 43 37 38 44 28 35 18 48 1 11 4 50 5 36 10 33 42 8 6 3 23 2 29 39 27 25 19 13 7 
student 252: 25 14 46 12 23 11 29 40 15 39 27 45 13 33 48 17 50 30 20 34 18 41 37 36 42 26 35 21 47 2 8 3 49 6 38 7 32 43 10 9 1 19 4 31 44 28 24 22 16 5 
student 253: 25 17 48 12 23 10 29 41 19 39 27 46 14 31 49 15 50 33 20 34 21 37 40 38 44 26 36 16 47 4 8 5 45 6 35 3 32 43 11 7 1 18 2 30 42 28 24 22 13 9 
student 254: 25 18 46 14 20 12 26 44 16 37 24 47 9 36 45 15 49 33 19 34 22 40 35 39 41 28 32 17 48 2 5 7 50 3 38 10 29 43 11 6 1 21 4 31 42 30 27 23 13 8 
student 255: 24 20 47 13 22 10 27 44 17 39 26 46 14 33 48 15 49 31 16 34 21 40 35 38 45 29 36 18 41 2 11 4 50 6 37 7 32 42 8 5 1 23 3 30 43 28 25 19 12 9 
student 256: 24 20 47 13 17 11 29 43 19 39 26 44 14 34 46 12 50 30 18 37 21 40 38 35 45 27 32 15 48 1 9 5 49 4 36 8 31 42 10 6 2 22 3 28 41 33 25 23 16 7 
student 257: 24 18 42 13 22 10 27 41 16 40 28 47 14 35 46 12 49 31 19 33 20 39 37 36 45 25 34 17 48 3 8 4 50 6 38 11 32 44 9 2 1 23 5 30 43 29 26 21 15 7 
student 258: 24 20 46 8 23 14 30 42 12 38 27 44 15 32 47 11 50 31 18 34 22 41 36 37 45 28 35 16 48 1 10 3 49 6 40 7 33 43 13 5 2 19 4 29 39 26 25 21 17 9 
student 259: 23 19 44 11 22 14 30 45 15 38 28 43 21 24 46 13 48 32 17 35 18 42 39 40 36 27 34 16 49 1 8 4 50 5 37 9 33 47 10 6 3 20 2 31 41 29 26 25 12 7 
student 260: 24 20 45 14 21 11 27 36 16 38 25 47 13 32 46 15 49 29 19 33 18 41 39 37 44 26 34 17 48 2 5 3 50 6 40 12 35 43 7 9 1 22 4 31 42 30 28 23 10 8 
student 261: 24 21 46 13 23 12 31 42 19 40 25 44 14 32 47 15 50 34 17 33 20 37 38 39 45 27 36 16 48 1 11 7 49 4 35 9 30 43 5 6 2 18 3 28 41 29 26 22 10 8 
student 262: 25 18 47 14 23 12 31 45 15 42 26 46 13 34 44 16 49 29 21 35 20 37 36 39 40 27 33 19 48 2 7 1 50 8 38 6 32 41 11 9 4 17 3 30 43 28 24 22 10 5 
student 263: 22 17 46 11 21 12 29 41 16 39 24 45 14 34 47 15 49 31 19 32 25 43 35 38 44 27 36 18 48 2 10 4 50 3 37 7 33 42 9 6 1 23 8 30 40 28 26 20 13 5 
student 264: 26 20 46 10 23 13 30 42 16 39 24 43 14 33 47 15 50 31 19 34 22 40 35 38 49 25 36 17 45 1 9 6 48 4 37 8 32 44 11 5 2 21 3 27 41 29 28 18 12 7 
student 265: 24 20 47 12 23 16 30 41 17 38 26 45 14 35 50 11 46 34 18 31 19 37 32 39 43 33 44 15 49 2 8 5 48 3 36 9 29 42 10 7 1 22 4 28 40 27 25 21 13 6 
student 266: 26 21 46 11 23 12 30 42 17 40 25 44 14 34 47 16 48 31 18 32 20 39 35 38 45 27 33 15 49 4 10 5 50 6 36 8 37 43 9 2 1 19 3 29 41 28 24 22 13 7 
student 267: 27 18 47 11 23 13 28 42 21 38 29 44 14 33 49 16 50 31 17 34 20 40 36 39 45 25 35 15 46 3 10 4 48 6 37 7 32 43 9 5 1 19 2 30 41 26 24 22 12 8 
student 268: 26 18 45 14 24 10 28 40 17 41 27 46 12 33 48 15 47 36 19 31 20 39 37 38 44 25 34 16 49 1 9 3 50 5 35 8 29 42 7 13 2 21 4 32 43 30 23 22 11 6 
student 269: 25 22 44 10 23 12 30 39 17 41 27 46 15 32 49 14 47 33 19 36 20 40 34 37 45 28 38 16 48 1 11 4 50 5 35 8 26 43 9 6 2 18 3 31 42 29 24 21 13 7 
student 270: 25 18 48 16 24 9 30 44 14 39 28 43 13 32 46 17 49 36 19 34 20 40 35 37 45 29 33 15 47 4 8 5 50 3 38 11 31 42 10 7 2 21 1 27 41 26 23 22 12 6 
student 271: 24 20 45 17 22 12 28 42 15 39 27 43 16 32 48 13 47 34 19 35 21 40 37 33 46 30 36 14 50 1 9 3 49 6 38 8 29 44 11 7 4 18 5 31 41 26 25 23 10 2 
student 272: 25 19 45 12 22 6 32 42 15 39 26 43 11 34 47 13 49 29 18 35 21 41 38 37 46 27 36 17 48 4 9 2 50 7 33 10 31 44 14 3 1 20 5 28 40 30 23 24 16 8 
student 273: 23 19 43 12 20 6 30 45 17 39 25 46 15 32 48 16 50 33 18 34 22 40 36 37 44 27 35 14 47 1 10 4 49 5 38 9 29 41 11 7 2 24 3 31 42 28 21 26 13 8 
student 274: 22 19 45 12 26 9 29 42 18 38 23 46 15 33 48 14 49 28 17 34 21 40 35 39 43 27 37 16 47 1 10 6 50 4 36 8 30 44 7 11 3 20 2 32 41 31 25 24 13 5 
student 275: 27 18 47 11 23 10 30 43 17 39 25 46 15 33 49 16 48 34 19 35 22 40 31 38 45 26 36 12 44 1 13 4 50 6 37 9 32 41 8 7 3 21 2 28 42 29 24 20 14 5 
student 276: 26 18 45 12 23 10 25 43 15 39 24 44 14 31 47 16 49 30 19 32 20 40 37 34 46 29 35 17 48 1 11 4 50 5 38 8 36 42 9 7 3 21 2 33 41 27 22 28 13 6 
student 277: 21 14 47 13 23 10 29 41 19 43 31 45 17 27 46 11 48 33 22 32 20 38 37 39 42 26 36 16 49 2 12 4 50 7 35 8 30 44 9 6 1 24 3 34 40 28 25 18 15 5 
student 278: 24 20 46 12 22 11 28 41 18 42 26 48 15 33 44 17 49 30 14 34 23 37 36 39 45 31 32 16 47 2 8 7 50 6 38 10 35 40 9 4 1 19 3 29 43 27 25 21 13 5 
student 279: 27 18 45 11 22 14 30 41 17 39 25 44 15 35 48 13 49 31 16 34 19 40 37 38 46 26 33 20 47 4 10 3 50 5 36 8 32 42 9 6 1 23 2 29 43 28 24 21 12 7 
student 280: 25 20 46 13 27 11 31 43 19 39 22 45 14 33 48 15 50 30 17 34 21 41 36 35 44 26 40 16 49 2 9 5 47 4 38 6 32 42 10 7 1 18 3 29 37 28 24 23 12 8 
student 281: 22 17 46 15 27 13 32 38 16 37 28 44 11 33 47 12 49 29 19 35 20 41 34 40 42 23 36 18 48 2 10 5 50 3 39 8 31 45 9 6 1 21 4 30 43 26 25 24 14 7 
student 282: 28 20 47 12 25 14 27 44 15 41 24 45 21 33 49 13 48 31 17 34 22 39 36 37 43 29 35 16 46 1 8 4 50 5 38 9 32 40 10 6 3 18 2 30 42 26 23 19 11 7 
student 283: 23 19 45 13 25 12 31 40 15 38 28 44 14 32 48 16 49 33 21 34 20 39 36 47 43 24 35 17 46 1 9 3 50 4 37 6 30 42 11 5 2 18 7 29 41 27 26 22 10 8 
student 284: 24 18 44 11 23 10 29 42 15 39 25 46 13 33 48 16 49 38 17 31 20 40 34 36 45 27 35 19 47 2 14 3 50 5 37 8 32 43 9 6 1 21 4 30 41 28 26 22 12 7 
student 285: 25 16 48 12 22 9 27 42 15 39 26 44 13 35 46 18 50 32 17 33 20 40 37 38 45 28 36 19 49 1 10 4 47 5 34 8 30 43 11 6 2 23 3 31 41 29 24 21 14 7 
student 286: 24 19 47 11 23 13 28 40 16 39 27 44 14 32 46 15 49 33 22 31 18 41 36 37 43 25 35 17 48 1 9 6 50 4 38 7 34 45 12 8 2 20 3 29 42 30 26 21 10 5 
student 287: 22 19 46 12 25 10 27 43 17 36 26 44 16 33 47 15 50 31 18 32 21 40 37 38 42 29 34 13 49 2 11 4 48 5 39 8 35 45 9 6 1 20 3 28 41 30 23 24 14 7 
student 288: 27 16 50 14 28 11 26 41 20 38 25 46 13 33 45 15 49 31 18 34 17 42 36 39 44 22 35 19 47 2 10 4 48 5 37 8 32 43 9 6 1 23 3 30 40 29 24 21 12 7 
student 289: 22 16 45 13 25 15 28 44 14 37 23 46 12 33 47 18 49 32 17 36 19 41 34 38 43 27 39 21 48 3 9 4 50 5 35 8 31 42 10 7 2 24 1 29 40 30 26 20 11 6 
student 290: 22 19 46 12 24 8 30 43 15 41 25 45 13 33 49 18 50 32 17 34 23 39 36 38 44 27 35 16 47 2 10 5 48 4 37 9 31 42 11 7 1 20 3 29 40 26 28 21 14 6 
student 291: 23 19 47 10 24 12 30 43 17 38 25 44 14 33 42 15 50 31 18 35 21 41 36 39 40 27 34 16 45 2 6 5 49 4 37 7 32 48 9 11 3 20 1 29 46 28 26 22 13 8 
student 292: 24 21 46 11 23 10 27 42 16 40 32 44 15 31 47 14 50 30 19 34 18 39 35 38 43 26 36 17 48 1 9 5 49 4 37 6 33 45 13 7 2 20 3 29 41 28 25 22 12 8 
student 293: 25 19 47 12 23 14 28 41 15 38 24 45 11 32 46 13 49 33 17 34 20 40 37 43 44 27 36 18 48 2 9 5 50 4 35 8 31 42 10 7 1 21 3 30 39 29 26 22 16 6 
student 294: 23 20 43 9 25 13 30 44 18 40 24 45 14 31 46 15 49 34 17 33 19 39 36 37 47 27 35 16 48 3 10 4 50 5 38 8 32 42 11 6 1 21 2 29 41 28 26 22 12 7 
student 295: 24 20 47 11 22 13 27 45 16 41 26 44 15 32 48 14 50 28 19 34 18 39 36 38 43 29 35 17 46 3 9 7 49 4 37 8 33 42 10 5 1 21 2 30 40 31 25 23 12 6 
student 296: 23 17 47 12 21 11 29 42 16 38 27 45 15 32 46 14 49 30 19 34 18 40 39 36 43 26 37 20 48 3 8 5 50 1 35 7 33 44 10 6 2 24 4 31 41 28 25 22 13 9 
student 297: 25 19 46 17 23 13 31 40 16 42 20 45 14 34 47 15 49 32 11 35 22 39 33 38 41 29 37 18 48 3 9 2 50 5 36 7 30 44 10 6 1 21 4 27 43 24 28 26 12 8 
student 298: 24 20 43 13 16 10 30 42 18 41 27 46 14 34 47 15 50 31 19 33 21 39 36 38 45 26 35 17 49 4 7 1 48 6 37 9 32 44 11 2 3 22 5 29 40 28 25 23 12 8 
student 299: 25 15 47 11 24 14 27 43 17 39 22 45 16 32 46 13 48 31 19 36 20 40 41 37 44 26 33 18 49 2 12 6 50 4 34 7 35 42 9 5 1 21 3 30 38 28 29 23 10 8 
student 300: 24 19 46 11 21 12 31 44 18 40 26 43 15 32 47 16 48 30 17 33 23 39 37 38 42 27 35 14 49 1 9 4 50 7 36 6 34 45 10 5 2 22 3 29 41 28 25 20 13 8 
student 301: 20 22 45 13 21 11 31 42 17 39 28 46 12 29 47 15 49 35 18 30 19 40 37 38 44 26 33 16 48 8 9 3 50 4 36 5 27 43 10 6 1 24 2 34 41 32 23 25 14 7 
student 302: 24 21 45 14 23 10 31 43 15 39 25 47 13 33 46 17 48 28 18 35 20 40 37 36 44 26 34 16 49 2 7 5 50 3 38 8 30 42 9 6 1 19 4 32 41 29 27 22 12 11 
student 303: 23 18 46 11 25 14 24 40 16 37 27 43 12 33 47 15 50 31 19 34 20 38 36 39 49 28 35 17 48 1 10 3 45 4 41 7 32 44 9 6 2 21 5 30 42 29 26 22 13 8 
student 304: 24 19 46 11 22 8 28 42 16 40 26 45 14 34 47 12 49 32 18 33 20 41 36 37 44 27 35 17 48 3 9 6 50 2 38 10 31 43 13 5 1 21 4 29 39 30 25 23 15 7 
student 305: 26 17 45 11 22 12 27 43 15 41 24 46 13 33 47 21 50 28 16 35 18 42 36 37 40 31 38 19 49 4 6 9 48 8 34 7 30 44 10 2 1 20 5 32 39 29 23 25 14 3 
student 306: 24 19 46 15 23 10 29 38 18 44 26 45 13 33 48 17 49 31 16 35 20 41 34 40 43 25 36 14 47 3 9 2 50 6 37 8 32 42 11 5 1 21 7 30 39 28 27 22 12 4 
student 307: 24 20 46 12 21 9 30 43 17 40 27 45 14 32 47 13 49 31 18 37 19 41 35 36 44 26 33 16 48 5 7 6 50 3 39 8 34 38 11 4 1 23 2 29 42 28 25 22 15 10 
student 308: 25 19 44 12 22 8 30 43 16 42 27 47 15 34 50 17 49 32 18 35 21 39 33 38 40 28 36 13 48 2 7 6 46 9 37 10 29 45 11 5 1 24 3 31 41 26 23 20 14 4 
student 309: 26 18 47 12 22 11 28 41 15 39 29 46 16 31 42 14 48 33 23 34 20 43 35 36 44 21 38 17 49 3 9 8 50 4 32 7 37 45 10 5 1 19 2 30 40 27 25 24 13 6 
student 310: 23 17 46 12 25 10 29 44 20 39 27 43 14 32 49 16 50 31 18 35 21 40 36 34 45 28 37 15 47 1 9 5 48 4 38 8 33 42 11 6 3 19 2 30 41 24 26 22 13 7 
student 311: 27 22 45 9 24 14 28 41 18 37 25 44 13 33 47 15 50 31 16 34 19 39 35 40 46 29 38 17 49 3 10 2 48 4 36 8 30 43 11 6 1 21 5 32 42 26 23 20 12 7 
student 312: 25 18 48 10 23 13 27 46 14 42 28 47 15 34 44 16 50 32 19 30 20 39 36 41 38 26 35 17 45 4 7 3 49 5 37 11 33 40 8 6 1 21 2 31 43 29 24 22 12 9 
student 313: 24 19 46 12 23 13 30 42 17 39 28 45 16 36 48 15 49 31 20 32 21 43 34 38 44 27 37 14 47 2 9 3 50 5 35 7 33 41 11 8 1 22 4 29 40 26 25 18 6 10 
student 314: 24 19 47 11 26 10 29 45 16 40 28 46 14 33 44 15 49 30 18 34 22 42 35 38 43 25 36 17 48 1 9 4 50 8 37 6 32 41 7 5 2 20 3 31 39 27 23 21 13 12 
student 315: 23 19 49 10 24 9 29 42 17 39 26 45 14 32 47 16 50 31 18 34 20 41 36 38 44 27 37 15 48 2 8 4 46 5 35 6 33 40 12 7 3 21 1 30 43 28 25 22 13 11 
student 316: 25 17 49 12 22 11 27 41 19 40 26 45 15 32 46 18 47 31 20 33 16 38 34 39 44 30 35 13 48 1 9 5 50 7 37 4 29 43 10 8 3 23 2 36 42 28 24 21 14 6 
student 317: 24 17 45 14 23 11 29 42 18 38 26 46 13 32 47 15 50 34 20 33 19 40 36 39 44 27 35 16 48 3 10 2 49 6 37 7 30 43 8 5 1 22 4 31 41 28 25 21 12 9 
student 318: 24 21 45 13 23 12 28 43 17 37 25 48 15 32 46 14 47 31 20 35 18 40 34 39 44 26 36 16 49 1 9 5 50 4 38 11 33 42 7 6 2 22 3 30 41 29 27 19 10 8 
student 319: 24 20 45 11 21 12 32 42 14 41 25 44 16 31 46 15 48 30 17 35 19 38 36 34 47 27 39 18 49 2 10 3 50 4 37 8 33 43 9 5 1 23 6 29 40 28 26 22 13 7 
student 320: 23 19 49 12 24 9 29 43 16 40 27 46 15 31 47 14 48 34 17 32 22 39 37 38 45 26 33 18 44 1 11 3 50 5 35 10 36 42 7 6 4 20 2 30 41 28 25 21 13 8 
student 321: 24 19 46 17 23 11 29 40 15 37 26 45 13 35 47 14 49 31 16 34 18 43 36 41 42 27 33 20 48 4 8 2 50 6 39 7 32 38 10 9 1 22 3 30 44 28 25 21 12 5 
student 322: 24 18 48 12 25 11 30 39 15 40 23 45 14 34 49 19 46 31 16 33 20 42 32 38 44 26 36 17 50 3 6 4 47 7 37 10 35 41 9 5 1 22 2 29 43 28 27 21 13 8 
student 323: 24 18 47 11 25 13 27 41 15 39 28 46 14 35 49 12 50 30 20 37 26 42 34 38 45 22 33 16 44 1 8 4 48 5 36 9 31 43 10 7 2 19 3 29 40 32 23 21 17 6 
student 324: 23 19 46 12 22 10 29 40 16 37 27 43 13 33 45 15 50 31 18 34 21 44 38 39 47 26 35 17 49 4 11 3 48 6 36 5 32 42 9 7 1 24 2 30 41 28 25 20 14 8 
student 325: 24 19 46 9 23 11 31 42 15 35 25 45 14 30 48 16 49 27 17 38 20 40 36 39 44 29 32 18 47 2 10 6 50 4 37 8 33 43 12 5 1 21 3 34 41 26 28 22 13 7 
student 326: 23 21 46 9 24 12 28 40 14 36 26 42 13 34 47 18 50 31 15 32 20 44 35 38 43 25 37 17 49 4 11 3 48 2 41 6 33 39 10 7 1 19 5 27 45 29 30 22 16 8 
student 327: 17 20 46 12 25 10 29 42 16 41 24 45 14 32 47 15 50 33 19 30 23 39 36 37 44 26 34 18 48 3 7 6 49 5 38 8 35 43 11 9 2 22 4 31 40 28 27 21 13 1 
student 328: 25 19 45 13 22 11 28 42 18 40 26 46 14 33 47 15 48 29 16 35 20 41 34 39 43 27 38 17 49 8 9 3 50 4 37 6 32 44 12 5 2 21 1 30 36 31 24 23 10 7 
student 329: 24 22 47 13 20 12 29 44 17 39 28 46 14 34 48 11 49 33 18 36 19 42 38 32 45 26 37 15 43 2 10 4 50 6 35 8 31 40 9 5 1 23 3 30 41 27 25 21 16 7 
student 330: 25 17 48 13 22 12 24 43 16 40 23 47 14 34 44 15 49 31 21 35 18 41 33 39 46 28 37 20 45 1 9 2 50 7 36 5 32 38 8 6 3 27 4 30 42 29 26 19 11 10 
student 331: 24 18 45 13 23 11 32 43 16 39 26 47 15 33 46 14 49 31 21 34 17 40 36 38 44 28 35 19 48 2 9 6 50 4 37 5 30 42 10 7 1 20 3 29 41 27 25 22 12 8 
student 332: 22 19 45 12 23 11 31 42 15 32 29 46 13 34 47 14 50 30 16 35 21 39 36 40 43 25 37 17 48 2 9 3 49 5 38 8 33 44 10 6 1 27 4 28 41 26 24 20 18 7 
student 333: 24 20 45 12 25 11 28 39 18 40 23 43 14 33 48 15 50 31 21 34 13 41 37 38 46 27 36 17 47 1 6 4 49 5 35 2 32 44 10 8 3 19 7 29 42 30 26 22 16 9 
student 334: 23 19 47 10 24 14 32 40 15 39 26 45 12 33 46 16 48 30 18 34 20 41 37 38 43 27 35 17 50 2 9 5 49 4 36 8 31 44 11 6 1 21 3 29 42 28 25 22 13 7 
student 335: 24 20 43 16 23 14 28 44 13 37 30 48 12 33 46 19 49 32 17 36 21 39 38 40 45 27 35 18 47 2 5 3 50 6 34 9 29 41 10 7 1 15 4 31 42 25 26 22 11 8 
student 336: 23 19 43 13 24 9 29 42 17 40 26 46 15 32 47 14 48 30 18 35 20 39 38 37 44 27 34 16 49 1 10 2 50 5 36 8 33 45 12 6 3 22 4 31 41 28 25 21 11 7 
student 337: 24 12 46 11 23 10 28 41 22 38 26 45 15 34 47 16 48 31 18 33 19 39 36 42 44 27 35 17 49 4 9 3 50 6 37 5 32 43 13 8 1 21 2 29 40 30 25 20 14 7 
student 338: 25 18 45 10 23 7 28 41 15 38 26 49 16 33 46 14 47 29 17 34 19 40 36 37 42 27 35 22 48 3 9 4 50 6 43 12 32 44 11 5 1 20 2 31 39 30 24 21 13 8 
student 339: 24 18 45 11 23 10 27 43 14 36 22 46 15 29 48 16 47 35 17 32 20 42 38 37 44 28 34 19 49 3 9 6 50 4 40 5 33 41 12 8 2 21 1 31 39 30 26 25 13 7 
student 340: 23 18 46 13 22 11 31 45 15 38 27 44 14 32 47 19 49 29 17 37 20 42 39 36 43 26 34 16 48 2 9 5 50 7 35 8 33 40 10 3 1 21 4 30 41 28 25 24 12 6 
student 341: 23 19 46 14 32 11 28 39 16 42 24 44 13 33 50 17 49 29 18 37 22 40 34 38 45 25 35 15 48 2 7 6 47 4 36 8 31 41 9 5 1 21 3 30 43 27 26 20 12 10 
student 342: 24 13 45 7 25 12 29 41 18 36 26 47 16 33 46 15 49 32 19 34 20 40 35 39 44 27 38 21 48 3 8 4 50 10 37 9 31 43 11 5 1 17 2 30 42 28 23 22 14 6 
student 343: 23 19 48 12 24 10 25 42 16 39 26 45 17 32 47 13 49 29 15 34 22 40 36 38 44 28 35 18 46 4 9 3 50 6 37 8 30 43 11 5 1 21 2 31 41 33 27 20 14 7 
student 344: 25 21 43 11 24 9 30 44 16 39 28 45 15 36 49 13 48 31 19 35 20 40 34 38 42 23 33 17 46 3 10 2 50 8 37 6 32 47 14 5 1 22 4 29 41 27 26 18 12 7 
student 345: 21 19 45 14 23 12 28 42 16 39 26 44 9 33 48 15 49 30 20 34 22 40 36 38 46 27 35 18 47 2 10 3 50 5 37 8 31 43 11 6 1 24 4 32 41 29 25 17 13 7 
student 346: 24 17 46 12 22 7 31 42 16 40 26 45 13 33 47 15 49 30 19 34 20 39 36 38 44 27 35 18 48 4 9 6 50 2 37 11 29 43 14 3 1 21 5 32 41 28 25 23 10 8 
student 347: 23 19 44 9 21 13 28 41 16 38 25 46 14 34 48 15 50 31 18 33 20 42 37 39 43 27 35 17 47 2 11 5 49 6 36 7 32 45 12 4 1 26 3 29 40 30 24 22 10 8 
student 348: 24 20 46 14 19 11 28 42 16 39 26 45 13 34 48 15 50 30 18 35 21 40 37 31 44 27 36 17 47 2 6 4 49 5 38 9 32 43 10 8 1 22 3 29 41 33 25 23 12 7 
student 349: 24 19 45 11 21 10 35 41 15 39 26 46 13 32 47 17 48 29 18 33 22 40 36 34 44 27 37 16 50 2 14 4 49 6 38 9 31 43 8 7 1 20 3 30 42 28 23 25 12 5 
student 350: 26 23 46 13 21 12 30 42 14 40 28 45 15 37 48 20 49 29 16 33 18 41 36 38 43 22 35 17 47 8 6 3 50 4 39 10 32 44 9 5 1 19 2 31 34 27 24 25 11 7 
student 351: 24 20 45 13 23 9 29 49 18 38 30 44 14 33 50 17 47 27 16 34 19 40 39 36 43 26 37 15 46 1 7 3 48 4 35 8 32 42 11 6 2 22 5 31 41 28 25 21 12 10 
student 352: 23 20 46 12 24 9 30 42 15 39 28 45 14 33 47 16 48 27 19 34 17 40 35 37 44 29 38 18 49 3 4 8 50 5 36 11 32 43 10 7 1 21 2 31 41 25 26 22 13 6 
student 353: 24 19 45 11 22 12 32 41 17 38 28 46 16 30 47 14 49 31 15 34 20 42 37 36 43 26 35 18 48 4 8 3 50 6 39 7 29 44 9 5 2 21 1 33 40 27 25 23 13 10 
student 354: 24 19 44 13 22 10 30 42 16 37 25 47 12 34 45 15 50 31 18 33 20 39 35 38 49 28 36 17 46 2 9 4 48 5 40 8 32 43 11 6 1 21 3 29 41 27 26 23 14 7 
student 355: 23 20 47 11 24 13 29 42 15 38 27 46 14 34 45 16 49 32 18 33 21 41 37 39 43 25 35 17 48 2 9 4 50 5 36 8 31 44 10 6 1 19 3 30 40 26 28 22 12 7 
student 356: 21 16 48 11 23 12 27 40 19 38 25 45 14 33 43 13 49 31 17 32 20 41 37 39 46 29 36 15 47 2 8 3 50 5 34 9 35 44 10 6 1 22 4 28 42 30 24 26 18 7 
student 357: 26 19 37 13 25 11 29 45 14 38 24 46 15 31 49 18 48 28 20 35 17 43 36 41 44 30 33 16 47 2 5 4 50 7 39 9 34 42 12 6 1 21 3 32 40 27 23 22 10 8 
student 358: 24 19 44 11 22 10 30 42 15 39 27 46 17 36 47 14 48 31 18 32 20 38 34 37 45 26 35 16 49 2 9 3 50 4 40 8 33 43 12 6 1 23 5 25 41 28 29 21 13 7 
student 359: 24 18 47 14 22 11 28 43 15 38 26 48 13 35 42 16 49 32 20 30 21 41 37 40 44 27 34 17 46 3 9 2 50 5 36 7 33 45 10 6 1 19 4 31 39 29 25 23 12 8 
student 360: 24 16 46 12 23 8 29 43 13 40 26 47 15 32 45 17 48 33 20 34 21 41 35 38 42 27 36 18 49 2 9 4 50 5 37 7 30 44 11 6 1 19 3 31 39 28 25 22 14 10 
student 361: 23 19 47 8 22 13 27 40 17 43 26 44 14 34 46 11 48 32 16 33 21 39 35 36 42 29 37 18 49 2 12 4 50 5 38 10 30 41 7 6 1 20 3 31 45 25 28 24 15 9 
student 362: 25 18 46 14 23 10 28 42 16 38 26 45 13 34 47 15 50 29 20 35 21 41 36 40 43 27 31 17 48 1 9 4 49 6 37 8 33 44 11 5 2 19 3 32 39 30 24 22 12 7 
student 363: 26 21 46 14 24 11 37 44 17 40 25 43 13 31 47 15 49 30 16 32 19 42 35 38 41 27 33 18 48 3 7 8 50 4 36 5 34 45 9 10 1 22 2 28 39 29 23 20 12 6 
student 364: 24 17 46 11 26 13 31 42 14 37 27 45 15 34 47 16 50 35 18 32 20 41 39 36 44 25 38 19 49 2 8 7 48 3 33 9 30 43 10 6 1 21 5 29 40 28 23 22 12 4 
student 365: 27 19 45 14 25 12 31 43 16 38 24 46 15 33 48 11 47 32 21 34 17 42 36 37 44 26 35 18 49 2 10 1 50 6 39 9 30 41 4 7 3 23 5 28 40 29 22 20 13 8 
student 366: 23 18 47 13 24 11 29 41 16 40 27 45 12 34 46 14 48 32 19 30 22 42 36 39 44 26 35 17 49 3 9 4 50 5 38 8 33 43 10 6 1 20 2 31 37 28 25 21 15 7 
student 367: 24 19 46 12 23 14 28 42 17 40 25 45 10 33 47 15 50 30 18 31 21 39 36 37 44 26 35 16 49 1 7 4 48 5 34 6 32 43 11 8 2 20 3 29 41 38 27 22 13 9 
student 368: 25 19 42 14 23 11 29 44 15 40 27 45 17 35 47 13 50 31 16 33 20 37 38 39 46 28 34 18 48 6 9 1 49 2 36 4 32 41 10 7 3 22 5 30 43 26 24 21 12 8 
student 369: 24 19 46 13 23 10 29 38 12 43 26 44 15 33 47 17 48 31 16 34 20 42 37 39 45 27 36 18 49 1 9 4 50 5 35 8 28 41 11 6 2 21 3 32 40 30 25 22 14 7 
student 370: 21 20 47 16 23 12 31 42 13 39 26 44 14 33 46 15 49 30 19 34 22 41 38 36 43 27 35 18 48 3 9 5 50 6 37 8 32 45 10 2 1 17 4 28 40 29 25 24 11 7 
student 371: 22 17 50 15 23 9 29 41 16 39 26 45 14 32 46 13 48 36 21 38 19 40 34 35 44 28 33 18 47 2 10 5 49 4 37 8 27 42 11 6 1 25 3 31 43 30 20 24 12 7 
student 372: 24 19 47 11 23 4 28 41 18 40 27 45 16 33 46 12 50 31 17 34 20 39 38 37 43 26 35 14 48 5 10 2 49 7 36 8 32 44 13 3 1 22 6 30 42 29 25 21 15 9 
student 373: 24 19 46 12 23 11 29 42 15 33 27 45 14 35 47 17 49 32 16 37 18 40 38 39 43 26 34 21 48 5 7 4 50 6 36 10 28 44 9 8 2 20 1 31 41 30 22 25 13 3 
student 374: 22 20 45 11 26 14 29 43 18 39 25 46 13 34 47 12 49 30 19 35 17 41 36 40 44 28 31 16 48 3 10 4 50 7 38 6 32 42 9 5 2 21 1 33 37 27 24 23 15 8 
student 375: 28 19 48 16 22 10 29 42 17 39 26 45 11 32 46 14 50 33 15 34 21 40 35 38 44 24 37 18 47 1 9 2 49 6 36 7 31 43 13 5 3 25 4 30 41 27 23 20 12 8 
student 376: 24 18 46 13 23 10 29 42 16 40 26 45 15 33 47 14 49 36 22 38 20 35 34 39 44 28 31 17 48 4 9 1 50 5 37 8 32 43 11 6 2 19 3 30 41 27 25 21 12 7 
student 377: 25 21 47 11 18 9 28 45 17 38 30 46 14 33 44 16 49 31 19 35 20 41 36 39 43 26 37 15 48 2 10 4 50 5 34 8 32 40 12 6 1 22 3 29 42 27 24 23 13 7 
student 378: 23 19 46 12 24 11 27 42 16 40 31 43 15 34 47 14 49 33 18 35 21 38 36 37 44 25 32 17 48 6 8 3 50 4 39 9 29 45 10 5 2 20 1 30 41 26 28 22 13 7 
student 379: 24 21 48 12 23 10 29 41 17 37 26 43 13 32 49 14 47 30 20 34 18 39 45 36 44 27 35 16 46 4 9 3 50 5 38 8 33 42 11 6 1 19 2 31 40 25 28 22 15 7 
student 380: 24 16 49 12 22 11 29 42 19 38 27 47 14 34 48 15 44 30 18 40 21 41 35 37 45 28 33 17 46 2 7 3 50 6 36 9 32 39 10 5 1 20 4 31 43 26 25 23 13 8 
student 381: 23 20 46 15 25 2 30 42 16 39 29 43 14 28 48 13 50 31 17 34 19 41 37 36 44 26 35 18 47 4 10 5 49 7 38 8 32 45 11 6 1 21 3 33 40 27 22 24 12 9 
student 382: 24 17 46 14 23 9 28 44 16 39 26 42 12 29 47 15 50 33 19 32 20 40 38 36 45 27 35 18 48 3 8 4 49 5 37 10 34 41 11 7 1 21 2 31 43 30 25 22 13 6 
student 383: 23 18 47 11 24 12 29 40 19 37 27 45 14 35 46 15 50 31 16 33 21 43 39 36 44 25 32 17 48 3 10 5 49 6 38 7 34 42 9 2 1 22 4 30 41 28 26 20 13 8 
student 384: 24 18 47 17 23 13 26 37 11 39 27 46 15 34 45 14 48 31 19 35 20 43 38 40 44 28 33 16 49 1 8 4 50 6 36 7 32 42 12 5 2 21 3 30 41 29 25 22 10 9 
student 385: 24 19 47 14 21 12 29 40 13 41 25 46 10 33 43 16 49 31 18 34 20 42 36 37 44 28 35 17 48 1 11 3 50 5 38 8 32 45 9 6 4 22 2 30 39 27 26 23 15 7 
student 386: 30 19 44 14 22 12 28 42 15 40 23 43 13 33 46 17 48 32 16 36 20 37 35 39 47 25 34 18 49 2 8 3 50 1 38 7 31 45 10 6 4 21 5 29 41 27 24 26 11 9 
student 387: 23 19 45 11 22 12 29 42 14 39 27 47 13 33 48 15 49 32 18 34 21 40 35 36 43 26 38 17 46 4 10 2 50 6 37 9 31 44 8 5 1 20 3 30 41 28 24 25 16 7 
student 388: 24 18 41 11 22 13 30 42 12 38 27 45 14 34 47 15 46 31 19 33 20 39 36 40 43 28 35 16 50 2 7 3 48 4 37 6 32 49 10 9 5 25 1 26 44 29 23 21 17 8 
student 389: 23 19 44 12 33 11 25 40 14 38 26 43 15 34 48 16 50 31 18 32 20 39 36 41 46 27 35 17 49 2 9 4 47 7 37 5 29 45 10 8 1 21 3 30 42 28 24 22 13 6 
student 390: 25 18 46 15 22 11 29 44 17 39 26 43 12 35 47 14 48 30 16 33 21 34 40 37 45 27 36 20 50 2 10 9 49 6 38 7 32 42 8 3 1 23 5 31 41 28 24 19 13 4 
student 391: 24 18 44 13 22 11 27 42 19 39 29 45 15 35 48 12 49 28 17 34 20 40 36 38 47 26 33 16 46 2 7 4 50 5 37 10 32 43 9 8 1 21 3 31 41 30 25 23 14 6 
student 392: 24 20 44 10 23 11 28 41 17 38 26 43 13 34 46 14 50 30 18 33 19 40 35 39 47 27 37 15 48 1 9 2 49 6 36 8 31 42 16 4 3 22 5 29 45 32 25 21 12 7 
student 393: 24 22 45 12 23 11 31 43 15 38 28 47 13 35 46 17 49 29 18 33 16 40 34 39 44 27 36 21 48 1 10 5 50 4 37 8 32 41 9 6 2 19 3 26 42 30 25 20 14 7 
student 394: 25 21 45 12 23 13 29 40 16 42 24 44 15 34 49 14 50 33 17 36 19 41 31 38 47 27 37 18 46 1 11 6 48 4 35 8 32 43 9 5 2 20 3 30 39 28 26 22 10 7 
student 395: 23 20 45 8 25 12 29 42 15 38 27 46 14 34 48 16 47 33 18 35 22 39 37 40 43 26 32 17 50 2 10 4 49 5 36 7 31 44 11 9 1 19 3 30 41 28 24 21 13 6 
student 396: 24 16 46 11 21 13 29 42 17 39 25 44 12 33 47 15 49 30 19 34 23 40 35 38 45 27 36 18 48 2 7 3 50 6 37 8 31 43 10 5 1 20 4 32 41 28 26 22 14 9 
student 397: 23 19 46 12 25 10 29 43 16 39 26 44 15 32 47 17 49 31 18 38 20 36 34 37 45 27 40 14 48 4 9 3 50 5 33 7 35 42 11 8 1 22 2 30 41 28 24 21 13 6 
student 398: 23 24 46 13 21 11 28 42 16 39 26 47 12 34 49 14 50 30 19 33 22 40 36 35 45 31 37 17 48 1 7 2 43 5 38 10 32 44 9 8 4 18 6 29 41 27 25 20 15 3 
student 399: 26 19 47 12 23 9 27 39 15 40 25 43 13 34 49 14 48 35 18 38 20 42 32 37 44 28 36 16 45 2 11 3 50 5 33 10 31 46 8 7 1 21 4 30 41 29 24 22 17 6 
student 400: 24 21 43 13 23 6 30 41 16 37 27 46 15 33 48 17 47 29 18 31 19 39 36 40 45 26 35 14 49 2 10 5 50 4 38 9 34 44 12 7 1 22 3 32 42 28 25 20 11 8 
student 401: 24 17 49 11 25 10 31 41 18 38 26 46 13 30 47 16 48 35 15 33 20 42 36 40 44 29 34 19 45 2 7 6 50 1 37 5 27 43 14 8 3 22 4 32 39 28 23 21 12 9 
student 402: 24 19 45 13 25 10 29 42 18 40 23 44 14 33 47 15 49 31 17 36 22 39 37 38 48 27 34 16 46 2 8 5 50 7 35 11 32 43 9 4 1 20 3 30 41 28 26 21 12 6 
student 403: 24 23 46 10 22 13 29 40 16 38 26 45 12 32 47 15 50 31 20 33 17 41 37 39 44 27 35 18 48 4 9 5 49 6 36 8 34 43 11 7 1 21 2 30 42 28 25 19 14 3 
student 404: 24 19 46 14 20 11 29 39 17 41 25 44 15 36 47 16 48 30 18 34 21 40 35 37 45 28 33 12 50 3 8 4 49 6 42 7 31 43 10 5 2 23 1 32 38 27 26 22 9 13 
student 405: 23 16 46 8 22 12 29 43 13 38 27 45 15 34 48 17 49 31 20 35 19 39 40 37 44 28 32 18 47 3 10 6 50 7 36 9 33 42 11 5 1 21 2 30 41 24 25 26 14 4 
student 406: 22 17 45 11 20 15 30 41 14 39 31 43 13 33 49 18 50 28 19 35 21 38 36 40 42 29 34 16 47 2 9 5 48 4 37 10 32 46 7 6 1 23 3 26 44 27 24 25 12 8 
student 407: 23 25 47 10 22 12 28 44 14 41 27 45 15 31 46 16 48 33 18 34 19 36 35 39 43 26 38 17 50 2 7 4 49 6 37 8 32 42 11 3 1 20 5 30 40 29 24 21 13 9 
student 408: 24 18 48 13 19 11 28 42 17 38 25 44 14 33 43 10 50 31 20 37 22 41 35 39 46 27 34 16 49 3 8 4 47 5 36 6 30 45 12 7 1 21 2 32 40 29 26 23 15 9 
student 409: 24 19 43 14 23 9 29 42 18 38 27 46 13 34 47 16 50 31 20 32 17 41 39 40 45 25 35 15 48 2 11 3 49 5 37 6 33 44 10 8 1 21 4 30 36 28 26 22 12 7 
student 410: 24 21 46 10 23 11 28 42 16 39 25 45 15 33 47 13 50 31 17 34 18 40 38 37 44 26 35 20 49 3 5 4 48 6 36 12 32 43 9 7 2 19 1 30 41 29 27 22 14 8 
student 411: 24 17 45 11 23 10 30 46 15 37 27 40 14 35 47 16 48 34 20 33 19 41 32 39 44 29 36 18 49 2 9 4 50 6 38 7 31 43 12 5 1 21 3 26 42 28 25 22 13 8 
student 412: 25 19 48 12 22 10 29 42 15 38 24 45 14 33 47 18 49 31 17 34 21 40 39 37 44 28 36 16 46 4 8 2 50 6 35 9 32 43 11 3 1 20 5 30 41 27 26 23 13 7 
student 413: 28 20 45 11 23 12 26 41 15 39 29 44 13 34 47 16 50 33 18 32 19 40 36 38 46 25 35 17 48 2 6 3 49 8 37 7 31 43 9 5 1 21 4 27 42 30 22 24 14 10 
student 414: 26 19 47 9 23 11 29 43 15 37 25 45 12 35 48 16 49 34 18 31 20 41 36 38 44 27 32 17 46 3 13 4 50 5 39 8 30 42 10 7 1 21 2 33 40 28 24 22 14 6 
student 415: 25 21 48 12 23 11 30 40 15 42 27 46 14 33 49 19 47 32 17 34 22 39 36 38 44 26 35 16 43 2 9 3 50 4 37 8 31 41 10 7 1 18 6 29 45 28 24 20 13 5 
student 416: 23 17 47 16 22 14 29 43 13 42 28 50 15 31 45 12 46 33 18 34 20 38 36 37 41 24 40 19 48 1 8 5 49 2 35 9 32 44 11 6 3 21 4 30 39 26 27 25 10 7 
student 417: 24 20 46 11 23 9 28 41 16 40 27 45 14 32 47 15 49 29 19 31 17 39 36 37 44 26 35 25 48 1 10 3 50 6 38 8 34 43 13 5 4 18 2 33 42 30 21 22 12 7 
student 418: 26 21 46 13 23 11 30 43 14 40 25 42 12 32 47 17 50 34 20 33 15 39 36 38 45 28 35 19 48 2 9 5 49 8 37 3 29 41 10 6 1 18 4 27 44 31 24 22 16 7 
student 419: 23 18 48 13 26 11 29 43 22 39 24 47 16 33 49 14 45 31 19 34 15 40 35 38 42 27 36 17 44 3 9 5 50 4 37 8 32 46 10 7 1 20 2 30 41 28 25 21 12 6 
student 420: 25 16 46 10 23 13 30 43 15 36 26 40 14 32 47 19 49 28 17 33 20 38 35 37 45 29 39 21 50 1 8 7 48 4 41 11 34 44 9 6 2 18 3 31 42 27 24 22 12 5 
student 421: 24 18 46 14 22 11 28 44 13 40 26 48 15 35 42 16 47 30 19 33 21 39 37 36 43 29 32 17 49 2 10 3 50 7 38 4 34 45 9 8 1 23 5 31 41 27 25 20 12 6 
student 422: 24 20 48 12 23 11 29 40 18 41 26 45 15 31 46 17 50 37 16 33 21 39 35 38 44 27 34 13 47 2 8 5 49 3 36 9 32 43 10 6 1 19 4 30 42 28 25 22 14 7 
student 423: 23 19 44 12 27 11 29 43 16 39 24 42 13 33 46 15 50 31 18 34 20 40 36 37 48 28 35 17 47 1 9 5 49 3 38 8 32 45 10 7 2 21 6 30 41 26 25 22 14 4 
student 424: 27 19 48 11 24 10 28 44 15 38 25 46 12 34 45 13 50 30 18 32 20 41 36 39 42 23 33 17 47 3 9 5 49 7 37 6 31 43 16 2 1 21 4 29 40 26 35 22 14 8 
student 425: 23 21 44 12 24 11 29 42 16 38 25 48 14 35 46 15 49 30 18 31 19 41 36 39 45 27 33 17 47 2 9 7 50 3 37 8 34 43 10 6 1 20 4 32 40 28 26 22 13 5 
student 426: 28 19 43 12 23 10 29 44 17 38 24 47 15 33 49 16 46 31 18 36 20 39 35 37 42 25 34 14 48 5 9 2 50 6 45 8 32 41 11 3 1 21 4 30 40 27 26 22 13 7 
student 427: 25 20 46 10 23 12 30 44 16 40 28 45 14 33 48 15 49 31 18 35 19 38 36 37 43 29 34 17 47 2 11 5 50 6 39 8 32 42 9 3 1 21 4 27 41 24 26 22 13 7 
student 428: 24 18 47 12 23 11 29 43 17 44 25 46 15 34 45 14 48 32 19 33 20 39 36 37 41 27 35 16 49 3 10 4 50 5 38 8 30 42 9 6 2 22 1 31 40 28 26 21 13 7 
student 429: 23 18 43 15 22 11 30 41 16 38 27 46 12 32 48 14 47 31 17 34 21 40 36 39 45 24 35 19 50 3 8 5 49 2 37 9 33 42 10 6 1 20 4 29 44 28 26 25 13 7 
student 430: 24 18 44 16 23 14 30 42 15 37 25 48 13 32 47 10 45 34 21 35 20 41 36 40 46 27 33 17 49 5 7 6 50 2 38 9 31 43 11 3 1 19 8 29 39 28 26 22 12 4 
student 431: 23 20 47 9 24 12 29 42 16 41 26 44 11 34 46 13 49 31 18 30 19 36 37 39 43 28 33 17 48 2 10 3 50 4 38 8 32 45 14 5 1 21 6 35 40 27 25 22 15 7 
student 432: 26 19 46 13 24 12 29 43 17 36 27 45 16 32 49 10 48 33 15 35 21 40 38 39 44 28 34 18 47 6 11 1 50 4 37 8 30 41 9 5 2 20 3 31 42 23 25 22 14 7 
student 433: 26 13 48 12 24 11 30 43 16 39 27 45 15 33 47 18 49 32 20 34 19 40 36 38 44 25 35 17 46 4 8 3 50 5 37 6 31 42 10 7 1 23 2 29 41 28 22 21 14 9 
student 434: 29 19 45 14 21 12 27 42 16 40 25 46 15 35 48 11 47 30 17 34 20 41 37 38 43 28 33 18 49 3 9 2 50 5 36 8 31 44 10 6 1 22 4 32 39 26 24 23 13 7 
student 435: 25 23 47 11 24 10 30 42 18 36 21 46 14 33 43 16 49 31 17 34 19 39 37 40 45 29 35 15 48 4 12 3 50 5 38 8 32 44 9 6 1 20 2 26 41 28 27 22 13 7 
student 436: 23 21 46 11 20 12 31 42 17 39 26 44 16 36 48 14 47 28 15 32 19 40 34 37 43 27 35 18 49 2 7 4 50 6 41 5 33 45 10 8 1 22 3 29 38 30 25 24 13 9 
student 437: 24 21 46 13 23 11 30 42 16 40 25 45 15 31 50 17 48 29 18 36 19 39 37 38 43 28 34 12 47 6 9 3 49 4 35 8 33 44 10 5 1 22 2 32 41 27 26 20 14 7 
student 438: 23 19 47 11 26 12 25 44 17 38 27 43 15 33 50 13 48 31 18 37 20 39 40 36 45 24 34 16 46 2 8 7 49 4 35 5 32 41 9 10 3 21 1 30 42 29 28 22 14 6 
student 439: 24 20 47 10 23 12 28 44 17 39 26 42 14 34 46 16 50 32 19 33 18 40 35 38 41 27 36 15 48 1 8 5 49 4 37 9 31 45 11 6 2 22 3 30 43 29 25 21 13 7 
student 440: 24 19 44 12 17 10 29 43 15 39 27 47 11 33 46 13 50 30 18 35 21 40 34 38 41 26 36 20 48 3 16 4 49 8 37 9 31 45 7 6 1 23 2 32 42 28 25 22 14 5 
student 441: 28 14 45 11 23 10 30 39 17 40 26 41 15 29 49 16 50 27 19 35 21 43 37 42 46 25 36 18 47 4 8 2 48 5 34 9 33 44 12 6 1 22 3 32 38 31 24 20 13 7 
student 442: 24 20 46 12 23 11 30 41 17 42 26 45 16 33 48 14 50 31 19 34 18 40 37 38 44 27 35 15 47 2 9 5 49 3 36 8 32 43 10 6 1 21 4 29 39 28 25 22 13 7 
student 443: 23 18 46 12 25 11 27 43 16 40 24 44 14 33 48 15 49 32 19 34 22 38 36 39 45 28 35 17 47 2 8 3 50 4 37 10 31 42 9 6 1 20 5 30 41 29 26 21 13 7 
student 444: 21 18 47 12 23 11 27 39 14 37 30 45 13 32 49 17 50 35 19 34 24 40 33 42 43 26 36 16 44 2 10 6 48 3 38 7 31 41 8 9 1 20 4 28 46 29 25 22 15 5 
student 445: 23 21 46 12 22 11 28 44 15 35 26 45 16 32 47 14 49 33 19 34 17 40 36 41 38 25 39 20 48 4 8 2 50 6 37 9 30 43 10 7 1 27 3 31 42 29 24 18 13 5 
student 446: 23 19 48 13 22 10 28 42 16 39 27 45 14 30 46 15 47 31 20 33 18 41 37 36 44 26 35 17 49 2 9 4 50 6 38 8 32 43 11 7 1 21 5 34 40 29 24 25 12 3 
student 447: 24 19 41 13 23 11 31 43 16 40 29 46 14 33 48 15 49 28 18 34 20 38 39 37 45 26 35 17 47 2 9 5 50 6 36 8 30 44 10 7 1 22 3 32 42 27 25 21 12 4 
student 448: 23 19 45 11 22 10 29 43 16 37 26 44 13 34 49 15 46 32 18 31 21 38 39 40 47 27 35 17 48 1 9 3 50 5 36 8 33 42 12 6 4 20 2 30 41 28 25 24 14 7 
student 449: 24 21 46 16 22 9 29 42 17 41 26 43 12 33 47 15 48 30 18 34 19 39 37 38 45 27 35 14 49 2 7 6 50 3 36 10 32 44 11 8 1 20 4 31 40 28 25 23 13 5 
student 450: 25 23 45 9 22 11 30 39 15 42 26 47 13 33 48 18 49 31 17 34 16 40 36 38 41 24 35 19 46 1 10 3 50 5 37 8 32 44 14 6 4 20 2 29 43 27 28 21 12 7 
student 451: 25 18 45 12 23 9 31 41 17 37 26 46 14 33 47 15 49 30 16 39 21 38 35 40 43 28 34 19 48 3 6 5 50 8 36 7 32 44 10 4 1 20 2 29 42 27 24 22 13 11 
student 452: 23 21 46 12 24 10 29 42 15 40 26 43 14 33 44 17 50 31 20 34 19 39 37 38 48 27 35 16 49 1 11 3 47 5 36 8 30 45 9 6 4 22 2 32 41 28 25 18 13 7 
student 453: 22 18 46 12 25 11 28 42 16 40 26 44 14 30 47 15 50 32 19 33 20 41 39 38 43 27 34 17 48 2 10 4 49 5 36 9 35 45 8 7 1 23 3 29 37 31 24 21 13 6 
student 454: 23 21 45 13 22 11 30 42 17 38 25 44 14 34 47 15 49 31 18 35 19 39 36 37 46 27 33 16 48 1 9 4 50 5 40 8 32 43 10 6 3 20 2 29 41 26 28 24 12 7 
student 455: 24 22 47 7 23 11 30 40 17 39 26 44 14 35 46 12 49 28 16 34 18 42 37 36 45 27 33 20 48 2 10 4 50 5 38 9 32 43 15 8 1 19 3 31 41 29 25 21 13 6 
student 456: 24 21 46 12 23 11 26 39 16 38 27 43 15 33 47 13 49 28 18 34 19 40 36 37 45 30 35 17 48 2 9 4 50 5 41 8 32 44 10 6 1 22 3 31 42 29 25 20 14 7 
student 457: 24 19 47 13 21 11 29 42 16 39 25 44 14 33 46 15 48 32 17 31 20 40 34 38 41 27 35 18 49 3 8 2 50 5 37 7 36 45 10 6 1 22 4 30 43 28 26 23 12 9 
student 458: 24 19 44 11 23 10 28 43 12 37 29 45 14 34 50 18 48 30 17 38 22 39 35 40 46 26 32 16 49 3 8 4 47 9 36 6 33 42 13 5 1 21 2 31 41 27 25 20 15 7 
student 459: 24 19 47 12 27 11 32 41 17 40 25 42 14 33 48 16 50 30 18 34 20 44 37 38 46 22 36 15 45 2 10 5 49 4 35 8 31 43 9 6 1 23 3 28 39 29 26 21 13 7 
student 460: 24 19 43 12 23 10 28 41 16 36 25 46 15 33 47 13 50 30 21 34 17 42 37 39 45 26 35 18 48 2 9 4 49 6 38 7 32 44 11 5 3 20 1 31 40 29 27 22 14 8 
student 461: 23 19 47 12 22 13 28 41 15 42 27 46 16 34 45 14 48 30 18 35 21 40 37 38 44 31 36 17 49 2 9 4 50 7 33 5 32 43 11 6 1 20 3 29 39 26 25 24 10 8 
student 462: 25 22 47 14 23 9 32 41 13 39 26 45 17 34 46 15 48 30 20 31 16 40 36 38 44 27 35 19 50 2 8 4 49 5 37 6 33 43 10 12 1 21 3 28 42 29 24 18 11 7 
student 463: 23 19 47 13 24 10 31 42 14 40 29 46 17 30 48 15 43 34 18 32 21 39 37 38 45 27 33 16 49 3 11 4 50 9 36 6 35 44 8 5 2 20 1 26 41 28 25 22 12 7 
student 464: 22 16 49 9 24 12 28 38 14 36 25 46 17 29 45 15 48 31 21 35 20 40 42 37 43 27 39 18 47 2 10 4 50 8 34 6 33 44 11 5 1 19 3 32 41 30 26 23 13 7 
student 465: 24 19 47 12 23 11 25 40 17 39 27 45 14 36 48 15 46 31 16 33 20 41 37 38 44 28 34 18 49 3 8 6 50 4 35 9 32 43 10 5 1 21 2 30 42 29 26 22 13 7 
student 466: 23 20 47 14 24 9 31 42 15 36 27 43 12 34 48 13 45 29 18 35 21 41 37 39 44 25 38 16 49 2 4 5 50 10 32 6 33 46 11 3 1 22 8 30 40 28 26 19 17 7 
student 467: 24 18 46 12 25 11 29 43 17 39 23 45 15 32 47 14 48 31 16 35 19 40 36 38 44 27 34 20 49 6 9 2 50 7 37 8 33 41 10 5 1 22 3 30 42 26 28 21 13 4 
student 468: 24 18 49 15 22 11 28 41 12 39 32 45 17 33 47 14 50 30 19 36 20 40 31 38 44 27 37 16 46 2 9 6 48 4 35 5 34 43 10 8 1 21 3 29 42 25 26 23 13 7 
student 469: 27 19 47 12 24 9 29 43 15 39 23 44 13 30 50 11 48 31 20 34 16 41 35 38 45 26 37 18 46 5 10 6 49 3 36 8 33 40 14 2 1 21 4 32 42 28 22 25 17 7 
student 470: 24 15 45 16 26 11 31 41 14 39 27 46 13 30 48 17 49 32 20 34 21 42 38 37 44 28 35 18 47 3 9 4 50 5 36 7 33 43 12 6 1 19 2 22 40 29 25 23 10 8 
student 471: 24 16 46 13 21 10 29 43 15 38 25 45 17 34 47 12 50 31 20 35 18 39 36 37 44 27 32 19 48 6 11 5 49 8 40 4 33 42 9 2 1 22 3 30 41 28 26 23 14 7 
student 472: 24 23 46 10 26 16 28 42 15 41 27 45 14 33 48 13 50 32 18 34 20 40 35 37 44 25 36 17 47 2 8 3 49 6 38 11 31 39 9 5 1 19 4 29 43 30 22 21 12 7 
student 473: 23 20 47 9 24 13 30 41 16 36 25 45 12 31 46 14 48 32 18 35 19 40 38 37 44 27 33 17 50 5 10 6 49 1 39 8 34 42 11 4 2 21 3 28 43 29 26 22 15 7 
student 474: 22 19 45 13 24 9 29 41 16 40 26 47 8 35 46 14 49 31 18 32 20 38 36 39 44 27 33 17 48 1 12 2 50 5 37 11 34 43 10 4 3 21 6 30 42 28 25 23 15 7 
student 475: 23 17 48 16 25 11 30 39 18 40 26 42 14 34 47 12 49 28 19 35 20 41 37 38 46 27 32 15 44 4 9 6 50 3 33 8 36 45 10 5 2 21 1 31 43 29 24 22 13 7 
student 476: 24 17 47 13 25 10 33 43 18 35 27 46 16 39 48 14 49 31 15 36 19 41 34 38 44 28 32 20 42 3 8 4 50 5 37 9 30 45 11 6 1 22 2 29 40 23 26 21 12 7 
student 477: 25 19 46 15 21 12 30 42 17 37 27 44 13 38 47 14 49 32 16 35 18 43 34 41 40 26 33 22 48 2 10 4 50 5 36 9 29 39 8 6 1 24 3 31 45 28 23 20 11 7 
student 478: 24 20 45 12 21 10 28 44 16 42 25 46 14 32 48 15 49 30 18 34 19 39 33 38 41 27 36 17 47 2 9 5 50 3 37 7 35 43 11 6 1 22 4 29 40 31 26 23 13 8 
student 479: 22 18 46 9 24 11 26 42 16 38 30 43 14 33 47 15 49 28 17 34 20 40 37 39 45 31 35 21 48 2 6 7 50 5 36 10 32 44 8 4 1 19 3 29 41 27 25 23 12 13 
student 480: 22 18 45 12 24 11 29 42 13 38 25 44 15 34 46 16 47 31 17 33 20 40 35 39 43 27 36 19 48 1 10 3 50 6 37 7 32 49 9 5 2 21 4 30 41 28 26 23 14 8 
student 481: 24 20 45 17 23 11 29 43 15 37 27 41 12 30 47 14 49 32 19 36 21 39 35 38 46 28 34 16 48 3 9 2 50 7 40 10 33 44 8 5 1 18 4 31 42 26 25 22 13 6 
student 482: 25 21 46 11 22 10 27 42 17 40 24 45 13 35 48 14 49 28 18 34 16 39 33 38 44 30 36 19 47 3 8 6 50 4 37 7 32 41 9 5 1 20 2 31 43 29 26 23 15 12 
student 483: 23 19 44 12 25 11 28 43 15 41 27 45 16 33 46 17 48 32 18 34 20 42 37 36 47 29 35 14 49 3 9 5 50 2 38 7 31 40 10 6 1 21 4 30 39 24 26 22 13 8 
student 484: 25 17 45 11 23 12 29 44 16 40 26 43 14 36 47 15 49 30 19 37 22 39 32 38 42 24 35 18 48 2 3 6 50 7 34 10 33 46 9 8 4 20 5 31 41 28 27 21 13 1 
student 485: 22 19 45 12 25 8 29 42 15 39 26 47 20 31 48 14 49 32 16 34 21 40 36 37 44 28 35 17 46 4 10 1 50 3 38 9 33 43 11 5 2 18 6 30 41 27 24 23 13 7 
student 486: 23 22 47 10 21 12 29 44 18 40 27 46 13 33 43 16 48 31 20 35 17 39 34 38 41 26 36 14 50 2 9 3 49 4 37 8 32 45 11 7 1 19 5 30 42 28 24 25 15 6 
student 487: 24 18 45 10 20 11 30 38 16 42 23 46 12 33 47 14 48 31 17 34 22 40 36 39 44 26 35 19 49 2 15 4 50 5 37 8 32 43 9 6 1 21 3 28 41 29 27 25 13 7 
student 488: 24 18 47 13 20 8 29 40 22 35 26 43 10 32 46 12 48 31 16 36 19 41 34 39 45 28 38 17 49 2 9 3 50 4 37 7 33 44 11 15 1 21 6 30 42 27 25 23 14 5 
student 489: 24 19 45 13 23 9 29 42 18 39 26 48 12 34 47 15 49 30 17 35 20 40 37 38 44 27 33 16 46 4 11 5 50 3 36 8 32 43 10 7 2 22 1 31 41 28 25 21 14 6 
student 490: 24 19 48 17 23 11 29 43 15 39 26 46 13 32 44 14 47 31 18 34 20 42 37 40 45 27 35 16 49 3 8 4 50 6 38 7 33 41 9 5 1 21 2 30 36 28 25 22 12 10 
student 491: 28 19 46 12 20 10 27 41 16 38 24 45 14 33 47 15 48 30 18 34 21 42 37 39 44 26 32 17 49 1 9 4 50 5 36 7 31 43 11 6 2 23 3 35 40 29 25 22 13 8 
student 492: 24 20 48 12 22 11 29 42 17 41 26 45 13 33 46 16 47 31 14 34 19 39 40 35 44 27 32 18 50 1 9 4 49 6 38 7 36 43 10 8 2 23 5 30 37 28 25 21 15 3 
student 493: 24 17 48 11 23 8 30 42 16 41 27 44 14 34 47 15 49 31 20 32 18 39 35 40 45 28 36 19 46 2 10 4 50 6 37 9 29 43 13 3 1 25 5 33 38 26 22 21 12 7 
student 494: 24 20 46 14 23 11 34 42 16 41 27 47 13 32 45 17 49 30 18 33 19 40 37 36 44 26 35 15 48 4 8 5 50 7 39 9 31 43 10 3 1 22 2 29 38 28 25 21 12 6 
student 495: 24 20 46 10 22 11 29 42 17 40 27 45 13 33 47 15 48 30 18 34 21 41 38 39 44 28 35 14 49 3 9 6 50 8 37 4 32 43 16 2 1 23 5 31 36 25 26 19 12 7 
student 496: 24 21 44 12 23 9 28 46 14 39 26 49 18 35 47 15 48 30 19 33 22 40 36 38 43 27 37 16 45 1 8 2 50 5 34 7 32 42 11 10 3 17 4 29 41 31 25 20 13 6 
student 497: 25 14 46 13 22 16 29 42 18 39 26 44 11 34 47 15 49 31 20 36 21 41 35 37 45 27 33 17 48 2 9 4 50 6 38 8 32 43 10 5 1 19 3 30 40 28 23 24 12 7 
student 498: 24 20 49 13 19 12 29 40 16 41 27 45 15 32 46 11 47 30 18 34 21 39 36 38 44 26 35 17 48 2 10 3 50 4 37 7 33 43 9 5 1 22 6 31 42 28 25 23 14 8 
student 499: 24 19 46 11 22 8 30 41 10 39 26 45 14 37 47 16 49 31 18 32 20 40 42 36 43 28 33 17 48 1 12 2 50 6 35 13 34 44 7 4 5 21 3 29 38 27 25 23 15 9 
