student 0: 2 49 31 14 5 1 28 36 15 27 3 23 9 39 46 17 12 10 22 20 37 47 44 18 35 30 24 19 38 7 29 13 21 11 41 50 25 26 43 45 32 48 34 6 40 8 4 42 16 33 
student 1: 2 47 29 14 6 1 26 35 13 31 3 21 8 42 45 22 7 11 18 27 41 50 43 17 34 24 20 16 38 12 30 19 23 9 39 49 25 28 46 44 32 48 36 5 37 10 4 40 15 33 
student 2: 3 46 32 16 9 1 28 34 14 27 2 22 7 42 47 19 10 8 21 18 41 45 43 20 35 29 25 15 38 11 30 13 23 12 40 49 26 24 48 44 33 50 37 4 36 6 5 39 17 31 
student 3: 4 49 28 16 9 1 27 34 13 29 2 26 5 43 44 18 12 8 23 20 39 47 42 21 33 32 19 17 40 10 31 15 24 11 37 50 22 25 46 45 30 48 35 3 38 7 6 41 14 36 
student 4: 5 50 28 17 3 2 30 35 13 27 1 22 4 39 46 18 10 6 21 19 44 48 41 20 34 31 25 15 38 11 29 14 23 12 43 47 26 24 45 40 32 42 37 7 36 9 8 49 16 33 
student 5: 5 49 31 15 7 3 28 39 14 27 1 22 4 38 45 19 11 9 21 20 41 47 42 18 34 29 23 16 36 10 32 13 24 12 40 50 25 26 48 44 33 46 35 2 37 8 6 43 17 30 
student 6: 2 50 30 14 7 3 27 34 15 26 1 23 9 40 43 18 12 8 22 16 39 48 46 20 33 28 24 17 37 10 36 11 25 13 38 49 19 29 44 47 31 45 35 4 41 6 5 42 21 32 
student 7: 6 49 30 18 3 1 32 35 14 25 2 24 8 43 47 19 10 9 21 20 41 42 44 16 33 27 22 15 37 12 31 13 23 11 39 48 26 28 45 46 29 50 36 4 38 7 5 40 17 34 
student 8: 4 50 31 17 5 1 28 37 14 25 2 22 7 43 44 16 10 9 21 18 41 46 42 20 35 29 23 19 38 12 32 13 24 11 40 49 26 27 47 45 33 48 30 3 36 8 6 39 15 34 
student 9: 7 49 31 20 4 1 28 39 13 26 2 21 6 41 46 16 9 14 18 17 40 48 44 22 37 30 23 15 36 8 29 12 24 11 38 50 25 27 45 43 32 47 34 3 35 10 5 42 19 33 
student 10: 7 50 29 14 10 3 28 35 12 30 2 20 5 41 47 19 9 11 21 23 40 49 43 18 33 26 22 16 39 8 31 15 25 13 38 48 24 27 45 44 34 46 37 1 36 6 4 42 17 32 
student 11: 3 49 32 14 7 1 25 38 17 21 2 24 8 40 47 18 12 10 23 19 42 48 43 20 33 30 22 15 39 5 31 13 26 11 37 50 29 27 46 44 34 45 35 4 36 9 6 41 16 28 
student 12: 3 49 29 14 6 1 28 34 13 26 2 21 7 44 45 19 11 8 22 17 39 47 42 20 33 31 24 16 38 10 32 15 23 12 40 50 25 27 46 43 30 48 36 5 37 9 4 41 18 35 
student 13: 3 48 31 15 7 2 26 39 14 28 1 22 10 42 45 18 12 8 23 19 38 47 43 21 35 27 25 16 37 9 34 13 20 11 40 50 29 24 49 44 30 46 33 5 36 6 4 41 17 32 
student 14: 3 48 35 15 9 1 26 32 14 30 2 23 6 41 45 17 13 12 20 19 40 47 42 21 33 31 24 16 39 11 28 10 27 8 38 49 25 22 46 44 29 50 36 5 37 7 4 43 18 34 
student 15: 1 48 30 15 4 2 26 34 14 28 3 23 7 41 46 17 13 11 21 19 42 45 43 20 33 29 24 18 35 10 36 9 22 12 37 50 25 27 47 44 31 49 38 5 39 8 6 40 16 32 
student 16: 4 48 30 15 2 1 28 35 14 27 3 23 8 43 50 18 12 9 20 19 40 46 42 21 33 29 24 17 37 10 32 11 22 13 38 49 26 25 45 44 34 47 39 5 36 7 6 41 16 31 
student 17: 2 50 31 16 5 1 28 36 12 27 6 24 4 43 42 17 10 9 21 20 40 48 44 19 34 29 22 14 38 13 33 15 25 11 39 49 23 26 46 45 30 47 35 3 37 8 7 41 18 32 
student 18: 2 49 28 14 7 4 29 33 13 27 1 21 9 42 43 19 12 8 20 22 39 48 45 18 35 31 23 16 36 11 34 15 26 10 37 50 24 25 44 46 32 47 40 5 38 6 3 41 17 30 
student 19: 2 47 28 17 6 4 30 36 13 27 1 22 7 43 46 20 11 9 21 19 40 49 42 16 34 29 23 15 37 10 31 14 24 12 39 50 25 26 44 45 32 48 35 5 38 8 3 41 18 33 
student 20: 3 49 30 15 7 1 26 36 14 29 2 21 5 41 47 18 11 10 19 20 40 48 42 22 32 28 23 17 39 6 31 12 24 13 37 50 27 25 44 45 34 46 35 4 38 9 8 43 16 33 
student 21: 2 48 30 13 6 4 29 35 21 26 5 22 7 42 45 17 12 9 24 18 40 49 43 19 33 28 20 15 38 10 31 14 23 11 39 50 25 27 46 44 32 47 36 1 37 8 3 41 16 34 
student 22: 4 49 31 16 9 1 28 34 14 26 2 21 3 43 44 15 10 11 22 20 41 48 42 19 35 30 24 18 38 7 32 13 23 12 39 50 25 27 46 45 29 47 37 6 36 5 8 40 17 33 
student 23: 3 48 30 15 6 2 28 38 14 27 1 17 7 40 47 19 11 8 24 20 42 49 45 23 37 29 21 16 36 9 33 13 25 12 39 50 22 26 44 43 31 46 34 4 35 10 5 41 18 32 
student 24: 3 46 32 16 5 1 28 31 19 27 2 22 6 43 45 15 12 9 18 20 40 48 42 21 36 29 23 13 38 11 33 14 24 8 37 50 26 25 47 44 34 49 35 4 39 10 7 41 17 30 
student 25: 3 47 31 16 6 1 28 35 12 27 2 22 8 41 45 15 13 9 18 21 39 50 43 20 34 29 23 19 37 11 30 14 24 10 40 49 25 26 46 48 32 44 36 4 38 7 5 42 17 33 
student 26: 3 48 31 16 5 1 30 35 10 26 2 19 7 43 45 17 12 9 23 18 39 46 41 22 34 29 21 15 40 11 33 13 24 14 38 50 25 28 49 44 32 47 36 4 37 8 6 42 20 27 
student 27: 3 49 33 16 6 1 29 36 12 28 2 18 7 41 44 19 11 9 20 22 45 47 42 21 32 27 23 14 35 10 34 13 25 15 38 50 24 26 48 43 30 46 37 4 40 8 5 39 17 31 
student 28: 4 50 31 15 6 2 26 35 14 28 1 24 8 44 45 19 10 9 22 18 41 47 42 20 32 29 21 16 38 11 30 13 23 12 39 48 27 25 49 43 33 46 37 3 36 7 5 40 17 34 
student 29: 2 46 30 18 5 4 31 35 16 27 1 22 7 42 45 19 11 9 21 15 40 49 44 20 36 28 23 14 38 10 33 13 26 12 39 50 24 25 47 43 34 48 32 3 37 8 6 41 17 29 
student 30: 3 48 30 16 4 1 25 36 15 28 2 22 6 42 46 17 10 8 19 18 39 47 43 21 34 29 23 14 37 12 32 13 26 11 38 49 24 27 50 45 31 44 35 5 41 9 7 40 20 33 
student 31: 2 50 25 16 5 1 29 36 10 28 4 21 6 42 46 15 9 7 26 17 40 47 41 20 34 30 27 19 35 12 31 14 23 13 39 49 24 22 48 44 33 45 38 3 37 8 11 43 18 32 
student 32: 3 50 26 17 6 1 29 35 16 28 2 22 10 42 43 18 12 7 21 19 41 48 44 20 34 31 24 14 38 11 32 9 25 13 39 47 23 27 49 45 33 46 37 4 36 8 5 40 15 30 
student 33: 7 49 30 12 6 1 27 35 10 28 2 21 5 42 43 19 13 11 23 18 45 48 38 22 34 29 20 16 36 14 32 9 26 15 40 50 24 25 46 44 33 47 39 3 37 8 4 41 17 31 
student 34: 1 49 29 16 6 2 26 35 12 28 4 22 5 36 45 20 11 10 21 19 43 48 44 18 34 31 23 14 41 9 30 15 24 13 38 50 25 27 47 42 32 46 37 3 39 8 7 40 17 33 
student 35: 6 47 27 14 8 4 28 35 16 26 1 21 5 43 45 17 12 10 23 18 39 49 42 20 33 29 19 15 38 9 31 11 24 13 40 50 25 30 46 44 34 48 37 3 36 7 2 41 22 32 
student 36: 2 49 31 17 4 3 27 34 15 26 1 20 7 42 45 18 11 10 24 19 41 47 43 21 35 23 22 16 38 12 30 14 25 13 37 50 28 29 46 44 32 48 36 5 39 8 6 40 9 33 
student 37: 2 49 32 17 6 1 28 35 14 29 3 22 7 43 44 16 9 10 20 18 42 47 40 15 38 26 23 19 37 11 30 13 25 12 39 50 24 27 45 48 34 46 33 4 36 8 5 41 21 31 
student 38: 3 50 31 12 6 1 29 34 16 27 4 22 8 41 43 19 10 14 20 18 39 48 42 21 35 30 25 15 38 13 32 11 23 9 40 49 24 26 46 45 33 47 37 2 36 7 5 44 17 28 
student 39: 3 47 28 15 7 1 31 35 14 25 6 24 9 43 45 19 11 10 17 20 39 46 42 21 34 26 23 18 36 8 30 12 22 13 41 49 27 29 48 44 33 50 37 2 38 5 4 40 16 32 
student 40: 4 49 34 14 7 2 24 36 15 27 3 21 8 43 45 18 11 5 22 20 39 47 42 19 35 29 25 17 40 10 30 13 23 12 33 50 26 28 48 44 31 46 37 1 38 9 6 41 16 32 
student 41: 5 49 30 8 4 1 26 34 16 27 2 18 7 41 46 20 13 10 19 21 39 48 43 24 38 29 22 14 40 12 31 11 23 17 37 50 25 28 44 45 33 47 35 6 36 9 3 42 15 32 
student 42: 4 49 31 13 6 1 27 36 10 28 3 22 8 41 47 17 9 11 21 20 38 48 42 18 33 30 23 16 39 14 32 15 24 12 40 50 25 26 46 43 35 45 34 5 37 7 2 44 19 29 
student 43: 5 49 29 15 2 1 28 36 14 24 4 23 8 42 45 18 11 9 21 19 41 48 43 20 34 27 22 16 40 10 31 13 30 12 38 50 26 25 46 44 32 47 37 3 35 7 6 39 17 33 
student 44: 1 47 31 15 5 2 28 30 12 27 3 22 6 42 45 21 11 7 20 18 37 49 43 19 34 29 25 17 38 9 33 13 23 14 40 50 24 26 44 46 35 48 39 4 32 8 10 41 16 36 
student 45: 5 49 31 19 6 1 29 34 15 28 2 22 3 42 44 18 11 9 21 16 39 48 45 20 35 26 23 14 38 10 30 12 24 13 36 50 27 25 46 43 33 47 37 4 40 7 8 41 17 32 
student 46: 6 49 25 16 2 3 28 35 14 32 5 23 8 43 41 18 13 9 21 17 40 47 44 20 34 29 22 15 37 11 33 12 24 10 39 50 26 27 45 46 30 48 36 4 38 7 1 42 19 31 
student 47: 4 48 29 16 5 1 27 37 14 28 3 22 9 42 46 18 11 10 21 19 40 44 43 20 34 30 25 15 38 8 31 12 23 13 39 50 26 24 47 45 32 49 35 2 36 7 6 41 17 33 
student 48: 1 49 27 11 5 3 29 35 18 28 2 22 7 41 46 17 13 9 21 19 39 45 43 20 33 32 23 15 38 10 30 14 25 12 37 50 24 26 47 44 34 48 36 4 40 8 6 42 16 31 
student 49: 4 50 29 14 7 1 28 36 12 26 2 17 9 40 43 20 8 10 22 18 42 47 44 21 33 38 23 19 34 11 31 15 25 13 41 49 24 27 48 46 30 45 32 3 37 6 5 39 16 35 
student 50: 5 47 31 17 7 1 28 34 14 27 2 22 6 41 44 19 10 8 20 15 42 50 43 21 39 30 25 16 35 12 29 9 23 11 37 49 26 24 45 46 32 48 36 3 38 13 4 40 18 33 
student 51: 5 49 35 17 6 1 28 34 16 24 2 25 8 39 45 18 13 9 23 19 40 48 42 22 33 30 20 15 38 10 29 14 21 7 41 50 27 26 46 44 31 47 37 3 36 11 4 43 12 32 
student 52: 4 48 29 14 10 1 28 34 17 26 2 27 7 42 44 16 9 8 21 20 40 50 41 19 35 33 24 18 39 13 32 12 25 11 37 49 22 23 47 43 31 46 38 3 36 5 6 45 15 30 
student 53: 3 48 29 14 6 1 30 35 12 28 2 21 7 41 46 16 11 10 22 17 39 47 44 20 34 27 24 15 38 8 32 13 23 18 40 49 26 25 50 43 33 45 36 4 37 9 5 42 19 31 
student 54: 4 50 31 14 5 1 28 35 15 26 2 23 7 44 47 19 11 10 21 18 39 48 42 20 33 29 24 17 38 8 30 13 22 12 37 49 25 27 46 45 32 43 36 3 34 9 6 41 16 40 
student 55: 2 49 31 15 5 1 25 35 9 28 3 23 7 42 45 18 14 10 21 19 40 48 44 20 34 29 22 16 39 12 30 13 24 11 36 50 27 26 47 43 32 46 38 4 37 8 6 41 17 33 
student 56: 3 50 29 15 5 1 25 32 14 27 2 22 8 42 45 18 13 6 21 19 41 48 43 20 35 31 23 16 37 9 30 12 24 10 39 49 26 28 46 44 33 47 34 4 36 11 7 38 17 40 
student 57: 6 48 29 16 8 3 28 37 15 24 1 27 7 40 46 20 14 10 22 18 39 49 43 19 34 31 21 13 35 9 30 12 26 11 41 50 23 25 45 44 33 47 36 5 38 4 2 42 17 32 
student 58: 4 49 30 19 5 2 29 34 16 27 1 23 7 44 46 17 13 8 22 20 40 47 42 18 37 25 21 14 36 10 33 12 26 11 39 50 24 28 43 45 31 48 35 6 38 9 3 41 15 32 
student 59: 2 50 30 14 6 1 28 34 11 25 4 22 7 41 45 19 13 10 21 20 40 47 43 15 36 29 27 17 38 9 31 16 24 12 39 48 23 26 46 44 32 49 35 3 37 8 5 42 18 33 
student 60: 4 50 26 11 6 2 31 34 13 27 3 21 5 42 46 16 10 7 25 20 39 48 45 17 36 30 22 18 40 9 29 15 23 14 38 49 24 28 43 44 33 47 37 1 35 8 12 41 19 32 
student 61: 4 50 29 14 7 1 27 31 16 25 2 23 6 41 46 15 13 8 22 18 40 47 44 20 35 32 24 17 37 12 30 10 21 11 39 49 26 28 45 43 33 48 38 5 36 9 3 42 19 34 
student 62: 4 48 28 14 8 3 25 34 15 29 1 21 7 41 45 19 13 9 24 20 39 47 43 17 33 31 22 18 38 11 35 12 23 10 42 49 26 27 50 44 30 46 36 2 37 6 5 40 16 32 
student 63: 2 49 31 12 5 1 28 35 15 26 3 20 8 41 46 17 10 13 21 19 40 48 44 22 34 29 24 16 39 9 30 14 23 11 37 43 27 25 47 45 32 50 38 4 36 7 6 42 18 33 
student 64: 3 49 28 15 7 1 25 34 13 30 2 23 8 45 48 21 14 9 20 19 43 44 38 18 36 29 22 16 39 12 31 11 24 10 41 50 26 27 47 42 32 46 35 4 37 6 5 40 17 33 
student 65: 3 50 32 12 7 1 29 35 14 28 2 23 5 42 44 17 11 9 21 20 40 49 46 19 34 24 22 15 38 10 30 18 25 13 39 48 26 27 45 41 31 47 36 4 37 8 6 43 16 33 
student 66: 4 50 25 14 5 1 27 35 16 28 3 22 9 41 44 18 11 8 24 19 42 49 46 21 38 29 30 17 34 13 33 12 20 10 40 47 23 26 45 43 31 48 36 6 39 2 7 37 15 32 
student 67: 4 49 34 17 6 1 28 33 15 27 2 19 7 43 46 21 11 8 22 18 40 48 44 20 37 30 24 14 39 10 29 13 25 12 36 50 23 26 47 42 32 45 35 3 38 9 5 41 16 31 
student 68: 6 50 28 16 2 1 29 36 12 26 4 23 5 40 45 18 10 7 20 19 41 47 43 22 31 30 21 13 37 9 34 14 27 11 39 48 24 25 46 44 32 49 35 3 38 15 8 42 17 33 
student 69: 3 50 28 15 5 2 26 35 13 29 1 22 9 40 45 17 11 8 19 20 39 47 43 21 33 30 23 16 38 7 34 14 24 12 41 49 25 27 46 44 31 48 37 4 36 10 6 42 18 32 
student 70: 4 49 30 14 6 2 27 34 15 26 3 22 11 44 43 18 10 9 20 19 40 48 42 21 32 29 23 17 36 8 31 12 28 13 39 50 24 25 46 45 35 47 37 1 38 7 5 41 16 33 
student 71: 2 50 29 14 6 9 30 36 15 25 1 22 11 41 47 17 10 8 21 19 42 46 45 20 32 27 24 18 39 7 34 13 23 12 38 48 28 26 43 44 31 49 35 3 37 5 4 40 16 33 
student 72: 1 47 32 18 7 2 27 35 14 30 5 21 4 43 45 20 11 9 17 19 40 48 42 23 34 28 24 15 38 10 33 13 22 12 39 50 25 26 46 44 29 49 37 3 36 8 6 41 16 31 
student 73: 4 49 30 16 5 1 29 35 14 27 3 22 6 42 47 19 12 9 20 18 40 48 43 21 33 26 24 15 38 10 32 11 23 13 39 50 28 25 46 44 31 45 36 8 37 7 2 41 17 34 
student 74: 3 49 28 14 7 1 31 35 18 27 2 22 5 44 45 19 10 11 20 17 40 47 41 23 29 32 25 15 38 9 30 12 21 13 39 48 24 26 46 43 34 50 37 4 36 8 6 42 16 33 
student 75: 9 48 32 15 4 1 29 33 14 25 2 19 8 41 47 18 10 5 22 20 38 49 44 21 39 31 23 11 37 7 27 17 24 13 43 50 26 28 45 42 30 46 35 3 36 12 6 40 16 34 
student 76: 4 47 30 15 6 2 29 35 13 26 1 23 3 42 40 18 11 10 22 19 41 50 48 20 34 28 21 16 37 9 31 14 24 12 43 49 25 27 45 44 33 46 39 5 36 7 8 38 17 32 
student 77: 2 48 29 14 8 1 28 35 17 26 4 23 6 41 49 15 10 11 21 19 40 47 45 20 33 30 22 16 37 9 32 13 24 12 36 50 27 25 46 42 31 43 38 3 39 7 5 44 18 34 
student 78: 3 48 30 16 9 1 29 36 14 26 2 23 6 42 43 18 12 8 21 20 37 49 44 19 34 28 22 17 35 7 32 11 24 13 40 50 25 27 46 45 31 47 38 4 39 10 5 41 15 33 
student 79: 4 50 33 12 6 1 28 36 16 27 3 24 7 43 44 17 9 10 23 22 40 48 42 19 35 31 20 14 38 11 30 15 25 13 37 49 21 26 46 45 29 47 34 2 39 8 5 41 18 32 
student 80: 2 49 30 15 6 3 28 36 14 26 1 22 7 41 45 21 11 9 20 18 40 48 43 19 34 29 25 17 39 10 31 13 24 12 38 50 23 27 46 44 33 47 35 4 37 8 5 42 16 32 
student 81: 2 48 32 14 3 1 28 34 15 26 7 22 4 40 45 18 13 9 21 20 39 46 43 19 33 29 23 16 38 8 30 12 24 11 41 49 25 27 50 44 31 47 37 5 36 10 6 42 17 35 
student 82: 2 50 29 15 6 1 25 34 14 32 5 27 7 42 45 18 11 9 21 19 40 49 44 20 35 28 22 16 38 10 31 12 26 13 39 48 24 23 47 43 30 46 37 3 36 8 4 41 17 33 
student 83: 2 49 30 15 7 1 29 36 12 26 3 21 5 41 43 19 8 14 23 18 40 48 44 20 35 27 22 16 38 10 33 11 24 13 39 50 25 28 46 45 31 47 37 4 34 9 6 42 17 32 
student 84: 6 49 28 12 4 1 30 36 14 24 2 22 5 43 45 19 10 8 17 16 41 50 42 21 33 29 23 18 38 11 31 15 25 13 39 48 26 27 47 44 34 46 35 3 37 9 7 40 20 32 
student 85: 4 50 29 17 5 2 27 33 14 28 1 21 13 40 44 18 12 10 20 19 41 48 42 22 31 30 25 16 39 8 35 11 23 9 43 49 24 26 47 45 32 46 36 3 37 7 6 38 15 34 
student 86: 2 49 31 15 7 4 28 30 14 25 1 22 8 42 46 17 11 5 19 20 40 48 43 21 35 29 23 16 41 10 32 13 24 12 37 50 26 27 45 44 33 47 36 3 38 9 6 39 18 34 
student 87: 3 49 30 14 7 2 29 37 16 28 1 24 6 44 45 17 11 9 22 19 40 48 42 21 34 26 20 15 38 10 31 13 23 12 39 50 25 27 46 43 33 47 35 5 36 8 4 41 18 32 
student 88: 1 49 30 14 6 2 29 36 15 27 7 20 3 42 46 18 10 11 22 19 40 47 43 21 34 28 24 17 39 9 32 13 25 12 38 50 26 23 45 44 33 48 37 4 35 8 5 41 16 31 
student 89: 3 49 27 15 7 2 26 34 18 29 1 21 8 44 45 14 4 9 20 19 38 48 42 22 33 31 25 13 39 12 30 16 23 11 40 50 28 24 43 46 37 47 36 6 35 10 5 41 17 32 
student 90: 4 47 28 15 7 1 26 38 13 27 3 22 8 42 44 19 10 5 21 18 40 46 43 20 34 30 23 16 36 9 32 14 24 12 39 49 29 25 48 50 31 45 35 6 33 11 2 41 17 37 
student 91: 1 50 29 15 5 3 27 33 19 28 2 22 6 41 42 17 12 9 20 18 39 49 44 21 34 30 23 16 40 10 31 14 25 11 38 47 24 26 48 45 32 43 37 4 36 8 7 46 13 35 
student 92: 7 49 26 16 4 1 29 37 15 28 3 21 8 41 45 18 6 11 20 23 39 48 40 19 34 31 24 14 38 9 30 13 22 12 42 50 25 27 46 44 33 47 36 2 32 10 5 43 17 35 
student 93: 3 49 32 15 6 1 28 35 12 25 2 24 10 45 43 16 9 8 23 19 42 48 40 20 34 31 21 17 38 13 29 11 22 14 39 50 26 27 46 44 33 47 36 4 37 7 5 41 18 30 
student 94: 2 50 29 11 6 3 35 32 15 28 1 22 7 42 47 16 14 9 21 18 40 48 43 19 31 24 25 13 38 10 36 20 23 12 39 44 27 26 46 45 30 49 34 4 37 8 5 41 17 33 
student 95: 4 49 30 15 6 3 28 36 17 27 1 23 9 39 43 16 13 8 18 19 41 46 42 22 34 29 24 12 38 10 31 14 21 11 40 50 25 26 45 47 33 48 35 2 37 5 7 44 20 32 
student 96: 4 48 29 17 6 2 31 34 14 30 1 20 9 43 42 21 8 10 22 18 40 50 44 19 33 25 23 15 35 11 32 13 26 12 39 49 24 27 45 47 28 46 37 3 38 7 5 41 16 36 
student 97: 1 50 29 15 3 2 30 34 12 27 4 20 6 43 45 22 10 9 23 17 42 49 40 19 35 28 21 16 38 11 32 14 24 13 39 48 25 26 46 44 31 47 36 7 37 8 5 41 18 33 
student 98: 3 47 32 14 4 1 26 34 17 27 2 23 7 41 44 19 12 9 21 18 39 49 40 20 35 28 22 13 38 10 33 16 25 11 42 50 24 30 46 43 29 48 36 5 37 8 6 45 15 31 
student 99: 3 49 31 13 4 2 24 36 15 26 1 20 6 41 44 19 12 8 22 18 43 45 46 21 33 30 28 16 38 10 29 14 25 11 37 50 27 23 48 42 32 47 34 5 39 9 7 40 17 35 
student 100: 7 49 28 17 5 1 32 35 15 27 2 23 8 38 45 20 10 11 16 22 40 48 42 19 29 26 25 13 36 6 31 12 21 14 37 50 24 30 47 44 33 46 39 4 43 9 3 41 18 34 
student 101: 4 46 31 17 6 2 28 36 14 26 1 21 10 44 47 20 12 7 22 19 39 45 42 18 34 30 23 16 38 9 29 11 25 13 40 50 24 27 48 43 32 49 37 5 35 8 3 41 15 33 
student 102: 4 48 33 16 6 1 29 36 14 21 2 20 9 42 46 18 12 8 23 19 39 47 43 22 35 28 24 15 38 10 31 11 27 13 41 49 25 26 45 44 34 50 32 3 40 7 5 37 17 30 
student 103: 3 50 31 16 7 1 28 39 14 26 2 21 8 45 43 19 11 9 20 18 38 48 42 23 33 27 24 17 40 10 29 13 22 12 37 49 30 25 46 44 32 47 34 4 36 6 5 41 15 35 
student 104: 3 49 30 13 5 1 29 36 14 28 2 22 6 39 43 19 11 8 21 18 42 48 44 20 34 27 26 16 40 10 33 12 23 15 41 50 24 25 45 46 31 47 35 4 37 7 9 38 17 32 
student 105: 1 49 29 14 4 3 32 34 13 26 7 22 8 43 44 19 12 9 21 20 36 47 40 18 35 27 28 15 41 10 30 11 24 16 39 50 23 25 45 46 31 48 38 5 37 6 2 42 17 33 
student 106: 3 49 30 14 7 1 26 34 13 28 2 27 5 43 45 18 12 10 21 19 39 48 42 20 31 32 23 15 36 6 29 16 22 11 41 50 25 24 46 44 33 47 38 4 37 9 8 40 17 35 
student 107: 5 50 30 14 6 2 26 36 17 28 1 22 3 40 45 19 13 8 16 20 39 47 42 21 35 29 23 15 38 10 31 12 24 11 44 49 25 27 46 43 32 48 34 4 37 7 9 41 18 33 
student 108: 2 47 31 10 7 1 30 29 13 28 6 22 8 42 46 19 16 11 24 23 41 49 44 15 34 26 21 17 39 12 32 14 25 5 36 50 20 27 43 45 33 48 37 4 35 9 3 40 18 38 
student 109: 3 49 29 16 9 1 31 37 8 27 2 22 7 41 44 18 14 10 21 19 43 47 42 20 35 28 23 12 36 11 30 15 24 13 38 48 25 26 45 46 32 50 39 4 33 6 5 40 17 34 
student 110: 3 48 30 16 7 1 29 37 14 24 2 19 5 44 45 18 10 9 22 17 42 47 39 21 32 27 28 20 38 11 31 13 23 12 40 50 25 26 46 43 35 49 33 4 36 8 6 41 15 34 
student 111: 3 50 31 16 5 1 27 35 14 29 2 19 6 42 46 17 12 8 22 26 41 49 43 20 33 28 21 15 37 10 32 11 23 13 39 47 25 24 45 44 30 48 36 4 38 7 9 40 18 34 
student 112: 3 48 30 17 5 2 31 33 15 29 1 21 7 43 46 13 12 10 20 18 41 49 44 19 36 34 23 16 38 9 27 14 24 11 39 50 25 26 45 42 32 47 35 4 37 8 6 40 22 28 
student 113: 3 47 26 16 5 1 29 34 11 27 4 24 6 43 42 18 12 8 20 19 41 50 45 22 35 30 21 15 38 10 31 14 23 13 40 46 25 28 44 48 33 49 36 7 37 9 2 39 17 32 
student 114: 1 48 32 14 7 2 28 38 13 27 3 22 6 44 45 18 12 9 21 20 39 49 42 17 34 30 23 16 35 11 29 15 24 10 40 50 26 25 47 43 31 46 36 4 37 8 5 41 19 33 
student 115: 4 48 27 14 5 1 28 35 13 26 2 24 7 36 43 20 11 9 19 18 41 46 44 21 32 30 23 16 40 10 38 12 25 17 37 50 22 29 47 42 31 49 34 6 39 8 3 45 15 33 
student 116: 2 48 29 9 5 1 26 32 15 27 4 23 7 39 43 21 13 11 20 17 41 49 45 19 34 30 22 12 37 8 33 14 24 16 40 50 25 28 46 42 31 47 38 3 36 10 6 44 18 35 
student 117: 3 49 29 16 4 2 27 38 15 24 5 20 7 43 45 18 11 8 22 19 40 48 42 23 34 28 21 14 37 10 33 13 25 12 39 50 32 26 46 44 30 47 35 1 36 9 6 41 17 31 
student 118: 4 49 33 15 6 2 29 36 14 27 1 21 8 40 44 18 11 10 22 19 42 50 43 20 34 28 23 16 39 12 31 13 24 9 38 47 26 25 48 45 30 46 35 5 37 7 3 41 17 32 
student 119: 5 50 31 18 8 4 29 35 14 24 1 23 6 39 47 17 11 9 19 20 42 46 41 21 34 28 22 16 37 10 32 13 25 12 40 48 26 27 45 43 33 49 38 2 36 7 3 44 15 30 
student 120: 1 49 28 17 9 2 30 38 14 26 4 23 5 43 45 22 10 7 16 19 42 48 41 18 31 29 21 15 34 11 32 13 25 12 37 50 24 27 46 44 33 47 39 3 36 8 6 40 20 35 
student 121: 4 50 32 18 6 2 26 33 13 29 1 21 7 44 45 19 10 8 20 17 43 47 41 30 34 27 23 14 38 11 28 16 24 12 39 49 22 25 46 42 31 48 37 3 35 9 5 40 15 36 
student 122: 3 50 28 14 5 1 29 35 15 26 2 22 10 41 43 21 13 9 20 19 40 47 45 18 36 30 23 16 37 12 31 11 25 7 44 49 24 27 46 42 33 48 38 4 34 8 6 39 17 32 
student 123: 2 48 31 11 5 1 26 39 14 28 4 20 6 43 47 16 12 10 21 17 38 49 42 23 36 29 22 18 41 9 30 15 24 13 35 50 25 27 45 44 32 46 34 3 37 7 8 40 19 33 
student 124: 4 47 33 19 5 1 27 36 16 28 2 23 13 42 46 17 12 10 18 20 40 44 43 22 32 29 21 15 39 8 30 9 24 14 38 50 25 26 48 45 34 49 35 3 37 6 7 41 11 31 
student 125: 2 48 32 13 7 4 29 36 14 28 1 23 6 42 39 18 10 9 21 20 41 49 45 19 34 27 22 16 38 12 30 15 24 11 40 50 25 26 46 44 31 47 37 5 35 8 3 43 17 33 
student 126: 6 50 29 17 5 1 27 35 13 26 2 20 8 43 48 19 10 12 21 30 40 47 44 18 33 28 22 15 37 11 31 14 23 7 39 49 25 24 42 45 34 46 36 3 38 4 9 41 16 32 
student 127: 2 48 31 17 8 1 28 36 16 27 6 22 5 44 43 18 10 9 20 19 40 49 45 21 34 29 24 15 39 11 30 14 23 13 38 50 25 26 46 42 32 47 35 3 37 7 4 41 12 33 
student 128: 2 45 34 16 7 1 29 33 10 28 3 22 6 42 50 17 12 8 23 19 39 46 43 20 36 27 25 18 44 11 31 13 26 15 37 48 21 24 47 38 32 49 40 4 35 9 5 41 14 30 
student 129: 2 49 33 14 4 1 28 34 13 26 3 21 8 42 44 17 11 9 22 19 41 47 46 20 32 29 24 15 37 10 30 16 23 12 39 50 25 27 45 43 36 48 35 5 38 6 7 40 18 31 
student 130: 3 47 32 15 8 1 31 35 14 28 2 22 7 43 42 18 9 10 21 20 37 45 48 19 30 24 23 16 39 13 29 11 25 12 40 50 26 27 46 41 33 49 36 5 38 6 4 44 17 34 
student 131: 3 48 30 15 5 1 27 38 11 28 8 22 6 41 44 17 10 12 20 21 40 49 45 19 34 29 23 16 37 9 32 14 25 13 42 50 24 26 46 39 33 47 35 4 36 7 2 43 18 31 
student 132: 4 50 30 19 7 2 27 35 12 28 1 21 6 37 45 16 11 8 20 18 43 48 41 22 34 29 25 15 40 10 32 17 23 13 42 49 24 26 47 44 31 46 36 3 39 9 5 38 14 33 
student 133: 2 48 33 16 4 1 21 34 14 28 5 25 7 44 42 20 13 9 22 19 40 49 41 15 31 30 24 10 39 8 26 11 27 17 37 50 23 29 46 45 32 47 35 3 38 12 6 43 18 36 
student 134: 5 49 29 15 2 1 28 35 14 30 4 21 7 42 45 19 12 8 22 16 41 48 43 20 34 27 23 13 37 10 32 17 24 11 39 50 25 26 47 46 31 44 38 3 36 9 6 40 18 33 
student 135: 3 48 29 14 7 1 27 34 15 25 2 23 8 41 45 21 10 9 17 20 37 47 44 22 36 30 19 16 39 11 32 13 24 12 42 50 26 28 46 43 31 49 33 6 38 5 4 40 18 35 
student 136: 3 47 30 15 7 2 28 31 17 24 1 21 5 41 43 18 10 13 20 19 40 50 44 12 35 29 25 16 38 11 32 9 22 14 39 49 27 26 46 45 33 48 36 4 37 8 6 42 23 34 
student 137: 6 49 31 16 7 2 28 36 15 27 1 23 4 41 45 14 11 9 21 18 42 48 43 19 30 29 25 17 37 8 32 13 22 12 39 50 24 26 47 44 33 46 35 5 40 10 3 38 20 34 
student 138: 3 49 31 14 6 1 27 35 12 26 2 24 7 42 45 18 13 9 20 19 37 47 44 22 36 30 23 17 32 10 34 11 21 15 40 50 25 28 46 41 29 48 39 5 38 8 4 43 16 33 
student 139: 2 48 27 14 5 1 29 36 15 24 3 22 6 41 45 18 11 8 19 21 40 49 43 20 34 32 23 17 38 10 31 13 25 12 39 50 26 28 46 44 30 47 35 4 37 7 9 42 16 33 
student 140: 8 47 28 15 9 1 29 34 13 27 2 22 6 41 49 20 12 7 21 17 40 48 42 19 37 30 24 16 39 10 31 14 23 11 36 50 26 25 45 46 32 43 35 3 38 5 4 44 18 33 
student 141: 3 50 30 15 8 1 28 35 13 26 2 22 7 42 46 19 11 9 21 20 40 48 43 16 33 29 23 18 38 10 34 17 24 12 39 49 27 25 47 45 31 44 37 5 36 4 6 41 14 32 
student 142: 2 50 33 15 5 9 27 35 14 26 1 21 6 37 46 18 10 11 20 16 41 43 44 22 34 28 25 19 40 8 32 13 23 12 39 49 24 29 47 45 31 48 38 3 36 7 4 42 17 30 
student 143: 4 49 30 17 6 1 28 38 9 27 2 23 7 42 44 18 13 11 21 19 41 47 43 22 32 29 24 16 37 10 31 12 20 15 40 48 26 25 46 45 34 50 35 3 36 8 5 39 14 33 
student 144: 1 49 30 17 5 4 31 37 13 27 2 22 7 42 45 18 9 8 21 20 40 48 44 19 35 28 23 14 39 11 29 15 24 12 38 50 25 26 47 43 32 46 36 6 34 10 3 41 16 33 
student 145: 3 49 28 15 5 1 27 35 13 29 2 23 6 47 46 20 10 9 18 19 42 48 41 21 34 30 24 16 36 11 31 12 22 14 38 50 25 26 45 43 32 44 37 4 40 7 8 39 17 33 
student 146: 4 49 31 10 6 2 28 36 14 26 1 24 7 45 43 19 8 11 22 16 37 48 42 20 35 29 27 17 38 13 33 12 23 15 40 50 21 25 46 44 30 47 34 3 41 9 5 39 18 32 
student 147: 3 50 31 14 5 1 29 37 11 26 2 23 8 49 45 19 13 12 20 17 41 47 43 22 36 28 24 18 38 10 30 16 21 6 40 48 25 27 44 39 34 46 33 4 35 9 7 42 15 32 
student 148: 6 49 27 15 3 1 30 33 14 28 2 21 5 40 44 18 11 10 20 19 42 48 43 22 36 31 23 16 39 8 29 13 24 12 37 50 26 25 47 41 32 46 38 7 34 9 4 45 17 35 
student 149: 6 50 30 15 7 1 29 32 13 25 2 22 9 44 45 18 12 5 21 19 40 48 42 20 39 31 24 16 35 8 27 14 23 11 38 49 26 28 46 43 33 47 36 4 37 10 3 41 17 34 
student 150: 1 48 30 14 6 2 29 35 15 28 4 22 7 41 44 20 12 10 18 19 40 45 42 21 33 27 23 17 39 11 31 8 26 13 38 50 25 24 47 43 34 49 37 3 36 9 5 46 16 32 
student 151: 2 49 30 13 6 4 29 37 15 27 1 21 8 43 45 18 11 7 22 20 41 46 42 19 34 24 28 16 38 10 31 14 23 12 39 50 25 26 47 44 32 48 36 5 35 9 3 40 17 33 
student 152: 3 47 28 15 6 1 33 32 12 24 2 23 9 43 48 18 10 13 20 21 40 49 37 19 38 29 27 16 35 8 30 14 22 11 36 50 26 25 44 42 31 46 39 5 45 7 4 41 17 34 
student 153: 3 50 29 15 5 2 27 35 10 28 1 20 7 43 41 18 9 13 22 21 39 48 44 19 34 30 24 12 42 14 31 11 23 16 38 49 26 25 46 45 32 47 36 6 37 8 4 40 17 33 
student 154: 5 50 33 16 6 2 30 35 12 27 1 21 7 44 47 18 11 10 23 19 41 46 39 20 34 31 24 17 38 13 28 14 22 9 40 49 29 25 48 42 26 45 36 3 37 8 4 43 15 32 
student 155: 1 49 30 15 7 6 27 37 14 28 2 18 5 41 45 17 11 8 22 16 40 48 44 20 34 29 24 19 36 12 33 13 23 10 32 50 25 26 46 43 35 47 39 3 38 9 4 42 21 31 
student 156: 3 49 29 17 4 2 28 34 15 26 1 22 7 43 44 20 12 9 21 16 39 48 46 19 33 31 23 14 38 10 32 13 24 11 40 50 25 27 47 42 36 45 37 5 35 6 8 41 18 30 
student 157: 2 49 29 14 6 4 31 34 16 27 1 23 8 41 44 17 12 11 21 20 43 48 46 19 35 25 24 18 38 9 30 10 28 13 39 50 26 22 45 42 33 47 36 3 37 7 5 40 15 32 
student 158: 5 49 31 15 6 1 27 32 14 25 4 20 7 44 45 19 10 8 16 21 42 48 41 22 35 29 24 18 37 11 33 13 26 12 40 50 23 28 46 43 30 47 34 2 39 9 3 38 17 36 
student 159: 3 50 32 18 10 1 26 35 17 28 2 22 6 43 45 20 11 12 21 19 41 49 42 16 34 31 23 13 39 8 27 14 24 9 38 48 25 30 46 44 29 47 36 5 37 7 4 40 15 33 
student 160: 1 49 27 14 6 3 29 36 12 26 2 23 9 43 41 18 11 7 22 19 37 48 46 20 35 34 21 16 40 10 28 13 24 15 42 50 25 30 47 44 32 45 38 4 33 8 5 39 17 31 
student 161: 1 49 30 14 8 3 28 35 12 27 2 23 7 41 45 18 11 9 21 20 39 48 43 19 34 29 22 13 38 10 31 15 24 16 40 50 26 25 46 44 33 47 37 5 36 4 6 42 17 32 
student 162: 2 49 33 15 5 1 31 35 13 29 3 21 7 41 45 19 11 9 22 18 40 48 43 20 30 26 23 14 38 10 27 17 24 12 39 50 25 28 46 44 32 47 36 4 37 8 6 42 16 34 
student 163: 3 50 28 15 6 1 29 35 14 27 2 22 8 42 47 19 7 10 18 20 40 48 44 21 33 30 23 17 38 12 34 16 24 9 39 49 25 26 46 43 31 45 36 4 37 13 5 41 11 32 
student 164: 4 50 30 15 7 1 29 35 14 27 2 21 3 42 45 18 11 8 22 19 39 48 43 20 36 28 23 16 40 10 31 13 24 12 37 49 26 25 46 44 32 47 38 6 41 9 5 34 17 33 
student 165: 1 49 30 13 5 4 26 34 16 29 2 23 6 43 44 19 11 8 20 22 42 47 46 18 36 28 21 15 38 10 31 14 27 12 39 50 25 24 45 41 32 48 35 3 37 9 7 40 17 33 
student 166: 2 50 28 15 6 1 29 36 14 27 3 21 7 42 45 18 9 8 20 19 41 49 43 22 34 30 23 17 39 11 32 12 24 13 38 47 25 26 48 44 31 46 37 5 35 10 4 40 16 33 
student 167: 5 48 29 14 4 1 31 35 15 26 2 20 7 41 43 21 11 9 19 17 39 46 45 23 33 28 24 18 37 10 32 12 22 13 38 49 27 25 47 50 30 44 36 3 42 8 6 40 16 34 
student 168: 3 49 30 15 6 2 29 33 14 28 1 21 7 41 44 20 12 11 22 18 42 47 45 19 37 27 24 16 36 9 32 13 23 10 40 50 25 26 46 43 31 48 35 4 39 8 5 38 17 34 
student 169: 5 49 29 17 6 1 28 38 15 26 4 22 9 42 44 16 12 7 21 20 41 48 43 18 33 30 23 11 39 8 31 13 24 14 40 50 25 27 45 47 32 46 34 2 36 10 3 37 19 35 
student 170: 4 49 26 17 7 1 31 34 13 28 2 22 6 44 46 18 11 10 21 20 37 45 41 19 33 27 23 16 38 9 30 15 25 12 40 50 24 29 48 43 35 47 36 3 39 8 5 42 14 32 
student 171: 2 45 30 16 7 1 28 36 14 27 3 22 6 40 44 20 8 11 21 13 41 49 43 19 34 29 23 18 39 12 31 15 25 9 38 50 24 26 47 46 32 48 35 4 37 10 5 42 17 33 
student 172: 1 48 31 13 10 3 28 38 15 27 5 21 8 44 46 18 7 6 22 19 40 50 41 20 35 30 24 16 29 11 32 14 23 12 39 49 25 26 42 45 33 47 36 2 37 9 4 43 17 34 
student 173: 4 48 31 14 7 1 22 32 15 29 2 21 5 41 46 18 12 9 20 19 40 47 42 24 35 28 25 16 38 10 30 13 23 11 39 50 26 27 49 44 33 45 36 6 37 8 3 43 17 34 
student 174: 5 48 29 16 8 1 26 36 14 27 2 23 7 42 47 17 15 6 20 19 41 50 44 22 32 35 24 18 39 10 30 13 28 11 34 49 21 25 43 45 33 46 37 4 38 9 3 40 12 31 
student 175: 1 49 29 19 4 2 23 36 13 25 3 30 8 42 46 17 10 7 22 15 40 48 43 20 33 31 21 16 39 9 28 12 24 14 37 50 26 27 47 44 32 45 38 6 35 11 5 41 18 34 
student 176: 4 49 33 15 5 1 27 36 12 26 3 21 6 43 42 16 13 9 23 19 39 48 46 20 31 29 22 18 38 10 30 14 24 11 37 50 25 28 45 44 32 47 35 7 41 8 2 40 17 34 
student 177: 3 49 32 15 4 2 23 39 13 29 1 17 8 42 46 20 7 10 24 21 40 47 44 16 34 26 25 19 37 12 30 14 22 11 38 50 28 27 43 45 31 48 35 6 36 9 5 41 18 33 
student 178: 2 49 32 15 5 6 29 35 13 27 1 22 7 42 44 19 12 9 21 16 40 48 43 20 34 23 24 18 38 11 30 10 25 14 37 50 26 28 46 45 33 47 36 3 39 8 4 41 17 31 
student 179: 3 46 31 17 5 2 28 35 12 27 1 23 8 42 43 15 11 9 21 20 41 48 44 19 36 29 22 14 39 10 33 16 24 13 38 49 25 26 45 50 30 47 34 7 37 6 4 40 18 32 
student 180: 3 47 29 16 6 1 27 35 14 32 2 22 7 39 45 20 11 9 21 18 42 49 40 19 33 28 23 15 37 10 34 13 26 12 41 50 24 25 46 44 30 48 36 4 38 8 5 43 17 31 
student 181: 3 49 31 17 5 2 29 35 14 28 1 23 7 38 45 16 12 9 19 18 41 47 43 20 33 27 21 15 40 10 30 13 24 11 37 50 25 26 46 44 32 48 36 4 39 8 6 42 22 34 
student 182: 4 48 30 18 3 1 26 35 16 27 2 22 9 45 46 19 10 8 20 17 40 47 44 21 33 28 24 13 38 15 31 11 29 12 39 50 23 25 42 43 32 49 36 5 37 7 6 41 14 34 
student 183: 1 49 28 14 9 4 29 35 13 24 2 21 5 40 42 17 16 11 23 20 43 50 45 18 34 30 25 15 37 8 32 12 22 10 39 48 26 27 44 46 31 47 36 6 41 7 3 38 19 33 
student 184: 2 49 30 15 5 1 28 35 13 26 3 24 6 43 45 19 11 8 21 18 41 47 42 20 34 29 22 17 38 10 31 14 23 12 39 50 25 27 46 44 32 48 37 4 36 9 7 40 16 33 
student 185: 2 50 29 16 5 3 28 35 13 27 1 21 7 41 46 20 11 9 23 17 43 42 44 19 32 33 24 12 36 10 31 14 22 15 38 49 25 26 48 45 30 47 39 4 37 8 6 40 18 34 
student 186: 4 50 26 14 8 3 29 35 13 27 2 23 6 43 44 18 10 9 20 19 40 46 41 21 34 32 24 16 38 11 30 15 22 12 39 49 25 28 45 47 31 48 37 1 36 7 5 42 17 33 
student 187: 4 50 32 18 6 2 27 35 12 28 1 24 7 42 46 20 9 11 21 17 40 47 44 19 34 31 25 15 38 10 33 14 26 13 39 48 22 23 45 43 29 49 37 3 36 8 5 41 16 30 
student 188: 2 46 31 16 8 1 28 34 14 26 4 27 5 43 47 17 13 11 21 19 44 50 48 20 35 29 23 15 39 7 33 9 22 12 40 49 24 25 41 42 32 45 36 3 37 10 6 38 18 30 
student 189: 5 49 31 15 4 2 27 35 14 30 1 22 8 43 45 18 11 12 21 19 38 47 42 20 37 29 24 16 34 6 32 13 25 10 40 50 23 26 46 44 28 48 39 7 36 9 3 41 17 33 
student 190: 2 49 30 17 7 3 28 37 13 27 1 21 6 36 45 15 16 10 23 18 42 48 44 20 35 29 24 19 38 11 31 12 25 9 39 50 22 26 41 46 33 47 40 4 34 8 5 43 14 32 
student 191: 3 48 30 15 5 1 29 35 16 26 2 20 7 41 45 18 11 10 24 19 39 49 42 21 34 27 23 17 40 9 31 12 22 13 36 50 28 25 46 43 33 47 37 4 38 8 6 44 14 32 
student 192: 4 48 31 17 9 3 30 33 14 28 1 22 5 45 43 18 12 7 23 19 44 49 40 21 35 20 24 15 42 10 34 11 25 13 38 50 26 27 46 41 29 47 36 6 37 8 2 39 16 32 
student 193: 3 49 29 15 5 1 28 35 13 27 4 20 8 42 45 18 11 9 23 19 39 48 43 21 34 31 25 14 38 10 30 12 22 17 40 50 24 26 46 44 32 47 36 2 37 7 6 41 16 33 
student 194: 5 46 31 15 4 1 27 35 13 28 2 23 7 44 45 17 10 11 22 19 40 47 43 21 33 29 24 16 37 14 30 12 20 8 39 50 26 25 48 42 32 49 36 3 38 9 6 41 18 34 
student 195: 1 48 28 15 5 2 27 35 16 26 3 22 8 41 45 20 11 10 19 18 38 46 43 21 34 30 29 14 40 9 33 13 23 12 39 50 24 25 47 44 31 49 36 7 37 6 4 42 17 32 
student 196: 2 49 31 17 7 1 28 33 13 27 3 22 8 42 47 20 11 6 19 16 43 48 44 21 36 29 23 15 37 9 30 14 26 12 40 50 24 25 46 41 32 45 38 4 35 10 5 39 18 34 
student 197: 7 46 31 17 9 4 27 36 14 28 2 22 11 44 45 19 3 10 21 20 40 48 42 18 34 30 24 15 37 8 29 13 23 12 38 50 25 26 43 47 32 49 35 1 39 6 5 41 16 33 
student 198: 3 49 30 17 5 1 27 36 14 29 4 23 7 43 42 18 11 2 20 16 41 48 44 21 34 28 24 15 39 10 31 12 22 13 40 50 25 26 45 46 32 47 35 8 37 9 6 38 19 33 
student 199: 2 49 30 19 8 3 29 35 10 28 1 23 7 40 45 16 9 6 21 18 41 47 44 20 33 31 22 15 36 12 34 14 25 13 39 50 24 27 46 43 26 48 38 5 37 11 4 42 17 32 
student 200: 1 49 27 15 6 4 31 35 14 28 3 22 2 39 44 20 13 9 19 21 38 48 47 18 33 29 23 16 41 10 30 11 24 12 37 50 25 26 45 43 32 46 40 5 36 8 7 42 17 34 
student 201: 2 47 30 11 5 1 27 39 16 23 4 20 7 41 43 18 13 10 22 19 40 46 42 21 36 31 24 17 35 9 29 14 25 12 37 50 26 28 45 48 33 49 34 3 38 8 6 44 15 32 
student 202: 3 49 33 13 8 1 31 34 14 25 2 20 6 43 45 17 7 10 21 19 35 48 40 22 39 28 23 18 38 11 30 16 24 12 37 50 26 27 46 44 29 47 36 4 42 9 5 41 15 32 
student 203: 4 50 31 14 6 1 26 35 15 27 2 28 7 42 46 16 11 9 24 18 41 48 43 20 34 32 23 17 39 10 29 13 19 12 38 49 21 25 47 44 30 45 37 5 36 8 3 40 22 33 
student 204: 3 48 30 15 5 1 25 36 13 28 2 20 6 42 46 21 8 10 23 16 40 50 45 19 33 29 22 17 39 11 31 12 26 14 38 49 27 24 47 43 32 44 34 4 37 9 7 41 18 35 
student 205: 3 49 33 12 4 2 26 34 14 27 1 25 6 42 47 18 10 8 22 20 41 46 44 19 35 30 23 15 37 13 29 17 21 11 39 50 24 28 45 43 31 48 38 5 36 9 7 40 16 32 
student 206: 5 49 31 15 6 2 28 34 16 26 1 23 11 41 47 21 12 8 19 20 40 46 43 18 32 30 22 17 38 9 29 13 24 10 39 50 25 27 48 45 33 44 36 3 37 4 7 42 14 35 
student 207: 1 50 28 12 6 2 30 35 15 27 3 21 7 45 41 18 13 9 22 20 34 47 40 19 33 29 23 17 43 11 31 14 26 10 39 49 24 25 44 48 32 46 37 4 38 8 5 42 16 36 
student 208: 4 45 24 16 6 1 32 36 15 28 2 23 9 42 44 18 8 7 21 20 40 49 41 17 34 30 22 14 39 12 31 11 25 13 35 50 29 27 47 46 26 48 38 3 37 10 5 43 19 33 
student 209: 4 49 32 17 5 1 28 36 14 27 2 22 9 45 46 21 12 6 23 16 39 48 44 20 34 31 19 15 40 10 30 13 24 8 37 50 26 25 42 41 29 47 35 7 38 11 3 43 18 33 
student 210: 5 50 32 15 7 1 29 35 13 27 2 22 6 42 49 17 10 8 21 19 39 46 44 18 34 28 23 16 40 9 30 14 24 12 38 48 25 26 45 43 33 47 36 3 37 11 4 41 20 31 
student 211: 4 47 30 15 6 3 26 33 14 25 1 22 9 44 42 12 10 7 16 20 40 48 43 21 32 29 18 19 41 8 31 17 23 13 37 49 27 28 50 45 35 46 38 2 34 11 5 39 24 36 
student 212: 5 48 31 16 9 1 27 37 15 25 2 21 6 44 45 14 12 7 22 19 40 47 43 20 29 30 23 17 36 8 33 11 24 13 39 49 26 28 50 42 32 46 35 3 38 10 4 41 18 34 
student 213: 5 50 29 15 2 1 30 31 14 27 3 22 7 44 43 16 10 8 20 19 40 49 42 23 38 28 21 17 37 12 33 13 24 11 39 48 25 26 45 46 34 47 32 4 35 6 9 41 18 36 
student 214: 2 47 29 14 6 1 28 35 13 27 3 21 7 44 46 17 12 9 22 19 41 49 42 20 34 32 23 16 39 10 31 11 25 15 37 50 24 26 48 43 30 45 36 4 38 8 5 40 18 33 
student 215: 2 48 29 14 6 1 30 33 16 26 4 22 9 40 44 20 11 10 21 15 45 49 43 19 35 28 23 17 41 7 31 12 24 13 39 50 25 27 46 42 32 47 37 5 38 8 3 36 18 34 
student 216: 4 50 30 13 6 1 26 35 18 25 3 22 7 43 45 17 12 11 21 19 37 48 40 20 36 28 23 16 34 9 33 15 27 10 39 46 24 29 47 44 31 49 38 2 41 8 5 42 14 32 
student 217: 2 49 31 16 5 4 28 34 12 24 1 21 6 41 45 20 14 8 23 17 39 47 43 19 33 30 22 15 38 9 32 11 27 13 40 50 25 26 48 44 29 46 36 10 37 7 3 42 18 35 
student 218: 3 49 27 15 6 1 26 36 14 25 2 22 7 42 47 21 9 10 18 20 40 46 41 19 35 28 23 16 39 11 32 13 24 12 38 50 29 30 45 44 31 48 37 5 34 8 4 43 17 33 
student 219: 5 50 29 17 6 1 27 34 13 30 4 26 7 42 47 18 11 9 20 19 40 45 43 22 33 28 21 14 39 10 31 16 25 12 38 49 23 24 44 48 32 46 36 2 35 8 3 41 15 37 
student 220: 3 49 32 16 7 1 26 36 11 24 4 22 6 43 46 15 12 10 20 19 39 48 44 21 34 29 27 17 37 9 30 14 23 13 38 50 25 28 45 40 33 47 41 2 35 8 5 42 18 31 
student 221: 3 50 30 8 6 1 29 34 11 24 2 20 9 42 45 18 14 10 19 21 40 46 44 22 37 28 25 16 35 12 31 15 26 13 39 48 23 27 47 43 32 49 38 4 36 7 5 41 17 33 
student 222: 2 46 31 15 5 1 30 35 14 27 3 26 10 40 45 18 12 9 20 21 41 47 42 19 34 28 22 16 39 8 29 13 23 11 38 49 24 25 43 44 32 50 36 4 37 7 6 48 17 33 
student 223: 3 49 36 19 7 1 28 31 12 27 2 21 8 43 45 18 10 9 22 16 41 47 42 20 35 29 23 14 38 11 34 15 26 13 40 50 25 24 44 46 30 48 33 4 37 6 5 39 17 32 
student 224: 3 49 30 15 4 1 27 36 13 24 2 21 7 43 44 18 8 14 23 19 39 48 41 22 34 29 20 16 40 10 32 12 25 11 38 50 26 28 46 45 31 47 35 5 37 9 6 42 17 33 
student 225: 6 49 30 17 5 2 26 35 16 28 1 22 7 44 43 15 12 9 21 18 42 48 37 19 34 29 23 14 38 10 32 11 25 13 41 50 24 27 46 45 31 47 36 3 39 8 4 40 20 33 
student 226: 2 50 30 15 7 1 29 34 14 26 3 21 8 42 46 18 9 6 22 19 41 49 43 20 33 28 23 17 38 12 32 13 24 11 39 48 25 27 44 45 31 47 40 4 35 10 5 37 16 36 
student 227: 3 50 30 15 9 2 25 34 14 27 1 24 10 44 45 19 8 7 21 17 40 47 42 20 35 29 22 16 39 11 31 13 23 12 37 49 28 26 48 43 32 46 38 4 36 6 5 41 18 33 
student 228: 2 49 30 16 5 1 27 33 14 28 3 20 7 41 45 18 9 11 23 19 39 48 44 22 36 29 21 12 37 8 32 15 24 13 40 50 25 26 46 43 31 47 35 4 38 10 6 42 17 34 
student 229: 4 47 30 16 7 1 27 35 13 25 2 24 9 43 44 19 12 8 21 18 40 48 42 20 33 29 22 15 39 10 31 14 23 11 38 49 26 28 50 45 32 46 36 3 37 6 5 41 17 34 
student 230: 1 49 32 14 5 3 26 35 10 30 12 24 8 41 44 20 16 9 21 18 40 48 45 19 34 28 22 15 37 7 31 13 23 11 38 50 25 27 47 43 33 46 36 2 39 4 6 42 17 29 
student 231: 3 45 31 15 6 1 30 34 14 28 2 23 8 42 44 18 11 9 22 19 39 50 43 20 36 25 21 17 40 10 32 12 26 13 37 48 24 27 47 49 33 46 35 4 38 7 5 41 16 29 
student 232: 5 49 28 16 2 1 29 34 8 27 4 22 9 42 43 18 12 11 19 20 39 48 41 21 35 31 23 15 38 10 30 13 25 14 40 50 24 26 46 47 32 45 37 6 36 3 7 44 17 33 
student 233: 4 47 34 14 6 1 29 36 15 27 3 22 9 41 44 18 11 8 21 19 38 49 43 20 33 28 23 16 39 7 30 13 25 12 40 50 24 26 46 45 31 48 37 2 35 10 5 42 17 32 
student 234: 7 49 33 15 2 1 27 36 14 28 3 22 6 41 45 18 10 11 21 20 40 46 43 19 32 30 23 17 39 8 29 16 25 12 38 50 24 26 47 44 34 48 35 5 37 9 4 42 13 31 
student 235: 4 47 32 15 7 1 30 35 12 26 3 22 6 41 45 18 14 10 21 20 37 48 43 19 34 28 23 17 38 9 31 11 24 13 42 49 25 27 50 44 29 46 39 2 36 8 5 40 16 33 
student 236: 3 48 30 15 6 1 26 34 14 28 2 20 7 43 45 16 11 9 21 22 40 47 44 19 35 29 25 17 38 10 31 13 24 12 39 50 23 27 46 42 32 49 36 5 37 8 4 41 18 33 
student 237: 4 49 30 15 5 3 23 31 13 28 2 22 7 44 45 17 11 10 19 21 41 48 42 20 34 29 26 16 38 9 33 14 24 12 39 50 27 25 46 43 35 47 37 1 36 6 8 40 18 32 
student 238: 4 50 31 15 6 2 27 35 12 28 1 22 9 40 46 18 13 8 20 19 45 49 42 21 34 29 23 16 37 10 32 11 26 14 41 43 25 24 44 48 33 47 36 5 38 7 3 39 17 30 
student 239: 3 50 29 14 7 1 27 35 15 28 2 23 5 44 45 18 10 9 21 19 40 47 41 20 33 30 24 17 36 11 31 13 26 12 39 48 22 25 49 43 34 46 37 6 38 8 4 42 16 32 
student 240: 3 48 30 16 7 2 29 36 15 26 1 23 5 43 45 20 11 8 25 18 40 50 44 19 33 28 21 14 39 9 32 13 27 12 38 49 24 22 46 41 35 47 37 6 34 10 4 42 17 31 
student 241: 3 47 30 14 8 1 28 35 15 27 2 24 6 43 49 16 10 9 22 19 42 41 44 20 38 29 21 17 34 12 32 13 23 11 39 46 25 26 50 45 31 48 36 4 37 7 5 40 18 33 
student 242: 1 47 31 14 6 2 27 35 16 30 4 21 7 42 46 18 12 9 19 20 40 49 44 24 34 28 22 15 33 11 29 13 25 10 39 50 23 26 45 43 37 48 36 3 38 8 5 41 17 32 
student 243: 2 49 32 16 7 1 30 35 17 28 3 23 6 43 46 18 9 8 22 19 41 48 40 20 33 26 21 14 38 12 29 11 24 13 39 50 25 27 44 45 31 47 36 5 37 10 4 42 15 34 
student 244: 3 48 31 13 7 1 29 36 15 21 2 22 6 42 43 20 10 8 23 16 40 49 44 19 32 30 24 17 37 11 28 14 25 12 39 50 26 27 46 45 33 47 35 4 38 9 5 41 18 34 
student 245: 4 48 31 15 6 1 28 35 13 26 2 18 8 43 44 19 12 9 23 20 39 50 42 21 34 29 25 14 37 11 30 16 22 10 38 49 24 27 46 45 32 47 36 3 40 7 5 41 17 33 
student 246: 3 50 31 15 6 1 28 34 14 26 2 22 11 40 47 21 12 8 17 18 42 48 43 20 35 29 23 16 37 9 30 13 27 10 39 49 25 24 44 45 33 46 36 4 38 7 5 41 19 32 
student 247: 3 49 30 16 6 2 29 35 15 24 1 22 8 42 47 21 7 13 18 19 39 48 44 20 34 28 23 10 40 11 31 14 26 12 38 50 27 25 46 45 32 41 37 5 36 9 4 43 17 33 
student 248: 2 50 30 15 6 1 29 34 14 27 5 20 8 38 40 18 13 11 25 22 36 48 46 19 41 26 21 16 39 9 33 12 23 10 44 47 24 28 45 43 32 49 35 3 37 7 4 42 17 31 
student 249: 3 49 30 15 6 1 29 35 13 28 4 25 8 41 44 19 11 7 23 18 46 47 39 22 34 27 20 17 40 9 32 14 24 10 38 50 26 21 45 43 33 48 36 5 37 12 2 42 16 31 
student 250: 1 50 25 13 6 3 29 36 19 30 2 22 7 43 41 18 10 8 21 17 40 47 45 26 33 28 20 15 38 11 31 14 23 12 39 49 24 27 46 44 32 48 34 4 37 9 5 42 16 35 
student 251: 3 49 32 15 6 2 27 31 14 29 1 24 4 42 44 17 13 9 20 18 38 48 41 19 39 28 25 16 36 10 30 11 23 12 37 50 26 22 45 46 33 47 40 5 34 7 8 43 21 35 
student 252: 2 50 31 14 4 5 26 35 13 27 1 23 7 45 42 19 12 9 17 22 39 47 43 20 32 30 24 18 38 10 33 15 21 11 37 49 25 28 44 48 34 46 40 3 36 8 6 41 16 29 
student 253: 3 48 30 16 4 2 27 36 14 26 1 24 7 44 45 15 11 10 22 20 41 49 42 21 34 29 19 17 38 12 31 13 23 9 39 50 25 28 47 43 32 46 37 5 35 8 6 40 18 33 
student 254: 3 50 31 15 10 2 28 34 13 27 1 22 7 41 44 18 9 8 19 20 40 48 43 21 32 29 24 16 37 12 30 14 23 11 38 49 26 25 45 47 33 46 36 5 39 4 6 42 17 35 
student 255: 6 47 25 18 4 2 29 34 17 30 3 23 7 44 45 15 9 8 20 21 39 48 42 16 35 28 24 13 40 11 33 14 22 12 38 50 27 26 46 43 31 49 36 5 37 10 1 41 19 32 
student 256: 3 50 31 16 7 1 30 35 13 27 2 22 8 44 43 19 11 6 17 20 42 48 41 21 33 28 24 18 38 9 32 12 23 14 39 49 25 26 46 45 29 47 36 4 37 10 5 40 15 34 
student 257: 3 49 30 13 6 2 28 35 15 27 1 23 8 42 45 20 11 9 19 18 41 48 43 21 34 29 22 17 38 12 32 14 24 10 37 50 25 26 47 44 31 46 40 4 36 7 5 39 16 33 
student 258: 3 46 30 16 6 1 29 36 15 27 2 23 7 43 44 17 11 10 20 19 39 50 42 21 34 28 22 18 40 9 31 12 25 13 38 49 24 26 47 48 32 45 35 4 37 8 5 41 14 33 
student 259: 5 47 30 11 6 1 28 35 15 27 2 22 9 43 45 18 10 7 20 19 38 49 44 21 34 29 26 16 39 13 31 14 23 12 40 50 25 24 46 41 32 48 36 3 37 8 4 42 17 33 
student 260: 5 46 29 14 7 1 28 35 15 27 2 20 8 44 42 18 10 11 24 22 40 50 45 19 33 30 23 17 37 9 34 12 21 13 39 49 25 26 43 48 31 47 36 3 38 6 4 41 16 32 
student 261: 2 48 29 15 7 1 25 35 16 27 3 24 6 41 44 14 10 9 22 19 38 47 42 21 34 32 20 18 39 11 30 13 28 12 40 49 23 26 50 46 33 45 36 4 37 8 5 43 17 31 
student 262: 1 50 28 16 6 3 27 33 12 29 5 23 8 44 45 14 11 9 20 19 39 47 42 21 34 30 22 17 41 15 36 13 24 10 37 48 25 26 46 43 31 49 38 4 35 7 2 40 18 32 
student 263: 3 50 31 16 5 1 29 34 13 28 2 24 8 44 45 20 11 7 22 15 38 49 42 19 33 27 23 18 39 10 30 12 21 14 40 48 25 26 47 46 32 43 36 4 37 9 6 41 17 35 
student 264: 4 50 33 15 6 1 26 37 14 25 2 22 10 39 45 17 11 7 21 18 40 47 43 19 36 29 23 16 38 9 31 13 24 12 42 48 27 28 46 44 30 49 34 3 35 8 5 41 20 32 
student 265: 4 50 29 15 5 2 28 35 14 25 1 22 12 40 46 16 10 9 21 18 42 44 43 19 30 31 23 24 39 6 32 13 26 11 38 49 20 27 48 45 33 47 36 3 37 8 7 41 17 34 
student 266: 2 46 30 14 6 1 26 33 15 29 3 23 11 42 44 20 12 9 21 18 40 49 45 19 36 28 22 16 38 10 32 13 25 8 39 50 24 27 47 43 31 48 35 4 37 7 5 41 17 34 
student 267: 3 48 30 18 6 1 28 36 13 26 2 23 7 38 47 20 12 8 22 21 40 46 41 16 33 29 19 15 37 9 34 14 24 10 39 49 25 27 45 42 31 50 35 4 43 11 5 44 17 32 
student 268: 5 48 31 16 7 3 28 35 14 27 1 23 4 44 46 17 11 9 19 18 42 50 40 20 34 30 22 21 37 10 32 13 24 12 39 49 25 26 45 43 33 47 36 2 41 8 6 38 15 29 
student 269: 4 47 31 15 6 2 28 37 12 26 1 22 9 41 44 19 13 7 23 18 40 49 42 20 34 29 21 16 33 10 32 11 25 14 38 50 24 27 48 45 30 46 39 3 36 8 5 43 17 35 
student 270: 4 49 28 14 7 1 30 35 11 27 3 23 2 41 44 18 12 9 21 15 38 48 42 20 33 32 22 19 36 10 29 16 24 13 40 50 25 26 45 47 34 46 39 5 37 8 6 43 17 31 
student 271: 3 46 31 19 9 1 29 36 14 27 2 22 7 43 44 16 13 11 21 18 39 49 42 20 34 28 23 15 35 8 30 10 24 12 38 50 25 26 47 45 33 48 37 4 41 6 5 40 17 32 
student 272: 4 48 32 17 7 2 26 35 15 22 5 23 6 43 45 18 11 9 20 21 42 49 44 19 33 31 24 14 40 10 28 12 29 13 38 50 25 27 39 46 34 47 37 1 36 8 3 41 16 30 
student 273: 6 48 31 14 5 3 30 34 15 26 4 20 7 49 43 17 9 11 23 19 40 47 46 21 35 28 25 16 38 10 32 12 22 8 41 50 24 27 45 42 36 44 33 2 37 13 1 39 18 29 
student 274: 1 50 29 16 8 2 31 36 14 27 3 22 6 42 47 17 12 9 21 18 41 49 40 19 33 28 23 15 39 10 34 13 25 11 38 46 24 26 45 44 30 48 35 5 37 7 4 43 20 32 
student 275: 3 49 30 15 6 1 27 34 14 28 2 23 9 41 45 18 8 10 21 19 40 47 43 20 35 29 22 17 33 11 31 13 24 12 37 48 25 26 50 44 32 46 39 4 38 7 5 42 16 36 
student 276: 3 48 31 15 1 2 28 34 13 27 4 22 6 41 45 18 12 8 21 19 39 50 40 20 35 30 23 14 38 11 29 10 24 17 43 49 25 26 44 46 32 47 36 5 37 9 7 42 16 33 
student 277: 4 46 31 17 5 1 30 35 14 28 2 24 8 43 48 15 11 9 21 20 40 49 44 19 32 27 23 16 38 10 33 13 22 12 39 50 25 26 42 45 29 47 37 3 36 7 6 41 18 34 
student 278: 3 49 31 14 2 8 29 30 13 25 1 20 5 41 47 18 10 7 23 19 40 45 43 21 35 27 24 16 38 11 36 15 26 12 39 50 22 28 46 44 33 48 34 4 37 6 9 42 17 32 
student 279: 6 49 30 14 8 1 26 33 15 28 2 22 5 39 46 18 11 9 21 20 43 47 44 17 34 29 24 19 40 10 32 13 23 12 38 50 25 27 45 42 31 48 36 3 37 7 4 41 16 35 
student 280: 7 46 29 15 5 3 27 34 13 30 1 23 6 43 44 16 11 9 21 20 36 48 42 17 35 28 22 19 41 10 31 14 24 12 39 50 26 25 49 45 32 47 37 2 38 8 4 40 18 33 
student 281: 3 50 31 15 6 2 28 36 14 26 1 20 7 42 47 21 11 9 22 19 40 49 45 18 33 30 23 16 37 10 32 12 24 13 39 46 25 29 43 44 27 48 35 4 38 8 5 41 17 34 
student 282: 2 47 29 13 8 1 28 34 22 26 3 21 10 43 45 16 12 9 20 19 40 49 42 18 32 33 23 15 38 7 30 14 24 11 39 50 27 25 44 46 31 48 36 4 37 6 5 41 17 35 
student 283: 1 50 31 13 5 4 29 35 15 28 2 23 7 43 44 17 11 10 21 19 40 46 42 20 32 26 22 18 37 9 30 14 24 12 39 49 25 27 48 47 36 45 34 3 38 8 6 41 16 33 
student 284: 4 49 32 12 6 1 29 35 16 28 2 21 13 41 44 18 11 10 20 19 40 48 43 22 36 27 23 17 38 7 30 14 24 8 39 50 25 26 45 47 31 46 37 3 34 9 5 42 15 33 
student 285: 3 48 24 14 9 1 31 38 17 25 2 26 6 41 46 18 10 8 22 19 37 49 43 21 35 30 20 15 39 11 33 13 23 12 42 50 27 28 47 44 32 45 34 5 36 7 4 40 16 29 
student 286: 4 46 26 15 5 1 31 32 14 27 2 22 11 42 45 17 9 12 28 18 38 47 43 19 37 30 21 16 39 8 33 13 24 10 41 49 23 25 48 44 34 50 35 3 36 7 6 40 20 29 
student 287: 1 49 30 14 3 5 24 33 16 29 2 23 6 42 46 19 12 10 21 15 44 47 43 20 35 27 25 17 40 8 34 13 22 11 38 50 26 28 45 41 31 48 36 4 37 9 7 39 18 32 
student 288: 7 49 30 15 5 1 27 38 14 28 3 23 6 44 47 18 11 8 19 21 39 48 43 20 35 29 24 16 36 13 31 9 25 12 41 50 22 26 42 45 32 46 34 4 37 10 2 40 17 33 
student 289: 1 49 30 14 5 2 29 34 15 26 3 24 8 43 44 19 10 7 21 20 39 50 40 17 37 28 22 16 41 11 31 13 27 12 36 48 23 25 46 45 32 47 35 6 38 9 4 42 18 33 
student 290: 2 49 29 15 5 3 30 33 14 27 1 20 8 39 42 17 10 7 23 19 44 48 40 22 32 28 21 18 38 12 34 11 24 13 43 50 26 25 46 41 31 47 36 4 35 9 6 45 16 37 
student 291: 4 49 29 16 8 1 32 34 10 23 3 22 6 39 43 17 13 9 19 20 44 48 42 21 35 26 24 18 40 11 30 14 25 12 41 50 27 28 47 45 31 46 36 2 37 7 5 38 15 33 
student 292: 4 47 30 16 7 3 31 36 13 27 1 17 2 45 43 18 8 5 22 21 40 50 39 20 35 29 25 15 38 10 28 14 23 11 42 48 24 26 49 41 32 46 34 6 37 9 12 44 19 33 
student 293: 4 49 30 15 8 1 29 35 14 25 2 22 12 42 46 18 9 7 20 24 40 48 45 19 36 34 21 17 37 10 28 13 26 11 39 50 23 27 47 43 31 44 38 5 32 6 3 41 16 33 
student 294: 3 41 30 17 6 2 28 33 14 27 1 21 8 44 46 15 12 10 23 19 40 50 43 18 37 29 22 16 35 9 36 13 24 11 39 49 26 25 48 42 32 47 34 5 38 7 4 45 20 31 
student 295: 2 50 32 17 6 1 29 36 14 30 3 22 7 42 43 18 12 8 19 20 39 49 44 21 35 26 23 15 37 11 27 10 25 13 40 48 24 28 46 45 34 47 33 5 38 9 4 41 16 31 
student 296: 3 50 36 16 6 1 33 30 15 26 2 21 7 42 46 17 10 9 22 14 40 47 44 20 35 28 24 18 37 8 29 11 23 12 43 49 25 27 45 39 31 48 38 4 32 13 5 41 19 34 
student 297: 5 48 30 15 6 1 26 34 12 28 2 22 4 43 44 18 10 9 21 19 38 49 45 20 35 27 23 16 36 13 32 11 24 14 39 50 25 29 46 41 31 47 37 3 40 8 7 42 17 33 
student 298: 4 50 30 12 6 1 26 36 15 28 3 27 10 42 46 17 9 8 22 18 41 49 44 21 33 29 25 16 35 11 32 14 20 13 38 48 23 24 43 45 34 47 37 5 39 7 2 40 19 31 
student 299: 1 50 29 10 6 4 27 35 14 26 3 20 7 41 44 18 11 12 23 19 39 49 43 21 34 30 24 17 36 9 31 15 22 13 42 46 28 25 47 45 32 48 37 2 38 8 5 40 16 33 
student 300: 3 50 32 14 2 1 28 35 15 26 4 18 7 44 46 19 12 10 25 20 42 48 43 22 34 29 21 11 37 9 33 17 24 13 40 49 27 23 36 45 30 47 38 5 39 6 8 41 16 31 
student 301: 2 50 32 17 5 1 28 35 13 26 3 21 6 44 45 15 10 11 25 19 39 49 42 20 33 30 22 14 40 9 29 16 23 12 41 48 24 27 46 43 31 47 34 4 37 7 8 38 18 36 
student 302: 5 47 32 15 7 2 28 35 13 27 1 21 9 43 45 18 12 6 23 19 40 49 42 20 34 29 22 17 39 10 31 14 24 11 41 50 25 26 46 44 33 48 36 3 37 8 4 38 16 30 
student 303: 3 49 34 19 4 1 33 36 16 28 2 22 6 43 46 18 11 10 21 17 38 48 42 20 32 26 23 14 37 9 30 15 24 13 39 50 27 25 47 44 29 45 35 7 40 8 5 41 12 31 
student 304: 2 49 30 14 10 1 29 33 15 24 3 18 6 40 45 16 11 8 26 21 41 47 43 19 34 25 20 17 36 9 31 12 27 13 38 50 22 28 48 44 37 46 35 4 39 5 7 42 23 32 
student 305: 3 49 31 15 10 2 27 33 14 30 1 21 7 43 44 16 5 11 22 18 38 48 41 20 29 26 23 17 36 12 32 13 24 9 39 50 25 28 46 45 34 47 35 4 40 8 6 42 19 37 
student 306: 2 49 29 15 9 4 28 35 13 24 1 23 6 40 45 22 8 11 18 19 42 48 41 21 32 30 20 16 39 10 31 12 25 14 37 50 26 27 43 44 33 46 36 3 38 7 5 47 17 34 
student 307: 5 49 30 15 6 3 29 40 14 28 1 21 7 43 46 18 10 8 26 20 41 48 45 19 34 27 22 17 37 12 31 13 24 11 38 50 23 25 47 44 32 39 36 2 35 9 4 42 16 33 
student 308: 2 50 33 14 6 1 27 35 12 26 3 23 7 42 46 19 13 9 21 18 41 47 43 20 32 29 25 15 38 11 30 16 22 10 40 49 28 24 48 44 31 45 37 4 36 8 5 39 17 34 
student 309: 2 49 30 14 10 3 29 36 11 28 1 23 5 42 47 21 15 8 22 17 34 45 44 20 31 27 19 18 40 12 32 13 26 9 41 50 24 25 46 43 33 48 37 4 38 6 7 39 16 35 
student 310: 3 48 31 15 8 2 28 35 14 27 1 23 7 41 46 17 13 6 22 19 40 49 44 20 34 29 24 16 38 9 32 11 25 12 39 50 21 26 47 43 30 45 37 4 36 10 5 42 18 33 
student 311: 5 50 34 15 4 1 27 35 14 28 2 22 7 39 44 16 13 10 20 19 42 49 45 21 33 31 23 17 38 8 41 12 24 11 36 47 26 25 46 43 29 48 32 3 37 9 6 40 18 30 
student 312: 3 50 30 15 5 4 27 35 14 28 2 21 6 40 47 18 12 9 19 20 38 49 41 22 34 29 23 13 39 10 32 16 24 11 42 48 26 25 45 44 33 46 36 1 37 8 7 43 17 31 
student 313: 2 48 30 13 4 1 27 37 15 24 3 22 7 39 46 18 11 10 21 19 41 47 42 20 34 29 23 16 35 6 31 14 26 12 40 49 25 28 50 44 32 45 36 5 38 9 8 43 17 33 
student 314: 3 49 29 15 6 1 23 39 14 28 2 22 4 42 45 18 11 9 21 17 44 48 41 19 32 30 24 20 37 10 31 12 25 13 38 50 27 26 47 46 35 43 36 7 34 8 5 40 16 33 
student 315: 1 50 30 14 7 2 28 35 12 26 3 22 8 42 45 17 16 9 21 18 39 46 44 20 34 31 23 19 38 10 29 13 27 11 40 49 24 25 47 43 32 48 36 4 37 6 5 41 15 33 
student 316: 4 48 29 15 11 1 31 36 14 25 2 23 7 41 46 16 9 6 20 19 40 47 44 17 34 28 22 21 42 8 30 10 26 13 38 50 24 27 43 45 32 49 35 3 37 12 5 39 18 33 
student 317: 2 50 29 14 5 1 28 34 15 27 8 22 6 42 47 21 12 10 19 18 39 48 43 20 35 33 23 17 37 7 30 13 24 11 36 49 26 25 45 44 31 46 38 3 40 9 4 41 16 32 
student 318: 3 47 30 14 9 1 29 36 13 27 2 21 8 43 44 18 11 7 22 19 40 48 45 20 34 28 24 16 37 12 31 15 25 10 39 50 26 23 46 49 33 41 35 5 38 6 4 42 17 32 
student 319: 2 50 37 15 7 1 28 36 14 27 3 22 8 42 45 18 12 11 21 20 41 46 44 19 34 29 25 16 33 9 31 13 24 10 39 49 26 23 47 43 32 48 35 4 38 6 5 40 17 30 
student 320: 6 48 28 17 4 1 29 34 14 26 2 21 8 42 46 18 11 7 20 19 40 47 43 23 35 30 24 12 38 10 32 15 22 13 39 50 25 27 45 44 31 49 36 5 37 9 3 41 16 33 
student 321: 3 48 32 15 8 1 30 38 14 29 2 21 10 40 44 20 9 6 22 19 42 47 43 17 31 28 23 16 37 7 33 12 24 11 39 50 25 26 45 46 35 49 34 4 36 13 5 41 18 27 
student 322: 3 49 30 17 7 1 28 34 14 27 2 22 5 38 45 16 10 9 21 19 41 46 42 20 33 29 23 15 37 11 39 13 24 12 40 50 25 26 47 43 31 48 36 4 35 8 6 44 18 32 
student 323: 3 49 30 15 5 1 27 35 12 25 2 21 7 41 42 19 11 10 20 18 43 48 44 23 36 28 24 16 34 13 32 9 26 14 39 50 29 22 45 46 33 47 37 4 38 8 6 40 17 31 
student 324: 2 49 30 12 7 3 28 34 10 27 1 23 6 42 46 17 14 11 22 19 41 48 43 20 35 29 24 15 38 9 33 13 21 16 39 50 25 26 45 44 31 47 36 4 37 8 5 40 18 32 
student 325: 3 49 30 13 6 1 24 35 16 27 2 21 7 42 47 14 10 9 22 20 40 48 44 25 34 28 23 18 38 11 33 15 26 12 39 50 17 29 46 43 32 45 37 4 36 8 5 41 19 31 
student 326: 3 49 33 15 6 2 24 35 14 28 1 23 8 42 44 17 12 10 20 19 40 47 43 21 31 29 22 16 41 11 32 9 25 13 37 50 26 27 46 45 30 48 36 5 38 7 4 39 18 34 
student 327: 1 48 30 14 6 3 27 34 16 25 4 21 11 42 45 15 12 8 22 18 40 49 47 17 33 29 24 20 38 9 32 13 23 10 41 50 26 28 46 43 31 44 36 2 37 7 5 39 19 35 
student 328: 3 50 33 13 6 1 27 36 15 28 2 22 11 42 45 20 9 7 19 16 39 46 43 21 35 30 23 17 40 8 29 10 24 14 34 49 25 26 47 44 31 48 37 4 38 12 5 41 18 32 
student 329: 1 49 30 15 8 3 29 34 14 28 2 23 6 43 45 19 12 7 20 17 39 50 44 21 35 27 24 16 40 10 31 13 22 11 38 48 26 25 47 41 33 46 36 4 37 9 5 42 18 32 
student 330: 4 48 29 15 7 2 34 35 14 26 1 25 6 41 42 18 12 8 19 20 39 49 44 22 32 28 21 16 36 9 31 13 23 11 40 50 27 24 45 46 30 47 33 3 38 10 5 43 17 37 
student 331: 1 46 32 19 5 3 29 28 15 30 2 20 6 43 45 17 14 9 21 18 41 48 42 22 34 26 23 13 38 11 33 12 24 10 40 50 25 27 47 44 35 49 36 7 37 8 4 39 16 31 
student 332: 3 50 28 15 7 2 29 36 14 24 1 25 8 42 44 20 11 10 21 16 41 48 43 19 34 31 23 18 38 9 30 13 26 12 40 49 22 27 45 47 32 46 37 4 35 6 5 39 17 33 
student 333: 3 49 30 16 7 1 26 35 14 29 2 23 8 43 45 18 10 11 20 19 41 47 42 21 31 28 22 12 38 9 34 13 24 15 40 50 27 25 44 46 33 48 36 4 37 6 5 39 17 32 
student 334: 5 49 32 14 7 1 29 37 15 28 4 23 8 40 44 17 11 16 22 18 41 48 43 19 34 25 24 12 38 9 31 13 21 6 39 50 27 26 46 47 30 45 35 2 36 10 3 42 20 33 
student 335: 2 49 32 16 6 3 29 34 12 27 1 23 7 42 44 18 10 11 22 20 38 48 46 19 28 30 24 17 39 9 35 14 21 13 40 50 25 26 47 41 31 45 37 4 36 8 5 43 15 33 
student 336: 3 49 31 16 6 1 30 36 15 27 2 23 7 43 42 17 12 9 24 19 40 48 41 20 34 28 21 18 38 11 29 13 22 10 39 50 25 26 46 45 35 47 33 4 37 8 5 44 14 32 
student 337: 4 50 29 14 9 2 28 36 15 26 1 21 8 39 45 17 13 7 22 18 41 49 43 20 32 34 24 16 37 10 33 11 27 12 40 48 23 25 47 44 31 46 35 3 38 6 5 42 19 30 
student 338: 2 49 29 17 7 3 25 37 14 28 1 20 6 42 45 18 8 9 23 21 41 47 44 24 36 31 19 15 39 10 32 13 22 12 40 50 27 26 46 43 30 48 34 4 35 11 5 38 16 33 
student 339: 5 47 31 13 8 2 28 37 14 26 3 21 4 43 39 18 11 7 20 17 40 48 44 19 34 29 24 16 36 9 30 15 23 12 41 50 25 27 45 49 33 46 35 1 42 10 6 38 22 32 
student 340: 2 50 30 16 3 1 27 35 8 28 4 21 10 43 45 18 12 11 22 20 39 47 44 19 34 31 23 17 38 6 29 14 24 13 41 49 25 26 48 46 32 42 37 5 36 9 7 40 15 33 
student 341: 4 48 29 14 6 1 26 38 13 28 2 23 7 44 45 19 10 9 20 21 33 49 42 18 35 31 22 17 41 11 30 12 24 16 37 50 25 27 46 43 32 47 39 3 36 8 5 40 15 34 
student 342: 1 48 32 12 6 3 29 34 15 28 4 21 7 42 46 20 13 9 23 22 39 49 43 18 35 30 24 16 36 10 27 14 19 11 41 50 26 25 44 47 33 45 37 5 38 8 2 40 17 31 
student 343: 3 49 30 13 9 1 28 40 14 27 2 22 10 41 46 18 11 8 21 19 39 48 42 20 33 29 24 16 36 6 31 12 26 15 38 50 23 25 45 43 32 47 37 4 35 7 5 44 17 34 
student 344: 2 49 31 14 7 3 29 37 12 28 5 19 4 42 43 16 11 9 22 18 40 46 45 21 34 26 25 15 39 10 32 20 23 13 41 50 24 27 44 47 30 48 35 1 38 8 6 36 17 33 
student 345: 3 48 31 15 6 1 30 35 14 29 2 20 7 49 45 19 11 9 24 18 41 47 43 21 34 25 23 17 39 10 28 12 22 13 38 50 26 27 44 42 33 46 36 5 37 8 4 40 16 32 
student 346: 3 49 29 15 7 5 28 35 14 27 1 21 8 39 46 18 10 9 22 19 41 47 42 20 33 32 23 16 40 11 30 13 25 12 38 50 26 24 45 44 31 48 36 2 37 4 6 43 17 34 
student 347: 2 50 30 19 8 3 29 35 16 27 1 21 4 45 41 17 13 7 22 18 42 44 40 20 34 28 24 12 39 10 31 15 23 11 38 49 25 26 47 46 32 48 37 5 36 9 6 43 14 33 
student 348: 3 48 29 16 4 1 28 35 13 31 2 21 11 42 45 18 8 10 22 20 39 49 43 19 34 25 23 14 38 7 32 15 24 12 41 50 26 27 46 44 30 47 37 5 36 9 6 40 17 33 
student 349: 5 48 28 13 7 1 24 35 16 29 2 22 6 45 47 17 11 9 20 19 43 49 44 26 34 31 23 14 42 10 30 15 21 12 39 50 27 25 46 40 33 41 38 3 36 8 4 37 18 32 
student 350: 2 49 30 17 8 1 28 34 14 25 4 22 7 42 48 19 13 9 21 16 39 45 44 20 35 29 24 15 40 10 31 11 23 3 36 50 27 26 43 46 32 47 38 6 37 12 5 41 18 33 
student 351: 1 47 31 16 5 2 27 34 14 26 3 21 9 43 44 18 11 10 22 20 39 46 45 19 33 28 23 15 36 8 32 13 29 12 41 50 24 25 49 42 30 48 35 4 38 7 6 40 17 37 
student 352: 4 49 29 15 6 1 28 35 13 23 2 22 7 43 46 19 12 9 24 18 42 45 41 21 32 27 20 16 36 10 31 14 38 11 37 50 25 26 47 44 30 48 34 3 39 8 5 40 17 33 
student 353: 3 49 30 15 6 1 29 35 14 27 2 21 7 39 47 19 11 9 23 18 36 48 42 20 34 28 24 17 40 13 32 12 22 10 41 50 25 26 44 45 31 46 38 5 37 8 4 43 16 33 
student 354: 2 50 31 11 5 1 29 36 14 27 4 22 7 40 43 18 12 9 23 17 41 46 44 21 34 28 20 16 38 15 26 13 24 10 39 49 30 25 45 48 33 47 35 3 37 8 6 42 19 32 
student 355: 3 50 27 19 7 2 28 36 16 29 1 22 8 43 46 15 9 6 21 18 40 49 42 20 35 30 23 12 39 13 32 14 25 11 41 48 24 26 45 44 31 47 38 5 37 10 4 33 17 34 
student 356: 3 50 32 15 9 1 30 35 10 28 2 22 6 36 46 21 7 11 20 18 43 49 41 19 34 27 24 17 38 13 31 14 25 16 40 48 23 26 44 45 29 47 37 5 39 8 4 42 12 33 
student 357: 3 48 32 15 9 2 28 36 14 27 1 21 7 44 41 16 10 11 19 22 40 46 45 20 35 29 23 17 38 8 30 13 24 12 39 49 25 26 43 47 34 50 31 4 37 6 5 42 18 33 
student 358: 5 49 28 14 6 1 30 36 15 26 2 20 8 42 46 18 13 7 24 21 41 47 44 19 34 32 22 17 38 12 29 11 23 10 40 50 25 27 43 45 33 48 37 3 35 9 4 39 16 31 
student 359: 3 50 25 16 10 2 28 35 14 27 1 20 7 43 42 19 9 13 18 21 40 45 44 22 34 29 26 17 37 5 30 12 24 11 39 46 23 31 49 47 33 48 38 4 36 8 6 41 15 32 
student 360: 4 46 26 15 8 1 28 41 14 31 2 21 7 47 42 19 12 9 22 18 40 50 43 20 34 32 23 16 38 11 29 10 25 13 35 48 27 24 44 45 30 49 36 6 37 5 3 39 17 33 
student 361: 1 46 32 14 5 2 28 35 15 27 3 20 7 49 45 19 10 8 22 18 40 48 42 21 34 30 23 16 39 11 31 13 24 12 37 50 25 26 47 44 29 41 36 4 38 9 6 43 17 33 
student 362: 2 50 29 16 8 1 28 35 13 27 3 21 9 41 46 15 10 7 23 19 42 47 45 20 30 31 22 17 38 14 33 12 26 11 39 49 25 24 44 43 32 48 37 4 36 6 5 40 18 34 
student 363: 3 50 29 14 6 1 28 35 16 27 2 22 8 42 45 19 11 7 21 20 41 48 43 18 32 30 23 17 38 10 34 13 24 12 39 49 25 26 47 46 33 44 36 4 37 9 5 40 15 31 
student 364: 3 49 32 15 6 1 27 36 14 30 2 21 7 41 45 19 11 10 24 18 43 42 44 17 33 31 22 16 40 9 28 13 26 12 37 50 23 29 48 46 25 47 38 4 34 8 5 39 20 35 
student 365: 4 49 30 15 6 2 28 37 13 25 1 22 7 48 40 20 11 8 14 21 41 47 43 17 32 29 27 18 38 10 31 16 23 12 39 50 26 24 45 44 35 46 34 3 36 9 5 42 19 33 
student 366: 7 50 29 16 4 1 28 35 14 27 2 20 6 41 46 15 9 11 21 19 42 48 43 22 34 30 23 18 38 8 32 13 26 12 39 49 24 25 45 44 31 47 37 5 36 10 3 40 17 33 
student 367: 2 49 30 15 8 4 27 35 11 28 1 23 6 42 45 18 12 9 22 20 39 47 40 21 34 29 19 16 38 10 31 13 25 14 41 50 24 26 46 43 32 48 37 5 36 7 3 44 17 33 
student 368: 1 49 30 16 7 3 27 33 15 28 2 23 6 41 46 19 12 8 24 14 39 48 45 20 31 29 22 18 38 9 32 10 21 13 42 50 25 26 44 43 34 47 36 5 37 11 4 40 17 35 
student 369: 4 48 30 15 3 1 27 35 12 28 2 22 5 41 44 19 10 11 20 17 40 47 43 21 34 29 23 16 37 8 31 14 24 13 39 50 25 26 49 42 33 45 38 9 36 7 6 46 18 32 
student 370: 2 49 29 19 6 1 32 36 14 26 3 21 5 42 48 13 9 7 20 23 43 47 41 18 33 28 22 16 40 11 35 12 24 15 38 50 25 27 44 46 30 45 34 8 37 10 4 39 17 31 
student 371: 3 49 29 13 6 1 23 36 15 31 2 22 7 40 45 17 11 9 21 19 41 47 43 20 34 27 25 16 38 10 30 14 24 12 39 50 28 26 46 44 32 48 35 4 37 8 5 42 18 33 
student 372: 3 49 28 14 5 1 31 37 13 27 2 19 4 41 44 20 8 9 23 18 42 47 43 21 35 32 22 16 36 12 29 15 25 11 39 50 24 26 46 45 30 48 34 10 38 7 6 40 17 33 
student 373: 3 49 32 12 5 2 30 34 16 23 1 21 7 42 43 13 11 9 25 19 39 50 45 20 35 29 22 18 40 15 28 14 24 10 41 48 27 26 47 46 33 44 38 4 37 8 6 36 17 31 
student 374: 3 50 30 17 6 1 26 37 14 28 2 18 4 43 45 16 11 10 21 20 38 49 41 22 34 29 23 19 39 8 31 12 24 13 42 48 27 25 46 44 33 47 35 5 36 9 7 40 15 32 
student 375: 2 47 29 16 6 1 28 37 14 25 3 23 5 40 49 19 11 9 18 21 36 48 44 22 31 27 20 15 39 8 33 12 24 13 41 50 26 30 46 42 32 45 34 4 38 7 10 43 17 35 
student 376: 5 46 28 15 7 4 29 33 14 27 1 25 8 41 45 19 10 6 21 18 39 50 43 20 35 30 23 16 37 12 31 11 22 13 42 48 24 26 49 44 34 47 38 2 36 9 3 40 17 32 
student 377: 3 49 28 15 4 1 29 37 14 27 2 20 6 41 46 17 11 7 21 18 40 47 43 22 36 30 24 16 39 10 33 13 23 12 35 50 25 26 45 44 31 48 34 5 38 8 9 42 19 32 
student 378: 2 49 31 13 6 3 28 33 15 27 1 24 4 43 45 18 5 10 19 20 40 48 41 21 35 29 23 17 37 11 32 14 22 12 39 50 25 26 46 44 34 47 36 7 38 9 8 42 16 30 
student 379: 3 49 29 16 6 1 28 30 14 35 2 22 7 42 46 17 13 9 21 19 40 48 43 20 33 27 23 15 38 10 31 12 25 11 39 50 24 26 47 45 34 44 37 4 36 8 5 41 18 32 
student 380: 2 46 31 14 4 1 26 37 15 25 6 22 7 42 45 17 12 10 21 18 39 50 43 20 34 29 23 16 36 11 32 9 24 13 40 48 28 27 47 44 30 49 33 5 38 8 3 41 19 35 
student 381: 3 49 28 17 4 1 29 36 15 27 2 20 7 43 47 16 11 8 21 19 40 45 42 22 31 33 24 14 38 10 30 13 23 12 37 50 26 25 48 46 32 44 39 5 35 9 6 41 18 34 
student 382: 4 50 26 14 6 1 30 36 17 27 2 22 8 43 45 15 12 9 21 19 38 47 44 20 34 28 23 18 40 10 31 16 24 11 42 49 25 29 46 41 32 48 37 3 35 7 5 39 13 33 
student 383: 4 47 30 17 8 1 29 34 15 23 3 20 6 43 48 21 11 9 22 19 40 46 50 16 33 28 24 14 39 10 31 13 26 12 35 49 25 27 42 44 32 45 36 2 38 7 5 41 18 37 
student 384: 1 49 30 16 4 2 27 35 14 31 3 20 7 42 47 21 11 8 26 17 41 46 43 19 37 36 22 15 40 10 29 12 23 13 38 50 24 25 45 44 28 48 34 6 33 9 5 39 18 32 
student 385: 2 49 29 16 5 1 28 36 15 27 3 22 7 42 46 19 12 8 18 20 40 45 43 21 37 30 24 14 35 10 31 13 23 11 39 50 25 26 47 44 32 48 33 4 38 9 6 41 17 34 
student 386: 4 47 30 14 6 1 27 33 15 29 3 22 7 41 44 18 11 10 21 19 38 49 39 20 34 28 23 16 37 9 32 12 24 13 40 50 25 26 48 45 35 46 36 2 42 8 5 43 17 31 
student 387: 3 49 33 16 6 1 28 31 14 27 2 22 7 43 45 18 9 10 19 20 42 48 41 21 35 32 23 17 36 11 29 12 25 13 38 50 24 26 47 46 34 44 37 4 39 8 5 40 15 30 
student 388: 3 48 32 14 7 2 29 36 17 28 1 22 6 43 45 19 9 8 16 21 37 49 41 20 34 30 24 18 42 12 25 13 23 11 35 50 26 27 46 44 31 47 38 4 40 10 5 39 15 33 
student 389: 3 48 29 17 5 1 28 37 11 27 2 22 7 47 43 18 12 8 21 19 42 49 41 20 36 30 23 15 38 9 33 14 24 13 32 50 25 26 44 45 34 46 40 4 35 10 6 39 16 31 
student 390: 2 47 30 16 6 1 28 37 12 27 3 20 5 42 44 19 11 8 25 18 40 48 43 21 31 29 22 15 35 9 33 14 26 13 38 50 24 23 45 46 32 49 34 4 39 10 7 41 17 36 
student 391: 3 46 28 15 6 1 29 34 14 27 2 24 7 41 44 19 11 9 21 16 38 49 43 20 33 30 22 17 35 10 32 13 25 12 42 47 26 23 48 45 36 50 37 5 40 8 4 39 18 31 
student 392: 3 50 31 15 8 1 28 37 14 26 2 23 5 40 44 20 12 7 21 19 38 48 43 18 34 30 27 16 42 9 33 13 22 11 39 49 24 25 47 46 32 45 35 6 36 10 4 41 17 29 
student 393: 4 50 31 16 5 2 24 37 12 28 1 20 6 42 47 19 10 7 23 18 41 46 44 22 36 30 21 17 38 13 29 14 26 15 39 49 25 27 43 45 32 48 35 3 34 9 8 40 11 33 
student 394: 4 48 30 15 8 1 26 36 11 25 2 21 5 43 46 17 9 12 22 20 37 50 40 19 35 29 24 16 39 10 28 14 23 13 41 49 27 32 45 44 31 47 38 3 34 6 7 42 18 33 
student 395: 3 49 31 15 5 1 29 32 14 28 2 22 7 43 44 17 11 9 26 18 41 47 45 21 37 34 20 16 38 10 27 12 23 13 40 48 25 24 46 42 35 50 33 6 36 8 4 39 19 30 
student 396: 3 49 30 12 6 1 28 39 14 26 2 19 9 40 45 18 10 7 23 20 43 48 41 21 34 29 24 15 36 11 31 13 22 17 42 50 25 27 46 44 37 47 33 5 35 8 4 38 16 32 
student 397: 4 48 32 15 5 2 27 30 14 29 1 21 6 40 45 22 11 7 20 17 39 46 43 19 35 28 24 18 37 9 31 13 23 12 41 50 25 26 47 49 33 44 36 3 38 10 8 42 16 34 
student 398: 3 49 31 12 7 1 28 36 14 27 4 22 6 41 45 18 16 9 21 19 39 50 42 20 32 29 24 15 38 10 30 13 23 11 40 48 25 26 47 44 33 46 37 5 34 8 2 43 17 35 
student 399: 4 50 30 16 2 1 28 33 15 27 3 22 8 37 45 19 9 7 21 20 42 47 44 17 32 29 23 18 40 12 36 13 25 11 38 46 24 26 48 43 34 49 35 5 39 10 6 41 14 31 
student 400: 2 48 31 16 4 1 27 35 11 26 7 22 8 42 43 18 9 12 21 19 39 49 47 20 33 30 24 15 37 10 29 13 23 14 41 50 28 25 44 45 34 46 40 3 36 6 5 38 17 32 
student 401: 5 47 29 18 10 2 30 35 9 27 3 21 7 43 44 15 14 1 22 17 40 50 45 19 34 28 25 13 39 12 32 16 23 8 37 48 24 26 46 41 31 49 36 4 38 11 6 42 20 33 
student 402: 5 48 31 15 6 2 28 33 12 27 4 21 7 38 44 18 11 9 20 17 42 49 43 19 35 29 22 16 36 8 30 13 25 14 41 50 24 26 47 46 32 45 37 1 39 10 3 40 23 34 
student 403: 3 50 30 16 5 1 26 34 14 25 2 21 7 45 44 18 11 8 19 20 40 49 42 22 33 29 23 17 39 10 31 13 27 12 41 48 24 28 43 46 32 47 36 4 37 6 9 38 15 35 
student 404: 4 50 32 15 7 1 30 36 14 26 3 29 2 43 44 16 12 10 25 19 41 49 45 21 33 27 23 18 39 11 28 13 20 9 40 47 24 22 46 42 31 48 37 5 35 8 6 38 17 34 
student 405: 3 50 28 18 6 2 24 35 12 26 1 22 7 43 46 16 11 10 20 19 41 48 40 21 36 29 25 15 37 9 30 13 23 14 39 49 27 33 44 47 31 45 34 5 38 8 4 42 17 32 
student 406: 6 49 29 15 1 2 28 34 14 26 3 22 7 42 45 16 9 10 21 19 40 47 43 20 38 30 23 18 37 12 33 13 24 11 39 50 25 27 46 44 31 48 35 4 36 8 5 41 17 32 
student 407: 3 50 29 15 7 1 28 35 14 27 2 23 8 44 45 18 12 9 22 19 40 48 42 17 31 30 20 21 37 10 32 13 24 11 39 49 25 26 47 43 33 46 36 4 38 6 5 41 16 34 
student 408: 3 47 29 13 6 1 28 34 11 27 2 22 7 45 42 17 12 8 20 18 40 49 43 19 36 32 23 16 38 10 30 15 25 14 39 50 24 26 46 44 31 48 35 4 37 9 5 41 21 33 
student 409: 4 50 30 15 5 1 27 36 14 28 3 23 8 42 45 17 11 7 22 19 43 48 40 20 31 29 21 16 38 10 32 13 26 12 39 49 24 25 46 44 33 47 35 2 37 9 6 41 18 34 
student 410: 2 49 30 13 4 1 29 35 14 27 3 21 7 43 48 18 11 10 23 20 41 47 42 19 33 28 24 17 38 9 31 15 22 12 40 50 25 26 45 44 32 46 36 6 37 8 5 39 16 34 
student 411: 3 50 31 16 8 1 26 32 11 28 2 23 7 42 45 17 13 9 21 19 38 46 43 18 33 30 25 20 39 12 34 14 22 10 41 48 24 27 47 44 29 49 36 4 37 6 5 40 15 35 
student 412: 4 47 30 16 6 1 29 35 14 25 3 19 12 43 46 21 9 8 20 17 38 45 41 22 34 27 24 15 40 10 31 13 26 11 42 50 23 28 48 44 32 49 37 2 36 7 5 39 18 33 
student 413: 3 49 28 13 6 1 27 33 14 37 2 19 10 40 45 17 4 9 23 18 42 48 43 21 34 29 20 24 36 11 30 15 22 12 41 50 25 26 46 44 31 47 35 5 38 8 7 39 16 32 
student 414: 3 48 30 17 7 5 28 35 12 27 2 22 1 42 45 18 11 9 23 14 38 49 43 21 33 29 20 19 39 10 31 15 24 13 41 50 25 26 46 44 32 47 36 4 37 8 6 40 16 34 
student 415: 5 48 31 14 4 1 29 33 16 27 2 18 7 42 45 19 11 10 21 22 40 50 41 20 35 30 24 15 37 8 28 12 23 13 39 49 25 26 43 46 34 47 36 3 38 9 6 44 17 32 
student 416: 2 48 27 15 5 4 31 36 14 28 1 22 7 42 46 17 12 9 21 18 40 50 43 19 32 33 23 20 38 10 34 11 24 13 39 49 25 26 44 45 30 47 35 6 37 8 3 41 16 29 
student 417: 1 49 30 14 5 6 28 36 13 27 3 23 8 43 44 17 18 12 20 19 40 48 46 22 34 29 21 15 39 9 31 10 26 11 38 50 25 24 45 41 32 47 35 2 37 7 4 42 16 33 
student 418: 1 50 31 18 4 3 28 35 14 27 2 23 8 43 46 17 11 9 20 16 36 49 41 22 34 29 21 15 39 10 30 13 24 12 40 47 25 26 45 44 32 48 38 7 37 6 5 42 19 33 
student 419: 5 49 31 15 7 2 28 32 13 27 1 20 10 42 45 17 12 11 23 18 38 48 39 19 35 30 24 16 41 8 29 9 21 14 40 50 25 26 47 46 33 44 36 6 37 4 3 43 22 34 
student 420: 2 50 29 16 6 1 27 34 10 26 3 18 5 42 48 17 13 8 22 19 40 46 44 21 37 31 23 12 38 11 33 15 28 14 39 47 24 25 49 43 32 45 36 4 35 9 7 41 20 30 
student 421: 3 49 28 12 7 1 26 35 11 29 2 24 9 43 45 17 13 10 19 21 41 48 44 18 33 30 22 15 38 8 31 14 23 16 40 50 27 25 42 46 32 47 37 4 36 6 5 39 20 34 
student 422: 3 50 33 14 6 1 28 36 16 27 2 24 5 44 46 17 11 10 18 22 39 48 42 19 34 29 21 15 38 9 31 13 23 12 40 49 25 26 45 43 30 47 35 7 37 8 4 41 20 32 
student 423: 3 49 29 13 6 4 26 35 15 30 1 23 8 42 44 16 11 9 22 21 38 48 43 17 34 28 24 18 36 10 32 14 20 12 40 50 27 25 47 45 31 46 37 2 39 7 5 41 19 33 
student 424: 2 49 30 17 8 7 28 35 12 27 1 19 9 43 45 16 14 6 23 20 42 46 41 21 33 29 22 18 39 10 31 15 25 11 37 50 26 24 44 48 32 47 38 5 36 4 3 40 13 34 
student 425: 4 50 29 12 5 2 31 36 19 26 3 27 7 41 47 17 8 10 21 18 42 45 43 20 34 24 23 14 40 13 33 9 28 15 37 48 22 25 46 44 30 49 35 1 38 11 6 39 16 32 
student 426: 1 48 29 16 5 2 26 38 15 25 3 21 6 41 46 17 11 7 22 14 39 49 44 20 35 30 24 18 34 10 31 13 27 12 36 50 28 23 45 43 32 47 37 4 42 9 8 40 19 33 
student 427: 5 48 29 15 3 4 22 35 14 26 1 23 6 39 45 17 11 9 20 19 41 50 43 21 36 30 25 18 40 10 31 12 24 13 37 49 28 27 46 44 32 47 34 2 38 8 7 42 16 33 
student 428: 4 49 31 14 2 1 30 37 15 26 3 21 7 43 46 18 13 12 24 19 40 48 42 20 34 28 25 16 39 8 29 10 22 11 38 50 23 27 45 44 33 47 32 6 36 9 5 41 17 35 
student 429: 3 49 26 15 5 1 30 35 13 28 6 20 7 44 45 18 12 10 19 27 41 50 43 22 34 29 21 16 38 11 32 14 23 9 39 48 24 25 47 46 31 42 36 2 37 8 4 40 17 33 
student 430: 2 49 30 14 7 1 29 34 17 28 3 22 10 41 47 21 12 8 20 18 42 48 44 19 33 27 23 15 38 6 35 13 26 11 39 50 24 25 46 43 31 45 36 4 37 9 5 40 16 32 
student 431: 2 48 33 14 5 1 28 35 15 27 3 23 7 39 45 20 11 8 21 18 41 50 43 19 34 29 22 16 37 9 32 13 25 12 40 49 26 24 47 44 30 46 36 4 38 10 6 42 17 31 
student 432: 4 50 32 16 7 1 28 35 10 27 2 23 6 43 47 21 12 11 22 18 42 49 38 20 34 29 25 14 37 9 31 15 26 13 41 46 19 24 45 44 33 48 36 3 39 8 5 40 17 30 
student 433: 4 48 33 15 7 1 28 35 13 27 3 23 2 43 44 19 14 9 21 18 40 49 45 20 34 29 24 16 38 10 30 12 25 11 39 50 26 22 46 41 31 47 36 5 37 6 8 42 17 32 
student 434: 3 47 27 15 6 2 29 38 16 28 1 22 8 40 42 20 13 9 19 17 43 49 44 21 34 30 23 14 39 10 33 12 24 11 37 50 25 26 46 45 31 48 35 4 36 7 5 41 18 32 
student 435: 1 49 30 15 6 3 28 35 12 27 2 22 4 42 47 20 11 10 21 19 40 50 41 17 34 29 24 16 39 9 31 14 23 13 38 48 25 26 44 43 33 45 36 5 37 8 7 46 18 32 
student 436: 3 49 30 18 8 1 27 35 11 24 2 22 6 44 45 17 12 9 21 19 39 48 41 20 33 25 23 13 40 7 31 15 28 14 36 50 26 29 46 43 32 47 37 5 38 10 4 42 16 34 
student 437: 4 48 31 15 6 1 28 35 13 27 2 21 9 39 42 18 12 7 24 17 41 46 44 20 36 30 22 19 34 11 32 10 23 14 40 49 26 25 50 47 29 45 37 3 38 8 5 43 16 33 
student 438: 4 49 32 15 3 2 29 39 14 23 1 20 7 42 46 22 11 10 24 18 41 48 43 19 36 28 25 16 37 9 33 13 21 12 38 50 27 26 45 44 30 47 34 6 35 8 5 40 17 31 
student 439: 2 49 31 17 3 1 29 34 15 25 4 23 5 44 45 18 8 10 21 19 37 47 39 20 36 30 22 14 40 11 27 13 24 12 42 48 26 28 50 43 32 46 38 6 35 7 9 41 16 33 
student 440: 6 49 30 15 7 1 24 36 14 28 3 20 8 40 45 16 11 9 22 19 38 48 44 21 35 29 26 17 32 10 31 13 23 12 41 50 25 27 46 43 33 47 37 2 39 5 4 42 18 34 
student 441: 4 49 27 15 10 1 29 40 14 28 3 22 5 42 46 16 12 11 24 17 39 48 44 19 32 30 25 18 38 6 33 9 23 13 36 50 21 26 45 47 31 43 35 7 37 8 2 41 20 34 
student 442: 6 48 28 15 2 1 29 34 16 27 4 22 7 41 45 18 11 9 20 19 39 47 44 21 32 33 23 14 37 10 30 13 25 12 38 49 26 24 46 43 31 50 36 5 40 8 3 42 17 35 
student 443: 1 47 30 15 4 3 28 35 14 27 2 26 7 40 45 16 12 6 18 19 39 48 44 23 33 29 22 20 42 10 31 13 24 11 38 50 25 21 49 43 32 46 36 5 37 9 8 41 17 34 
student 444: 3 48 31 16 6 2 27 33 15 26 4 24 7 43 47 20 10 8 23 19 39 50 41 21 38 28 25 17 37 11 30 13 29 12 40 49 14 22 46 45 32 44 34 1 36 9 5 42 18 35 
student 445: 4 49 29 16 7 2 27 34 15 28 1 22 10 39 44 14 9 8 23 17 42 48 43 19 33 30 20 18 38 11 31 13 25 12 40 50 26 24 46 41 36 47 35 3 37 5 6 45 21 32 
student 446: 3 47 29 15 10 2 27 36 13 28 4 22 6 43 48 14 12 8 21 19 39 50 42 20 37 30 24 17 38 1 31 16 25 11 40 49 23 26 45 44 32 46 35 7 34 9 5 41 18 33 
student 447: 4 46 28 16 10 5 29 35 13 27 3 21 8 40 43 19 11 7 24 17 39 48 44 20 34 30 23 18 37 2 31 14 22 9 47 50 25 26 42 49 32 45 36 6 38 12 1 41 15 33 
student 448: 4 50 33 17 1 2 30 34 14 26 3 22 8 35 47 20 10 12 24 19 41 48 44 21 36 28 18 15 37 9 31 11 25 13 40 49 23 27 46 43 29 45 38 5 39 7 6 42 16 32 
student 449: 3 48 29 15 6 1 31 33 13 27 8 26 9 42 43 14 11 7 20 19 39 50 40 22 36 28 24 18 35 10 30 17 23 12 46 49 21 25 45 44 34 47 38 4 37 2 5 41 16 32 
student 450: 2 50 31 16 6 1 27 35 15 28 3 21 10 47 41 17 11 7 23 20 42 48 45 18 30 29 22 14 37 9 34 12 25 13 39 49 26 24 43 44 32 46 36 4 38 8 5 40 19 33 
student 451: 4 49 30 16 6 3 28 34 15 25 1 26 7 42 45 17 10 11 19 20 41 46 44 22 35 29 21 18 38 8 31 13 24 12 39 50 23 27 47 43 33 48 37 2 36 5 9 40 14 32 
student 452: 3 48 31 15 5 1 28 35 17 27 2 22 10 41 43 21 9 8 20 19 44 45 42 18 36 30 23 14 38 12 29 11 26 13 39 49 24 25 50 46 34 47 32 4 37 7 6 40 16 33 
student 453: 3 48 28 14 6 1 30 32 13 27 2 19 8 43 44 17 11 9 22 20 40 49 47 21 36 31 23 18 37 10 29 16 25 12 39 50 24 26 45 41 34 46 35 5 38 7 4 42 15 33 
student 454: 1 48 29 15 5 2 31 37 14 27 3 22 9 44 45 16 11 8 19 17 39 47 42 20 34 28 24 21 35 10 32 12 23 13 38 50 26 25 46 43 36 49 40 6 30 7 4 41 18 33 
student 455: 2 48 29 15 8 1 30 36 13 26 7 24 5 43 45 14 9 11 23 20 37 50 42 18 35 28 22 17 40 6 31 16 21 12 39 49 25 27 46 44 33 47 38 4 32 10 3 41 19 34 
student 456: 3 49 30 14 6 1 26 35 15 28 2 22 10 41 46 18 13 8 21 20 38 48 44 19 32 31 23 16 37 7 33 12 24 11 40 50 25 27 45 42 29 47 39 4 36 9 5 43 17 34 
student 457: 3 50 29 13 6 1 28 36 14 27 2 21 11 38 42 18 10 8 19 22 45 43 46 20 34 30 24 16 35 9 31 15 23 12 40 49 25 26 44 47 32 48 39 5 37 7 4 41 17 33 
student 458: 6 49 29 15 4 1 26 34 14 25 2 23 7 38 46 18 10 9 20 21 39 48 42 19 36 30 22 16 40 12 32 13 27 11 41 50 28 24 45 44 31 47 35 3 37 8 5 43 17 33 
student 459: 3 49 30 15 6 5 28 36 14 27 1 20 7 42 45 18 13 8 22 21 39 47 44 19 32 29 23 17 40 9 31 12 24 10 38 46 26 25 48 43 37 50 34 2 35 11 4 41 16 33 
student 460: 4 49 31 15 8 1 26 36 14 25 2 22 6 41 45 16 12 7 21 20 39 47 46 18 33 29 23 17 37 11 30 13 24 10 35 50 28 27 48 44 34 43 42 3 38 9 5 40 19 32 
student 461: 3 50 34 15 6 1 29 36 14 27 2 22 8 41 47 18 12 10 24 19 44 49 42 21 32 28 23 16 39 7 31 13 20 11 40 48 26 25 45 43 30 46 35 4 38 9 5 37 17 33 
student 462: 3 49 28 14 6 1 29 35 15 27 2 22 5 42 46 16 12 9 21 19 41 48 44 20 31 32 25 17 38 11 30 13 23 10 39 50 24 26 43 45 33 47 36 4 37 8 7 40 18 34 
student 463: 3 49 31 14 7 2 28 34 15 26 1 22 10 40 43 18 11 6 20 19 38 47 41 21 33 29 23 16 37 9 30 13 24 12 36 48 27 25 50 46 32 45 42 4 44 8 5 39 17 35 
student 464: 3 50 28 15 6 2 30 35 10 29 1 23 9 42 46 18 12 7 22 19 40 49 44 20 34 21 25 16 38 11 31 13 24 14 39 45 27 26 47 43 32 48 36 4 37 8 5 41 17 33 
student 465: 5 49 28 15 6 1 30 35 14 26 2 22 8 43 45 19 11 9 18 21 39 48 42 20 34 29 23 16 38 10 33 13 25 12 41 50 24 27 46 44 32 47 36 3 37 7 4 40 17 31 
student 466: 1 49 32 15 6 2 28 36 13 27 5 20 7 43 44 18 11 8 22 19 38 48 39 21 35 30 23 16 40 10 29 14 24 12 41 50 26 25 46 45 31 47 37 4 34 9 3 42 17 33 
student 467: 4 47 30 16 9 2 26 31 10 28 1 22 6 43 41 18 11 7 19 20 40 48 44 21 32 29 23 14 39 15 33 13 24 8 38 50 25 27 45 46 34 49 36 3 37 12 5 42 17 35 
student 468: 4 49 29 10 3 1 28 34 15 27 2 21 11 45 47 17 12 9 22 19 41 48 43 20 35 30 26 14 37 8 31 16 23 13 39 50 24 25 44 42 33 46 36 6 38 7 5 40 18 32 
student 469: 2 50 32 15 6 1 28 35 14 26 3 19 9 42 46 29 12 7 21 18 41 49 43 22 34 27 20 16 37 11 30 13 23 10 40 48 25 24 45 44 33 47 36 5 38 8 4 39 17 31 
student 470: 2 49 31 14 8 1 25 33 16 29 3 20 6 43 45 21 11 7 24 18 40 46 41 19 35 30 22 15 34 10 28 13 23 12 36 50 26 27 48 44 32 47 39 5 38 9 4 42 17 37 
student 471: 4 49 30 15 5 2 29 34 14 26 1 22 10 43 47 18 9 13 20 21 41 48 42 19 32 28 23 16 38 8 31 11 25 12 40 50 24 27 45 44 33 46 36 3 37 7 6 35 17 39 
student 472: 2 48 30 19 6 1 29 35 11 27 4 20 3 43 44 17 12 7 21 18 38 49 45 22 31 28 23 14 37 9 34 15 24 10 39 50 25 26 46 41 32 47 36 5 40 8 13 42 16 33 
student 473: 1 47 31 16 6 2 30 36 11 28 3 22 7 40 45 17 12 10 21 19 43 49 42 20 34 29 25 14 38 15 33 13 23 9 39 50 26 24 48 44 32 46 35 4 37 8 5 41 18 27 
student 474: 4 50 30 16 6 2 26 38 11 24 1 21 7 42 46 20 12 8 19 18 37 48 43 22 33 27 23 15 35 9 31 14 25 13 39 49 28 29 47 44 32 45 34 3 40 10 5 41 17 36 
student 475: 3 49 28 14 6 2 27 36 15 29 1 22 7 41 45 19 9 8 16 20 39 47 42 21 32 31 23 17 37 10 30 13 26 12 38 50 24 25 46 44 33 48 35 4 40 11 5 43 18 34 
student 476: 5 50 28 15 6 1 35 34 14 26 2 23 8 40 44 16 11 9 20 19 41 48 42 21 32 29 22 17 37 10 30 12 27 13 38 49 24 25 45 46 31 47 36 3 33 7 4 39 18 43 
student 477: 4 48 33 15 8 1 25 36 16 29 3 20 6 38 39 19 11 14 22 23 37 47 43 17 35 28 21 18 40 9 31 13 24 10 41 50 26 27 49 46 32 45 34 2 44 7 5 42 12 30 
student 478: 1 47 28 18 6 4 30 37 14 29 2 22 7 40 44 19 10 8 21 16 38 49 43 20 31 26 25 17 36 11 32 12 23 13 41 50 24 27 45 46 33 48 35 3 39 9 5 42 15 34 
student 479: 6 49 29 15 4 1 30 36 14 27 2 23 7 41 46 16 11 9 22 20 39 50 43 21 35 28 18 19 40 10 32 13 24 12 38 48 25 26 45 44 31 47 34 3 37 8 5 42 17 33 
student 480: 4 46 35 15 6 1 27 34 12 25 2 20 8 43 44 16 11 7 23 17 41 49 42 22 33 32 21 18 37 10 29 14 26 13 39 48 28 24 47 45 31 50 38 5 36 9 3 40 19 30 
student 481: 5 49 31 15 4 1 29 34 17 24 3 18 9 42 46 11 10 8 21 20 40 45 43 25 36 30 22 19 38 12 32 14 23 13 39 50 26 27 47 44 28 48 33 6 35 7 2 41 16 37 
student 482: 4 48 31 13 6 2 26 36 15 28 1 22 7 42 43 17 12 8 21 19 37 49 41 20 35 30 24 18 39 11 29 14 23 10 46 50 25 27 45 44 33 47 32 3 38 9 5 40 16 34 
student 483: 3 48 29 15 5 2 30 34 14 24 1 21 6 42 45 18 11 9 19 20 39 50 43 22 33 28 23 17 37 10 31 12 25 13 40 47 26 27 46 44 32 49 36 4 38 8 7 41 16 35 
student 484: 3 50 32 17 6 1 30 35 15 26 2 23 7 44 41 18 8 9 20 19 42 48 43 21 33 28 22 16 39 10 29 13 25 11 38 49 24 27 47 45 34 46 36 5 37 12 4 40 14 31 
student 485: 4 49 30 13 6 2 28 37 11 26 1 22 7 42 44 19 10 9 21 18 40 48 46 20 34 29 25 16 39 12 32 15 24 14 36 50 27 23 45 43 33 47 35 3 38 8 5 41 17 31 
student 486: 4 48 31 16 6 1 28 36 12 27 2 23 7 42 46 18 11 9 22 20 39 45 44 19 34 33 21 15 38 10 32 14 24 13 40 50 25 26 47 43 29 49 30 3 37 8 5 41 17 35 
student 487: 3 49 31 11 7 1 29 32 14 27 4 23 8 44 47 18 10 13 21 20 39 46 43 19 35 28 26 15 38 9 33 12 24 16 40 45 22 25 48 42 34 50 37 5 36 2 6 41 17 30 
student 488: 4 48 31 17 6 1 28 34 14 27 2 24 7 41 45 18 12 8 20 21 38 50 43 19 35 29 22 15 39 11 30 9 23 13 40 49 26 25 46 44 33 47 36 5 37 10 3 42 16 32 
student 489: 2 48 30 15 5 1 27 35 16 26 3 23 9 41 45 17 12 7 20 19 40 49 43 21 34 32 22 14 38 10 31 13 28 11 39 50 24 25 46 44 29 47 36 4 37 6 8 42 18 33 
student 490: 1 50 30 15 6 2 28 34 14 31 3 21 10 42 45 22 12 9 18 17 41 46 43 20 35 26 23 16 38 7 32 13 24 11 40 49 25 27 47 44 33 48 36 4 37 8 5 39 19 29 
student 491: 1 48 31 13 5 2 28 35 15 25 3 22 7 42 45 19 10 14 21 18 39 50 44 20 34 29 26 16 36 6 30 12 27 11 40 49 24 23 43 46 32 47 38 4 37 9 8 41 17 33 
student 492: 4 48 31 15 6 3 27 39 14 28 2 23 7 40 45 16 10 8 20 17 41 50 42 19 34 29 24 18 38 13 30 12 21 11 36 49 25 26 46 44 32 47 33 5 35 9 1 43 22 37 
student 493: 3 50 29 16 6 1 28 34 12 25 2 23 7 40 46 19 13 10 24 18 44 49 43 21 41 30 20 17 36 9 31 15 22 11 38 47 26 27 45 42 35 48 33 4 37 8 5 39 14 32 
student 494: 10 48 31 14 5 1 24 34 13 30 3 21 7 43 46 17 9 6 19 18 39 49 44 25 36 29 28 22 38 11 27 15 20 12 40 50 23 26 47 45 33 41 35 2 37 8 4 42 16 32 
student 495: 2 49 29 16 6 3 27 34 15 26 1 24 7 40 47 17 11 9 22 18 39 48 42 20 36 31 28 14 38 10 30 13 21 12 41 50 23 25 46 44 32 45 35 5 37 8 4 43 19 33 
student 496: 3 49 28 16 6 1 29 33 14 26 2 22 8 42 44 20 12 10 18 19 39 48 43 21 35 30 23 13 45 9 31 15 24 11 38 50 25 27 47 41 32 46 37 4 36 7 5 40 17 34 
student 497: 5 48 30 15 4 1 28 35 14 26 2 20 11 39 45 17 10 8 27 18 38 46 42 21 33 29 24 16 37 9 34 13 23 12 43 50 22 25 47 44 31 49 36 3 40 6 7 41 19 32 
student 498: 2 49 30 15 6 3 29 34 13 26 1 22 7 42 43 17 11 10 19 18 39 48 44 20 38 27 21 16 35 9 31 14 24 12 41 50 25 28 47 45 32 46 37 4 36 8 5 40 23 33 
student 499: 4 49 30 16 6 1 29 35 15 28 2 20 8 44 45 18 11 9 24 23 43 48 41 21 33 26 19 14 39 10 31 13 22 12 40 50 25 27 46 42 32 47 36 3 37 7 5 38 17 34 
