student 0: 44 17 29 10 18 49 12 25 33 21 2 14 32 23 20 40 43 4 6 15 28 50 13 47 5 38 22 46 3 9 8 19 36 34 37 30 24 45 16 1 11 27 31 35 26 39 7 42 48 41 
student 1: 44 18 30 12 22 49 14 26 32 25 3 15 31 23 16 41 43 7 4 13 29 50 11 48 1 36 20 45 6 9 10 21 34 33 37 28 17 47 19 2 5 27 35 38 24 40 8 42 46 39 
student 2: 46 18 29 11 24 49 16 31 34 25 5 13 27 22 14 39 40 6 7 15 28 50 12 48 2 36 17 45 1 8 9 21 35 30 37 32 19 44 20 3 10 26 33 38 23 41 4 43 47 42 
student 3: 43 17 29 10 21 49 16 24 33 25 1 12 28 27 15 40 45 2 5 14 30 50 11 47 3 35 22 44 6 13 7 23 36 32 37 31 18 42 20 4 9 26 34 39 19 38 8 46 48 41 
student 4: 44 16 28 10 22 47 13 25 27 26 1 15 33 23 14 39 40 8 7 12 31 49 18 48 3 34 17 46 4 6 5 21 36 35 37 30 19 50 20 2 11 29 32 38 24 41 9 42 45 43 
student 5: 46 16 28 11 19 44 14 25 32 26 3 15 31 24 20 41 39 6 7 13 27 50 10 47 2 37 21 45 4 8 9 22 35 34 36 30 17 48 18 1 12 29 33 38 23 40 5 42 49 43 
student 6: 47 18 29 10 22 44 15 23 31 28 2 13 32 24 16 40 41 3 7 14 27 49 12 46 1 34 19 45 4 6 9 21 36 33 38 30 20 50 17 5 11 26 35 37 25 39 8 43 48 42 
student 7: 43 17 28 11 21 49 16 25 33 26 5 14 31 23 15 40 41 8 4 13 29 50 7 48 2 35 20 46 3 9 10 19 37 38 34 30 18 47 22 1 12 27 32 36 24 39 6 45 44 42 
student 8: 42 20 30 13 23 48 14 26 32 25 4 15 31 24 16 40 41 5 3 12 29 50 11 47 2 36 21 43 9 6 8 19 35 34 38 27 17 46 18 1 10 28 33 37 22 39 7 44 45 49 
student 9: 46 17 29 8 21 49 15 27 33 25 2 14 32 23 16 41 39 4 6 13 26 50 12 48 1 34 22 44 10 7 9 19 36 30 37 31 20 47 18 3 11 28 35 38 24 40 5 45 43 42 
student 10: 43 16 26 12 23 49 13 19 32 27 3 14 30 24 18 41 40 4 1 15 29 50 11 48 5 38 22 45 7 8 9 21 35 34 37 31 20 47 17 2 10 28 33 36 25 39 6 42 46 44 
student 11: 44 15 29 10 24 46 17 25 32 27 3 14 31 23 13 40 41 8 6 11 28 50 16 48 2 36 21 45 4 5 9 20 34 33 38 30 19 47 18 1 12 26 35 37 22 39 7 43 49 42 
student 12: 46 17 31 9 21 49 16 26 30 25 3 14 32 23 11 40 41 6 5 15 27 47 10 50 2 34 22 44 4 12 8 19 36 33 37 29 20 48 18 1 13 28 35 39 24 38 7 43 42 45 
student 13: 44 15 29 11 22 50 14 25 32 24 4 16 30 26 17 40 42 7 5 12 28 49 9 48 13 36 21 45 3 8 10 20 35 34 37 33 19 47 18 1 2 27 31 38 23 39 6 43 46 41 
student 14: 44 17 29 9 22 47 13 25 36 24 1 15 32 23 16 40 42 4 5 14 28 49 12 50 2 35 21 45 7 8 10 20 33 31 37 30 18 48 19 3 11 27 34 38 26 39 6 43 46 41 
student 15: 48 18 28 14 26 50 15 27 35 24 4 11 31 22 16 40 43 7 5 13 29 47 9 45 2 39 17 44 3 8 10 20 34 33 32 30 19 46 21 1 12 25 37 36 23 41 6 42 49 38 
student 16: 44 17 36 7 22 50 13 24 31 23 3 16 29 27 15 37 41 4 6 12 28 48 11 47 1 35 21 42 5 10 8 19 34 32 38 30 20 49 18 2 14 25 33 39 26 40 9 45 46 43 
student 17: 46 19 30 11 21 48 14 27 33 28 3 15 32 22 16 40 41 5 4 13 26 50 12 47 7 36 24 43 2 6 8 18 29 35 34 31 17 49 20 1 9 23 38 37 25 39 10 45 44 42 
student 18: 43 18 25 9 23 50 12 27 34 26 3 14 28 20 16 38 41 6 5 15 30 47 11 49 2 36 22 45 4 8 13 19 35 33 39 29 21 48 17 1 7 31 32 37 24 40 10 44 46 42 
student 19: 44 14 29 7 25 50 12 23 32 26 3 16 30 22 17 37 40 5 10 15 27 48 9 49 2 38 21 46 4 13 8 20 36 33 35 31 19 45 18 1 11 28 34 39 24 41 6 43 47 42 
student 20: 42 13 28 10 24 49 17 26 33 25 2 15 31 22 16 40 43 6 4 14 29 50 12 47 3 36 21 44 5 9 11 18 34 32 37 30 19 48 20 1 7 27 35 38 23 39 8 41 46 45 
student 21: 47 18 31 10 22 49 15 27 30 25 4 16 28 21 14 40 37 7 3 11 29 50 13 48 1 36 23 44 5 12 9 20 34 38 41 33 19 45 17 2 8 26 32 35 24 39 6 42 46 43 
student 22: 46 12 34 10 22 49 14 28 31 24 2 16 30 23 17 40 43 5 9 13 27 50 15 48 4 39 21 42 3 7 8 20 35 32 38 26 19 44 18 1 11 29 33 36 25 37 6 45 47 41 
student 23: 45 15 32 9 22 49 17 28 27 24 3 12 34 19 13 39 42 5 8 11 29 50 10 48 1 33 20 44 4 6 14 21 37 31 36 30 23 47 18 2 16 26 38 35 25 40 7 43 46 41 
student 24: 44 17 28 11 22 49 12 26 33 25 3 14 31 24 16 41 43 6 5 15 30 47 13 48 2 35 21 46 4 8 9 19 32 34 37 29 18 50 20 1 10 27 36 38 23 39 7 42 45 40 
student 25: 43 15 28 10 25 49 16 26 31 23 1 14 35 24 17 39 40 4 3 12 29 50 13 48 5 36 22 44 7 6 9 20 32 33 37 30 19 45 18 2 11 27 34 41 21 38 8 46 47 42 
student 26: 45 14 29 7 24 49 16 25 32 23 2 15 31 21 17 41 40 4 8 13 26 50 12 48 1 36 20 44 3 9 10 19 34 33 37 30 22 47 18 5 11 27 35 38 28 39 6 43 46 42 
student 27: 43 15 29 7 21 49 14 27 32 25 5 17 31 23 16 42 40 6 2 13 28 50 11 48 1 37 19 44 4 9 12 22 35 33 36 30 20 47 18 3 10 26 34 38 24 39 8 41 46 45 
student 28: 44 17 29 10 23 49 12 25 34 24 1 15 31 22 16 40 41 7 3 14 28 50 13 48 5 36 21 46 4 9 11 19 35 39 33 30 20 47 18 2 8 26 32 37 27 38 6 43 45 42 
student 29: 44 16 26 12 21 49 14 25 32 24 4 15 30 22 17 41 40 6 8 13 28 50 11 48 3 36 27 47 2 5 10 19 35 33 37 31 18 46 20 1 7 29 34 38 23 39 9 42 45 43 
student 30: 39 17 29 9 22 44 16 27 35 25 2 12 31 21 13 41 43 6 5 15 28 48 14 50 3 34 24 46 4 11 10 19 37 32 36 30 20 49 18 1 8 26 33 40 23 38 7 45 47 42 
student 31: 43 18 28 9 17 49 15 25 31 26 1 12 34 23 16 39 41 5 8 13 29 50 11 48 2 36 22 45 3 7 10 21 33 32 37 30 20 47 19 4 14 27 35 38 24 40 6 44 46 42 
student 32: 43 16 26 11 21 49 10 24 35 28 2 13 27 20 15 39 41 6 5 22 29 50 14 48 4 36 23 44 3 8 9 18 33 31 38 32 19 47 17 1 12 30 34 37 25 40 7 46 45 42 
student 33: 43 17 29 9 21 48 12 25 32 26 2 15 30 23 16 49 39 4 6 14 28 50 13 47 5 40 22 45 3 10 8 20 35 33 36 31 18 46 19 1 11 27 34 37 24 38 7 41 44 42 
student 34: 44 18 27 11 21 50 13 29 34 25 2 16 31 22 14 37 41 9 5 15 28 48 8 49 1 40 24 45 3 6 10 20 35 32 39 30 17 47 19 4 12 23 33 38 26 36 7 42 46 43 
student 35: 41 16 29 10 23 42 14 27 30 28 3 15 32 20 18 43 44 9 7 13 25 50 12 49 2 37 22 45 5 6 8 21 34 33 35 31 19 48 17 1 11 26 39 36 24 38 4 47 46 40 
student 36: 42 17 30 10 23 50 14 26 33 24 4 15 28 22 16 41 39 2 6 13 27 49 9 48 3 37 20 46 5 11 8 25 35 34 40 31 21 44 19 1 12 29 32 38 18 36 7 45 47 43 
student 37: 45 19 28 10 22 49 13 31 27 24 5 15 32 25 18 41 40 3 6 12 29 50 11 48 2 36 21 43 4 8 9 20 35 34 39 33 17 46 16 1 14 26 30 37 23 38 7 44 47 42 
student 38: 46 20 28 10 22 50 12 26 31 24 3 15 34 23 16 40 43 8 4 13 27 48 14 49 1 37 19 45 5 7 9 21 32 33 36 30 18 47 17 2 11 29 35 38 25 39 6 42 44 41 
student 39: 43 16 29 12 22 50 14 25 32 23 4 15 31 24 17 44 40 5 9 13 28 48 11 49 1 36 20 45 2 7 8 19 35 33 37 30 18 47 21 3 10 27 34 38 26 39 6 42 46 41 
student 40: 45 20 29 9 19 50 13 24 33 27 2 16 26 23 14 37 43 5 3 15 31 49 11 46 8 36 22 47 4 7 6 21 35 32 41 30 17 48 18 1 12 28 34 39 25 38 10 42 40 44 
student 41: 44 15 29 12 21 48 14 28 31 26 2 17 30 22 16 38 41 6 4 11 27 50 10 49 1 39 25 46 5 7 13 20 33 34 36 32 19 45 18 3 8 23 35 40 24 37 9 43 47 42 
student 42: 44 14 27 7 18 49 17 25 34 24 2 15 29 23 19 38 41 6 8 13 31 50 10 48 4 36 21 45 3 9 11 22 35 33 39 30 20 47 16 1 12 28 32 37 26 40 5 43 46 42 
student 43: 42 17 29 11 21 50 16 26 32 24 1 15 30 25 14 38 41 5 4 13 28 49 12 48 6 36 22 47 3 8 9 19 34 33 37 31 18 46 20 2 10 27 35 39 23 40 7 44 45 43 
student 44: 44 15 29 9 23 49 16 27 32 25 6 14 30 24 17 43 42 7 10 8 28 50 13 48 1 36 21 45 4 11 5 20 35 34 37 31 19 46 18 2 12 26 33 38 22 39 3 47 41 40 
student 45: 44 17 29 10 22 50 15 27 31 26 6 14 30 25 16 41 38 4 1 12 28 49 8 47 2 33 21 45 5 9 7 20 35 37 39 32 18 46 19 13 11 24 34 36 23 40 3 42 48 43 
student 46: 46 15 29 11 21 49 17 26 32 24 3 13 31 25 19 40 43 4 7 12 28 50 10 48 1 35 20 41 5 8 9 23 36 34 37 30 18 47 16 2 14 27 33 38 22 39 6 44 42 45 
student 47: 44 17 29 10 23 47 11 25 32 24 7 16 33 20 14 40 41 8 4 15 27 50 12 49 5 36 22 46 1 6 9 21 38 31 37 30 19 48 18 2 13 28 34 35 26 39 3 42 45 43 
student 48: 42 18 32 10 23 46 14 25 29 26 3 15 31 22 16 41 40 4 6 13 28 50 8 47 2 35 20 44 5 12 9 19 36 33 38 30 17 49 21 1 11 27 34 39 24 37 7 43 48 45 
student 49: 45 17 29 10 21 46 14 28 34 22 3 15 31 25 16 41 39 7 4 12 24 50 13 49 2 37 23 43 5 8 9 19 33 32 38 30 20 48 18 1 11 27 36 40 26 35 6 42 47 44 
student 50: 41 17 29 9 21 47 15 22 36 24 2 16 31 26 14 38 40 6 5 13 28 50 12 48 3 34 23 45 4 7 10 19 37 32 35 30 18 49 20 1 11 25 33 39 27 42 8 44 46 43 
student 51: 44 13 29 9 21 49 16 26 33 23 4 15 32 24 18 40 43 6 5 14 27 50 11 47 3 36 22 45 1 7 12 17 35 34 38 30 19 48 20 2 10 25 31 37 28 39 8 42 46 41 
student 52: 43 16 29 9 23 49 15 27 32 25 4 13 31 24 17 41 40 3 6 12 26 50 10 47 2 36 22 46 5 11 7 21 33 37 34 30 19 48 18 1 14 28 35 38 20 39 8 42 45 44 
student 53: 46 14 26 10 24 50 15 25 30 21 3 18 34 23 20 39 44 8 5 13 28 49 12 45 1 32 22 43 4 6 7 19 37 31 38 36 16 48 17 2 11 27 33 40 29 35 9 42 47 41 
student 54: 46 18 29 10 25 50 11 24 31 23 3 15 36 26 16 35 42 6 5 14 30 49 13 48 1 39 21 44 4 9 8 20 32 37 34 28 19 45 17 2 12 27 33 38 22 41 7 40 47 43 
student 55: 44 17 31 6 22 49 16 25 32 27 3 13 30 23 15 39 41 4 7 14 28 50 12 48 2 34 19 46 5 8 9 21 36 33 38 29 20 47 18 1 10 26 35 37 24 40 11 43 45 42 
student 56: 44 18 29 10 23 50 15 26 32 25 8 14 31 24 17 41 40 4 5 12 28 49 13 48 3 38 21 42 2 6 9 20 37 33 35 30 19 47 16 1 11 27 36 39 22 34 7 46 45 43 
student 57: 46 17 29 11 22 45 14 26 30 24 5 15 34 25 16 37 41 7 3 12 28 49 9 47 2 38 21 43 4 8 10 19 35 31 36 32 18 50 20 1 13 27 33 40 23 42 6 44 48 39 
student 58: 45 17 25 11 23 46 15 26 31 27 3 14 32 22 16 40 42 8 7 12 29 49 13 44 2 36 19 48 4 10 6 21 35 33 38 30 18 47 20 1 9 28 34 39 24 37 5 41 50 43 
student 59: 43 16 28 11 20 49 13 25 29 22 3 15 31 24 14 41 42 4 7 12 36 50 18 48 1 35 19 44 5 9 8 23 32 34 37 33 21 46 17 2 10 27 30 38 26 39 6 45 47 40 
student 60: 44 16 28 8 20 48 17 26 31 25 3 14 30 24 15 41 40 5 6 12 27 50 13 49 1 36 22 45 4 7 11 19 33 35 38 32 23 47 18 2 10 29 34 37 21 39 9 43 46 42 
student 61: 44 18 31 11 23 49 12 26 29 24 4 15 34 25 16 41 39 3 8 14 27 50 13 47 2 36 21 45 5 7 9 19 37 32 35 28 17 46 20 1 10 30 33 40 22 38 6 43 48 42 
student 62: 44 17 29 9 22 48 11 26 32 25 4 14 30 23 16 40 39 8 3 12 28 50 15 47 2 38 19 45 5 13 6 21 35 33 41 31 18 46 20 1 10 27 34 36 24 37 7 42 49 43 
student 63: 44 19 26 10 24 45 18 28 32 27 2 14 30 21 15 39 41 4 6 13 25 50 9 49 1 35 23 47 5 8 11 20 37 33 36 31 16 48 17 3 12 29 34 40 22 38 7 43 46 42 
student 64: 44 15 28 12 23 48 14 26 32 24 4 16 31 22 17 39 42 5 6 10 29 49 13 50 3 37 21 45 1 8 9 20 36 33 35 30 18 47 19 2 11 27 34 41 25 38 7 43 46 40 
student 65: 44 17 29 12 24 48 13 27 32 25 10 15 31 23 16 41 42 5 7 9 26 50 14 49 2 33 20 45 3 4 8 19 34 36 38 30 18 46 22 1 11 28 37 35 21 39 6 43 47 40 
student 66: 44 15 25 9 21 49 16 27 28 26 2 14 32 24 17 39 40 4 11 13 29 50 12 47 1 37 22 45 5 8 7 20 35 34 38 31 19 48 18 3 10 30 33 36 23 41 6 43 46 42 
student 67: 43 19 30 9 20 50 10 26 31 25 4 15 32 23 16 39 41 5 7 14 27 49 12 46 3 35 21 45 2 8 11 18 34 33 37 28 17 48 22 1 13 29 36 38 24 40 6 44 47 42 
student 68: 46 11 29 12 21 48 16 26 33 25 2 15 31 24 17 41 40 7 5 14 28 50 13 49 3 34 22 43 4 8 9 20 36 32 38 30 19 45 18 1 10 27 35 39 23 37 6 47 44 42 
student 69: 40 18 27 10 22 49 17 29 32 24 3 16 33 25 14 38 39 1 5 13 26 48 12 45 4 36 21 44 6 8 9 20 34 31 37 30 19 50 15 2 11 28 35 41 23 42 7 46 47 43 
student 70: 44 18 31 6 22 48 17 30 34 25 3 14 28 23 15 41 40 9 7 13 29 50 11 49 2 35 20 45 4 5 8 21 33 36 37 27 19 47 16 1 12 26 32 38 24 39 10 42 46 43 
student 71: 42 18 29 11 23 49 14 24 30 25 3 16 31 22 15 40 44 5 7 13 26 50 10 47 2 36 20 43 4 8 12 21 35 33 37 32 19 45 17 1 6 28 34 38 27 39 9 46 48 41 
student 72: 41 18 28 10 22 46 14 26 32 23 2 20 31 24 15 47 38 6 5 13 29 49 12 50 4 36 21 48 3 8 9 19 35 33 37 30 17 45 16 1 11 27 34 39 25 42 7 43 44 40 
student 73: 41 16 30 7 24 49 13 26 33 25 2 15 29 23 17 38 42 6 5 14 28 47 12 48 3 37 22 50 4 8 10 21 32 35 39 31 19 45 18 1 11 27 34 43 20 36 9 46 44 40 
student 74: 45 19 29 7 21 48 12 24 32 26 4 15 30 23 16 40 42 3 5 13 27 50 14 49 1 36 22 44 6 10 8 17 34 33 38 31 18 47 20 2 11 28 35 39 25 37 9 43 46 41 
student 75: 46 16 28 10 20 50 13 27 34 24 3 12 32 21 17 41 38 4 2 15 29 49 11 48 5 35 19 42 7 8 9 23 37 33 36 30 18 47 22 1 14 25 31 39 26 40 6 43 45 44 
student 76: 43 18 30 13 22 48 14 25 32 24 3 17 29 28 15 41 40 7 4 12 27 49 10 50 2 36 21 42 6 8 9 20 35 33 37 31 19 47 16 1 11 26 34 39 23 38 5 46 44 45 
student 77: 44 17 29 8 21 50 11 28 31 23 3 15 30 25 13 42 40 10 7 14 27 48 16 49 1 38 20 45 4 12 5 22 33 32 36 34 19 46 18 2 9 26 35 37 24 39 6 41 47 43 
student 78: 45 16 29 7 22 48 14 30 32 28 3 15 31 26 18 41 38 4 6 12 27 50 13 47 2 36 19 43 5 9 10 20 35 33 37 25 24 44 17 1 11 21 34 40 23 39 8 46 49 42 
student 79: 46 18 28 10 21 48 15 25 33 26 3 17 30 23 16 41 42 5 6 12 29 50 14 49 2 37 22 44 4 9 8 20 34 31 38 32 19 45 13 1 11 27 35 39 24 36 7 43 47 40 
student 80: 44 19 30 10 20 49 14 24 36 26 4 16 31 25 15 39 41 6 5 13 28 50 12 48 3 37 22 45 1 8 9 21 32 33 42 29 18 47 17 2 11 27 34 35 23 38 7 43 46 40 
student 81: 43 17 28 14 24 48 12 30 32 25 8 11 29 21 15 37 41 5 1 10 27 50 16 49 3 38 23 45 4 7 9 20 34 33 39 31 19 47 18 2 13 26 36 40 22 35 6 44 46 42 
student 82: 48 16 28 10 22 42 14 24 32 26 3 15 31 23 17 40 41 7 6 13 29 45 12 50 1 35 20 49 4 8 9 21 33 34 36 30 19 46 18 2 11 27 37 39 25 38 5 44 43 47 
student 83: 44 16 31 10 23 49 13 28 29 24 3 14 32 25 17 41 39 6 5 15 27 50 12 47 2 35 20 40 4 9 7 21 34 33 36 30 19 48 18 1 11 26 38 43 22 37 8 45 46 42 
student 84: 41 18 29 10 21 46 14 24 33 25 3 15 32 23 16 39 43 7 4 13 28 50 12 42 1 36 22 47 5 9 8 19 31 35 38 30 20 48 17 2 11 26 34 37 27 40 6 45 49 44 
student 85: 44 17 27 11 23 46 14 28 32 26 3 13 30 22 15 40 42 8 6 18 29 50 12 49 1 36 21 47 4 9 7 20 31 34 37 33 19 48 16 2 10 24 35 38 25 39 5 43 45 41 
student 86: 42 15 29 8 23 49 12 22 32 27 2 17 31 25 14 41 39 5 3 13 21 50 16 47 1 36 24 45 6 9 10 20 37 34 35 30 19 48 18 4 11 28 33 40 26 38 7 43 46 44 
student 87: 43 17 30 8 25 49 11 26 34 27 3 16 32 22 15 37 44 6 7 14 28 50 13 48 2 40 21 46 4 9 10 20 39 31 33 29 18 47 19 1 12 23 35 38 24 36 5 42 45 41 
student 88: 42 19 30 6 22 45 14 26 32 25 7 16 33 23 15 40 44 5 4 13 27 50 12 49 2 36 21 46 3 8 10 17 35 34 37 28 20 48 18 1 11 29 31 39 24 38 9 41 47 43 
student 89: 44 20 29 7 21 49 14 25 34 28 3 16 31 23 15 40 41 6 5 13 26 50 9 48 1 32 22 46 4 8 12 19 36 33 37 30 18 47 17 2 10 27 35 39 24 38 11 42 45 43 
student 90: 45 17 30 9 23 49 14 20 34 26 3 15 35 24 16 39 41 5 10 13 28 50 11 48 2 36 22 46 4 8 12 18 37 31 33 29 21 47 19 1 7 27 32 38 25 40 6 43 44 42 
student 91: 45 17 31 9 21 49 15 25 32 24 3 14 29 23 16 41 40 8 4 10 30 50 13 48 1 35 20 44 2 6 11 22 39 33 36 28 18 47 19 7 12 27 34 37 26 38 5 42 46 43 
student 92: 47 17 27 10 21 49 12 26 31 24 3 14 32 23 16 41 40 6 9 15 29 50 13 48 5 36 18 44 4 7 8 20 35 33 38 30 22 45 19 1 11 28 34 37 25 39 2 42 46 43 
student 93: 45 18 27 9 24 49 13 26 32 29 4 17 33 22 15 42 39 5 6 14 30 50 10 47 2 38 21 44 3 7 11 20 36 28 34 31 19 46 16 1 12 25 35 37 23 40 8 41 48 43 
student 94: 42 18 30 10 24 50 16 26 32 23 1 13 28 19 15 41 43 5 4 14 29 49 11 47 2 35 22 46 6 7 9 21 34 33 40 31 17 48 20 3 12 27 37 36 25 39 8 38 45 44 
student 95: 44 19 30 9 23 46 13 27 32 29 3 16 28 22 14 40 38 6 4 17 26 50 12 48 1 41 20 45 5 8 10 18 39 33 35 31 15 49 21 2 11 25 34 36 24 37 7 43 47 42 
student 96: 40 19 31 11 24 49 15 27 36 23 1 14 33 21 16 38 42 7 6 13 30 50 12 48 4 37 20 44 5 8 9 22 35 32 29 28 17 46 18 2 10 26 34 39 25 41 3 45 47 43 
student 97: 45 16 27 10 24 48 13 23 31 28 2 15 29 22 17 39 42 5 7 14 30 49 12 47 3 34 21 44 4 9 6 20 36 32 38 33 19 46 18 1 11 26 35 37 25 40 8 41 50 43 
student 98: 42 17 31 12 22 50 15 27 34 24 4 16 28 26 14 41 40 6 5 13 25 49 10 47 3 33 21 45 1 9 11 20 36 35 39 32 19 46 18 2 8 29 30 37 23 38 7 44 48 43 
student 99: 40 17 28 9 22 47 13 27 32 25 3 15 31 23 18 41 42 6 5 14 29 50 12 48 2 37 21 44 4 8 10 19 36 33 35 30 16 45 20 1 11 24 34 38 26 39 7 43 49 46 
student 100: 44 18 25 13 19 48 14 28 32 26 1 16 30 23 17 36 40 6 5 12 29 49 11 50 3 37 21 47 4 9 10 15 35 33 38 31 22 45 20 2 8 27 34 39 24 41 7 43 46 42 
student 101: 48 16 30 9 23 49 15 27 32 24 4 17 29 20 14 39 42 7 2 13 26 50 12 46 3 36 21 44 5 10 8 19 35 34 38 31 22 45 18 1 11 28 33 40 25 37 6 41 47 43 
student 102: 45 18 32 9 20 48 15 26 29 25 3 17 31 22 14 40 41 6 5 12 28 50 13 47 2 36 21 46 4 10 7 23 34 33 38 30 19 49 16 1 11 27 35 37 24 39 8 43 44 42 
student 103: 43 17 29 10 23 50 15 26 32 25 2 13 33 22 18 40 42 4 8 12 27 48 11 47 7 36 20 44 3 9 6 21 34 31 37 30 16 49 19 1 14 28 35 38 24 39 5 46 45 41 
student 104: 48 20 29 11 23 49 12 27 33 25 4 14 32 21 17 39 42 7 3 13 28 50 15 47 2 37 22 43 5 6 10 18 35 31 36 30 19 46 16 1 8 26 34 38 24 41 9 45 44 40 
student 105: 46 16 31 10 22 50 15 26 29 24 4 13 30 20 17 39 40 5 6 11 27 45 14 47 2 37 25 44 3 8 9 18 33 34 41 32 19 49 23 1 12 28 35 36 21 38 7 43 48 42 
student 106: 42 17 27 10 22 50 19 28 33 25 2 13 31 23 15 41 40 6 4 12 30 49 14 48 1 37 21 45 3 9 7 20 36 34 35 29 16 47 18 5 11 26 32 38 24 39 8 44 46 43 
student 107: 45 21 32 10 15 49 12 26 30 25 2 16 31 23 17 39 41 7 4 14 28 50 11 48 6 37 22 42 3 9 5 20 35 33 36 29 19 47 18 1 13 27 34 38 24 43 8 46 44 40 
student 108: 43 18 30 12 21 50 14 28 33 24 1 17 31 25 15 42 40 5 7 13 26 48 9 46 3 36 16 44 4 6 11 19 34 32 37 27 23 49 20 2 10 29 35 38 22 39 8 41 47 45 
student 109: 44 17 24 10 22 47 15 26 31 27 4 16 32 23 14 38 42 3 6 11 30 50 12 45 2 36 21 46 5 8 9 20 34 33 37 29 19 49 18 1 13 28 35 41 25 39 7 48 43 40 
student 110: 44 18 30 11 21 49 15 26 33 25 2 14 29 23 17 37 41 7 5 12 28 50 13 48 1 36 22 45 4 6 10 19 34 35 38 31 20 47 16 3 8 27 32 39 24 40 9 43 46 42 
student 111: 45 14 31 9 22 47 15 23 33 25 2 10 32 27 18 39 41 6 5 13 28 50 17 49 3 35 21 44 4 12 8 20 34 36 37 30 19 46 16 1 11 26 29 40 24 38 7 43 48 42 
student 112: 43 12 29 11 22 50 16 27 33 24 3 17 28 25 15 41 39 8 5 14 26 47 13 46 4 36 19 48 2 7 9 21 34 31 37 32 20 49 18 1 10 30 35 38 23 40 6 44 45 42 
student 113: 45 16 29 11 25 49 18 28 32 27 3 14 31 20 15 35 41 4 7 12 26 50 10 48 5 37 24 43 1 8 9 22 38 34 33 30 19 47 17 2 13 23 36 40 21 39 6 44 46 42 
student 114: 44 18 27 14 21 49 15 26 32 25 2 12 31 22 16 39 41 9 4 13 28 50 10 48 1 36 23 47 3 6 8 20 35 34 40 30 17 46 19 5 11 29 33 38 24 37 7 43 45 42 
student 115: 45 16 30 11 23 48 14 26 32 24 2 15 31 27 18 40 39 7 5 13 29 50 10 49 3 35 21 43 4 8 6 20 41 34 36 28 19 46 17 1 12 25 33 37 22 38 9 42 47 44 
student 116: 44 17 29 11 24 48 15 26 32 23 2 16 31 21 14 42 41 6 7 12 28 50 13 47 3 34 22 45 4 9 8 19 36 35 37 30 20 49 18 1 10 27 33 38 25 39 5 43 46 40 
student 117: 43 18 31 10 19 49 15 22 34 29 4 14 32 16 17 41 42 7 5 11 26 50 13 47 2 36 24 46 3 9 8 21 33 28 37 30 23 48 20 1 12 25 35 39 27 38 6 44 45 40 
student 118: 43 18 29 4 22 48 14 27 32 24 3 15 31 23 16 40 41 6 7 11 28 50 13 45 1 38 21 44 5 9 8 19 34 33 37 30 20 49 17 2 12 25 36 39 26 35 10 47 46 42 
student 119: 44 19 30 9 20 49 13 27 31 22 4 17 32 21 18 43 40 6 5 15 28 50 12 48 1 35 23 47 2 8 10 24 37 34 36 29 16 46 14 3 11 26 33 38 25 39 7 42 45 41 
student 120: 45 18 29 8 23 46 15 24 32 27 1 14 31 26 17 38 42 7 5 13 25 48 11 49 4 36 21 44 3 6 12 22 34 33 37 30 16 50 19 2 9 28 35 39 20 40 10 43 47 41 
student 121: 41 20 29 9 23 47 13 26 34 24 2 15 30 22 16 42 45 5 6 14 28 50 12 49 3 35 18 44 4 10 8 17 36 32 37 31 19 46 21 1 11 25 33 38 27 40 7 43 48 39 
student 122: 44 17 29 12 20 47 14 31 32 24 1 16 30 23 15 40 42 7 3 13 26 50 11 49 4 35 21 45 5 6 10 18 36 33 37 27 22 48 19 2 9 28 34 38 25 39 8 43 41 46 
student 123: 37 15 31 17 21 49 18 24 32 27 6 14 30 23 13 42 40 5 4 12 28 50 11 47 2 41 20 45 3 7 9 19 34 36 35 29 16 44 22 1 10 26 33 38 25 39 8 46 48 43 
student 124: 46 17 30 13 24 48 9 26 32 25 4 16 27 22 14 38 41 2 5 15 29 49 12 47 3 35 21 45 7 8 10 19 34 37 39 31 20 44 18 1 11 28 33 36 23 40 6 42 50 43 
student 125: 44 17 29 13 24 48 14 26 32 22 3 15 31 25 16 40 42 6 5 12 28 50 8 49 4 38 21 45 2 7 11 20 36 33 37 30 19 47 18 1 9 27 34 35 23 39 10 43 46 41 
student 126: 44 15 28 9 19 48 14 29 30 26 4 12 35 24 11 38 42 5 6 16 25 46 13 50 2 36 21 45 3 7 10 22 34 33 39 32 18 49 17 1 20 27 31 37 23 40 8 43 47 41 
student 127: 45 19 29 11 23 49 16 26 32 24 7 13 30 27 18 40 41 6 5 12 25 50 14 48 1 37 22 47 2 8 10 20 36 33 35 31 15 46 17 4 9 28 34 38 21 39 3 44 43 42 
student 128: 44 16 32 13 22 48 10 27 24 29 4 17 34 25 15 40 39 6 3 9 30 50 14 49 2 36 21 42 7 8 11 20 35 28 37 33 19 47 18 1 12 26 31 38 23 43 5 41 46 45 
student 129: 45 16 30 11 21 48 15 23 35 25 4 14 31 24 17 37 42 8 7 12 28 49 13 50 1 38 22 44 2 9 10 20 36 29 34 32 19 47 18 3 6 27 33 39 26 40 5 41 46 43 
student 130: 43 17 30 11 21 47 13 29 32 25 3 14 31 23 15 39 41 6 5 16 27 50 12 49 2 34 20 45 4 8 9 19 36 33 38 28 24 46 18 1 10 26 35 40 22 37 7 48 44 42 
student 131: 44 16 31 8 21 48 15 27 30 25 3 14 29 24 17 38 45 6 5 12 28 50 13 49 2 37 23 46 4 7 11 20 32 34 40 33 19 47 18 1 10 26 36 35 22 41 9 43 42 39 
student 132: 46 15 29 9 23 45 14 26 33 27 6 18 34 25 12 41 39 8 3 16 28 50 13 47 1 32 22 44 10 4 7 20 36 35 37 30 19 49 17 2 11 24 31 38 21 40 5 43 48 42 
student 133: 44 15 29 8 24 49 13 25 34 27 4 16 32 20 18 39 42 3 5 14 28 50 12 48 1 37 23 45 2 10 6 21 35 30 36 31 19 46 17 7 11 26 33 38 22 40 9 41 47 43 
student 134: 46 14 30 10 23 49 16 22 31 28 4 13 32 25 18 43 45 3 7 15 27 50 12 48 2 36 21 42 6 8 9 20 35 34 41 29 19 47 17 1 11 26 33 38 24 39 5 40 44 37 
student 135: 43 18 29 10 20 50 14 25 32 27 4 15 31 23 16 39 41 5 3 13 28 48 12 49 2 36 19 45 7 8 9 21 33 35 37 30 17 47 22 1 11 26 34 40 24 38 6 42 46 44 
student 136: 43 18 26 11 23 48 13 29 33 25 1 14 31 21 16 47 39 4 2 12 27 49 10 50 3 35 22 45 6 8 9 20 40 32 36 30 19 46 17 5 15 28 34 37 24 38 7 42 44 41 
student 137: 45 17 28 6 21 49 15 25 32 30 3 12 29 22 16 41 42 4 5 13 27 50 14 48 2 37 23 47 7 8 11 20 36 33 38 31 19 44 18 1 10 26 34 35 24 39 9 43 46 40 
student 138: 45 18 27 10 24 50 14 25 32 26 2 15 30 22 17 39 40 7 5 13 29 48 12 47 3 35 21 44 4 8 9 20 36 34 37 31 19 49 16 1 11 28 33 38 23 41 6 43 46 42 
student 139: 47 13 30 12 22 50 15 25 32 24 4 16 31 21 17 39 41 6 5 14 28 48 10 49 3 38 23 43 2 9 7 20 34 29 35 33 19 46 18 1 11 27 36 40 26 37 8 44 45 42 
student 140: 45 15 30 10 22 49 11 27 35 25 2 16 31 23 17 38 41 6 5 14 29 50 13 46 3 40 21 44 4 8 12 20 34 33 36 28 19 48 18 1 9 26 32 37 24 39 7 42 47 43 
student 141: 45 17 29 11 22 47 13 28 32 25 3 16 31 23 15 41 40 7 6 14 26 50 10 49 1 37 21 44 4 9 8 19 33 34 36 30 20 48 18 2 12 27 35 38 24 39 5 42 46 43 
student 142: 39 17 28 6 21 49 11 27 32 26 3 15 30 24 18 38 43 5 2 10 29 48 14 50 4 40 23 42 7 9 12 20 35 33 36 31 16 44 19 1 13 25 34 37 22 41 8 47 46 45 
student 143: 44 18 29 11 22 50 14 25 31 26 7 16 32 23 15 40 42 5 1 10 28 48 12 46 2 36 19 45 4 8 9 21 33 35 37 30 20 47 17 3 13 27 34 38 24 43 6 41 49 39 
student 144: 44 16 30 18 23 48 13 25 31 24 3 14 32 21 15 39 38 4 6 11 28 50 8 49 2 36 20 46 5 9 10 22 35 33 37 29 19 47 17 1 12 27 34 41 26 42 7 43 45 40 
student 145: 39 20 28 11 21 48 12 25 31 26 6 16 32 22 17 42 45 3 4 15 29 50 13 49 2 35 19 43 7 8 9 23 41 33 36 30 14 44 18 1 10 27 34 37 24 40 5 46 47 38 
student 146: 43 16 24 10 22 49 14 31 36 25 4 15 30 26 20 42 44 9 3 13 28 50 12 48 2 35 18 46 5 7 6 17 33 32 37 29 19 47 21 1 11 23 34 38 27 39 8 41 45 40 
student 147: 43 17 32 9 23 49 15 29 30 27 2 13 28 22 16 44 38 7 5 14 31 50 12 48 1 39 21 45 3 8 10 19 34 36 35 26 20 47 18 4 11 25 33 37 24 41 6 42 46 40 
student 148: 45 18 29 15 22 44 12 25 32 26 3 14 31 23 16 37 40 7 4 9 28 50 11 48 2 36 21 46 5 6 10 19 30 33 38 35 20 49 17 1 13 27 34 41 24 39 8 43 47 42 
student 149: 44 18 28 5 21 50 14 26 32 25 3 15 31 23 16 38 42 7 6 12 30 49 10 48 2 33 22 46 4 8 13 20 35 34 36 29 17 47 19 1 9 27 40 39 24 37 11 43 45 41 
student 150: 45 12 29 7 20 49 16 28 32 25 2 11 31 23 19 39 40 6 5 14 27 50 13 47 1 37 21 46 4 9 18 22 36 33 35 30 17 48 15 3 10 26 34 38 24 41 8 44 43 42 
student 151: 44 13 29 18 20 47 12 25 32 26 2 16 31 24 15 40 41 7 6 14 28 50 11 49 4 38 21 46 3 8 10 23 34 33 36 27 22 48 17 1 9 30 35 37 19 39 5 45 42 43 
student 152: 42 18 30 12 23 50 13 25 31 28 3 15 32 24 16 40 43 4 6 14 29 49 11 44 2 37 21 45 5 8 9 17 36 33 39 26 20 48 19 1 10 27 34 35 22 38 7 46 47 41 
student 153: 44 14 26 10 22 50 13 25 31 23 3 16 27 21 17 40 43 2 5 15 35 48 11 46 4 30 24 45 6 9 8 18 38 33 39 29 20 49 19 1 12 32 36 34 28 37 7 42 47 41 
student 154: 44 17 29 11 23 49 15 27 32 26 6 13 31 22 18 39 42 8 1 12 28 50 14 48 3 35 19 46 7 4 10 21 34 33 36 30 16 47 20 2 5 25 37 38 24 41 9 43 45 40 
student 155: 43 18 32 5 22 49 17 25 30 26 3 13 31 23 14 41 46 7 6 15 28 50 12 45 1 35 21 44 4 9 10 19 39 33 37 29 20 48 16 2 11 27 34 36 24 38 8 42 47 40 
student 156: 49 17 29 7 25 46 18 28 34 23 4 15 33 24 14 39 41 3 6 11 26 48 9 47 2 37 21 45 5 8 13 19 32 31 35 30 20 50 16 1 10 27 40 38 22 36 12 43 44 42 
student 157: 44 18 29 6 21 46 16 25 32 26 4 14 30 22 15 40 42 7 5 13 28 47 12 50 2 35 24 45 3 10 9 19 37 34 36 31 20 48 17 1 11 27 33 39 23 38 8 43 49 41 
student 158: 47 18 29 12 23 50 14 26 31 21 3 16 32 25 15 37 41 7 6 13 28 49 9 46 1 38 22 44 4 5 11 17 34 35 39 30 19 45 20 2 10 27 33 36 24 40 8 43 48 42 
student 159: 43 17 29 11 20 49 16 27 32 24 4 12 30 22 14 39 42 6 5 13 28 50 15 48 1 37 23 44 3 7 9 19 33 35 36 31 21 47 18 2 10 26 34 40 25 38 8 41 46 45 
student 160: 45 18 27 10 21 49 13 24 30 29 3 9 28 22 15 38 42 5 4 17 26 50 14 48 2 36 25 46 6 8 12 20 32 33 40 31 19 47 16 1 11 34 35 37 23 43 7 41 44 39 
student 161: 45 16 29 9 23 48 18 26 32 25 5 14 31 21 15 41 42 3 10 8 28 49 13 50 2 37 22 44 4 6 7 20 34 35 38 30 19 47 17 1 11 27 33 36 24 40 12 43 46 39 
student 162: 44 16 33 8 23 48 15 28 31 24 4 14 27 22 17 41 45 6 5 13 29 50 12 47 2 34 21 43 7 3 11 20 36 32 37 30 19 46 18 1 9 26 35 38 25 40 10 42 49 39 
student 163: 44 16 27 9 24 48 14 30 33 22 3 18 31 21 15 39 41 7 6 12 29 50 13 47 2 36 20 45 4 5 10 19 35 34 37 25 17 49 23 1 11 28 32 40 26 38 8 42 46 43 
student 164: 43 17 29 9 20 46 15 26 32 24 3 13 30 23 16 39 41 5 4 11 28 50 14 49 2 35 22 48 6 7 12 21 34 31 37 36 19 45 18 1 10 27 33 38 25 40 8 44 47 42 
student 165: 42 17 31 11 24 50 10 25 32 28 3 14 27 22 15 39 41 4 6 16 29 49 13 48 2 37 21 43 5 8 9 20 35 33 36 30 18 44 19 1 12 26 34 38 23 40 7 47 46 45 
student 166: 41 17 30 11 24 48 14 28 32 27 4 16 31 20 15 40 42 3 7 12 29 50 9 46 2 38 18 49 5 8 10 22 36 33 34 26 21 44 19 1 13 23 35 39 25 37 6 47 45 43 
student 167: 44 17 29 9 21 48 14 25 32 26 4 15 31 24 19 41 37 5 6 13 28 49 11 50 1 34 22 45 2 12 8 20 39 35 36 30 16 47 18 3 10 27 33 38 23 42 7 40 46 43 
student 168: 43 17 30 7 23 50 13 26 32 19 3 15 31 24 14 39 42 4 8 16 28 48 11 49 1 36 20 46 5 9 10 22 33 34 38 29 21 47 18 2 12 27 35 37 25 41 6 40 45 44 
student 169: 44 16 32 12 22 49 13 26 31 25 3 15 29 21 18 42 41 7 6 11 30 50 14 48 2 35 23 45 4 5 9 17 34 33 37 28 20 47 19 1 10 27 36 38 24 39 8 43 46 40 
student 170: 45 18 29 11 22 49 13 25 32 27 3 15 31 23 19 37 42 7 6 14 28 48 10 50 1 35 21 43 4 9 5 20 36 33 39 30 16 46 17 2 12 24 34 38 26 40 8 44 47 41 
student 171: 43 18 27 10 22 49 13 28 30 24 3 15 33 23 17 39 40 7 4 12 29 50 14 47 2 35 21 46 6 9 8 20 36 32 38 31 19 48 16 1 11 26 34 37 25 41 5 45 44 42 
student 172: 40 17 31 12 21 48 14 25 34 26 5 16 28 22 15 37 43 3 6 10 27 49 11 50 2 36 23 45 4 8 9 20 38 30 41 32 19 47 18 1 13 29 33 42 24 35 7 44 46 39 
student 173: 44 17 28 12 22 47 15 26 32 25 1 11 31 23 16 40 41 6 5 14 30 49 13 50 3 35 21 45 2 7 10 20 34 33 39 29 19 48 18 4 9 27 36 37 24 38 8 43 46 42 
student 174: 45 16 28 11 21 49 15 26 30 27 3 19 32 22 9 38 41 8 5 17 29 50 14 47 1 34 20 48 4 6 10 23 33 36 37 31 18 46 13 2 12 25 35 39 24 40 7 43 44 42 
student 175: 48 15 28 12 21 49 11 25 33 27 1 17 31 23 16 41 43 7 6 14 30 50 8 47 2 34 22 40 4 10 5 20 38 32 36 29 19 46 18 3 13 26 35 39 24 37 9 44 45 42 
student 176: 42 18 32 12 19 48 16 26 29 25 6 15 30 22 13 39 43 4 5 10 27 49 9 44 2 36 23 45 3 11 7 21 35 33 38 31 20 47 17 1 14 28 34 37 24 40 8 46 50 41 
student 177: 44 18 29 10 23 49 13 25 31 27 6 15 30 20 17 41 43 7 5 12 28 50 11 48 4 37 24 45 2 8 9 19 36 34 33 32 21 46 16 1 14 22 35 38 26 40 3 42 47 39 
student 178: 43 19 29 7 23 49 14 27 33 26 1 17 32 24 13 40 41 6 4 15 28 50 12 48 2 34 20 45 3 9 10 21 36 35 37 30 18 47 16 5 11 22 31 38 25 39 8 44 46 42 
student 179: 47 17 27 10 21 49 14 25 32 26 4 15 30 24 16 38 42 5 3 13 28 50 12 48 2 36 19 44 6 9 7 22 35 33 37 31 18 46 20 1 11 29 34 43 23 40 8 41 45 39 
student 180: 41 16 29 9 22 50 13 25 32 24 4 15 30 23 17 40 44 5 1 14 28 49 11 48 3 36 21 46 6 8 10 20 34 35 38 31 19 47 18 2 12 27 33 39 26 37 7 45 43 42 
student 181: 45 16 30 13 21 49 11 26 33 24 3 12 29 23 17 41 39 4 5 15 28 50 14 48 2 35 19 46 6 7 9 22 38 31 36 32 18 47 20 1 10 27 34 37 25 40 8 43 44 42 
student 182: 45 18 29 9 22 46 14 24 31 19 2 16 33 23 13 41 39 6 5 15 28 49 11 50 4 37 25 44 3 8 12 20 36 34 40 30 17 48 21 1 10 26 35 32 27 38 7 43 47 42 
student 183: 44 18 27 6 22 50 13 26 33 23 4 15 28 24 16 41 42 7 5 12 29 49 14 48 2 36 21 40 3 8 10 20 35 31 39 30 17 47 19 1 11 32 34 37 25 38 9 43 46 45 
student 184: 44 18 27 9 20 48 15 26 32 25 3 13 30 24 16 41 40 6 7 14 29 50 12 49 2 35 23 46 4 5 8 19 34 36 39 31 21 47 17 1 10 28 33 37 22 38 11 42 45 43 
student 185: 43 17 30 9 24 49 16 27 34 26 4 14 32 25 15 41 42 5 7 11 29 50 13 48 1 37 21 45 3 6 10 18 35 31 33 23 19 47 20 2 12 28 36 38 22 39 8 40 46 44 
student 186: 44 19 29 10 24 49 13 23 30 21 4 15 31 25 16 40 41 5 3 14 28 50 12 47 2 34 22 45 7 8 9 17 37 33 39 32 18 46 20 1 11 27 35 36 26 38 6 43 48 42 
student 187: 44 18 27 9 21 49 14 25 35 26 4 16 34 23 15 39 41 6 7 13 30 50 12 48 3 46 22 43 2 8 10 20 38 29 36 31 19 45 17 1 11 28 32 33 24 37 5 40 47 42 
student 188: 46 17 28 12 23 50 13 27 34 22 4 16 31 25 15 41 38 6 7 14 30 49 11 48 2 36 20 43 5 3 9 21 33 35 39 29 18 45 19 1 10 26 32 37 24 40 8 44 47 42 
student 189: 45 16 29 10 20 49 14 27 32 26 4 15 30 23 18 39 42 3 1 12 24 50 13 47 5 44 22 41 8 7 9 19 33 34 35 31 17 48 21 2 11 28 38 37 25 36 6 43 46 40 
student 190: 44 16 31 14 27 49 13 26 29 25 3 15 32 22 17 43 38 4 7 12 28 50 11 48 2 33 21 45 5 8 9 19 40 36 35 34 20 47 18 1 10 23 30 37 24 39 6 42 46 41 
student 191: 42 18 31 10 22 46 12 25 30 28 2 14 27 23 17 39 41 6 4 15 29 50 13 48 3 40 16 44 5 8 11 21 35 34 37 26 20 49 19 1 9 32 33 36 24 38 7 47 43 45 
student 192: 43 17 27 9 24 45 11 26 31 23 4 16 29 22 15 42 41 7 2 14 30 49 13 50 1 37 21 48 5 12 8 18 35 33 39 32 19 47 20 3 10 28 34 36 25 38 6 40 46 44 
student 193: 44 17 30 8 21 48 13 27 29 25 3 16 32 23 18 38 42 7 6 14 26 49 11 50 2 35 22 47 4 5 10 20 37 33 36 31 15 46 19 1 12 28 34 39 24 40 9 43 45 41 
student 194: 44 18 32 12 23 47 21 28 33 22 3 10 30 25 15 38 41 6 5 14 26 49 4 48 2 36 20 46 11 9 13 17 35 34 37 29 16 50 19 1 8 24 31 39 27 40 7 43 45 42 
student 195: 46 15 29 10 21 49 14 24 33 31 4 18 28 23 16 41 43 6 8 12 32 50 13 48 2 37 19 42 3 7 5 22 35 30 38 27 17 47 20 1 11 26 34 36 25 39 9 45 44 40 
student 196: 48 14 28 9 22 46 15 26 32 25 3 16 29 24 17 39 40 5 6 12 30 50 11 45 2 33 21 43 4 10 8 20 35 36 37 31 19 49 18 1 13 27 34 38 23 41 7 42 47 44 
student 197: 45 16 29 9 22 50 10 26 32 25 1 14 31 21 15 43 37 7 5 12 28 49 18 46 2 35 20 47 3 6 11 24 34 33 39 30 17 44 19 4 13 27 36 38 23 40 8 42 48 41 
student 198: 45 17 26 10 19 48 24 27 34 25 3 15 33 22 14 37 41 7 6 12 30 50 13 49 4 36 16 46 5 8 9 21 32 31 35 29 20 43 18 1 11 28 38 40 23 39 2 44 47 42 
student 199: 44 17 30 11 20 49 14 22 34 21 5 13 32 25 15 40 41 4 6 16 27 50 7 47 2 36 24 45 3 9 10 19 35 28 37 31 23 48 18 1 12 29 33 39 26 38 8 43 46 42 
student 200: 44 17 25 9 23 50 12 28 34 24 3 15 27 26 16 43 39 6 5 14 30 49 11 48 2 38 22 41 4 13 8 19 36 33 37 31 20 47 18 1 10 29 32 40 21 35 7 42 46 45 
student 201: 41 17 28 13 22 49 14 25 34 26 3 15 31 23 16 39 44 6 5 11 27 50 10 48 2 37 21 45 4 7 9 20 33 32 35 30 18 47 19 1 12 29 36 40 24 38 8 43 46 42 
student 202: 43 16 29 12 20 46 17 26 31 23 3 13 32 25 15 38 41 7 6 14 28 50 10 48 4 36 24 45 1 8 11 21 35 34 40 30 18 49 19 2 9 27 33 37 22 39 5 42 47 44 
student 203: 42 15 31 10 22 48 14 29 30 24 5 16 33 23 19 39 41 6 2 12 28 49 13 50 3 36 21 46 4 8 9 18 34 35 37 26 20 45 17 1 11 27 32 38 25 40 7 43 47 44 
student 204: 44 15 29 8 21 48 13 23 31 27 4 16 30 24 17 41 39 6 7 12 28 50 14 49 2 35 22 46 5 9 11 18 33 32 34 37 19 45 20 1 10 26 36 40 25 38 3 43 47 42 
student 205: 45 19 31 11 24 49 15 26 28 29 4 14 32 23 16 40 41 7 3 13 30 50 12 46 1 37 20 44 6 8 5 22 35 34 33 25 17 48 18 2 9 27 36 42 21 38 10 43 47 39 
student 206: 43 16 30 11 22 47 14 25 31 26 3 13 33 23 17 41 38 7 4 15 27 49 12 50 2 36 21 45 5 9 8 18 35 32 39 29 19 48 20 1 10 28 34 37 24 40 6 44 46 42 
student 207: 43 19 29 8 22 49 13 28 33 25 4 15 31 26 18 38 40 11 5 10 24 50 14 48 1 37 16 45 3 7 9 21 34 35 36 30 20 47 17 2 12 27 32 39 23 41 6 46 44 42 
student 208: 45 16 29 9 22 49 14 26 30 25 3 15 33 23 17 37 43 5 4 13 27 50 12 46 2 34 24 41 6 7 11 21 31 35 38 32 18 48 19 1 10 28 36 39 20 40 8 42 47 44 
student 209: 43 16 31 13 22 50 11 26 33 23 2 12 32 24 17 40 42 7 5 15 29 48 14 49 1 39 21 46 4 8 10 19 30 34 35 28 20 47 18 3 9 27 36 37 25 38 6 41 44 45 
student 210: 42 19 29 12 22 50 14 27 33 24 2 15 32 25 17 40 41 7 4 11 28 47 13 49 3 38 20 45 5 6 9 18 34 31 39 30 21 46 16 1 10 26 35 36 23 37 8 44 48 43 
student 211: 42 17 30 10 23 49 14 24 34 26 1 15 27 25 16 40 41 9 6 13 31 50 12 47 3 38 21 46 4 8 7 18 35 33 36 32 20 45 19 2 11 28 29 37 22 39 5 44 48 43 
student 212: 43 14 23 10 22 48 16 28 32 24 4 15 30 21 19 40 42 3 1 13 29 50 12 45 5 36 25 49 6 9 8 20 34 33 39 31 17 47 18 2 11 27 35 37 26 38 7 44 46 41 
student 213: 45 18 29 11 25 49 14 26 35 23 4 15 32 22 17 41 42 8 5 9 28 50 13 48 3 40 21 44 2 7 10 19 33 31 37 30 20 47 16 1 12 27 34 36 24 38 6 43 46 39 
student 214: 44 19 28 10 21 48 15 26 33 25 2 16 34 23 17 37 40 7 4 13 29 50 12 49 3 38 22 45 5 9 8 20 35 32 36 30 18 47 14 1 11 27 31 39 24 41 6 42 46 43 
student 215: 43 17 30 11 19 50 15 21 35 23 3 14 31 24 16 40 41 6 4 12 27 49 13 48 2 36 22 44 5 10 8 25 33 32 37 29 20 46 18 1 9 28 34 38 26 39 7 45 47 42 
student 216: 45 16 28 9 22 49 14 25 32 26 5 17 31 23 15 40 41 8 6 12 27 50 11 48 4 37 21 42 2 7 13 18 36 33 38 30 20 46 19 1 10 29 34 35 24 39 3 44 47 43 
student 217: 43 17 34 10 23 50 13 27 31 25 3 14 35 22 16 41 40 9 4 12 29 48 11 47 2 33 19 44 6 5 8 21 32 30 36 26 20 49 18 1 15 28 37 38 24 39 7 45 46 42 
student 218: 44 18 27 10 21 45 17 29 30 22 4 14 36 19 15 35 43 6 3 13 25 48 12 50 2 38 24 46 1 8 9 20 34 32 37 28 16 49 23 5 11 31 33 40 26 39 7 42 47 41 
student 219: 41 18 29 8 22 49 17 24 33 26 5 14 31 25 12 40 44 4 6 16 27 50 13 46 2 35 19 47 3 7 11 20 32 34 37 30 21 48 15 1 10 28 36 38 23 39 9 43 45 42 
student 220: 38 17 31 12 24 50 14 25 28 27 4 16 30 21 15 41 47 7 6 13 29 45 11 49 3 37 18 43 1 10 5 20 36 32 35 33 22 46 19 2 8 26 34 39 23 40 9 44 48 42 
student 221: 44 15 28 11 22 47 14 26 31 23 2 17 32 24 20 41 38 7 5 13 29 50 12 49 1 36 19 46 3 6 8 21 35 33 39 30 18 45 16 4 9 27 34 37 25 40 10 43 48 42 
student 222: 43 20 30 10 19 48 15 27 33 26 2 17 31 23 18 41 40 4 7 16 25 50 11 46 6 37 22 49 3 9 8 21 35 34 38 28 13 47 14 1 12 29 32 39 24 36 5 42 44 45 
student 223: 44 17 30 10 24 48 15 26 32 25 3 16 31 22 13 36 41 4 6 14 29 50 11 47 2 38 21 45 7 8 9 19 35 34 39 28 20 49 18 1 12 27 33 37 23 42 5 43 46 40 
student 224: 45 19 28 11 23 48 13 26 29 25 4 15 35 22 16 40 41 6 5 14 32 50 12 49 1 34 20 46 3 8 9 21 33 30 36 31 17 47 18 2 10 27 37 39 24 38 7 43 44 42 
student 225: 45 16 31 9 22 47 14 26 34 25 2 15 30 23 17 40 41 8 4 13 28 49 12 50 3 38 21 44 5 7 10 20 35 33 36 29 19 48 18 1 11 27 32 37 24 39 6 43 46 42 
student 226: 47 15 29 11 24 48 13 27 32 25 2 17 30 21 19 39 41 5 7 16 28 50 14 49 1 37 20 44 3 9 10 22 36 34 38 31 18 46 8 6 12 26 33 35 23 40 4 43 45 42 
student 227: 43 18 29 10 21 50 14 25 32 27 2 15 31 24 17 39 40 6 5 11 28 49 13 44 3 38 22 46 4 8 9 19 33 35 36 30 20 48 16 1 12 26 37 34 23 41 7 45 47 42 
student 228: 44 16 22 11 23 50 15 27 31 24 4 17 30 26 14 41 43 6 2 13 28 49 12 48 3 36 19 42 5 8 9 21 35 33 39 34 20 45 18 1 10 29 32 38 25 37 7 47 46 40 
student 229: 43 16 29 10 22 46 14 26 30 24 6 13 31 23 15 39 40 8 7 11 28 50 12 48 2 41 19 44 4 3 9 21 35 34 37 32 20 47 17 1 18 27 33 36 25 38 5 45 49 42 
student 230: 45 14 29 10 20 49 12 27 32 23 2 18 31 24 17 39 44 5 3 15 25 50 13 42 7 36 22 46 4 8 9 21 35 33 37 30 16 48 19 1 11 28 34 41 26 38 6 43 47 40 
student 231: 46 17 27 12 26 49 15 24 35 23 1 14 31 21 16 38 42 4 6 11 28 50 10 48 2 33 22 45 5 8 9 19 36 34 37 29 20 47 18 3 13 25 32 39 30 40 7 44 43 41 
student 232: 44 18 27 10 21 50 12 25 32 24 2 16 31 22 15 40 41 6 8 14 28 48 11 47 4 39 20 45 5 7 9 23 35 33 36 29 17 49 19 1 13 30 34 37 26 38 3 43 46 42 
student 233: 44 16 31 10 21 48 14 25 30 24 3 15 32 26 17 37 42 5 7 13 28 50 12 49 2 35 20 46 4 6 9 18 36 33 40 29 19 45 22 1 11 27 34 38 23 39 8 41 47 43 
student 234: 45 21 30 7 23 48 16 28 31 26 5 13 32 25 15 38 42 4 6 11 24 50 14 49 1 37 19 43 2 8 12 20 35 33 36 29 18 47 17 3 9 27 34 41 22 40 10 39 46 44 
student 235: 43 16 27 9 21 50 14 26 29 25 5 17 32 24 15 41 45 8 6 13 30 49 10 46 3 40 20 44 4 2 7 22 37 34 35 31 19 47 18 1 11 28 36 33 23 38 12 42 48 39 
student 236: 46 19 26 8 20 49 13 25 32 24 2 15 31 22 17 39 41 5 11 6 27 50 10 48 3 35 23 44 4 12 7 18 36 33 40 30 16 45 21 1 14 29 34 38 28 37 9 42 47 43 
student 237: 45 16 30 9 22 49 14 26 31 25 3 15 28 23 19 40 41 5 7 12 29 50 13 46 1 36 21 44 2 8 6 18 34 33 38 32 17 48 20 4 11 27 35 37 24 39 10 43 47 42 
student 238: 42 16 28 10 22 46 12 30 32 27 2 13 31 24 17 40 43 6 4 15 26 49 14 48 3 35 20 47 5 8 9 19 36 33 37 29 18 44 21 1 11 25 34 38 23 39 7 50 41 45 
student 239: 45 18 28 10 22 50 14 27 33 23 2 16 31 24 15 40 41 5 6 13 32 49 12 48 3 36 21 43 4 8 9 20 30 34 37 29 19 47 17 1 11 26 35 39 25 38 7 44 46 42 
student 240: 43 19 28 10 23 47 13 25 32 24 3 16 31 27 15 38 40 7 1 14 29 50 11 48 4 37 21 46 5 6 9 18 33 34 36 30 20 44 17 2 12 26 35 41 22 39 8 45 49 42 
student 241: 45 20 28 11 22 50 14 26 32 24 3 15 31 23 16 40 41 4 6 13 30 48 10 49 2 39 21 44 5 8 9 19 36 33 35 29 18 47 17 1 12 27 34 37 25 38 7 42 46 43 
student 242: 45 18 26 9 22 49 14 27 33 24 2 16 34 25 15 39 42 6 5 13 31 50 12 47 3 36 21 44 4 11 8 19 35 32 37 29 20 48 17 1 10 28 30 38 23 41 7 43 46 40 
student 243: 44 16 29 9 21 49 15 30 33 23 2 13 34 24 17 39 40 6 4 14 25 50 12 48 1 36 19 46 3 8 11 22 35 31 37 27 18 47 20 5 10 28 32 41 26 38 7 43 45 42 
student 244: 45 17 29 10 21 46 15 26 33 25 1 12 31 23 16 39 38 5 3 14 28 50 11 49 4 35 22 48 8 6 9 18 37 32 40 30 20 47 19 2 13 27 34 41 24 36 7 43 44 42 
student 245: 44 19 29 8 24 49 13 27 31 25 4 15 34 22 16 43 38 3 6 14 26 50 11 48 1 37 18 45 5 10 9 17 35 32 39 30 21 46 20 2 12 28 33 36 23 40 7 41 47 42 
student 246: 43 18 29 11 21 49 10 25 32 27 7 15 31 23 16 41 40 4 5 14 28 50 8 47 2 36 22 46 3 9 13 20 35 33 37 30 19 45 17 1 12 26 34 38 24 39 6 44 48 42 
student 247: 45 15 33 10 22 48 19 24 32 25 1 14 29 27 18 42 40 7 4 13 26 50 12 46 2 37 21 47 6 5 8 16 34 31 39 30 20 44 17 3 11 28 35 36 23 38 9 41 49 43 
student 248: 45 16 28 11 22 50 14 29 26 27 2 20 25 23 17 40 38 9 5 13 32 49 12 48 3 35 19 44 4 6 8 21 34 39 36 33 18 46 15 1 10 30 31 37 24 41 7 43 47 42 
student 249: 44 18 29 8 22 49 13 27 32 26 3 17 30 24 14 38 41 7 9 12 25 50 15 48 2 36 20 43 4 6 11 19 35 33 39 31 16 45 21 1 10 28 34 42 23 37 5 46 47 40 
student 250: 44 19 29 12 23 47 13 26 32 25 4 14 30 22 15 41 42 5 3 10 28 49 9 50 2 37 21 45 6 7 11 20 35 36 39 31 18 48 16 1 17 27 33 34 24 40 8 43 46 38 
student 251: 42 20 27 11 23 48 14 25 34 28 5 15 30 19 16 41 38 6 3 13 26 50 12 47 1 36 22 49 2 7 9 21 35 31 37 32 17 46 18 4 10 29 33 39 24 40 8 44 45 43 
student 252: 44 17 29 10 21 50 14 28 30 26 3 15 32 23 16 40 45 7 4 12 27 48 13 47 1 36 22 42 8 5 6 20 34 33 43 31 19 49 18 2 11 25 35 39 24 38 9 37 46 41 
student 253: 45 19 28 5 23 48 13 27 30 25 4 17 33 24 16 35 39 8 7 18 29 50 12 47 3 41 20 44 2 11 9 21 34 36 37 31 14 46 15 1 10 26 32 42 22 38 6 40 49 43 
student 254: 44 18 29 8 20 48 15 23 34 27 2 16 31 24 14 42 39 7 6 12 30 49 13 50 3 36 22 45 5 9 10 21 33 32 38 26 19 47 17 1 11 28 35 40 25 41 4 43 46 37 
student 255: 37 16 28 10 24 49 13 26 34 25 4 15 32 22 17 41 44 6 2 14 27 50 12 46 3 35 21 43 5 7 9 20 31 33 38 29 19 48 18 1 11 30 36 39 23 40 8 45 47 42 
student 256: 44 18 25 11 24 49 14 27 31 21 4 15 33 23 16 42 40 1 6 13 29 50 12 48 2 36 22 45 5 9 8 20 35 32 38 30 19 47 17 3 10 28 34 37 26 39 7 43 46 41 
student 257: 45 19 30 10 22 49 13 24 32 23 4 16 27 25 17 40 41 5 3 12 29 50 15 47 2 39 20 48 9 6 8 21 35 31 33 34 14 44 18 1 11 28 37 36 26 38 7 43 46 42 
student 258: 44 16 27 8 23 48 15 26 31 20 6 14 30 25 17 41 40 5 4 13 28 50 12 49 1 36 21 45 3 7 11 22 32 33 39 34 19 47 18 2 9 29 35 38 24 37 10 43 46 42 
student 259: 43 18 30 12 21 47 14 26 33 27 2 15 28 23 13 40 45 5 6 17 31 50 10 48 1 36 22 44 4 9 11 20 35 32 38 29 19 49 16 3 7 25 34 39 24 37 8 46 41 42 
student 260: 46 16 34 10 21 49 14 26 30 25 1 15 29 22 18 42 41 5 4 11 28 50 12 47 2 33 24 45 6 8 13 17 35 32 37 27 20 48 19 3 9 31 36 40 23 38 7 43 44 39 
student 261: 44 18 29 10 24 46 15 25 32 27 4 14 31 22 16 43 40 5 6 13 23 50 12 49 2 34 21 45 3 8 9 20 35 37 36 30 17 48 19 1 11 26 33 39 28 38 7 42 47 41 
student 262: 42 18 32 9 22 49 14 25 31 23 1 15 29 26 16 40 41 11 7 13 30 50 10 48 5 36 17 45 3 6 8 20 35 34 37 28 19 46 21 2 12 27 33 38 24 39 4 43 47 44 
student 263: 41 17 28 8 23 48 13 29 33 24 3 14 32 22 18 38 39 6 4 15 27 50 10 49 2 37 16 45 5 9 7 21 31 34 40 30 19 46 20 1 12 25 35 43 26 44 11 36 47 42 
student 264: 45 17 30 9 19 49 15 25 34 21 5 14 31 24 16 39 41 6 4 10 28 50 8 48 3 36 26 43 2 11 13 18 33 32 37 29 22 47 20 1 12 27 35 38 23 42 7 44 46 40 
student 265: 45 17 31 10 21 49 14 25 29 28 2 16 27 23 15 44 41 5 3 13 30 50 11 48 4 40 20 46 6 9 7 22 34 33 35 32 19 43 18 1 12 26 36 38 24 37 8 42 47 39 
student 266: 44 18 28 12 22 48 14 26 31 25 4 16 32 24 15 39 42 7 5 11 30 50 13 49 2 33 21 47 3 10 8 19 35 37 36 29 17 46 20 1 9 27 34 38 23 40 6 43 45 41 
student 267: 45 19 31 13 22 49 11 26 32 25 4 7 30 23 15 41 42 8 1 17 29 50 14 48 3 36 21 44 5 10 6 20 35 33 37 27 16 47 12 2 18 28 34 38 24 39 9 43 46 40 
student 268: 43 17 34 11 22 49 16 27 33 21 1 14 30 23 15 40 42 7 5 12 28 50 13 47 2 35 24 44 3 4 10 19 36 32 37 29 20 48 18 6 9 26 31 38 25 39 8 41 46 45 
student 269: 46 19 30 10 21 48 13 26 32 25 4 14 31 24 15 40 41 7 6 11 28 50 18 49 2 36 23 43 3 8 9 20 38 33 34 29 17 45 16 1 12 27 35 37 22 39 5 44 47 42 
student 270: 45 17 30 10 22 44 13 26 34 25 3 16 31 23 14 38 43 9 4 15 29 50 12 49 2 40 21 47 6 7 8 20 36 32 39 27 19 48 18 1 11 28 33 37 24 35 5 42 46 41 
student 271: 45 21 32 12 22 48 14 27 30 26 7 15 29 23 17 39 42 5 4 13 25 50 9 44 2 37 20 46 3 6 8 18 36 33 35 31 19 49 16 1 11 28 34 38 24 40 10 43 47 41 
student 272: 45 16 29 10 25 48 13 27 32 23 4 15 30 22 17 41 38 9 5 14 28 50 11 49 1 34 20 43 3 8 7 21 36 33 37 31 19 47 18 2 12 26 35 39 24 40 6 44 46 42 
student 273: 44 17 30 9 23 47 15 24 32 26 7 16 31 22 14 37 42 4 10 12 28 50 11 49 2 36 19 46 3 6 8 20 33 34 35 29 18 45 21 1 13 27 38 39 25 41 5 43 48 40 
student 274: 44 18 28 11 15 49 14 27 32 25 4 16 30 24 17 42 40 6 5 13 33 50 12 47 1 38 20 43 3 8 10 22 34 31 36 29 21 46 19 2 9 26 35 37 23 39 7 45 48 41 
student 275: 43 15 29 10 21 48 16 27 32 25 4 14 28 23 18 41 42 5 6 13 30 50 12 49 3 37 22 45 2 9 8 20 34 36 39 31 19 47 17 1 11 24 33 38 26 35 7 44 46 40 
student 276: 46 17 33 13 22 47 15 29 31 25 3 16 28 24 12 42 39 4 5 14 27 50 9 45 2 37 20 44 6 8 10 18 36 32 35 30 21 49 19 1 11 26 34 38 23 40 7 43 48 41 
student 277: 44 17 26 9 22 49 13 25 32 24 4 16 31 23 15 41 39 2 7 14 28 50 11 47 6 36 21 46 5 3 8 20 34 33 37 29 18 45 19 1 10 27 35 38 30 40 12 43 48 42 
student 278: 43 17 29 11 21 48 12 26 30 25 4 18 39 23 15 40 42 6 2 16 27 50 14 49 3 35 22 47 5 7 10 19 36 33 34 31 20 46 13 1 8 28 32 37 24 41 9 44 45 38 
student 279: 44 17 29 7 22 47 14 25 32 24 4 15 31 23 16 40 41 6 1 13 28 50 10 49 3 35 21 46 5 11 8 20 36 33 38 30 19 45 18 2 12 27 34 37 26 39 9 42 48 43 
student 280: 42 16 29 10 24 48 7 27 32 20 5 15 31 25 17 40 41 8 4 14 26 50 13 49 2 36 22 44 3 9 11 21 38 33 37 30 19 47 18 1 12 28 34 35 23 39 6 46 45 43 
student 281: 41 17 29 9 22 48 14 26 35 24 5 15 31 25 16 40 42 6 4 12 28 50 10 46 3 37 23 43 1 8 13 21 36 32 34 30 20 49 18 2 11 27 33 38 19 39 7 47 44 45 
student 282: 44 19 31 11 25 48 14 26 29 23 3 16 32 21 15 40 41 5 4 13 27 50 9 45 1 35 20 49 7 8 10 18 37 33 39 30 17 47 22 2 12 28 36 34 24 38 6 46 43 42 
student 283: 41 18 27 10 22 49 13 24 32 25 5 14 28 23 19 43 42 7 4 12 30 50 11 47 3 39 21 44 2 8 9 20 35 33 36 31 17 48 16 1 15 26 34 37 29 38 6 46 45 40 
student 284: 45 15 24 10 25 49 16 32 33 28 3 14 30 20 18 40 38 6 4 13 27 50 12 47 2 37 22 41 5 9 8 19 39 31 35 29 21 46 17 1 11 23 34 36 26 42 7 44 48 43 
student 285: 41 18 33 8 23 49 14 27 29 21 4 15 32 24 16 35 38 6 5 13 30 50 11 48 1 39 20 44 3 9 10 17 36 31 37 26 22 47 19 2 12 28 34 42 25 45 7 40 46 43 
student 286: 44 17 29 11 22 47 15 26 31 25 4 13 32 24 16 41 38 6 5 12 28 50 14 49 1 33 21 45 2 8 9 20 35 34 39 30 19 48 18 3 10 27 36 37 23 40 7 43 46 42 
student 287: 44 18 29 8 21 49 12 26 32 24 3 16 31 22 17 40 42 5 11 10 28 48 14 47 1 37 25 46 4 6 9 15 35 33 36 30 20 50 19 2 13 27 34 38 23 39 7 45 41 43 
student 288: 45 18 29 8 23 47 16 24 33 25 4 15 31 22 17 40 44 7 5 13 26 50 12 49 1 36 21 43 2 9 11 20 30 34 37 32 14 48 19 3 10 28 35 38 27 39 6 42 46 41 
student 289: 43 17 30 9 23 49 14 24 33 25 3 15 31 22 16 40 41 4 8 10 26 50 12 48 2 38 21 44 7 5 11 20 35 32 42 29 19 46 18 1 13 28 34 37 27 36 6 39 47 45 
student 290: 44 17 27 11 23 48 14 26 31 25 4 13 30 22 15 40 42 9 5 12 29 49 10 45 2 35 21 47 6 8 7 20 37 33 39 32 18 50 19 1 16 28 34 36 24 38 3 43 46 41 
student 291: 44 17 28 10 22 49 11 25 32 26 2 15 31 23 16 41 39 6 5 14 27 50 13 48 1 36 20 46 4 8 9 19 35 33 38 30 21 47 18 3 12 29 34 37 24 40 7 43 45 42 
student 292: 46 16 32 9 23 50 17 24 30 27 3 13 31 22 15 38 41 4 6 14 29 49 12 48 1 36 21 44 5 8 11 20 35 33 37 25 19 47 18 2 10 28 34 39 26 43 7 40 45 42 
student 293: 44 16 27 9 22 48 13 24 31 25 5 15 37 23 20 41 39 6 4 12 30 50 14 49 1 35 19 43 2 7 8 18 34 29 36 28 17 47 21 3 10 26 33 38 32 40 11 42 46 45 
student 294: 44 20 28 10 23 49 14 27 34 24 4 15 29 21 16 41 40 6 5 13 25 50 11 47 3 33 19 46 2 12 9 22 36 35 37 30 18 48 17 1 7 32 31 38 26 39 8 42 43 45 
student 295: 44 18 26 9 22 48 13 25 34 27 2 16 31 24 15 39 42 6 5 14 29 50 12 46 3 38 20 45 4 7 8 21 36 32 33 30 19 47 17 1 11 28 35 37 23 40 10 43 49 41 
student 296: 44 17 21 10 23 49 14 25 32 27 4 15 30 20 16 41 42 6 5 13 28 50 12 47 2 37 18 48 3 7 9 24 34 33 36 31 19 46 22 1 11 29 35 38 26 39 8 40 45 43 
student 297: 44 27 29 13 22 50 11 25 30 24 1 17 33 23 14 40 42 6 5 12 28 49 10 48 3 37 20 45 4 7 15 21 35 31 39 32 18 46 16 2 9 26 34 38 19 41 8 43 47 36 
student 298: 44 17 30 12 24 49 15 25 32 26 4 13 28 21 16 40 42 6 3 14 29 50 11 48 2 35 23 47 5 7 9 20 37 34 36 31 18 46 19 1 10 27 33 38 22 39 8 43 45 41 
student 299: 47 17 28 11 22 48 14 27 32 26 1 16 29 23 15 40 41 8 5 12 30 50 9 45 3 37 20 49 4 7 13 21 36 33 34 31 19 46 18 2 10 25 35 38 24 39 6 44 42 43 
student 300: 44 18 30 11 24 48 13 28 32 25 2 15 31 23 14 43 40 6 4 10 27 50 17 49 3 34 21 41 5 7 9 16 37 33 36 29 19 47 20 1 12 22 35 39 26 38 8 45 46 42 
student 301: 43 17 29 9 23 48 13 26 30 27 6 16 28 21 14 44 39 7 1 15 25 49 10 50 5 35 18 47 3 4 11 22 33 34 37 32 20 45 19 2 12 31 36 38 24 41 8 40 46 42 
student 302: 45 16 28 11 25 46 14 27 31 26 5 17 34 22 18 41 36 7 6 15 30 49 12 48 3 40 20 47 2 8 10 21 32 33 38 29 19 50 13 1 9 23 35 37 24 39 4 43 44 42 
student 303: 41 19 29 11 22 47 16 25 31 26 3 14 32 24 15 38 40 7 5 12 28 50 10 49 1 35 18 44 4 6 9 17 34 30 37 33 20 48 21 2 13 27 36 39 23 42 8 45 46 43 
student 304: 45 16 30 11 23 49 14 26 36 25 4 17 29 22 15 41 42 6 3 13 28 50 8 47 1 33 21 43 5 9 10 19 32 34 37 35 20 48 18 2 12 27 31 38 24 39 7 46 44 40 
student 305: 44 18 29 12 20 48 14 25 30 26 2 17 31 23 16 38 42 9 3 10 28 49 13 50 6 35 21 46 5 8 7 19 36 32 40 33 22 47 15 1 11 27 34 37 24 39 4 45 43 41 
student 306: 43 17 28 12 22 50 16 31 32 24 4 14 29 23 15 40 41 6 5 13 26 49 11 47 3 33 19 45 2 7 9 21 37 34 36 27 20 48 18 1 10 30 35 38 25 39 8 42 46 44 
student 307: 46 18 29 9 24 50 12 27 31 25 5 14 30 21 16 37 40 8 4 13 26 49 15 48 1 35 19 45 3 10 7 17 36 34 39 32 20 47 22 2 11 28 33 38 23 42 6 43 44 41 
student 308: 43 18 31 9 21 50 12 25 32 24 1 14 30 23 15 42 40 6 5 16 28 49 11 48 4 37 22 45 2 7 10 20 35 34 36 26 17 47 19 3 13 27 33 38 29 39 8 44 46 41 
student 309: 43 17 28 9 25 48 15 29 31 24 2 14 30 22 16 40 42 5 6 13 26 50 12 49 3 34 21 47 4 8 10 20 35 33 39 32 18 46 19 1 11 27 37 36 23 41 7 44 45 38 
student 310: 43 14 28 10 22 49 18 25 34 26 1 15 32 20 17 36 41 9 6 13 30 50 12 48 3 37 21 44 4 5 8 23 33 39 35 27 16 46 19 2 11 29 31 38 24 40 7 42 47 45 
student 311: 46 19 31 9 23 48 14 26 34 25 3 15 29 24 18 39 42 7 5 16 30 50 11 47 2 33 22 44 4 8 10 17 35 37 36 28 20 45 13 1 12 27 32 40 21 38 6 43 49 41 
student 312: 43 18 29 10 24 47 14 20 31 27 4 12 34 25 13 38 41 7 3 16 28 50 15 49 2 35 19 44 5 8 9 21 37 33 36 30 22 48 17 1 11 23 32 39 26 40 6 45 46 42 
student 313: 45 18 30 11 21 50 16 29 35 24 2 15 28 22 17 43 41 7 3 12 26 48 13 49 5 37 23 42 4 10 14 20 36 32 33 31 9 47 19 1 8 25 34 40 27 39 6 44 46 38 
student 314: 45 16 29 14 22 48 13 26 34 25 4 18 33 23 15 40 41 6 5 12 27 50 10 49 3 30 21 44 2 9 8 20 35 32 36 31 17 47 19 1 11 28 39 38 24 37 7 43 46 42 
student 315: 43 17 26 11 22 49 16 27 35 25 6 14 32 24 15 38 41 10 5 13 28 48 8 50 3 34 23 47 2 7 12 21 37 31 39 30 19 44 20 1 9 29 33 36 18 40 4 46 45 42 
student 316: 43 16 28 10 25 50 15 26 32 24 5 19 31 23 14 41 42 2 7 13 29 49 11 48 3 36 21 45 1 8 9 18 35 33 38 30 20 47 17 4 12 27 34 39 22 37 6 44 46 40 
student 317: 45 17 27 10 29 50 16 25 31 24 2 14 28 22 12 40 41 7 8 15 32 49 11 47 3 37 20 44 4 9 5 21 34 33 39 30 19 46 18 1 13 26 35 36 23 38 6 42 48 43 
student 318: 50 18 29 10 21 48 13 27 33 24 2 15 31 26 16 41 42 6 4 14 28 49 11 47 5 38 22 44 1 8 9 20 35 34 36 30 19 46 17 3 12 25 32 37 23 39 7 43 45 40 
student 319: 49 19 29 8 22 48 14 25 32 24 4 13 30 23 17 40 41 7 5 16 28 50 12 47 2 37 21 44 3 9 11 18 36 33 35 31 15 46 20 1 10 27 34 38 26 39 6 43 45 42 
student 320: 43 16 28 11 23 49 14 26 31 25 5 15 32 22 17 41 42 4 8 12 27 50 13 46 2 36 20 45 3 6 7 21 34 33 37 30 19 48 18 1 9 29 35 40 24 38 10 44 47 39 
student 321: 44 17 30 12 22 47 15 27 33 26 3 16 32 23 14 40 41 6 5 11 24 50 13 49 2 37 20 45 4 9 8 19 29 36 38 31 21 48 18 1 10 28 34 35 25 39 7 42 46 43 
student 322: 44 17 32 10 24 50 13 26 33 21 1 15 28 23 16 40 43 6 5 12 30 49 11 48 3 39 18 45 4 9 8 22 35 31 37 29 20 47 19 2 14 27 34 36 25 38 7 42 46 41 
student 323: 45 18 29 10 22 49 13 26 39 25 2 15 32 23 17 40 41 5 8 14 27 50 12 47 3 36 21 44 4 6 9 19 33 31 35 30 20 46 16 1 11 28 34 37 24 38 7 43 48 42 
student 324: 49 16 29 8 21 50 15 27 32 26 6 17 31 23 14 40 41 7 5 13 28 48 10 47 2 37 20 45 4 11 12 19 35 33 36 30 22 46 18 1 9 25 34 38 24 39 3 42 44 43 
student 325: 42 16 33 9 21 49 15 25 30 24 3 12 31 22 17 40 39 6 5 14 26 50 11 47 1 35 23 45 4 7 13 20 38 32 36 29 19 48 18 2 10 27 34 37 28 41 8 43 46 44 
student 326: 43 19 30 9 21 50 14 28 32 26 3 16 31 23 17 37 41 8 5 12 29 49 13 48 2 35 24 45 4 10 6 18 36 33 38 25 20 47 15 1 11 22 34 39 27 40 7 44 46 42 
student 327: 45 17 30 10 21 48 14 22 31 26 1 15 33 25 16 41 40 5 4 13 28 50 11 49 3 37 23 44 2 8 9 19 34 32 36 29 20 47 18 7 12 27 35 38 24 39 6 43 46 42 
student 328: 44 14 25 12 24 49 15 26 33 28 3 17 31 27 16 39 41 7 8 10 23 50 13 48 2 35 22 46 4 9 11 19 34 36 37 30 20 42 18 1 6 29 32 38 21 40 5 45 47 43 
student 329: 44 20 31 14 24 48 16 19 32 27 3 11 30 23 15 38 40 6 5 13 29 50 12 49 2 36 21 46 4 10 7 18 35 34 37 28 22 47 17 1 9 26 33 39 25 41 8 42 45 43 
student 330: 46 18 29 10 21 49 14 25 33 26 4 16 30 24 15 40 41 8 5 12 28 50 11 47 3 36 20 44 1 6 7 22 34 35 38 32 19 48 17 2 13 27 31 37 23 39 9 42 45 43 
student 331: 42 16 30 10 25 49 14 27 33 24 4 15 31 22 18 39 40 6 2 12 26 50 11 47 3 35 21 45 5 7 8 20 34 32 38 29 19 48 17 1 13 28 36 37 23 41 9 43 46 44 
student 332: 44 19 29 11 23 50 13 26 33 24 3 15 30 22 16 37 40 6 5 14 28 48 12 47 2 36 21 42 4 9 8 17 35 32 41 31 20 46 18 1 10 27 34 38 25 39 7 45 49 43 
student 333: 44 17 30 7 21 49 14 28 36 24 3 15 29 22 16 40 42 8 4 13 26 50 11 46 2 38 23 45 6 10 12 20 33 32 34 31 19 48 18 1 9 25 35 39 27 41 5 43 47 37 
student 334: 44 19 28 9 21 50 13 27 32 26 1 16 29 23 14 39 43 6 4 12 30 49 15 48 3 40 25 46 5 7 11 17 33 35 37 31 20 45 18 2 10 24 36 34 22 38 8 42 47 41 
student 335: 47 18 32 6 21 49 13 26 30 25 5 14 29 22 17 40 44 7 4 12 27 48 15 50 2 36 24 43 3 10 11 19 35 33 37 31 20 46 16 1 8 28 34 38 23 39 9 42 45 41 
student 336: 43 20 27 9 21 50 16 26 32 25 1 13 33 24 17 40 42 6 5 15 29 49 12 47 3 35 23 48 2 7 10 18 37 34 36 30 14 46 19 4 11 28 31 38 22 39 8 41 45 44 
student 337: 44 16 28 10 22 46 15 26 33 25 4 14 31 20 17 40 41 2 8 12 29 48 13 45 1 34 19 47 6 7 9 24 32 35 37 30 21 50 18 3 11 27 38 36 23 39 5 43 49 42 
student 338: 45 18 32 12 22 47 13 25 29 26 1 15 31 24 16 37 41 9 2 14 28 48 10 46 4 36 21 44 5 6 8 20 35 30 39 33 19 50 17 3 11 27 34 38 23 40 7 43 49 42 
student 339: 43 16 30 10 26 49 13 25 31 24 3 17 33 23 14 44 38 7 4 15 29 50 12 46 2 36 20 45 5 9 6 21 35 34 37 27 18 48 19 1 11 28 32 40 22 39 8 42 47 41 
student 340: 46 17 29 10 22 48 15 27 32 25 6 13 34 21 16 40 41 5 3 14 28 50 11 49 2 36 23 42 4 8 9 20 30 35 37 31 19 47 18 1 12 26 33 39 24 43 7 44 45 38 
student 341: 43 18 28 10 24 50 14 27 33 23 3 17 31 20 16 39 38 6 4 12 29 49 9 48 2 36 19 45 5 8 11 22 40 30 37 32 21 47 15 1 13 25 34 35 26 42 7 44 46 41 
student 342: 42 16 27 10 23 49 13 24 31 26 3 17 30 21 15 40 41 8 5 12 29 50 11 48 2 36 20 46 4 7 9 22 34 33 37 32 18 47 19 1 14 28 35 38 25 39 6 45 44 43 
student 343: 44 17 29 11 21 50 13 25 33 30 6 15 28 24 16 42 40 5 4 12 26 49 14 48 1 36 23 46 3 9 8 18 38 32 34 27 20 45 19 2 10 31 35 37 22 39 7 43 47 41 
student 344: 42 20 25 9 21 49 14 30 33 26 3 15 32 24 16 44 40 5 8 13 28 50 10 46 2 36 22 48 4 7 12 23 34 31 37 29 18 45 17 1 11 27 35 38 19 39 6 41 47 43 
student 345: 44 17 29 12 24 50 20 27 31 25 1 14 38 26 15 42 36 8 6 13 21 49 11 48 3 35 19 46 5 7 9 22 34 32 37 30 18 47 16 2 10 28 33 39 23 41 4 43 45 40 
student 346: 45 18 27 10 20 49 14 30 31 26 5 15 32 23 16 43 40 6 4 13 28 50 9 47 2 38 22 46 3 8 11 21 35 29 36 33 19 48 17 1 12 25 34 37 24 39 7 44 41 42 
student 347: 43 19 31 10 23 49 16 27 30 26 3 12 32 28 15 40 41 7 6 14 25 50 13 45 2 38 20 47 4 5 9 22 35 33 36 29 17 48 18 1 11 24 34 37 21 42 8 39 46 44 
student 348: 47 17 29 11 22 50 14 26 32 25 5 15 31 23 16 44 43 6 4 13 28 49 12 48 3 35 21 45 2 9 8 20 34 38 36 30 19 46 18 1 10 27 33 41 24 37 7 42 40 39 
student 349: 44 17 29 10 22 49 13 27 31 25 3 16 30 24 14 40 43 7 5 15 28 50 12 47 1 36 20 46 4 9 6 21 34 33 37 32 18 48 19 2 11 26 35 39 23 38 8 42 45 41 
student 350: 45 21 29 9 22 49 15 26 34 25 4 14 31 23 16 40 43 7 3 12 27 50 11 47 2 36 19 46 6 10 8 20 35 32 38 30 17 42 18 1 13 28 33 39 24 37 5 41 48 44 
student 351: 46 17 30 8 15 48 12 24 32 28 5 14 31 22 16 40 41 4 6 10 26 50 20 49 1 37 25 45 3 9 11 19 34 35 38 29 21 47 18 2 13 27 33 39 23 36 7 43 44 42 
student 352: 46 17 31 11 21 49 15 30 34 24 3 16 28 22 12 38 42 7 5 10 26 50 13 43 2 36 20 47 4 8 9 23 35 29 37 33 19 48 18 1 14 25 32 40 27 39 6 45 44 41 
student 353: 44 18 25 10 22 49 14 28 33 24 3 15 31 23 16 37 43 6 5 12 30 50 11 45 2 38 19 46 4 9 7 21 35 32 39 27 17 48 20 1 13 29 36 34 26 40 8 42 47 41 
student 354: 45 21 28 6 22 48 15 26 34 25 2 14 30 23 16 40 42 7 5 13 29 49 12 50 4 37 20 47 3 10 11 19 36 32 38 31 18 46 17 1 9 27 33 35 24 39 8 43 44 41 
student 355: 44 16 28 8 21 49 15 27 33 25 4 14 31 23 17 41 40 6 3 9 29 50 13 48 1 36 20 45 5 10 11 22 35 32 37 30 18 47 19 2 12 24 34 38 26 39 7 43 46 42 
student 356: 45 17 29 10 23 49 14 25 32 27 3 15 31 22 16 40 39 6 5 12 28 50 9 48 1 36 21 44 4 11 8 20 34 33 37 30 19 47 18 2 13 26 35 38 24 41 7 43 46 42 
student 357: 43 22 30 10 23 50 12 25 33 27 5 15 31 26 16 42 44 6 2 14 29 49 11 48 3 36 20 45 7 8 9 19 35 32 38 28 18 47 17 1 13 24 34 37 21 39 4 41 46 40 
student 358: 47 16 31 12 21 50 14 27 35 25 3 15 34 23 18 41 42 6 5 13 28 49 7 48 1 38 22 44 4 11 9 20 39 30 33 29 19 46 17 2 10 24 32 36 26 37 8 43 45 40 
student 359: 44 17 28 9 24 47 15 26 31 27 4 14 32 23 16 40 41 7 3 13 30 50 11 49 2 36 19 45 6 8 5 18 35 33 37 29 22 46 20 1 10 25 34 39 21 38 12 43 48 42 
student 360: 43 18 28 9 23 50 16 26 31 25 3 15 30 24 17 39 41 5 4 13 27 49 12 48 1 37 21 46 6 8 11 22 36 33 40 34 19 47 14 2 10 29 35 32 20 38 7 45 44 42 
student 361: 44 16 29 10 24 49 14 27 32 23 5 15 31 22 19 36 42 6 4 12 28 50 13 47 1 38 21 46 3 7 9 20 37 33 39 30 18 48 17 2 11 26 34 35 25 40 8 43 45 41 
student 362: 46 16 26 10 23 48 12 27 31 24 4 17 32 25 15 40 41 6 3 13 29 49 14 50 1 35 21 43 7 9 5 20 34 33 37 30 18 47 19 2 11 28 38 39 22 36 8 44 45 42 
student 363: 44 17 25 9 19 47 11 28 31 26 2 15 33 23 16 37 42 6 5 14 27 49 12 50 3 34 18 46 4 13 7 21 35 32 36 30 22 48 20 1 10 29 38 39 24 41 8 43 45 40 
student 364: 43 18 29 10 21 50 16 25 33 28 5 14 31 20 17 39 41 3 4 12 24 48 11 49 2 37 23 46 6 9 7 22 30 35 36 32 19 47 15 1 13 27 34 38 26 40 8 42 45 44 
student 365: 47 16 27 8 22 48 14 25 36 26 3 17 31 20 15 40 41 4 6 12 28 49 11 50 2 34 19 44 5 13 7 21 32 33 38 30 23 46 18 1 10 29 35 37 24 39 9 43 45 42 
student 366: 44 22 29 9 20 48 13 25 30 27 5 16 32 23 15 41 40 2 7 14 31 49 12 50 3 38 24 45 1 8 10 19 36 33 37 28 18 47 17 4 11 26 34 39 21 35 6 43 46 42 
student 367: 41 19 28 10 23 50 14 27 33 24 3 15 32 22 16 40 42 11 5 13 29 45 7 47 2 35 17 48 4 8 9 18 37 30 36 31 21 44 20 1 12 26 34 38 25 39 6 46 49 43 
student 368: 43 17 28 10 22 47 14 31 33 26 2 15 34 23 13 39 41 4 5 16 27 50 11 49 1 36 20 44 6 7 8 18 35 30 37 29 21 48 19 3 12 25 32 40 24 38 9 46 45 42 
student 369: 46 7 28 11 24 49 17 26 32 25 2 14 31 23 16 41 39 6 8 15 29 50 13 47 1 38 21 45 3 9 10 20 35 33 36 30 19 44 18 4 12 27 34 40 22 37 5 43 48 42 
student 370: 43 15 28 9 23 46 14 31 30 27 3 16 33 21 18 39 40 5 6 12 26 50 10 47 2 37 22 45 4 7 8 20 35 32 36 29 17 49 19 1 13 24 34 38 25 41 11 44 48 42 
student 371: 44 14 29 7 23 49 13 24 33 27 1 15 31 21 17 40 41 5 8 10 26 50 18 48 3 34 22 46 6 9 11 20 36 32 37 30 19 47 16 2 12 28 35 38 25 39 4 43 45 42 
student 372: 44 14 33 11 19 49 5 25 31 23 6 15 26 24 17 43 42 7 4 13 29 50 16 48 1 36 22 45 3 10 9 21 34 35 37 30 20 47 18 2 12 28 32 38 27 41 8 40 46 39 
student 373: 43 17 29 11 22 49 15 26 33 24 5 13 31 23 16 44 40 6 4 14 28 50 9 48 2 30 21 46 3 8 10 20 36 34 39 32 19 47 18 1 12 27 37 35 25 38 7 42 45 41 
student 374: 45 21 27 3 22 50 14 28 32 25 5 15 30 24 16 39 41 6 9 13 26 48 12 46 4 35 19 47 2 7 8 20 38 33 37 29 18 44 17 1 11 31 34 42 23 36 10 43 49 40 
student 375: 40 17 28 12 25 49 16 24 31 26 6 14 32 23 15 39 43 5 4 10 27 50 11 45 2 36 20 44 3 7 8 19 35 34 38 30 21 46 18 1 13 29 33 37 22 42 9 47 48 41 
student 376: 44 17 27 10 22 50 15 26 30 25 2 13 31 24 18 41 40 8 5 9 33 49 11 48 4 36 21 45 3 6 12 19 34 35 38 29 16 46 20 1 14 28 32 37 23 39 7 43 47 42 
student 377: 42 16 29 12 21 49 14 27 34 24 6 15 30 25 18 39 41 3 5 13 26 50 9 47 2 37 20 45 4 11 7 19 35 36 33 31 23 48 17 1 10 28 32 38 22 40 8 44 46 43 
student 378: 42 15 30 8 24 50 16 26 33 23 2 14 32 25 12 40 44 7 5 17 28 49 13 48 3 37 21 45 4 11 9 20 35 34 38 29 19 47 18 1 10 27 31 36 22 39 6 43 46 41 
student 379: 42 19 29 11 21 50 13 25 33 28 4 15 31 24 16 41 39 7 6 10 27 49 12 44 2 34 20 45 3 9 14 23 36 37 35 32 18 48 17 1 8 26 30 40 22 38 5 43 46 47 
student 380: 47 17 30 10 23 46 15 27 29 25 3 14 32 24 16 40 41 6 5 13 26 49 12 50 2 37 20 44 4 9 8 21 35 33 39 31 18 45 19 1 11 28 34 38 22 36 7 43 48 42 
student 381: 44 16 27 8 21 50 12 28 34 25 1 17 31 24 15 38 42 7 5 14 29 49 13 46 3 36 20 47 4 9 10 22 33 32 37 30 19 45 18 2 11 26 35 40 23 39 6 43 48 41 
student 382: 44 14 29 15 22 46 17 26 31 25 1 12 32 23 13 40 43 7 5 16 30 50 11 49 4 35 21 45 3 9 10 18 36 33 37 27 20 47 19 2 8 28 34 38 24 39 6 41 48 42 
student 383: 44 17 29 10 21 48 16 28 30 25 2 14 32 22 15 39 40 7 5 12 27 50 11 47 3 37 23 46 4 8 9 20 35 42 38 31 18 49 19 1 13 26 34 36 24 33 6 43 45 41 
student 384: 43 18 29 10 22 50 12 27 32 25 3 14 30 23 16 41 42 7 5 15 28 49 13 48 1 35 21 45 2 8 9 20 40 33 37 31 17 47 19 4 11 26 34 36 24 39 6 38 46 44 
student 385: 42 18 29 10 23 49 13 26 32 25 3 16 35 21 15 39 41 5 6 14 27 48 12 50 2 30 20 43 4 8 9 22 34 38 33 31 19 47 17 1 11 28 40 37 24 36 7 45 46 44 
student 386: 43 17 26 9 24 48 15 25 31 27 1 16 32 22 14 41 42 5 6 13 29 50 12 49 3 36 21 46 4 8 10 20 35 34 39 30 19 47 18 2 11 28 33 37 23 40 7 44 45 38 
student 387: 44 17 30 9 22 50 15 25 31 26 4 14 29 23 16 40 42 6 1 10 28 48 13 49 3 37 21 46 5 8 11 19 33 32 36 35 18 47 20 2 12 27 34 38 24 39 7 43 45 41 
student 388: 45 20 29 9 22 49 13 25 31 27 3 16 33 19 14 40 43 4 7 15 28 50 12 48 2 36 23 46 5 8 11 21 35 32 38 30 17 47 18 1 10 26 34 37 24 39 6 42 41 44 
student 389: 42 17 31 8 23 50 12 26 30 25 4 16 29 22 18 41 46 7 6 11 28 47 13 49 1 37 21 44 3 9 10 20 35 34 38 33 19 48 14 2 15 27 32 36 24 39 5 43 45 40 
student 390: 46 18 27 10 23 49 15 25 32 28 2 12 29 24 16 40 42 5 6 14 30 50 11 48 3 35 21 43 4 9 8 22 33 36 37 31 19 47 17 1 13 26 34 38 20 39 7 44 45 41 
student 391: 43 17 28 10 21 50 14 29 33 25 1 15 30 23 16 40 41 6 4 11 31 49 12 48 5 35 22 46 3 7 8 19 34 32 37 27 18 44 20 2 13 26 36 39 24 38 9 42 47 45 
student 392: 42 15 28 8 22 49 12 27 31 25 11 17 30 23 14 43 40 2 1 16 26 50 13 44 3 35 21 46 6 5 10 20 36 32 38 34 19 48 18 4 9 29 33 37 24 39 7 45 47 41 
student 393: 47 17 30 10 23 49 15 26 31 25 2 14 29 21 16 35 42 5 7 13 32 50 12 48 3 37 22 44 4 8 9 20 36 34 38 28 19 45 18 1 11 27 33 39 24 41 6 40 46 43 
student 394: 48 19 32 12 21 45 14 29 30 26 4 15 28 17 18 40 41 6 5 13 27 49 11 47 3 43 24 44 2 7 9 20 35 33 38 31 22 46 16 1 10 23 34 36 25 39 8 42 50 37 
student 395: 45 15 28 8 23 50 13 21 30 27 5 16 33 24 17 38 42 4 7 11 29 47 14 49 1 36 22 44 3 9 10 20 34 31 39 32 19 48 18 2 12 26 35 37 25 40 6 43 46 41 
student 396: 44 17 29 11 22 49 12 25 30 26 4 16 31 23 15 40 42 6 5 14 27 50 13 46 2 33 20 45 3 10 8 21 36 35 38 34 19 48 18 1 9 28 32 37 24 39 7 43 47 41 
student 397: 45 20 31 10 21 48 13 26 35 27 3 15 29 24 17 40 39 6 5 14 30 50 12 49 1 38 19 46 4 9 8 22 34 32 33 25 16 47 18 2 11 28 36 37 23 41 7 43 44 42 
student 398: 44 17 30 10 24 49 14 26 31 25 4 18 32 23 15 43 37 9 5 13 29 50 12 48 2 34 21 45 3 7 8 20 38 33 35 28 16 47 19 1 11 27 36 40 22 39 6 42 46 41 
student 399: 43 18 28 10 23 49 13 24 32 26 3 15 29 21 16 38 44 5 6 11 31 50 12 48 2 35 22 46 4 8 14 17 33 34 37 30 20 47 19 1 9 27 36 40 25 39 7 42 45 41 
student 400: 43 15 29 11 22 50 16 28 32 27 3 14 30 23 18 40 47 6 7 13 26 49 12 48 2 35 20 45 5 4 10 19 36 33 37 31 21 46 17 1 9 25 34 39 24 38 8 44 42 41 
student 401: 44 17 28 9 25 48 15 31 29 26 5 14 33 21 16 39 38 8 3 10 27 50 13 49 4 36 23 43 2 11 12 20 34 30 37 32 18 46 19 1 7 22 35 40 24 42 6 41 47 45 
student 402: 44 16 29 14 23 48 11 22 33 26 7 15 27 24 18 42 40 4 3 13 31 49 10 50 5 36 21 45 6 9 2 20 30 35 37 32 17 47 19 1 12 25 34 38 28 39 8 43 46 41 
student 403: 42 15 28 10 23 50 14 22 33 24 4 13 31 25 20 39 40 3 7 18 30 48 12 49 2 36 16 43 5 9 8 21 35 34 37 29 19 47 17 1 11 27 32 38 26 41 6 45 46 44 
student 404: 43 21 30 10 23 47 14 27 32 28 3 15 31 22 16 41 40 5 8 13 29 50 11 49 2 36 19 44 4 7 9 20 35 33 37 26 17 48 18 1 12 25 34 39 24 38 6 45 46 42 
student 405: 44 17 30 10 21 49 13 26 31 25 2 15 34 27 16 40 41 9 8 14 24 46 12 50 3 38 22 47 5 4 6 18 36 37 35 29 20 48 23 1 11 28 32 39 19 33 7 43 45 42 
student 406: 43 16 30 10 20 49 13 23 32 26 3 15 31 21 17 41 40 7 5 12 28 50 11 48 1 36 22 47 4 8 9 24 35 33 37 27 19 46 18 2 14 29 34 38 25 39 6 42 45 44 
student 407: 43 16 29 9 22 49 14 26 32 23 2 18 31 24 15 39 40 4 6 12 28 48 13 50 3 35 21 46 5 7 8 19 34 33 38 30 17 47 20 1 11 27 36 37 25 42 10 44 45 41 
student 408: 44 17 28 10 21 49 15 26 32 22 1 16 31 23 12 41 43 2 6 11 29 50 14 47 3 34 24 46 4 9 7 20 36 35 38 30 19 48 18 5 13 27 33 39 25 37 8 42 45 40 
student 409: 44 16 30 12 22 48 10 28 32 26 4 15 27 23 19 38 40 13 5 11 29 50 14 49 1 34 18 46 3 8 7 21 36 33 39 31 20 43 17 2 9 25 35 37 24 41 6 45 47 42 
student 410: 44 17 29 8 22 49 13 26 35 24 3 16 30 18 15 36 42 5 10 11 28 50 12 47 2 34 25 45 4 7 9 21 33 31 38 32 19 48 20 1 14 27 37 39 23 40 6 41 46 43 
student 411: 43 18 30 9 23 47 17 26 32 25 3 13 33 22 15 39 41 7 5 14 28 50 12 49 2 35 21 45 4 8 10 19 37 29 36 31 20 46 16 1 11 27 34 38 24 40 6 42 48 44 
student 412: 44 16 32 10 24 47 14 30 31 23 3 15 28 22 18 41 39 6 5 11 27 50 13 49 1 35 21 46 4 8 9 20 37 33 36 29 17 48 19 2 12 26 34 38 25 40 7 43 45 42 
student 413: 43 16 31 10 19 48 12 26 30 17 3 15 33 24 18 40 42 8 5 14 27 50 11 47 2 35 23 45 4 9 6 22 37 34 38 29 21 49 20 1 13 28 32 36 25 39 7 44 46 41 
student 414: 44 19 29 12 16 49 13 27 30 26 3 17 34 24 14 39 42 5 6 10 25 50 8 48 2 36 22 46 4 9 11 21 35 32 40 28 20 47 18 1 15 31 33 38 23 37 7 43 45 41 
student 415: 44 20 31 10 23 49 14 26 33 25 1 15 29 24 16 40 41 8 3 13 28 50 11 48 4 37 21 46 5 7 9 18 36 27 39 32 19 47 17 2 12 30 34 35 22 38 6 42 45 43 
student 416: 45 19 31 10 21 50 17 25 29 27 5 16 38 22 13 39 42 7 4 14 28 48 12 49 2 32 23 44 3 9 8 18 34 30 40 37 20 46 15 1 11 26 33 36 24 35 6 43 47 41 
student 417: 45 17 33 11 21 48 14 22 31 27 1 15 30 23 16 41 39 6 5 13 28 50 10 49 4 37 19 44 2 7 8 26 34 32 36 29 18 47 20 3 12 24 35 38 25 40 9 43 46 42 
student 418: 46 16 25 11 20 49 13 26 31 29 2 18 28 21 15 39 40 3 6 12 30 50 14 48 4 36 24 44 5 8 9 23 35 33 38 32 19 45 17 1 10 27 34 41 22 37 7 43 47 42 
student 419: 46 16 30 11 23 49 13 26 35 25 2 14 32 24 17 41 40 7 6 15 28 50 10 48 3 36 22 44 4 9 5 20 34 31 39 29 19 47 18 1 12 27 33 37 21 38 8 43 45 42 
student 420: 43 17 28 10 21 50 14 27 32 25 2 16 31 22 15 33 39 7 5 12 26 49 13 44 1 36 24 47 4 8 9 19 40 34 38 30 18 46 20 3 11 29 37 35 23 41 6 42 48 45 
student 421: 42 17 28 7 21 47 13 24 32 26 8 14 34 25 15 41 38 4 5 9 29 50 16 48 2 37 22 44 3 11 10 20 35 31 36 30 18 49 19 1 12 27 33 39 23 40 6 45 46 43 
student 422: 44 15 29 11 25 47 13 26 31 32 2 21 30 23 16 39 40 5 4 12 27 50 9 48 3 41 20 49 10 8 14 18 34 33 37 28 19 45 17 1 6 24 35 38 22 36 7 43 46 42 
student 423: 45 18 28 8 23 50 13 26 30 24 1 16 31 25 15 36 41 6 5 12 29 47 17 48 3 35 22 46 4 9 11 14 37 33 38 32 19 49 21 2 10 27 34 39 20 40 7 43 44 42 
student 424: 44 17 29 13 23 47 10 27 30 19 4 15 32 25 16 40 43 2 7 12 26 50 11 49 1 35 22 46 6 8 9 18 33 31 37 34 20 48 21 3 14 28 36 39 24 38 5 42 45 41 
student 425: 44 17 29 9 21 48 16 25 32 22 3 14 31 26 13 40 39 8 6 12 27 50 15 49 1 36 23 43 5 7 10 20 35 34 37 30 18 46 19 2 11 28 33 41 24 38 4 45 47 42 
student 426: 44 20 29 10 22 49 12 24 33 26 4 14 30 23 18 38 41 5 2 11 31 50 13 47 3 27 21 48 6 9 7 19 37 36 35 32 15 45 17 1 16 28 34 39 25 40 8 42 46 43 
student 427: 42 18 29 10 16 48 15 28 32 25 6 13 30 24 17 39 43 5 4 14 27 50 12 49 1 37 21 45 2 8 9 20 35 33 38 31 22 47 19 3 11 26 36 40 23 34 7 44 46 41 
student 428: 44 16 24 11 23 49 12 27 32 25 4 14 31 22 17 40 41 7 5 13 28 50 9 47 3 38 21 45 2 10 8 20 35 34 39 30 18 48 19 1 15 29 33 36 26 37 6 42 46 43 
student 429: 44 14 29 12 23 48 13 27 32 25 3 15 31 22 16 39 40 6 5 11 28 50 18 49 2 33 19 45 4 8 9 17 36 34 38 30 21 47 20 1 10 26 35 37 24 41 7 43 46 42 
student 430: 43 15 29 10 21 46 12 26 32 25 3 17 30 23 20 39 40 5 7 13 28 48 14 49 2 41 22 44 4 9 8 18 34 36 37 31 16 45 19 1 11 27 33 35 24 38 6 47 50 42 
student 431: 42 15 31 11 21 49 19 26 34 23 3 14 32 24 20 39 40 7 6 13 29 50 12 48 2 33 22 46 5 8 10 16 36 30 38 28 18 45 17 1 9 27 35 37 25 41 4 44 47 43 
student 432: 44 16 27 7 22 48 14 28 30 25 4 18 35 23 17 39 43 5 6 13 29 49 12 50 3 36 21 45 2 8 9 15 34 32 37 31 19 47 20 1 11 26 33 38 24 40 10 41 42 46 
student 433: 45 18 28 10 19 49 14 26 31 25 4 15 30 22 17 38 40 6 8 12 27 50 11 48 3 37 23 44 2 7 9 21 35 33 36 32 20 47 16 1 13 29 34 41 24 39 5 43 46 42 
student 434: 44 16 28 11 21 49 15 27 30 26 4 14 32 23 17 40 42 7 5 13 31 50 12 46 3 38 22 45 2 9 6 19 35 33 36 29 20 48 18 1 10 25 34 37 24 39 8 43 47 41 
student 435: 42 18 27 8 23 48 14 26 34 24 1 16 28 22 17 39 40 6 5 13 30 50 9 49 3 36 21 46 4 11 10 20 35 32 37 31 19 47 15 2 12 29 33 38 25 43 7 41 45 44 
student 436: 46 15 29 11 22 50 13 26 32 25 3 16 31 21 17 41 42 9 4 14 27 47 12 48 2 35 20 45 5 7 8 19 39 34 37 30 24 44 18 1 10 28 33 36 23 38 6 40 49 43 
student 437: 45 15 27 11 22 48 16 26 32 25 1 14 35 23 17 39 41 8 6 13 31 50 10 47 3 28 20 44 4 5 7 19 36 33 37 30 21 49 18 2 12 29 34 38 24 40 9 43 46 42 
student 438: 44 18 26 11 21 50 13 28 32 25 4 14 29 24 16 41 43 6 5 15 30 49 12 48 2 36 23 42 3 9 10 19 35 33 37 31 20 45 17 1 8 27 34 38 22 39 7 46 47 40 
student 439: 45 17 29 9 23 46 13 26 31 25 3 15 33 21 16 38 41 7 5 11 28 50 14 49 1 36 20 47 4 10 8 22 35 34 40 30 19 48 18 2 12 27 32 37 24 39 6 42 44 43 
student 440: 46 20 30 11 23 50 15 26 32 24 4 16 29 25 14 39 40 2 9 13 28 48 12 45 3 37 21 44 7 5 8 19 36 34 35 31 18 47 17 1 10 27 33 38 22 41 6 43 49 42 
student 441: 44 15 30 9 22 50 16 17 28 26 3 11 31 23 18 40 43 6 4 14 29 49 12 48 2 36 21 46 5 8 13 24 34 33 42 32 20 45 19 1 10 27 35 37 25 38 7 39 47 41 
student 442: 43 18 28 12 24 49 15 27 32 23 3 13 31 20 16 40 42 6 5 14 29 50 10 48 1 37 22 44 4 8 9 21 35 34 36 30 19 46 17 2 7 26 33 38 25 39 11 47 45 41 
student 443: 43 17 29 11 22 48 15 25 33 23 5 13 30 24 16 40 41 7 6 14 26 50 12 46 2 38 21 44 3 8 10 19 35 32 37 31 18 47 20 1 4 27 36 34 28 39 9 45 49 42 
student 444: 44 18 27 12 21 49 16 30 32 25 2 13 31 24 17 37 41 6 4 14 28 50 10 47 3 36 23 45 5 7 8 19 35 33 38 29 20 46 15 1 9 26 34 39 22 40 11 43 48 42 
student 445: 43 17 30 8 20 47 13 25 33 23 2 12 32 21 14 40 41 7 6 16 26 48 10 49 3 34 22 45 4 9 15 24 37 31 35 28 19 50 18 1 11 29 36 39 27 38 5 42 44 46 
student 446: 44 18 28 11 21 49 15 25 32 30 2 16 31 23 17 40 41 5 8 13 26 50 10 48 3 36 22 45 4 6 7 20 34 33 37 29 14 47 19 1 12 27 35 39 24 38 9 43 46 42 
student 447: 45 16 30 10 22 48 14 24 31 25 3 13 34 28 18 40 42 4 12 15 27 49 11 50 2 38 21 46 5 8 7 19 33 32 39 29 20 37 17 1 9 26 35 36 23 43 6 41 47 44 
student 448: 45 18 31 10 22 49 11 26 33 23 2 15 32 21 16 40 41 6 7 14 27 50 13 48 1 30 25 46 3 8 9 19 34 35 36 29 17 44 20 5 12 28 38 37 24 39 4 43 47 42 
student 449: 45 16 32 13 20 50 11 25 30 27 6 17 26 23 15 42 41 2 4 14 28 48 12 47 5 37 22 44 1 7 9 21 35 33 36 29 18 49 19 3 10 31 34 38 24 39 8 43 46 40 
student 450: 44 18 28 10 23 49 12 30 32 26 4 14 31 24 16 38 41 6 3 17 27 50 13 48 2 33 22 45 5 7 9 19 37 36 35 29 20 46 15 1 11 25 34 39 21 40 8 42 47 43 
student 451: 45 21 29 8 20 49 16 25 33 24 2 13 32 22 12 41 39 9 7 15 28 50 11 48 4 36 23 47 3 10 14 19 35 31 37 30 18 46 17 1 6 26 34 44 27 38 5 43 40 42 
student 452: 46 16 28 8 22 44 14 26 30 27 2 11 31 23 21 41 40 10 6 15 29 49 13 50 5 37 19 45 4 9 3 20 35 33 38 32 18 48 17 1 12 24 34 36 25 39 7 43 47 42 
student 453: 43 18 28 8 23 49 14 26 31 30 6 10 38 24 15 39 42 4 12 16 22 50 13 48 2 35 25 44 3 9 7 21 34 33 37 29 19 46 17 1 11 27 32 36 20 40 5 45 47 41 
student 454: 43 17 29 10 22 50 14 26 31 24 3 15 30 23 16 40 41 5 6 11 28 49 13 48 2 36 21 45 4 9 8 20 35 32 37 34 19 47 18 1 12 25 33 38 27 39 7 42 46 44 
student 455: 42 17 28 10 22 48 12 26 32 25 6 15 31 23 16 39 40 7 4 13 27 49 14 47 2 34 21 45 3 9 8 20 37 33 36 29 19 46 18 1 11 30 35 41 24 38 5 44 50 43 
student 456: 43 20 31 10 22 50 13 26 33 23 2 16 28 24 15 41 39 5 8 14 25 48 11 49 1 36 21 44 3 9 4 19 40 30 35 32 18 47 17 7 12 27 34 38 29 37 6 45 46 42 
student 457: 43 19 30 9 21 50 14 27 31 24 2 15 29 23 16 41 40 5 4 12 28 49 13 47 3 36 22 44 6 10 7 18 34 33 37 32 17 48 20 1 11 26 35 38 25 39 8 46 45 42 
student 458: 48 21 30 10 25 50 14 29 33 24 5 15 32 17 19 42 40 7 4 13 27 49 12 47 2 39 22 44 3 6 9 20 37 31 35 28 16 45 18 1 11 26 34 38 23 36 8 41 46 43 
student 459: 46 17 27 10 22 50 13 29 32 25 1 15 28 21 16 42 40 6 5 14 31 47 12 49 4 36 19 44 3 8 9 23 35 33 38 30 20 45 18 2 11 26 34 37 24 39 7 43 48 41 
student 460: 45 18 28 10 23 50 12 29 31 25 2 15 32 21 14 43 42 6 3 17 26 48 8 49 1 37 20 46 5 9 13 22 35 33 39 30 19 47 16 4 11 27 34 41 24 36 7 40 44 38 
student 461: 42 17 27 10 23 49 14 25 29 28 3 15 31 24 16 40 43 6 4 13 33 50 12 47 2 37 22 45 7 9 8 19 36 32 39 30 21 48 18 1 11 26 35 34 20 38 5 41 46 44 
student 462: 39 17 27 10 21 50 13 26 32 25 3 14 33 22 16 41 43 6 5 15 30 49 12 47 2 37 24 45 4 8 9 20 35 29 38 31 19 48 18 1 11 28 34 36 23 40 7 42 46 44 
student 463: 43 18 27 11 22 49 12 26 30 25 3 15 32 23 16 37 41 5 7 8 28 50 13 48 1 36 20 47 4 6 10 21 35 33 38 31 17 44 19 2 14 29 34 40 24 39 9 42 45 46 
student 464: 45 18 32 11 22 48 15 26 30 25 7 16 29 21 14 39 43 5 4 8 28 50 12 47 2 33 23 44 3 10 9 20 36 34 37 31 19 49 17 1 13 27 35 38 24 40 6 42 46 41 
student 465: 43 16 28 11 21 50 12 27 32 26 3 17 31 22 15 39 41 6 5 14 24 48 13 49 7 36 25 45 2 9 8 20 35 33 37 29 19 47 18 1 10 30 34 40 23 38 4 46 44 42 
student 466: 43 19 28 12 26 49 14 24 30 25 5 16 32 18 15 44 40 7 6 4 29 50 13 48 2 34 20 45 3 11 9 21 37 33 36 31 17 46 22 1 10 27 35 38 23 39 8 41 47 42 
student 467: 46 17 34 11 22 48 14 24 32 27 3 15 30 21 16 40 44 6 5 13 28 50 10 43 2 39 20 45 4 9 8 25 35 33 37 29 19 49 18 1 12 26 31 36 23 38 7 42 47 41 
student 468: 45 15 30 9 19 50 14 29 28 25 3 16 32 21 22 39 42 7 5 12 27 49 13 48 2 37 23 44 4 8 11 18 36 34 38 31 17 47 20 1 10 26 33 40 24 41 6 43 46 35 
student 469: 43 17 28 10 23 49 13 26 32 24 3 14 30 25 16 40 41 4 5 12 31 50 11 48 1 35 22 42 7 9 8 20 34 33 38 29 19 47 18 2 15 27 36 39 21 37 6 45 46 44 
student 470: 45 17 29 10 22 49 14 27 32 26 4 15 30 24 16 40 39 6 5 12 28 50 13 48 2 34 21 47 3 9 8 20 35 33 38 31 19 46 18 1 11 23 37 36 25 42 7 43 44 41 
student 471: 43 17 29 10 20 48 14 26 30 24 3 15 38 23 16 34 41 6 4 13 27 49 11 47 2 35 22 50 5 9 8 21 36 33 37 31 19 46 18 1 12 28 32 39 25 40 7 44 45 42 
student 472: 49 14 29 10 19 45 16 27 33 25 4 17 31 24 15 44 39 6 7 13 28 47 12 48 2 40 22 41 5 3 9 18 35 32 36 30 21 50 20 1 11 26 34 37 23 38 8 46 43 42 
student 473: 45 16 29 9 23 47 13 26 30 25 6 15 36 21 19 39 41 1 5 12 27 50 11 49 4 38 22 44 3 8 10 20 33 32 35 31 18 48 17 2 14 28 34 37 24 40 7 43 46 42 
student 474: 44 17 29 8 22 48 14 25 30 24 3 15 32 23 16 40 41 5 6 13 28 50 12 49 1 37 19 46 4 7 9 21 34 35 36 31 18 47 20 2 11 27 33 38 26 39 10 43 45 42 
student 475: 46 16 31 10 19 49 14 26 30 25 3 15 29 23 17 41 42 8 2 13 27 50 12 45 1 39 18 47 5 7 9 20 37 35 34 28 22 48 21 4 11 33 32 36 24 38 6 40 44 43 
student 476: 45 19 30 7 22 50 12 25 29 26 5 13 32 24 16 42 41 6 2 15 28 49 11 48 3 33 21 44 4 9 14 18 36 34 38 31 17 47 20 1 10 27 35 39 23 37 8 43 46 40 
student 477: 43 18 29 12 23 49 15 25 32 22 3 14 31 24 19 40 41 5 6 10 28 50 9 48 2 37 21 47 4 8 7 20 36 33 39 27 16 46 17 1 13 30 34 35 26 38 11 44 45 42 
student 478: 44 18 28 10 24 48 16 27 26 23 2 12 33 22 17 39 41 11 6 14 30 49 13 47 3 36 21 46 4 9 7 20 32 34 37 31 19 45 15 1 8 29 35 38 25 40 5 43 50 42 
student 479: 42 17 30 5 22 49 14 27 31 26 2 18 33 23 13 39 41 9 7 16 28 50 12 48 4 36 21 45 3 11 8 19 35 34 38 29 20 47 15 1 10 24 32 37 25 40 6 44 46 43 
student 480: 45 17 29 10 23 48 14 27 32 25 6 16 31 22 12 41 38 7 4 15 28 50 13 49 2 39 24 44 3 5 9 20 35 33 36 26 19 46 18 1 11 30 34 37 21 40 8 42 47 43 
student 481: 44 17 27 8 22 49 14 30 32 24 2 16 29 23 13 40 41 7 6 15 28 50 12 47 1 37 21 48 4 5 11 20 36 33 35 31 18 45 19 3 10 26 34 39 25 38 9 42 46 43 
student 482: 42 16 28 9 20 49 13 26 32 23 6 14 31 24 15 40 43 5 4 12 30 50 11 46 3 36 21 45 1 8 7 22 37 33 35 29 19 47 17 2 18 27 34 38 25 39 10 44 48 41 
student 483: 41 21 26 10 19 50 15 25 30 27 2 12 29 20 16 40 42 4 9 14 32 49 13 48 3 37 23 45 7 5 8 22 36 34 35 33 17 47 18 1 11 28 31 39 24 38 6 44 46 43 
student 484: 45 16 28 9 21 48 13 26 30 25 3 14 32 23 18 43 38 6 5 15 29 50 12 49 2 37 19 40 4 8 11 22 36 33 34 31 20 47 17 1 10 27 35 42 24 44 7 39 46 41 
student 485: 43 17 29 13 23 49 14 24 32 25 1 15 30 26 16 40 41 5 7 12 31 50 10 46 4 34 21 44 3 9 11 18 35 33 39 28 20 48 19 2 8 27 36 37 22 38 6 45 47 42 
student 486: 45 17 27 11 20 49 13 28 33 26 3 15 31 25 16 39 41 6 5 10 24 50 14 48 2 38 23 43 4 7 9 21 35 32 37 30 19 46 18 1 12 29 34 36 22 40 8 44 47 42 
student 487: 42 12 29 9 22 48 8 25 32 24 3 16 33 21 18 40 41 4 6 11 27 50 14 49 1 31 17 44 5 7 10 23 36 34 37 30 20 47 19 2 15 28 35 39 26 38 13 43 46 45 
student 488: 44 17 31 10 22 50 15 24 33 25 2 14 30 23 16 41 42 4 9 12 27 49 11 47 5 36 21 45 3 6 13 20 32 35 37 29 19 48 18 1 7 28 34 40 26 38 8 39 46 43 
student 489: 43 20 30 11 22 48 17 26 28 24 3 16 34 23 18 40 41 5 4 13 29 50 12 49 1 36 15 44 7 8 9 14 33 35 37 31 21 47 19 2 10 27 32 38 25 39 6 42 45 46 
student 490: 44 19 25 9 21 46 15 27 32 24 6 13 29 22 16 40 41 7 4 12 30 50 14 49 1 34 23 45 2 8 10 18 33 35 36 31 20 47 17 3 11 28 38 37 26 39 5 43 48 42 
student 491: 44 17 29 12 22 49 13 26 32 25 10 15 34 23 16 39 42 5 4 11 30 50 6 48 2 33 20 45 3 8 9 21 38 37 35 28 19 46 18 1 14 27 31 36 24 40 7 43 47 41 
student 492: 43 17 28 10 19 48 13 26 33 25 5 14 31 24 15 39 44 6 4 12 29 50 11 49 2 38 22 46 3 8 9 21 34 32 35 30 18 47 20 1 16 27 37 40 23 36 7 42 45 41 
student 493: 48 13 30 6 24 50 18 27 33 23 5 15 31 20 19 41 38 11 4 14 26 49 12 47 2 32 21 42 3 8 9 22 39 34 36 28 17 45 16 1 10 29 35 37 25 40 7 44 46 43 
student 494: 43 15 33 9 25 49 16 26 32 23 3 14 30 22 18 41 40 5 8 13 27 50 12 48 2 37 19 45 1 7 10 21 34 35 38 28 20 47 17 4 11 29 31 39 24 36 6 42 46 44 
student 495: 45 20 28 9 23 48 14 24 34 25 3 16 32 22 17 39 41 7 6 12 29 50 13 49 2 36 19 44 4 10 5 21 31 33 38 30 18 46 15 1 11 27 37 35 26 43 8 42 47 40 
student 496: 42 17 24 9 23 47 14 25 32 26 6 15 31 20 21 41 40 5 4 13 28 50 12 48 3 37 22 45 1 8 10 19 35 34 38 29 18 46 16 2 11 27 33 36 30 39 7 44 49 43 
student 497: 45 16 30 11 24 48 13 26 33 23 3 14 29 22 17 43 40 5 7 10 28 50 15 44 1 36 21 46 2 9 6 18 35 32 37 31 19 47 20 4 12 27 34 38 25 39 8 42 49 41 
student 498: 45 17 28 9 23 48 16 25 31 33 3 14 30 22 15 39 41 4 5 11 27 50 10 49 2 35 19 47 7 8 13 21 36 32 38 29 20 46 18 1 12 26 34 37 24 40 6 43 44 42 
student 499: 46 18 30 9 21 50 14 25 32 27 3 10 33 24 16 39 42 8 7 13 29 49 15 48 4 37 22 44 6 5 12 20 35 31 36 28 19 47 17 1 11 26 34 38 23 41 2 45 43 40 
