student 0: 50 31 43 7 15 40 16 12 42 5 46 13 10 2 17 36 24 21 1 29 39 18 44 14 25 45 27 38 3 11 37 32 20 9 6 30 34 48 4 23 19 47 35 22 33 8 49 41 26 28 
student 1: 50 29 40 11 9 41 16 14 43 7 48 15 13 1 17 35 25 21 2 33 38 18 42 12 26 45 23 39 3 10 37 30 20 5 4 31 32 46 6 28 19 47 36 24 34 8 49 44 22 27 
student 2: 48 29 41 9 15 39 16 10 44 7 49 13 14 2 17 36 20 22 3 30 42 18 45 12 23 46 28 37 1 6 38 32 24 11 5 31 33 47 4 25 19 43 35 26 34 8 50 40 21 27 
student 3: 45 27 42 11 14 40 16 12 44 5 48 15 10 3 20 35 25 19 8 36 39 21 47 13 26 43 29 37 4 9 38 31 22 2 6 30 32 46 1 28 17 50 34 18 33 7 49 41 24 23 
student 4: 50 30 42 5 10 41 18 13 43 7 47 16 12 3 15 35 21 20 1 31 40 17 44 14 24 45 28 38 4 11 37 29 23 8 2 32 33 46 6 27 19 48 34 26 36 9 49 39 22 25 
student 5: 49 29 42 7 13 38 16 12 40 6 46 15 10 2 17 37 26 19 5 30 41 20 44 14 25 48 27 39 1 8 35 32 21 11 3 31 34 45 9 28 18 47 36 22 33 4 50 43 24 23 
student 6: 50 30 44 11 15 40 14 13 42 7 46 18 12 1 16 35 21 22 4 32 39 17 43 10 26 45 29 37 2 9 38 31 20 8 3 28 34 47 5 27 19 48 36 25 33 6 49 41 23 24 
student 7: 50 29 44 9 13 39 15 12 42 6 46 17 10 2 19 35 26 21 1 30 37 16 47 14 28 43 32 40 4 3 36 31 20 8 11 27 34 45 7 24 18 48 38 22 33 5 49 41 23 25 
student 8: 50 29 43 10 15 42 14 12 45 7 46 16 13 1 17 33 24 21 2 32 40 19 39 11 25 44 28 38 6 9 35 31 22 8 3 30 36 47 4 27 18 48 37 20 34 5 49 41 23 26 
student 9: 50 30 41 16 12 39 15 13 43 8 45 17 9 1 20 35 28 21 3 32 38 14 44 11 23 46 26 40 2 10 37 29 19 7 5 31 34 47 4 27 18 48 36 24 33 6 49 42 22 25 
student 10: 50 27 42 9 16 41 14 13 43 7 46 15 11 1 17 38 20 21 6 30 36 18 44 12 23 45 26 40 3 10 37 32 25 8 2 29 34 48 4 31 19 47 35 24 33 5 49 39 22 28 
student 11: 50 24 44 7 14 39 18 13 42 10 48 15 9 1 16 35 17 23 2 31 40 21 43 11 27 45 29 38 3 12 37 32 20 6 5 30 34 46 8 28 19 49 36 25 33 4 47 41 22 26 
student 12: 50 28 41 10 13 44 17 15 46 7 45 14 11 2 19 36 23 18 3 29 40 16 47 12 26 42 30 38 1 9 37 33 22 6 5 31 32 43 4 27 20 49 34 21 35 8 48 39 24 25 
student 13: 50 28 40 11 15 41 17 12 43 3 44 16 8 1 20 33 25 18 4 32 36 14 46 13 27 45 26 38 5 10 39 35 24 7 6 30 34 48 2 22 21 47 37 19 31 9 49 42 23 29 
student 14: 50 28 42 9 14 40 15 13 41 5 46 16 11 7 17 36 24 20 1 31 37 18 44 10 25 48 29 39 2 12 38 33 21 8 4 30 34 43 3 27 19 47 35 22 32 6 49 45 23 26 
student 15: 50 26 43 9 14 41 15 12 44 7 47 16 11 1 18 35 21 22 3 32 40 13 39 17 25 46 28 38 2 10 37 31 23 8 4 29 34 45 6 27 20 48 36 24 33 5 49 42 19 30 
student 16: 50 26 42 10 13 40 17 14 43 9 47 15 11 1 16 36 21 23 3 31 35 18 46 12 25 44 27 39 2 8 38 32 20 7 5 29 33 45 6 28 19 48 37 24 34 4 49 41 22 30 
student 17: 47 30 38 10 11 39 17 13 42 4 49 14 16 2 18 37 21 20 6 31 44 19 45 12 25 43 26 36 1 9 41 33 22 7 8 29 34 46 3 27 15 48 35 24 32 5 50 40 23 28 
student 18: 50 31 42 10 14 41 16 13 43 8 47 15 11 2 17 34 26 19 1 30 38 18 44 12 25 45 29 37 3 7 40 32 20 9 5 28 33 46 4 23 21 48 36 24 35 6 49 39 22 27 
student 19: 50 31 43 7 14 41 17 9 42 8 46 13 15 3 16 33 23 24 5 30 39 21 44 12 26 45 28 37 1 10 35 32 18 11 6 29 36 47 2 25 19 48 38 22 34 4 49 40 20 27 
student 20: 50 27 42 9 15 40 20 13 41 6 48 17 12 1 14 35 23 19 3 32 39 16 45 11 25 44 29 37 2 10 38 31 22 5 7 30 33 47 4 28 18 49 36 24 34 8 46 43 21 26 
student 21: 49 27 39 6 10 41 18 15 42 7 47 17 12 2 14 38 25 19 4 31 40 16 44 13 23 45 26 35 1 9 36 33 28 8 3 30 37 46 5 24 21 50 34 22 32 11 48 43 20 29 
student 22: 50 25 42 12 14 41 18 11 43 7 45 15 10 1 17 37 27 20 3 31 38 19 44 13 23 47 30 40 2 9 36 34 26 8 4 33 32 46 6 24 16 49 35 22 28 5 48 39 21 29 
student 23: 50 27 43 8 15 40 14 13 44 6 46 17 11 1 22 34 23 19 2 31 37 18 42 10 25 45 28 35 3 12 39 32 20 9 7 30 38 47 4 29 16 48 36 24 33 5 49 41 21 26 
student 24: 49 29 42 10 15 41 18 13 45 9 46 14 11 2 17 37 24 23 1 32 40 16 43 12 25 48 28 33 3 8 38 34 21 7 4 30 35 44 5 26 20 47 36 22 31 6 50 39 19 27 
student 25: 49 28 43 9 14 40 17 13 42 7 46 15 12 3 16 33 23 21 2 34 41 18 44 11 25 45 29 38 1 10 39 30 20 8 4 31 32 48 5 26 19 47 35 22 36 6 50 37 24 27 
student 26: 50 28 43 10 16 41 22 14 42 8 47 12 13 2 17 35 23 18 4 30 38 15 46 7 29 44 33 40 3 9 39 32 21 11 1 24 34 45 5 25 19 48 36 26 31 6 49 37 20 27 
student 27: 50 29 43 11 14 41 16 13 42 9 48 15 12 1 24 34 26 17 3 30 39 18 44 8 23 45 28 38 2 6 36 31 21 10 5 32 33 47 7 27 19 46 37 20 35 4 49 40 22 25 
student 28: 49 29 45 8 14 37 16 13 42 9 47 15 10 1 17 32 24 21 6 31 41 18 43 11 26 44 25 38 2 7 39 34 22 12 4 30 36 46 5 28 20 48 35 23 33 3 50 40 19 27 
student 29: 49 28 41 9 15 43 11 14 42 6 47 26 13 3 17 37 24 19 5 31 38 18 44 12 22 46 30 40 1 8 36 32 20 4 7 27 34 45 2 29 16 48 35 21 33 10 50 39 23 25 
student 30: 49 29 43 7 12 42 17 14 41 11 46 16 8 2 15 38 26 20 3 31 37 19 47 13 21 44 28 35 1 10 36 33 22 5 4 30 32 45 9 27 18 48 39 24 34 6 50 40 23 25 
student 31: 50 28 43 11 13 39 16 14 45 8 46 15 9 2 18 35 24 20 4 31 40 19 44 12 25 42 29 37 1 10 36 34 23 7 6 30 32 47 5 27 17 49 38 22 33 3 48 41 21 26 
student 32: 50 28 44 10 13 40 17 12 42 8 46 15 11 3 16 36 23 21 4 30 38 19 43 14 25 45 29 37 1 9 41 31 20 7 2 33 34 48 5 27 18 49 35 24 32 6 47 39 22 26 
student 33: 49 29 42 10 12 40 18 15 43 5 46 17 13 2 14 35 24 20 4 32 39 16 44 6 23 48 26 38 3 11 36 33 22 8 1 31 34 45 7 28 19 47 37 21 30 9 50 41 25 27 
student 34: 50 29 43 12 14 41 16 11 45 7 46 17 13 2 15 31 25 19 3 33 38 18 42 10 22 44 28 39 1 8 36 32 20 9 4 30 35 47 6 27 24 48 37 21 34 5 49 40 23 26 
student 35: 50 29 41 9 14 38 15 12 43 8 49 16 11 1 17 37 22 19 4 30 42 24 44 13 28 45 27 39 2 10 35 31 21 7 3 32 34 48 5 26 18 46 36 20 33 6 47 40 23 25 
student 36: 50 31 40 10 14 42 17 12 41 6 48 15 11 1 16 35 23 21 4 30 39 19 44 13 24 46 26 37 2 9 38 32 18 8 3 28 34 45 5 29 20 49 36 22 33 7 47 43 25 27 
student 37: 50 29 43 9 14 40 16 13 46 6 47 15 12 3 18 34 28 20 1 31 38 21 42 10 25 44 27 39 2 8 36 32 19 11 4 30 33 45 7 26 17 48 37 22 35 5 49 41 24 23 
student 38: 47 30 40 11 14 45 17 13 41 8 49 15 12 2 16 28 24 18 4 33 44 20 42 10 21 43 26 31 1 9 39 34 22 6 3 32 35 46 5 29 19 50 37 27 36 7 48 38 23 25 
student 39: 50 29 45 9 15 40 17 13 42 7 47 14 11 5 18 36 24 20 2 31 39 16 43 12 27 44 28 38 1 8 37 33 22 10 3 30 32 46 4 25 19 49 35 23 34 6 48 41 21 26 
student 40: 50 31 42 9 11 39 16 15 44 4 47 14 13 7 17 32 21 22 3 29 40 19 43 12 25 45 27 37 2 10 36 30 23 8 5 28 38 46 6 33 20 48 35 24 34 1 49 41 18 26 
student 41: 50 26 43 12 14 41 16 10 44 6 46 15 11 1 17 36 22 21 4 32 39 18 42 13 24 45 29 38 3 8 37 35 23 7 5 31 34 47 2 27 19 48 33 28 30 9 49 40 20 25 
student 42: 49 29 41 13 14 39 15 11 43 9 45 16 10 2 17 34 24 20 6 31 40 18 44 12 26 46 27 38 3 7 37 32 22 5 4 28 36 47 1 30 19 50 35 25 33 8 48 42 21 23 
student 43: 48 25 43 10 15 35 16 13 42 8 46 12 14 2 20 34 23 19 4 30 41 17 44 11 26 45 33 39 1 9 38 31 21 7 3 29 37 49 6 28 18 50 32 22 36 5 47 40 24 27 
student 44: 50 30 43 12 14 40 13 11 42 8 48 15 10 1 17 35 22 20 4 31 39 18 45 16 25 44 27 37 2 9 36 32 21 7 3 29 34 47 5 28 19 49 38 24 33 6 46 41 23 26 
student 45: 50 30 46 11 13 38 18 19 40 4 42 14 10 1 15 35 22 20 3 31 39 16 44 12 25 45 27 43 5 8 36 32 23 9 6 29 34 47 2 26 21 48 37 24 33 7 49 41 17 28 
student 46: 50 27 41 7 13 39 15 12 44 9 46 16 11 2 18 35 24 20 3 31 38 17 43 14 26 45 28 36 1 10 37 32 22 8 4 30 34 48 5 29 19 47 40 23 33 6 49 42 21 25 
student 47: 49 27 40 11 14 42 16 10 41 6 50 17 12 5 15 35 24 21 2 31 37 18 44 13 26 45 25 43 1 9 39 32 20 8 7 29 34 46 4 30 19 48 36 23 33 3 47 38 22 28 
student 48: 47 27 44 8 16 42 17 13 43 5 49 14 11 6 15 33 24 21 1 31 38 19 45 12 26 41 25 37 3 7 34 35 18 10 4 30 36 46 9 28 20 48 40 23 32 2 50 39 22 29 
student 49: 50 28 42 12 17 43 14 15 41 10 48 11 9 1 16 34 22 21 2 31 39 18 46 13 24 47 32 37 4 8 35 30 25 5 3 29 36 44 6 27 19 49 38 20 33 7 45 40 23 26 
student 50: 50 29 42 11 14 36 18 13 44 7 45 15 12 1 19 34 23 20 6 27 41 16 46 9 25 43 30 40 4 10 39 33 21 5 2 31 32 48 8 28 17 47 35 24 38 3 49 37 22 26 
student 51: 50 29 37 10 11 42 17 14 43 8 47 15 12 1 20 31 23 19 3 34 39 16 44 13 25 45 28 38 2 9 40 33 24 6 4 30 35 46 5 26 18 48 36 22 32 7 49 41 21 27 
student 52: 49 31 40 8 15 39 14 13 44 10 46 17 11 1 16 34 23 18 3 32 41 21 42 12 25 45 27 38 4 7 36 30 20 9 5 29 35 47 2 26 19 48 37 24 33 6 50 43 22 28 
student 53: 50 28 40 8 15 38 16 13 42 7 46 14 10 2 17 37 23 19 3 31 44 18 47 11 25 43 30 39 1 12 35 32 21 9 4 29 34 45 6 26 20 49 36 24 33 5 48 41 22 27 
student 54: 50 29 37 8 13 41 15 12 44 9 47 18 14 1 16 36 24 20 2 32 40 17 42 11 25 45 28 39 3 10 38 31 21 7 5 30 34 46 6 27 19 48 35 22 33 4 49 43 23 26 
student 55: 50 30 41 9 14 39 15 12 43 8 48 16 10 2 18 34 26 23 3 31 38 17 47 11 24 44 25 40 1 13 37 32 20 7 6 27 35 46 4 28 19 45 36 22 33 5 49 42 21 29 
student 56: 50 32 43 10 16 39 13 14 47 6 45 15 11 1 19 36 24 20 3 31 38 18 46 12 26 40 27 37 2 9 44 29 22 8 5 28 35 42 4 30 17 48 34 23 33 7 49 41 21 25 
student 57: 50 29 45 13 15 37 16 12 42 7 44 14 10 1 21 35 24 19 5 31 43 17 41 11 25 47 27 40 2 9 36 30 22 8 6 32 33 46 3 28 18 48 38 23 34 4 49 39 20 26 
student 58: 50 29 43 12 14 37 16 9 40 7 47 21 13 1 17 36 22 19 4 30 41 15 44 5 25 45 28 35 2 11 39 34 20 10 6 31 33 46 3 26 18 49 38 24 32 8 48 42 23 27 
student 59: 50 28 41 15 16 42 17 12 47 8 45 14 9 4 19 35 25 22 3 32 38 18 43 10 24 46 29 40 1 11 36 31 20 6 5 30 34 44 7 27 13 48 37 23 33 2 49 39 21 26 
student 60: 50 30 41 13 12 43 17 14 48 5 49 15 10 1 16 39 26 22 4 31 42 18 46 11 25 47 24 37 2 8 36 32 19 9 3 29 34 45 6 28 20 44 35 23 33 7 40 38 21 27 
student 61: 50 28 42 11 14 39 15 13 44 5 46 17 10 2 16 35 25 20 4 31 37 18 43 12 24 47 27 36 1 9 40 32 21 6 3 30 34 45 7 29 19 48 38 23 33 8 49 41 22 26 
student 62: 50 28 43 10 17 39 16 14 41 8 48 15 11 1 13 35 24 20 3 33 40 18 47 12 27 46 32 38 2 5 34 30 21 9 4 29 36 44 6 26 25 45 37 22 31 7 49 42 19 23 
student 63: 50 29 44 9 14 40 16 17 42 7 45 13 11 1 15 33 23 20 2 31 41 18 46 12 24 43 28 37 3 8 36 32 21 10 4 30 38 48 5 26 25 47 35 22 34 6 49 39 19 27 
student 64: 49 31 42 10 15 41 18 13 44 7 45 17 11 1 19 34 25 20 2 30 39 16 43 12 26 46 27 37 4 8 38 33 21 9 3 29 36 47 5 23 14 48 35 24 32 6 50 40 22 28 
student 65: 49 28 41 9 13 42 16 14 45 7 48 15 10 1 18 35 24 20 3 29 36 17 43 12 25 46 31 39 2 11 38 30 21 8 4 34 33 44 5 26 19 47 37 22 32 6 50 40 23 27 
student 66: 49 27 43 11 15 42 16 13 44 6 48 14 12 3 17 34 24 19 7 33 38 18 50 10 30 40 26 36 4 9 39 29 21 8 1 31 32 47 2 25 20 46 37 23 35 5 45 41 22 28 
student 67: 50 28 42 12 14 40 16 15 44 6 48 13 9 2 18 34 25 22 4 32 41 20 43 7 24 45 26 39 1 11 37 33 19 5 10 31 35 46 3 29 17 49 36 23 30 8 47 38 21 27 
student 68: 48 28 43 11 13 38 18 14 46 3 49 17 10 5 16 35 24 15 1 31 40 19 42 12 26 44 30 39 2 7 37 32 20 9 4 29 34 47 6 27 21 45 36 23 33 8 50 41 22 25 
student 69: 50 29 47 10 14 40 17 12 42 11 46 15 9 1 19 36 26 21 2 31 38 16 43 13 28 44 27 39 3 8 37 34 20 7 6 30 33 45 4 24 18 49 35 23 32 5 48 41 22 25 
student 70: 45 29 42 13 16 40 19 11 43 8 48 14 10 2 15 33 27 20 3 30 39 18 44 9 23 46 28 37 1 12 38 34 21 6 4 31 32 47 5 26 17 49 36 22 35 7 50 41 24 25 
student 71: 49 29 42 10 14 38 17 13 43 7 47 16 12 2 20 35 23 21 1 30 40 19 44 11 26 45 24 37 3 9 39 31 15 8 4 33 34 46 5 28 18 48 36 22 32 6 50 41 25 27 
student 72: 50 28 42 10 18 39 14 13 43 5 46 15 9 3 20 32 26 16 2 31 41 21 44 11 27 45 30 37 1 8 34 33 19 7 4 24 35 48 6 25 17 47 36 23 38 12 49 40 22 29 
student 73: 49 25 46 9 19 38 15 17 42 7 43 14 5 1 13 34 24 20 4 32 39 16 45 12 26 41 30 44 2 11 36 31 22 8 6 29 35 50 3 27 18 48 37 23 33 10 47 40 21 28 
student 74: 49 31 40 10 18 41 15 13 43 9 46 7 14 1 17 36 24 21 2 28 39 19 48 12 27 44 29 35 3 11 38 33 23 8 5 30 34 45 4 26 16 50 37 22 32 6 47 42 20 25 
student 75: 46 27 41 13 17 39 20 10 43 11 48 14 9 3 18 38 24 21 1 32 47 16 44 12 22 42 31 37 2 6 34 29 19 8 4 33 30 45 7 28 15 49 35 25 36 5 50 40 23 26 
student 76: 50 28 42 12 14 40 15 13 43 7 47 16 11 2 18 32 24 23 1 31 37 17 45 9 26 44 27 39 6 5 38 33 19 10 3 30 35 46 4 25 20 49 36 21 34 8 48 41 22 29 
student 77: 50 29 40 9 14 37 16 13 42 12 46 15 10 2 17 35 24 20 3 31 39 22 43 11 26 44 27 41 1 7 36 32 21 8 4 30 34 47 5 28 18 49 38 19 33 6 48 45 23 25 
student 78: 50 28 41 8 14 43 16 13 40 10 46 15 11 1 17 33 24 18 3 30 42 19 44 12 25 45 27 38 5 7 36 32 20 6 2 31 35 48 9 29 23 49 37 22 34 4 47 39 21 26 
student 79: 50 28 44 9 12 41 16 14 42 6 46 13 11 1 18 37 23 20 2 30 39 19 43 15 26 45 29 38 3 10 36 32 24 8 4 27 34 48 5 31 17 49 33 22 35 7 47 40 21 25 
student 80: 50 30 40 13 14 39 15 17 43 5 46 12 9 1 16 37 24 19 4 28 41 21 44 11 26 45 25 38 2 8 36 32 20 10 3 31 34 47 6 29 18 48 35 23 33 7 49 42 22 27 
student 81: 48 32 42 11 16 37 14 13 45 9 47 17 12 3 15 34 25 18 5 27 41 22 43 10 28 44 30 39 1 8 38 31 20 4 2 29 35 46 6 26 19 50 36 23 33 7 49 40 21 24 
student 82: 50 28 42 11 13 40 18 14 43 7 47 17 10 2 15 35 26 20 4 31 38 19 45 12 23 44 30 39 1 9 36 32 21 8 5 29 34 46 6 27 16 49 37 25 33 3 48 41 22 24 
student 83: 49 29 41 9 16 42 17 13 43 7 47 10 11 2 15 38 24 20 5 31 37 19 44 14 25 45 26 39 3 8 36 32 21 12 1 30 34 46 6 28 18 48 35 23 33 4 50 40 22 27 
student 84: 50 29 43 11 9 41 16 15 46 7 45 14 12 1 17 36 24 18 5 33 42 19 39 13 25 44 28 34 2 10 38 32 22 8 4 30 35 48 3 27 20 47 37 26 31 6 49 40 23 21 
student 85: 49 34 42 10 14 38 15 12 39 7 47 17 11 1 16 35 22 20 3 30 37 18 45 13 25 44 27 41 2 9 40 28 21 8 5 32 33 46 4 26 19 50 36 24 31 6 48 43 23 29 
student 86: 50 30 40 9 14 43 17 11 44 2 48 15 12 6 18 41 24 21 1 31 36 20 42 13 23 47 28 38 3 10 35 34 19 5 4 29 33 45 8 25 16 49 37 26 32 7 46 39 22 27 
student 87: 49 32 42 11 13 38 20 17 44 8 48 15 12 1 14 30 27 19 3 31 40 16 43 9 22 45 26 39 2 7 35 34 21 10 5 33 36 47 6 28 18 46 37 29 25 4 50 41 23 24 
student 88: 49 28 43 6 18 40 15 13 42 9 48 14 11 1 16 36 25 20 7 32 37 17 44 12 24 45 27 39 5 10 38 33 22 8 2 31 34 46 3 26 19 47 35 23 29 4 50 41 21 30 
student 89: 48 28 37 9 11 44 15 14 40 8 49 19 13 3 16 35 27 24 5 32 42 17 41 12 29 45 26 38 1 6 36 31 21 10 2 30 34 46 4 23 20 47 39 22 33 7 50 43 18 25 
student 90: 46 33 40 11 15 39 16 13 41 6 48 14 9 1 17 32 22 20 7 29 42 18 45 12 26 44 30 38 3 10 37 36 21 8 4 27 31 47 2 28 19 50 35 24 34 5 49 43 25 23 
student 91: 50 29 42 9 11 40 14 17 46 10 45 15 12 3 19 35 24 20 6 30 39 16 47 13 25 43 28 36 1 8 38 33 21 5 4 31 34 44 2 26 18 48 37 22 32 7 49 41 23 27 
student 92: 50 30 42 10 13 45 20 16 40 6 43 14 12 1 15 34 24 19 3 32 41 18 46 11 26 39 29 38 2 9 37 35 21 8 4 31 36 44 5 28 17 48 33 23 27 7 47 49 22 25 
student 93: 50 28 40 13 14 38 17 15 41 8 49 12 11 1 16 34 24 19 3 31 39 22 43 10 26 45 27 42 2 6 36 30 20 9 5 35 33 44 4 29 18 48 37 21 32 7 47 46 23 25 
student 94: 49 30 42 9 14 39 17 13 43 10 45 16 11 1 15 35 25 23 2 31 38 19 44 12 24 46 28 40 3 8 36 32 18 6 4 29 37 47 5 27 20 48 33 21 34 7 50 41 22 26 
student 95: 50 29 45 11 13 40 16 14 43 9 47 15 8 1 19 38 22 20 2 30 37 17 41 12 26 44 27 36 7 10 39 35 21 6 3 31 32 46 4 28 18 48 34 23 33 5 49 42 24 25 
student 96: 50 30 42 8 14 38 16 11 44 6 48 15 10 1 22 40 23 18 2 34 37 17 43 13 29 45 26 41 3 12 36 28 19 9 5 31 33 47 4 27 21 46 32 20 35 7 49 39 25 24 
student 97: 50 28 42 10 15 40 18 13 43 8 47 17 11 2 16 33 23 25 6 32 39 19 44 12 24 45 29 38 1 9 37 34 21 7 3 30 35 46 5 27 14 48 36 22 31 4 49 41 20 26 
student 98: 49 31 43 8 14 39 16 13 44 7 47 15 10 2 18 34 27 21 3 30 41 19 46 12 23 42 26 38 1 9 37 33 17 11 4 29 35 45 5 28 20 50 36 25 32 6 48 40 22 24 
student 99: 50 30 42 12 17 40 15 13 43 8 48 14 9 1 16 37 24 20 3 28 38 18 44 11 25 47 29 39 2 10 35 31 23 7 4 32 36 41 5 27 19 49 34 22 33 6 46 45 21 26 
student 100: 50 27 42 12 13 39 16 14 43 7 49 15 10 1 18 41 24 19 3 33 37 17 44 11 23 46 30 36 2 9 35 32 26 8 5 29 38 45 4 28 20 48 34 21 31 6 47 40 22 25 
student 101: 50 30 41 9 14 39 17 13 42 7 46 16 11 2 19 36 25 18 4 31 40 15 44 12 22 45 27 34 1 8 37 33 21 10 3 29 35 49 6 26 23 48 38 24 32 5 47 43 20 28 
student 102: 48 29 42 10 12 38 15 11 41 7 47 16 14 1 18 36 24 20 4 30 43 17 44 13 25 46 27 35 2 8 39 31 21 9 3 32 33 45 5 23 19 49 37 26 34 6 50 40 22 28 
student 103: 50 28 41 11 14 39 16 13 45 7 47 15 9 1 17 32 24 21 5 31 38 18 43 12 23 46 27 36 2 8 40 29 33 10 4 30 34 42 3 26 20 48 37 22 35 6 49 44 19 25 
student 104: 50 29 41 9 15 40 16 13 42 7 49 14 10 3 17 36 20 22 1 31 39 18 44 11 26 46 24 38 4 8 34 30 21 6 12 33 35 45 2 28 19 48 37 25 32 5 47 43 23 27 
student 105: 48 28 43 11 16 34 19 14 42 5 46 13 9 3 15 36 24 20 2 29 41 21 44 12 26 49 31 37 1 7 38 35 18 10 4 30 33 45 8 27 17 47 40 23 32 6 50 39 22 25 
student 106: 49 29 41 9 15 40 17 13 43 8 47 14 10 1 18 33 25 20 2 32 39 16 44 12 27 46 28 38 4 7 37 31 21 11 3 30 36 45 6 26 19 48 35 24 34 5 50 42 23 22 
student 107: 50 29 40 9 17 39 18 13 43 6 48 15 10 1 16 36 24 20 2 30 41 14 44 12 25 46 28 38 3 11 35 32 22 8 4 31 37 45 5 26 19 47 33 21 34 7 49 42 23 27 
student 108: 50 28 46 13 16 35 19 12 42 7 47 18 8 1 14 36 26 15 5 31 40 20 43 11 23 45 29 39 2 10 33 32 17 9 3 30 37 44 6 27 21 49 38 25 34 4 48 41 22 24 
student 109: 50 28 42 10 9 41 13 22 43 8 45 15 12 1 16 35 25 18 3 31 37 20 44 14 26 47 29 39 2 7 38 32 19 11 6 30 33 48 4 27 17 46 36 21 34 5 49 40 24 23 
student 110: 50 29 44 12 14 38 18 13 42 8 48 15 7 3 17 35 26 21 4 31 40 16 43 10 24 45 27 41 1 11 37 36 22 6 5 30 33 46 2 25 19 49 34 23 32 9 47 39 20 28 
student 111: 50 29 44 10 15 41 18 11 42 7 47 16 14 1 13 35 27 20 4 31 39 19 43 12 21 45 28 38 3 8 34 32 25 9 2 30 33 46 5 24 17 48 36 26 37 6 49 40 22 23 
student 112: 50 29 42 9 12 40 17 13 43 7 46 15 11 2 16 37 25 21 1 32 39 20 44 14 27 45 28 38 3 8 36 31 19 10 4 30 34 47 5 26 18 49 35 23 33 6 48 41 22 24 
student 113: 49 29 42 7 15 41 13 14 44 8 50 16 10 1 18 33 25 22 2 30 36 17 43 12 23 45 28 40 3 9 39 32 21 11 6 31 37 46 5 27 19 47 34 24 35 4 48 38 20 26 
student 114: 48 28 40 12 14 41 15 13 44 8 45 16 11 2 17 35 24 22 5 31 38 18 43 10 27 47 30 39 1 6 37 34 21 9 3 29 33 46 4 25 19 50 36 20 32 7 49 42 23 26 
student 115: 50 29 43 10 14 37 16 13 42 7 45 15 12 1 17 38 24 21 2 33 40 18 44 8 27 46 25 39 4 11 36 28 22 9 3 30 35 48 5 26 19 49 34 23 32 6 47 41 20 31 
student 116: 49 31 41 8 16 39 17 14 40 7 46 11 6 2 15 35 24 19 4 33 38 18 44 13 27 45 28 36 1 12 37 30 22 10 5 29 34 48 9 25 20 47 42 23 32 3 50 43 21 26 
student 117: 50 29 42 9 14 40 16 13 43 7 47 15 12 2 17 35 25 20 4 32 36 18 45 11 26 44 28 39 1 10 37 30 21 8 6 31 34 46 3 24 19 48 38 22 33 5 49 41 23 27 
student 118: 50 30 42 12 18 41 15 13 46 6 47 14 8 2 16 36 25 20 3 33 40 17 45 10 26 44 28 38 1 11 37 32 23 9 4 29 34 43 5 24 19 48 35 21 31 7 49 39 22 27 
student 119: 50 30 44 11 13 40 15 12 42 6 46 17 9 3 23 38 24 18 2 32 33 16 43 14 25 45 28 35 1 10 39 31 20 8 7 29 36 48 4 27 19 49 37 21 34 5 47 41 22 26 
student 120: 50 29 40 11 12 43 17 14 44 4 47 15 10 2 18 35 24 16 1 28 41 19 42 13 25 45 27 37 3 9 36 32 21 7 6 30 33 46 5 31 20 48 38 23 34 8 49 39 22 26 
student 121: 49 29 41 10 15 40 17 9 43 7 47 14 11 2 16 36 25 21 3 31 39 22 45 13 27 44 28 35 1 12 37 33 18 8 4 32 34 46 5 26 19 48 38 24 30 6 50 42 20 23 
student 122: 50 28 41 9 14 40 21 13 43 7 47 15 12 1 16 35 24 18 4 30 39 17 44 11 23 45 29 38 2 8 37 34 19 10 3 31 33 46 5 27 22 48 36 20 32 6 49 42 26 25 
student 123: 49 29 43 10 16 39 15 12 41 9 47 14 11 2 18 35 24 17 5 30 36 20 44 13 25 45 28 38 1 7 40 33 23 8 3 32 31 46 4 26 22 48 37 21 34 6 50 42 19 27 
student 124: 50 28 40 9 15 39 18 12 44 4 45 14 10 3 17 36 23 20 2 32 41 19 47 13 26 43 30 38 1 11 34 33 21 8 5 27 31 46 6 25 16 49 37 24 35 7 48 42 22 29 
student 125: 50 29 39 10 14 42 15 12 40 2 44 16 11 1 17 36 24 22 3 33 41 18 45 13 28 47 27 38 5 7 34 32 20 8 6 30 35 48 4 25 19 46 37 23 31 9 49 43 21 26 
student 126: 50 31 40 9 12 39 16 13 42 6 47 15 10 1 17 33 24 20 5 32 38 14 43 18 25 45 28 41 2 11 35 36 22 7 3 30 29 46 8 26 19 48 37 23 34 4 49 44 21 27 
student 127: 50 29 41 11 15 40 14 13 43 6 48 18 10 2 16 35 25 20 4 31 39 19 45 12 27 46 28 38 3 9 37 32 21 8 1 30 34 44 7 26 17 47 36 23 33 5 49 42 22 24 
student 128: 50 29 43 9 15 40 14 16 45 7 48 13 11 1 19 34 22 23 3 30 39 17 42 12 24 46 28 38 2 10 37 36 20 8 6 31 32 44 4 25 18 47 35 27 33 5 49 41 21 26 
student 129: 50 31 42 9 14 41 16 13 38 6 44 15 11 1 21 39 24 19 2 33 40 17 43 12 26 46 29 37 3 10 34 27 20 8 4 28 36 47 5 30 18 49 35 23 32 7 48 45 22 25 
student 130: 50 33 41 10 14 42 16 13 43 6 47 15 9 1 18 35 22 19 4 30 39 17 45 12 26 44 23 38 2 8 37 34 24 11 5 29 32 46 7 28 20 48 36 25 31 3 49 40 21 27 
student 131: 47 30 42 15 11 40 16 14 43 8 48 17 13 2 12 39 22 19 4 31 38 20 44 10 27 45 28 37 1 9 35 33 21 5 3 29 32 46 6 23 18 49 36 25 34 7 50 41 24 26 
student 132: 50 29 46 12 14 42 16 13 41 9 45 15 11 1 19 33 26 20 2 32 39 17 43 10 21 47 27 37 3 5 38 31 22 8 4 30 34 44 6 25 18 49 36 23 35 7 48 40 24 28 
student 133: 50 30 37 7 12 41 18 14 45 9 49 15 8 1 16 34 24 22 3 29 40 19 43 11 26 44 28 39 2 10 38 32 20 13 4 31 35 46 5 27 17 48 36 21 33 6 47 42 23 25 
student 134: 50 28 43 11 14 42 16 13 40 4 46 15 10 2 17 35 27 21 5 31 39 20 44 12 23 47 25 37 3 8 36 33 22 9 1 30 32 45 6 26 18 48 38 19 34 7 49 41 24 29 
student 135: 50 27 42 11 17 41 15 13 43 8 47 14 12 1 16 38 21 22 3 31 37 19 44 7 23 45 25 39 2 10 35 32 29 9 4 30 36 46 5 28 18 49 34 26 33 6 48 40 20 24 
student 136: 50 30 41 11 14 43 15 13 39 10 45 16 12 2 18 35 23 20 4 29 37 19 42 9 25 44 27 38 1 7 40 33 21 8 3 32 31 47 6 26 17 49 36 28 34 5 48 46 22 24 
student 137: 48 30 42 9 15 40 13 10 45 11 47 16 8 2 17 36 24 20 3 29 39 18 46 12 25 43 26 38 1 14 37 32 21 6 4 31 34 44 5 27 19 49 35 23 33 7 50 41 22 28 
student 138: 50 28 42 7 14 40 15 12 43 6 46 17 11 3 19 36 23 21 4 32 38 16 47 13 24 44 29 37 1 10 39 34 20 8 2 30 33 45 5 26 18 48 35 22 31 9 49 41 27 25 
student 139: 49 28 44 11 14 40 16 10 42 7 47 15 8 1 17 38 25 20 3 31 39 19 43 12 24 45 29 37 2 13 35 32 22 9 5 30 34 46 4 27 18 50 33 23 36 6 48 41 21 26 
student 140: 50 29 42 8 14 38 17 9 44 2 47 16 11 1 12 35 23 20 6 31 37 18 45 15 25 43 27 41 3 10 39 32 22 7 4 30 34 46 5 26 19 48 36 21 33 13 49 40 24 28 
student 141: 48 30 43 12 13 41 19 10 44 7 46 15 14 1 16 36 18 21 2 32 40 20 42 11 25 45 27 37 3 9 39 31 23 8 5 29 33 50 4 28 17 47 34 24 35 6 49 38 22 26 
student 142: 50 26 42 11 15 41 16 12 39 7 45 14 10 1 18 35 24 20 2 31 40 17 44 13 27 46 33 36 6 9 38 30 21 8 5 29 34 47 4 28 19 48 37 23 32 3 49 43 22 25 
student 143: 50 27 41 9 12 39 17 13 43 8 46 14 11 2 18 34 24 21 1 32 38 19 47 15 25 45 28 42 4 7 37 29 20 10 3 30 33 44 6 31 16 48 36 23 35 5 49 40 22 26 
student 144: 50 29 40 10 17 41 15 13 45 4 47 14 11 2 16 34 24 20 1 31 38 18 43 12 25 46 26 39 3 9 36 32 21 8 7 37 33 44 6 28 19 48 35 23 30 5 49 42 22 27 
student 145: 48 28 42 10 14 41 15 13 44 4 43 16 11 5 18 36 24 21 3 31 38 20 46 12 25 47 27 37 1 8 34 33 19 9 2 30 40 45 6 29 17 49 32 23 35 7 50 39 22 26 
student 146: 50 29 40 9 13 42 16 12 43 6 46 17 15 2 14 32 23 19 3 31 39 18 44 10 24 45 26 37 1 7 34 33 22 8 4 30 38 47 5 28 21 48 36 25 35 11 49 41 20 27 
student 147: 50 26 42 9 13 40 16 11 43 10 47 17 12 2 19 35 25 21 3 31 38 20 46 14 24 44 29 39 1 8 37 32 18 7 4 30 34 45 6 28 15 48 33 23 36 5 49 41 22 27 
student 148: 50 31 44 10 13 38 15 16 42 7 45 14 11 4 20 35 24 19 5 27 40 17 46 12 25 47 29 37 1 8 39 30 22 9 3 32 34 43 2 26 18 48 36 21 33 6 49 41 23 28 
student 149: 49 25 41 10 13 39 17 14 42 8 50 15 11 2 21 38 24 19 1 32 40 18 44 12 27 46 30 37 3 9 36 31 16 5 6 26 34 45 4 29 22 48 35 23 33 7 47 43 20 28 
student 150: 49 29 45 10 16 40 15 11 44 4 48 13 12 1 17 36 22 20 2 32 39 18 42 14 24 46 28 37 3 9 38 35 21 8 6 31 33 43 5 27 19 47 34 25 30 7 50 41 23 26 
student 151: 49 28 41 12 11 40 16 14 43 8 45 15 10 1 18 35 26 20 3 31 39 17 44 13 24 47 27 37 2 9 38 34 23 7 4 30 33 48 5 25 19 46 36 21 32 6 50 42 22 29 
student 152: 49 31 42 15 14 38 13 12 43 5 48 17 10 1 16 39 25 18 3 29 37 19 44 11 21 45 27 36 2 9 33 32 20 8 6 28 34 47 4 30 23 46 41 26 35 7 50 40 24 22 
student 153: 49 29 45 12 17 40 14 13 42 7 43 16 9 1 15 36 23 19 4 30 38 22 47 11 27 46 25 39 2 8 35 33 20 10 3 31 34 44 6 26 18 48 37 21 32 5 50 41 28 24 
student 154: 49 28 43 9 14 42 16 12 40 6 44 17 10 3 20 35 25 24 1 31 39 18 47 13 22 45 29 38 4 8 37 32 21 7 2 30 33 48 5 27 15 46 36 23 34 11 50 41 19 26 
student 155: 50 28 41 10 14 42 16 12 43 7 48 13 15 1 17 35 25 21 3 31 39 18 44 11 20 47 29 38 2 8 37 33 23 9 5 30 34 46 4 26 19 45 36 22 32 6 49 40 24 27 
student 156: 48 32 41 12 14 40 18 13 45 6 47 15 11 2 19 36 25 17 3 30 39 16 43 10 24 44 28 38 1 9 37 31 20 8 4 29 34 49 7 26 22 50 35 23 33 5 46 42 21 27 
student 157: 50 32 41 10 13 40 17 11 43 9 47 15 7 1 19 35 24 18 2 33 39 16 44 14 25 45 29 38 3 12 36 34 21 8 4 31 28 46 6 27 20 48 37 23 30 5 49 42 22 26 
student 158: 50 26 42 12 14 40 16 13 43 7 46 15 9 1 17 37 22 20 10 32 38 18 45 11 27 44 28 39 3 8 36 31 21 6 4 30 35 48 2 29 19 47 33 24 34 5 49 41 23 25 
student 159: 49 26 44 9 14 40 17 12 45 6 42 15 11 2 16 34 23 20 4 32 39 18 48 13 25 41 28 38 1 8 37 33 22 10 3 30 35 47 5 29 19 46 36 24 31 7 50 43 21 27 
student 160: 49 34 41 10 14 42 17 13 43 5 45 15 11 3 18 36 23 21 2 29 38 20 46 12 25 44 27 37 1 9 35 31 19 8 4 28 32 47 6 30 16 48 39 24 33 7 50 40 22 26 
student 161: 50 31 42 10 13 41 18 15 46 4 43 16 12 1 19 39 24 21 2 30 38 17 44 11 25 48 27 36 5 8 35 29 20 7 3 33 34 45 6 28 14 47 37 22 32 9 49 40 23 26 
student 162: 50 28 42 11 14 40 18 13 43 6 47 15 10 1 17 37 22 20 3 30 39 16 44 12 24 45 27 38 2 9 35 32 21 8 5 31 36 46 7 29 19 48 33 23 34 4 49 41 25 26 
student 163: 47 28 41 11 15 37 16 12 42 6 49 14 13 2 18 38 22 19 1 30 40 17 44 10 27 46 26 34 4 9 43 32 20 8 3 31 33 45 7 29 21 48 36 24 35 5 50 39 23 25 
student 164: 48 29 42 10 13 35 15 14 43 6 47 17 12 1 19 36 24 16 4 30 40 20 46 11 25 45 33 41 2 9 38 31 22 7 5 26 34 44 3 27 18 50 37 23 32 8 49 39 21 28 
student 165: 50 29 42 12 10 41 15 13 44 8 45 14 7 1 17 36 25 20 3 32 38 19 46 16 27 43 28 39 2 9 37 33 21 11 4 30 35 47 6 22 18 48 34 24 31 5 49 40 23 26 
student 166: 49 28 42 5 15 40 13 16 44 9 47 11 14 1 17 34 24 20 3 30 39 18 43 10 25 45 29 37 2 12 38 31 23 8 4 32 35 46 6 26 19 48 36 22 33 7 50 41 21 27 
student 167: 50 29 40 10 14 41 21 12 42 5 45 16 11 4 15 35 24 17 2 31 39 18 47 13 25 43 27 38 1 9 37 34 20 8 6 30 33 46 3 28 19 49 36 23 32 7 48 44 22 26 
student 168: 50 27 43 9 14 42 15 12 39 7 47 16 13 1 17 35 24 22 3 31 37 18 44 11 25 45 29 36 4 10 38 32 19 8 2 30 33 46 6 28 20 48 40 23 34 5 49 41 21 26 
student 169: 50 30 39 13 12 41 16 11 43 7 47 10 14 1 18 34 26 20 3 29 40 19 44 17 24 45 28 38 2 8 37 31 21 9 6 32 35 46 4 25 15 49 36 23 33 5 48 42 22 27 
student 170: 50 31 42 9 14 40 16 13 44 11 48 15 12 1 21 35 26 18 4 25 39 17 43 10 27 46 29 38 2 8 37 34 20 7 3 30 32 45 5 28 19 47 36 23 33 6 49 41 22 24 
student 171: 50 27 41 11 14 37 16 12 42 5 47 20 10 3 15 31 25 19 1 29 46 17 43 13 23 44 32 38 2 7 36 33 21 6 4 40 34 45 8 28 18 48 35 22 30 9 49 39 24 26 
student 172: 50 29 42 10 13 39 16 12 43 6 48 14 15 1 17 40 24 19 5 31 36 18 44 11 28 45 30 38 2 8 35 34 22 9 3 25 33 47 7 27 20 46 37 26 32 4 49 41 21 23 
student 173: 49 30 41 11 14 39 16 9 42 7 46 15 13 1 17 32 20 19 4 29 40 18 45 12 28 44 27 43 3 8 38 31 25 10 2 33 36 47 6 24 21 48 35 23 34 5 50 37 22 26 
student 174: 50 30 42 10 15 41 16 14 43 8 47 13 11 3 18 34 24 21 1 32 38 17 45 12 28 44 29 40 4 9 37 31 20 6 7 27 33 46 2 25 19 48 36 23 35 5 49 39 22 26 
student 175: 49 29 42 12 15 40 17 13 44 5 45 14 10 1 16 35 21 20 2 33 39 18 43 11 23 47 28 38 3 9 37 26 22 7 6 31 34 46 8 30 19 50 36 24 32 4 48 41 25 27 
student 176: 50 30 42 10 15 39 18 11 41 8 47 16 12 3 17 37 24 20 4 36 43 14 45 13 25 46 28 35 2 5 38 31 21 9 1 29 32 44 6 27 19 48 34 23 33 7 49 40 22 26 
student 177: 49 28 43 8 14 40 17 12 44 7 48 13 9 2 20 36 22 23 4 31 38 16 46 15 26 45 29 39 3 11 37 33 24 10 1 30 34 47 6 27 19 42 35 25 32 5 50 41 18 21 
student 178: 50 29 42 10 14 41 18 13 38 7 48 15 12 2 16 35 24 19 1 33 40 22 44 11 25 45 28 37 3 9 34 32 20 8 5 30 39 47 4 26 17 49 36 21 31 6 46 43 23 27 
student 179: 50 30 41 11 13 39 17 14 42 8 49 15 10 1 16 35 25 19 3 32 37 18 43 12 24 45 31 40 2 9 38 29 22 7 6 27 34 46 4 28 20 48 36 21 33 5 47 44 23 26 
student 180: 49 29 44 9 14 41 13 10 42 6 46 17 12 3 18 37 26 19 1 31 39 21 43 15 24 45 27 38 2 8 34 32 20 11 5 30 35 47 4 28 16 50 36 22 33 7 48 40 23 25 
student 181: 50 30 42 12 14 40 16 13 46 5 47 15 10 2 17 35 24 19 4 33 39 18 43 11 26 44 27 38 1 8 37 31 20 7 9 29 34 45 3 28 22 48 36 23 32 6 49 41 21 25 
student 182: 50 28 42 9 14 41 16 13 43 10 47 15 12 1 17 31 24 20 5 29 40 19 45 11 25 44 30 37 3 7 38 33 21 6 4 32 34 46 8 26 18 48 35 23 36 2 49 39 22 27 
student 183: 50 29 42 10 17 39 18 12 43 5 47 13 16 1 14 34 24 21 2 28 40 20 45 11 26 44 27 38 3 9 36 31 23 8 4 35 32 46 6 30 15 48 37 22 33 7 49 41 19 25 
student 184: 50 29 43 10 14 38 19 13 42 7 48 15 11 2 17 33 25 18 3 30 40 16 44 12 26 46 27 39 1 9 36 35 23 8 5 31 34 45 4 28 20 47 37 22 32 6 49 41 21 24 
student 185: 49 29 42 7 14 40 17 13 43 3 46 15 12 1 16 34 25 20 6 30 39 18 48 10 22 45 28 37 4 11 38 32 21 5 2 31 35 44 8 26 19 47 36 24 33 9 50 41 23 27 
student 186: 50 32 43 8 16 40 15 13 44 9 47 14 7 2 18 36 23 20 1 30 38 17 42 12 25 46 27 39 3 10 37 29 22 11 4 28 34 45 5 26 19 48 35 24 33 6 49 41 21 31 
student 187: 50 30 43 16 13 40 14 15 41 11 47 12 10 1 17 34 26 21 4 35 44 18 45 8 25 42 28 37 2 7 38 29 22 9 5 31 32 49 3 27 20 46 36 19 33 6 48 39 24 23 
student 188: 49 30 44 10 18 41 16 13 42 8 48 14 12 1 21 38 23 20 2 31 40 15 45 11 25 43 28 37 3 9 39 33 27 7 5 26 32 46 4 29 17 47 35 22 34 6 50 36 19 24 
student 189: 50 29 42 10 19 38 16 14 39 7 48 13 11 1 15 30 22 20 3 32 41 17 44 12 26 49 27 40 2 9 33 36 21 8 4 31 35 45 5 28 18 47 37 23 34 6 46 43 24 25 
student 190: 49 30 45 10 14 41 16 12 40 7 47 15 11 1 19 33 26 22 3 32 38 17 42 13 24 43 25 36 2 9 39 31 20 8 5 29 34 46 6 28 18 50 37 23 35 4 48 44 21 27 
student 191: 48 32 37 11 12 43 13 14 45 9 47 15 8 1 19 34 25 21 5 28 38 16 42 17 24 46 29 40 2 10 39 30 20 6 3 27 35 44 4 31 18 50 36 22 33 7 49 41 23 26 
student 192: 49 30 39 10 13 43 15 11 41 5 48 16 7 1 17 35 24 19 3 36 40 18 46 12 26 42 28 38 2 14 37 31 22 8 4 29 33 44 6 27 20 47 32 21 34 9 50 45 23 25 
student 193: 49 29 44 9 18 39 13 14 45 6 48 15 11 1 17 35 23 20 2 31 42 26 41 10 24 43 27 36 3 12 38 33 19 7 4 30 37 46 5 28 16 50 34 22 32 8 47 40 21 25 
student 194: 49 31 42 7 13 41 16 17 43 8 47 14 12 2 15 32 23 19 3 30 36 21 44 11 29 45 25 40 1 10 35 33 22 9 4 27 38 46 6 28 18 50 34 24 37 5 48 39 20 26 
student 195: 50 29 43 10 17 40 18 9 44 7 47 13 11 1 15 34 23 21 2 31 39 16 42 14 26 49 27 38 5 8 36 33 20 12 3 30 32 46 4 28 19 48 37 25 35 6 45 41 22 24 
student 196: 49 27 43 7 12 40 16 14 42 3 48 15 10 1 19 36 23 18 4 29 38 17 44 13 24 45 30 39 2 6 35 32 20 11 5 28 31 47 8 33 22 46 37 25 34 9 50 41 21 26 
student 197: 50 26 42 11 10 40 15 13 44 8 46 17 12 1 18 32 25 19 6 31 38 16 45 14 20 47 29 36 2 7 39 33 22 9 3 27 37 43 5 30 24 48 35 23 34 4 49 41 21 28 
student 198: 49 31 45 8 15 42 16 14 39 5 47 12 11 1 17 35 26 19 2 32 37 18 43 13 25 44 27 41 3 10 38 33 23 6 4 29 30 46 7 28 20 48 36 22 34 9 50 40 21 24 
student 199: 49 27 43 9 15 38 16 13 46 6 47 17 11 2 18 34 29 14 3 28 41 19 40 12 33 44 26 39 1 8 37 32 21 10 4 30 35 45 5 25 20 50 36 22 31 7 48 42 23 24 
student 200: 50 29 39 10 13 40 16 11 43 4 48 15 12 1 18 37 25 20 2 31 42 19 45 14 22 46 26 35 3 9 36 32 23 7 6 30 34 44 5 28 17 49 38 21 33 8 47 41 24 27 
student 201: 50 29 44 9 13 39 17 12 45 8 47 15 16 1 20 33 23 19 2 30 36 14 43 11 26 46 25 41 4 10 40 31 21 7 3 32 37 42 5 27 18 48 35 24 34 6 49 38 22 28 
student 202: 50 28 44 4 17 41 9 11 42 12 48 14 8 1 18 30 24 31 6 32 43 16 40 15 22 46 27 38 2 13 36 29 19 5 3 37 34 47 7 25 20 45 35 21 33 10 49 39 23 26 
student 203: 48 29 42 13 14 39 18 11 43 6 49 15 9 1 16 34 23 21 4 30 40 17 47 12 24 44 28 38 2 10 37 33 20 8 5 35 36 45 7 27 19 46 32 22 31 3 50 41 25 26 
student 204: 50 29 42 9 12 41 19 15 47 7 48 14 13 1 17 35 23 18 4 32 40 21 43 11 25 44 28 39 2 10 37 31 20 8 3 30 33 45 6 26 16 49 36 24 34 5 46 38 22 27 
student 205: 50 30 43 6 14 40 18 13 44 8 48 15 10 1 20 36 26 21 3 33 39 16 42 11 24 47 27 37 5 12 35 31 19 9 2 29 32 45 4 25 17 46 38 23 34 7 49 41 22 28 
student 206: 49 29 41 10 14 39 15 13 44 7 43 16 11 1 17 36 24 20 6 35 38 18 46 12 25 45 28 40 2 5 37 31 23 9 3 30 33 47 4 26 19 48 34 22 32 8 50 42 21 27 
student 207: 50 29 43 8 15 37 18 12 44 3 49 13 11 1 16 35 23 21 2 31 39 20 45 14 26 41 28 40 6 5 38 33 19 9 7 30 34 48 10 27 17 46 36 24 32 4 47 42 22 25 
student 208: 50 31 42 8 13 40 18 16 44 9 43 14 10 1 17 36 20 22 4 30 39 23 46 11 25 45 26 37 5 12 38 32 21 7 3 27 34 48 2 29 15 47 35 28 33 6 49 41 19 24 
student 209: 50 27 44 10 16 43 15 14 39 7 49 12 11 1 17 37 23 18 2 33 32 19 45 13 26 42 30 38 3 9 40 31 21 8 6 29 35 46 4 28 20 48 36 25 34 5 47 41 22 24 
student 210: 50 28 40 11 13 39 14 16 42 7 49 15 12 1 17 35 26 18 2 31 44 21 43 10 25 45 29 38 3 9 37 32 22 8 6 30 36 46 4 23 19 48 34 24 33 5 47 41 20 27 
student 211: 47 27 42 9 17 39 18 14 44 5 48 15 10 4 16 34 25 20 1 33 40 13 45 12 26 43 29 38 3 11 37 30 21 8 2 31 32 46 6 28 19 50 36 22 35 7 49 41 23 24 
student 212: 50 29 42 9 15 40 18 13 41 8 47 17 6 1 14 35 24 16 3 32 39 19 44 12 23 45 26 38 5 11 37 31 22 10 2 30 34 46 4 28 20 48 36 25 33 7 49 43 21 27 
student 213: 50 29 43 9 13 39 15 12 45 7 47 17 10 4 16 34 21 18 3 31 40 19 42 14 24 46 27 37 2 11 38 32 22 6 1 30 33 44 5 28 20 49 35 25 36 8 48 41 23 26 
student 214: 49 30 42 18 13 38 15 16 43 5 46 12 9 1 17 31 24 20 3 34 41 14 45 11 26 47 27 39 2 10 37 32 21 7 8 28 36 44 4 25 19 48 33 23 35 6 50 40 22 29 
student 215: 49 28 41 10 14 40 19 12 42 6 48 15 8 1 16 36 25 20 3 31 38 17 44 11 27 45 30 39 2 5 33 32 21 13 4 29 35 47 7 26 18 46 37 23 34 9 50 43 22 24 
student 216: 48 29 41 7 12 39 14 17 44 10 47 19 9 1 20 36 24 18 3 32 38 15 43 13 26 45 30 40 8 11 37 27 23 4 2 31 34 46 5 28 22 50 35 21 33 6 49 42 16 25 
student 217: 50 29 41 14 11 38 18 17 44 5 47 15 10 1 16 33 25 19 2 32 40 20 43 13 24 45 26 39 8 9 35 30 21 6 3 34 31 46 7 28 12 48 37 23 36 4 49 42 22 27 
student 218: 50 28 42 9 14 41 17 13 43 6 48 15 11 2 16 37 26 20 3 31 34 21 46 12 25 45 24 40 1 10 38 33 19 8 4 29 32 44 5 30 18 47 36 23 35 7 49 39 22 27 
student 219: 50 29 38 11 14 41 16 13 42 7 46 15 10 1 19 35 22 20 2 31 37 21 43 12 25 45 27 39 3 9 40 33 18 8 5 30 34 47 4 26 17 48 36 24 32 6 49 44 23 28 
student 220: 50 31 42 14 12 40 16 15 43 10 46 13 9 2 17 35 23 19 3 32 39 18 47 11 25 44 28 38 1 7 36 33 22 8 4 29 34 45 5 26 20 49 37 24 30 6 48 41 21 27 
student 221: 49 31 42 10 17 40 15 13 43 8 47 12 11 3 16 35 24 19 2 29 38 18 45 14 26 44 30 39 1 7 37 32 23 9 4 28 34 46 5 27 20 48 36 22 33 6 50 41 21 25 
student 222: 50 30 42 12 14 40 17 16 43 9 46 11 10 2 15 36 24 19 4 27 39 20 44 13 23 49 26 38 1 8 37 32 21 6 3 31 33 45 7 29 18 48 35 25 34 5 47 41 22 28 
student 223: 49 30 46 8 12 41 14 16 38 7 47 17 13 2 15 35 25 20 3 31 39 19 44 11 26 43 24 40 1 10 37 34 21 9 4 29 32 45 5 28 18 50 36 23 33 6 48 42 22 27 
student 224: 50 29 43 10 17 41 14 12 40 6 46 15 13 1 18 36 26 16 2 31 39 20 45 11 27 44 28 37 3 7 38 30 22 9 4 32 35 47 8 23 21 49 34 25 33 5 48 42 19 24 
student 225: 46 30 41 10 14 42 16 13 44 6 45 15 11 2 17 34 25 21 8 28 37 19 43 12 26 47 31 38 1 9 35 36 20 7 3 27 33 49 4 29 18 48 39 23 32 5 50 40 22 24 
student 226: 49 28 43 13 12 39 15 11 44 7 47 16 10 2 17 35 25 20 3 31 42 18 41 14 26 45 33 37 5 9 38 32 23 8 4 29 34 46 6 24 19 48 36 22 30 1 50 40 21 27 
student 227: 50 32 43 9 16 40 14 11 44 7 46 15 12 4 18 35 25 19 2 31 38 17 47 13 23 41 29 39 1 8 37 34 20 10 6 28 30 45 3 24 22 48 36 26 33 5 49 42 21 27 
student 228: 46 29 42 9 15 40 17 14 43 8 49 13 10 1 19 36 20 21 4 30 38 18 44 12 27 47 25 39 3 7 37 32 23 11 2 31 35 45 5 28 16 50 34 22 33 6 48 41 24 26 
student 229: 50 28 41 9 12 42 19 16 43 7 47 14 11 2 15 35 24 21 6 34 38 17 44 13 25 45 27 39 1 8 37 33 20 10 3 32 31 46 5 29 18 48 36 23 30 4 49 40 22 26 
student 230: 49 29 42 10 15 40 17 13 43 9 47 14 11 1 18 34 25 24 3 36 39 20 45 12 19 44 27 38 2 4 37 31 21 7 6 30 33 46 5 28 16 48 35 23 32 8 50 41 22 26 
student 231: 50 28 40 9 17 41 19 13 43 11 47 15 8 1 16 31 29 18 3 30 39 14 45 12 23 44 35 38 2 10 37 27 21 6 4 32 34 46 5 26 20 49 36 24 33 7 48 42 22 25 
student 232: 49 26 44 9 13 40 16 14 42 7 45 15 11 2 17 32 24 19 1 31 38 18 43 12 27 48 29 39 4 10 37 33 22 8 5 30 36 46 3 28 20 50 34 23 35 6 47 41 25 21 
student 233: 50 29 40 9 16 39 19 12 44 6 47 13 10 4 15 36 23 17 1 32 41 18 43 14 26 45 28 38 2 11 37 34 20 7 3 30 31 46 5 22 21 48 35 24 33 8 49 42 25 27 
student 234: 48 28 42 8 19 41 16 13 45 4 47 14 11 1 15 35 24 20 3 31 40 18 43 12 25 44 27 38 2 9 37 32 21 10 5 33 34 46 6 30 17 49 36 23 29 7 50 39 22 26 
student 235: 49 32 43 10 13 40 15 14 46 7 47 18 11 2 16 37 23 17 1 28 38 19 44 12 24 45 25 39 3 9 36 29 22 8 6 31 34 42 4 27 21 48 33 20 35 5 50 41 30 26 
student 236: 50 30 44 11 10 42 17 9 39 13 47 12 15 2 14 34 25 19 4 28 38 18 43 16 24 45 29 37 3 8 35 32 21 7 1 31 33 46 5 27 20 48 36 22 40 6 49 41 23 26 
student 237: 50 34 41 9 16 40 17 13 44 6 47 12 14 3 15 35 24 23 1 29 39 18 43 11 26 45 31 38 2 8 37 32 21 10 5 28 33 46 7 27 19 48 36 22 30 4 49 42 20 25 
student 238: 49 29 41 11 16 40 14 13 42 7 47 18 10 4 15 34 25 19 1 31 35 20 45 12 22 44 28 39 2 9 37 32 24 6 8 30 33 46 3 27 17 48 38 21 36 5 50 43 23 26 
student 239: 49 29 43 10 16 40 12 14 44 8 47 15 11 1 18 35 24 20 4 33 42 19 41 13 26 45 27 37 3 9 39 32 22 5 6 30 34 46 2 28 17 48 36 21 31 7 50 38 23 25 
student 240: 48 29 42 10 12 39 15 14 43 6 49 19 11 5 17 35 22 21 2 31 38 16 44 13 24 46 30 37 1 8 36 32 20 7 3 25 33 45 4 28 18 47 40 26 34 9 50 41 23 27 
student 241: 50 26 42 11 14 36 16 13 44 5 47 15 10 1 17 35 23 21 3 31 41 18 45 12 25 43 29 39 4 9 38 32 20 8 2 30 33 46 6 24 19 49 37 27 34 7 48 40 22 28 
student 242: 49 27 44 11 9 41 18 15 42 7 43 17 13 1 16 34 24 20 4 31 37 21 45 12 25 48 29 39 3 10 38 33 22 8 2 30 35 46 6 28 19 50 36 14 32 5 47 40 23 26 
student 243: 46 28 44 10 15 41 16 12 39 7 45 14 11 1 18 36 22 20 2 33 40 17 42 13 24 49 26 38 3 9 32 34 19 8 4 31 37 47 5 29 23 50 30 25 35 6 48 43 21 27 
student 244: 49 29 43 7 15 40 14 11 42 8 47 16 12 1 17 37 25 20 3 30 39 18 46 13 23 45 27 38 4 10 36 31 21 9 2 32 34 48 6 28 19 44 35 22 33 5 50 41 24 26 
student 245: 50 29 46 8 14 40 15 12 42 4 48 16 13 2 17 35 24 19 1 30 37 22 44 11 26 43 23 39 6 9 38 33 20 10 3 31 34 45 7 28 18 47 36 21 32 5 49 41 25 27 
student 246: 50 31 40 10 15 41 14 13 43 7 47 16 8 1 17 33 24 20 6 29 39 18 46 12 23 45 26 38 3 9 37 32 21 11 2 30 35 44 4 28 19 48 36 25 34 5 49 42 22 27 
student 247: 48 27 42 11 5 41 15 14 43 9 49 17 12 1 18 35 23 20 2 31 38 16 45 13 28 47 30 37 4 10 40 32 22 8 3 29 34 44 6 26 19 50 36 21 33 7 46 39 24 25 
student 248: 50 30 38 10 14 43 16 13 41 9 49 15 11 1 17 40 24 18 2 27 42 19 45 12 26 48 31 36 4 8 37 34 21 6 7 25 32 46 3 29 22 47 35 23 33 5 44 39 20 28 
student 249: 47 30 42 9 11 41 17 14 44 8 46 15 10 1 19 34 26 16 3 29 38 18 43 13 22 49 28 39 2 12 37 31 21 7 4 32 35 48 5 24 20 50 36 25 33 6 45 40 23 27 
student 250: 50 29 39 11 15 38 16 7 44 6 48 14 8 1 19 34 23 21 3 31 42 17 43 13 26 47 28 40 2 12 36 30 18 10 5 32 33 46 4 27 22 45 37 24 35 9 49 41 20 25 
student 251: 50 29 43 10 14 39 16 11 42 5 48 15 12 1 18 35 27 17 4 30 40 19 45 13 25 44 26 38 3 9 37 32 22 8 2 31 33 46 6 28 20 47 36 23 34 7 49 41 21 24 
student 252: 49 28 43 12 10 41 16 15 38 6 46 13 11 1 19 35 24 20 2 29 40 17 45 14 26 44 32 37 3 8 39 31 22 7 4 30 34 50 9 27 21 47 36 23 33 5 48 42 18 25 
student 253: 50 27 44 10 11 38 16 14 43 6 45 17 15 5 18 37 26 20 2 30 39 4 42 13 23 46 24 35 1 9 40 29 21 12 3 32 34 47 7 31 19 49 36 25 33 8 48 41 22 28 
student 254: 49 27 40 8 15 41 16 11 43 7 47 12 13 1 17 37 22 21 3 33 42 18 46 14 28 45 26 38 2 10 36 31 25 9 4 30 34 44 5 29 20 48 35 23 32 6 50 39 19 24 
student 255: 49 27 47 9 16 42 15 13 45 7 46 14 10 2 17 31 24 21 1 32 39 18 40 12 26 41 30 36 3 11 38 33 22 8 4 29 35 44 5 28 19 48 37 23 34 6 50 43 20 25 
student 256: 50 27 45 8 15 39 13 11 42 9 48 17 12 1 16 34 25 18 3 31 37 20 44 14 23 43 29 38 2 6 41 32 22 10 4 30 33 46 5 28 19 47 36 24 35 7 49 40 21 26 
student 257: 49 31 43 7 14 40 15 12 46 9 47 16 11 4 17 35 23 20 2 30 38 18 41 13 24 44 28 39 1 6 37 32 25 10 8 29 33 45 3 27 19 48 36 22 34 5 50 42 21 26 
student 258: 50 28 39 11 12 41 15 14 43 7 47 17 10 4 18 33 22 27 1 31 40 16 44 13 23 45 26 38 3 9 37 32 21 8 2 29 35 46 5 24 19 48 36 25 30 6 49 42 20 34 
student 259: 50 28 42 11 14 39 15 13 46 6 43 17 10 2 18 36 26 20 3 33 40 16 44 12 25 48 29 37 1 9 38 31 23 8 5 30 32 47 4 27 19 45 34 24 35 7 49 41 21 22 
student 260: 50 27 40 8 13 42 17 15 43 4 45 14 9 2 16 35 23 19 6 30 39 18 44 11 25 49 29 36 1 10 38 33 21 12 7 31 34 46 3 26 20 47 37 22 32 5 48 41 24 28 
student 261: 49 29 40 12 15 41 16 11 42 7 46 14 10 1 17 36 24 19 3 30 39 18 44 13 23 45 28 38 2 9 37 31 20 5 4 34 33 50 6 27 21 47 35 26 32 8 48 43 22 25 
student 262: 50 28 40 11 15 41 12 14 44 6 45 16 10 1 17 34 24 19 2 32 37 18 46 13 25 43 27 38 5 8 39 33 21 9 3 29 35 48 4 30 20 47 36 22 31 7 49 42 23 26 
student 263: 50 26 41 11 13 38 15 16 43 10 45 14 9 3 17 37 24 20 1 31 33 18 44 12 25 46 30 42 4 7 39 32 22 6 5 29 35 47 8 27 19 48 36 21 34 2 49 40 23 28 
student 264: 50 30 43 10 19 39 18 13 44 5 47 15 11 2 16 35 24 22 7 29 38 20 46 12 17 42 27 40 1 8 37 33 21 6 4 31 32 45 9 28 14 49 36 25 34 3 48 41 23 26 
student 265: 50 30 43 12 14 40 15 13 44 5 46 16 10 4 17 32 24 19 2 29 42 20 39 11 26 45 28 37 1 9 36 38 21 8 3 31 34 48 6 27 18 47 35 22 33 7 49 41 23 25 
student 266: 50 28 47 11 13 38 15 12 42 7 43 20 10 2 17 34 23 19 3 30 40 16 44 14 26 48 31 37 1 9 36 32 21 8 4 29 39 46 5 27 18 49 35 24 33 6 45 41 22 25 
student 267: 50 30 40 11 14 42 15 13 43 6 47 17 10 7 16 37 25 20 3 29 39 18 44 12 26 45 23 38 1 9 36 33 22 8 2 31 32 49 4 28 19 48 34 24 35 5 46 41 21 27 
student 268: 50 25 46 11 10 39 13 15 43 7 44 17 12 1 16 35 24 18 5 31 41 19 42 14 30 45 28 37 4 6 36 32 21 8 3 29 34 47 9 27 20 48 38 23 33 2 49 40 22 26 
student 269: 50 28 40 11 13 41 17 15 43 4 49 14 9 1 16 38 24 21 3 30 39 18 44 12 26 48 29 35 2 7 36 31 23 10 5 32 34 45 8 27 20 47 37 22 33 6 46 42 19 25 
student 270: 50 28 41 8 10 39 16 14 42 2 43 15 11 3 19 37 26 21 5 31 45 17 46 13 24 44 27 36 1 12 32 34 18 9 4 30 33 48 6 29 20 47 38 23 35 7 49 40 22 25 
student 271: 50 28 41 14 12 42 16 13 43 10 48 15 9 1 17 37 24 18 2 30 40 19 44 11 26 47 31 36 4 8 35 33 21 6 3 29 34 46 5 27 20 45 38 22 32 7 49 39 23 25 
student 272: 50 28 42 11 14 39 17 13 46 8 47 15 6 1 16 35 23 20 5 32 37 18 45 12 27 44 29 40 3 10 38 31 21 9 2 30 34 43 4 26 19 49 36 24 33 7 48 41 22 25 
student 273: 50 32 42 9 14 41 16 17 43 7 46 13 12 1 19 30 22 15 3 35 39 18 44 10 25 45 29 38 4 11 37 31 21 8 2 27 36 48 5 28 20 47 33 24 34 6 49 40 23 26 
student 274: 50 29 39 9 13 41 17 15 43 5 47 14 11 1 16 35 25 19 3 31 40 18 44 12 27 45 26 37 2 10 36 33 20 8 7 30 32 46 4 28 21 48 38 23 34 6 49 42 22 24 
student 275: 50 27 43 9 20 40 13 12 45 11 46 14 15 1 17 32 22 19 3 31 39 16 48 10 26 41 28 38 2 8 36 34 21 6 4 29 35 44 5 30 18 47 37 24 33 7 49 42 23 25 
student 276: 50 26 42 10 13 40 15 14 44 7 47 16 11 1 20 37 30 21 2 31 35 17 43 12 23 45 27 39 6 8 36 32 19 9 3 28 33 46 4 25 18 49 38 22 34 5 48 41 24 29 
student 277: 50 27 42 11 15 43 17 12 41 6 46 16 10 3 18 35 24 21 1 31 40 19 44 13 25 45 29 39 4 7 37 33 20 9 2 30 34 47 5 26 14 49 36 23 32 8 48 38 22 28 
student 278: 50 33 42 16 13 39 15 9 43 10 46 14 12 1 17 36 20 22 4 30 40 21 44 11 25 49 28 37 2 8 38 32 19 7 3 27 35 45 5 23 18 47 31 29 34 6 48 41 24 26 
student 279: 50 29 40 12 14 41 15 13 44 5 47 18 9 1 19 32 25 17 3 31 39 16 42 11 24 45 28 37 2 10 38 33 21 8 4 30 35 46 6 27 20 48 36 22 34 7 49 43 23 26 
student 280: 50 32 41 9 14 34 16 11 44 7 49 15 13 1 17 33 25 21 5 28 43 19 42 12 26 46 29 39 2 10 38 31 22 8 3 30 36 45 4 23 20 47 37 18 35 6 48 40 24 27 
student 281: 48 30 46 10 14 40 18 11 44 8 49 15 12 1 16 35 24 22 3 31 38 19 42 13 23 43 27 39 4 9 37 32 17 6 2 29 34 47 5 28 20 45 36 25 33 7 50 41 21 26 
student 282: 50 29 41 9 10 40 16 12 45 8 47 15 13 3 17 35 24 19 2 30 39 18 42 14 25 44 28 36 1 11 38 32 20 7 5 31 34 46 4 27 21 48 37 22 33 6 49 43 23 26 
student 283: 49 28 40 9 14 41 15 13 44 7 48 17 3 1 18 35 26 21 4 30 39 16 47 10 23 46 29 38 2 12 36 32 22 11 5 31 33 43 6 27 20 45 37 24 34 8 50 42 19 25 
student 284: 49 26 42 10 13 39 16 14 43 8 48 15 11 1 17 36 24 20 7 32 40 19 46 12 27 44 29 38 2 9 37 35 23 4 3 28 33 45 5 31 18 50 34 22 30 6 47 41 21 25 
student 285: 50 28 43 7 14 40 15 13 42 9 47 16 10 1 17 33 23 19 6 31 36 18 44 12 27 45 30 39 5 11 38 32 21 4 3 29 35 46 8 26 20 49 37 24 34 2 48 41 22 25 
student 286: 46 27 42 9 16 40 12 17 45 7 50 13 10 2 14 37 28 20 4 30 38 18 47 15 26 43 31 39 1 11 36 29 19 8 3 32 34 48 5 21 24 44 35 22 33 6 49 41 23 25 
student 287: 49 27 42 11 20 40 22 14 44 7 46 10 13 2 15 35 23 21 3 31 41 17 45 12 29 43 28 39 1 8 38 32 19 9 5 30 34 47 4 26 18 48 36 24 33 6 50 37 16 25 
student 288: 49 27 41 10 17 39 13 14 43 8 44 15 11 1 18 31 23 21 3 30 34 16 46 12 26 45 38 37 2 9 42 32 22 7 4 28 36 48 5 29 20 47 35 24 33 6 50 40 19 25 
student 289: 50 32 41 7 16 40 12 15 47 6 45 17 11 1 14 38 24 20 4 29 36 18 42 13 25 43 31 39 3 10 37 28 22 9 2 33 30 46 5 27 19 48 35 23 34 8 49 44 21 26 
student 290: 50 30 43 13 11 41 15 16 44 9 48 12 8 2 17 36 24 22 3 34 40 18 42 14 23 45 32 38 1 10 37 31 19 7 4 28 35 47 5 26 20 46 33 27 29 6 49 39 21 25 
student 291: 50 27 42 8 14 41 15 12 46 7 45 17 11 2 16 38 25 21 5 31 36 20 43 13 24 44 29 39 3 9 34 33 19 10 1 30 35 48 4 28 18 49 37 23 32 6 47 40 22 26 
student 292: 50 27 42 10 13 39 15 14 43 9 46 16 11 2 18 36 24 19 6 31 40 20 44 12 26 45 29 38 4 7 35 32 21 5 1 30 34 47 3 28 17 49 37 23 33 8 48 41 22 25 
student 293: 50 30 42 11 10 40 16 14 43 8 46 15 12 1 17 36 25 20 2 29 39 18 45 13 22 44 28 38 6 9 37 32 23 7 3 31 33 47 4 27 19 49 34 24 35 5 48 41 21 26 
student 294: 50 30 43 5 14 39 16 12 40 4 45 17 11 3 15 37 22 21 1 31 38 19 48 13 25 46 27 34 2 10 41 35 20 9 7 29 33 44 6 28 18 47 36 24 32 8 49 42 23 26 
student 295: 48 28 42 11 15 40 16 13 43 7 49 17 10 1 14 37 23 21 2 30 39 19 44 12 26 45 27 36 3 8 38 35 24 9 5 33 32 47 4 29 20 50 34 22 31 6 46 41 18 25 
student 296: 49 29 41 12 13 38 16 11 42 6 46 15 14 1 18 35 24 21 2 32 40 17 45 9 25 47 26 36 3 8 37 33 22 7 4 31 34 48 5 27 19 43 44 23 30 10 50 39 20 28 
student 297: 50 28 42 8 14 41 17 15 49 7 45 18 9 1 13 32 26 16 4 33 39 19 43 10 24 44 27 38 2 12 37 31 20 11 3 30 34 46 5 25 22 47 36 23 35 6 48 40 21 29 
student 298: 49 27 41 11 12 40 14 16 42 7 47 13 9 1 17 36 22 19 3 32 39 18 43 15 24 44 26 37 2 10 35 29 23 8 4 30 34 46 6 31 20 48 38 25 33 5 50 45 21 28 
student 299: 50 26 41 10 14 37 17 13 46 7 47 15 9 1 18 33 23 19 2 31 35 20 43 11 25 44 29 40 3 12 36 32 21 6 4 30 39 45 5 28 16 49 42 24 34 8 48 38 22 27 
student 300: 49 31 40 11 14 43 16 13 41 9 47 15 10 1 17 36 28 21 3 34 37 18 44 12 25 45 23 38 2 8 33 29 20 7 6 30 35 50 4 27 19 46 42 24 32 5 48 39 22 26 
student 301: 50 30 42 10 14 38 15 13 47 7 44 17 12 2 16 35 25 20 4 32 40 18 43 11 27 49 28 39 3 9 34 33 23 8 5 31 29 46 1 24 22 45 37 21 36 6 48 41 19 26 
student 302: 50 28 43 10 16 42 15 13 41 5 46 14 11 1 21 37 24 19 2 29 39 17 44 12 26 47 27 38 6 7 36 30 22 9 3 33 34 45 8 31 18 48 32 23 35 4 49 40 20 25 
student 303: 50 30 41 9 13 45 15 14 44 8 47 17 10 2 16 36 24 20 1 32 38 18 42 12 26 43 29 39 3 11 35 31 21 6 7 28 34 46 4 25 19 49 37 22 33 5 48 40 23 27 
student 304: 49 31 44 10 14 43 16 12 40 7 46 15 13 1 20 38 24 19 3 30 39 17 42 11 25 45 29 36 2 6 37 32 22 8 5 28 33 47 4 26 18 48 34 23 35 9 50 41 21 27 
student 305: 50 30 43 9 12 40 16 14 41 7 46 15 10 2 19 37 22 18 3 31 39 17 45 11 27 47 29 36 4 13 34 32 21 8 1 26 35 44 5 25 24 49 38 23 33 6 48 42 20 28 
student 306: 50 28 44 9 14 39 18 15 40 6 48 13 12 1 20 34 25 19 2 32 45 16 43 11 23 46 29 37 3 10 42 31 17 8 4 30 36 41 5 26 21 47 35 22 33 7 49 38 24 27 
student 307: 50 29 42 10 14 39 15 13 43 6 46 17 11 1 18 33 25 19 4 32 38 16 44 12 24 45 26 37 2 9 36 34 21 8 3 30 35 47 5 28 20 49 40 23 31 7 48 41 22 27 
student 308: 50 26 45 11 15 32 12 14 41 3 48 17 10 1 18 33 30 20 8 29 40 19 44 13 24 46 25 39 2 7 38 34 21 9 5 31 37 47 4 28 16 43 35 22 36 6 49 42 23 27 
student 309: 50 30 42 8 15 38 17 12 45 7 47 14 11 6 16 35 23 19 1 31 41 20 43 13 26 44 28 37 2 9 39 32 22 10 3 29 33 46 4 25 18 48 36 24 34 5 49 40 21 27 
student 310: 49 29 42 11 10 39 16 13 43 7 47 14 15 2 17 34 25 26 1 31 38 18 44 12 24 46 28 41 4 9 37 33 20 5 6 30 32 45 3 27 19 50 36 23 35 8 48 40 21 22 
student 311: 50 30 41 11 16 39 18 13 42 5 48 15 9 4 17 36 24 20 6 31 37 19 44 12 26 46 25 40 2 10 38 32 21 8 3 28 34 45 1 29 14 47 35 23 33 7 49 43 22 27 
student 312: 50 29 37 11 12 42 16 13 41 8 47 15 9 1 21 35 27 19 3 31 40 17 44 14 23 45 28 39 2 4 38 34 20 10 7 30 32 46 5 24 18 48 36 22 33 6 49 43 25 26 
student 313: 49 29 36 11 15 40 16 13 42 7 43 14 10 1 17 35 23 21 3 31 41 18 46 12 25 48 27 39 2 9 38 32 19 8 5 30 34 44 4 26 20 50 37 22 33 6 47 45 24 28 
student 314: 50 31 42 11 10 41 18 14 43 8 48 15 13 1 20 34 19 26 6 30 39 16 44 12 25 45 28 38 3 9 35 32 17 7 2 29 36 47 4 24 21 46 37 23 33 5 49 40 22 27 
student 315: 50 28 44 10 14 42 19 13 45 8 47 17 12 4 15 38 23 20 2 30 37 16 46 11 25 41 29 39 1 7 36 34 22 9 5 32 35 43 3 27 18 49 33 26 31 6 48 40 21 24 
student 316: 47 26 43 12 13 38 16 14 45 4 48 15 11 1 17 33 24 20 3 31 41 18 42 10 25 46 28 37 5 6 34 35 21 9 2 32 29 44 8 30 19 50 36 22 39 7 49 40 23 27 
student 317: 50 29 42 9 14 39 17 13 43 8 46 15 11 2 16 33 25 20 1 32 40 18 44 12 23 45 28 38 3 7 36 35 22 10 6 30 34 47 4 27 19 48 37 24 31 5 49 41 21 26 
student 318: 50 30 37 11 13 41 16 14 42 10 48 15 7 3 18 33 28 20 2 32 36 19 46 12 24 43 29 39 1 8 38 34 22 6 4 27 35 45 9 26 17 49 40 21 31 5 47 44 23 25 
student 319: 50 28 41 12 13 39 15 14 43 8 48 16 10 3 20 37 19 18 5 32 38 17 44 11 24 46 27 34 2 9 36 33 22 6 1 31 35 45 4 30 21 49 40 26 29 7 47 42 23 25 
student 320: 49 30 39 10 17 42 15 14 40 5 46 16 12 1 11 35 23 22 2 31 41 18 44 13 25 45 27 36 3 9 38 32 20 8 4 29 34 47 6 26 19 48 37 24 33 7 50 43 21 28 
student 321: 50 29 44 16 12 42 18 11 43 6 47 15 14 1 13 36 25 21 2 30 39 17 41 10 26 45 27 38 3 8 37 33 19 9 4 31 32 46 5 28 20 48 35 22 34 7 49 40 24 23 
student 322: 50 29 44 10 15 41 16 13 42 3 46 14 12 1 17 33 27 20 4 31 38 19 45 11 25 47 26 40 2 7 36 32 21 8 5 30 34 43 6 28 18 48 35 24 37 9 49 39 22 23 
student 323: 50 28 43 10 14 39 18 11 42 5 44 16 13 1 21 35 25 22 3 32 34 15 48 12 26 45 29 38 2 9 40 31 19 7 4 30 36 46 6 27 17 47 37 23 33 8 49 41 20 24 
student 324: 50 32 41 10 13 39 20 9 43 6 49 15 11 3 17 31 25 21 1 30 38 16 44 14 26 45 27 40 2 12 37 36 18 8 4 35 28 46 7 29 19 48 34 23 33 5 47 42 22 24 
student 325: 50 28 42 8 15 40 13 14 43 7 48 17 12 1 16 36 24 20 2 32 38 18 45 11 23 44 27 39 3 9 34 29 22 10 4 30 35 46 5 31 19 47 37 26 33 6 49 41 21 25 
student 326: 47 30 44 11 13 40 17 10 43 3 48 16 12 1 15 34 23 20 7 33 38 18 42 14 26 45 28 39 4 8 37 31 21 9 2 29 35 46 5 27 19 49 36 24 32 6 50 41 22 25 
student 327: 50 33 42 11 15 40 17 13 44 7 47 16 9 1 19 36 23 18 2 28 39 14 41 12 25 45 29 38 3 8 37 31 21 10 4 30 34 49 6 26 20 46 35 24 32 5 48 43 22 27 
student 328: 50 29 41 7 21 38 15 13 43 10 47 11 14 2 17 37 25 20 3 34 42 16 44 9 23 45 27 40 1 12 39 31 24 8 4 30 36 46 5 28 22 49 33 19 32 6 48 35 18 26 
student 329: 50 31 44 10 14 38 17 13 42 9 45 15 11 1 16 34 23 20 2 32 41 18 43 12 24 47 27 39 4 7 37 30 21 8 3 28 35 46 6 26 19 49 36 22 33 5 48 40 25 29 
student 330: 49 32 45 11 17 41 13 14 42 6 47 15 12 1 19 33 24 16 3 29 35 18 40 7 25 44 28 39 2 10 38 30 21 9 4 31 36 46 5 27 20 48 37 22 34 8 50 43 23 26 
student 331: 48 26 41 9 14 37 19 13 45 7 49 15 11 2 16 34 28 18 5 32 40 17 43 12 25 44 27 39 4 8 38 31 21 6 1 30 33 46 10 29 20 47 36 23 35 3 50 42 22 24 
student 332: 50 27 39 13 14 41 18 12 44 6 47 16 9 2 19 32 25 20 3 38 37 15 46 11 29 48 33 36 8 10 42 30 21 7 4 28 31 40 1 26 17 45 35 23 34 5 49 43 22 24 
student 333: 50 30 40 10 12 41 18 13 44 9 48 15 14 1 16 36 24 21 6 31 38 17 43 11 25 45 28 37 2 4 39 32 22 7 3 29 34 46 5 27 19 47 35 20 33 8 49 42 23 26 
student 334: 50 30 42 12 16 39 14 13 46 4 47 19 10 2 17 36 23 20 5 31 41 15 43 11 25 45 27 38 1 9 37 32 24 8 3 29 34 44 6 28 18 48 35 22 33 7 49 40 21 26 
student 335: 49 29 44 7 15 41 13 12 42 8 48 17 10 3 16 38 22 20 1 30 39 18 43 14 25 45 28 37 4 11 36 32 21 9 5 31 34 47 2 23 19 46 35 24 33 6 50 40 26 27 
student 336: 49 29 41 12 11 39 15 14 45 9 46 19 8 1 16 38 24 22 4 31 42 20 44 13 25 43 28 37 2 10 36 35 18 7 6 32 33 48 3 27 17 47 34 21 30 5 50 40 23 26 
student 337: 49 28 42 9 13 41 18 14 43 6 45 16 11 1 15 34 26 21 4 32 40 20 46 12 22 50 25 39 2 10 38 29 19 8 3 35 33 44 5 30 17 48 36 27 31 7 47 37 24 23 
student 338: 50 29 40 8 18 41 15 14 43 7 48 13 11 2 16 38 24 20 1 30 39 19 44 9 26 47 27 37 3 12 35 31 22 10 4 32 34 46 5 28 17 45 36 23 33 6 49 42 21 25 
student 339: 48 29 45 8 13 41 17 11 42 9 47 16 12 1 15 35 24 19 3 31 39 22 43 14 25 44 27 38 2 6 36 33 20 10 5 32 30 46 4 26 18 49 37 23 34 7 50 40 21 28 
student 340: 49 32 42 9 17 39 16 13 46 7 45 14 11 2 19 31 24 22 3 29 41 18 40 12 27 48 28 38 1 10 37 33 21 6 4 30 34 44 5 26 15 47 36 23 35 8 50 43 20 25 
student 341: 50 30 41 12 14 39 15 10 45 6 47 16 13 1 17 35 24 22 2 34 40 19 43 9 25 46 28 37 3 11 36 32 18 8 5 29 33 44 4 27 20 48 38 23 31 7 49 42 21 26 
student 342: 49 31 43 11 12 41 17 15 44 4 47 14 10 2 16 34 20 18 5 30 40 19 45 13 26 39 29 38 1 7 37 32 22 9 8 28 35 46 3 25 21 50 36 24 33 6 48 42 23 27 
student 343: 50 30 42 11 14 41 16 13 46 8 48 15 10 3 17 36 23 19 1 32 37 20 43 9 26 44 27 39 4 12 38 31 22 7 5 29 34 47 6 25 18 49 35 21 33 2 45 40 24 28 
student 344: 49 27 42 10 13 40 15 12 45 9 47 18 11 2 16 35 23 19 4 34 39 21 44 14 24 43 29 37 3 7 38 32 20 8 1 31 33 46 5 28 17 48 36 25 30 6 50 41 22 26 
student 345: 50 26 42 9 13 39 16 12 44 6 47 15 11 1 17 34 23 18 4 29 41 21 43 14 25 45 30 37 2 7 38 32 20 8 5 31 33 46 3 28 19 48 35 24 36 10 49 40 22 27 
student 346: 49 25 41 10 16 40 13 15 39 6 46 14 11 1 17 36 23 20 3 31 42 18 43 12 27 45 29 38 4 9 37 32 22 7 5 30 33 47 2 28 19 48 34 21 35 8 50 44 24 26 
student 347: 50 29 41 11 14 39 16 13 43 7 45 15 12 1 17 37 23 19 3 30 38 18 46 8 27 44 28 42 2 9 36 32 21 10 5 33 34 47 4 24 20 48 35 25 31 6 49 40 22 26 
student 348: 50 27 41 11 13 42 14 15 43 7 48 19 12 1 16 35 25 17 4 32 40 18 44 10 26 45 31 39 2 9 37 33 20 8 3 29 30 46 5 28 22 47 36 24 34 6 49 38 23 21 
student 349: 50 28 41 10 13 42 12 18 43 6 49 15 11 3 21 35 24 19 1 30 40 16 44 14 23 45 26 38 2 9 36 33 20 8 4 31 34 47 5 29 17 46 37 25 32 7 48 39 22 27 
student 350: 49 29 41 9 15 42 17 14 43 8 45 13 10 1 19 35 22 23 5 31 38 16 44 11 25 46 28 39 3 12 37 32 18 6 2 30 34 47 7 27 20 48 36 24 33 4 50 40 21 26 
student 351: 50 31 43 11 14 37 13 16 40 6 48 15 12 1 17 34 24 21 4 35 41 20 44 9 26 46 27 39 2 10 36 28 18 7 3 30 33 45 8 29 19 47 38 23 32 5 49 42 22 25 
student 352: 50 30 45 10 14 40 17 13 41 7 46 15 11 1 18 36 24 21 3 31 39 16 44 12 25 43 29 38 2 9 37 32 20 8 4 28 35 48 5 26 19 47 34 23 33 6 49 42 22 27 
student 353: 50 29 42 11 13 40 17 10 43 5 48 16 12 1 14 38 21 20 3 34 39 18 45 15 25 47 30 36 2 7 37 31 22 9 6 28 32 44 4 27 19 49 35 24 33 8 46 41 23 26 
student 354: 50 29 42 8 13 38 21 14 44 6 47 15 12 2 16 37 24 18 4 35 39 17 43 11 25 45 28 34 1 10 36 31 20 7 3 30 33 46 5 26 19 48 40 27 32 9 49 41 22 23 
student 355: 50 31 42 9 13 39 18 15 43 7 47 16 11 1 14 36 24 21 6 28 34 17 46 12 25 45 29 32 2 10 40 35 19 8 3 30 37 49 5 26 20 48 38 23 33 4 44 41 22 27 
student 356: 49 29 38 11 15 40 16 13 44 9 47 12 8 2 18 35 23 20 1 31 42 17 41 14 24 45 25 37 4 7 39 32 21 6 3 30 34 46 5 28 19 48 36 22 33 10 50 43 26 27 
student 357: 50 30 39 14 15 37 18 10 42 7 48 12 11 1 19 36 23 21 4 35 41 16 43 13 29 45 28 40 2 8 38 27 17 9 5 34 32 47 3 26 20 46 33 22 31 6 49 44 24 25 
student 358: 49 30 45 13 8 39 16 10 40 9 48 14 7 2 17 36 22 21 4 33 42 18 41 15 27 46 26 38 1 12 37 29 19 11 3 31 35 47 5 24 20 43 34 25 32 6 50 44 23 28 
student 359: 50 36 47 9 14 40 16 13 42 11 48 15 8 1 17 33 24 22 3 30 39 18 44 12 26 43 20 34 2 7 38 28 23 10 4 31 32 45 5 27 19 49 35 25 37 6 46 41 21 29 
student 360: 50 28 42 10 14 44 19 12 41 7 47 15 11 2 16 38 25 21 6 31 37 20 43 13 22 45 27 39 1 9 36 33 18 8 3 29 35 48 5 30 17 46 32 23 34 4 49 40 24 26 
student 361: 50 31 42 8 19 39 15 12 43 11 47 13 9 4 16 33 26 25 2 35 41 20 44 14 22 45 30 37 1 10 38 36 21 6 5 27 29 46 3 28 17 49 34 18 32 7 48 40 24 23 
student 362: 50 33 41 9 12 40 16 15 43 7 45 13 11 1 19 37 23 21 3 30 38 17 47 14 25 44 27 39 2 10 34 31 24 8 5 29 32 46 4 28 18 49 35 22 36 6 48 42 20 26 
student 363: 50 30 42 12 11 41 16 14 43 13 47 15 9 1 20 35 24 21 3 34 40 18 45 10 27 44 29 38 2 8 36 31 19 5 4 28 32 46 7 26 17 48 37 22 33 6 49 39 25 23 
student 364: 49 31 43 11 14 40 18 10 42 8 50 13 12 1 16 35 24 21 4 32 39 17 45 15 26 44 27 36 2 9 37 30 19 7 3 29 38 46 5 28 20 47 34 22 33 6 48 41 23 25 
student 365: 50 28 43 7 15 38 13 16 45 10 46 14 12 2 18 36 19 21 4 30 40 17 42 11 22 44 29 37 1 8 35 31 24 9 5 34 33 47 3 27 20 48 39 25 32 6 49 41 23 26 
student 366: 49 30 43 10 14 39 15 13 42 3 47 18 11 2 16 35 24 21 1 28 40 17 44 12 25 46 29 38 4 9 36 33 20 8 5 31 34 45 6 27 19 50 37 22 32 7 48 41 23 26 
student 367: 50 29 42 10 16 39 13 14 44 8 47 19 11 5 15 35 21 20 3 30 38 17 46 12 25 40 28 41 2 9 34 33 23 7 1 31 36 43 4 27 18 48 37 24 32 6 49 45 22 26 
student 368: 50 30 37 11 14 40 16 13 44 2 42 15 10 1 17 35 24 21 4 31 41 18 46 12 26 45 29 39 3 9 38 34 20 7 5 27 32 47 6 25 19 48 36 22 33 8 49 43 23 28 
student 369: 49 30 45 12 16 40 13 14 48 7 47 17 9 1 18 36 24 19 3 27 39 15 42 10 26 43 28 37 2 11 35 32 20 8 4 31 34 44 5 29 21 50 38 23 33 6 46 41 22 25 
student 370: 49 27 43 11 16 42 14 13 45 10 40 15 9 4 17 30 24 18 5 31 39 20 44 12 23 46 28 38 1 8 37 33 25 3 7 34 35 47 2 29 19 48 36 21 32 6 50 41 22 26 
student 371: 50 29 42 10 14 40 17 13 45 11 48 16 12 1 15 34 24 19 6 30 41 18 44 9 25 46 28 38 2 7 36 32 23 8 5 31 35 49 3 27 20 43 37 21 33 4 47 39 22 26 
student 372: 50 29 41 12 13 40 16 15 43 7 48 14 9 2 17 36 24 19 4 32 39 18 44 11 25 45 28 37 3 10 38 31 20 8 1 33 35 46 6 27 21 47 30 23 34 5 49 42 22 26 
student 373: 47 28 44 12 13 38 17 10 43 8 45 16 11 2 14 34 23 21 3 29 41 18 48 15 24 42 31 37 1 9 39 32 19 5 7 30 35 46 6 25 20 49 36 26 33 4 50 40 22 27 
student 374: 49 26 43 12 15 40 17 14 42 6 45 13 8 1 19 39 24 23 3 31 33 20 44 11 25 47 28 37 2 7 36 30 16 9 4 32 38 46 5 29 18 48 35 22 34 10 50 41 21 27 
student 375: 48 29 42 10 14 41 15 12 43 7 46 16 13 3 17 36 25 19 1 34 37 18 47 11 26 45 27 38 5 9 39 30 22 8 2 31 32 44 4 28 20 50 33 24 35 6 49 40 23 21 
student 376: 50 30 42 13 15 39 16 12 43 6 47 14 11 2 19 38 25 20 1 34 41 17 44 9 29 45 27 40 3 10 32 36 22 8 5 28 33 46 7 26 18 48 37 23 31 4 49 35 21 24 
student 377: 48 30 41 11 15 40 17 13 47 5 44 14 10 1 19 34 25 21 2 29 37 20 45 12 23 43 28 36 3 9 39 32 18 7 8 31 35 46 4 27 16 49 38 24 33 6 50 42 22 26 
student 378: 50 28 41 10 15 39 16 12 43 7 47 13 11 1 17 35 29 21 4 30 37 18 45 14 22 44 26 36 3 9 40 34 20 8 2 31 32 46 5 25 19 49 38 24 33 6 48 42 23 27 
student 379: 50 29 40 17 13 43 15 11 44 8 49 14 9 1 18 34 22 19 3 33 39 16 41 12 26 46 28 38 2 10 37 32 20 5 4 31 35 47 6 27 24 45 36 21 30 7 48 42 25 23 
student 380: 50 31 42 11 14 41 17 13 43 5 47 15 4 2 16 34 25 18 6 29 40 19 44 12 27 45 28 37 1 7 39 30 24 10 3 32 36 46 8 26 21 49 35 22 33 9 48 38 20 23 
student 381: 50 28 43 11 17 38 15 13 44 3 45 14 10 1 18 35 24 21 4 29 39 16 40 12 27 46 26 41 2 9 37 33 22 7 8 31 34 48 5 25 20 47 36 23 30 6 49 42 19 32 
student 382: 49 28 41 7 17 43 16 13 42 5 48 14 10 1 15 35 23 19 6 31 40 18 45 12 24 46 27 39 3 11 37 32 22 8 4 29 34 44 2 30 20 47 36 25 33 9 50 38 21 26 
student 383: 49 29 45 13 14 44 16 12 40 4 47 15 11 2 17 35 24 19 7 31 39 18 41 9 27 43 25 37 5 10 38 32 22 8 1 30 33 46 3 28 20 50 36 23 34 6 48 42 21 26 
student 384: 50 29 44 11 14 40 17 13 43 7 46 15 9 2 18 36 24 22 1 30 37 16 45 12 23 41 28 38 5 10 35 34 20 8 3 31 33 47 4 27 19 49 39 26 32 6 48 42 21 25 
student 385: 50 29 42 8 14 40 17 13 44 9 47 15 12 1 18 35 22 19 3 32 43 20 41 11 25 45 28 38 2 6 37 31 21 10 4 30 33 46 5 27 16 48 36 24 34 7 49 39 23 26 
student 386: 50 29 43 7 15 41 16 14 45 9 47 17 12 1 13 31 23 18 4 32 37 19 42 10 25 46 30 38 2 11 35 27 21 8 3 33 36 44 6 28 24 48 39 22 34 5 49 40 20 26 
student 387: 50 29 41 8 14 38 17 13 43 6 47 15 10 1 16 34 25 20 4 32 40 18 45 12 23 46 28 37 2 11 33 31 21 7 3 30 35 44 5 27 19 48 39 24 36 9 49 42 22 26 
student 388: 50 31 46 8 15 38 17 12 42 6 45 14 13 2 18 37 25 19 3 30 39 21 44 10 26 47 27 36 1 11 35 29 22 7 4 32 34 43 9 28 16 48 40 20 33 5 49 41 24 23 
student 389: 49 30 42 10 14 39 17 13 43 4 47 15 9 1 18 37 24 21 5 35 40 16 44 12 25 46 27 36 3 11 38 31 20 8 2 29 33 45 6 28 19 48 32 23 34 7 50 41 22 26 
student 390: 49 30 44 8 16 40 15 12 42 6 46 14 9 1 18 32 23 19 4 33 39 17 45 10 26 47 29 37 2 11 36 38 22 13 3 27 34 43 7 25 20 48 35 21 31 5 50 41 24 28 
student 391: 48 29 40 8 11 43 19 14 42 7 47 16 10 1 17 35 24 20 6 30 38 15 44 12 27 46 28 39 3 13 37 31 22 9 2 32 34 45 5 26 21 49 36 23 33 4 50 41 18 25 
student 392: 50 34 42 8 14 41 15 13 43 9 44 17 10 1 19 31 21 18 2 29 40 22 45 12 24 46 28 39 3 11 37 30 23 6 7 32 33 47 4 27 16 49 35 20 36 5 48 38 25 26 
student 393: 50 33 43 9 18 44 21 11 40 7 45 20 12 1 13 36 23 16 3 29 38 15 41 14 24 46 28 37 2 8 39 34 19 5 4 32 31 47 6 27 17 48 35 26 30 10 49 42 22 25 
student 394: 50 30 41 8 15 37 13 12 43 10 47 16 14 1 17 36 21 20 4 31 40 18 44 11 26 46 27 38 2 9 35 32 19 6 3 29 33 45 5 28 23 48 39 24 34 7 49 42 22 25 
student 395: 50 28 42 13 11 41 15 14 44 7 43 16 9 1 19 35 24 20 3 34 40 17 46 12 26 45 29 38 2 10 37 30 21 8 5 31 32 48 4 27 18 47 36 23 33 6 49 39 22 25 
student 396: 50 33 41 10 16 40 15 13 44 7 46 14 12 1 17 37 22 19 3 34 35 21 43 11 25 47 30 39 2 9 38 29 24 6 4 28 32 45 5 26 18 49 31 23 36 8 48 42 20 27 
student 397: 50 27 41 14 13 42 16 10 43 8 48 15 12 3 18 36 23 25 1 32 40 19 44 11 26 46 31 39 2 9 38 30 20 7 6 28 35 45 4 24 17 49 34 22 33 5 47 37 21 29 
student 398: 49 26 42 9 14 40 16 13 44 10 46 15 12 2 18 35 24 19 5 31 39 20 45 11 25 47 29 38 3 8 37 34 21 6 1 30 33 48 4 28 17 43 36 23 32 7 50 41 22 27 
student 399: 50 34 42 11 14 40 17 13 45 4 47 15 9 2 18 36 24 20 1 35 39 16 43 12 23 46 27 38 3 10 37 32 21 7 5 28 31 44 6 29 19 48 33 22 30 8 49 41 25 26 
student 400: 50 30 40 10 14 43 16 13 42 7 49 15 9 1 17 34 24 19 4 31 39 20 44 12 25 45 29 38 2 8 36 32 21 11 3 28 35 46 5 27 18 47 37 23 33 6 48 41 22 26 
student 401: 48 30 46 11 13 42 15 16 40 6 45 14 10 1 17 34 26 20 4 31 38 18 44 12 22 43 29 41 2 8 37 32 21 5 3 27 35 47 7 28 19 49 36 25 33 9 50 39 23 24 
student 402: 50 30 41 11 14 40 18 13 42 7 48 16 10 2 15 35 25 20 1 31 39 19 43 12 24 44 28 38 9 5 36 33 22 8 3 27 37 46 4 29 21 47 34 17 32 6 49 45 23 26 
student 403: 50 27 44 9 14 38 17 13 48 6 46 15 10 1 16 39 24 20 2 30 37 18 42 11 26 43 29 40 3 12 36 32 21 5 7 31 34 45 4 28 19 47 35 23 33 8 49 41 22 25 
student 404: 50 29 42 10 15 40 16 12 45 7 46 17 11 1 14 35 25 18 6 32 37 20 43 13 24 41 27 39 3 8 38 33 21 9 2 30 34 47 5 26 19 48 36 22 31 4 49 44 23 28 
student 405: 49 29 39 9 13 41 10 15 46 8 47 17 11 1 16 33 21 18 3 32 40 19 43 14 24 44 28 37 2 12 36 27 22 6 4 31 38 45 7 30 20 50 35 25 34 5 48 42 23 26 
student 406: 48 27 41 11 15 40 14 13 45 10 44 17 9 1 16 36 21 22 3 30 39 18 46 12 24 43 32 35 2 8 38 31 23 6 4 26 34 47 5 29 19 50 37 20 33 7 49 42 28 25 
student 407: 49 29 42 10 19 41 13 11 45 5 47 14 15 2 17 38 25 16 8 32 39 20 40 12 26 44 28 37 1 9 36 30 24 6 7 31 34 46 3 27 21 48 35 23 33 4 50 43 22 18 
student 408: 50 26 44 12 14 41 16 13 46 8 45 19 11 2 15 33 24 18 1 31 39 20 43 10 25 42 32 34 5 9 37 29 21 6 3 28 40 48 4 30 17 47 35 22 36 7 49 38 23 27 
student 409: 50 32 44 6 13 42 15 14 43 9 46 18 8 2 16 36 29 19 7 28 41 17 40 12 25 45 26 38 1 10 37 31 20 4 3 33 30 47 11 27 22 48 35 24 34 5 49 39 21 23 
student 410: 49 28 39 11 14 43 16 19 42 7 47 13 8 1 20 32 24 18 3 31 41 15 40 12 27 44 29 38 2 10 37 26 21 9 4 34 36 48 5 30 17 50 35 23 33 6 45 46 22 25 
student 411: 50 27 45 8 13 40 16 14 43 7 48 15 11 2 18 38 24 23 5 34 37 17 44 10 25 42 26 39 3 12 36 31 19 9 6 32 35 46 1 28 20 49 33 22 30 4 47 41 21 29 
student 412: 50 27 41 12 13 39 15 14 43 6 47 16 11 2 17 36 23 20 3 28 38 19 48 10 26 44 29 35 5 9 40 31 21 8 1 32 34 46 4 30 18 45 37 22 33 7 49 42 25 24 
student 413: 50 28 44 10 16 41 18 11 42 7 45 13 12 1 15 37 26 19 3 31 39 22 46 14 20 43 27 38 5 9 36 33 21 8 6 29 35 47 2 30 17 49 34 24 32 4 48 40 23 25 
student 414: 50 34 43 11 14 40 13 16 41 7 47 15 10 2 18 37 22 19 3 32 39 21 46 12 24 44 28 38 1 6 36 30 20 9 4 29 35 45 8 27 17 48 31 25 33 5 49 42 23 26 
student 415: 47 26 41 10 20 43 15 13 37 7 48 14 11 1 16 36 27 21 4 31 42 18 44 12 24 45 30 40 2 9 38 32 17 8 6 29 33 46 5 28 19 49 35 23 34 3 50 39 22 25 
student 416: 50 29 43 12 13 41 17 10 44 7 46 16 11 1 15 36 25 18 6 30 37 21 42 14 26 45 28 39 2 8 34 33 20 3 5 31 32 49 9 27 19 47 38 22 35 4 48 40 24 23 
student 417: 50 30 39 9 16 42 14 15 43 8 47 12 10 1 18 34 25 20 6 33 40 17 46 13 26 44 29 38 2 11 37 31 21 7 4 28 36 45 3 27 19 49 35 24 32 5 48 41 22 23 
student 418: 50 28 44 9 14 39 15 13 41 8 48 16 10 2 17 35 22 21 4 33 40 19 43 12 26 46 27 37 1 11 38 32 18 6 3 30 34 45 7 29 20 47 36 23 31 5 49 42 24 25 
student 419: 50 27 43 9 14 40 16 10 42 6 47 15 12 1 17 36 23 25 3 31 39 19 45 11 24 46 29 38 2 13 37 32 20 7 4 30 33 44 5 28 18 49 35 22 34 8 48 41 21 26 
student 420: 50 29 42 12 11 40 17 14 45 6 49 15 13 2 16 35 24 21 3 31 38 18 43 9 26 44 28 39 1 8 37 34 22 10 5 30 33 46 4 25 19 47 36 23 32 7 48 41 20 27 
student 421: 50 30 41 8 14 39 21 9 44 11 47 18 10 1 16 35 23 15 4 29 37 17 43 13 24 45 25 42 2 12 38 34 20 7 3 31 36 46 6 27 19 48 33 22 32 5 49 40 28 26 
student 422: 50 29 42 10 13 41 16 14 39 8 47 15 11 2 17 34 26 19 3 33 38 18 44 12 25 46 30 40 1 7 36 31 21 9 6 28 35 45 4 24 20 48 37 22 32 5 49 43 23 27 
student 423: 49 30 41 12 14 40 16 13 43 8 45 17 7 2 19 34 22 20 1 28 39 15 44 11 26 46 29 37 5 10 38 32 21 9 4 31 36 48 3 27 18 47 35 25 33 6 50 42 23 24 
student 424: 50 27 42 9 12 41 15 14 43 6 48 16 11 1 18 38 24 20 3 32 39 17 44 13 25 45 29 37 4 10 35 31 22 5 2 30 34 47 7 26 19 46 36 23 33 8 49 40 21 28 
student 425: 49 26 41 10 16 47 13 14 42 7 46 18 11 1 17 36 23 20 5 30 40 15 43 12 25 44 31 37 2 9 35 32 21 3 6 29 34 45 4 28 19 48 39 22 33 8 50 38 24 27 
student 426: 49 29 42 8 11 41 16 13 43 9 48 14 10 1 17 34 24 18 2 30 40 22 45 15 25 46 27 36 3 12 38 35 20 7 5 31 33 44 6 28 19 47 37 23 32 4 50 39 21 26 
student 427: 50 31 42 8 14 40 16 13 43 9 47 15 11 3 19 35 22 20 4 29 38 17 45 12 25 44 28 39 2 10 37 33 21 7 5 32 34 46 1 26 18 49 36 24 30 6 48 41 23 27 
student 428: 50 28 42 8 14 41 16 12 43 7 47 15 10 1 18 34 24 20 2 31 39 17 46 13 26 45 29 37 11 9 36 32 21 6 3 30 33 44 5 27 19 48 38 23 35 4 49 40 22 25 
student 429: 49 27 42 12 13 40 9 15 44 4 45 16 10 2 17 36 20 18 1 32 33 23 43 14 22 46 29 39 3 11 38 31 19 7 6 30 34 47 5 28 21 50 37 24 35 8 48 41 25 26 
student 430: 49 30 45 10 15 42 12 14 44 9 47 17 13 1 16 36 28 20 2 31 41 19 46 11 26 37 29 39 3 8 35 34 21 7 4 32 27 40 6 25 18 48 38 22 33 5 50 43 24 23 
student 431: 48 29 40 7 16 38 15 12 42 6 47 14 13 3 18 35 26 20 2 30 41 17 45 11 27 44 23 37 1 9 43 32 25 10 5 31 34 46 4 28 19 49 36 22 33 8 50 39 21 24 
student 432: 47 28 42 12 13 40 17 15 46 4 44 14 11 1 16 35 27 19 2 31 37 18 41 10 24 43 29 39 3 8 36 32 21 9 5 33 34 45 7 26 20 49 38 23 30 6 50 48 22 25 
student 433: 50 29 42 9 14 39 15 10 43 7 46 18 11 1 17 33 26 23 3 32 37 16 45 13 24 44 27 38 4 8 34 35 19 12 2 30 36 48 6 28 22 47 40 21 31 5 49 41 20 25 
student 434: 50 32 45 10 14 40 17 13 41 6 48 16 11 2 15 31 27 20 3 33 39 19 44 12 23 43 28 38 1 9 36 30 21 4 5 29 37 47 7 26 18 46 35 24 34 8 49 42 22 25 
student 435: 50 29 41 11 12 38 17 16 43 7 46 13 9 2 15 34 22 23 3 31 39 19 44 14 24 45 26 40 1 10 37 33 20 6 5 30 36 49 8 28 18 48 35 25 32 4 47 42 21 27 
student 436: 50 24 47 10 11 39 17 14 40 6 48 16 12 3 19 34 22 18 2 30 38 15 44 13 23 45 32 41 1 9 37 33 21 7 4 26 35 46 8 29 20 49 36 27 31 5 43 42 25 28 
student 437: 47 31 42 10 15 40 16 13 34 8 48 14 11 2 17 36 23 19 3 29 43 18 45 12 26 44 30 39 1 9 38 32 22 7 6 28 35 46 5 27 20 50 37 24 33 4 49 41 21 25 
student 438: 49 29 42 10 15 40 16 13 44 8 46 17 12 1 14 35 24 21 2 32 39 20 47 11 25 43 27 37 4 9 36 28 19 7 3 31 33 45 5 26 18 48 38 23 34 6 50 41 22 30 
student 439: 49 30 43 11 17 40 15 13 42 10 47 14 12 1 16 38 24 19 5 32 37 22 44 7 25 45 28 39 2 9 36 31 18 6 8 29 34 46 3 26 21 48 35 23 33 4 50 41 20 27 
student 440: 50 29 42 12 14 41 15 13 44 5 49 16 9 3 17 35 25 20 2 32 38 18 45 11 24 47 27 39 1 10 36 33 21 7 4 31 34 46 6 26 19 43 37 22 30 8 48 40 23 28 
student 441: 50 26 39 10 17 37 15 13 47 8 46 12 6 1 16 34 28 20 3 32 40 19 44 11 25 43 31 36 2 14 38 33 21 9 4 30 29 48 5 27 18 49 41 24 35 7 45 42 22 23 
student 442: 49 33 42 10 13 40 16 11 43 7 48 15 12 1 18 34 23 22 4 31 38 19 44 14 26 46 25 39 2 9 36 32 20 8 3 30 35 50 6 28 17 47 37 24 29 5 45 41 21 27 
student 443: 50 29 42 12 14 35 17 13 43 6 48 16 9 2 15 33 24 21 1 30 41 18 44 11 25 46 28 39 3 7 37 31 20 10 4 34 36 47 5 26 19 45 38 23 32 8 49 40 22 27 
student 444: 50 29 43 10 11 39 16 14 44 5 42 15 12 1 18 37 27 20 6 30 36 17 45 13 24 46 26 40 2 9 38 33 21 8 7 31 32 47 3 25 19 49 34 23 35 4 48 41 22 28 
student 445: 49 30 45 13 12 41 18 16 42 4 46 14 11 2 19 35 27 20 3 29 38 17 44 10 23 40 28 39 1 9 36 33 21 8 6 31 34 47 7 25 15 48 37 22 32 5 50 43 24 26 
student 446: 49 30 43 9 16 42 17 14 41 8 45 12 11 1 15 36 24 20 5 32 39 18 44 13 25 48 28 31 2 10 38 33 21 7 3 29 35 50 4 27 19 46 37 23 34 6 47 40 22 26 
student 447: 50 30 40 11 18 44 16 13 42 6 48 15 10 1 12 35 24 22 3 29 39 17 45 14 25 43 27 37 2 8 38 33 20 7 5 32 31 46 4 28 19 47 36 23 34 9 49 41 21 26 
student 448: 50 30 42 15 19 39 16 13 49 5 46 11 10 1 14 36 24 23 3 34 40 17 43 12 25 44 28 37 2 8 38 31 22 9 4 29 33 45 6 27 18 47 35 20 32 7 48 41 21 26 
student 449: 50 29 40 10 14 41 17 13 43 6 48 16 11 2 15 37 26 20 5 30 36 18 47 12 22 45 28 39 1 9 38 33 21 7 3 32 35 49 4 27 19 44 34 24 31 8 46 42 23 25 
student 450: 50 30 47 9 13 40 17 14 42 7 46 15 11 1 16 35 23 22 2 32 39 19 41 12 24 44 29 37 3 8 38 33 20 10 4 31 34 45 5 26 18 48 36 21 25 6 49 43 28 27 
student 451: 50 28 43 12 11 39 16 13 44 6 47 15 8 5 18 36 27 21 2 34 40 17 42 14 25 45 20 38 1 10 37 30 22 9 3 31 33 46 4 29 19 48 35 23 32 7 49 41 24 26 
student 452: 47 28 40 10 17 39 13 14 44 7 48 15 11 1 16 36 23 20 4 33 41 18 45 12 24 42 27 38 2 5 37 31 21 9 3 30 35 46 8 25 19 49 34 22 32 6 50 43 26 29 
student 453: 50 28 40 13 18 41 14 15 42 7 48 11 12 1 20 36 27 21 3 30 39 16 44 10 24 45 26 37 2 9 38 32 22 6 4 31 34 47 5 29 17 49 35 23 33 8 46 43 19 25 
student 454: 49 29 42 10 14 40 16 13 43 7 45 15 12 2 18 35 22 25 4 32 39 19 44 11 23 47 27 38 3 8 37 31 21 9 5 28 34 50 1 30 20 46 36 24 33 6 48 41 17 26 
student 455: 49 30 47 9 14 41 15 18 46 7 48 13 11 2 16 35 24 17 3 31 38 20 43 12 26 42 27 39 1 10 36 32 23 8 4 29 33 44 5 28 19 45 37 21 34 6 50 40 22 25 
student 456: 49 29 43 10 14 40 16 12 42 6 46 15 11 3 19 34 21 20 1 30 39 17 45 13 24 48 28 38 2 9 36 33 22 8 4 32 31 47 5 26 18 50 35 23 37 7 44 41 27 25 
student 457: 50 32 40 9 14 42 16 12 44 5 48 15 11 2 18 35 24 19 3 29 39 22 43 13 25 47 27 36 1 8 37 33 20 7 4 31 34 45 10 26 17 46 38 21 30 6 49 41 23 28 
student 458: 50 29 43 10 12 40 17 15 41 7 46 16 11 1 18 38 24 21 5 31 37 20 44 14 25 45 27 35 2 9 39 33 19 8 4 30 34 48 3 26 13 47 36 23 32 6 49 42 22 28 
student 459: 50 29 41 10 15 40 14 13 43 8 45 19 12 2 16 33 30 22 3 32 38 17 48 11 25 44 27 37 1 9 36 31 20 7 4 28 35 46 6 26 18 47 39 21 34 5 49 42 23 24 
student 460: 48 33 41 5 14 42 15 12 46 9 44 16 13 1 21 36 24 17 2 34 40 20 39 10 25 45 28 37 4 11 38 29 19 7 3 30 35 47 6 27 18 50 32 23 31 8 49 43 22 26 
student 461: 48 28 41 12 14 39 16 11 43 8 47 18 10 1 17 35 24 15 2 29 40 20 46 13 25 45 30 38 3 6 37 31 21 9 5 32 34 44 4 26 19 49 36 22 33 7 50 42 23 27 
student 462: 50 28 43 9 14 42 15 12 47 6 48 16 10 2 17 33 19 22 3 31 39 20 46 13 27 44 30 40 1 11 36 32 23 8 5 29 35 45 7 26 18 41 37 25 34 4 49 38 21 24 
student 463: 50 31 41 10 12 39 19 11 44 5 47 14 8 1 15 34 23 18 7 32 37 21 43 13 25 45 27 36 2 16 35 33 24 9 3 29 38 46 4 28 17 48 42 22 30 6 49 40 20 26 
student 464: 49 28 41 11 13 40 14 18 43 7 47 15 12 1 16 34 24 22 4 31 39 17 44 10 25 45 30 38 2 9 36 35 20 8 3 29 33 46 5 27 19 48 37 23 32 6 50 42 21 26 
student 465: 50 27 42 11 14 41 15 13 45 6 47 17 12 2 16 36 23 19 4 30 39 18 44 10 28 46 29 38 3 9 37 31 22 8 5 33 32 43 7 25 21 48 35 26 34 1 49 40 20 24 
student 466: 49 29 43 9 15 40 18 13 44 8 45 17 10 1 14 31 26 20 4 33 38 16 42 12 24 47 28 41 2 11 37 32 21 3 5 30 36 48 6 27 19 50 35 23 34 7 46 39 22 25 
student 467: 50 29 42 6 15 41 16 13 45 8 48 14 10 1 18 35 22 21 3 30 38 20 44 12 26 46 23 39 2 11 37 33 24 9 4 31 34 43 5 27 19 47 36 28 32 7 49 40 17 25 
student 468: 48 30 43 8 14 36 15 10 40 7 47 16 12 1 19 35 24 21 2 31 41 17 46 13 25 45 28 38 3 11 39 32 23 9 5 29 34 44 6 27 20 49 37 22 33 4 50 42 18 26 
student 469: 50 32 42 11 12 39 16 13 43 5 48 15 9 2 17 37 23 22 3 31 38 18 45 14 26 44 27 40 1 10 36 30 20 8 7 29 33 46 6 28 19 47 35 21 34 4 49 41 24 25 
student 470: 50 29 43 10 12 39 18 13 44 3 46 16 11 1 15 36 23 19 6 31 41 17 47 14 26 40 24 37 4 9 35 32 25 7 2 30 38 48 5 28 21 45 34 22 33 8 49 42 20 27 
student 471: 47 30 41 10 15 38 16 12 43 6 48 14 11 1 20 34 19 18 4 31 40 17 45 13 28 46 26 39 2 8 36 32 22 9 7 27 35 44 3 29 21 50 37 25 33 5 49 42 24 23 
student 472: 50 32 43 10 12 42 14 15 41 7 46 16 11 6 18 39 30 17 2 31 38 19 45 13 25 44 27 36 1 9 34 33 21 8 4 28 29 47 3 26 20 48 37 22 35 5 49 40 23 24 
student 473: 50 24 41 10 13 37 14 15 44 12 47 17 7 1 16 34 26 21 2 30 39 18 42 11 27 46 28 36 3 8 43 33 19 9 4 32 38 48 5 23 20 45 35 22 31 6 49 40 25 29 
student 474: 50 28 47 10 14 42 16 13 39 7 40 15 12 1 20 37 25 18 3 32 41 17 44 11 24 46 29 38 2 8 35 30 22 9 5 31 34 48 4 26 19 43 36 27 33 6 49 45 23 21 
student 475: 45 27 42 9 14 40 15 12 43 7 49 16 11 1 18 37 24 19 2 31 38 17 44 13 25 46 29 39 3 10 36 32 20 8 5 30 35 47 4 26 21 48 33 23 34 6 50 41 22 28 
student 476: 49 28 41 9 12 38 18 14 42 5 48 15 11 2 16 36 23 24 3 31 43 22 44 13 26 45 27 39 4 7 37 32 19 10 6 30 34 46 1 29 17 47 35 21 33 8 50 40 20 25 
student 477: 49 29 42 8 14 40 20 13 45 7 46 15 11 1 16 35 25 21 3 31 34 18 47 9 24 44 28 39 2 12 38 32 17 10 4 30 36 43 5 27 19 48 37 23 33 6 50 41 22 26 
student 478: 49 29 42 12 11 40 18 15 43 6 47 16 10 3 13 35 24 21 2 32 39 17 44 14 25 45 27 34 1 9 38 30 19 8 5 31 33 46 7 28 22 48 37 23 36 4 50 41 20 26 
student 479: 50 30 43 10 11 41 15 14 42 7 46 16 13 1 18 33 23 17 2 37 36 20 44 12 24 45 28 39 3 9 38 32 19 8 4 29 31 47 5 26 21 48 34 25 35 6 49 40 22 27 
student 480: 50 23 44 9 13 40 16 12 45 4 49 15 11 3 18 35 25 20 6 27 39 19 41 14 26 43 29 38 2 10 36 32 21 8 1 31 34 46 7 30 17 47 37 22 33 5 48 42 24 28 
student 481: 50 29 41 9 14 42 17 16 44 7 48 13 12 1 20 35 25 18 4 30 40 15 45 11 24 46 28 36 2 8 38 31 19 10 3 32 33 43 5 26 21 49 37 23 34 6 47 39 22 27 
student 482: 48 28 41 10 14 40 15 12 43 8 45 16 11 3 17 34 23 19 2 26 38 22 44 13 25 49 30 39 1 7 35 33 24 9 4 31 36 47 5 27 18 46 37 21 32 6 50 42 20 29 
student 483: 48 30 43 14 15 40 13 12 47 6 45 17 10 4 16 36 20 18 9 35 39 21 44 11 26 41 27 38 1 7 37 31 19 8 2 28 32 46 3 29 23 49 34 22 33 5 50 42 24 25 
student 484: 50 29 47 12 15 40 17 13 39 9 45 16 11 2 14 36 23 21 3 32 42 19 43 10 26 44 28 38 1 8 37 30 18 5 4 31 35 46 7 27 20 48 34 22 33 6 49 41 24 25 
student 485: 50 29 43 8 19 40 16 13 42 9 46 15 11 1 14 39 23 20 3 31 41 18 44 12 25 45 30 38 2 7 36 33 21 10 4 27 34 47 6 28 17 48 32 24 35 5 49 37 22 26 
student 486: 48 30 44 12 11 41 15 16 45 7 46 19 13 2 18 37 20 23 1 29 34 17 47 9 25 42 28 32 3 10 38 36 21 8 6 31 33 43 4 26 14 50 39 24 35 5 49 40 22 27 
student 487: 49 30 42 9 14 39 16 12 43 8 47 15 13 2 19 35 24 17 3 31 41 21 45 10 26 44 28 38 1 11 36 32 20 7 6 29 33 46 4 27 18 48 40 23 34 5 50 37 22 25 
student 488: 50 29 39 10 12 41 15 14 42 6 47 16 13 1 18 33 26 20 4 30 44 19 43 11 27 45 25 38 2 8 37 32 21 9 3 31 36 46 5 24 17 48 35 22 34 7 49 40 23 28 
student 489: 50 30 45 13 15 43 17 14 42 8 47 12 9 1 16 35 25 20 2 31 38 21 41 11 24 44 29 40 4 7 36 32 18 6 10 28 34 46 3 27 19 48 37 22 33 5 49 39 23 26 
student 490: 50 31 43 10 12 42 16 14 41 8 47 15 11 3 17 32 25 22 5 30 39 18 44 13 28 46 27 37 1 9 36 33 24 6 2 29 38 45 7 20 19 49 34 21 35 4 48 40 23 26 
student 491: 50 31 42 10 15 38 16 14 43 8 47 6 12 1 17 34 24 18 3 30 40 19 45 13 25 44 26 41 2 11 36 32 23 9 5 28 37 46 4 29 21 48 35 20 33 7 49 39 22 27 
student 492: 50 30 41 7 14 37 16 15 43 10 46 13 12 2 18 34 25 20 4 32 35 17 44 11 24 45 28 40 1 8 39 29 21 9 3 31 33 47 5 27 19 48 38 23 36 6 49 42 22 26 
student 493: 48 30 41 13 16 42 14 15 43 7 50 12 9 1 17 32 22 20 3 31 38 19 45 11 24 44 29 39 2 10 37 28 21 8 4 27 36 46 5 33 18 47 35 25 34 6 49 40 23 26 
student 494: 49 30 41 10 13 40 17 14 44 9 46 15 11 2 19 34 25 21 4 32 37 16 43 12 27 47 28 39 1 7 33 31 22 8 3 24 38 45 5 26 18 48 36 23 35 6 50 42 20 29 
student 495: 50 29 42 7 12 40 18 14 44 8 49 15 10 5 17 36 23 21 4 32 37 16 47 11 24 43 27 38 1 13 35 31 20 9 2 30 34 45 3 26 19 48 39 25 33 6 46 41 22 28 
student 496: 50 31 42 9 17 40 14 12 41 7 47 18 11 1 15 38 27 20 2 34 39 19 44 13 22 45 29 37 3 10 35 32 21 8 4 28 36 46 5 26 16 49 33 23 30 6 48 43 25 24 
student 497: 50 27 44 12 16 40 13 15 42 6 47 17 9 1 14 35 25 21 3 33 38 19 43 11 26 45 28 36 2 10 39 34 22 7 5 32 30 46 8 29 18 48 37 23 31 4 49 41 20 24 
student 498: 49 28 42 11 12 40 16 8 43 7 45 13 14 1 18 35 24 19 5 33 38 17 44 15 25 50 27 39 2 10 37 32 22 9 4 30 34 47 3 29 20 46 36 23 31 6 48 41 21 26 
student 499: 50 29 42 8 13 38 16 12 43 7 46 14 11 1 19 35 24 20 2 30 40 17 44 15 25 47 28 39 3 10 37 31 21 9 4 32 36 45 5 27 18 49 34 23 33 6 48 41 22 26 
