student 0: 20 27 7 14 6 42 29 38 13 3 28 18 26 50 16 31 33 30 5 39 8 4 9 45 47 34 10 17 41 12 19 48 21 40 1 25 37 35 23 46 15 2 36 22 24 44 43 49 32 11 
student 1: 11 28 7 15 9 48 27 38 14 10 31 19 24 47 22 33 29 25 6 23 5 4 1 42 46 34 12 16 45 17 32 37 26 36 2 18 40 35 13 44 20 3 43 21 30 41 50 49 39 8 
student 2: 14 31 10 11 5 45 26 42 15 6 28 22 25 48 18 32 34 21 8 30 4 2 7 44 50 38 13 19 40 9 27 41 17 36 1 20 35 37 23 46 16 3 39 24 29 43 49 47 33 12 
student 3: 15 34 14 17 3 49 28 43 13 5 29 19 26 50 24 33 36 22 9 20 6 8 4 44 47 38 12 23 35 10 27 41 18 42 2 16 39 31 21 45 11 1 32 25 30 40 48 46 37 7 
student 4: 1 28 12 14 7 46 22 40 10 11 33 26 29 49 15 35 30 25 13 18 5 6 4 43 50 37 19 17 41 16 31 44 20 36 3 21 34 32 24 45 8 2 39 23 27 42 47 48 38 9 
student 5: 16 26 5 12 10 48 25 44 14 3 30 24 28 49 17 31 38 18 11 23 4 6 2 39 50 36 13 19 35 15 27 43 22 34 1 20 33 37 32 47 9 7 40 21 41 45 46 42 29 8 
student 6: 14 31 11 17 10 48 27 42 12 3 29 21 26 47 1 34 35 24 13 25 9 8 5 49 41 36 7 19 40 16 28 43 23 38 4 18 30 37 22 45 15 2 39 20 33 44 50 46 32 6 
student 7: 14 36 12 18 10 48 28 44 17 8 33 20 22 50 23 31 32 27 9 29 2 11 5 43 38 37 4 7 47 13 26 49 21 25 1 24 41 39 19 42 15 3 40 16 30 35 46 45 34 6 
student 8: 14 39 11 15 5 46 27 45 12 2 30 20 28 48 17 32 33 18 9 21 3 13 1 37 50 40 8 19 36 10 26 41 23 35 4 24 34 38 25 44 16 6 43 22 29 42 49 47 31 7 
student 9: 14 33 10 21 4 44 27 40 11 13 29 26 30 49 12 28 37 25 7 23 5 17 3 47 50 34 6 15 41 9 24 43 22 35 2 19 36 31 32 45 20 1 39 18 38 42 46 48 16 8 
student 10: 15 31 12 19 5 43 25 44 13 8 28 23 27 47 20 36 34 24 6 29 7 4 3 41 48 37 11 16 42 10 26 49 21 38 1 14 32 30 22 50 17 2 39 18 33 40 46 45 35 9 
student 11: 20 28 8 10 6 40 24 43 14 9 36 17 23 45 26 33 31 27 7 22 5 2 4 44 49 35 11 15 42 13 29 48 19 38 1 18 34 37 25 46 16 3 39 21 30 41 50 47 32 12 
student 12: 15 33 6 20 2 45 28 41 13 3 30 24 19 46 14 31 36 27 8 25 7 10 5 40 49 39 12 17 37 11 26 38 22 43 1 16 34 35 23 42 18 4 44 21 29 47 50 48 32 9 
student 13: 14 30 9 18 5 45 28 39 13 12 33 24 27 50 19 34 32 29 8 25 6 3 4 44 48 38 11 16 42 10 23 43 20 36 2 17 37 35 21 47 15 1 41 22 26 40 46 49 31 7 
student 14: 10 30 11 16 3 48 26 40 13 5 29 20 25 49 21 37 35 27 9 24 6 2 4 42 47 32 8 17 38 14 28 43 19 33 12 22 41 36 23 44 15 1 39 18 34 45 50 46 31 7 
student 15: 18 29 11 13 2 44 25 45 17 6 28 21 23 50 30 33 35 26 10 27 8 3 5 43 48 38 7 15 39 12 32 40 20 34 4 16 36 37 22 47 14 1 41 19 31 42 49 46 24 9 
student 16: 9 28 10 16 4 43 23 42 13 14 30 22 26 47 18 34 36 25 7 27 6 5 2 38 49 39 8 17 41 12 31 45 20 37 3 24 33 35 21 48 11 1 40 19 32 44 50 46 29 15 
student 17: 13 30 12 14 3 48 22 41 17 8 38 21 29 47 19 37 26 11 7 34 9 6 2 46 49 31 10 18 43 16 24 45 20 39 4 23 33 35 27 36 15 1 44 25 28 40 42 50 32 5 
student 18: 24 29 11 17 12 47 25 42 14 8 34 28 26 48 16 35 36 22 5 27 4 6 3 43 50 37 7 23 41 10 21 44 18 32 2 19 33 38 20 45 13 1 39 15 30 46 49 40 31 9 
student 19: 15 29 8 16 6 46 21 41 14 10 38 22 26 50 19 34 31 23 3 28 11 2 5 43 49 32 9 13 39 12 24 45 27 35 4 20 37 40 25 42 18 1 36 17 30 44 47 48 33 7 
student 20: 19 28 15 17 5 47 25 40 11 6 31 22 23 49 26 34 29 24 10 27 7 2 3 44 50 39 9 13 37 12 30 43 18 41 4 21 38 36 20 46 14 1 35 16 33 42 45 48 32 8 
student 21: 18 29 9 13 5 42 27 44 12 7 31 22 23 47 16 33 36 28 8 21 6 4 3 43 50 35 11 20 40 17 26 41 24 37 2 14 34 38 25 49 15 1 39 19 30 45 48 46 32 10 
student 22: 16 25 12 17 4 45 30 42 11 7 29 27 23 50 21 32 38 20 5 31 6 9 1 47 49 35 14 13 41 15 28 39 24 36 2 19 34 37 22 44 10 3 43 18 26 40 48 46 33 8 
student 23: 14 30 11 16 4 48 23 42 12 10 32 29 21 50 18 24 26 19 3 31 8 6 2 43 46 36 7 15 39 17 28 44 25 37 1 20 34 38 27 47 13 5 41 22 33 40 49 45 35 9 
student 24: 11 26 10 16 4 48 24 41 14 6 31 18 29 50 22 30 32 28 12 33 7 5 3 43 47 37 13 17 38 9 25 46 23 40 1 19 35 36 21 44 15 2 39 20 27 42 49 45 34 8 
student 25: 15 29 9 23 2 47 27 39 13 11 32 24 25 48 18 31 35 22 8 26 7 5 4 49 50 38 12 6 40 14 30 46 20 36 1 17 33 37 19 45 21 3 42 16 28 41 43 44 34 10 
student 26: 18 27 13 1 7 47 29 41 17 5 22 23 25 48 21 31 33 28 8 30 3 9 4 50 46 35 12 16 37 14 26 44 15 39 10 24 38 32 20 42 6 2 40 19 34 49 45 43 36 11 
student 27: 16 22 3 5 6 44 29 40 8 17 30 20 32 49 27 33 37 23 12 26 11 10 4 42 48 35 19 14 45 9 24 47 18 36 1 15 34 38 25 41 13 2 39 21 28 43 46 50 31 7 
student 28: 13 28 10 20 1 45 17 40 14 7 29 26 24 49 22 31 34 23 5 25 11 4 6 43 46 36 9 19 47 16 27 44 21 33 2 12 35 38 30 50 15 3 39 18 32 37 48 42 41 8 
student 29: 14 25 12 16 2 46 29 45 10 6 31 22 23 48 27 38 28 33 13 24 5 7 9 44 49 30 3 17 42 11 26 43 18 36 1 20 35 40 21 41 15 4 37 19 32 39 50 47 34 8 
student 30: 17 27 11 16 4 45 23 44 12 7 26 22 29 47 14 34 31 24 8 30 5 9 3 42 50 33 10 28 39 15 32 46 19 41 2 13 35 36 21 43 20 1 37 18 25 40 48 49 38 6 
student 31: 9 31 7 14 3 41 27 32 20 2 30 22 21 50 19 35 36 24 10 28 5 4 13 43 49 37 12 15 46 11 29 42 26 38 1 17 39 40 23 45 18 6 25 16 34 44 48 47 33 8 
student 32: 14 31 12 25 11 47 27 43 10 2 30 21 24 48 13 41 32 26 7 29 5 6 1 46 45 33 9 20 40 15 28 36 19 35 3 16 34 39 23 49 17 4 38 18 22 44 42 50 37 8 
student 33: 12 25 9 13 7 39 26 42 15 5 44 23 22 49 18 32 30 24 11 27 8 3 6 43 50 37 10 16 35 14 29 46 21 34 2 19 40 36 17 48 20 1 38 28 31 47 45 41 33 4 
student 34: 17 27 12 22 5 45 25 39 13 9 34 15 24 49 20 37 30 29 10 26 1 3 7 42 46 32 6 21 43 11 31 44 18 40 4 16 35 38 23 41 19 2 36 14 28 47 50 48 33 8 
student 35: 15 30 11 9 3 46 27 44 14 12 33 28 19 50 21 24 35 25 8 29 2 6 7 41 49 31 13 17 40 10 26 45 22 36 4 20 39 37 23 42 16 1 38 18 34 43 48 47 32 5 
student 36: 19 26 13 9 6 46 28 38 10 14 30 23 25 47 20 35 34 24 2 22 12 3 7 43 50 36 11 15 39 5 32 45 31 37 1 21 33 41 17 44 16 4 40 18 29 42 49 48 27 8 
student 37: 12 27 2 13 5 50 26 43 10 6 31 24 22 49 21 35 30 25 9 32 1 17 11 45 48 36 19 14 40 8 29 42 23 38 4 18 39 34 20 47 15 3 37 16 28 41 46 44 33 7 
student 38: 12 33 10 17 7 44 26 46 15 6 34 25 27 50 16 31 35 23 11 21 14 5 1 41 49 38 9 22 39 8 28 47 20 37 2 19 32 36 24 43 13 4 40 18 29 45 42 48 30 3 
student 39: 8 29 2 15 5 50 26 42 7 4 27 25 22 49 18 31 37 24 14 28 10 11 3 46 47 40 12 17 39 16 32 48 23 38 6 19 35 36 21 45 13 1 34 20 30 41 43 44 33 9 
student 40: 16 31 5 15 9 46 24 43 13 12 33 26 28 50 18 32 27 23 4 30 11 8 1 49 47 37 7 17 29 10 25 44 19 34 3 20 36 41 22 39 14 2 40 21 35 42 48 45 38 6 
student 41: 15 31 11 18 7 48 29 41 16 6 32 20 26 50 19 34 36 24 12 23 8 3 5 44 49 37 9 14 40 13 27 43 21 33 1 25 35 38 22 46 17 2 39 10 28 42 45 47 30 4 
student 42: 17 31 10 19 9 47 25 39 15 14 30 22 21 50 16 33 34 26 7 32 6 5 3 44 43 41 11 20 36 8 23 45 13 38 2 18 37 29 28 49 12 1 40 24 27 42 46 48 35 4 
student 43: 17 32 11 14 5 47 24 34 13 6 42 25 22 48 20 30 35 33 9 28 8 2 3 45 44 36 10 16 37 15 23 40 27 39 4 18 29 43 19 46 7 1 41 21 26 38 49 50 31 12 
student 44: 17 25 11 16 7 44 23 43 12 8 27 21 26 49 13 29 34 22 9 31 1 6 3 40 50 36 10 20 41 15 30 45 28 39 5 18 35 38 19 46 14 2 37 24 32 47 42 48 33 4 
student 45: 12 27 10 15 5 48 23 39 20 9 29 22 26 49 19 31 36 32 11 25 6 3 1 46 44 34 8 14 45 16 28 40 21 37 2 18 35 38 24 43 13 4 41 17 33 42 50 47 30 7 
student 46: 17 21 7 13 4 42 27 32 9 15 31 20 26 48 16 37 28 23 8 30 12 1 6 45 49 40 10 22 41 14 35 38 24 34 3 19 36 44 25 46 18 5 39 11 29 43 47 50 33 2 
student 47: 9 34 8 15 1 45 27 43 12 4 23 29 19 50 13 33 41 17 16 28 14 6 3 44 49 36 10 20 42 18 26 40 22 35 5 24 30 38 25 48 11 2 39 21 32 37 46 47 31 7 
student 48: 14 34 13 16 8 48 25 42 9 10 31 22 20 50 26 29 36 24 11 27 1 2 5 45 46 30 12 15 40 6 28 39 19 37 4 23 33 43 21 47 18 3 35 17 32 38 49 44 41 7 
student 49: 19 28 8 18 4 47 31 44 16 7 32 22 27 50 17 29 33 24 9 25 6 3 2 36 37 40 10 12 39 11 26 42 14 34 1 20 38 41 21 45 15 5 46 23 30 43 48 49 35 13 
student 50: 14 32 9 13 7 46 28 38 15 5 25 30 24 49 17 37 31 22 10 23 8 4 3 45 47 35 12 16 39 6 26 41 27 40 1 19 33 36 21 44 18 2 43 20 29 42 48 50 34 11 
student 51: 14 28 6 17 4 44 22 36 9 7 25 23 31 48 15 34 30 19 12 32 5 3 1 47 50 35 13 18 40 10 24 42 27 38 8 21 39 37 26 46 16 2 43 20 29 41 49 45 33 11 
student 52: 15 30 9 16 4 46 21 38 14 2 39 26 23 50 17 27 31 20 12 29 8 6 3 48 47 37 13 22 40 7 24 43 18 41 5 28 35 33 25 45 11 1 36 19 34 42 49 44 32 10 
student 53: 13 22 10 18 4 45 26 37 14 7 30 21 24 49 15 32 34 27 9 33 5 3 2 43 50 39 11 19 41 12 29 46 20 38 1 16 36 35 23 44 17 8 40 25 28 42 48 47 31 6 
student 54: 16 32 8 18 5 46 28 42 14 10 26 22 25 44 21 34 29 24 17 27 6 3 4 43 45 36 12 15 41 9 31 40 19 38 1 13 35 39 23 47 11 2 37 20 30 49 50 48 33 7 
student 55: 13 30 11 15 6 47 28 33 12 10 32 26 24 50 16 38 36 19 18 25 4 5 1 45 49 35 7 14 37 8 23 43 22 39 2 17 34 40 27 46 20 3 42 21 29 41 48 44 31 9 
student 56: 10 27 12 16 6 43 25 45 14 8 28 20 24 39 15 35 32 17 7 30 5 4 3 47 49 42 11 23 38 9 31 34 26 40 1 18 33 36 22 46 21 2 37 19 29 41 48 50 44 13 
student 57: 18 29 13 19 4 44 23 46 15 7 31 25 27 50 17 32 34 21 12 26 5 9 3 40 48 41 11 14 39 8 28 37 22 42 2 10 35 38 20 43 16 1 36 24 33 45 47 49 30 6 
student 58: 11 26 13 14 10 49 27 39 8 12 32 22 29 50 17 36 38 28 5 25 7 4 3 46 41 30 9 19 40 15 24 43 20 34 1 23 31 35 18 47 16 2 45 21 33 42 48 44 37 6 
student 59: 14 35 13 18 10 43 29 49 15 2 25 21 26 50 19 34 36 20 8 30 4 3 7 42 48 31 5 16 40 9 32 39 17 28 6 22 38 37 23 44 11 1 41 24 33 46 47 45 27 12 
student 60: 18 32 15 14 6 47 26 44 21 8 27 24 23 50 16 31 35 29 10 28 5 3 4 39 49 36 7 17 41 13 22 42 11 45 2 19 34 40 25 43 12 1 38 20 30 37 48 46 33 9 
student 61: 11 22 8 13 3 43 29 40 19 10 33 24 28 48 15 35 36 21 9 23 6 5 2 50 47 39 14 17 44 7 30 41 26 37 4 18 38 42 20 46 16 1 34 25 31 32 45 49 27 12 
student 62: 17 27 12 15 8 43 28 47 14 2 30 19 24 50 18 31 39 25 5 21 9 11 6 44 49 40 13 16 33 7 35 38 26 36 4 23 45 32 20 42 10 1 37 22 29 41 48 46 34 3 
student 63: 8 30 11 9 5 44 24 38 16 10 40 23 27 48 18 33 28 25 4 26 7 13 2 50 43 34 6 17 41 14 29 42 19 39 3 21 36 37 22 45 15 1 35 20 32 47 49 46 31 12 
student 64: 15 22 7 18 5 47 29 41 14 11 32 23 28 45 17 33 37 27 13 20 12 6 3 40 50 34 8 21 39 10 26 43 24 35 2 19 42 36 16 46 9 1 38 25 31 44 48 49 30 4 
student 65: 12 29 9 14 4 41 28 44 15 11 32 23 25 47 20 31 34 24 7 26 6 3 2 35 46 40 10 19 39 13 27 45 18 38 5 21 37 42 22 43 16 1 36 17 30 49 50 48 33 8 
student 66: 12 29 9 20 6 45 26 48 4 8 33 21 28 49 22 32 40 23 10 30 3 11 1 50 41 39 13 18 42 14 25 38 24 36 5 16 37 27 15 44 17 2 34 19 31 43 47 46 35 7 
student 67: 15 30 10 19 5 45 28 39 8 17 27 25 21 50 18 34 42 24 2 23 7 1 11 46 49 37 9 13 38 14 26 44 29 35 3 16 33 36 22 43 12 4 41 20 32 40 48 47 31 6 
student 68: 8 30 14 10 5 41 18 45 16 6 27 26 23 50 12 34 39 28 9 29 7 4 1 43 48 37 15 17 35 13 25 46 22 36 3 24 42 33 20 47 19 2 38 21 32 40 49 44 31 11 
student 69: 13 32 8 18 4 46 26 41 12 5 35 22 23 50 15 33 39 27 16 28 11 6 7 45 49 37 9 14 44 10 30 38 21 36 3 25 34 40 20 43 19 2 29 17 24 42 48 47 31 1 
student 70: 12 30 9 17 6 49 24 40 11 4 27 25 31 46 21 39 32 28 10 23 1 3 5 47 50 34 13 16 37 15 26 45 20 41 7 18 33 35 22 42 14 2 38 19 36 44 48 43 29 8 
student 71: 16 32 6 17 5 44 26 45 14 1 30 21 27 46 19 33 39 23 13 29 10 8 2 49 43 35 12 15 42 9 28 48 11 34 4 24 37 38 20 47 18 7 40 25 22 41 50 36 31 3 
student 72: 18 31 13 15 4 46 30 40 6 7 28 26 20 50 19 36 35 25 11 27 5 8 1 44 49 33 9 10 41 14 21 48 23 37 2 22 32 38 24 47 16 3 39 17 29 42 43 45 34 12 
student 73: 14 28 10 17 6 47 23 45 13 8 31 26 20 43 22 30 34 24 9 32 1 3 7 44 50 35 12 19 36 11 29 46 25 39 4 16 38 37 21 40 15 2 42 18 27 41 49 48 33 5 
student 74: 10 29 3 15 4 41 28 40 6 5 35 25 27 48 20 37 34 24 14 26 9 7 2 47 49 33 12 18 45 8 16 43 21 36 1 23 31 39 22 50 17 13 42 19 30 38 44 46 32 11 
student 75: 17 24 14 10 4 47 30 40 9 5 29 20 27 49 22 34 36 21 15 26 8 1 2 45 48 39 12 19 42 16 33 50 23 35 3 13 41 32 25 43 11 6 38 18 28 44 46 37 31 7 
student 76: 13 30 5 17 7 47 26 38 12 3 27 28 24 50 20 41 36 19 10 23 2 4 6 43 48 40 11 16 39 14 29 45 25 32 8 15 33 34 21 44 18 1 35 22 31 42 49 46 37 9 
student 77: 14 31 6 12 5 41 29 44 13 15 36 26 25 50 17 30 33 22 10 23 9 8 4 48 49 39 7 16 40 11 27 46 21 45 1 20 37 32 24 42 18 3 35 19 34 38 47 43 28 2 
student 78: 16 24 9 20 4 49 25 40 13 11 29 26 30 48 22 39 32 27 8 28 6 7 2 47 50 34 10 17 41 12 23 45 19 35 3 18 31 36 21 44 15 1 43 14 38 42 37 46 33 5 
student 79: 15 28 8 18 5 46 33 39 13 7 31 25 26 50 12 34 32 22 10 20 6 4 3 45 48 37 11 19 41 14 30 43 24 38 1 17 40 35 21 44 16 2 36 23 29 42 47 49 27 9 
student 80: 14 33 7 16 6 46 28 39 15 12 34 24 26 49 18 31 41 23 10 25 4 9 3 42 48 35 13 19 38 8 30 43 20 36 5 17 32 37 22 47 11 1 40 21 29 50 45 44 27 2 
student 81: 9 31 4 16 12 45 30 44 11 7 29 20 25 47 18 26 33 28 13 24 6 5 2 49 48 37 10 17 42 15 27 46 19 38 3 22 35 36 21 50 14 1 39 23 34 43 40 41 32 8 
student 82: 8 29 4 20 5 44 26 46 12 6 31 22 24 50 28 34 35 16 11 25 2 1 7 43 48 40 14 9 42 19 27 45 23 38 13 17 32 36 21 39 15 3 41 18 30 37 49 47 33 10 
student 83: 12 29 8 17 14 45 26 41 15 6 33 23 27 47 22 36 39 21 7 25 5 2 4 46 49 31 13 20 42 11 28 43 16 35 1 19 37 40 24 50 9 3 34 18 32 38 48 44 30 10 
student 84: 11 28 18 17 7 45 29 42 12 8 30 21 22 49 16 27 35 26 10 33 6 2 3 46 50 36 4 15 41 25 24 48 20 34 1 19 37 38 32 44 13 5 39 23 14 43 47 40 31 9 
student 85: 16 28 7 14 6 48 24 36 13 9 31 22 21 47 17 26 35 19 5 29 8 3 4 49 50 33 11 18 38 12 32 42 27 39 1 20 30 40 25 46 15 2 41 23 37 43 44 45 34 10 
student 86: 7 20 6 18 9 44 29 36 8 11 33 25 24 48 21 35 34 27 3 26 10 5 2 42 50 43 14 15 46 12 28 45 22 32 4 19 37 39 23 41 17 1 38 16 31 40 49 47 30 13 
student 87: 16 32 6 21 14 50 30 40 12 8 38 22 26 48 15 35 31 23 10 24 4 5 2 46 49 34 13 18 42 9 25 41 19 39 1 29 36 37 17 44 20 3 33 11 28 43 47 45 27 7 
student 88: 12 27 10 20 5 43 24 40 13 6 33 26 17 50 19 35 37 21 8 28 9 2 4 42 45 34 16 11 46 18 29 38 15 39 1 22 32 36 25 47 14 3 41 23 30 44 49 48 31 7 
student 89: 16 33 6 20 3 49 25 45 11 13 31 24 27 50 12 32 29 26 9 28 8 2 5 37 48 38 10 17 36 15 22 44 21 41 1 19 35 40 23 42 18 4 43 14 30 46 39 47 34 7 
student 90: 18 30 1 16 5 45 25 41 10 8 32 24 28 48 14 33 34 19 15 29 7 4 6 43 49 37 17 11 39 13 22 46 20 35 3 21 36 38 27 40 12 2 42 26 31 44 50 47 23 9 
student 91: 10 27 12 16 7 43 26 50 18 8 34 32 24 49 19 35 31 23 9 25 6 5 2 40 48 37 15 17 39 13 30 46 21 38 1 11 33 36 22 47 14 3 42 20 29 45 44 41 28 4 
student 92: 17 25 10 12 3 47 33 37 15 2 35 19 27 50 18 36 32 23 9 24 7 6 5 40 45 39 8 16 41 13 34 44 22 31 1 21 30 42 26 46 14 4 38 20 28 43 49 48 29 11 
student 93: 16 29 12 17 4 47 34 42 13 9 28 19 23 49 15 32 30 25 8 27 11 1 3 44 50 37 7 22 38 10 26 45 18 36 2 20 35 39 24 48 14 5 43 21 31 41 40 46 33 6 
student 94: 17 33 6 13 1 46 28 39 8 9 37 23 25 50 19 30 31 22 16 24 7 2 3 48 49 32 12 20 42 11 29 43 26 40 4 14 41 38 15 45 21 5 34 18 27 36 44 47 35 10 
student 95: 16 30 9 20 1 50 27 42 15 6 32 22 24 49 17 34 35 25 7 28 8 3 5 45 47 31 10 18 37 12 29 43 21 41 2 19 36 39 13 48 14 4 40 23 33 38 44 46 26 11 
student 96: 16 31 9 20 1 46 27 41 11 12 30 18 32 49 19 33 35 21 8 28 5 6 4 44 47 34 13 15 42 10 23 43 26 36 3 22 37 38 24 39 17 2 40 14 25 45 50 48 29 7 
student 97: 13 26 15 10 4 43 24 37 11 1 29 22 25 50 14 36 38 28 12 32 8 6 5 39 48 40 9 17 44 19 27 46 21 33 2 23 34 35 20 42 18 3 45 16 30 49 47 41 31 7 
student 98: 13 22 10 18 4 46 24 37 14 9 35 23 27 50 19 32 36 28 8 29 6 5 2 44 48 34 12 16 38 11 31 47 20 33 1 17 40 42 25 39 15 3 41 21 30 43 45 49 26 7 
student 99: 14 28 10 17 7 49 24 39 11 4 33 27 22 50 19 31 34 18 9 26 6 5 3 47 43 36 12 15 45 8 30 46 23 37 1 25 35 40 20 44 16 2 38 21 32 42 48 41 29 13 
student 100: 16 24 6 18 4 39 23 44 10 15 29 30 26 48 20 37 33 21 5 27 7 2 3 46 47 36 8 17 42 13 28 43 25 34 12 19 40 35 22 49 11 1 41 14 31 38 50 45 32 9 
student 101: 12 25 8 17 5 45 26 40 16 14 31 24 23 50 15 41 34 27 13 28 11 2 4 47 48 38 7 9 39 10 36 44 22 35 1 18 30 33 21 43 20 3 37 19 32 42 46 49 29 6 
student 102: 22 29 13 16 5 43 31 41 10 7 28 19 23 47 14 32 36 25 8 26 6 1 3 48 50 34 9 17 38 15 27 39 24 45 2 20 37 33 21 46 12 4 40 18 30 42 49 44 35 11 
student 103: 10 34 12 20 6 38 26 32 14 3 35 29 23 50 18 30 31 25 7 24 8 5 9 47 44 37 13 11 45 15 33 36 17 39 1 19 41 46 22 42 16 2 40 21 27 43 49 48 28 4 
student 104: 13 24 12 16 9 50 22 40 11 6 28 27 36 45 18 31 35 25 10 21 7 4 1 41 43 33 5 17 38 15 26 49 29 39 2 19 32 44 20 47 14 3 37 23 34 42 48 46 30 8 
student 105: 12 25 15 17 5 44 26 36 10 8 35 24 31 43 19 32 30 23 6 27 14 4 2 46 50 33 9 20 41 13 37 42 21 34 1 11 38 40 18 48 16 7 45 22 28 39 49 47 29 3 
student 106: 16 31 8 19 6 46 28 44 11 13 39 23 26 47 18 37 32 20 7 29 5 3 14 45 43 27 15 17 41 9 25 30 22 36 1 24 35 40 21 48 10 2 38 12 34 42 49 50 33 4 
student 107: 7 29 19 14 4 48 26 36 11 10 30 23 24 50 17 34 31 22 13 27 5 9 3 42 49 44 16 20 41 8 28 40 18 47 1 15 37 35 25 45 12 2 38 21 32 39 43 46 33 6 
student 108: 13 29 15 20 5 47 28 41 14 10 31 25 23 49 21 35 32 24 12 26 4 6 1 46 45 33 8 9 38 11 22 42 19 39 2 18 37 34 27 43 16 3 40 17 30 44 48 50 36 7 
student 109: 14 30 9 17 4 44 26 49 11 7 29 16 25 48 22 32 34 23 13 27 6 5 8 47 50 35 10 19 40 12 24 39 28 36 1 20 38 37 21 42 15 2 41 18 31 43 46 45 33 3 
student 110: 11 28 16 20 4 45 24 38 14 6 34 22 25 50 18 36 31 23 9 27 5 2 7 41 48 40 8 13 39 12 33 42 21 43 1 17 32 37 26 47 15 3 35 19 30 46 49 44 29 10 
student 111: 14 31 5 11 1 41 19 42 15 9 33 16 26 50 22 30 35 20 12 27 7 2 4 45 48 32 6 17 40 13 28 46 21 37 8 25 38 39 24 47 18 3 36 23 34 44 43 49 29 10 
student 112: 15 29 13 11 3 48 25 41 14 6 33 22 28 50 18 35 34 23 12 27 4 1 10 45 40 32 16 17 37 7 30 44 21 39 2 20 38 46 24 47 9 5 36 19 26 42 49 43 31 8 
student 113: 13 26 9 6 7 40 29 46 14 8 25 23 32 50 18 33 35 28 11 22 5 4 1 45 49 27 12 17 39 15 30 44 21 41 3 19 36 37 24 42 16 2 38 20 31 43 47 48 34 10 
student 114: 16 30 10 12 7 40 23 44 14 15 34 25 28 49 20 24 38 26 1 22 6 5 9 47 45 37 11 18 41 13 29 39 21 36 2 19 33 35 27 50 8 4 43 17 32 46 48 42 31 3 
student 115: 10 29 11 17 5 39 26 38 7 12 22 27 31 50 18 32 34 25 6 28 8 3 2 47 49 40 13 21 48 9 24 41 20 35 4 16 36 37 23 46 15 1 43 19 33 45 44 42 30 14 
student 116: 12 31 13 9 4 48 26 39 19 10 27 24 23 45 18 37 32 28 6 22 8 5 3 46 47 34 7 17 41 16 29 40 15 38 1 20 36 35 21 43 14 2 44 25 30 42 50 49 33 11 
student 117: 16 30 13 10 7 48 28 43 9 5 35 26 22 50 17 33 36 25 8 23 4 6 2 38 49 42 11 19 40 14 24 45 18 37 1 21 32 34 27 46 15 3 41 20 29 44 39 47 31 12 
student 118: 16 28 8 12 9 50 29 44 14 1 35 20 22 49 23 37 32 24 10 33 4 5 6 45 41 36 11 17 38 15 31 43 21 40 2 18 42 30 25 48 13 3 39 19 27 34 46 47 26 7 
student 119: 8 29 5 14 2 47 28 40 12 11 34 24 22 50 17 31 36 23 15 27 3 1 7 41 48 35 10 18 30 16 26 37 20 42 4 21 43 39 25 44 6 9 38 19 33 46 49 45 32 13 
student 120: 10 28 15 21 6 44 26 41 14 4 31 27 19 49 16 34 42 25 8 30 7 9 1 40 50 32 13 17 46 5 23 43 20 36 2 18 35 39 22 45 12 3 37 24 33 38 48 47 29 11 
student 121: 12 24 8 16 3 48 20 37 15 5 31 26 27 44 17 36 32 19 7 25 10 4 2 41 46 34 13 21 45 11 29 49 23 38 6 22 39 35 30 43 14 1 42 18 28 47 50 40 33 9 
student 122: 16 28 11 14 6 45 25 39 9 13 33 31 26 50 18 35 32 19 7 24 1 5 3 40 49 41 8 17 43 12 27 46 23 44 2 21 38 29 22 42 15 4 37 20 30 36 48 47 34 10 
student 123: 14 32 11 18 4 46 25 40 16 6 24 27 21 48 20 28 35 30 7 31 8 1 5 45 50 37 10 15 36 12 26 43 19 39 3 22 33 34 23 44 13 2 38 17 29 42 47 49 41 9 
student 124: 11 33 9 15 6 49 30 45 16 12 28 19 25 44 21 31 34 23 8 24 7 3 4 41 50 39 18 17 37 14 27 40 20 36 1 10 38 42 22 43 29 2 48 13 26 47 46 32 35 5 
student 125: 8 29 9 16 2 46 25 45 14 7 32 24 21 50 19 31 35 23 10 26 4 5 3 40 48 41 12 17 42 13 30 38 18 37 6 22 34 44 20 36 15 1 39 27 28 43 47 49 33 11 
student 126: 13 33 10 16 3 48 28 39 14 8 34 19 21 47 20 30 32 22 7 29 6 5 1 49 46 38 11 15 42 17 25 44 26 37 4 18 36 41 24 40 12 2 35 23 27 45 43 50 31 9 
student 127: 15 32 10 16 1 34 31 45 14 8 27 25 26 50 20 28 33 17 9 29 6 4 3 43 48 36 7 18 42 13 35 44 22 39 5 19 37 38 24 46 12 2 40 21 23 41 47 49 30 11 
student 128: 13 30 5 17 4 45 24 46 11 9 22 19 27 50 16 34 32 25 10 29 7 2 3 40 49 38 6 18 39 14 26 44 21 35 8 23 36 41 28 48 15 1 42 20 33 37 43 47 31 12 
student 129: 14 31 12 19 4 48 26 44 9 6 30 22 24 47 16 32 38 23 11 27 3 2 8 45 50 36 7 13 37 17 28 42 20 40 5 25 34 35 21 43 18 1 39 15 29 41 46 49 33 10 
student 130: 17 32 5 22 7 43 27 37 14 11 30 21 24 45 15 31 36 25 12 28 8 2 6 40 49 35 10 16 41 9 26 47 19 38 1 18 29 42 23 44 13 3 39 20 33 46 50 48 34 4 
student 131: 14 28 5 15 8 46 26 42 21 4 32 24 27 47 18 29 36 25 11 23 10 1 2 49 50 34 9 17 39 7 30 48 22 37 6 19 33 38 16 40 13 3 41 20 35 43 44 45 31 12 
student 132: 11 27 4 15 8 44 23 46 20 7 33 22 25 45 24 31 37 26 6 13 9 5 2 41 50 36 10 19 42 16 30 43 28 34 3 17 35 40 21 47 14 1 39 18 29 38 49 48 32 12 
student 133: 13 28 10 18 5 45 26 41 15 7 29 20 23 47 17 34 42 25 14 27 6 4 2 44 50 37 8 11 32 12 30 48 21 36 3 24 35 40 22 43 16 1 38 19 33 39 49 46 31 9 
student 134: 14 38 18 13 4 41 27 40 15 10 28 23 21 47 19 31 32 25 11 26 9 5 8 45 50 37 6 16 34 12 30 44 24 42 1 22 35 36 20 48 7 2 39 17 29 46 43 49 33 3 
student 135: 20 33 10 9 7 50 26 37 14 5 29 21 24 49 18 28 34 23 11 27 4 3 1 47 44 35 15 13 43 12 31 41 25 39 2 16 36 40 19 46 22 8 38 17 32 42 48 45 30 6 
student 136: 15 23 13 14 6 47 27 40 8 7 32 28 26 50 24 34 38 19 11 22 5 4 3 43 48 36 12 18 42 9 25 44 16 37 2 20 33 30 29 45 17 1 39 21 31 41 49 46 35 10 
student 137: 16 30 12 21 3 45 29 39 13 7 33 18 28 50 15 32 37 25 8 24 6 1 4 42 49 35 14 9 40 10 27 41 26 38 2 17 36 34 20 43 22 5 44 23 19 46 48 47 31 11 
student 138: 12 26 9 16 10 44 22 45 17 5 32 30 25 48 19 31 34 20 11 27 7 6 3 42 49 37 14 24 43 4 23 47 29 38 2 13 35 39 21 41 15 1 36 18 28 40 50 46 33 8 
student 139: 12 30 7 16 3 44 23 40 14 6 26 33 22 50 15 31 35 21 8 27 5 11 4 47 49 36 10 13 41 17 24 46 20 32 1 19 39 37 25 45 28 2 42 18 29 38 48 43 34 9 
student 140: 14 32 9 22 4 48 20 36 11 7 33 25 23 50 26 35 34 24 10 28 5 2 6 47 49 37 12 15 38 13 27 45 18 39 3 21 30 40 19 42 16 1 41 17 31 46 43 44 29 8 
student 141: 14 32 6 13 4 46 26 37 17 7 29 24 25 50 16 27 31 30 9 28 5 8 3 45 48 33 11 19 40 12 36 41 20 38 2 15 39 34 21 47 18 1 42 23 35 43 49 44 22 10 
student 142: 16 35 10 13 2 45 20 41 11 9 30 23 31 49 22 32 37 26 7 24 6 5 4 44 50 40 15 19 42 17 29 39 21 34 3 14 33 36 25 47 12 1 38 18 28 43 48 46 27 8 
student 143: 15 28 3 19 5 44 25 48 12 11 33 23 27 45 21 24 36 22 8 29 10 4 6 46 49 35 9 17 41 14 30 43 26 31 2 13 34 37 16 42 18 1 40 20 32 50 47 39 38 7 
student 144: 15 29 9 19 3 46 22 42 13 10 31 25 26 50 23 33 34 24 5 28 7 4 6 40 47 37 12 11 35 14 27 49 21 36 2 20 38 39 16 43 18 1 41 17 30 45 48 44 32 8 
student 145: 11 27 9 20 4 38 25 41 12 7 31 36 24 40 21 33 34 23 18 14 5 3 8 46 49 39 13 19 44 10 26 45 28 32 2 15 35 42 22 47 17 1 37 16 29 43 48 50 30 6 
student 146: 17 30 8 10 5 47 32 38 11 7 27 18 25 44 23 31 33 26 12 28 6 3 2 39 50 35 22 15 37 13 21 48 24 40 4 19 36 46 20 43 14 1 41 16 34 42 49 45 29 9 
student 147: 9 31 12 16 5 49 22 43 11 13 30 21 27 48 14 32 33 24 10 29 3 4 6 45 47 37 8 18 40 15 25 36 20 38 2 17 34 39 28 44 23 1 42 19 26 41 50 46 35 7 
student 148: 22 25 8 16 7 42 24 40 15 5 32 23 26 46 21 37 33 30 9 31 6 3 4 50 47 29 11 17 43 13 27 41 10 36 1 20 28 38 19 48 14 2 39 18 35 44 49 45 34 12 
student 149: 14 31 11 16 3 45 23 43 10 8 32 28 21 50 13 35 34 20 9 26 5 1 6 38 48 36 12 25 42 17 27 44 19 33 2 15 37 41 22 46 18 4 39 24 29 40 49 47 30 7 
student 150: 13 27 7 15 5 42 29 41 11 4 32 22 26 47 18 34 38 24 8 28 9 2 1 46 49 36 12 20 35 14 25 48 21 37 6 16 30 39 23 50 17 3 40 19 31 43 45 44 33 10 
student 151: 16 33 11 18 7 46 25 45 14 9 32 24 27 49 12 36 28 20 1 31 3 6 5 42 48 44 10 22 37 15 26 40 19 34 2 13 38 43 21 41 17 4 35 23 30 39 47 50 29 8 
student 152: 13 36 14 17 16 46 24 45 10 7 27 22 18 50 26 30 33 28 9 32 5 2 3 41 49 34 6 12 38 11 31 39 20 42 1 23 35 43 21 47 15 4 44 19 25 37 48 40 29 8 
student 153: 14 29 9 18 8 47 25 43 10 2 31 23 22 50 11 34 32 28 6 26 7 4 1 39 48 36 13 17 37 15 30 38 19 40 3 20 35 41 24 42 16 5 44 21 27 45 49 46 33 12 
student 154: 13 25 10 17 9 41 30 38 11 7 33 26 21 42 18 31 35 20 6 23 4 3 2 49 48 37 16 14 39 8 27 45 28 32 5 22 40 36 19 50 15 1 43 24 29 44 46 47 34 12 
student 155: 17 20 10 19 2 40 28 45 12 3 30 24 25 48 14 34 37 26 11 29 7 6 1 44 50 38 21 16 42 9 33 43 18 39 4 15 31 41 22 46 13 5 32 27 23 36 49 47 35 8 
student 156: 18 27 8 19 9 49 25 41 10 6 33 16 28 50 23 29 46 24 7 26 12 2 4 43 44 35 11 15 34 17 30 39 22 31 5 13 38 40 21 45 14 1 42 20 32 37 48 47 36 3 
student 157: 19 30 11 15 7 40 26 42 17 5 29 18 22 49 20 28 32 24 6 27 12 1 4 47 45 38 9 10 37 14 31 43 23 35 3 16 41 39 25 48 13 2 36 21 33 50 46 44 34 8 
student 158: 18 33 15 14 6 44 25 41 11 8 30 22 23 49 17 35 36 26 9 24 7 5 1 45 48 37 12 16 40 10 27 42 19 34 2 13 32 38 28 47 20 3 39 21 29 43 50 46 31 4 
student 159: 17 27 12 9 3 44 29 47 16 7 35 18 28 50 23 33 31 25 13 22 5 6 2 38 49 46 8 20 34 14 26 40 24 36 1 15 37 41 21 48 11 4 42 19 30 39 43 45 32 10 
student 160: 15 24 8 14 5 44 26 43 16 10 35 25 31 48 22 29 37 28 13 34 6 4 3 47 50 36 9 18 45 12 27 38 23 39 2 21 30 33 17 46 11 1 40 20 19 42 49 41 32 7 
student 161: 14 28 11 15 5 46 27 45 13 7 32 22 24 50 17 31 34 23 10 30 6 1 4 40 49 38 12 19 42 9 26 44 25 36 2 18 35 43 21 41 16 3 39 20 29 37 47 48 33 8 
student 162: 16 30 7 15 6 46 28 41 13 4 34 24 23 50 17 32 33 22 11 21 8 3 1 45 43 39 9 18 35 12 27 44 25 40 5 19 31 37 26 47 14 2 38 20 29 42 48 49 36 10 
student 163: 11 32 10 9 3 45 28 38 19 12 31 17 22 50 23 25 33 35 5 18 8 4 2 43 49 34 15 20 44 16 29 46 21 39 1 7 37 36 26 42 14 6 41 27 30 40 48 47 24 13 
student 164: 16 30 8 18 4 44 22 37 14 6 31 17 34 50 23 33 35 25 9 27 10 3 1 42 47 40 12 20 39 11 28 49 24 36 5 15 38 32 19 43 13 2 46 21 26 41 48 45 29 7 
student 165: 14 30 15 17 4 47 26 43 12 7 31 25 20 50 13 33 34 27 9 23 6 5 3 42 48 38 11 22 36 10 28 41 19 37 1 21 29 39 24 45 16 2 40 18 32 49 44 46 35 8 
student 166: 14 28 10 16 2 46 27 36 13 6 32 25 33 48 21 31 38 20 15 26 1 4 7 40 41 35 12 17 37 8 22 43 24 45 3 19 34 30 23 47 11 9 39 18 29 42 49 50 44 5 
student 167: 13 16 11 10 3 45 26 32 17 8 34 30 25 49 20 33 35 23 7 27 6 4 1 44 47 39 12 19 41 14 28 43 24 40 2 21 37 36 18 48 15 5 38 22 29 42 46 50 31 9 
student 168: 14 25 9 10 6 45 26 43 13 11 32 21 27 47 19 41 29 28 7 24 8 3 4 46 49 31 12 15 39 17 30 40 20 35 2 22 34 38 23 44 16 1 37 18 36 42 50 48 33 5 
student 169: 15 31 9 14 6 45 23 40 12 8 38 17 29 49 21 25 27 26 11 33 1 3 2 41 50 34 10 20 39 13 30 43 24 32 7 22 36 42 19 47 16 4 37 18 35 44 48 46 28 5 
student 170: 20 28 11 9 4 45 26 42 14 3 24 25 23 50 18 33 35 19 8 31 5 7 1 44 48 36 13 21 37 12 29 39 16 41 6 15 32 40 27 43 17 2 38 22 34 46 47 49 30 10 
student 171: 11 28 12 15 4 47 25 39 17 7 35 24 27 44 19 33 26 22 9 29 5 8 2 46 50 36 10 20 38 13 31 43 23 32 1 18 40 41 21 45 14 3 37 16 34 42 49 48 30 6 
student 172: 14 30 10 16 1 48 31 43 17 4 33 29 26 50 18 36 34 28 13 24 2 7 5 41 49 35 11 8 42 12 27 44 25 39 6 15 32 38 21 40 20 3 45 19 22 37 47 46 23 9 
student 173: 14 31 12 15 3 48 29 46 13 5 28 26 25 42 21 32 37 24 9 30 4 6 1 44 50 35 10 18 38 17 22 41 23 40 7 16 34 36 19 47 11 2 39 20 27 45 49 43 33 8 
student 174: 13 26 9 17 7 42 33 46 15 11 28 25 29 48 18 34 35 27 8 23 10 4 1 43 50 36 6 14 38 12 30 41 22 39 2 19 31 44 21 49 16 3 32 20 24 40 45 47 37 5 
student 175: 14 29 9 11 12 47 38 37 15 10 35 20 25 48 16 32 31 22 5 24 4 3 2 40 50 34 8 21 36 13 26 44 23 46 6 19 33 39 27 45 18 1 41 17 30 42 49 43 28 7 
student 176: 12 33 13 20 5 49 23 42 10 7 37 22 27 46 21 35 31 28 15 24 4 6 2 44 50 34 11 18 39 9 30 40 25 36 1 14 32 38 17 45 19 3 41 16 29 43 47 48 26 8 
student 177: 14 27 13 17 8 41 31 46 11 5 45 19 29 50 20 33 34 24 10 25 4 3 7 38 49 35 9 18 39 15 28 44 22 40 2 16 26 37 23 43 12 1 36 21 30 42 48 47 32 6 
student 178: 13 30 12 18 4 44 25 39 17 7 26 19 29 49 8 31 34 28 11 23 5 3 1 46 50 36 14 21 40 6 27 48 16 37 9 22 32 38 20 43 15 2 42 24 33 45 47 41 35 10 
student 179: 14 33 13 15 3 46 23 37 17 6 27 20 19 48 18 30 39 25 12 22 9 4 1 47 45 36 7 21 41 10 28 40 31 38 5 16 32 42 26 44 11 2 35 24 29 43 50 49 34 8 
student 180: 10 28 14 21 7 42 24 39 15 9 30 25 22 50 12 31 35 29 13 27 2 4 5 48 47 38 6 17 41 18 26 43 20 37 1 16 33 36 23 46 11 3 40 19 32 44 49 45 34 8 
student 181: 17 29 9 16 3 50 25 41 10 8 31 21 24 49 15 28 33 23 11 26 4 5 2 45 47 35 12 22 39 13 27 43 19 37 1 20 38 42 18 46 14 6 34 30 36 40 48 44 32 7 
student 182: 13 29 6 16 3 49 21 41 10 7 24 26 25 50 22 35 31 32 11 27 5 4 8 45 46 42 14 18 39 9 28 44 20 37 1 23 36 33 19 40 15 2 38 17 30 47 48 43 34 12 
student 183: 13 31 12 18 7 46 25 45 15 4 32 22 27 50 14 34 30 23 8 24 6 9 2 48 47 37 11 19 36 10 28 39 26 35 1 20 33 38 21 44 17 3 40 16 29 41 49 43 42 5 
student 184: 14 31 13 17 5 47 25 41 11 6 32 22 28 43 20 30 35 23 7 27 8 3 4 45 50 40 10 15 39 12 29 44 19 33 1 16 38 36 21 46 18 2 37 24 34 42 49 48 26 9 
student 185: 19 29 9 11 5 47 27 41 14 6 30 20 26 50 23 33 40 25 8 31 10 1 4 42 46 28 15 13 39 12 22 49 18 37 3 16 34 35 24 44 21 2 38 17 36 43 48 45 32 7 
student 186: 11 28 7 18 1 45 26 37 16 5 36 22 29 47 19 31 33 25 9 23 4 8 3 40 48 44 10 14 42 13 27 43 21 38 15 12 34 39 24 49 17 2 35 20 32 41 50 46 30 6 
student 187: 9 31 13 19 2 47 25 39 12 6 32 20 30 50 18 34 33 26 10 29 11 4 1 43 48 35 14 22 42 8 23 41 24 36 3 16 37 40 21 44 15 5 38 17 27 45 49 46 28 7 
student 188: 15 29 9 17 7 44 27 49 16 8 28 26 24 48 22 36 43 21 3 25 2 11 1 46 50 37 14 23 33 10 35 42 18 32 5 19 34 31 20 47 12 4 41 13 30 45 39 40 38 6 
student 189: 13 32 14 15 8 45 24 48 12 2 35 21 29 50 19 30 34 22 7 25 11 1 3 38 46 33 5 18 40 10 27 44 20 36 4 26 37 41 23 42 16 6 39 17 28 43 47 49 31 9 
student 190: 12 18 13 4 11 46 21 40 16 7 35 22 30 45 19 34 36 28 8 31 3 2 5 43 50 32 15 14 41 9 29 44 26 37 1 20 38 24 25 47 17 10 39 23 33 42 49 48 27 6 
student 191: 15 27 10 18 4 43 25 45 11 5 32 21 28 50 16 35 29 26 6 24 8 1 7 39 49 37 12 17 42 20 34 46 22 38 2 14 31 40 23 44 13 3 36 19 33 41 47 48 30 9 
student 192: 11 21 7 14 8 47 26 41 18 9 29 22 27 49 19 35 34 23 10 30 3 6 4 43 50 31 13 12 42 15 25 46 16 37 2 24 38 32 20 39 17 1 45 28 33 44 40 48 36 5 
student 193: 16 29 7 20 5 47 30 39 14 2 31 21 24 49 22 38 34 25 10 27 4 3 8 45 44 37 12 11 33 17 26 41 19 35 1 15 32 43 23 42 6 9 40 18 28 46 48 50 36 13 
student 194: 12 30 11 20 7 47 25 46 8 5 34 24 21 42 17 27 31 29 10 28 4 6 3 45 50 38 13 16 37 14 26 43 23 33 2 15 40 44 22 41 18 1 36 19 32 39 49 48 35 9 
student 195: 10 29 9 16 5 44 31 40 13 3 30 23 28 50 18 37 32 24 11 25 8 4 2 43 47 36 14 12 45 15 26 42 19 38 7 20 34 35 21 46 17 1 39 22 27 41 49 48 33 6 
student 196: 14 31 10 18 2 48 23 43 12 4 34 24 30 38 16 29 35 22 8 28 13 3 1 45 49 33 9 27 42 17 32 44 20 40 6 15 37 36 21 46 11 5 39 19 26 41 50 47 25 7 
student 197: 12 27 7 17 2 44 29 38 11 4 30 23 20 50 18 33 35 31 15 25 9 13 8 43 49 40 10 16 37 3 26 45 21 34 5 24 36 39 14 42 19 1 41 22 28 46 48 47 32 6 
student 198: 18 32 14 9 8 45 23 40 4 6 27 28 31 47 11 34 33 22 12 25 3 2 7 43 49 30 16 15 39 13 26 41 19 37 1 17 38 36 24 44 21 5 48 20 29 42 50 46 35 10 
student 199: 11 29 8 18 9 47 27 43 16 15 34 25 23 50 22 35 30 26 5 32 6 2 4 44 45 31 13 14 40 10 28 46 21 37 1 17 36 38 20 42 12 3 41 19 24 39 48 49 33 7 
student 200: 14 24 13 17 6 43 26 44 10 7 31 25 23 41 16 33 34 27 2 29 1 8 5 47 50 40 12 20 45 11 30 49 22 36 4 15 35 37 21 39 18 3 38 19 32 46 42 48 28 9 
student 201: 14 28 17 18 9 47 26 40 7 8 32 25 23 49 19 42 38 29 12 24 3 2 1 41 48 39 4 13 37 11 27 44 20 31 5 15 34 36 21 43 16 6 35 22 30 46 45 50 33 10 
student 202: 12 32 11 14 5 43 31 41 16 6 28 33 27 50 15 35 37 25 10 22 7 4 3 44 45 30 8 17 40 21 24 46 23 42 1 18 34 36 20 48 13 2 38 19 26 39 49 47 29 9 
student 203: 18 21 10 12 7 48 28 36 15 6 29 25 24 46 22 30 33 20 13 31 3 2 1 42 49 39 9 26 43 11 32 45 16 34 5 17 37 40 23 44 14 4 38 19 27 41 47 50 35 8 
student 204: 9 24 10 11 3 46 23 43 17 12 33 21 29 50 19 34 37 22 13 31 1 6 2 48 49 38 16 14 40 8 27 47 25 41 5 20 32 39 18 42 26 4 35 15 30 36 44 45 28 7 
student 205: 17 26 3 15 1 45 27 39 13 6 32 23 25 50 21 37 28 24 9 29 4 7 5 40 49 35 10 16 42 12 30 48 20 38 2 19 34 43 22 44 14 8 33 18 31 41 47 46 36 11 
student 206: 18 27 10 14 3 42 24 41 15 9 32 23 26 48 19 33 35 25 7 28 4 8 5 43 50 31 12 6 38 17 29 40 22 39 1 16 36 37 20 49 13 2 44 21 30 46 45 47 34 11 
student 207: 16 25 9 21 12 43 27 42 15 5 31 33 19 46 18 29 35 22 7 30 4 1 6 44 47 37 10 13 41 11 24 45 23 34 3 14 36 38 26 50 17 2 40 20 28 39 49 48 32 8 
student 208: 13 28 10 14 3 44 24 42 8 15 32 11 30 50 21 33 34 27 4 23 9 6 5 43 49 37 17 18 39 16 36 45 20 31 1 19 35 38 26 48 12 2 41 22 29 40 47 46 25 7 
student 209: 22 28 9 15 6 48 29 38 10 8 34 23 24 50 16 33 35 19 7 27 4 5 2 45 44 36 11 14 40 13 25 41 20 39 1 18 42 37 26 46 17 3 32 21 31 43 49 47 30 12 
student 210: 10 31 12 17 2 36 22 41 15 7 28 23 27 50 21 33 34 25 8 26 4 3 6 47 48 39 13 16 45 9 29 44 18 38 1 20 35 37 24 43 14 5 40 19 30 42 49 46 32 11 
student 211: 14 28 12 20 7 46 23 42 10 5 30 22 25 47 16 32 37 26 9 27 6 4 3 41 50 35 13 15 43 11 34 38 18 29 2 17 36 40 19 44 24 1 48 21 33 39 49 45 31 8 
student 212: 13 23 11 17 1 47 28 37 8 7 32 25 26 50 20 33 35 22 10 29 9 6 4 41 48 36 5 15 46 16 30 40 24 42 2 18 34 45 19 49 14 3 39 21 27 38 44 43 31 12 
student 213: 13 27 10 16 7 44 26 38 12 9 40 23 20 49 18 37 31 29 15 28 1 2 4 45 50 32 5 22 43 11 25 42 21 35 6 17 34 36 19 39 14 3 41 24 30 47 46 48 33 8 
student 214: 13 32 5 17 8 44 22 41 11 1 29 25 24 49 28 30 36 20 14 26 2 6 12 46 47 34 10 19 43 16 37 42 18 31 3 15 35 45 23 39 9 4 38 21 33 40 50 48 27 7 
student 215: 11 35 12 17 7 49 25 41 14 10 30 20 26 48 13 32 38 22 8 29 5 6 3 47 44 33 15 23 40 9 28 42 21 34 1 18 36 37 27 39 16 2 43 19 31 45 50 46 24 4 
student 216: 20 22 10 12 4 47 26 39 13 7 29 21 30 49 14 32 34 27 16 24 6 3 1 43 46 33 11 18 40 9 31 44 17 38 2 25 36 42 23 45 15 5 37 19 28 41 50 48 35 8 
student 217: 14 29 15 12 5 48 22 40 10 8 31 20 21 49 28 35 33 23 9 25 6 2 4 41 50 37 16 17 39 11 26 44 19 38 3 13 36 34 27 42 18 1 43 24 30 47 46 45 32 7 
student 218: 10 30 8 16 7 46 29 45 11 13 23 20 21 50 17 28 36 32 4 27 6 3 5 35 49 33 15 14 43 26 39 44 19 38 1 22 34 41 24 42 12 2 37 18 31 40 47 48 25 9 
student 219: 15 30 6 17 7 46 26 41 14 5 32 25 22 50 18 36 35 27 1 24 11 8 4 43 48 37 13 16 40 10 29 47 21 38 3 19 31 39 23 45 12 2 34 20 28 42 44 49 33 9 
student 220: 15 27 8 17 4 44 22 41 14 5 33 31 24 50 19 37 30 26 10 25 9 6 1 43 49 35 11 13 46 12 28 39 21 36 3 23 34 38 18 45 16 2 40 20 29 42 48 47 32 7 
student 221: 10 26 12 16 11 48 21 38 15 7 29 30 22 50 17 34 32 20 13 37 4 6 2 45 49 31 5 19 36 8 27 44 25 35 3 14 33 39 28 43 18 1 46 23 24 42 41 47 40 9 
student 222: 12 32 7 14 4 47 26 39 13 8 33 22 23 49 17 31 34 24 19 30 6 5 2 46 48 36 16 21 37 10 28 44 20 38 3 11 35 41 27 50 15 1 40 18 25 42 43 45 29 9 
student 223: 12 30 8 14 6 46 22 40 13 11 31 25 27 50 24 35 33 29 10 26 5 7 3 45 47 38 17 16 42 9 23 39 21 36 1 19 32 41 18 43 15 2 37 20 28 44 48 49 34 4 
student 224: 15 28 12 16 8 47 24 43 10 14 29 22 26 42 11 30 36 25 6 31 1 9 5 40 50 39 13 20 37 7 27 41 18 34 4 23 32 38 21 49 17 2 45 19 35 44 48 46 33 3 
student 225: 16 33 9 15 4 47 27 41 12 8 34 24 29 50 23 30 36 22 10 20 2 5 1 45 42 35 11 17 40 14 25 43 21 39 3 18 32 38 19 49 13 7 37 26 31 44 46 48 28 6 
student 226: 13 31 17 15 7 50 25 41 21 3 30 27 24 49 16 37 38 23 6 28 10 4 2 44 48 36 5 14 34 11 29 45 20 39 9 19 32 42 18 43 12 1 35 22 26 40 47 46 33 8 
student 227: 17 29 10 13 6 46 25 38 15 3 37 24 28 49 14 32 34 19 7 27 11 5 4 44 48 39 12 18 42 9 26 41 16 35 1 21 30 36 23 43 22 2 40 20 33 45 47 50 31 8 
student 228: 17 28 11 13 1 45 27 40 9 8 25 22 24 50 15 29 36 31 14 19 7 5 3 46 48 33 10 21 38 12 26 41 18 35 2 23 39 37 30 43 16 6 42 20 32 44 47 49 34 4 
student 229: 11 28 15 13 12 43 23 32 9 7 31 25 24 50 20 33 34 22 14 41 3 6 2 45 48 44 10 17 39 5 29 40 26 36 4 18 35 37 21 47 16 1 38 19 30 42 46 49 27 8 
student 230: 11 34 6 16 3 43 24 41 13 7 33 23 26 50 19 29 36 22 12 28 4 9 5 46 45 38 14 15 37 8 25 40 20 35 2 21 30 42 31 44 17 1 39 18 27 48 49 47 32 10 
student 231: 15 28 12 17 5 45 30 44 13 6 33 22 23 50 19 34 37 20 10 27 9 7 2 41 49 39 3 11 36 14 26 48 21 31 4 25 32 42 24 43 16 1 40 18 29 38 46 47 35 8 
student 232: 16 14 7 12 5 43 30 40 9 6 34 19 27 47 26 32 33 28 15 23 3 2 11 45 49 42 8 24 39 13 29 48 25 41 4 18 35 37 21 44 17 1 36 22 20 38 46 50 31 10 
student 233: 11 29 12 19 10 45 35 47 17 6 31 16 18 48 20 33 36 22 9 28 5 3 4 41 50 26 14 15 42 8 32 38 24 40 2 21 37 34 23 43 13 1 39 25 30 44 46 49 27 7 
student 234: 19 29 9 20 1 46 28 39 13 5 30 25 26 50 15 32 33 21 11 23 4 6 3 38 47 42 12 16 43 10 27 44 17 40 8 18 34 35 22 41 14 2 37 24 36 49 45 48 31 7 
student 235: 12 23 13 19 9 47 32 41 10 6 27 25 20 50 15 33 45 26 7 28 5 8 4 39 48 31 14 17 38 11 29 46 24 40 3 21 34 36 22 43 18 2 37 16 30 42 44 49 35 1 
student 236: 8 27 4 21 12 45 29 36 15 9 34 19 23 50 13 28 32 25 11 26 10 5 2 46 49 35 7 17 38 14 31 44 22 39 1 18 33 40 24 42 16 3 41 20 30 43 47 48 37 6 
student 237: 13 32 11 23 5 46 25 44 12 6 35 22 24 50 18 29 31 19 16 30 9 4 2 47 48 36 7 8 38 17 27 41 20 34 1 26 40 33 21 45 14 3 37 15 28 43 42 49 39 10 
student 238: 13 23 10 14 9 41 22 40 11 3 33 25 27 50 17 36 35 29 12 30 6 2 8 45 46 34 7 18 38 16 31 43 20 28 1 19 32 37 24 49 15 4 39 21 47 44 48 42 26 5 
student 239: 13 28 10 18 7 45 27 42 14 5 30 23 25 49 20 22 31 29 16 26 6 3 2 43 48 32 12 17 40 11 34 41 21 36 8 15 38 37 24 46 4 1 39 19 33 44 47 50 35 9 
student 240: 19 26 9 13 3 43 34 37 17 5 28 21 23 50 7 29 31 24 14 36 8 2 6 40 46 33 16 20 41 12 32 48 22 35 1 10 39 42 25 44 18 4 38 15 27 45 49 47 30 11 
student 241: 17 30 10 19 8 45 26 40 12 5 33 23 28 50 16 27 36 21 9 25 3 2 1 41 48 35 7 24 32 13 31 37 18 39 4 15 43 34 20 46 14 6 44 22 29 42 47 49 38 11 
student 242: 16 30 9 15 4 49 23 44 13 6 29 25 27 45 22 35 36 20 14 26 5 10 3 46 48 33 12 11 40 8 28 37 19 38 2 17 31 41 24 47 18 1 32 21 34 42 43 50 39 7 
student 243: 15 28 10 17 9 33 27 41 7 6 32 22 23 49 19 34 35 24 8 29 5 4 2 50 47 40 14 16 42 11 31 44 18 39 3 20 30 38 25 46 13 1 36 21 37 45 48 43 26 12 
student 244: 13 23 6 11 2 40 30 41 9 8 33 24 26 49 21 32 34 25 10 28 12 5 4 48 50 36 14 19 43 7 27 45 22 38 3 18 29 37 20 46 16 1 39 17 31 44 47 42 35 15 
student 245: 17 29 13 11 4 49 23 40 19 7 31 24 21 46 14 34 36 28 10 27 6 5 3 45 50 35 9 16 39 12 26 42 22 37 1 20 33 41 32 44 15 2 38 18 25 43 47 48 30 8 
student 246: 16 31 6 12 4 48 22 46 13 8 35 24 23 50 18 40 37 26 11 29 7 2 9 39 47 30 10 15 41 14 27 43 21 33 1 19 42 34 25 44 17 3 38 20 32 36 49 45 28 5 
student 247: 17 27 12 14 5 50 24 41 11 9 28 20 26 47 15 35 34 25 8 29 6 7 1 46 43 36 10 19 39 16 30 44 22 40 2 18 37 38 23 45 13 3 42 21 31 33 49 48 32 4 
student 248: 18 25 6 19 17 38 21 42 11 7 27 26 29 48 16 35 30 28 8 31 13 5 4 47 50 36 10 15 39 9 32 43 20 33 1 22 37 40 23 49 12 2 41 14 24 45 44 46 34 3 
student 249: 14 29 11 16 2 48 24 34 13 9 35 26 23 50 18 36 32 20 12 27 4 6 3 47 49 31 10 19 33 7 30 41 22 40 5 21 39 43 25 45 17 1 44 15 28 37 42 46 38 8 
student 250: 16 28 10 20 4 45 27 41 13 8 30 21 25 48 19 34 37 24 9 35 2 6 3 49 50 32 11 15 31 12 14 44 23 36 1 22 38 40 18 46 17 5 39 26 29 42 43 47 33 7 
student 251: 16 26 11 14 7 43 23 39 6 3 29 25 27 49 15 32 41 18 8 33 12 1 5 40 46 36 10 17 37 13 28 47 20 45 4 19 35 34 30 44 21 2 38 22 31 42 50 48 24 9 
student 252: 15 27 5 19 12 46 25 44 14 2 33 22 24 50 16 35 29 23 11 30 8 3 1 41 49 36 7 13 37 9 31 42 28 38 4 20 26 39 21 45 17 6 40 18 32 43 47 48 34 10 
student 253: 17 31 7 15 5 41 26 44 13 8 28 22 27 45 16 33 35 24 6 25 10 4 1 37 48 39 9 14 42 12 30 47 20 34 2 23 36 38 18 40 21 3 43 19 32 46 50 49 29 11 
student 254: 15 31 13 19 7 47 26 39 12 4 29 21 25 50 18 34 36 23 8 27 9 6 2 44 48 37 14 11 32 10 28 43 22 33 1 24 35 41 16 46 17 3 38 20 30 42 49 45 40 5 
student 255: 17 29 9 19 5 48 26 41 13 10 32 21 25 40 16 35 31 23 7 27 8 4 3 46 50 34 11 24 36 12 28 43 22 37 2 15 42 44 14 47 18 1 38 20 30 39 49 45 33 6 
student 256: 14 26 13 15 4 44 29 43 12 9 31 23 25 47 18 32 36 22 7 30 5 6 2 46 49 39 11 16 34 10 28 38 24 35 1 19 37 41 21 48 17 3 42 20 27 40 45 50 33 8 
student 257: 14 30 10 17 8 48 24 43 11 9 36 21 22 50 20 28 31 29 5 25 3 4 7 46 44 37 12 16 39 13 27 41 23 33 2 15 38 40 18 45 19 1 32 26 35 42 47 49 34 6 
student 258: 10 32 11 16 2 43 25 40 13 6 35 19 24 49 17 38 30 23 14 29 5 9 3 37 48 39 4 20 44 15 27 45 26 36 1 18 34 33 22 46 12 8 41 21 28 42 50 47 31 7 
student 259: 11 31 13 17 6 46 28 38 12 4 30 20 24 50 22 29 34 21 10 23 5 7 3 43 45 35 8 19 40 9 37 44 25 36 2 26 39 33 18 49 15 1 42 16 27 41 47 48 32 14 
student 260: 17 30 8 10 4 46 26 40 18 9 31 25 28 49 15 37 33 22 11 27 5 3 6 45 48 43 12 13 38 16 29 39 21 36 1 20 35 34 24 50 14 2 42 23 19 41 47 44 32 7 
student 261: 15 30 11 19 10 42 27 40 14 6 31 23 21 48 18 33 35 25 7 28 5 2 4 45 50 39 12 17 38 9 24 41 22 34 1 26 36 43 13 46 16 3 37 20 32 44 49 47 29 8 
student 262: 20 29 9 13 5 47 22 41 12 7 34 25 28 46 17 31 35 26 8 19 6 3 1 42 49 39 11 16 37 14 30 44 21 36 2 18 32 40 24 45 15 4 38 23 27 43 50 48 33 10 
student 263: 14 24 12 15 5 43 25 40 13 7 31 22 23 49 21 33 36 20 9 26 6 1 3 42 50 34 10 17 39 11 35 41 27 38 2 18 32 37 29 46 16 4 44 19 28 45 48 47 30 8 
student 264: 18 26 13 14 6 44 27 37 11 16 28 25 29 48 12 38 34 23 9 24 8 5 4 46 50 39 10 17 41 7 30 47 20 35 1 15 31 42 21 45 19 3 36 22 32 43 40 49 33 2 
student 265: 22 32 5 14 7 47 26 42 15 6 39 20 25 50 16 30 31 24 8 27 4 13 2 41 49 38 10 12 40 19 28 44 21 34 3 18 35 43 23 45 11 1 37 17 33 36 46 48 29 9 
student 266: 12 29 11 20 7 40 18 36 9 4 31 26 24 50 23 33 34 22 10 27 6 1 3 42 49 37 16 17 41 13 28 46 21 39 5 19 35 43 25 45 15 2 38 14 30 44 48 47 32 8 
student 267: 15 32 11 18 10 48 26 38 12 2 31 24 20 50 19 35 36 21 9 23 6 7 5 41 49 30 8 13 40 14 28 42 17 33 1 16 37 47 22 44 25 3 39 27 29 43 45 46 34 4 
student 268: 15 35 9 13 8 43 29 40 14 6 31 25 20 49 19 21 33 26 10 27 5 3 2 46 47 32 11 18 42 12 28 44 23 36 1 16 37 38 24 48 17 4 39 22 30 50 45 41 34 7 
student 269: 16 26 12 17 4 49 27 34 14 8 33 20 23 50 18 41 30 11 10 37 9 6 7 42 45 36 3 15 43 13 28 40 19 35 1 21 32 44 22 46 24 2 38 25 29 39 48 47 31 5 
student 270: 8 31 11 13 2 48 28 41 15 6 30 25 24 47 22 39 33 23 7 27 4 3 9 45 49 34 14 17 40 12 26 38 19 37 1 16 35 43 21 44 18 5 36 20 32 42 50 46 29 10 
student 271: 14 32 15 17 9 48 24 43 12 10 33 23 22 49 16 38 35 26 8 28 4 2 1 47 45 34 13 19 39 7 29 42 20 36 5 18 25 41 30 44 6 3 37 21 27 40 50 46 31 11 
student 272: 15 32 11 14 8 49 27 43 5 7 28 23 25 48 17 34 33 21 9 29 3 1 6 42 50 35 13 18 40 16 26 44 20 39 4 24 36 38 22 45 12 2 37 19 30 41 46 47 31 10 
student 273: 13 28 5 24 7 45 22 43 12 6 31 26 27 48 16 30 34 25 8 29 14 4 3 40 50 39 10 15 41 11 23 46 18 37 1 17 35 36 21 44 19 2 38 20 33 42 49 47 32 9 
student 274: 19 24 11 22 7 47 29 39 14 6 28 20 25 50 23 33 35 27 9 26 5 10 3 36 48 38 4 12 45 13 30 41 18 42 2 15 37 34 21 46 16 1 40 17 31 43 44 49 32 8 
student 275: 13 25 11 16 9 48 33 43 15 17 35 22 23 50 14 38 36 27 8 30 2 6 5 42 49 40 4 20 41 10 28 46 24 37 1 18 31 34 19 45 12 3 29 21 26 39 47 44 32 7 
student 276: 10 25 11 9 8 45 32 41 15 7 30 20 26 50 16 31 34 21 6 27 4 3 2 44 43 37 14 29 39 24 22 42 23 36 1 18 35 40 19 48 12 5 38 17 33 47 49 46 28 13 
student 277: 12 27 14 13 6 48 28 43 15 7 31 20 26 50 19 33 35 25 10 24 5 3 2 45 49 37 11 17 36 16 30 44 21 40 4 18 34 39 22 46 9 1 41 23 29 42 38 47 32 8 
student 278: 17 33 10 20 6 50 27 44 14 7 31 26 28 49 18 32 35 25 9 30 4 3 2 47 48 40 12 16 36 11 22 43 21 34 5 19 38 37 23 41 13 1 42 15 24 39 46 45 29 8 
student 279: 13 36 9 22 2 46 35 34 12 5 28 23 25 50 20 39 33 26 6 27 10 4 3 47 48 32 14 15 38 11 17 41 19 37 1 21 30 43 31 42 16 7 40 18 24 45 44 49 29 8 
student 280: 19 24 13 21 1 46 25 44 15 4 29 22 27 47 17 34 40 26 9 28 7 6 8 43 49 31 5 18 41 14 32 42 16 38 2 12 35 36 23 48 10 3 39 20 33 37 50 45 30 11 
student 281: 12 31 7 15 5 46 25 39 13 9 30 23 21 48 17 33 37 22 11 28 8 3 6 44 50 35 10 19 42 14 26 43 16 32 1 18 40 29 24 45 20 2 38 27 34 41 47 49 36 4 
student 282: 14 29 9 18 2 48 27 44 15 3 31 26 25 50 21 33 34 24 6 23 8 5 1 45 47 41 11 12 37 13 28 39 22 35 4 20 36 40 19 46 16 7 38 17 30 42 49 43 32 10 
student 283: 7 39 8 21 5 43 32 42 15 6 27 28 24 48 17 29 34 22 10 31 3 2 4 47 44 35 16 20 38 11 25 45 19 36 9 14 33 37 23 46 12 1 40 18 26 41 50 49 30 13 
student 284: 15 27 13 18 3 46 24 44 11 6 31 25 26 48 17 33 37 23 12 28 5 7 4 41 49 34 10 14 35 9 30 42 22 38 1 19 36 43 21 45 16 2 39 20 29 40 50 47 32 8 
student 285: 14 27 5 16 4 35 26 48 9 8 34 23 25 46 24 40 37 22 13 28 10 6 2 45 50 36 12 17 39 7 29 41 21 33 3 15 31 38 20 44 19 11 42 18 30 43 49 47 32 1 
student 286: 11 29 10 16 5 46 27 35 6 3 31 26 23 50 19 33 38 22 14 28 9 1 4 47 48 39 13 18 43 15 20 44 24 36 2 21 34 42 25 37 12 8 40 17 30 41 45 49 32 7 
student 287: 13 38 6 16 4 46 22 43 10 8 31 27 21 49 24 23 33 29 9 28 5 7 1 45 47 37 11 19 40 15 30 42 17 36 3 26 34 39 20 44 14 2 35 18 32 41 50 48 25 12 
student 288: 15 26 4 16 7 45 42 40 13 3 35 18 24 47 17 25 38 23 11 33 14 6 5 43 50 39 9 20 37 12 28 41 21 31 2 19 34 36 22 46 10 1 44 27 29 32 48 49 30 8 
student 289: 11 34 16 20 6 44 26 46 14 8 25 23 28 48 15 32 35 24 7 29 5 2 1 42 49 38 10 19 41 17 31 37 13 36 4 18 30 40 22 45 12 3 39 21 33 43 47 50 27 9 
student 290: 9 31 17 25 5 40 27 41 4 14 32 23 26 50 16 30 33 21 8 28 10 3 7 43 49 39 13 12 38 6 24 47 20 42 2 18 36 37 22 48 11 1 34 19 35 44 45 46 29 15 
student 291: 13 28 11 25 7 47 33 40 14 9 23 19 26 50 16 31 39 21 6 27 2 5 4 44 49 36 12 17 38 10 30 43 22 24 1 15 35 42 20 45 18 3 37 29 32 41 48 46 34 8 
student 292: 16 31 8 17 4 45 22 42 18 6 24 25 32 50 19 37 35 26 9 27 10 1 5 47 41 39 15 13 46 7 28 43 21 34 2 20 33 40 23 44 11 3 38 14 30 36 49 48 29 12 
student 293: 10 30 8 14 4 46 23 42 13 9 29 25 24 50 21 33 31 26 11 27 7 6 5 45 49 37 12 20 41 15 28 40 22 36 3 18 34 38 17 48 19 1 39 16 32 43 44 47 35 2 
student 294: 10 32 9 12 6 46 23 40 17 7 26 27 31 49 24 29 39 22 13 28 8 5 2 42 48 35 11 18 50 16 30 45 3 38 4 15 33 36 21 44 19 1 37 20 25 41 47 43 34 14 
student 295: 16 31 10 25 6 48 26 38 14 8 33 21 28 49 13 32 34 23 4 27 7 3 5 47 45 37 12 17 41 9 29 43 19 35 1 20 18 39 22 46 24 2 40 15 36 42 50 44 30 11 
student 296: 13 18 9 17 6 40 29 37 14 7 36 25 20 49 19 32 34 26 11 27 8 4 2 45 42 33 15 16 41 12 35 43 28 24 3 22 44 38 21 48 10 1 47 23 30 39 50 46 31 5 
student 297: 12 25 16 17 8 46 26 43 19 3 30 21 20 47 15 34 35 23 13 27 7 1 4 45 49 42 14 28 38 9 33 40 10 36 2 18 29 39 24 41 11 5 37 22 32 44 50 48 31 6 
student 298: 14 30 13 24 4 46 27 36 12 8 32 22 26 48 18 29 35 23 6 17 7 5 1 43 50 34 15 10 40 11 25 45 20 38 2 16 37 39 21 41 28 3 42 19 33 44 47 49 31 9 
student 299: 12 24 9 18 8 50 23 41 13 20 31 22 29 45 17 32 35 34 15 27 3 6 4 44 46 37 10 16 42 7 28 39 26 36 1 19 33 38 21 49 11 2 40 14 30 43 48 47 25 5 
student 300: 12 23 16 14 5 49 28 48 15 7 30 19 25 47 11 33 36 29 13 31 10 2 6 43 50 38 9 22 39 4 26 41 24 37 3 20 34 44 18 45 17 1 35 21 27 40 46 42 32 8 
student 301: 9 36 8 17 1 45 30 43 15 7 29 24 21 50 16 41 31 25 4 27 19 3 6 35 49 37 14 13 42 10 20 39 26 32 5 22 40 38 23 44 11 2 33 18 34 48 46 47 28 12 
student 302: 13 28 9 16 4 43 27 46 12 10 32 29 24 49 20 38 30 31 15 25 7 2 1 39 47 41 8 18 37 11 19 48 17 34 6 21 33 35 23 44 14 5 42 22 26 40 50 45 36 3 
student 303: 20 31 14 10 3 47 24 37 18 5 29 27 19 50 15 32 34 23 4 25 6 9 2 45 49 35 12 13 39 8 28 43 22 40 7 16 36 42 26 46 21 1 38 17 30 41 44 48 33 11 
student 304: 12 27 4 16 3 42 30 40 13 10 28 23 25 48 18 33 24 26 6 29 5 9 8 47 44 35 11 15 41 14 32 46 22 36 7 19 38 34 20 45 17 1 37 21 31 43 50 49 39 2 
student 305: 14 27 12 16 5 48 25 37 6 11 30 23 28 50 17 34 35 19 9 26 7 4 3 47 49 36 13 20 42 10 29 43 21 40 2 18 33 38 24 46 15 1 39 22 31 41 45 44 32 8 
student 306: 14 30 9 20 7 47 28 38 18 6 32 24 26 50 16 37 34 21 13 19 10 3 1 43 46 31 11 25 42 8 27 39 15 41 4 22 35 36 17 45 12 2 40 23 33 44 49 48 29 5 
student 307: 11 33 17 13 7 49 21 44 18 5 34 23 26 41 14 31 32 15 9 29 4 6 1 48 47 37 10 20 43 8 27 46 24 42 2 19 35 40 25 38 16 3 39 22 30 36 45 50 28 12 
student 308: 17 27 13 15 5 47 28 44 9 6 31 24 26 48 21 38 35 18 10 25 7 2 4 42 49 34 14 19 40 11 33 43 22 32 1 16 37 36 20 45 12 3 39 23 29 41 50 46 30 8 
student 309: 15 29 12 14 5 48 30 43 13 8 27 26 22 50 18 32 33 23 10 34 3 9 2 42 49 28 11 20 37 6 25 41 17 36 1 24 39 38 21 45 16 4 40 19 35 47 46 44 31 7 
student 310: 12 31 16 21 4 37 26 39 7 5 32 28 25 50 20 27 33 19 9 29 13 6 3 45 49 41 8 11 40 14 30 46 23 42 1 22 34 36 15 48 17 2 38 18 24 44 43 47 35 10 
student 311: 13 27 12 20 4 50 25 42 15 8 32 30 22 48 18 34 38 17 10 29 6 5 3 35 49 31 14 11 39 19 26 44 23 36 1 21 37 40 24 43 9 2 41 16 28 45 47 46 33 7 
student 312: 15 31 3 21 8 48 24 45 13 11 33 19 26 41 12 34 29 22 7 28 6 5 2 47 46 40 10 20 37 14 27 43 23 38 1 16 36 35 25 44 17 4 39 18 30 42 49 50 32 9 
student 313: 16 27 9 17 13 46 23 45 14 3 39 28 25 50 18 34 33 22 8 30 5 4 2 41 49 37 10 15 36 12 29 43 24 38 1 20 35 32 19 44 11 7 42 21 26 40 47 48 31 6 
student 314: 20 29 12 19 4 40 28 46 7 9 31 21 23 50 13 36 35 24 11 18 5 1 3 37 49 33 15 8 43 14 25 45 27 38 2 17 39 34 22 42 16 6 41 26 30 44 48 47 32 10 
student 315: 13 30 12 14 3 41 25 42 8 7 38 23 20 49 17 33 32 24 11 27 4 2 9 48 45 43 16 18 47 10 31 40 37 35 6 22 28 34 21 39 15 1 36 19 26 44 50 46 29 5 
student 316: 14 26 13 15 2 49 32 41 11 7 24 22 28 43 17 30 36 25 12 27 6 3 4 44 48 34 5 18 39 21 33 42 20 38 8 19 31 37 23 45 9 1 40 16 29 46 50 47 35 10 
student 317: 12 22 9 14 3 44 24 38 11 10 33 27 28 45 23 29 32 26 6 30 8 2 5 39 46 34 15 13 42 16 25 48 21 36 7 18 31 43 20 50 17 1 37 19 35 40 47 49 41 4 
student 318: 17 29 11 13 5 45 26 43 14 3 31 21 24 48 20 35 36 23 7 28 4 9 2 42 50 37 12 18 39 8 27 44 15 33 10 22 32 40 19 49 16 1 38 25 30 41 46 47 34 6 
student 319: 13 26 11 21 5 44 19 45 20 8 32 24 31 48 15 28 38 25 10 29 6 1 4 46 47 34 7 9 42 14 27 39 18 40 2 17 30 37 23 43 16 3 36 22 33 41 50 49 35 12 
student 320: 11 27 10 19 7 42 28 43 21 9 32 22 14 50 13 31 34 29 5 24 3 2 1 41 49 36 18 20 45 12 30 47 16 37 4 25 35 39 17 40 15 6 38 23 26 46 44 48 33 8 
student 321: 10 29 14 16 11 44 25 41 12 5 30 22 24 50 19 31 38 28 8 26 6 2 4 42 46 34 13 15 43 9 27 45 20 37 1 18 32 39 23 49 17 3 40 21 35 36 47 48 33 7 
student 322: 6 27 3 14 5 43 30 42 16 9 32 25 28 48 17 35 34 23 11 24 8 7 2 50 47 36 15 18 45 10 26 41 22 37 1 21 31 38 20 40 12 4 39 19 29 46 49 44 33 13 
student 323: 17 26 13 21 14 45 28 42 15 12 30 22 24 50 18 33 39 25 5 27 6 8 1 43 48 37 10 11 38 7 29 41 23 35 2 19 34 36 9 49 16 3 40 20 31 44 46 47 32 4 
student 324: 15 35 9 11 7 47 23 37 16 12 31 22 26 49 18 34 39 21 3 24 8 5 2 44 50 32 10 6 40 14 29 46 25 36 1 20 33 43 28 45 19 4 38 17 27 41 48 42 30 13 
student 325: 15 24 11 13 7 50 28 47 12 10 37 25 26 45 20 33 34 19 6 27 2 5 3 43 49 36 14 21 39 9 30 42 16 29 4 18 41 35 22 44 17 1 38 23 31 40 48 46 32 8 
student 326: 12 33 8 21 5 45 27 38 15 9 30 20 26 46 23 32 34 24 6 29 7 3 2 41 50 36 14 17 37 10 22 43 25 35 4 13 31 39 19 44 18 1 42 16 28 48 49 47 40 11 
student 327: 16 29 8 20 3 43 25 44 9 13 26 19 28 48 21 33 34 23 5 27 7 10 4 39 47 36 11 17 41 14 35 42 24 37 1 18 32 50 22 45 12 2 40 15 30 38 49 46 31 6 
student 328: 15 31 10 13 6 49 27 44 17 7 32 18 26 50 14 25 35 22 9 29 2 4 1 41 47 36 12 20 38 11 28 46 23 39 3 19 37 33 24 43 16 5 42 21 30 40 48 45 34 8 
student 329: 14 28 6 19 5 46 26 48 15 8 30 24 37 50 11 29 34 17 9 27 7 3 1 41 49 40 10 18 35 13 33 39 23 32 2 21 31 42 25 44 22 12 43 16 20 38 47 45 36 4 
student 330: 14 25 11 18 1 44 26 40 15 8 31 24 29 49 16 30 35 23 10 27 6 5 4 46 47 37 7 17 42 12 28 41 21 39 2 19 38 32 22 45 13 3 43 20 33 34 48 50 36 9 
student 331: 15 35 8 16 9 43 26 45 13 10 29 24 27 42 18 40 39 25 7 28 3 2 5 46 50 34 12 19 36 11 30 44 20 37 4 17 32 33 21 47 14 1 38 23 31 41 49 48 22 6 
student 332: 15 24 16 14 5 50 28 47 11 7 30 23 26 49 19 34 22 27 8 29 13 4 1 43 48 35 6 12 42 10 31 41 25 33 3 18 37 40 21 44 17 2 39 20 36 38 45 46 32 9 
student 333: 22 31 10 16 6 40 15 47 2 8 29 28 26 50 17 30 39 21 9 25 5 3 1 43 44 34 13 20 42 12 32 41 14 36 4 18 35 37 19 45 23 7 38 24 27 46 49 48 33 11 
student 334: 12 28 7 25 5 46 19 43 14 10 33 22 27 44 11 32 39 23 9 26 8 3 4 42 49 36 20 16 35 13 24 45 21 41 1 18 34 38 31 47 15 2 37 17 29 40 48 50 30 6 
student 335: 15 27 10 17 2 46 26 41 12 9 39 24 25 48 21 33 36 23 8 32 4 5 6 43 50 40 13 16 34 14 30 44 20 31 1 19 38 37 18 42 11 3 35 22 28 45 49 47 29 7 
student 336: 16 28 10 20 9 48 27 43 25 4 33 24 23 50 17 32 34 21 2 31 7 8 6 42 47 35 12 13 39 11 29 46 22 36 3 15 40 37 19 45 14 1 38 18 26 44 41 49 30 5 
student 337: 16 26 11 13 2 43 31 44 14 7 29 23 24 48 18 32 36 25 10 27 6 4 5 45 47 37 9 17 40 12 35 42 21 34 1 15 28 41 22 46 19 3 39 20 30 38 49 50 33 8 
student 338: 11 34 15 18 6 44 29 43 13 1 27 25 23 49 14 31 33 26 4 30 7 5 9 46 47 36 10 16 40 12 32 39 22 41 3 20 35 38 19 42 17 2 37 21 24 45 48 50 28 8 
student 339: 13 22 10 9 6 49 23 42 17 7 28 24 26 47 16 33 34 27 11 31 4 3 5 43 50 37 12 14 39 15 30 44 19 41 1 20 36 35 25 45 21 2 38 18 32 40 48 46 29 8 
student 340: 14 28 7 11 2 49 32 31 15 6 26 24 27 47 19 35 36 25 8 29 5 1 3 42 48 38 10 17 39 13 21 44 23 40 4 16 34 37 18 45 20 9 41 22 30 43 46 50 33 12 
student 341: 12 25 18 13 5 47 27 37 14 4 32 19 23 50 16 34 35 29 7 28 8 2 3 43 49 42 10 15 44 11 20 41 22 38 1 26 30 36 24 45 17 6 39 21 31 40 46 48 33 9 
student 342: 13 26 9 19 10 48 23 41 16 6 34 20 21 50 22 27 33 28 4 29 5 3 7 37 43 39 11 12 36 14 30 46 24 44 2 17 38 35 25 49 18 1 40 15 31 42 47 45 32 8 
student 343: 12 26 20 8 4 48 28 31 10 2 33 22 24 43 17 35 27 25 13 38 7 11 6 44 50 37 16 15 40 5 29 39 21 36 1 14 30 45 23 42 18 3 49 19 34 41 46 47 32 9 
student 344: 15 29 10 18 5 50 28 40 12 2 31 22 24 48 17 34 37 20 11 26 9 1 8 47 44 36 7 13 38 16 27 43 23 33 3 21 35 39 25 45 19 4 41 14 30 42 49 46 32 6 
student 345: 14 25 9 22 5 46 27 43 12 4 35 18 21 42 23 28 34 32 7 26 3 1 6 45 50 36 10 19 48 11 33 41 20 31 2 15 38 39 24 40 16 13 44 17 29 37 49 47 30 8 
student 346: 17 28 12 15 3 44 16 49 14 13 32 26 25 50 18 33 34 30 4 23 2 9 1 41 48 36 6 21 40 7 27 42 19 38 11 20 35 37 24 45 8 10 39 22 29 43 46 47 31 5 
student 347: 13 31 12 20 4 48 28 45 15 6 32 22 23 50 19 29 38 24 11 27 2 7 1 43 49 36 10 16 37 9 17 41 26 35 5 18 34 33 21 46 14 3 39 25 30 47 42 44 40 8 
student 348: 13 35 8 14 9 43 23 40 15 7 29 21 22 50 20 32 33 26 11 30 2 6 5 45 47 37 12 16 39 10 28 44 24 38 1 17 36 41 25 46 18 4 34 19 27 42 48 49 31 3 
student 349: 17 27 8 15 6 47 28 43 16 5 31 24 25 50 20 30 37 23 9 33 7 2 4 40 48 38 10 18 49 11 26 41 22 32 3 19 34 35 21 45 14 1 39 13 29 44 46 42 36 12 
student 350: 14 34 4 16 2 46 24 38 10 13 29 25 26 50 18 35 33 28 8 20 3 6 5 43 47 37 9 11 44 12 27 41 19 36 1 22 31 39 23 40 21 7 42 17 32 45 48 49 30 15 
student 351: 13 31 11 15 3 46 26 38 12 8 33 25 24 43 14 34 32 17 9 29 7 5 1 45 37 36 10 16 40 18 30 41 21 39 2 19 35 47 23 49 20 4 44 22 27 48 42 50 28 6 
student 352: 14 31 6 11 3 43 24 38 12 7 30 23 27 50 17 37 28 26 9 29 13 1 4 45 49 33 16 21 44 10 25 42 20 35 8 19 41 36 15 47 18 2 39 22 34 40 46 48 32 5 
student 353: 14 28 11 15 8 49 26 38 10 7 23 22 32 44 18 33 40 25 5 27 6 2 4 42 50 30 12 17 36 13 31 47 24 37 3 19 35 45 20 46 16 1 41 21 29 39 43 48 34 9 
student 354: 18 25 11 7 5 44 27 36 12 6 30 22 24 48 20 37 33 26 9 29 8 3 4 46 49 35 13 17 45 14 28 47 19 38 1 15 34 40 23 42 16 2 41 21 31 39 50 43 32 10 
student 355: 12 28 10 20 5 40 22 47 14 6 31 24 25 50 16 26 33 19 9 27 7 3 4 42 49 35 13 15 39 11 30 44 18 41 1 23 32 37 29 43 17 2 38 21 34 46 48 45 36 8 
student 356: 12 35 8 17 1 43 26 32 23 9 29 24 25 46 14 30 31 22 7 27 6 4 5 41 50 38 15 18 44 16 33 42 21 39 3 13 37 40 20 47 11 2 36 19 34 45 49 48 28 10 
student 357: 12 29 10 14 1 50 28 47 13 11 31 25 27 44 18 30 36 19 20 26 9 6 2 49 48 35 15 3 40 8 23 46 17 37 7 22 34 38 24 41 16 5 43 21 32 39 42 45 33 4 
student 358: 18 32 8 19 3 42 26 39 15 5 35 22 30 50 25 34 38 27 12 23 11 9 4 45 48 37 13 10 44 7 24 43 20 28 2 17 40 31 21 46 16 1 36 14 33 41 49 47 29 6 
student 359: 19 23 9 17 7 42 24 41 14 11 33 26 27 50 18 35 31 30 8 20 2 13 3 36 49 40 4 12 48 15 38 45 25 32 1 16 37 39 22 46 10 6 44 21 28 34 43 47 29 5 
student 360: 14 28 9 13 3 43 26 49 10 12 30 21 25 50 19 36 34 23 8 29 6 1 5 47 45 37 11 20 40 16 32 41 18 38 4 17 35 39 22 44 15 2 42 24 27 33 46 48 31 7 
student 361: 15 28 2 18 5 49 24 41 13 7 31 23 26 47 17 33 35 20 12 29 3 9 6 46 45 42 8 14 40 11 27 39 25 36 1 19 32 37 21 48 16 4 30 22 34 44 50 43 38 10 
student 362: 16 28 15 13 5 42 27 40 10 7 30 20 24 49 17 34 35 26 9 25 3 4 2 48 50 33 11 18 45 14 31 44 21 39 1 19 32 38 23 41 12 6 37 22 29 43 47 46 36 8 
student 363: 13 23 11 16 4 46 26 40 9 10 36 25 32 49 19 33 31 15 8 27 5 1 14 50 45 35 18 17 43 7 29 44 24 37 2 20 30 34 22 42 12 3 39 21 38 41 48 47 28 6 
student 364: 9 28 6 22 7 49 17 44 16 12 32 20 27 50 11 30 36 25 13 26 8 3 2 41 47 35 14 15 38 10 29 46 23 33 1 18 34 39 19 43 21 4 37 24 31 42 48 45 40 5 
student 365: 19 36 9 15 1 44 24 40 13 8 28 35 23 47 18 32 31 25 12 27 6 7 4 43 48 34 11 16 41 10 29 45 21 33 2 17 26 39 22 46 14 5 38 20 30 42 50 49 37 3 
student 366: 18 28 9 17 6 49 22 40 27 7 31 23 25 50 19 34 36 24 5 26 15 11 4 43 48 35 12 13 32 8 29 42 16 39 2 20 41 37 21 47 10 1 38 14 30 44 46 45 33 3 
student 367: 17 24 8 16 3 47 28 37 15 5 34 19 21 48 11 33 31 23 6 32 7 10 4 43 50 35 9 25 46 13 27 39 20 40 1 12 36 42 26 44 18 2 38 22 29 45 41 49 30 14 
student 368: 11 28 12 16 6 40 24 43 15 7 35 23 25 48 20 34 38 29 5 31 8 4 1 47 49 33 10 13 42 14 27 41 21 32 2 17 37 39 22 46 19 3 30 18 26 50 45 44 36 9 
student 369: 10 24 14 15 4 47 22 43 9 3 35 31 23 50 16 33 34 28 6 29 5 8 7 44 49 30 11 18 39 17 27 45 21 40 1 20 36 37 25 42 12 2 38 19 26 41 46 48 32 13 
student 370: 14 27 9 18 2 47 21 40 13 10 35 26 31 48 19 36 29 17 16 24 4 7 3 46 49 32 12 6 39 11 34 41 22 42 1 20 38 33 25 50 15 5 37 23 30 44 43 45 28 8 
student 371: 15 30 8 18 1 41 26 40 12 6 32 25 21 50 17 37 31 22 7 28 4 13 5 45 48 36 9 14 47 11 27 38 23 33 3 20 35 39 24 43 16 2 44 19 29 42 46 49 34 10 
student 372: 13 28 8 20 9 47 27 40 16 11 35 18 29 48 21 33 31 26 7 19 4 2 1 46 49 36 12 17 41 10 25 42 15 39 5 22 34 38 24 44 14 3 37 23 30 45 50 43 32 6 
student 373: 16 29 10 15 2 48 27 45 13 4 28 24 26 49 14 33 34 25 7 20 3 8 6 46 50 31 11 22 37 12 36 47 19 35 1 18 30 41 23 44 21 9 42 17 32 40 43 39 38 5 
student 374: 18 30 10 15 4 46 27 47 13 6 35 25 24 49 17 38 33 22 8 29 11 1 7 43 45 26 9 21 44 14 28 42 19 36 5 23 34 37 20 41 12 2 40 16 32 39 50 48 31 3 
student 375: 16 32 12 11 10 45 25 43 13 4 34 22 29 49 15 33 36 21 9 28 8 3 1 44 48 37 6 14 40 5 26 42 24 39 2 23 27 38 19 50 17 7 35 20 31 41 47 46 30 18 
student 376: 14 25 13 23 5 49 34 44 8 9 31 24 26 48 18 32 27 22 10 28 11 4 2 43 47 33 12 19 35 3 29 40 20 37 7 16 36 41 21 46 15 1 38 17 39 45 50 42 30 6 
student 377: 13 28 12 20 3 42 27 40 6 8 33 25 26 50 17 36 38 18 14 24 10 5 2 41 45 35 16 15 37 21 30 47 22 34 1 11 32 39 23 44 19 4 46 7 31 43 48 49 29 9 
student 378: 12 35 7 23 1 44 28 45 13 6 29 22 25 50 15 26 34 32 9 21 5 3 8 41 49 37 11 17 38 16 27 47 24 39 2 18 33 42 20 43 14 4 40 19 30 36 48 46 31 10 
student 379: 12 27 7 22 5 42 32 40 10 11 30 23 19 47 18 35 34 26 14 21 3 6 2 45 46 33 9 13 41 15 24 48 20 37 1 28 39 36 25 50 16 4 38 17 29 43 49 44 31 8 
student 380: 13 29 9 15 6 47 27 44 14 8 28 24 23 50 20 34 35 22 17 25 3 5 4 43 48 39 10 16 37 11 26 42 30 33 1 12 36 40 21 49 19 2 38 18 31 41 46 45 32 7 
student 381: 12 25 14 16 8 44 26 47 10 6 28 23 30 50 20 35 37 24 3 29 5 11 4 34 49 38 9 17 39 13 27 43 19 42 1 18 33 36 22 45 15 2 41 21 32 40 48 46 31 7 
student 382: 8 27 13 14 1 48 20 41 12 4 33 24 28 46 22 36 25 26 2 29 9 7 6 42 47 37 15 18 45 16 32 40 17 39 3 11 34 31 23 43 19 5 35 21 30 44 50 49 38 10 
student 383: 14 29 9 17 6 48 31 41 12 4 25 23 26 50 16 33 32 24 7 27 10 2 3 44 47 34 15 19 38 8 28 43 22 37 5 20 36 39 21 46 13 1 40 18 30 42 49 45 35 11 
student 384: 12 29 9 13 6 48 26 42 18 7 31 23 25 47 16 33 32 24 10 28 4 5 2 45 50 35 15 19 49 11 27 40 21 37 1 14 38 39 22 41 17 3 36 20 30 44 46 43 34 8 
student 385: 17 27 10 18 5 47 25 41 12 14 30 22 33 49 15 37 34 24 8 26 3 6 2 45 50 31 11 20 38 9 28 42 16 40 4 21 35 36 19 44 13 1 43 23 29 39 46 48 32 7 
student 386: 18 29 9 15 3 44 23 43 12 5 30 20 28 49 17 33 35 25 13 31 4 1 7 46 45 39 10 19 38 11 26 42 24 36 2 16 40 41 22 50 14 6 32 21 27 37 48 47 34 8 
student 387: 12 37 11 14 9 46 24 38 10 3 25 21 20 48 28 26 31 18 8 27 5 2 7 45 50 30 13 19 42 16 32 39 23 34 1 15 40 36 29 47 17 4 41 22 33 44 49 43 35 6 
student 388: 8 28 16 14 7 42 26 43 13 9 35 21 25 48 18 29 32 22 10 23 6 5 2 47 46 36 4 24 39 11 31 45 27 38 1 15 37 34 19 44 12 3 40 20 33 41 49 50 30 17 
student 389: 15 31 9 17 4 44 29 46 12 6 33 26 24 48 14 35 25 28 10 27 5 2 3 45 50 40 11 20 38 13 21 41 19 39 1 18 34 37 23 42 16 8 36 22 32 43 47 49 30 7 
student 390: 19 26 6 15 2 41 29 34 13 11 30 24 25 50 17 36 27 23 9 28 5 4 1 47 49 38 10 18 46 12 32 42 20 31 7 22 37 40 21 45 16 3 43 14 33 39 48 44 35 8 
student 391: 20 22 7 15 8 46 31 42 13 10 30 25 26 45 16 40 29 24 4 28 9 6 3 44 49 32 11 17 36 14 33 41 23 34 1 18 35 37 21 48 12 2 38 19 27 43 50 47 39 5 
student 392: 13 27 10 17 1 39 25 37 6 8 33 19 28 50 20 31 34 23 11 24 7 4 3 46 48 40 12 21 36 14 32 49 22 41 2 16 30 35 29 42 15 5 43 18 26 44 47 45 38 9 
student 393: 12 30 11 13 2 43 23 47 10 7 28 20 29 46 22 33 34 19 5 21 8 4 3 41 50 36 14 15 39 16 25 40 27 35 1 18 44 42 26 49 17 9 37 24 31 38 45 48 32 6 
student 394: 9 28 13 18 4 45 24 47 14 8 29 21 26 46 22 33 34 23 10 31 5 1 7 40 50 35 17 19 39 2 27 43 25 38 3 20 37 44 16 42 15 6 41 11 36 32 49 48 30 12 
student 395: 14 26 12 18 3 45 28 43 13 4 31 30 21 50 15 32 39 23 11 29 8 6 5 41 49 35 9 16 36 7 24 48 20 38 2 19 37 40 25 47 17 1 34 22 27 44 46 42 33 10 
student 396: 13 27 9 15 3 43 24 40 16 7 35 21 31 48 26 32 25 22 14 30 6 4 5 44 50 36 11 19 46 12 28 42 18 37 2 17 39 38 23 49 8 1 34 20 33 41 47 45 29 10 
student 397: 14 29 8 17 7 49 33 41 13 1 36 21 26 50 19 35 30 27 10 23 6 4 5 42 48 37 11 12 38 16 28 45 18 40 3 20 32 34 22 46 15 2 39 25 24 43 47 44 31 9 
student 398: 18 26 13 15 8 49 31 41 14 10 27 23 24 50 21 30 34 28 6 25 4 2 5 46 48 35 12 16 39 9 32 45 19 38 3 17 36 37 20 47 11 1 40 22 33 44 43 42 29 7 
student 399: 12 33 4 16 6 48 21 46 15 7 31 28 25 45 17 27 35 19 5 23 8 9 3 43 50 34 11 13 36 14 29 42 26 38 1 18 32 47 22 44 20 2 39 24 30 40 49 41 37 10 
student 400: 13 31 9 14 3 47 29 43 17 5 33 23 26 50 18 38 25 20 7 27 4 6 10 45 48 36 12 21 40 8 28 41 24 34 1 15 39 37 22 42 16 2 30 19 35 44 49 46 32 11 
student 401: 20 25 8 11 5 43 30 45 12 7 32 23 24 48 21 29 35 26 14 27 4 3 6 47 50 34 10 17 44 13 31 40 19 38 1 18 39 33 22 46 15 2 37 16 28 41 49 42 36 9 
student 402: 7 28 12 17 2 48 24 39 13 9 43 21 26 50 19 31 35 25 10 27 8 4 6 41 42 37 14 18 44 11 29 40 23 34 1 16 30 46 20 45 15 3 36 22 32 38 49 47 33 5 
student 403: 20 30 10 18 6 47 28 40 12 5 33 23 21 50 15 32 35 19 9 26 2 7 4 45 49 34 13 14 36 11 27 43 24 38 1 22 39 37 25 44 17 3 42 16 29 41 48 46 31 8 
student 404: 12 30 8 20 5 44 29 40 7 9 32 25 26 47 16 34 35 17 10 27 6 3 2 45 48 37 19 13 39 14 21 43 28 36 4 18 33 38 23 46 15 1 41 24 31 42 50 49 22 11 
student 405: 13 27 12 16 5 44 28 39 22 7 35 21 24 47 19 33 34 26 6 25 1 8 9 48 50 29 11 14 42 10 32 40 23 37 2 18 38 36 15 43 17 3 41 20 30 46 45 49 31 4 
student 406: 10 29 13 11 7 47 26 40 15 9 31 30 22 50 16 37 34 25 6 27 8 3 4 39 49 38 19 17 42 12 24 43 21 33 2 20 32 35 23 46 14 1 41 18 28 44 48 45 36 5 
student 407: 15 30 9 16 3 48 21 43 13 8 31 26 25 49 20 32 37 23 12 29 4 6 2 40 45 33 10 17 44 11 28 41 18 36 1 19 42 39 22 46 14 5 38 24 35 34 47 50 27 7 
student 408: 16 25 11 17 4 47 29 33 15 6 35 22 27 49 24 34 41 26 5 19 7 8 3 45 48 28 12 14 43 13 31 44 10 37 2 20 36 40 21 46 18 1 39 23 30 38 50 42 32 9 
student 409: 17 29 6 9 2 46 24 40 8 5 30 21 27 47 16 44 33 26 11 28 4 12 14 42 49 36 15 20 38 10 23 41 19 34 3 18 31 37 25 50 13 1 39 22 32 45 43 48 35 7 
student 410: 11 25 9 17 8 46 16 38 14 1 29 23 26 50 21 34 32 18 7 28 3 2 10 48 47 36 12 20 43 15 27 41 19 37 4 22 31 35 30 45 13 5 39 24 33 40 44 49 42 6 
student 411: 17 22 16 15 8 45 31 49 9 2 33 27 23 47 14 28 32 30 4 25 11 5 6 46 50 35 12 18 39 10 29 41 19 44 1 21 34 37 20 42 13 3 40 26 24 38 48 43 36 7 
student 412: 16 26 2 12 1 46 23 41 15 6 29 21 31 49 17 30 36 20 14 32 7 4 3 44 50 35 11 13 42 10 24 40 18 39 5 22 38 33 28 43 25 9 37 19 27 48 47 45 34 8 
student 413: 22 31 8 15 5 36 26 41 16 7 34 25 37 49 17 30 33 20 18 27 6 2 3 46 48 32 11 14 42 13 28 38 19 39 1 9 45 35 21 43 12 4 40 23 24 47 44 50 29 10 
student 414: 10 31 15 17 4 47 23 43 20 3 30 22 26 45 13 32 39 24 14 27 11 8 6 35 50 29 12 19 40 9 28 44 25 33 1 16 38 37 21 42 5 2 41 18 34 46 48 49 36 7 
student 415: 15 21 10 14 5 48 29 45 12 9 31 22 26 49 16 32 34 25 6 27 4 3 2 44 47 37 8 19 40 18 30 41 24 38 7 23 33 39 20 43 13 1 36 17 28 42 46 50 35 11 
student 416: 12 29 9 22 3 47 27 42 17 1 33 24 23 50 18 35 31 25 7 28 8 4 5 41 48 34 14 10 37 16 32 43 20 36 2 15 30 46 21 44 11 13 39 19 26 40 49 45 38 6 
student 417: 9 35 6 21 4 44 24 39 12 5 25 27 28 50 22 33 32 19 8 26 10 7 2 45 49 34 14 16 40 11 30 43 18 37 1 20 36 38 23 47 15 3 41 17 31 42 48 46 29 13 
student 418: 10 29 12 19 13 48 25 42 11 4 26 18 20 49 17 33 35 27 7 34 3 1 8 41 50 37 14 21 39 9 28 43 16 36 2 22 31 38 24 47 15 5 40 23 30 44 45 46 32 6 
student 419: 11 27 8 15 6 48 26 39 17 7 30 22 29 50 16 32 37 19 5 25 13 3 4 44 42 35 9 18 43 14 28 41 23 36 1 21 33 40 24 49 12 2 38 20 31 45 46 47 34 10 
student 420: 10 27 13 12 3 47 26 38 14 15 31 19 21 50 22 32 33 20 6 25 7 4 2 41 48 37 11 16 40 9 28 45 24 39 1 23 42 35 34 44 17 5 36 18 30 43 46 49 29 8 
student 421: 16 33 10 13 2 47 26 44 17 9 32 22 23 41 18 34 35 25 8 28 6 5 7 46 49 43 12 15 36 14 31 38 24 42 1 21 39 30 20 50 11 3 45 19 29 40 37 48 27 4 
student 422: 15 29 10 16 9 47 20 43 12 6 32 27 23 50 19 30 35 18 3 26 1 4 7 44 45 36 13 22 38 11 28 42 17 31 2 14 37 41 25 46 21 5 40 24 34 39 49 48 33 8 
student 423: 15 29 9 16 5 45 32 44 19 4 30 22 25 50 14 33 35 24 12 26 6 1 3 43 48 39 11 18 41 7 28 46 20 34 2 17 40 38 23 42 13 10 36 21 27 37 49 47 31 8 
student 424: 8 28 3 16 2 42 24 39 12 10 30 25 22 49 19 33 43 27 7 29 5 9 1 46 50 34 11 18 40 17 26 44 15 36 4 21 35 38 20 47 14 6 37 23 32 41 45 48 31 13 
student 425: 18 27 11 19 4 50 26 41 10 8 29 21 24 43 15 32 33 25 9 31 6 1 2 48 46 38 12 22 40 13 30 44 23 34 7 16 39 35 17 47 14 3 37 20 28 42 49 45 36 5 
student 426: 12 28 8 16 10 47 23 41 7 11 32 30 24 49 21 34 33 22 13 25 6 4 5 40 50 36 9 18 45 15 29 43 20 39 3 17 35 37 26 46 14 1 38 19 31 42 48 44 27 2 
student 427: 25 28 4 12 1 44 18 45 13 7 34 23 24 47 20 32 36 31 10 27 8 9 2 43 46 42 11 15 38 16 29 41 21 39 6 17 33 40 22 48 14 3 35 19 30 37 50 49 26 5 
student 428: 19 30 13 15 9 47 24 42 12 7 27 28 36 50 20 31 33 29 8 22 4 6 5 45 49 39 11 18 38 10 26 43 16 37 1 17 41 34 23 44 14 2 40 21 25 35 48 46 32 3 
student 429: 14 22 6 15 2 50 28 43 10 9 35 26 29 49 18 32 33 23 7 27 8 3 1 47 46 34 12 17 40 13 30 44 19 42 4 20 39 38 24 41 16 5 36 21 25 37 45 48 31 11 
student 430: 16 32 12 20 9 48 23 37 18 4 30 21 27 50 15 28 36 25 10 26 6 5 1 44 49 33 8 13 43 14 31 42 22 38 3 11 35 40 24 46 17 2 39 19 29 41 47 45 34 7 
student 431: 15 27 10 19 1 47 22 42 12 5 29 37 26 49 16 32 34 23 7 24 6 9 4 43 50 39 11 20 35 14 25 46 17 33 2 13 31 36 21 48 18 3 40 28 38 45 41 44 30 8 
student 432: 15 31 7 18 8 45 23 39 14 5 33 24 22 49 17 34 32 27 13 26 10 9 2 47 50 35 6 16 41 11 30 42 21 40 4 19 36 38 25 46 12 1 37 20 28 44 48 43 29 3 
student 433: 21 31 5 15 7 44 26 35 14 10 33 19 25 50 17 34 29 27 2 28 6 8 3 42 49 40 11 16 38 12 30 41 22 37 1 20 36 39 24 46 13 4 45 18 32 43 47 48 23 9 
student 434: 16 31 14 13 10 41 32 40 5 6 30 25 22 50 18 44 29 21 8 28 11 3 2 46 47 33 7 20 42 12 27 45 17 37 4 19 34 36 23 43 15 1 38 24 26 39 48 49 35 9 
student 435: 13 20 5 16 10 45 26 32 15 4 31 23 25 46 22 33 38 24 7 28 11 6 1 44 50 36 9 14 37 12 29 41 19 39 2 18 34 40 27 47 17 3 42 21 30 43 49 48 35 8 
student 436: 8 29 13 18 6 46 27 39 9 7 31 23 24 48 17 37 32 19 5 26 11 3 4 41 49 35 14 22 40 15 28 44 21 36 1 16 25 42 20 43 10 2 38 30 33 45 47 50 34 12 
student 437: 11 35 12 18 1 48 34 43 14 7 31 22 28 50 20 37 29 23 10 25 6 5 2 42 49 41 13 19 38 8 24 39 21 32 3 16 40 36 26 45 17 4 33 15 30 46 44 47 27 9 
student 438: 16 32 12 20 7 47 28 40 15 8 29 23 25 46 14 33 39 24 10 26 4 5 2 44 49 41 13 17 42 11 27 43 22 34 1 21 36 30 18 48 6 3 37 19 35 38 45 50 31 9 
student 439: 14 33 8 17 5 44 21 40 13 10 30 16 27 49 22 28 34 29 6 36 4 3 1 45 50 41 11 18 47 20 26 38 25 43 7 15 32 37 23 42 9 2 35 19 24 39 48 46 31 12 
student 440: 13 27 12 18 4 45 26 44 7 9 32 20 22 46 17 31 33 25 10 30 6 5 2 41 49 35 11 16 42 15 28 43 21 37 3 19 36 38 24 47 14 1 39 23 29 40 48 50 34 8 
student 441: 13 30 10 16 7 49 22 36 14 6 34 17 39 50 11 31 35 23 9 27 4 2 1 46 41 33 18 15 45 12 24 43 25 40 3 21 28 37 26 47 20 8 38 19 32 42 44 48 29 5 
student 442: 15 28 11 10 2 47 30 41 12 4 27 33 24 50 16 32 35 23 9 25 6 3 7 44 45 36 18 14 40 13 26 39 21 38 1 19 34 37 22 46 17 5 42 20 29 43 48 49 31 8 
student 443: 12 34 7 15 5 43 29 39 14 16 31 23 24 48 20 36 37 26 9 30 6 2 4 50 49 32 10 17 41 8 28 40 19 35 3 18 27 44 22 46 13 1 38 21 33 42 47 45 25 11 
student 444: 14 28 17 16 2 46 24 42 12 8 33 23 27 48 15 34 32 26 9 30 6 5 3 43 49 36 7 18 40 11 31 41 19 38 4 20 37 35 22 45 13 1 39 21 25 44 50 47 29 10 
student 445: 14 33 11 15 6 43 26 41 19 8 28 20 24 49 18 36 34 23 12 27 5 1 7 42 50 32 4 13 40 10 30 47 25 37 2 16 31 35 22 46 21 3 39 17 38 45 44 48 29 9 
student 446: 10 30 11 20 9 46 26 42 17 4 31 23 25 50 15 34 32 28 7 27 5 1 3 45 49 35 19 16 39 8 24 43 18 37 2 22 36 38 14 40 13 12 41 21 33 44 48 47 29 6 
student 447: 6 30 11 15 5 48 23 41 16 10 34 20 31 47 21 27 33 32 12 22 7 4 2 42 50 40 14 25 39 9 29 37 26 36 1 18 28 43 19 46 17 3 38 13 24 44 49 45 35 8 
student 448: 11 27 5 15 1 47 26 41 13 10 29 24 17 50 19 31 33 25 6 28 8 4 7 43 46 38 12 16 40 18 34 39 23 44 2 20 35 36 22 45 14 3 37 21 30 42 49 48 32 9 
student 449: 16 37 15 14 2 42 33 41 13 4 30 26 29 50 18 38 36 24 10 25 5 6 8 45 49 34 9 20 35 12 27 43 22 31 1 17 28 40 19 48 11 3 39 23 21 44 46 47 32 7 
student 450: 7 28 10 17 11 48 27 41 14 8 29 30 23 47 19 33 32 25 2 21 6 4 5 42 50 43 9 15 40 12 26 44 18 37 1 22 34 39 24 45 13 3 36 20 35 38 46 49 31 16 
student 451: 10 29 13 20 2 46 27 38 17 9 35 18 26 49 19 28 31 24 11 33 4 5 7 48 45 36 16 15 43 12 23 39 6 42 1 21 34 37 22 44 14 3 41 25 30 40 50 47 32 8 
student 452: 17 34 15 24 2 47 18 39 10 5 31 20 21 50 16 36 30 23 11 28 4 3 1 42 49 37 8 25 40 13 29 46 27 38 6 19 41 35 12 43 14 9 44 22 26 32 48 45 33 7 
student 453: 12 31 9 15 3 45 30 39 14 11 27 23 24 49 19 35 29 28 10 25 5 8 6 46 50 37 13 18 38 7 32 43 21 34 2 20 36 44 26 41 22 1 40 17 33 42 47 48 16 4 
student 454: 15 27 11 5 6 49 32 40 12 3 30 22 24 50 16 33 37 23 8 25 7 10 4 45 48 43 13 14 41 19 26 38 17 34 1 20 35 36 29 42 18 2 39 21 28 44 47 46 31 9 
student 455: 14 26 3 17 4 46 22 37 13 12 28 21 23 48 27 35 33 29 10 24 6 2 7 44 47 31 11 18 40 15 30 42 20 39 1 9 43 36 25 45 16 5 38 19 32 41 49 50 34 8 
student 456: 13 33 15 23 5 45 27 38 14 12 26 20 32 48 16 30 35 29 1 24 7 6 2 50 49 31 10 11 40 8 22 42 25 41 3 17 37 39 21 43 19 4 28 18 34 44 46 47 36 9 
student 457: 14 23 11 22 6 46 25 37 4 10 24 31 26 50 16 32 36 15 8 27 7 5 3 41 49 35 12 18 40 17 30 44 29 34 1 19 33 39 20 45 13 2 42 21 28 43 47 48 38 9 
student 458: 13 27 11 15 6 46 28 39 14 9 32 21 25 49 24 29 34 22 5 26 2 4 3 47 44 35 12 18 41 7 30 42 16 36 8 19 45 37 23 40 17 1 38 20 31 43 50 48 33 10 
student 459: 16 27 9 18 5 47 23 44 12 11 31 21 26 48 17 35 32 25 7 28 3 6 1 42 50 30 8 14 38 20 29 43 24 39 4 19 36 34 22 45 13 2 41 15 37 40 49 46 33 10 
student 460: 16 30 11 14 1 45 19 43 7 5 28 24 25 50 18 32 33 27 8 26 9 3 6 42 49 39 10 20 36 12 29 37 21 41 2 17 38 34 23 44 15 4 35 22 40 47 48 46 31 13 
student 461: 13 32 9 20 7 48 25 43 11 16 34 21 31 50 14 37 35 23 8 26 10 3 6 39 46 28 5 18 41 12 29 47 24 36 1 19 40 38 22 44 17 2 33 15 27 42 49 45 30 4 
student 462: 15 28 2 24 11 44 26 40 10 9 31 18 25 48 16 32 35 27 6 30 4 12 5 45 50 34 13 19 38 8 23 43 22 36 3 17 39 42 21 46 14 1 37 20 33 41 49 47 29 7 
student 463: 15 32 9 16 3 49 26 43 14 5 41 24 28 50 18 34 31 12 8 25 7 4 6 45 48 37 11 20 40 13 30 39 22 35 2 21 33 36 23 46 17 1 42 19 27 38 47 44 29 10 
student 464: 16 27 12 14 4 45 24 43 15 11 36 25 23 50 18 32 35 26 5 30 8 1 7 40 48 29 10 17 41 9 31 44 22 37 2 19 33 38 20 42 13 3 39 21 34 47 46 49 28 6 
student 465: 9 25 10 21 3 42 26 40 13 7 32 27 17 46 15 33 36 28 11 22 6 5 4 47 48 35 16 14 39 12 31 45 19 37 2 18 34 41 23 49 20 1 38 24 29 43 44 50 30 8 
student 466: 15 25 8 18 5 50 30 42 13 6 36 21 28 48 19 39 31 24 7 26 10 3 2 49 47 35 11 16 38 12 29 41 22 32 4 17 34 37 23 45 14 1 40 20 27 43 46 44 33 9 
student 467: 25 29 12 11 2 48 27 39 14 5 28 22 26 46 16 31 37 23 9 34 3 8 4 43 45 32 19 15 35 6 24 44 18 38 1 17 30 40 21 47 10 7 41 20 33 42 50 49 36 13 
student 468: 12 29 10 15 2 46 22 44 18 9 36 25 23 50 20 39 30 19 14 27 8 7 3 40 48 38 6 21 42 11 31 41 24 35 4 17 28 34 26 49 13 5 37 16 32 45 43 47 33 1 
student 469: 10 32 11 13 8 44 26 38 29 5 33 21 25 50 18 35 30 23 6 27 2 4 7 48 49 34 14 15 42 16 28 43 22 39 1 20 41 37 17 45 12 3 36 19 24 40 47 46 31 9 
student 470: 13 31 11 17 8 42 22 43 12 9 28 21 34 50 15 29 32 24 6 30 4 5 3 45 49 37 10 14 36 18 26 44 23 39 1 16 33 41 25 47 20 2 38 19 27 40 48 46 35 7 
student 471: 16 27 9 13 5 49 33 41 15 8 28 23 25 39 22 29 32 20 4 26 7 2 6 46 47 36 10 18 38 11 30 45 21 43 1 17 35 37 24 44 12 3 40 19 31 42 50 48 34 14 
student 472: 14 30 7 21 9 42 28 44 13 4 29 23 27 41 20 37 35 26 12 24 5 2 3 47 49 36 8 16 48 10 34 43 17 39 1 22 25 33 19 45 15 6 38 18 32 40 50 46 31 11 
student 473: 12 27 9 15 5 43 25 36 16 7 29 31 24 50 17 32 35 22 10 26 8 3 6 42 49 38 11 19 41 14 30 46 20 33 2 21 37 39 23 45 13 1 40 18 28 47 48 44 34 4 
student 474: 11 32 10 15 1 50 28 44 16 9 34 26 21 49 19 37 30 23 8 24 2 6 5 46 45 33 13 14 39 12 27 43 20 38 3 22 40 36 25 42 18 4 35 17 29 41 48 47 31 7 
student 475: 19 27 5 16 4 40 26 41 8 13 35 22 25 50 14 37 28 29 10 24 9 2 7 45 44 34 11 18 46 12 31 42 21 39 1 15 33 38 20 43 17 3 48 23 32 36 47 49 30 6 
student 476: 14 24 12 17 4 43 27 37 13 5 34 22 23 50 16 32 31 19 9 29 6 3 2 49 44 35 10 20 41 11 28 47 26 40 1 21 33 36 25 42 15 7 39 18 30 45 48 46 38 8 
student 477: 11 32 9 16 6 47 22 37 13 5 29 19 25 48 17 30 31 28 14 27 7 2 3 45 50 36 8 15 40 10 26 41 18 34 4 21 43 39 24 42 20 1 44 23 35 38 46 49 33 12 
student 478: 16 27 14 18 6 47 24 41 9 11 31 30 22 49 15 32 33 25 7 28 4 3 2 46 50 36 10 12 39 13 23 44 17 38 5 20 35 40 21 43 19 1 37 26 29 42 48 45 34 8 
student 479: 13 31 12 17 7 47 28 39 9 3 34 18 26 50 21 33 38 25 8 27 14 4 5 37 49 41 15 19 43 10 30 42 22 36 1 16 32 35 23 45 11 2 40 24 29 46 48 44 20 6 
student 480: 14 29 11 17 7 45 22 43 15 6 32 23 26 50 20 30 33 24 8 27 2 9 5 42 47 41 10 28 34 13 35 44 12 38 1 16 37 36 18 46 19 4 39 21 31 40 48 49 25 3 
student 481: 15 32 12 21 2 43 24 40 8 6 30 20 25 46 23 36 31 22 9 27 7 5 4 48 50 37 11 14 41 13 28 44 19 35 3 18 34 38 26 45 17 1 39 16 29 42 47 49 33 10 
student 482: 14 28 11 16 2 45 23 36 15 4 31 20 21 50 17 34 33 27 6 25 19 5 1 46 49 39 13 12 44 9 35 38 22 40 3 18 37 42 26 48 8 7 32 24 29 41 47 43 30 10 
student 483: 14 22 9 20 3 45 26 39 10 13 31 19 29 44 21 32 37 24 8 28 6 4 5 47 50 42 11 17 36 16 30 43 23 35 1 18 33 40 27 38 12 2 46 15 25 41 49 48 34 7 
student 484: 14 26 8 16 7 48 23 38 6 9 34 24 31 47 21 30 37 25 11 27 10 5 3 43 49 39 13 17 42 12 28 44 19 36 1 18 35 32 22 45 15 2 40 20 29 41 50 46 33 4 
student 485: 7 28 6 21 3 47 25 42 13 1 30 20 26 49 15 32 33 24 12 27 10 9 5 37 48 40 2 14 43 22 36 41 18 34 8 16 35 38 19 44 17 4 39 23 29 46 45 50 31 11 
student 486: 12 26 8 16 6 44 30 45 13 11 29 21 22 48 19 37 36 25 14 31 9 4 2 40 47 49 7 18 42 10 27 43 17 39 1 20 28 32 24 41 15 3 35 23 34 38 46 50 33 5 
student 487: 13 29 12 19 6 42 26 40 10 8 30 25 24 50 21 34 36 27 4 28 2 5 7 48 47 37 14 16 43 9 22 41 20 35 3 17 33 38 18 46 15 1 39 23 31 45 49 44 32 11 
student 488: 14 34 11 16 5 47 24 41 9 7 35 25 27 50 20 31 38 18 10 26 8 4 2 44 48 36 13 19 42 12 28 39 22 37 3 17 33 40 23 45 15 1 32 21 29 43 49 46 30 6 
student 489: 10 29 11 14 4 45 26 42 15 5 33 25 24 50 18 34 35 20 9 27 8 1 2 44 46 37 12 17 38 16 28 41 19 36 6 22 31 39 23 47 13 3 43 21 32 40 49 48 30 7 
student 490: 9 28 12 17 8 45 25 42 6 4 30 22 24 49 18 36 31 20 14 26 5 3 7 46 50 48 13 16 40 15 27 34 23 37 1 19 33 41 29 43 11 2 38 21 32 39 47 44 35 10 
student 491: 12 32 8 21 3 46 27 38 14 10 30 24 23 48 17 35 33 20 6 26 9 2 7 44 45 36 11 13 42 15 31 49 19 37 1 22 34 47 18 39 16 4 40 25 28 41 50 43 29 5 
student 492: 14 26 11 17 4 46 33 42 13 3 30 23 25 49 16 36 29 19 8 27 7 6 2 43 50 35 12 21 39 10 32 44 24 37 1 18 31 40 22 47 15 5 38 20 28 41 45 48 34 9 
student 493: 16 25 11 19 6 50 31 43 14 3 28 26 23 49 12 33 32 27 10 22 1 4 8 40 42 37 9 17 45 13 29 38 24 34 5 21 35 41 20 48 15 2 36 18 39 46 47 44 30 7 
student 494: 12 29 19 14 3 46 25 43 8 2 31 20 34 47 23 32 33 21 7 26 1 9 10 45 50 35 5 17 44 13 27 36 16 42 6 24 37 38 15 40 18 4 39 22 28 41 49 48 30 11 
student 495: 15 26 10 13 3 43 29 44 12 8 33 17 24 47 21 31 34 28 6 27 7 4 5 41 49 37 14 18 40 9 25 42 20 36 2 19 35 38 23 48 16 1 39 22 30 46 45 50 32 11 
student 496: 15 31 12 16 10 46 24 37 13 3 26 20 23 50 14 36 33 25 8 27 1 7 5 41 48 43 9 22 45 11 28 40 19 34 6 18 39 32 29 44 21 2 42 17 30 38 49 47 35 4 
student 497: 9 30 12 14 11 49 26 43 18 8 31 20 23 50 17 35 42 24 10 27 6 3 5 38 45 41 13 16 48 7 29 37 22 33 2 19 39 34 25 40 15 1 44 21 32 36 46 47 28 4 
student 498: 12 26 3 11 6 50 28 35 16 9 36 21 19 47 17 38 32 25 13 31 5 1 4 45 49 39 14 15 43 8 27 44 23 41 2 20 37 34 24 42 18 7 33 22 29 40 46 48 30 10 
student 499: 11 31 10 21 7 46 19 40 16 6 28 22 26 47 20 32 33 24 15 34 3 5 4 44 50 27 12 13 39 9 25 45 29 36 1 14 48 35 23 49 17 2 41 18 37 42 38 43 30 8 
