student 0: 48 24 12 23 42 19 2 30 13 9 20 45 29 6 15 41 47 16 27 17 21 38 14 18 7 28 8 5 44 46 39 34 33 10 11 40 35 22 25 3 43 49 50 36 37 4 26 1 32 31 
student 1: 49 20 10 26 44 23 2 21 8 12 22 48 27 6 18 38 46 15 29 11 19 41 17 14 4 25 13 3 42 45 39 35 32 9 16 36 43 28 31 7 37 50 47 40 33 5 24 1 34 30 
student 2: 47 22 16 28 41 20 5 29 12 13 19 45 27 6 17 38 44 15 30 8 23 36 25 14 10 26 7 1 48 49 42 34 33 9 11 39 43 18 31 3 37 50 46 40 32 2 21 4 35 24 
student 3: 50 21 13 17 38 25 10 34 7 12 19 47 20 5 15 36 48 16 27 11 26 44 22 18 8 23 3 2 43 42 41 33 35 9 14 46 39 32 29 4 31 49 45 40 24 1 28 6 37 30 
student 4: 45 32 8 26 38 18 6 25 11 13 15 49 34 10 16 41 50 17 27 12 20 44 19 24 5 22 7 1 46 43 31 36 29 9 14 35 42 21 28 2 40 48 47 39 33 3 23 4 37 30 
student 5: 49 24 11 30 45 20 1 28 6 5 17 46 31 9 16 40 47 18 22 12 23 38 21 15 10 26 3 2 44 48 39 37 27 8 14 33 41 25 29 13 36 42 50 43 32 7 19 4 35 34 
student 6: 47 22 14 28 48 18 2 27 12 8 17 46 31 5 16 44 49 23 30 9 13 37 21 20 6 26 11 7 45 43 41 33 32 10 15 34 38 19 29 4 36 50 42 40 35 1 25 3 39 24 
student 7: 42 24 17 26 47 16 3 25 8 11 18 46 31 9 13 39 48 14 29 12 22 45 21 19 6 20 5 7 43 50 35 38 37 10 15 28 36 27 30 2 40 41 49 44 34 1 23 4 33 32 
student 8: 46 20 15 30 42 23 12 28 9 13 14 44 33 5 11 37 49 16 24 10 25 43 18 17 7 19 6 2 45 47 39 31 34 8 22 38 41 40 26 4 36 50 48 35 32 1 21 3 29 27 
student 9: 49 28 20 26 42 19 3 24 11 10 17 47 30 6 23 41 46 15 32 12 21 43 18 14 9 25 7 4 48 37 38 35 33 8 13 36 44 16 27 5 39 45 50 40 34 1 22 2 31 29 
student 10: 46 26 14 25 47 16 4 32 6 11 12 43 31 3 10 39 48 17 27 19 18 35 22 13 9 23 8 7 45 41 42 33 30 15 20 44 40 24 28 5 38 49 50 34 36 2 21 1 37 29 
student 11: 47 22 12 24 42 15 6 26 8 13 17 46 30 7 14 33 45 18 29 10 21 41 19 16 5 25 11 4 44 48 40 37 34 9 20 36 43 23 31 2 38 50 49 39 32 1 27 3 35 28 
student 12: 46 19 11 28 49 21 7 25 8 9 18 40 32 4 16 36 44 17 27 13 30 42 24 14 12 26 6 1 48 43 39 33 34 10 15 41 45 22 20 3 35 50 47 37 29 5 23 2 38 31 
student 13: 47 27 23 31 42 14 1 25 11 12 19 46 26 6 17 39 49 16 36 9 21 38 18 15 8 29 10 5 44 45 40 32 28 7 13 35 43 24 22 3 37 50 48 41 33 4 20 2 34 30 
student 14: 48 21 14 25 44 22 4 27 7 12 18 45 38 13 17 41 46 15 28 5 20 39 16 10 9 23 8 11 49 47 40 34 33 3 19 32 42 26 29 6 35 50 43 37 30 1 24 2 31 36 
student 15: 48 21 12 28 42 22 3 29 10 13 19 45 35 8 16 39 49 24 31 11 18 41 15 14 5 27 9 6 46 44 40 36 34 7 17 38 43 23 26 2 37 50 47 33 30 1 20 4 32 25 
student 16: 48 24 23 26 45 18 6 25 8 10 20 44 31 4 13 37 43 15 29 14 21 41 19 11 12 27 7 5 42 49 40 34 39 9 16 35 46 22 30 3 38 50 47 36 32 1 17 2 33 28 
student 17: 48 20 16 26 44 19 4 28 9 12 17 43 29 8 14 40 47 15 27 10 24 38 22 18 6 25 7 5 45 46 41 33 30 13 11 39 42 21 31 3 35 50 49 37 34 2 23 1 36 32 
student 18: 49 18 13 29 42 23 5 19 10 14 16 44 31 7 17 37 47 20 22 9 24 41 21 15 8 26 6 2 43 48 40 34 28 11 12 36 45 27 25 3 38 50 46 39 32 1 30 4 35 33 
student 19: 48 24 18 29 43 17 2 21 15 12 13 47 27 5 14 39 49 19 33 9 20 44 22 16 11 26 7 4 40 46 36 35 37 8 10 42 41 25 30 3 34 50 45 38 32 1 23 6 28 31 
student 20: 49 23 11 25 41 18 7 32 12 13 19 47 24 6 8 37 42 16 26 14 20 43 22 9 10 27 3 1 46 48 40 35 30 15 17 34 44 31 28 5 38 45 50 39 36 4 21 2 33 29 
student 21: 49 31 20 27 40 21 5 22 8 13 18 48 34 6 15 35 44 17 24 14 19 43 11 16 12 28 7 3 45 47 39 36 30 9 10 33 41 23 25 1 37 50 46 38 32 4 26 2 42 29 
student 22: 42 19 15 20 49 23 2 28 10 12 13 50 34 11 14 37 45 18 29 6 21 39 22 17 8 26 5 9 41 47 43 35 30 7 16 32 46 27 31 4 38 44 48 40 36 1 24 3 33 25 
student 23: 48 24 14 28 40 20 11 25 8 12 10 41 26 3 19 45 50 18 31 16 23 49 17 13 7 32 1 6 42 47 39 35 34 9 15 36 43 21 37 5 30 46 44 38 33 2 22 4 29 27 
student 24: 50 25 11 29 44 19 3 22 15 13 12 46 28 5 16 39 47 18 30 9 24 42 21 14 6 23 8 1 41 45 40 35 32 10 17 34 43 27 26 7 37 49 48 38 36 2 20 4 33 31 
student 25: 50 21 14 24 44 20 9 29 11 12 18 45 32 4 15 36 40 16 30 10 13 41 23 17 2 26 8 7 46 49 43 34 27 5 19 38 47 25 39 1 31 48 42 35 37 3 22 6 33 28 
student 26: 45 22 9 25 46 12 6 26 10 15 19 41 28 4 13 38 48 16 33 8 23 42 21 17 2 24 14 7 39 50 43 30 29 11 18 32 47 20 27 3 35 49 44 40 34 5 36 1 37 31 
student 27: 47 23 15 26 39 18 9 22 8 12 13 44 32 7 17 40 45 20 28 11 25 33 24 14 6 21 4 2 42 48 38 35 36 10 16 37 46 27 29 3 41 50 49 43 34 1 19 5 31 30 
student 28: 50 24 16 28 41 15 1 25 11 9 19 48 29 4 20 44 43 10 34 14 18 35 21 7 8 23 13 2 47 42 39 32 31 6 17 36 40 26 27 5 45 49 46 38 37 12 22 3 33 30 
student 29: 46 28 14 25 42 18 5 26 8 13 16 50 30 7 12 34 45 20 27 9 21 39 19 17 11 23 6 4 43 48 41 38 33 3 15 32 44 29 31 1 35 47 49 36 37 10 22 2 40 24 
student 30: 49 19 12 26 43 15 8 28 7 14 20 44 33 6 13 37 47 18 30 11 25 38 21 16 9 23 5 4 41 45 39 40 31 10 17 42 50 29 24 2 35 48 46 36 34 1 22 3 32 27 
student 31: 48 19 13 28 41 14 4 20 11 12 26 44 30 5 17 36 49 21 24 10 22 39 23 16 8 25 9 3 42 45 40 35 33 6 15 38 43 27 34 1 32 50 47 46 29 2 18 7 37 31 
student 32: 47 16 12 26 45 22 5 27 10 15 6 50 31 7 13 37 48 21 30 11 17 38 25 23 8 24 14 1 44 35 41 43 32 9 18 36 42 20 29 3 40 49 46 39 28 4 19 2 34 33 
student 33: 47 23 10 33 50 18 6 24 5 9 17 35 29 8 12 41 49 16 26 15 21 38 20 11 14 27 13 1 40 43 44 45 30 7 19 39 37 25 36 4 34 48 46 42 32 3 22 2 31 28 
student 34: 50 24 19 28 36 20 5 23 12 13 17 43 31 6 14 39 44 15 29 4 27 42 21 18 9 16 1 8 41 48 45 40 32 10 11 34 46 22 26 7 37 49 47 38 33 3 25 2 35 30 
student 35: 50 22 17 28 42 19 1 27 14 10 16 44 29 3 18 41 46 13 36 9 25 43 20 11 12 23 6 7 37 47 35 38 33 8 15 31 48 24 26 4 34 45 49 39 32 5 21 2 40 30 
student 36: 46 23 17 29 48 22 9 27 14 7 20 45 35 5 15 38 41 13 34 6 18 44 25 12 10 21 1 16 42 49 40 31 36 4 11 33 43 19 28 2 37 50 47 39 32 8 24 3 30 26 
student 37: 50 22 12 27 41 19 8 26 5 11 20 46 31 4 15 35 47 16 28 13 21 45 18 17 9 25 10 6 42 44 39 33 37 3 14 36 40 23 29 2 43 49 48 38 34 7 24 1 32 30 
student 38: 48 26 16 33 43 22 6 25 14 19 11 35 28 7 13 47 45 17 36 12 18 38 20 4 3 23 15 5 42 44 37 32 29 9 10 31 49 27 41 8 34 50 46 40 39 2 21 1 30 24 
student 39: 47 22 16 26 40 23 12 20 5 10 13 43 31 7 11 37 50 9 29 14 25 36 19 17 2 24 8 1 46 44 49 38 32 15 21 39 42 27 30 6 35 48 45 41 33 3 18 4 34 28 
student 40: 48 22 14 24 42 17 3 28 9 10 20 44 32 7 12 31 41 18 30 13 21 43 26 16 6 27 4 5 46 47 36 39 37 15 11 33 40 23 38 2 34 49 50 45 25 8 19 1 35 29 
student 41: 50 22 9 25 41 18 10 23 12 15 19 45 29 3 13 38 46 17 27 14 20 39 21 7 4 28 8 2 47 44 40 32 31 11 16 37 43 26 33 6 35 48 49 42 34 5 24 1 36 30 
student 42: 50 23 14 26 38 19 8 27 10 15 18 41 33 3 17 44 49 16 29 12 20 37 21 11 6 25 5 4 47 43 40 45 35 9 13 36 42 24 28 2 34 46 48 39 30 1 22 7 32 31 
student 43: 48 23 12 29 47 13 5 25 16 9 17 44 24 8 22 42 46 21 31 6 20 34 19 7 10 27 14 4 43 39 45 33 30 11 15 35 40 18 28 3 36 50 49 37 41 1 26 2 32 38 
student 44: 49 22 8 27 41 21 4 34 15 17 18 43 30 6 11 38 48 16 29 14 20 44 19 10 9 25 7 5 47 42 40 31 26 12 13 36 45 23 35 1 37 50 46 39 28 2 24 3 33 32 
student 45: 49 21 15 26 42 19 1 30 14 4 12 45 29 9 23 38 48 16 28 7 17 41 20 13 18 25 8 5 39 46 43 34 31 11 10 37 44 24 27 6 33 50 47 40 36 2 22 3 35 32 
student 46: 49 24 11 28 39 18 2 32 12 16 19 44 30 7 15 34 45 17 31 13 21 43 23 9 6 20 10 3 48 42 40 37 35 8 14 33 47 25 27 5 38 50 46 36 41 1 22 4 26 29 
student 47: 49 23 12 26 41 15 7 24 11 10 13 44 34 5 21 42 46 14 35 16 17 39 22 18 6 27 8 4 45 50 40 32 36 9 19 33 43 25 28 3 37 48 47 38 29 1 20 2 30 31 
student 48: 45 20 21 25 40 18 4 19 7 14 17 47 28 6 13 42 44 16 31 11 27 41 22 10 9 23 5 1 48 46 38 33 30 12 15 35 43 26 36 8 37 50 49 39 34 2 24 3 32 29 
student 49: 50 24 13 21 40 25 12 27 5 11 16 44 32 10 17 37 49 8 30 14 19 39 22 15 9 26 4 7 43 45 41 33 35 6 18 42 46 20 28 3 36 48 47 38 29 1 23 2 34 31 
student 50: 50 20 14 23 43 24 6 25 8 10 15 46 31 4 13 39 47 21 26 12 22 41 18 16 5 29 7 3 45 40 42 34 32 11 17 35 44 27 28 1 38 48 49 37 33 9 19 2 36 30 
student 51: 47 27 14 34 42 20 4 28 11 16 10 48 29 6 15 50 44 19 32 13 21 36 22 12 9 17 8 3 43 46 41 33 30 7 18 40 39 24 23 2 31 49 45 35 37 5 26 1 38 25 
student 52: 45 22 13 28 44 16 3 27 12 14 19 43 35 4 17 37 42 18 30 9 23 41 20 11 15 24 10 8 40 50 49 36 34 7 5 38 46 25 29 6 32 48 47 39 31 2 21 1 33 26 
student 53: 47 25 18 29 41 16 5 27 8 11 17 44 31 9 15 38 50 23 21 10 22 40 20 12 7 19 6 1 42 49 46 34 32 14 13 33 43 26 28 4 35 48 45 39 37 3 24 2 36 30 
student 54: 47 26 13 25 38 16 4 22 10 6 19 42 30 3 17 35 45 15 37 9 24 36 20 11 7 27 8 1 44 46 48 34 31 14 18 32 43 21 29 12 41 49 50 40 33 2 23 5 39 28 
student 55: 46 23 12 30 49 19 2 25 9 13 18 45 34 7 16 39 50 17 27 11 22 37 20 14 8 24 5 4 38 41 40 35 32 10 15 36 44 26 29 6 42 48 47 43 33 3 21 1 31 28 
student 56: 47 19 10 27 42 14 4 25 7 9 22 49 32 8 20 30 46 16 31 21 24 37 17 13 11 26 5 6 44 38 34 45 29 12 15 36 43 23 28 3 39 50 48 41 33 1 18 2 40 35 
student 57: 49 26 9 27 42 15 5 20 3 17 16 44 34 10 14 40 48 21 29 18 22 38 19 1 11 24 7 6 43 47 39 37 32 12 13 25 45 30 33 8 36 50 46 41 31 4 23 2 35 28 
student 58: 48 22 13 29 43 24 4 25 6 12 15 44 34 7 14 40 46 20 33 16 27 38 17 18 10 23 8 2 45 49 41 35 31 9 11 37 42 26 30 5 39 50 47 32 21 3 19 1 36 28 
student 59: 49 24 13 25 50 14 5 28 17 12 23 44 35 6 16 33 47 21 27 10 19 40 22 11 7 15 8 4 48 41 37 36 34 9 20 30 43 18 29 3 42 45 46 38 39 1 26 2 32 31 
student 60: 46 25 12 28 43 19 1 24 14 7 23 42 31 8 13 36 48 16 27 11 18 41 20 17 10 22 2 5 45 37 47 34 32 9 15 35 49 26 30 4 40 50 44 39 38 6 21 3 33 29 
student 61: 50 23 13 27 40 18 9 29 14 6 17 47 31 12 8 36 45 15 26 19 24 46 20 16 11 25 3 4 43 44 39 33 30 7 10 34 41 21 28 5 37 48 49 42 32 1 22 2 35 38 
student 62: 45 25 11 24 38 18 7 27 9 16 17 42 33 12 13 39 50 8 30 14 21 44 20 15 6 23 4 2 48 49 40 37 29 10 19 35 43 26 28 5 34 47 46 41 32 1 22 3 36 31 
student 63: 48 22 12 25 47 20 3 23 13 17 15 44 30 6 10 39 46 18 28 16 21 41 19 14 11 29 7 4 40 50 42 33 35 9 8 31 43 24 32 5 38 49 45 37 34 1 27 2 36 26 
student 64: 50 23 13 28 42 20 4 26 7 11 18 45 27 3 16 38 48 21 32 9 24 39 17 14 10 25 12 6 43 46 41 29 31 8 15 37 44 22 30 1 40 49 47 36 34 2 19 5 35 33 
student 65: 50 24 13 27 39 18 4 25 17 12 10 44 37 6 15 38 45 19 26 11 16 43 21 9 8 28 7 1 42 48 41 33 31 14 20 35 47 23 29 3 36 46 49 40 32 5 22 2 34 30 
student 66: 49 26 11 23 40 14 1 27 12 8 22 50 24 6 18 34 47 13 31 16 21 42 19 17 7 30 9 4 44 41 36 39 33 10 15 37 43 29 28 5 38 48 46 45 35 3 20 2 32 25 
student 67: 50 27 12 29 41 15 8 26 9 10 17 44 30 16 11 33 46 19 32 14 24 39 20 18 4 23 6 5 35 43 45 34 38 7 13 36 47 22 28 2 37 49 48 40 31 1 21 3 42 25 
student 68: 47 23 16 29 39 19 3 26 9 13 17 44 30 6 18 42 49 15 27 11 20 36 22 14 10 24 2 5 40 46 48 41 31 8 12 37 43 25 34 1 33 50 45 38 32 7 21 4 35 28 
student 69: 48 28 16 29 39 22 2 25 11 13 20 43 33 5 15 42 49 12 24 10 26 38 17 14 8 23 7 4 46 44 45 36 37 9 18 34 41 21 32 6 35 50 47 40 30 1 19 3 31 27 
student 70: 49 23 13 26 43 17 6 30 9 12 19 40 31 7 11 38 42 18 29 10 21 44 22 14 15 27 8 2 46 48 45 33 34 4 16 37 39 24 25 5 41 50 47 35 28 1 20 3 36 32 
student 71: 50 20 13 26 40 21 2 32 12 10 19 44 36 11 25 43 47 17 27 8 16 42 15 14 5 24 9 7 45 48 30 38 28 6 18 33 41 23 35 4 34 49 46 37 31 3 22 1 39 29 
student 72: 49 26 15 24 36 16 7 27 14 10 21 42 30 6 12 44 48 19 25 13 22 39 20 17 5 28 9 4 40 46 38 41 34 8 11 33 43 23 31 1 47 50 45 35 32 2 18 3 37 29 
student 73: 47 21 20 29 48 23 3 26 14 15 22 42 33 6 10 39 28 17 37 13 19 41 18 16 8 24 7 9 46 49 44 32 27 5 11 35 43 31 25 1 36 50 45 38 40 2 12 4 34 30 
student 74: 50 33 16 27 41 18 4 23 13 14 17 48 30 7 12 37 49 19 26 11 15 46 20 6 9 25 8 3 45 44 40 35 34 10 21 36 42 22 28 2 38 47 43 39 31 1 24 5 32 29 
student 75: 46 27 11 25 41 19 5 30 16 12 20 47 33 6 18 40 44 17 23 9 21 39 13 14 7 24 8 4 43 48 42 35 32 10 15 38 45 26 28 2 36 50 49 37 34 1 22 3 31 29 
student 76: 48 24 15 32 42 19 4 27 9 14 18 43 29 5 16 39 44 17 26 10 22 45 21 7 8 20 12 3 46 50 37 36 35 11 13 41 34 25 28 6 31 49 47 38 40 2 30 1 33 23 
student 77: 50 22 7 25 39 19 2 27 11 10 17 44 29 6 20 36 49 15 30 14 18 41 21 16 13 26 9 4 40 48 37 35 34 8 12 42 45 24 31 1 43 47 46 38 33 3 23 5 32 28 
student 78: 49 23 12 27 44 19 6 20 10 13 18 46 31 3 17 38 43 16 28 11 22 41 21 14 7 26 9 4 42 47 36 37 33 8 15 40 45 25 30 5 34 50 48 39 35 2 24 1 32 29 
student 79: 45 21 14 24 47 17 7 22 11 15 19 49 32 5 16 31 46 13 26 8 20 39 23 12 6 33 9 4 44 50 42 30 38 10 27 37 43 28 25 3 40 48 41 34 35 1 18 2 36 29 
student 80: 49 28 16 31 44 27 5 24 8 7 17 39 29 13 10 36 50 14 23 11 18 40 19 12 9 21 15 3 47 48 45 33 30 4 20 34 43 22 35 1 38 46 41 42 32 6 25 2 37 26 
student 81: 44 26 17 25 43 20 2 27 14 12 15 46 29 3 18 31 47 11 30 7 23 41 21 19 5 24 13 8 45 49 40 34 32 9 10 38 42 22 28 6 39 50 48 35 37 1 16 4 33 36 
student 82: 46 23 17 21 45 15 7 31 11 14 16 50 29 1 19 38 42 20 28 12 24 35 18 13 6 26 10 2 41 48 40 37 30 9 8 43 44 25 27 5 34 49 47 39 33 3 22 4 36 32 
student 83: 45 24 16 27 39 18 7 29 11 12 19 47 28 8 20 37 44 17 31 6 13 43 22 14 3 23 9 4 46 48 49 35 30 10 15 33 41 26 25 1 42 50 36 40 34 5 21 2 38 32 
student 84: 44 25 11 31 39 17 6 27 12 8 18 46 37 2 21 35 48 19 34 13 14 41 22 16 7 32 9 10 45 47 43 30 33 4 15 36 42 23 26 3 38 50 49 40 29 1 20 5 28 24 
student 85: 50 24 20 28 41 19 3 23 6 13 21 45 30 5 10 39 48 16 27 14 17 40 22 12 8 26 7 11 36 47 44 32 37 9 15 38 46 25 33 2 42 49 43 35 34 1 18 4 29 31 
student 86: 48 20 17 27 36 19 8 32 6 15 11 42 29 4 22 46 47 9 28 12 21 37 18 16 3 25 10 5 43 49 41 45 31 13 14 33 40 24 30 7 26 50 44 35 34 1 23 2 39 38 
student 87: 50 21 12 27 39 19 7 25 11 14 16 46 29 10 17 36 48 22 26 8 20 41 18 15 9 28 5 4 44 45 43 40 30 3 13 34 42 24 31 6 38 49 47 37 33 1 23 2 35 32 
student 88: 49 25 14 33 48 23 6 19 5 12 17 46 31 9 18 42 45 15 22 10 21 39 20 16 11 26 8 4 38 44 32 36 30 7 13 41 43 28 34 3 37 47 50 40 35 1 24 2 27 29 
student 89: 47 29 16 26 43 18 8 24 5 7 19 46 33 9 17 36 49 15 25 13 23 37 20 11 12 31 10 4 44 45 40 35 30 6 14 39 48 22 28 2 41 50 42 38 32 1 21 3 34 27 
student 90: 49 24 13 28 37 20 2 19 11 15 16 45 29 1 14 31 47 21 30 4 23 34 17 10 8 26 9 7 44 46 42 43 35 12 18 38 39 25 36 5 40 48 50 41 32 6 22 3 33 27 
student 91: 45 24 8 29 39 21 7 26 11 12 22 48 30 10 15 37 41 16 25 14 17 40 20 13 9 28 5 4 44 50 46 35 31 6 19 36 43 18 32 3 38 49 47 42 33 2 23 1 34 27 
student 92: 50 21 12 24 39 22 2 27 13 14 15 43 35 4 17 32 45 16 33 10 23 41 20 9 6 19 7 1 49 47 44 31 42 11 18 29 40 26 34 3 36 46 48 38 28 8 25 5 37 30 
student 93: 48 20 13 26 39 21 6 25 18 8 17 46 32 9 12 35 47 16 27 19 22 49 24 11 7 23 5 3 36 43 42 28 33 10 14 38 45 29 30 4 41 50 44 37 34 2 15 1 40 31 
student 94: 50 23 15 30 44 21 7 29 6 11 18 45 24 12 13 42 46 20 27 5 19 39 8 16 9 28 2 14 43 48 40 32 33 17 10 34 41 25 26 4 37 49 47 38 35 3 22 1 36 31 
student 95: 50 29 14 24 42 21 3 19 9 10 20 49 25 7 12 41 47 16 26 2 22 45 17 13 11 28 4 1 43 46 40 37 31 18 15 33 44 27 32 8 35 48 39 38 36 5 23 6 30 34 
student 96: 49 23 6 28 43 17 11 27 12 8 20 44 32 2 15 36 48 16 26 10 21 37 18 19 13 25 5 9 42 47 41 35 34 7 14 33 46 22 29 4 31 50 45 40 38 1 24 3 39 30 
student 97: 50 19 17 28 39 25 9 27 10 11 20 49 31 6 21 36 48 16 23 14 22 41 18 7 8 24 12 4 45 40 44 35 38 5 13 29 47 26 30 2 37 46 43 42 32 3 15 1 34 33 
student 98: 49 25 16 29 45 18 5 28 11 17 14 47 30 6 15 31 46 19 27 10 20 39 24 12 7 26 4 3 40 43 37 35 34 8 13 38 42 22 21 1 41 50 48 44 32 2 23 9 36 33 
student 99: 48 25 18 28 34 22 1 21 7 12 15 46 29 5 13 40 47 20 27 11 17 42 19 14 6 26 10 8 43 45 33 30 35 9 16 37 44 24 31 3 39 50 49 41 38 4 23 2 36 32 
student 100: 46 22 9 26 39 16 4 27 12 14 19 48 33 6 17 45 47 10 30 13 21 41 23 20 5 25 11 2 42 44 34 32 31 8 15 40 43 24 28 1 35 49 50 38 37 7 18 3 36 29 
student 101: 50 21 14 28 43 17 8 27 13 9 19 42 30 3 10 38 45 18 24 5 22 41 20 16 11 25 6 7 46 48 39 32 33 12 15 34 44 29 26 2 37 47 49 40 36 1 23 4 35 31 
student 102: 48 22 16 24 41 18 19 26 9 17 13 42 31 5 20 34 47 12 27 15 21 37 14 11 6 29 1 7 46 44 40 36 33 10 8 38 45 23 28 4 39 50 49 43 32 3 25 2 35 30 
student 103: 47 24 13 26 44 23 15 16 7 10 21 41 30 8 14 33 46 19 28 11 18 39 17 20 5 27 6 3 45 48 40 37 35 9 12 36 42 22 29 1 43 50 49 38 32 2 25 4 34 31 
student 104: 50 16 13 27 44 19 3 23 4 11 25 28 34 7 18 38 45 14 24 12 21 39 17 15 8 31 6 2 47 48 42 30 41 9 20 29 37 26 32 1 36 46 49 40 35 5 22 10 43 33 
student 105: 50 22 12 30 43 17 10 25 13 15 27 44 26 4 16 41 48 18 20 9 21 39 19 11 7 28 8 6 35 46 47 34 31 5 14 36 42 24 29 3 40 49 45 37 38 2 23 1 33 32 
student 106: 48 24 6 28 46 15 2 26 16 9 20 44 34 1 12 39 41 19 29 13 21 40 14 18 11 27 8 4 45 42 43 32 30 10 17 35 47 22 25 7 37 50 49 38 33 3 23 5 36 31 
student 107: 50 23 19 26 36 16 4 28 9 14 20 44 31 5 13 42 47 15 27 10 25 38 17 11 8 22 7 2 43 46 40 35 30 6 18 34 41 21 29 12 39 49 48 45 37 1 24 3 32 33 
student 108: 47 25 9 33 38 24 7 26 15 17 19 43 31 4 16 48 42 13 22 10 20 44 18 12 8 29 5 1 41 46 40 36 32 11 14 35 50 23 30 6 37 49 45 39 28 2 21 3 34 27 
student 109: 50 23 15 31 45 22 1 25 14 13 10 46 37 7 18 34 47 17 29 9 24 35 21 16 8 19 6 5 43 48 39 38 33 12 11 40 41 26 32 3 30 44 49 42 36 2 28 4 27 20 
student 110: 49 24 12 29 45 23 5 25 10 11 17 43 28 6 16 38 47 15 26 9 18 40 20 14 19 21 8 4 44 41 39 36 30 7 13 34 46 22 33 2 37 50 48 42 32 1 31 3 35 27 
student 111: 48 23 10 29 36 15 1 24 14 16 18 46 38 6 21 32 49 12 27 13 19 34 17 11 9 33 8 5 41 45 42 31 44 7 22 40 43 20 25 4 35 47 50 37 28 2 26 3 30 39 
student 112: 49 22 13 28 47 16 10 29 12 9 14 46 30 2 18 40 48 23 21 11 19 36 24 15 7 27 6 5 38 45 43 34 32 8 17 41 42 20 31 3 37 50 44 39 35 4 25 1 33 26 
student 113: 50 24 16 28 44 22 5 20 12 10 19 41 27 8 17 35 47 13 30 15 18 40 21 14 6 26 7 4 45 46 39 32 33 9 11 37 42 29 36 3 34 48 49 43 25 1 23 2 38 31 
student 114: 43 25 13 24 48 19 5 35 7 12 14 46 30 8 18 37 49 20 27 11 21 41 17 16 10 29 6 2 45 42 38 31 33 9 15 40 36 22 26 3 47 50 44 39 32 1 23 4 34 28 
student 115: 45 10 15 29 46 22 7 31 9 12 16 47 28 8 21 30 48 17 24 11 23 41 18 19 13 25 5 3 43 42 36 37 35 6 14 39 44 20 27 2 40 50 49 34 33 1 26 4 38 32 
student 116: 44 19 14 26 42 17 3 25 13 20 6 46 31 10 15 40 48 18 30 11 22 33 21 12 9 27 4 2 45 50 43 35 34 7 16 37 38 23 24 5 41 49 47 39 29 1 28 8 36 32 
student 117: 48 25 14 30 46 22 5 27 10 13 18 42 31 7 21 40 49 23 24 8 20 37 19 12 9 26 4 11 44 43 36 33 28 6 15 39 47 17 35 2 34 45 50 41 32 3 16 1 38 29 
student 118: 49 23 16 35 36 6 11 31 9 10 15 46 27 3 14 38 48 21 20 13 24 39 19 17 12 26 7 8 42 47 41 37 22 5 18 40 44 25 32 2 29 50 45 43 34 4 28 1 33 30 
student 119: 49 32 12 25 38 18 3 23 7 11 15 46 33 5 17 45 47 20 28 13 19 39 24 14 9 27 6 8 44 43 40 37 30 10 16 34 41 22 26 2 36 50 48 42 29 4 21 1 35 31 
student 120: 50 21 12 30 39 19 1 26 14 15 20 44 31 3 11 35 47 23 32 10 17 37 16 18 7 24 6 5 43 46 41 34 29 4 13 38 45 25 33 9 40 49 48 42 27 8 22 2 36 28 
student 121: 49 27 9 32 37 20 3 29 7 16 15 48 30 6 19 40 50 18 26 10 22 41 17 12 8 21 1 11 44 47 42 36 33 13 14 35 45 25 28 5 39 46 43 38 34 4 24 2 31 23 
student 122: 50 20 7 32 40 24 8 26 11 15 13 44 28 1 19 33 47 16 29 12 25 43 17 18 10 23 2 6 42 45 41 36 37 9 14 22 46 27 31 5 30 49 48 39 34 4 21 3 35 38 
student 123: 50 25 15 27 41 20 1 21 9 17 16 44 30 6 14 36 46 19 40 10 26 43 23 11 7 32 8 3 42 47 45 35 22 12 13 31 39 18 28 5 37 48 49 38 33 2 24 4 34 29 
student 124: 47 21 14 26 40 23 7 20 9 11 19 43 31 6 12 32 44 22 24 13 17 42 34 16 10 25 4 5 48 45 38 35 28 8 15 39 41 27 29 1 46 49 50 36 37 3 18 2 30 33 
student 125: 49 28 18 24 45 23 1 22 12 11 16 43 25 7 10 38 47 15 27 17 20 37 19 13 9 26 5 6 41 44 40 39 32 8 14 35 50 29 30 3 33 48 46 42 36 4 21 2 34 31 
student 126: 47 23 18 25 39 15 3 29 8 13 20 43 48 9 11 38 44 19 30 10 26 41 16 14 12 22 4 6 40 49 45 36 28 7 17 37 42 21 32 5 34 46 50 35 27 2 24 1 31 33 
student 127: 49 26 12 42 36 19 7 25 17 8 14 41 30 9 16 37 48 15 27 11 20 40 18 21 10 23 1 6 43 45 47 33 31 4 13 39 46 28 24 3 35 44 50 38 32 2 22 5 34 29 
student 128: 50 21 18 23 41 16 4 28 5 13 19 45 29 6 11 43 46 15 26 9 25 40 24 14 10 27 7 1 44 48 42 38 34 12 17 37 35 22 30 8 39 49 47 32 33 2 20 3 36 31 
student 129: 47 24 8 33 42 17 5 21 12 13 19 45 32 3 20 49 50 14 26 9 15 41 22 18 11 27 7 1 44 43 39 30 37 6 16 34 40 25 28 10 38 48 46 36 35 2 23 4 31 29 
student 130: 47 24 11 26 42 22 9 29 5 15 16 49 31 6 20 40 46 14 27 12 21 43 18 17 13 10 8 7 45 36 41 32 35 4 19 38 48 25 28 1 39 50 44 33 37 3 23 2 34 30 
student 131: 48 26 14 27 43 18 5 24 8 16 20 44 31 6 17 36 50 19 28 11 21 39 15 12 7 25 10 13 45 46 40 33 34 4 9 37 42 22 35 2 41 49 47 29 30 1 23 3 38 32 
student 132: 50 24 13 28 45 17 8 27 9 15 22 40 31 3 18 37 44 10 30 12 21 48 19 16 7 25 11 5 47 46 42 38 32 6 14 34 43 23 29 2 36 49 39 41 33 1 20 4 35 26 
student 133: 48 25 16 34 40 9 4 26 7 13 18 45 31 6 20 36 47 21 28 12 17 41 23 14 8 24 11 3 44 49 39 43 32 10 15 30 42 22 27 5 38 46 50 37 33 1 19 2 35 29 
student 134: 48 25 13 31 36 18 7 28 12 14 20 41 32 5 11 44 42 19 26 15 24 38 17 10 6 21 8 2 45 46 43 27 39 9 16 34 47 23 29 4 40 49 50 37 33 1 22 3 35 30 
student 135: 47 25 20 27 41 21 4 26 7 8 16 45 28 6 18 40 48 14 32 13 24 42 17 15 12 23 9 2 43 49 39 37 30 10 11 34 38 22 33 5 35 50 46 44 31 1 19 3 36 29 
student 136: 49 18 14 29 44 24 10 21 9 12 19 41 31 4 22 42 45 13 26 11 16 38 27 15 7 17 8 5 46 47 40 37 35 6 20 33 43 23 32 3 36 50 48 39 30 1 25 2 34 28 
student 137: 42 24 11 34 44 18 4 29 7 15 19 47 28 9 14 37 49 17 26 10 21 40 22 13 6 23 3 8 43 46 45 33 32 16 12 36 41 25 35 5 38 50 48 39 27 2 20 1 31 30 
student 138: 47 19 11 28 38 20 6 21 9 12 17 44 30 7 18 42 46 16 27 13 22 41 23 14 1 26 8 4 45 50 40 39 32 10 15 36 43 25 29 2 33 49 48 34 37 5 24 3 35 31 
student 139: 46 23 10 29 42 24 6 26 12 15 19 44 32 7 13 43 48 17 30 9 18 41 20 14 3 25 4 8 50 45 39 34 28 5 16 33 38 22 40 11 37 49 47 36 35 2 21 1 31 27 
student 140: 50 15 11 25 40 17 1 27 12 13 20 43 34 3 16 39 42 21 28 8 24 45 19 18 10 29 5 2 48 47 46 37 32 9 14 36 41 26 30 6 35 49 44 38 31 4 22 7 33 23 
student 141: 43 23 14 27 45 18 7 17 13 15 9 38 34 5 20 36 48 21 31 12 22 50 19 16 8 25 3 6 47 42 40 33 35 11 10 32 44 28 29 1 39 49 46 41 30 2 24 4 37 26 
student 142: 50 22 13 30 43 18 7 24 14 15 19 41 31 4 21 36 48 17 26 6 23 40 16 11 9 20 8 5 46 42 45 33 32 12 10 35 44 28 29 2 37 49 47 39 38 1 27 3 34 25 
student 143: 45 19 9 23 43 18 3 27 8 13 15 44 29 5 20 42 49 22 30 16 24 41 17 14 12 25 11 1 39 46 47 37 35 2 10 32 40 21 28 7 31 50 48 34 38 4 26 6 33 36 
student 144: 49 24 12 27 45 19 6 28 13 9 14 50 31 4 15 32 48 22 29 11 23 41 18 16 7 26 8 1 43 47 42 35 30 10 17 38 36 21 25 5 39 44 46 34 40 2 20 3 37 33 
student 145: 49 24 15 26 40 14 7 25 13 9 18 47 33 5 21 35 46 11 29 12 23 38 20 19 10 30 8 3 44 45 41 31 34 6 16 37 43 28 22 2 36 50 48 39 32 4 17 1 42 27 
student 146: 50 19 15 24 42 22 3 16 10 13 21 41 31 9 14 38 48 17 26 12 25 35 20 6 11 28 4 8 46 49 44 34 32 7 18 37 43 27 30 5 40 47 45 39 33 1 23 2 36 29 
student 147: 47 22 11 29 44 24 7 26 1 14 18 38 32 8 6 31 46 16 25 10 20 43 27 12 13 23 9 3 48 49 42 41 35 15 17 37 39 21 28 4 36 50 45 40 34 2 19 5 30 33 
student 148: 49 27 17 25 40 15 9 26 7 10 12 48 31 5 24 39 44 18 29 13 16 36 23 14 11 20 6 3 45 47 43 35 37 8 19 34 42 22 28 4 38 50 46 41 33 2 21 1 32 30 
student 149: 50 30 4 27 41 22 9 24 10 15 18 44 33 8 19 42 47 11 26 12 23 36 21 16 6 25 7 1 43 46 37 39 31 14 13 35 45 20 29 5 38 49 48 40 32 2 17 3 34 28 
student 150: 46 28 3 30 42 21 12 25 14 10 18 50 26 6 20 38 44 17 27 15 8 37 23 11 13 24 7 2 41 45 43 40 31 5 16 33 48 19 32 4 36 49 47 39 34 9 22 1 35 29 
student 151: 50 22 13 29 46 23 6 27 10 12 20 47 34 7 18 41 48 21 31 9 24 38 17 14 8 25 5 4 43 45 39 35 28 11 15 16 36 26 33 3 42 49 40 44 30 1 19 2 37 32 
student 152: 50 22 13 36 42 25 4 24 9 3 23 48 27 2 19 34 47 16 26 10 20 46 21 14 12 30 8 5 44 41 38 40 33 11 15 32 43 28 18 7 37 45 49 39 35 6 17 1 31 29 
student 153: 50 17 13 30 36 18 3 28 12 11 21 45 33 8 16 40 47 19 22 14 25 39 27 15 10 24 6 5 44 48 43 31 32 7 9 37 41 29 26 4 38 49 46 42 23 1 20 2 34 35 
student 154: 49 25 12 28 36 19 7 27 11 14 18 48 30 4 16 43 47 17 24 9 20 40 22 13 6 23 3 10 42 46 39 32 33 8 15 37 44 31 26 5 38 50 45 41 34 2 21 1 35 29 
student 155: 50 22 12 34 43 17 5 24 11 13 21 47 28 6 16 36 45 18 27 9 26 39 19 14 8 23 4 7 44 46 41 30 33 10 15 35 42 25 31 3 38 48 49 40 37 1 20 2 32 29 
student 156: 48 23 14 31 45 16 4 28 11 15 17 46 29 3 12 35 50 22 27 13 20 39 19 18 9 24 5 10 42 44 40 34 32 7 8 37 43 21 26 2 33 49 47 38 41 1 25 6 36 30 
student 157: 49 20 17 29 36 22 2 26 7 10 15 50 28 5 23 40 46 13 30 12 24 35 14 18 3 25 16 4 48 42 44 34 31 11 8 41 39 19 33 6 43 47 45 38 37 9 21 1 27 32 
student 158: 49 19 12 25 41 11 6 29 9 13 20 42 34 3 18 44 50 24 26 14 16 45 21 17 8 22 5 4 37 46 40 35 31 10 15 39 43 28 30 1 32 47 48 38 33 2 23 7 36 27 
student 159: 50 23 15 25 42 18 4 31 9 11 17 43 34 21 16 37 45 10 28 7 19 38 20 14 6 27 8 3 47 46 40 36 24 13 12 39 44 22 30 5 35 49 48 41 29 1 26 2 33 32 
student 160: 49 10 14 20 45 22 11 30 9 8 18 43 28 5 13 39 44 21 33 15 26 42 25 16 7 19 6 4 47 46 35 32 37 12 17 36 40 24 34 2 38 50 48 41 27 3 29 1 31 23 
student 161: 48 28 9 25 45 21 5 29 11 18 22 46 26 6 12 40 47 19 30 13 20 35 17 14 2 24 10 4 41 44 37 33 36 7 16 43 42 23 31 1 39 49 50 34 27 3 15 8 38 32 
student 162: 48 21 16 30 49 15 4 25 3 11 12 44 29 5 14 41 43 19 28 8 20 40 22 13 10 26 6 2 46 47 38 39 33 18 17 34 42 23 32 9 36 45 50 37 31 1 27 7 35 24 
student 163: 43 23 10 27 46 15 3 24 8 9 19 42 32 7 16 36 49 18 26 12 21 39 20 28 11 17 6 2 45 48 38 29 31 14 13 37 44 25 30 5 40 50 47 41 34 4 22 1 35 33 
student 164: 49 24 17 21 41 16 5 23 11 18 10 46 29 6 15 36 43 19 32 14 20 39 25 9 7 27 12 3 45 47 37 35 34 8 13 42 44 26 28 2 38 50 48 40 31 4 22 1 33 30 
student 165: 50 23 12 27 45 19 3 30 10 15 17 48 32 4 21 38 42 16 24 6 18 43 20 13 9 28 8 7 47 37 40 41 31 11 14 39 44 25 29 1 35 49 46 36 26 5 22 2 34 33 
student 166: 46 20 15 26 38 21 8 27 9 11 13 43 28 6 25 34 48 18 32 10 19 36 23 14 7 17 5 2 45 47 41 31 33 12 16 37 44 22 35 4 42 50 49 40 39 1 24 3 29 30 
student 167: 49 19 12 28 39 20 5 27 14 11 17 48 37 7 15 38 46 18 29 10 22 40 23 16 6 25 9 2 45 44 43 34 33 8 13 31 42 21 24 1 41 50 47 36 35 3 26 4 32 30 
student 168: 48 19 13 29 33 16 3 26 10 12 18 45 37 4 11 31 39 15 30 14 27 34 20 17 9 23 5 8 44 46 41 38 42 6 22 24 47 25 28 2 40 50 49 43 32 7 21 1 36 35 
student 169: 49 26 16 22 45 14 5 24 11 13 18 46 34 9 15 41 48 17 30 10 32 40 23 12 8 29 6 4 42 47 39 35 31 7 19 36 44 21 27 3 38 50 43 37 25 1 20 2 33 28 
student 170: 49 18 11 29 40 21 3 27 9 12 20 47 31 4 19 37 45 17 26 13 24 41 16 14 6 23 7 10 42 43 44 33 36 8 15 32 46 25 28 5 39 48 50 38 34 1 22 2 35 30 
student 171: 49 20 18 26 44 16 9 25 8 11 27 47 34 7 15 40 45 21 28 12 19 42 17 13 5 24 10 4 43 46 39 33 32 6 14 38 37 30 23 3 41 50 48 36 29 1 22 2 35 31 
student 172: 50 22 11 19 45 20 1 33 14 15 17 42 26 9 13 44 46 18 30 10 24 39 27 12 4 28 6 3 40 48 37 36 34 7 16 47 38 23 25 5 35 49 43 41 31 2 21 8 32 29 
student 173: 49 25 10 26 35 20 6 32 16 14 12 45 29 5 18 37 42 17 27 11 21 46 19 13 8 23 7 2 41 47 44 40 33 9 15 31 39 22 30 3 36 50 48 38 43 1 24 4 28 34 
student 174: 49 20 16 27 41 18 2 25 10 11 17 48 28 6 13 38 47 15 26 12 21 39 22 19 8 24 4 1 44 45 43 34 33 9 14 36 42 29 30 7 37 50 46 40 32 5 23 3 35 31 
student 175: 49 19 13 28 42 20 6 21 10 14 18 46 32 2 17 39 44 7 30 11 23 38 25 12 5 24 9 4 41 43 45 33 35 15 16 40 47 27 29 3 36 50 48 37 34 1 22 8 31 26 
student 176: 44 22 13 32 46 18 8 23 11 12 19 42 25 2 15 36 45 17 26 9 24 39 20 16 10 29 6 5 43 47 37 34 28 3 14 35 41 27 30 7 48 49 50 40 33 1 21 4 38 31 
student 177: 48 24 9 21 42 18 10 28 7 13 16 44 38 3 17 36 47 15 26 12 20 40 19 14 5 27 6 8 49 45 37 29 31 11 25 39 41 23 32 2 35 50 46 43 34 4 22 1 30 33 
student 178: 48 19 17 31 42 21 2 25 9 11 12 47 32 5 16 36 50 15 33 14 20 39 22 10 8 27 13 4 46 44 41 38 29 6 18 34 45 26 28 1 40 49 43 37 30 3 24 7 35 23 
student 179: 48 26 14 23 42 18 5 27 11 16 19 46 31 7 9 39 49 13 34 12 20 37 21 15 8 29 6 3 44 41 40 38 35 10 17 30 47 24 32 4 36 50 45 43 25 1 22 2 33 28 
student 180: 50 24 12 26 37 20 4 28 9 13 17 48 30 2 10 39 45 15 29 11 21 36 19 18 7 25 8 3 44 41 47 40 32 14 16 35 43 23 31 6 38 46 49 42 33 1 22 5 34 27 
student 181: 50 25 9 26 41 18 6 22 10 12 20 45 33 1 19 35 47 15 28 8 24 39 23 16 4 27 11 2 43 46 40 37 30 14 13 42 38 29 21 7 32 49 48 44 36 3 17 5 34 31 
student 182: 49 33 10 21 41 22 7 19 9 14 27 48 24 1 16 43 46 18 25 13 20 39 17 12 8 23 6 2 40 45 42 37 31 11 15 35 44 29 28 4 36 50 47 38 34 3 26 5 32 30 
student 183: 46 28 11 21 40 20 4 25 8 16 22 45 34 6 13 36 42 17 29 12 23 50 19 14 7 26 9 1 44 49 41 38 31 10 15 35 43 18 27 5 32 47 48 39 30 3 24 2 37 33 
student 184: 49 24 13 28 40 19 9 26 10 11 15 46 32 3 16 39 45 20 27 14 22 41 25 7 8 18 12 4 48 43 36 37 30 5 17 38 44 21 29 1 42 47 50 33 34 6 23 2 35 31 
student 185: 47 18 12 25 42 20 7 29 10 14 19 44 30 4 9 37 50 17 32 15 28 41 16 13 8 21 6 5 46 48 40 39 34 11 24 31 43 23 27 3 35 49 45 36 38 1 22 2 33 26 
student 186: 50 26 13 25 37 18 5 28 11 12 19 47 33 6 16 38 48 17 32 10 23 43 21 15 7 27 8 1 44 46 35 31 29 9 14 40 41 20 30 2 39 45 49 36 34 3 22 4 42 24 
student 187: 47 21 13 26 43 25 7 23 11 12 15 44 36 8 18 42 46 17 20 10 22 40 24 14 6 29 5 1 37 45 28 34 33 9 16 35 50 27 30 4 38 49 48 41 39 2 19 3 32 31 
student 188: 48 22 16 24 45 19 6 28 1 12 26 41 32 4 17 33 47 15 30 14 21 35 18 13 11 31 5 3 44 49 43 34 40 10 9 37 36 23 29 2 42 50 46 39 27 7 20 8 38 25 
student 189: 46 20 14 28 34 24 4 32 11 10 15 45 31 6 17 41 47 23 25 12 21 44 18 16 8 29 7 1 43 49 38 33 30 9 13 40 42 27 22 2 37 50 48 39 35 5 19 3 36 26 
student 190: 49 25 14 26 44 21 5 27 7 12 15 46 30 6 19 41 48 18 28 16 24 40 20 13 3 23 10 4 45 36 38 37 33 8 11 42 43 22 29 9 35 50 47 31 39 1 17 2 34 32 
student 191: 47 21 13 28 43 17 2 26 7 10 19 41 32 9 14 34 44 18 29 12 20 48 23 11 5 25 4 6 40 45 46 38 31 16 15 39 37 22 36 8 35 50 49 42 30 3 24 1 33 27 
student 192: 47 21 14 26 46 24 8 27 7 12 20 43 36 3 16 42 49 18 29 11 17 41 22 15 10 25 9 5 40 45 44 34 37 6 13 38 30 23 28 1 33 50 48 35 32 2 19 4 39 31 
student 193: 50 23 12 28 42 20 1 27 3 9 19 47 31 7 11 43 46 18 30 10 21 35 16 17 15 24 4 13 45 38 36 33 34 8 14 41 44 25 26 5 37 49 48 39 32 2 22 6 40 29 
student 194: 48 23 10 22 44 13 1 26 11 12 20 43 34 6 15 40 50 18 25 21 30 41 16 14 8 28 9 5 46 45 39 35 29 7 17 37 42 24 32 2 38 49 47 36 31 3 19 4 33 27 
student 195: 48 24 14 33 42 22 7 27 9 12 13 49 29 6 19 43 45 15 28 11 20 36 17 18 5 23 8 4 37 47 40 32 34 10 16 39 44 26 31 2 38 50 46 41 25 1 21 3 35 30 
student 196: 49 19 14 23 37 18 3 29 11 13 17 46 33 12 16 40 47 20 24 8 21 41 25 15 4 26 6 7 42 44 45 36 39 9 10 32 38 28 31 1 34 50 48 43 35 5 22 2 30 27 
student 197: 44 21 16 24 37 19 11 23 5 13 22 47 32 6 14 41 46 15 27 10 25 39 18 9 12 33 7 8 48 43 42 35 29 2 17 38 45 31 26 3 40 50 49 36 30 1 20 4 34 28 
student 198: 45 31 10 22 46 18 6 26 11 12 17 43 34 8 13 38 48 19 32 9 21 42 16 20 4 25 14 3 41 47 44 36 30 7 15 33 39 27 23 1 37 50 49 40 29 2 28 5 35 24 
student 199: 49 26 9 25 42 16 5 27 7 14 18 44 28 6 20 39 50 17 29 12 23 40 22 13 8 21 10 4 45 46 41 38 37 11 15 33 43 24 31 3 35 47 48 34 30 1 19 2 36 32 
student 200: 49 16 12 27 47 20 8 31 11 17 18 44 32 3 14 38 46 19 28 13 22 40 21 10 9 26 7 4 43 45 42 36 30 15 6 33 39 24 29 5 37 50 48 41 34 1 23 2 35 25 
student 201: 47 20 17 24 40 16 5 23 3 11 19 41 26 1 13 31 44 14 35 15 29 42 27 9 8 25 6 4 45 48 39 34 36 12 18 38 43 22 30 2 32 50 49 46 37 7 21 10 33 28 
student 202: 48 22 9 24 38 20 3 26 4 16 17 41 29 6 15 34 45 19 27 11 23 37 21 7 8 31 10 5 44 49 46 35 33 13 14 47 42 25 32 1 40 50 43 39 36 12 18 2 30 28 
student 203: 49 21 16 31 45 19 2 25 12 13 17 47 34 4 15 33 42 18 27 10 23 44 22 14 6 24 5 8 48 40 41 36 26 7 11 38 43 20 30 1 39 50 46 37 32 9 28 3 35 29 
student 204: 43 23 12 25 46 29 3 20 9 11 16 47 27 4 19 41 48 17 26 10 18 44 21 14 15 28 8 1 45 42 40 35 32 7 13 39 37 33 30 5 38 49 50 36 34 6 22 2 31 24 
student 205: 50 18 9 28 44 16 4 24 8 13 12 42 34 10 19 38 49 21 27 15 22 39 25 17 5 20 6 7 47 45 43 29 32 11 14 35 41 23 31 3 37 48 46 40 33 2 30 1 36 26 
student 206: 49 20 15 26 41 16 10 24 12 14 19 48 28 8 21 35 45 9 32 13 17 36 27 4 7 25 6 5 47 42 44 37 29 11 23 40 43 22 33 2 34 50 46 39 38 1 18 3 30 31 
student 207: 48 24 8 28 38 17 1 26 11 12 16 46 29 9 19 39 45 18 21 13 22 40 23 14 5 25 10 4 44 47 43 37 32 7 15 35 41 20 33 6 34 50 49 42 36 3 27 2 31 30 
student 208: 48 22 14 32 45 18 7 23 12 11 16 46 38 8 17 35 44 19 25 9 24 36 21 13 5 29 10 4 42 47 41 34 26 6 15 37 43 20 30 1 39 49 50 33 31 2 27 3 40 28 
student 209: 49 21 8 27 46 22 2 24 6 15 20 48 32 3 17 33 44 14 30 10 18 38 19 12 11 25 9 1 43 47 45 34 31 16 13 36 42 23 26 5 41 50 40 39 35 7 29 4 37 28 
student 210: 48 29 17 21 40 26 7 24 5 12 18 43 27 14 9 33 46 16 34 8 19 44 20 10 15 25 3 2 41 47 42 37 31 11 13 35 49 22 28 1 36 50 45 39 38 4 23 6 32 30 
student 211: 48 22 12 30 40 20 5 24 9 13 19 43 28 8 16 29 49 17 25 10 26 39 21 14 11 23 6 4 45 44 41 34 35 7 15 38 47 31 32 1 42 50 46 37 36 3 18 2 33 27 
student 212: 45 29 12 30 46 24 7 25 18 9 16 50 32 5 15 38 44 21 26 10 14 35 17 20 8 19 4 11 43 47 39 37 34 6 13 41 42 22 28 3 36 49 48 40 33 2 23 1 31 27 
student 213: 50 25 8 23 38 16 5 21 11 15 19 40 32 6 17 36 46 18 29 12 20 49 22 14 10 28 9 2 48 41 47 31 27 3 13 30 45 26 33 1 37 43 44 39 35 4 24 7 42 34 
student 214: 45 25 13 27 43 17 6 28 11 10 18 44 31 3 20 39 46 14 26 12 22 37 19 16 7 21 5 4 49 47 42 34 33 9 15 36 32 24 30 2 41 48 50 40 35 8 23 1 38 29 
student 215: 47 23 15 36 46 20 6 26 13 10 18 40 31 7 12 28 44 19 29 14 21 33 11 16 9 24 1 4 42 41 34 43 35 8 17 38 48 27 32 3 25 50 45 49 39 5 22 2 37 30 
student 216: 44 23 12 24 49 21 13 26 15 11 16 47 27 5 10 38 50 18 29 9 19 40 20 17 7 25 6 4 46 45 39 36 32 8 14 37 42 28 30 2 41 48 43 35 34 1 22 3 33 31 
student 217: 48 13 18 27 38 23 5 22 11 9 25 46 30 7 16 36 45 12 26 15 20 41 17 14 8 19 6 4 50 40 43 35 34 10 21 37 44 24 29 3 42 49 47 39 33 2 28 1 31 32 
student 218: 48 19 14 28 43 25 6 22 11 21 16 41 31 7 17 37 47 13 29 8 20 40 18 12 9 23 1 4 45 46 42 35 30 10 15 38 44 27 26 5 34 49 50 36 33 2 24 3 39 32 
student 219: 46 22 16 26 41 17 5 29 11 15 19 43 33 9 20 39 48 14 37 7 21 40 25 18 8 13 10 6 45 47 38 30 27 1 12 42 44 28 23 2 35 49 50 36 32 3 24 4 34 31 
student 220: 50 19 15 28 45 21 3 20 6 16 17 46 29 9 18 39 43 14 31 11 27 41 25 12 7 24 10 1 44 47 42 37 32 13 8 40 38 23 26 4 36 49 48 35 34 5 22 2 33 30 
student 221: 50 22 10 30 43 17 2 28 9 11 14 42 32 8 20 36 49 23 33 13 18 39 24 16 12 19 7 3 46 44 41 40 31 5 15 27 47 25 29 4 34 45 48 38 37 6 21 1 35 26 
student 222: 49 25 15 22 44 20 8 27 6 11 30 39 33 7 21 35 47 13 28 12 19 42 18 14 10 23 2 1 45 48 41 24 31 9 16 43 38 26 29 5 37 50 46 40 36 3 17 4 34 32 
student 223: 47 24 11 25 45 9 6 28 16 18 17 41 29 8 13 27 46 19 31 7 20 35 21 14 12 23 10 1 44 49 39 43 37 4 15 40 36 26 32 3 34 50 48 42 33 5 22 2 30 38 
student 224: 50 27 14 25 39 21 7 31 10 15 17 41 26 8 6 36 49 16 29 12 19 37 20 18 5 28 9 3 45 48 43 35 32 13 11 38 40 24 23 2 34 47 46 44 33 1 22 4 42 30 
student 225: 46 29 14 30 35 22 2 25 10 9 21 45 32 7 11 38 48 18 24 13 26 42 17 20 12 23 8 5 43 47 44 36 27 6 15 37 41 16 28 4 39 50 49 40 34 1 19 3 33 31 
student 226: 48 22 24 21 47 15 4 28 8 10 18 43 31 5 17 45 46 16 25 14 19 39 20 12 2 27 9 7 40 36 42 34 37 13 11 33 49 26 30 3 35 50 44 41 38 6 23 1 32 29 
student 227: 47 17 18 28 44 26 4 25 12 10 19 45 31 6 15 39 46 16 29 9 21 41 20 13 8 24 7 11 50 43 42 35 38 5 14 33 32 23 27 2 40 48 49 37 36 3 22 1 34 30 
student 228: 48 27 12 23 45 19 6 32 10 14 20 43 31 9 17 40 47 13 26 15 21 42 11 18 8 24 7 3 39 44 49 33 36 4 16 38 41 22 30 5 35 50 46 37 34 1 29 2 25 28 
student 229: 50 24 10 22 39 20 1 27 12 13 17 47 37 4 15 30 41 18 28 11 21 45 19 16 6 31 9 7 46 44 43 33 36 8 14 35 42 25 29 3 34 49 48 40 38 2 23 5 32 26 
student 230: 50 28 16 26 39 15 3 29 12 10 18 42 36 7 17 37 44 23 32 13 20 41 22 11 8 21 5 4 48 47 43 38 24 6 14 35 33 25 27 2 46 49 45 40 31 1 19 9 34 30 
student 231: 44 15 14 29 41 16 1 27 8 11 17 46 31 4 19 36 48 21 28 7 24 45 23 13 10 25 3 2 42 43 47 34 30 12 18 35 39 22 26 5 38 50 49 40 37 9 20 6 32 33 
student 232: 46 21 16 30 40 10 5 25 13 9 24 48 28 3 19 38 44 14 26 12 18 39 17 11 8 22 2 7 49 47 42 32 31 15 20 36 45 23 29 1 37 50 43 41 33 4 27 6 34 35 
student 233: 46 28 24 23 44 15 1 25 13 12 16 45 30 4 21 47 49 19 32 11 18 35 17 8 5 26 7 10 38 42 37 36 31 9 14 41 43 22 27 3 39 48 50 40 33 6 20 2 34 29 
student 234: 49 24 14 29 42 16 2 26 10 13 20 50 30 6 17 40 46 18 27 12 21 36 19 15 11 28 4 7 45 43 37 38 25 8 9 39 41 23 31 5 44 48 47 33 34 1 22 3 35 32 
student 235: 47 18 10 25 46 16 12 27 6 8 21 44 35 7 22 38 50 14 28 11 20 40 19 17 13 23 4 3 43 42 48 31 34 9 15 33 41 26 32 2 36 49 45 37 29 1 24 5 39 30 
student 236: 50 23 13 25 42 19 4 29 6 12 20 43 28 2 15 41 45 18 31 11 22 37 16 14 8 24 9 7 49 48 39 34 32 1 17 38 47 26 30 10 35 46 44 40 33 3 21 5 36 27 
student 237: 49 26 10 28 37 22 9 24 14 20 19 42 35 5 15 39 47 16 31 13 23 41 21 12 11 25 6 4 45 44 43 33 30 8 7 38 46 18 27 3 36 48 50 40 34 1 17 2 32 29 
student 238: 49 24 13 29 38 20 6 22 10 14 18 47 30 1 15 39 45 28 27 11 19 33 17 12 9 21 8 3 44 43 41 42 37 7 16 35 46 25 31 5 40 50 48 36 34 4 23 2 32 26 
student 239: 50 20 8 23 41 19 9 30 12 14 17 44 28 7 15 34 47 16 29 18 26 35 24 11 3 21 13 5 43 46 45 31 33 4 10 36 42 25 27 2 37 49 48 38 39 1 22 6 40 32 
student 240: 49 21 8 26 37 17 10 25 12 15 16 43 34 2 14 40 46 18 29 7 22 41 20 13 11 23 9 4 44 48 39 33 36 6 19 35 42 27 28 5 38 47 50 45 30 1 24 3 32 31 
student 241: 42 26 14 33 47 18 8 19 12 10 24 49 30 1 15 39 44 17 23 9 21 41 20 16 5 28 7 11 46 45 43 38 32 6 13 31 40 25 27 4 37 48 50 35 34 3 22 2 36 29 
student 242: 47 25 18 23 40 20 6 28 13 10 15 49 26 9 16 33 45 19 30 11 17 41 22 12 3 29 5 8 46 43 39 32 31 4 14 38 44 27 24 1 36 50 48 42 37 7 21 2 34 35 
student 243: 46 22 9 23 41 16 4 25 10 12 13 50 30 11 18 40 43 17 29 14 20 34 21 24 6 27 5 1 38 44 36 33 31 7 15 47 42 26 28 3 35 48 49 39 37 8 19 2 32 45 
student 244: 50 17 10 28 41 23 8 30 14 15 19 48 27 2 20 40 44 16 29 6 12 38 18 13 9 26 7 4 47 42 45 37 32 11 21 36 46 25 24 5 39 43 49 34 35 3 22 1 33 31 
student 245: 47 24 14 28 41 19 5 26 8 11 17 44 27 7 13 35 45 18 30 10 20 46 22 15 9 25 6 3 49 50 43 33 32 12 16 37 40 21 31 4 36 48 38 42 34 2 23 1 39 29 
student 246: 41 18 13 27 42 17 5 28 14 11 16 48 29 9 15 37 49 12 23 10 25 39 21 20 7 26 6 3 45 44 43 34 32 8 19 33 47 22 31 4 36 50 46 38 35 2 24 1 30 40 
student 247: 50 27 4 30 41 21 6 25 16 10 17 46 26 8 15 38 49 18 31 12 20 39 22 13 7 24 1 3 43 44 40 32 29 9 14 35 42 23 28 11 36 48 47 45 34 2 19 5 37 33 
student 248: 49 23 12 24 42 19 3 28 5 7 13 44 30 9 17 31 43 18 27 16 21 46 20 14 15 22 6 8 41 47 39 35 33 11 10 40 45 25 29 4 38 50 48 37 32 1 26 2 34 36 
student 249: 48 21 13 29 42 19 3 27 5 12 15 45 31 7 17 39 49 18 25 9 23 41 20 11 8 26 10 4 44 43 46 32 34 14 16 35 40 22 28 6 38 50 47 36 33 1 24 2 37 30 
student 250: 39 25 11 27 43 21 4 24 8 15 13 47 30 5 16 32 46 20 29 12 19 42 18 14 9 26 6 7 45 48 40 37 31 10 17 36 44 23 28 3 41 49 50 38 33 2 22 1 35 34 
student 251: 48 21 14 20 43 19 7 25 13 10 17 50 32 1 16 35 46 18 29 12 28 40 22 11 4 26 8 2 47 41 39 34 33 9 15 38 44 24 31 6 36 49 45 37 30 5 23 3 42 27 
student 252: 49 24 15 26 42 17 6 22 3 14 20 39 31 7 16 47 46 19 27 8 23 36 21 11 10 18 4 2 44 43 45 40 33 9 12 32 38 30 28 5 35 48 50 34 37 13 25 1 41 29 
student 253: 45 20 12 29 41 22 4 25 11 9 18 42 33 6 16 44 49 15 28 5 19 37 17 13 2 23 8 14 39 47 43 38 35 10 21 31 46 24 30 3 36 50 48 40 26 7 27 1 34 32 
student 254: 48 17 15 28 46 20 9 23 12 13 14 45 29 6 19 40 47 16 35 7 21 37 22 10 2 27 5 4 41 49 38 31 30 11 18 36 44 33 25 1 39 50 43 42 24 8 26 3 34 32 
student 255: 44 20 13 24 40 22 4 26 11 12 18 46 27 7 16 36 48 14 29 10 21 39 19 15 8 28 6 5 45 47 42 34 31 9 17 38 41 23 33 1 43 50 49 35 32 2 25 3 37 30 
student 256: 43 29 15 25 46 12 1 28 8 14 19 47 33 9 18 30 49 23 31 10 22 42 20 13 11 34 4 3 44 48 40 35 27 7 16 36 39 17 24 6 41 45 50 38 32 2 21 5 37 26 
student 257: 48 26 14 30 43 20 2 29 9 10 18 50 35 5 15 40 45 16 28 11 21 36 24 4 17 22 12 7 44 42 39 38 25 8 13 31 47 23 27 3 34 49 46 37 41 1 19 6 32 33 
student 258: 47 24 8 26 43 19 2 29 5 10 21 44 34 11 17 37 49 18 28 12 23 39 13 14 7 20 15 4 42 46 41 32 33 9 16 38 45 27 31 6 36 48 50 40 30 1 22 3 35 25 
student 259: 46 20 10 29 40 21 11 24 9 15 18 48 31 3 16 38 49 13 27 12 22 42 19 14 8 30 6 1 43 44 41 36 34 7 17 35 45 26 28 2 37 47 50 39 33 5 25 4 23 32 
student 260: 48 26 15 29 43 24 8 23 14 10 18 37 33 5 11 40 47 17 32 16 19 36 21 9 6 13 12 4 45 46 42 38 27 7 25 35 44 20 30 3 39 49 50 41 31 1 22 2 34 28 
student 261: 47 23 12 32 42 20 1 24 10 9 18 46 30 6 14 44 45 16 21 13 22 41 19 15 11 26 8 5 43 48 39 35 31 7 17 33 38 25 27 3 40 49 50 37 36 2 29 4 34 28 
student 262: 49 21 17 23 41 18 7 25 16 10 13 44 26 6 22 36 46 14 28 11 27 43 20 12 8 19 4 5 45 42 39 37 33 9 15 35 47 34 30 3 38 50 48 40 32 1 24 2 29 31 
student 263: 50 21 12 33 42 17 4 32 8 13 16 46 30 5 20 37 45 23 25 14 19 41 18 10 7 22 11 3 44 38 39 31 29 9 15 36 43 28 26 6 49 48 47 40 24 1 27 2 35 34 
student 264: 46 26 16 21 41 17 5 25 12 15 10 43 40 3 22 35 45 18 28 14 13 34 27 19 11 23 9 7 44 48 39 36 32 6 8 38 47 24 29 4 33 50 49 42 37 1 20 2 31 30 
student 265: 48 28 11 26 39 19 2 25 9 12 16 41 29 6 18 37 47 14 27 15 23 43 20 17 5 21 8 4 44 45 40 35 30 10 13 31 49 24 32 1 38 50 46 42 33 3 22 7 36 34 
student 266: 48 25 18 28 40 24 5 26 7 11 20 43 31 6 17 37 49 16 27 12 21 39 15 8 1 22 9 4 50 45 44 41 32 14 13 35 42 23 30 3 33 46 47 38 34 2 19 10 36 29 
student 267: 48 21 8 28 42 16 4 25 14 5 20 50 31 2 19 37 46 18 27 13 24 38 15 10 12 26 9 6 44 43 40 32 30 7 17 36 45 23 29 3 35 49 47 41 34 1 22 11 39 33 
student 268: 44 21 11 33 43 25 6 27 10 15 18 46 31 8 14 39 47 16 26 12 22 41 13 17 9 32 5 3 45 49 42 35 28 7 19 36 38 20 30 2 37 48 50 40 29 4 24 1 34 23 
student 269: 47 24 17 29 45 16 2 21 10 9 22 48 26 6 14 43 39 18 25 5 23 35 20 13 12 28 11 4 41 46 37 38 32 7 15 40 42 27 31 3 34 49 50 44 33 1 19 8 36 30 
student 270: 47 21 18 25 34 19 6 29 8 13 17 45 24 5 16 42 50 20 30 14 23 33 12 15 10 28 9 4 44 46 39 36 32 7 11 37 43 22 31 3 41 49 48 40 35 2 26 1 38 27 
student 271: 45 25 11 27 38 21 8 23 10 13 19 46 24 12 14 41 43 17 31 9 18 42 20 15 5 26 6 3 40 44 47 35 29 7 16 36 49 22 28 1 37 50 48 32 39 4 33 2 30 34 
student 272: 45 23 14 22 39 16 4 26 10 12 18 40 30 8 17 37 49 19 31 11 25 38 20 15 7 21 9 1 42 48 47 36 32 6 13 27 41 24 35 3 44 50 46 43 34 2 29 5 33 28 
student 273: 48 20 9 28 45 16 4 24 10 12 23 46 27 5 14 39 44 17 35 11 19 40 21 18 13 22 8 7 42 47 41 29 33 2 15 37 38 25 30 6 34 50 49 43 32 1 26 3 31 36 
student 274: 48 19 13 31 42 20 8 26 17 12 18 43 35 5 16 46 44 15 27 10 22 38 24 9 7 21 6 4 41 50 40 28 29 11 14 36 47 23 30 3 37 49 45 39 33 1 25 2 34 32 
student 275: 50 25 10 27 41 19 5 24 14 11 28 40 34 6 20 32 42 17 23 15 18 39 16 12 8 22 7 3 49 47 46 37 31 9 13 38 45 29 26 4 36 48 43 44 30 2 21 1 35 33 
student 276: 48 22 14 24 37 16 5 32 12 2 25 42 36 10 13 38 50 19 31 11 20 41 21 18 9 30 8 4 47 39 45 44 28 7 15 29 46 17 23 6 35 49 40 43 34 1 26 3 27 33 
student 277: 48 27 10 23 43 22 2 33 9 13 11 38 28 8 18 36 45 20 30 15 19 44 16 14 12 29 1 7 40 46 41 24 35 6 17 37 47 26 34 5 32 50 49 39 31 4 21 3 42 25 
student 278: 48 26 13 27 38 12 2 29 8 18 19 44 31 4 14 35 49 21 28 10 24 39 22 15 11 20 6 3 43 46 41 40 32 9 17 34 42 25 30 1 37 50 47 45 33 5 16 7 36 23 
student 279: 47 22 15 26 43 24 6 23 9 10 18 45 37 7 16 38 46 17 27 11 25 41 20 14 8 21 2 5 44 50 40 35 31 12 19 34 42 28 30 1 36 48 49 39 33 4 13 3 32 29 
student 280: 50 19 14 23 35 22 9 25 12 13 24 45 34 5 15 46 47 20 32 11 18 43 16 2 6 21 8 7 40 44 33 37 30 10 17 38 41 27 29 1 36 48 49 39 28 3 26 4 42 31 
student 281: 49 15 10 24 44 22 4 29 8 13 26 38 31 14 21 36 45 17 30 12 20 43 19 16 9 23 6 3 42 47 33 40 28 5 11 39 41 25 32 7 46 48 50 37 34 1 18 2 35 27 
student 282: 49 24 16 26 42 18 9 28 6 14 20 43 32 7 15 38 47 17 21 8 19 40 22 13 10 25 4 3 48 45 41 37 33 12 11 34 44 23 27 5 35 46 50 39 36 1 29 2 31 30 
student 283: 49 25 13 31 37 23 3 26 14 12 22 47 29 5 18 38 43 11 27 16 10 35 20 19 9 17 7 2 44 46 40 30 36 8 15 33 42 28 34 4 39 50 48 45 32 1 21 6 41 24 
student 284: 42 17 10 23 44 20 6 28 25 18 21 49 33 7 14 45 46 15 19 8 24 39 16 9 5 26 12 3 47 48 40 32 35 13 11 37 43 27 29 4 36 50 41 34 30 1 22 2 38 31 
student 285: 49 21 9 30 43 22 6 24 13 14 18 40 33 8 20 41 47 16 28 15 27 42 17 12 7 25 3 5 45 46 37 31 32 10 11 38 44 19 26 2 35 50 48 39 34 1 23 4 36 29 
student 286: 43 28 12 23 42 22 5 29 8 6 19 46 30 7 9 41 50 17 27 11 16 40 20 18 13 25 14 1 45 47 44 34 31 4 15 39 38 26 32 3 36 49 48 37 33 10 21 2 35 24 
student 287: 50 17 6 27 44 13 7 23 12 14 25 48 30 5 16 38 45 20 28 10 19 37 22 11 9 24 8 4 41 42 40 36 32 15 18 33 43 26 29 3 46 49 47 34 35 1 21 2 39 31 
student 288: 50 22 14 28 42 24 7 25 13 10 15 45 33 8 9 39 48 18 30 5 20 41 19 16 12 23 2 6 43 47 40 37 32 11 17 31 44 21 27 4 38 46 49 36 34 1 29 3 26 35 
student 289: 48 22 12 33 43 16 5 29 10 14 17 40 34 7 18 39 42 20 31 11 19 41 21 15 4 24 8 6 35 47 45 28 32 9 13 38 50 25 27 2 30 49 46 37 44 3 23 1 36 26 
student 290: 49 23 13 26 43 18 12 27 9 10 22 48 33 7 17 38 46 14 25 11 20 40 19 15 4 28 3 6 42 45 41 39 36 8 16 37 44 24 31 2 34 50 47 35 30 1 21 5 32 29 
student 291: 47 25 14 26 41 19 5 29 4 9 16 42 27 6 12 40 48 18 32 13 22 36 21 17 11 24 10 1 46 50 43 30 37 8 15 31 44 23 28 3 35 49 45 39 34 7 20 2 38 33 
student 292: 43 23 13 26 42 16 3 27 10 9 15 45 31 5 18 34 48 19 28 14 22 37 20 7 12 24 8 1 47 44 41 36 33 11 17 40 46 25 32 6 35 49 50 39 38 2 21 4 30 29 
student 293: 46 21 12 29 42 17 6 28 11 13 24 48 30 4 18 39 45 16 23 9 22 41 20 14 7 26 8 2 44 47 40 33 31 10 15 36 43 25 34 1 35 49 50 37 32 3 19 5 38 27 
student 294: 48 26 14 27 44 17 7 33 10 4 19 43 32 3 16 36 46 18 30 11 21 38 20 13 12 25 9 2 47 49 42 40 35 6 15 39 41 22 31 8 29 50 45 37 28 1 24 5 34 23 
student 295: 47 21 7 24 45 18 2 32 13 12 17 49 30 4 11 42 46 16 27 20 28 29 19 14 8 26 9 6 41 44 36 34 25 10 15 38 40 23 31 5 43 50 48 39 37 1 22 3 33 35 
student 296: 50 16 12 27 44 21 4 29 8 10 17 45 31 6 20 39 47 23 11 18 19 37 24 13 9 22 7 5 48 49 41 34 38 15 14 36 43 26 28 2 40 42 46 35 33 1 25 3 32 30 
student 297: 46 23 13 29 42 22 8 30 7 12 17 48 36 10 18 35 49 14 26 9 20 40 19 15 5 21 2 6 45 41 38 37 31 11 16 39 47 24 27 4 33 44 50 43 34 3 28 1 25 32 
student 298: 50 25 10 21 44 16 4 22 9 19 20 43 31 5 18 38 46 11 32 14 13 39 23 15 8 30 2 7 47 49 37 35 29 12 17 33 41 26 27 6 40 48 45 42 28 3 24 1 36 34 
student 299: 46 24 13 25 44 21 8 29 17 12 18 45 36 9 16 38 48 20 32 11 19 42 23 6 5 27 7 4 41 43 39 37 28 10 15 34 47 22 30 1 35 49 50 40 33 2 14 3 31 26 
student 300: 50 24 17 21 41 18 8 25 11 12 19 45 31 7 14 35 48 16 30 10 22 43 20 13 9 26 4 6 46 47 39 36 34 5 15 33 42 29 27 2 37 49 44 40 38 3 23 1 32 28 
student 301: 50 28 13 25 48 30 4 31 16 12 17 44 27 7 15 37 43 22 26 9 18 40 24 10 6 21 11 3 45 39 42 32 34 5 14 38 49 19 23 8 36 46 47 41 35 1 20 2 33 29 
student 302: 45 16 13 30 41 23 4 29 12 18 15 42 31 6 17 37 43 14 20 8 22 40 21 11 9 27 7 2 50 46 44 32 28 10 19 39 47 25 26 5 36 49 48 38 34 1 24 3 35 33 
student 303: 50 15 9 22 43 16 3 29 12 11 21 44 34 8 14 38 49 25 27 18 26 39 23 17 10 24 5 6 45 41 42 36 31 7 13 35 48 20 28 1 37 47 46 40 32 4 19 2 33 30 
student 304: 50 18 6 32 37 17 7 30 9 13 16 47 33 3 22 40 46 15 29 10 19 43 21 14 12 27 8 11 38 44 42 36 34 4 20 35 45 23 26 5 39 49 48 41 28 1 25 2 31 24 
student 305: 50 22 16 23 38 21 5 25 10 9 17 43 33 3 15 41 49 20 27 12 29 37 18 14 11 26 6 4 44 45 39 32 34 8 13 35 48 24 28 7 36 46 47 40 42 1 19 2 30 31 
student 306: 49 22 13 25 50 24 5 21 8 10 17 44 26 6 14 35 48 18 28 12 30 38 19 16 3 23 7 1 47 43 41 29 31 9 15 39 46 27 36 11 42 45 40 37 32 2 20 4 33 34 
student 307: 49 23 13 20 40 21 7 24 12 9 15 46 30 6 18 32 48 28 35 8 19 44 17 16 11 33 4 3 37 43 47 36 34 10 14 25 42 22 26 2 38 45 50 41 31 1 29 5 27 39 
student 308: 49 15 9 29 40 14 5 21 7 16 17 42 32 8 10 41 48 19 28 22 23 36 20 12 11 27 3 6 45 46 39 38 31 13 18 43 44 24 30 1 35 47 50 37 33 2 26 4 34 25 
student 309: 49 20 12 26 44 24 5 29 13 14 16 45 27 8 21 33 47 9 28 11 19 37 23 17 10 25 6 4 43 46 42 39 30 7 15 34 41 22 35 3 38 48 50 40 36 2 18 1 32 31 
student 310: 47 23 13 30 39 17 3 24 10 11 22 49 33 5 19 38 46 16 34 12 21 42 18 15 6 20 9 1 41 45 43 37 28 8 14 29 44 25 26 2 40 50 48 35 32 7 27 4 36 31 
student 311: 49 23 11 26 45 15 8 25 14 16 20 44 32 2 17 38 46 13 27 12 18 41 19 22 9 31 6 1 40 50 43 36 28 7 10 35 39 24 29 4 42 47 48 37 34 3 21 5 33 30 
student 312: 47 26 17 24 44 18 7 27 12 15 16 50 30 8 20 36 41 11 31 9 23 39 21 13 3 29 6 5 40 45 42 37 35 10 14 38 43 22 25 4 46 48 49 32 34 1 19 2 33 28 
student 313: 47 29 16 24 45 14 2 28 19 11 20 50 31 6 23 38 42 8 26 15 18 41 21 9 10 22 12 1 46 43 39 34 33 3 13 37 49 17 30 5 36 48 44 40 25 4 27 7 35 32 
student 314: 50 21 11 28 41 22 5 27 16 10 23 47 29 7 18 36 46 20 30 4 15 35 17 14 8 31 9 6 45 44 40 38 26 12 13 34 43 24 33 1 42 49 48 39 32 2 19 3 37 25 
student 315: 48 25 17 26 40 13 6 24 8 15 19 44 29 9 18 41 50 16 30 3 20 47 22 12 7 23 10 2 42 45 43 39 33 11 14 32 38 28 27 5 37 49 46 35 34 4 21 1 36 31 
student 316: 50 22 12 28 44 18 5 29 6 19 15 45 32 7 21 38 43 13 23 11 24 42 20 14 10 25 9 3 47 41 39 35 37 8 17 40 46 27 26 4 36 49 48 34 33 1 16 2 31 30 
student 317: 49 23 12 28 40 19 2 30 15 10 14 45 29 5 20 36 48 16 26 17 21 42 18 13 8 22 11 4 43 46 37 34 33 9 7 35 44 25 32 3 39 47 50 41 31 1 24 6 38 27 
student 318: 47 19 9 20 44 22 3 29 17 18 16 46 32 4 21 35 45 14 27 13 23 39 24 7 8 15 11 6 43 50 40 33 36 10 12 37 42 26 30 2 41 49 48 38 31 1 25 5 34 28 
student 319: 49 22 14 28 43 20 4 26 10 13 16 47 27 7 19 39 46 15 29 8 23 40 21 17 9 24 2 5 37 48 42 35 34 11 12 38 36 25 30 6 44 50 45 32 31 1 18 3 33 41 
student 320: 49 22 12 26 41 19 4 25 14 10 17 43 31 8 5 38 46 18 32 13 24 40 15 16 9 21 6 7 47 45 39 33 34 11 20 36 44 27 28 1 37 50 48 42 30 2 23 3 35 29 
student 321: 50 23 12 29 39 22 6 27 4 11 19 42 33 15 16 36 49 20 32 13 25 45 17 9 8 24 7 5 41 48 47 28 31 10 14 37 40 26 18 2 38 44 43 46 34 3 21 1 35 30 
student 322: 46 24 11 26 47 21 4 25 12 14 17 44 35 10 20 45 42 13 31 5 19 38 23 18 8 30 7 6 49 39 41 34 28 9 16 33 43 22 32 2 37 50 48 40 29 1 15 3 36 27 
student 323: 47 24 15 34 44 21 6 26 11 12 17 43 28 8 14 39 48 22 27 5 16 36 20 13 9 23 10 4 40 46 32 33 30 7 18 37 41 25 29 3 38 50 49 45 31 2 19 1 35 42 
student 324: 50 14 13 27 43 23 7 30 10 18 21 49 33 5 19 32 48 17 24 11 15 41 26 12 9 20 3 4 44 42 40 34 31 6 16 37 38 28 29 1 39 47 46 45 35 2 22 8 36 25 
student 325: 50 23 10 27 39 20 4 25 12 15 18 44 34 7 16 40 46 17 26 13 21 35 19 14 8 24 5 6 49 47 41 37 32 9 11 36 43 29 31 1 38 48 45 42 28 2 22 3 33 30 
student 326: 50 22 19 26 43 15 5 16 11 13 18 46 31 8 14 41 49 12 28 17 21 42 23 7 4 29 3 6 39 44 34 40 27 9 20 38 45 25 30 10 37 48 47 35 33 1 24 2 36 32 
student 327: 49 26 11 25 45 22 12 29 7 9 13 46 32 3 21 42 50 33 24 17 18 39 16 15 14 19 5 6 43 47 41 38 20 8 10 35 40 23 30 2 37 44 48 36 28 1 27 4 34 31 
student 328: 47 24 10 29 48 15 3 26 14 11 18 50 32 8 27 38 44 13 28 17 20 42 19 16 6 23 9 4 46 45 41 37 31 7 12 39 40 21 30 5 34 49 43 33 35 1 22 2 36 25 
student 329: 47 25 13 30 37 21 9 24 10 15 17 42 28 2 14 43 45 19 32 16 18 39 20 12 7 27 6 5 48 40 44 35 31 8 11 29 46 22 26 4 41 50 49 38 36 1 23 3 33 34 
student 330: 49 21 14 32 42 20 9 25 6 11 17 47 34 8 15 38 46 16 23 13 19 40 22 18 4 27 3 2 43 45 39 36 29 10 12 35 44 26 28 5 37 50 48 41 31 1 24 7 33 30 
student 331: 47 13 10 29 41 19 4 26 5 17 28 44 34 1 18 38 48 20 30 11 22 45 16 14 12 23 9 8 50 46 42 37 32 2 15 33 40 25 24 6 36 49 43 39 35 3 21 7 31 27 
student 332: 50 25 10 33 44 19 5 23 6 7 16 46 32 14 12 34 43 17 27 15 22 37 20 13 8 24 9 2 45 47 42 31 38 11 18 28 41 21 30 4 39 49 48 36 35 1 26 3 40 29 
student 333: 50 18 7 28 43 14 8 27 11 12 20 49 29 10 19 37 44 17 26 6 23 36 24 9 5 22 16 4 45 47 42 35 32 13 15 34 40 21 30 2 39 48 46 38 33 3 25 1 41 31 
student 334: 48 21 11 26 39 15 4 27 9 18 22 49 34 7 17 38 44 14 30 10 19 43 23 13 8 24 2 6 45 46 41 32 29 12 20 35 42 31 25 5 37 50 47 40 33 3 16 1 36 28 
student 335: 44 19 16 26 40 20 1 30 15 7 13 43 31 6 14 46 45 21 27 9 22 34 25 17 5 23 11 4 47 48 39 35 29 8 18 37 42 24 28 3 41 50 49 38 32 10 12 2 33 36 
student 336: 44 14 9 27 40 20 2 25 11 13 19 45 30 6 16 39 43 22 28 4 21 41 17 15 8 26 10 3 46 50 42 33 35 12 18 34 47 23 29 7 36 48 49 38 37 1 24 5 32 31 
student 337: 49 25 14 27 46 19 5 23 7 12 18 43 30 4 15 39 41 16 29 13 21 40 24 11 6 26 10 9 38 47 44 34 31 8 17 37 36 28 20 1 45 50 48 42 35 3 22 2 33 32 
student 338: 49 24 13 27 34 19 5 26 9 10 18 43 29 15 16 44 46 17 30 14 11 40 23 20 7 21 6 4 41 45 36 39 38 8 12 35 48 25 28 3 37 50 47 42 31 2 22 1 33 32 
student 339: 48 22 10 25 44 18 5 23 13 15 12 46 33 8 16 37 47 20 26 7 21 38 19 14 9 30 6 3 49 45 41 36 35 11 17 32 40 27 31 1 34 43 50 42 28 4 24 2 39 29 
student 340: 49 24 12 29 44 18 8 25 11 15 14 46 32 5 19 33 45 17 26 6 22 40 20 13 10 30 7 3 41 42 43 36 27 9 16 38 48 21 28 2 37 50 47 39 35 1 23 4 31 34 
student 341: 50 23 9 31 43 14 4 25 12 19 18 44 35 7 15 41 48 17 28 10 20 27 21 16 11 24 5 6 47 42 39 40 33 8 13 38 45 29 30 2 37 49 46 36 34 3 22 1 32 26 
student 342: 49 23 9 29 38 17 8 27 11 14 19 44 32 5 16 40 46 21 28 10 20 43 18 15 13 25 2 1 45 47 35 37 30 7 12 34 42 24 26 6 36 50 48 41 33 3 22 4 39 31 
student 343: 48 22 14 26 45 16 3 29 10 8 17 46 34 5 15 40 47 21 27 11 20 37 19 12 9 24 6 1 44 49 39 31 30 13 18 41 43 25 32 7 36 50 42 38 28 2 23 4 35 33 
student 344: 48 28 14 20 39 19 6 25 3 13 27 45 32 9 17 42 47 22 29 10 23 31 16 12 8 21 15 1 44 46 41 33 35 7 11 40 43 30 24 2 38 50 49 34 36 4 18 5 37 26 
student 345: 50 28 11 31 39 23 8 25 9 14 16 41 32 3 13 35 48 17 27 10 21 40 18 19 7 20 5 4 45 46 43 33 29 12 15 37 44 22 26 6 42 47 49 38 36 1 24 2 34 30 
student 346: 49 26 12 30 40 20 5 24 7 15 17 46 35 9 13 36 43 14 27 11 18 44 23 16 10 28 8 6 45 41 37 38 25 2 19 31 48 22 33 3 39 50 47 42 32 4 21 1 34 29 
student 347: 47 23 14 26 44 18 6 21 9 13 19 38 33 5 20 43 48 15 28 11 27 36 16 12 7 25 10 4 45 42 40 34 30 8 17 31 46 24 29 1 35 50 49 41 32 2 22 3 39 37 
student 348: 46 24 17 25 39 23 5 22 16 12 18 45 29 6 14 35 49 13 28 7 19 44 10 20 9 27 11 3 41 48 43 32 31 8 15 38 40 26 30 2 37 47 50 42 33 1 21 4 36 34 
student 349: 49 24 14 25 41 21 8 29 12 4 16 43 31 3 17 40 44 13 20 15 23 45 19 9 10 18 7 6 46 48 42 34 36 11 22 35 39 26 28 5 38 50 47 37 32 2 30 1 33 27 
student 350: 50 21 14 25 45 17 1 23 10 12 18 49 35 9 16 42 43 20 31 6 19 46 30 15 4 26 5 2 40 47 32 38 36 8 13 28 39 22 27 11 41 44 48 34 29 3 24 7 37 33 
student 351: 48 23 11 28 34 18 4 24 8 14 17 44 27 9 10 37 50 21 29 16 26 49 22 15 5 19 12 6 39 43 46 36 31 7 13 38 42 25 35 2 33 45 47 41 32 3 20 1 40 30 
student 352: 43 21 12 26 44 30 7 25 11 9 23 41 32 4 18 34 48 15 28 13 17 46 20 14 10 24 8 5 42 45 40 38 37 6 16 33 47 22 27 3 36 49 50 39 31 1 19 2 35 29 
student 353: 49 22 20 19 42 23 4 32 14 9 15 35 29 2 13 41 44 18 27 12 24 43 17 8 6 25 5 10 40 46 38 36 34 11 16 37 45 28 31 7 39 50 47 48 26 1 21 3 33 30 
student 354: 50 25 17 28 44 24 5 23 10 13 19 45 33 1 15 38 46 12 27 11 20 37 18 14 7 26 6 3 43 47 41 36 31 8 16 34 42 21 30 9 39 49 48 40 32 4 22 2 35 29 
student 355: 50 24 13 25 42 18 2 28 9 14 17 46 36 3 19 35 43 8 29 12 21 41 20 15 7 22 5 6 44 47 39 32 31 11 16 38 45 33 34 10 26 48 49 40 27 4 23 1 37 30 
student 356: 50 24 10 31 40 22 4 26 7 13 15 45 30 8 21 39 46 18 27 9 17 47 25 14 12 23 6 3 42 44 43 36 33 11 16 38 41 19 28 5 37 48 49 35 32 1 20 2 34 29 
student 357: 48 24 9 30 42 19 5 27 8 12 23 46 31 7 17 40 47 20 29 13 26 39 18 11 16 21 10 4 25 49 43 34 36 6 14 38 45 15 32 3 37 50 44 41 28 1 22 2 33 35 
student 358: 50 27 13 23 40 16 4 25 6 20 24 45 31 3 15 37 47 17 29 9 19 38 18 11 7 22 12 10 48 43 42 33 36 8 14 44 41 28 26 1 35 49 39 46 34 2 21 5 32 30 
student 359: 42 20 10 31 44 13 2 27 6 3 19 47 28 5 12 40 45 17 23 8 21 30 22 18 9 24 15 4 39 48 36 35 43 14 16 38 46 34 33 11 37 49 50 41 26 1 25 7 32 29 
student 360: 49 23 14 25 41 18 9 27 8 17 11 44 32 5 22 36 45 15 31 7 20 40 19 12 10 26 6 4 48 46 43 35 37 13 16 28 42 24 29 3 38 47 50 39 34 2 21 1 33 30 
student 361: 47 26 9 28 45 18 10 32 5 15 21 42 35 12 16 38 44 8 24 7 20 34 19 14 4 23 11 6 43 46 40 37 29 13 17 33 48 27 31 2 39 50 49 41 30 1 22 3 36 25 
student 362: 49 22 14 27 42 21 5 29 11 9 12 45 28 10 18 36 46 15 33 8 19 39 20 16 7 26 6 4 44 48 41 35 30 13 17 37 43 24 23 3 32 50 47 40 38 2 25 1 34 31 
student 363: 49 20 12 26 43 16 6 13 15 11 30 47 29 9 19 36 48 21 31 7 17 46 22 14 10 28 8 4 41 42 39 35 32 5 18 37 44 24 25 3 38 50 45 40 33 2 23 1 34 27 
student 364: 48 22 14 24 39 20 5 25 7 10 18 44 29 6 16 43 47 17 33 12 21 37 19 11 8 23 15 2 46 49 41 27 36 4 13 42 40 30 28 9 38 50 45 34 31 3 26 1 32 35 
student 365: 48 22 10 26 44 15 1 28 4 16 23 47 29 5 12 38 49 14 30 18 24 37 20 17 9 19 8 7 43 42 41 27 33 11 13 34 45 25 31 3 36 50 46 40 32 6 21 2 35 39 
student 366: 49 26 12 25 45 24 5 15 10 18 19 43 32 9 13 39 48 17 28 11 21 44 20 16 6 27 3 4 42 47 40 34 31 8 14 35 41 23 36 7 33 50 46 37 38 1 22 2 30 29 
student 367: 50 24 12 31 38 20 10 28 11 13 19 48 29 9 15 30 45 18 32 7 22 41 16 14 5 21 3 4 46 49 43 35 27 8 26 40 42 17 37 2 39 44 47 36 34 6 23 1 33 25 
student 368: 48 22 11 23 30 18 5 20 6 19 16 42 36 2 15 39 49 17 27 13 21 41 24 12 9 32 1 10 47 45 40 35 29 8 14 34 43 25 28 7 37 50 46 44 31 4 26 3 38 33 
student 369: 50 23 13 25 41 28 3 15 12 8 18 44 34 6 14 36 42 19 29 4 21 38 20 17 9 24 10 7 45 47 40 46 30 11 16 33 43 31 26 1 37 49 48 39 35 2 22 5 32 27 
student 370: 49 15 12 25 41 26 4 27 9 18 16 48 31 7 19 36 44 17 30 13 22 42 20 11 10 21 3 6 43 45 40 35 24 8 14 37 46 29 32 5 38 50 47 39 34 1 28 2 33 23 
student 371: 50 23 15 29 44 22 7 28 11 10 16 43 31 8 17 37 42 14 26 12 18 39 20 13 9 25 5 3 46 49 41 35 33 4 19 36 40 24 30 2 45 48 47 38 34 1 21 6 27 32 
student 372: 48 19 10 29 42 13 6 25 7 16 18 46 31 8 11 41 44 15 24 14 21 38 28 20 12 26 9 4 45 47 32 33 34 1 17 37 43 23 30 2 39 49 50 40 36 3 22 5 35 27 
student 373: 47 29 6 36 42 16 5 25 19 12 14 44 27 3 17 32 46 15 26 8 18 37 23 13 11 24 7 9 48 41 31 38 35 10 21 45 43 20 30 1 40 49 50 39 28 4 22 2 34 33 
student 374: 45 21 12 26 43 19 5 23 8 13 22 48 32 4 17 38 49 16 29 11 18 37 24 15 10 30 6 7 47 46 41 35 36 9 14 39 44 25 27 2 33 50 40 42 31 1 20 3 34 28 
student 375: 49 23 9 22 42 17 5 31 10 13 16 48 32 3 15 38 47 19 28 8 18 40 24 11 20 26 6 2 39 45 41 33 30 7 14 43 44 21 29 12 36 50 46 37 34 1 25 4 35 27 
student 376: 47 28 10 33 42 17 5 25 8 7 13 43 24 11 23 39 50 16 27 18 21 38 15 12 6 30 4 9 49 44 41 36 31 14 20 40 46 22 32 3 34 45 48 37 26 1 19 2 35 29 
student 377: 46 23 12 29 43 21 9 31 10 7 17 50 34 5 13 36 45 20 19 6 24 41 18 14 16 32 11 4 42 49 40 33 26 8 15 38 44 28 25 2 37 48 47 39 35 1 22 3 27 30 
student 378: 49 24 14 27 48 21 5 28 1 12 11 42 30 3 16 46 44 22 31 9 26 40 18 10 8 23 13 4 43 45 39 36 32 6 17 34 41 20 19 15 35 47 50 38 37 2 25 7 33 29 
student 379: 49 23 13 27 42 19 4 25 8 7 21 46 26 6 15 38 47 18 24 12 20 41 17 16 10 31 11 3 45 43 40 36 30 9 14 35 44 29 32 5 37 50 48 39 34 1 22 2 33 28 
student 380: 46 23 10 24 41 20 7 21 9 13 14 45 30 4 15 34 50 17 28 11 22 42 25 18 12 26 5 6 44 47 39 40 33 8 16 36 43 27 29 1 32 48 49 38 35 3 19 2 37 31 
student 381: 50 27 15 28 44 19 4 24 11 12 14 47 30 8 18 39 46 13 26 9 17 38 10 21 6 29 7 5 42 43 41 37 35 16 22 34 45 23 25 2 40 49 48 36 32 1 20 3 33 31 
student 382: 46 22 16 21 42 11 5 15 20 10 23 49 28 8 14 40 44 18 26 13 33 41 19 12 3 38 7 6 47 50 37 35 27 9 17 34 43 24 25 2 39 45 48 36 30 4 29 1 31 32 
student 383: 49 19 10 25 42 16 2 26 13 12 21 45 33 7 15 36 48 20 30 9 18 47 22 14 5 24 6 8 41 43 40 38 32 11 17 39 44 23 29 1 35 50 46 37 31 4 28 3 34 27 
student 384: 45 22 14 31 41 16 2 23 11 9 20 48 18 8 15 36 47 19 30 25 29 43 21 10 7 32 12 1 40 42 44 38 17 5 13 35 46 26 28 3 39 49 50 37 24 6 27 4 34 33 
student 385: 50 24 15 28 43 23 9 29 3 12 5 44 31 8 21 38 45 20 27 18 19 42 14 13 10 22 7 6 48 46 39 34 33 11 16 36 41 25 30 1 37 49 47 40 35 2 17 4 32 26 
student 386: 49 22 14 28 43 18 6 25 10 13 23 44 32 4 15 39 45 20 17 12 16 40 19 21 7 30 5 8 41 46 42 37 35 9 11 33 47 27 29 3 38 50 48 36 24 1 26 2 31 34 
student 387: 46 23 16 27 39 13 8 25 14 10 20 42 30 2 18 35 47 22 26 15 6 37 17 12 7 28 3 4 43 50 44 33 32 11 19 40 45 24 29 9 36 49 48 41 31 1 21 5 34 38 
student 388: 49 27 14 29 41 17 6 30 15 23 19 44 32 10 13 38 47 16 22 11 18 40 20 8 7 26 5 3 45 43 42 35 28 9 12 34 46 24 31 4 37 50 48 39 33 1 25 2 36 21 
student 389: 50 30 15 32 42 17 5 24 10 14 22 45 26 4 16 40 43 23 27 11 19 33 18 13 12 25 7 6 44 48 41 28 29 8 9 36 39 20 31 1 46 49 47 38 35 3 21 2 37 34 
student 390: 50 23 13 29 39 19 11 31 4 10 17 47 30 6 15 33 43 16 26 14 27 42 20 18 7 22 9 2 45 49 38 35 34 8 12 37 44 24 25 1 41 46 48 40 32 5 21 3 36 28 
student 391: 50 21 12 23 41 18 7 26 5 9 22 45 30 10 15 33 48 20 27 8 25 38 19 13 11 28 4 6 44 47 36 34 35 17 14 39 43 16 29 2 42 46 49 40 37 1 24 3 31 32 
student 392: 50 23 13 29 35 19 3 27 14 11 17 44 31 7 15 38 47 20 28 10 22 46 21 9 8 25 6 4 41 45 40 32 30 12 16 39 43 26 33 1 37 48 49 42 34 2 18 5 36 24 
student 393: 45 22 12 27 47 29 5 26 10 13 17 42 30 6 19 35 46 21 28 11 18 44 16 15 7 25 9 3 38 49 41 40 31 8 14 34 37 24 23 2 43 48 50 39 33 1 20 4 36 32 
student 394: 49 24 14 30 41 17 10 23 11 9 20 46 34 3 16 37 48 15 25 22 21 40 18 12 8 19 7 5 45 44 42 28 32 6 13 35 43 29 27 2 33 50 47 38 36 1 26 4 39 31 
student 395: 49 26 21 23 41 17 5 24 14 10 22 44 34 7 13 37 46 16 28 12 18 31 27 11 6 25 4 3 47 50 40 32 29 8 15 33 42 19 30 9 35 48 45 39 38 2 20 1 43 36 
student 396: 50 28 11 29 44 20 6 21 8 18 17 43 26 3 15 47 48 16 31 12 19 36 23 13 9 24 10 5 41 49 42 33 34 7 14 40 39 25 27 1 38 46 45 37 30 2 22 4 32 35 
student 397: 50 24 14 28 47 21 9 25 10 12 26 45 31 7 16 40 48 15 19 11 20 42 23 17 8 18 4 6 44 43 34 35 33 3 13 37 41 30 27 1 39 46 49 38 32 2 22 5 36 29 
student 398: 46 26 13 27 43 24 4 23 10 6 19 45 32 7 18 39 47 17 25 11 20 38 15 12 14 33 2 9 42 49 41 36 31 3 16 37 44 21 28 5 35 48 50 40 30 1 22 8 34 29 
student 399: 50 24 11 29 43 23 6 28 5 14 19 46 25 8 15 36 47 18 35 16 17 39 21 13 7 27 10 4 45 42 40 37 32 9 12 33 44 22 31 2 38 49 48 41 30 1 20 3 34 26 
student 400: 47 23 14 25 44 20 7 26 9 12 17 46 29 11 19 39 50 13 27 10 21 37 15 16 8 28 4 6 42 45 41 30 33 3 18 40 43 22 31 1 38 49 48 35 36 5 24 2 32 34 
student 401: 50 25 8 26 45 17 9 23 5 12 16 40 30 7 24 32 46 15 31 11 19 43 21 13 14 27 6 4 42 44 48 38 33 10 20 35 39 22 28 3 41 49 47 36 34 1 18 2 37 29 
student 402: 41 22 13 28 42 19 3 25 9 10 16 45 30 1 21 39 49 29 32 5 20 43 15 17 12 23 8 6 38 48 44 35 34 11 14 37 47 26 27 4 33 46 50 40 36 7 18 2 31 24 
student 403: 48 24 12 27 43 18 5 25 7 15 16 42 30 3 21 40 47 17 31 9 29 50 20 13 11 14 8 10 39 46 41 34 33 6 19 37 44 28 23 1 35 49 45 38 32 4 22 2 36 26 
student 404: 50 18 12 32 41 16 5 25 10 13 14 46 34 6 22 38 48 17 27 11 21 40 31 19 7 20 8 3 45 42 44 36 30 9 15 35 43 26 29 2 37 49 47 39 28 1 23 4 33 24 
student 405: 49 23 11 24 40 20 4 26 6 14 18 39 32 9 16 34 48 13 28 15 21 42 22 12 8 30 7 5 45 47 38 37 27 10 17 35 46 29 33 1 31 50 44 36 43 2 19 3 41 25 
student 406: 47 21 9 26 36 23 12 24 10 5 17 44 30 7 14 42 48 16 29 15 19 35 18 13 20 28 4 3 46 37 45 39 32 8 11 40 43 27 31 2 22 50 49 41 34 6 25 1 38 33 
student 407: 44 22 6 23 43 15 8 30 9 19 21 49 31 7 17 36 47 14 29 11 18 38 24 13 10 26 12 5 46 45 41 34 32 3 16 35 42 25 28 2 37 50 48 40 27 1 20 4 33 39 
student 408: 44 18 9 26 42 20 8 24 10 6 16 45 31 7 19 47 49 13 28 12 22 39 14 17 21 29 11 4 43 41 38 35 32 5 15 36 48 25 27 3 37 46 50 40 33 1 23 2 34 30 
student 409: 46 20 18 25 45 16 6 24 8 10 13 43 32 2 14 36 48 15 30 12 17 40 27 19 7 26 9 4 47 42 44 29 34 11 21 37 39 23 28 5 33 49 50 41 38 1 22 3 35 31 
student 410: 48 22 11 39 45 18 8 27 9 13 15 44 32 3 19 33 50 24 20 10 17 43 21 16 12 26 7 5 42 46 38 34 31 6 14 40 41 25 28 1 36 49 47 37 35 4 30 2 29 23 
student 411: 49 22 12 28 42 19 8 27 17 16 18 48 33 10 13 35 43 14 32 4 26 37 20 6 9 23 7 5 47 41 40 34 25 11 15 29 46 24 31 3 44 50 45 39 36 2 21 1 38 30 
student 412: 49 28 17 31 43 19 5 25 11 14 16 45 30 6 12 44 47 21 26 10 22 34 18 15 9 23 3 2 46 40 41 37 27 8 13 36 42 32 24 7 39 50 48 38 33 1 20 4 35 29 
student 413: 48 26 11 31 41 17 7 25 5 10 21 45 29 12 18 37 44 14 23 16 24 47 19 15 4 22 8 2 43 50 40 38 32 9 13 42 39 28 33 6 35 46 49 36 34 1 20 3 27 30 
student 414: 44 12 11 25 46 18 4 29 9 14 19 42 31 2 15 39 48 20 30 17 21 40 22 13 8 28 6 5 43 50 41 35 37 10 16 38 45 23 32 7 34 49 47 36 26 1 24 3 33 27 
student 415: 48 24 15 33 46 17 6 26 11 10 18 40 30 9 12 38 47 14 28 23 19 39 20 8 13 25 7 2 45 43 44 34 29 5 16 37 35 22 27 3 32 50 49 41 36 1 21 4 42 31 
student 416: 50 24 13 28 42 12 5 26 8 17 21 48 31 4 11 33 44 18 27 14 15 39 25 19 9 22 1 7 45 47 41 34 32 16 10 40 43 20 30 6 37 46 49 38 35 2 23 3 36 29 
student 417: 47 36 13 27 39 18 2 32 10 12 19 48 25 8 14 41 44 17 28 11 23 42 20 16 5 34 7 3 40 46 43 33 26 9 15 31 45 24 22 6 35 50 49 38 37 1 21 4 30 29 
student 418: 45 23 15 27 43 19 6 26 12 13 18 44 32 7 20 33 49 10 28 8 25 39 16 21 5 24 11 3 48 46 42 31 37 9 14 34 41 17 29 1 40 47 50 38 35 4 22 2 36 30 
student 419: 41 23 18 25 42 19 5 27 7 11 17 36 31 12 15 34 49 8 32 10 24 43 22 14 13 28 4 6 44 50 45 39 33 9 16 37 46 20 26 2 38 47 48 40 35 3 21 1 29 30 
student 420: 49 25 13 26 42 18 6 28 5 10 21 46 32 3 16 38 47 15 29 12 24 39 20 14 7 23 9 8 45 44 41 33 31 11 17 36 43 22 35 4 37 50 48 40 34 2 19 1 30 27 
student 421: 48 20 9 25 41 22 12 24 17 11 13 46 31 5 21 36 44 16 27 6 19 39 18 14 8 30 7 1 43 47 42 35 32 10 15 37 40 23 29 4 38 50 49 45 34 2 28 3 26 33 
student 422: 46 22 11 30 42 24 3 23 12 13 18 43 32 9 17 37 49 16 28 10 19 40 20 14 8 26 4 6 41 45 44 31 34 7 15 35 48 27 25 2 39 50 47 38 33 5 21 1 36 29 
student 423: 50 24 13 25 40 18 7 30 10 11 20 44 32 4 15 39 48 17 31 19 16 38 21 14 9 23 8 2 47 46 43 41 28 6 12 34 45 22 29 5 35 42 49 37 36 3 27 1 33 26 
student 424: 48 26 15 25 47 13 3 24 9 10 18 44 31 12 17 37 45 19 39 11 21 40 22 14 8 23 4 7 42 43 49 32 33 6 16 35 41 27 29 5 36 50 46 38 34 2 20 1 28 30 
student 425: 50 24 12 22 43 14 10 26 4 13 19 42 28 9 16 39 47 17 27 11 25 34 20 15 7 29 8 6 46 44 40 35 38 1 18 36 45 23 31 5 37 49 48 41 30 2 21 3 33 32 
student 426: 46 32 12 22 40 18 5 21 11 15 20 47 26 9 19 34 43 17 28 10 23 38 13 14 3 25 7 8 45 48 41 42 36 4 16 33 44 31 29 6 37 49 50 39 30 1 24 2 35 27 
student 427: 48 22 12 25 41 20 4 31 10 14 19 46 27 9 16 42 47 18 29 11 21 40 17 13 8 26 6 3 45 44 38 39 32 1 15 34 43 24 28 5 35 49 50 37 33 2 23 7 36 30 
student 428: 50 25 15 29 45 20 9 26 11 12 19 44 39 4 17 43 48 10 28 14 22 34 21 13 7 24 8 3 42 47 40 36 31 6 16 38 37 23 30 1 35 49 46 41 33 5 18 2 32 27 
student 429: 50 21 19 28 39 18 5 24 13 11 22 44 33 6 16 38 41 14 27 12 17 43 26 10 8 20 9 3 46 49 45 32 35 7 15 36 40 23 30 4 34 47 48 42 37 1 25 2 29 31 
student 430: 50 26 8 25 43 14 6 28 9 16 19 45 32 7 17 35 46 18 27 12 20 37 21 15 11 24 5 1 47 38 42 40 31 10 13 34 44 23 29 4 36 49 48 41 39 2 22 3 33 30 
student 431: 48 20 8 23 40 17 7 25 16 22 18 44 37 10 14 35 50 15 28 9 24 42 21 4 12 29 5 2 46 47 36 27 33 11 19 34 41 26 32 6 39 49 45 43 30 3 13 1 38 31 
student 432: 49 27 15 18 41 22 6 31 12 11 21 43 24 7 17 40 44 19 36 10 9 42 23 16 3 25 8 5 46 47 45 38 28 13 14 33 39 26 29 1 34 50 48 37 30 4 20 2 32 35 
student 433: 50 19 16 27 42 18 10 24 6 12 21 48 29 8 20 41 45 17 28 9 23 38 14 13 3 31 2 11 44 47 43 36 34 5 15 35 39 22 32 4 37 49 46 40 33 1 25 7 26 30 
student 434: 46 24 14 26 36 20 2 23 9 11 15 48 34 6 18 40 44 27 31 13 19 43 17 12 7 25 10 5 47 49 41 39 30 8 16 37 42 22 29 4 38 50 45 35 32 1 21 3 33 28 
student 435: 46 23 7 27 43 26 5 28 2 13 17 40 33 8 15 38 48 14 25 11 19 45 20 18 12 22 9 4 42 44 39 35 32 10 16 36 50 24 29 6 37 47 49 41 30 1 21 3 34 31 
student 436: 48 23 10 30 43 22 7 28 9 12 18 45 26 4 17 40 47 13 25 11 20 38 19 14 16 27 6 5 41 46 44 36 32 8 15 34 39 24 35 1 42 49 50 37 31 3 21 2 33 29 
student 437: 44 22 15 20 33 16 6 26 10 8 19 50 29 3 17 42 48 13 27 12 23 34 21 18 11 25 9 4 49 43 47 36 35 7 14 39 41 32 28 2 38 45 46 40 30 1 24 5 31 37 
student 438: 47 21 13 28 44 22 5 23 10 17 19 42 35 9 15 38 48 16 27 8 25 43 18 12 4 26 6 7 39 46 41 34 33 11 14 37 49 24 31 2 36 50 45 40 29 1 20 3 30 32 
student 439: 50 23 8 27 45 19 3 21 13 17 25 47 32 6 18 41 44 14 29 9 20 37 15 11 10 26 7 1 39 48 36 35 33 16 12 38 43 24 30 4 42 46 49 40 34 2 22 5 31 28 
student 440: 50 25 11 24 42 21 4 16 8 10 18 48 31 5 19 38 44 20 29 15 26 40 17 12 7 32 9 2 45 46 41 35 30 14 13 36 43 22 27 6 37 47 49 39 34 1 23 3 33 28 
student 441: 45 20 13 32 41 18 10 14 12 8 29 44 28 3 17 40 48 26 31 11 24 39 19 15 5 27 6 7 46 47 43 34 30 9 16 33 42 25 22 4 36 50 49 38 35 2 23 1 37 21 
student 442: 50 27 12 26 43 24 1 19 10 13 20 45 28 9 14 37 49 16 31 17 21 41 18 11 7 23 4 6 44 46 38 34 36 8 15 33 42 29 30 5 35 48 47 40 32 2 25 3 39 22 
student 443: 48 21 17 26 39 16 9 30 10 15 13 49 28 5 11 35 45 18 38 14 22 40 20 19 7 25 1 6 46 41 43 33 31 8 12 34 44 24 27 3 36 50 47 42 32 2 23 4 37 29 
student 444: 47 26 10 18 36 17 8 25 13 14 20 42 33 7 16 43 40 19 28 11 22 44 24 12 6 31 4 5 49 46 48 38 35 9 15 39 37 23 27 3 34 45 50 41 30 2 21 1 32 29 
student 445: 50 18 16 29 46 19 8 20 11 12 25 43 33 3 17 36 47 15 21 9 24 39 22 13 10 26 6 4 42 45 41 30 34 7 14 37 40 27 28 2 38 48 49 44 32 1 23 5 35 31 
student 446: 50 20 10 28 44 26 5 27 9 6 16 45 25 3 11 41 47 17 29 12 24 43 18 19 15 23 8 2 42 46 37 38 31 1 14 36 40 22 30 7 33 48 49 39 34 4 21 13 35 32 
student 447: 46 26 17 25 44 20 9 27 10 12 18 49 30 7 16 29 50 13 24 5 22 42 19 14 11 35 3 2 45 41 39 36 33 8 15 38 40 23 28 6 43 48 47 37 34 1 21 4 32 31 
student 448: 49 28 16 31 40 21 8 29 9 11 17 42 30 6 14 38 46 20 24 7 22 37 18 15 1 19 12 5 41 48 44 35 32 4 13 34 45 25 36 10 43 50 47 39 27 2 26 3 33 23 
student 449: 47 25 11 20 48 21 4 24 14 8 16 45 29 5 10 36 44 18 26 15 22 42 23 17 7 27 9 3 43 46 39 38 33 12 13 35 41 28 31 6 37 49 50 40 34 1 19 2 32 30 
student 450: 49 22 19 27 42 20 7 25 11 12 17 46 28 1 15 39 45 16 30 10 18 41 24 14 9 26 8 6 44 48 40 35 34 5 13 36 43 23 32 4 37 50 47 38 31 3 21 2 29 33 
student 451: 47 16 11 28 50 19 6 29 8 12 23 45 38 7 14 37 46 15 26 18 21 41 17 20 4 22 2 13 43 44 40 34 35 9 10 36 42 24 33 1 32 48 49 39 31 5 25 3 30 27 
student 452: 46 24 5 29 39 22 6 23 10 14 19 42 20 12 18 32 48 16 30 13 21 47 15 11 8 28 7 4 45 43 41 27 40 9 17 38 50 26 36 3 34 49 44 35 33 1 25 2 37 31 
student 453: 48 19 9 26 45 24 1 28 10 15 22 47 31 5 2 33 50 14 32 13 23 40 18 11 17 21 8 12 46 38 42 39 35 7 20 36 43 27 29 4 34 49 44 41 37 3 16 6 25 30 
student 454: 49 24 11 25 39 18 1 27 9 12 16 47 26 7 17 36 44 15 30 13 19 38 20 21 6 28 10 4 48 45 40 33 31 8 14 42 43 22 29 5 34 46 50 37 32 3 23 2 35 41 
student 455: 49 21 16 22 47 20 2 27 1 11 19 44 31 10 14 40 42 18 30 12 23 39 17 9 7 26 6 13 46 45 41 32 34 8 15 37 43 25 28 3 36 50 48 38 33 4 24 5 35 29 
student 456: 47 24 10 27 39 16 4 26 9 11 18 45 31 1 15 36 49 21 30 12 20 43 19 13 5 29 17 6 44 42 38 34 32 8 14 35 48 25 23 7 41 50 46 40 33 2 22 3 37 28 
student 457: 49 17 11 26 43 22 5 29 13 8 16 42 27 6 15 44 50 20 28 14 23 36 18 19 10 25 7 2 46 40 41 38 32 9 12 33 45 24 30 3 37 48 47 39 34 4 35 1 31 21 
student 458: 45 32 10 22 38 19 2 20 12 13 21 49 28 4 16 34 48 18 23 9 17 37 25 14 6 29 7 8 40 47 43 36 27 11 15 41 44 24 39 5 35 50 46 42 31 3 26 1 33 30 
student 459: 49 21 14 29 39 20 7 25 8 11 18 44 34 1 15 37 45 17 30 9 26 43 23 16 13 24 5 2 46 47 42 31 27 10 12 36 40 28 22 3 35 50 48 38 33 4 19 6 41 32 
student 460: 49 25 19 24 41 20 8 26 7 10 15 47 29 3 13 39 46 18 30 17 16 44 21 11 9 28 4 2 43 45 40 35 31 14 12 38 37 23 27 6 36 50 48 42 34 5 22 1 33 32 
student 461: 50 25 18 24 46 17 5 26 9 13 15 47 31 1 11 36 49 22 28 14 20 38 16 19 7 27 10 12 43 45 42 34 35 6 8 37 39 21 33 4 41 48 44 40 32 2 23 3 29 30 
student 462: 49 20 16 28 41 21 4 22 11 9 18 44 30 2 19 34 48 14 27 12 23 38 17 13 10 26 6 3 42 46 47 40 32 8 15 31 45 24 33 7 37 50 43 39 36 5 25 1 35 29 
student 463: 50 23 18 25 46 8 5 16 14 13 17 43 33 3 15 35 47 20 31 21 19 39 32 9 10 24 6 1 45 44 42 38 29 11 12 36 40 34 26 7 37 49 48 41 28 2 22 4 30 27 
student 464: 46 25 7 26 38 15 4 27 10 17 14 45 35 6 5 34 47 16 23 11 18 39 20 21 9 24 8 1 42 48 41 36 37 13 19 43 44 30 29 2 31 50 49 40 33 3 22 12 32 28 
student 465: 46 25 14 28 42 16 9 24 18 11 17 47 29 2 13 36 39 15 21 7 22 41 20 12 4 23 8 5 44 50 30 40 34 10 19 38 43 26 31 6 37 48 49 45 33 1 27 3 35 32 
student 466: 49 21 12 26 42 17 8 27 10 15 25 44 33 7 18 40 47 20 22 11 16 35 23 13 9 24 6 3 43 45 39 41 31 5 14 36 30 28 29 2 37 50 46 48 38 1 19 4 34 32 
student 467: 47 22 18 24 41 16 5 25 1 13 20 48 32 8 19 42 49 12 29 9 21 39 14 15 6 28 11 7 46 43 38 37 31 17 10 34 44 23 36 3 35 50 45 40 27 4 26 2 33 30 
student 468: 50 28 5 23 42 18 4 25 13 12 19 46 32 3 15 38 49 20 30 10 21 39 17 14 6 26 9 8 43 45 40 35 31 11 16 36 44 24 34 7 37 48 47 41 29 2 22 1 33 27 
student 469: 50 21 12 27 42 19 5 25 3 11 17 44 29 8 14 45 48 18 30 15 23 39 22 10 16 24 6 7 47 49 40 38 34 9 13 33 46 20 26 4 37 41 43 36 28 1 32 2 35 31 
student 470: 50 18 14 30 41 21 6 24 4 10 20 44 31 9 12 40 46 17 28 15 23 36 25 11 7 27 8 3 45 48 38 37 32 13 16 33 43 22 26 2 39 49 47 42 34 5 19 1 35 29 
student 471: 45 24 16 28 35 20 3 27 12 17 9 40 46 8 15 38 48 18 25 10 26 47 21 13 14 19 5 4 42 43 39 36 29 6 11 37 44 22 23 7 41 49 50 34 33 2 30 1 31 32 
student 472: 48 26 17 28 43 21 5 25 10 6 14 39 34 9 13 38 47 15 27 20 24 40 18 12 11 23 7 8 46 44 41 31 33 3 16 37 42 22 29 2 36 49 50 45 32 4 19 1 35 30 
student 473: 49 23 15 24 32 25 3 29 8 12 14 44 31 10 21 40 46 17 27 11 28 45 18 9 13 20 5 4 42 47 43 34 33 7 16 37 41 19 26 6 38 50 48 39 35 2 22 1 36 30 
student 474: 46 25 14 32 43 19 4 23 9 12 20 48 30 7 16 35 44 18 27 10 21 40 17 11 8 24 5 1 42 49 41 37 33 13 15 39 45 22 28 3 38 50 47 34 36 2 26 6 31 29 
student 475: 46 21 22 28 43 23 4 26 11 5 19 41 34 9 15 40 45 14 29 12 20 27 18 13 6 24 7 8 37 44 42 47 32 10 16 31 39 17 38 2 49 50 48 36 35 1 25 3 33 30 
student 476: 50 21 13 35 42 20 5 31 9 16 19 48 37 10 14 43 44 15 23 11 22 27 18 6 12 24 7 3 41 46 32 28 29 8 17 40 45 25 34 1 38 49 47 39 36 4 26 2 33 30 
student 477: 45 13 11 27 43 22 4 29 12 6 19 47 26 5 16 36 48 17 28 14 18 40 23 15 9 35 7 2 49 42 44 25 31 10 21 37 41 24 32 8 38 46 50 39 33 1 20 3 34 30 
student 478: 48 22 12 26 39 19 2 27 16 14 17 45 32 3 18 42 50 15 31 8 20 41 29 13 6 21 7 1 38 43 44 24 40 10 11 33 47 23 30 5 36 49 46 37 34 9 25 4 35 28 
student 479: 46 22 13 23 41 15 4 31 11 6 21 42 32 9 17 39 50 16 28 12 20 36 19 14 10 27 7 5 47 45 29 40 35 8 18 38 43 26 25 2 34 49 48 44 33 3 24 1 37 30 
student 480: 50 26 11 29 45 16 1 28 13 12 18 46 31 3 20 38 40 15 19 8 21 41 22 17 9 23 7 10 44 47 43 35 30 5 14 34 42 25 33 2 37 49 48 39 32 4 24 6 36 27 
student 481: 47 28 12 20 44 25 4 27 13 6 24 39 23 15 10 36 49 19 22 11 17 35 21 14 5 26 7 2 43 45 41 37 30 9 16 33 50 29 31 1 34 48 46 42 38 3 18 8 40 32 
student 482: 45 25 18 29 41 23 3 27 14 12 21 44 38 8 13 43 48 20 26 7 19 33 16 15 10 24 6 5 47 46 36 39 34 11 9 35 42 17 30 2 40 49 50 37 28 1 22 4 31 32 
student 483: 46 21 12 33 43 19 6 25 10 15 16 40 28 5 20 41 49 11 27 13 26 38 18 14 8 22 3 4 47 45 37 29 32 7 17 35 42 23 31 9 39 48 50 44 34 1 24 2 36 30 
student 484: 49 27 15 29 40 20 7 25 11 9 21 47 24 13 12 41 46 19 17 14 22 39 16 18 5 26 4 3 43 48 42 35 33 10 8 34 44 23 32 6 37 50 45 38 31 2 28 1 36 30 
student 485: 48 24 13 28 45 22 10 27 11 8 14 46 35 6 15 34 47 20 29 12 26 42 16 17 9 25 3 7 43 44 40 39 32 4 18 36 41 23 30 5 33 49 50 38 37 1 19 2 21 31 
student 486: 50 21 16 26 41 23 1 22 7 11 12 49 31 9 19 34 42 13 24 10 14 38 25 18 5 27 6 8 45 48 37 36 29 15 17 40 39 32 28 4 44 47 46 43 33 3 20 2 35 30 
student 487: 50 26 14 27 40 15 6 30 9 10 20 46 31 8 12 32 49 19 21 11 29 43 17 16 4 18 13 5 44 47 39 37 33 7 28 36 45 24 23 3 38 48 41 42 34 2 22 1 35 25 
student 488: 48 24 12 26 42 21 5 20 9 10 18 46 33 4 16 37 47 22 27 8 19 41 14 17 11 29 6 3 45 43 44 32 28 7 15 39 40 25 36 13 35 50 49 38 31 1 23 2 34 30 
student 489: 49 23 14 29 42 18 5 28 15 16 22 43 30 6 13 38 47 20 33 10 12 45 19 9 4 24 11 8 41 46 44 40 31 7 17 32 35 26 25 3 37 48 50 39 34 1 21 2 36 27 
student 490: 47 21 23 26 42 22 6 27 2 16 18 46 30 8 14 39 48 17 28 7 19 41 12 11 9 24 15 3 45 44 38 31 34 13 10 37 43 25 29 1 36 50 49 40 32 4 20 5 35 33 
student 491: 46 23 17 26 39 16 1 27 11 9 14 44 32 6 21 42 50 15 28 12 22 41 18 13 5 25 7 4 43 45 36 34 30 8 19 38 48 24 31 10 35 47 49 40 33 2 20 3 37 29 
student 492: 49 26 11 25 33 14 8 23 9 16 21 48 32 15 10 42 47 17 27 12 20 37 18 13 7 24 5 6 44 43 39 36 35 3 19 41 45 29 34 1 38 50 46 40 28 4 22 2 31 30 
student 493: 45 21 9 23 43 18 10 24 8 13 16 50 31 5 15 40 46 19 30 17 20 39 22 11 6 27 12 4 47 44 41 34 33 7 14 32 42 26 28 1 38 48 49 35 37 2 25 3 36 29 
student 494: 49 19 18 21 39 27 1 33 11 13 22 47 25 7 15 35 48 20 30 12 28 41 14 16 2 23 9 5 43 46 42 34 29 10 6 37 44 24 38 3 31 50 45 40 36 4 17 8 32 26 
student 495: 48 24 15 40 39 25 6 28 12 10 17 45 31 5 16 35 43 18 27 9 20 34 19 14 8 23 7 2 42 46 38 36 32 13 11 47 44 22 30 1 33 50 49 37 29 3 21 4 41 26 
student 496: 44 22 16 27 45 19 5 29 1 7 21 49 31 8 15 33 47 13 20 18 24 38 17 11 14 26 10 9 40 48 41 39 32 6 12 43 46 25 28 4 37 50 42 36 35 2 23 3 34 30 
student 497: 48 23 15 28 46 19 5 21 8 18 12 43 25 6 13 40 49 26 31 9 17 47 20 11 7 30 16 4 42 45 36 32 29 10 14 37 38 24 27 1 35 50 44 39 34 2 22 3 41 33 
student 498: 50 25 15 31 40 16 5 24 10 13 19 44 27 6 14 37 47 18 30 12 22 42 20 4 7 26 11 3 45 46 41 35 32 8 17 36 43 23 28 1 38 49 48 39 33 2 21 9 34 29 
student 499: 49 24 13 27 42 14 3 28 10 11 20 45 26 5 19 38 48 22 29 12 18 41 17 21 9 36 6 4 46 47 40 33 32 8 16 34 44 15 25 7 39 50 43 37 31 1 23 2 35 30 
