student 0: 16 13 49 46 34 28 39 33 48 29 20 43 4 17 21 3 11 44 6 23 26 12 15 9 35 25 7 1 41 30 50 31 14 10 38 24 27 36 18 47 5 40 19 42 2 37 8 32 45 22 
student 1: 19 16 47 46 44 27 45 23 49 28 21 33 3 13 30 2 8 48 6 25 17 7 9 10 34 22 5 4 36 29 50 31 15 12 37 24 32 40 18 38 14 39 26 41 1 43 11 35 42 20 
student 2: 16 18 49 35 33 28 45 30 47 37 13 32 2 19 29 3 11 43 6 27 15 10 24 9 38 23 4 8 40 25 44 36 12 7 34 22 26 39 14 48 17 42 21 50 1 41 5 31 46 20 
student 3: 15 12 42 45 32 25 47 29 50 26 22 39 5 19 24 2 7 49 6 27 14 8 17 10 34 21 3 1 38 31 46 33 16 11 35 28 30 37 18 48 13 44 23 40 4 43 9 36 41 20 
student 4: 14 10 46 44 38 28 48 33 50 21 17 34 2 19 30 6 8 45 3 26 13 9 18 12 35 25 4 7 36 29 49 32 16 5 37 20 31 39 15 47 24 41 23 42 1 40 11 27 43 22 
student 5: 13 9 49 43 33 26 44 30 48 25 20 35 2 19 23 10 8 46 5 29 17 7 15 16 37 22 1 6 34 32 50 28 14 4 39 24 31 45 21 40 11 38 27 41 3 47 12 36 42 18 
student 6: 16 12 49 43 37 30 44 27 50 26 18 35 1 20 28 8 7 46 5 24 15 9 19 14 36 22 3 11 33 25 45 31 6 2 39 23 32 40 17 47 13 34 29 42 4 48 10 41 38 21 
student 7: 17 12 47 43 37 28 44 31 48 26 19 32 3 16 25 6 5 45 11 27 13 4 23 15 35 21 2 8 36 34 50 29 10 7 39 22 30 40 20 49 14 38 24 42 1 46 9 33 41 18 
student 8: 14 8 47 43 37 28 46 23 49 25 17 33 5 20 27 1 10 45 15 30 13 12 19 18 35 24 11 3 38 32 48 26 4 6 36 29 31 44 16 50 9 40 21 41 2 42 7 34 39 22 
student 9: 17 9 47 46 34 30 41 27 48 31 22 29 1 20 24 2 8 49 7 26 16 12 19 14 36 15 5 4 38 42 39 32 11 6 37 23 35 44 18 50 13 33 25 40 3 45 10 28 43 21 
student 10: 16 12 46 47 37 25 41 43 49 29 23 26 5 17 20 1 8 45 6 27 15 9 22 14 32 21 2 7 36 24 50 30 11 3 34 19 31 38 18 44 13 40 28 48 4 39 10 35 42 33 
student 11: 14 16 50 40 34 25 47 29 46 26 19 36 4 23 33 2 1 48 6 27 13 11 17 10 28 22 5 12 39 41 49 30 15 7 35 20 32 42 18 44 8 43 21 37 3 45 9 31 38 24 
student 12: 17 15 47 39 35 27 43 29 50 32 20 31 5 19 25 4 13 45 14 22 12 8 18 10 36 28 3 1 42 26 49 33 11 7 37 24 30 46 16 48 9 38 23 44 2 40 6 34 41 21 
student 13: 13 15 46 44 40 27 49 23 50 34 19 29 8 14 30 3 6 47 5 26 22 11 20 17 33 16 4 7 37 28 45 31 12 1 35 24 36 39 18 48 9 41 25 42 2 43 10 32 38 21 
student 14: 13 15 47 44 50 31 39 27 48 26 18 30 1 20 25 3 9 45 11 21 10 4 17 14 33 24 2 8 37 34 46 29 12 5 35 23 32 36 28 49 16 41 19 43 6 42 7 38 40 22 
student 15: 14 11 40 45 32 27 50 29 49 24 22 33 1 20 26 4 3 47 6 28 17 8 18 15 37 21 9 5 35 36 48 31 13 7 30 23 34 42 16 46 12 39 25 44 2 38 10 41 43 19 
student 16: 15 10 44 45 36 21 41 27 48 32 20 35 3 22 23 1 6 43 9 26 13 12 18 17 31 24 4 7 37 33 47 28 8 5 46 25 34 39 16 49 11 38 29 40 2 50 14 30 42 19 
student 17: 14 13 45 40 34 30 44 23 49 35 27 31 3 18 28 4 9 47 6 24 15 11 20 12 36 16 2 5 39 29 50 26 8 7 42 22 33 41 19 48 17 37 25 38 1 46 10 32 43 21 
student 18: 18 8 50 47 38 30 49 27 46 24 19 32 4 21 29 2 10 41 3 25 15 9 16 14 31 23 6 7 36 28 45 33 13 11 37 22 34 43 17 48 12 39 26 40 1 44 5 35 42 20 
student 19: 16 13 47 43 37 23 45 29 50 28 15 27 1 20 31 3 18 46 8 25 12 9 17 14 36 24 2 7 38 34 49 32 10 6 33 26 30 39 21 48 11 41 22 44 5 40 4 35 42 19 
student 20: 21 15 44 39 37 25 46 28 49 30 19 32 1 23 27 5 9 47 4 24 13 11 16 12 38 20 6 8 40 31 48 29 10 2 36 18 34 33 17 50 14 41 26 42 3 45 7 35 43 22 
student 21: 14 10 50 43 45 34 44 26 48 35 22 33 2 24 27 1 7 49 8 25 16 9 18 13 30 21 3 6 31 29 46 28 17 5 40 15 36 41 19 47 11 39 23 38 4 42 12 32 37 20 
student 22: 18 7 50 43 38 30 46 27 49 32 19 31 3 17 26 2 9 48 5 23 13 10 20 14 34 22 4 6 36 29 47 37 12 11 40 25 28 39 15 45 16 35 24 42 1 44 8 33 41 21 
student 23: 12 11 43 44 36 28 49 31 45 27 21 33 3 17 25 4 14 46 7 24 13 9 19 18 34 20 1 5 39 30 48 29 10 8 37 22 32 40 15 50 16 47 23 42 2 41 6 35 38 26 
student 24: 20 13 49 44 36 28 47 27 50 29 22 32 5 12 24 1 8 39 3 21 14 9 19 16 31 23 7 4 40 34 48 30 11 6 35 25 41 42 17 45 15 38 26 37 2 46 10 33 43 18 
student 25: 18 13 43 39 36 27 45 30 49 34 20 35 5 22 26 2 10 46 11 23 8 14 15 19 29 17 3 6 37 32 48 28 9 4 38 21 33 42 16 50 12 40 25 44 1 47 7 31 41 24 
student 26: 16 15 42 43 37 30 49 29 41 26 31 34 3 20 19 2 14 48 10 25 5 8 18 12 35 24 1 4 36 28 50 27 11 7 38 22 32 44 21 47 13 39 23 40 9 46 6 33 45 17 
student 27: 17 12 47 44 31 30 46 26 43 27 25 38 2 18 22 5 3 45 4 28 15 13 20 16 32 24 10 8 36 33 48 39 7 6 41 21 34 35 11 50 14 37 23 40 1 49 9 29 42 19 
student 28: 16 14 47 43 27 29 44 45 49 33 26 32 1 15 28 4 6 46 7 24 10 17 18 13 35 23 2 11 37 30 48 25 12 5 36 22 31 39 20 50 8 38 21 40 3 42 9 34 41 19 
student 29: 15 8 49 47 42 28 44 36 46 30 20 32 7 21 29 4 11 48 2 25 12 10 17 13 33 23 3 6 41 31 40 26 22 5 35 24 27 43 16 50 14 37 19 45 1 39 9 34 38 18 
student 30: 17 11 47 35 38 25 37 30 46 26 20 32 2 22 23 4 8 48 6 18 14 13 21 19 36 31 1 5 42 28 49 29 9 10 41 27 34 43 15 50 12 40 24 44 3 39 7 33 45 16 
student 31: 17 9 45 44 38 26 46 27 50 33 20 31 4 19 32 5 3 48 6 23 15 11 25 12 34 16 7 2 35 29 49 28 13 8 39 22 30 43 14 41 18 36 24 40 1 47 10 37 42 21 
student 32: 17 12 49 44 37 29 41 33 50 28 22 35 4 18 26 1 9 47 6 21 16 11 8 13 31 20 3 14 38 30 45 27 10 5 32 24 43 40 23 48 15 34 25 46 2 42 7 36 39 19 
student 33: 18 12 45 42 37 25 49 28 50 27 23 35 3 19 24 4 6 46 2 29 14 11 16 15 36 21 1 7 38 32 47 26 10 8 34 30 31 43 17 48 13 40 20 39 5 41 9 33 44 22 
student 34: 16 11 44 39 27 30 47 25 50 28 29 32 3 23 21 2 9 49 6 22 13 5 15 14 34 26 7 17 41 38 46 33 12 4 37 18 43 31 10 48 19 42 24 36 1 45 8 40 35 20 
student 35: 20 12 44 42 33 21 45 29 48 32 22 39 3 19 26 2 8 49 7 23 13 15 18 9 34 25 4 6 38 30 47 41 11 5 36 24 27 37 17 50 16 35 28 46 1 40 10 31 43 14 
student 36: 18 9 44 45 37 27 46 10 48 32 20 31 2 23 29 5 13 39 4 25 19 12 17 8 35 16 3 11 38 30 47 33 7 6 36 24 26 43 22 49 14 42 28 41 1 50 15 34 40 21 
student 37: 16 10 48 46 31 23 47 34 49 27 24 32 6 28 30 3 9 40 4 21 12 13 20 15 36 18 1 7 37 25 42 29 14 5 43 22 38 39 17 50 11 45 26 44 2 41 8 33 35 19 
student 38: 16 18 50 42 39 32 44 25 45 26 19 33 3 23 28 2 8 49 4 27 15 11 22 13 35 21 5 6 36 31 47 29 12 7 37 17 30 46 20 43 10 38 24 40 1 41 9 34 48 14 
student 39: 15 12 49 43 32 27 45 30 50 31 21 33 1 19 26 3 4 48 6 23 9 11 17 13 36 22 10 5 38 29 46 34 24 8 39 25 28 41 20 47 16 35 18 42 2 44 7 37 40 14 
student 40: 16 15 48 45 32 29 47 30 43 27 23 36 4 19 28 1 2 39 6 24 17 10 20 14 31 25 3 5 34 26 50 33 13 9 37 12 35 40 18 49 11 41 22 46 8 44 7 38 42 21 
student 41: 22 12 47 45 32 29 44 33 49 26 24 34 3 20 23 9 5 50 7 27 14 13 16 10 43 18 2 4 36 37 46 28 19 6 38 21 30 41 15 48 11 40 25 39 1 42 8 31 35 17 
student 42: 15 9 47 44 34 24 45 28 49 25 21 35 1 20 27 4 5 46 13 29 14 11 23 12 36 19 2 8 40 31 48 30 7 3 38 22 32 37 18 50 10 42 26 41 6 43 17 33 39 16 
student 43: 21 10 47 43 42 24 46 28 49 31 18 37 5 22 27 4 8 45 6 19 15 13 12 16 30 20 3 1 35 34 48 26 11 7 32 25 36 41 23 50 14 38 29 39 2 44 9 33 40 17 
student 44: 16 13 48 42 35 30 46 32 44 26 18 33 6 20 28 2 9 49 5 25 12 11 19 15 38 22 4 1 39 31 47 27 7 8 34 23 29 40 17 50 14 36 24 41 3 45 10 37 43 21 
student 45: 17 15 45 44 30 27 38 37 49 29 21 32 1 16 24 4 14 50 6 25 11 3 13 20 35 23 8 5 40 34 48 28 10 7 31 26 42 43 18 47 12 36 19 46 2 41 9 33 39 22 
student 46: 17 10 45 41 36 28 47 34 50 27 24 32 3 20 22 8 9 49 4 23 16 11 18 14 35 26 2 5 39 31 46 33 13 7 37 21 25 42 12 48 15 38 29 43 1 44 6 30 40 19 
student 47: 16 11 44 45 33 27 50 29 47 31 13 32 3 17 25 1 12 41 8 22 20 5 21 10 39 19 6 4 42 36 48 26 7 9 35 30 28 37 14 46 18 43 23 38 2 49 15 34 40 24 
student 48: 22 14 44 37 38 29 46 26 45 43 33 31 2 20 24 10 11 48 12 23 13 6 17 9 40 25 3 5 34 28 49 27 16 4 32 21 30 41 15 50 8 39 18 47 1 35 7 36 42 19 
student 49: 13 14 47 45 36 21 48 37 49 31 22 34 3 24 27 6 4 43 7 25 17 11 19 10 33 20 2 5 38 35 46 28 12 8 32 23 30 40 16 50 15 39 26 42 1 44 9 29 41 18 
student 50: 15 14 48 40 37 25 42 28 50 27 22 35 7 19 23 1 5 45 3 29 13 10 18 11 43 20 4 8 31 30 49 36 12 9 39 26 33 44 16 47 17 32 21 41 2 46 6 34 38 24 
student 51: 15 10 47 45 36 24 42 29 49 27 26 34 1 25 28 4 2 39 7 19 16 8 18 14 38 20 3 11 35 30 48 31 12 6 37 22 32 40 17 50 13 44 23 46 5 43 9 33 41 21 
student 52: 13 12 47 41 36 30 46 27 49 28 22 32 9 18 23 3 5 48 10 29 20 11 17 14 40 19 7 4 34 26 50 31 8 2 33 24 42 43 16 45 15 37 25 39 1 38 6 35 44 21 
student 53: 12 13 40 47 33 38 45 29 50 31 20 39 4 21 27 5 9 46 3 23 19 7 18 15 26 24 6 1 35 28 48 30 11 10 36 22 34 44 17 49 14 37 32 41 2 43 8 25 42 16 
student 54: 13 6 46 44 35 27 47 28 50 29 23 36 12 18 26 4 8 42 5 25 17 10 16 14 37 21 9 2 38 32 49 30 11 3 33 19 34 41 15 48 22 40 24 43 1 45 7 31 39 20 
student 55: 17 14 44 42 35 19 48 25 50 31 13 28 2 21 27 1 12 43 8 26 20 7 22 15 36 32 6 4 39 34 46 30 10 9 37 23 29 41 16 49 11 38 24 45 5 47 3 33 40 18 
student 56: 19 9 45 43 41 29 48 28 50 24 18 32 4 23 27 3 8 47 6 26 10 12 16 17 30 21 5 7 37 31 49 34 11 2 36 20 35 39 22 46 13 42 33 40 1 44 15 25 38 14 
student 57: 16 13 48 42 33 28 47 30 49 26 18 29 5 17 21 1 6 44 3 25 12 10 23 14 34 20 4 7 35 37 45 31 11 8 36 27 32 38 19 50 15 39 24 41 2 43 9 46 40 22 
student 58: 15 6 47 46 38 26 44 22 49 25 20 32 2 18 33 1 9 50 7 28 13 8 19 16 34 27 3 5 35 31 45 29 11 10 41 24 36 39 14 48 17 43 21 40 4 42 12 30 37 23 
student 59: 11 13 48 44 39 28 42 27 49 29 25 33 5 21 26 2 7 43 4 24 12 16 19 15 34 22 6 1 37 30 47 31 8 10 36 23 32 40 17 50 14 41 20 45 3 46 9 35 38 18 
student 60: 16 13 49 42 31 32 47 29 50 28 23 33 2 22 26 1 18 45 6 20 19 8 15 17 40 21 4 5 39 34 48 30 11 7 35 10 36 43 12 46 14 37 24 44 3 41 9 25 38 27 
student 61: 14 10 45 41 36 25 46 27 50 28 26 33 5 23 32 2 12 43 9 21 18 8 20 17 35 22 1 6 37 34 47 30 13 7 48 16 31 42 15 49 11 38 24 44 3 40 4 29 39 19 
student 62: 13 16 48 42 45 25 44 27 50 28 15 29 4 20 23 2 5 39 8 24 18 9 21 17 36 22 3 7 38 30 47 33 10 14 35 34 31 46 11 49 12 32 26 40 1 41 6 37 43 19 
student 63: 15 14 50 47 45 27 43 31 38 28 20 40 1 18 23 3 10 41 8 22 19 4 17 13 37 21 6 5 34 30 49 29 12 9 33 25 32 36 16 46 7 44 26 42 2 48 11 39 35 24 
student 64: 19 16 44 42 36 29 46 25 50 33 30 35 4 20 31 1 5 45 13 24 15 9 10 8 37 21 14 12 34 32 47 26 3 6 40 23 28 39 17 48 11 38 22 49 2 41 7 27 43 18 
student 65: 19 14 46 44 34 27 45 26 50 29 22 33 3 20 31 7 6 47 5 24 16 13 17 12 36 23 1 8 42 28 48 30 9 4 39 21 32 40 10 49 15 37 25 41 2 43 11 35 38 18 
student 66: 16 14 38 49 42 26 47 28 50 25 21 31 2 34 27 1 8 44 3 23 10 12 17 9 37 22 4 5 32 33 45 30 13 11 40 20 29 39 15 48 18 36 24 46 7 41 6 35 43 19 
student 67: 18 16 48 44 37 25 42 24 49 27 29 33 9 20 23 4 11 50 6 28 21 2 15 17 30 22 8 1 40 35 47 31 10 5 36 19 32 45 7 46 14 38 26 41 3 39 13 34 43 12 
student 68: 20 11 46 43 40 28 44 27 47 26 21 33 1 18 29 6 10 50 4 25 19 8 16 14 34 24 3 5 36 32 49 30 13 9 41 22 35 37 15 48 12 38 23 42 2 45 7 31 39 17 
student 69: 12 11 49 43 35 26 47 30 44 27 19 29 6 20 25 4 7 46 8 33 17 9 18 16 36 21 2 5 38 31 50 32 10 3 37 22 28 39 14 48 13 40 24 41 1 45 15 34 42 23 
student 70: 14 18 48 42 40 21 47 27 50 34 16 30 4 20 25 1 10 46 3 29 17 13 19 7 39 22 6 9 37 28 45 26 12 5 33 23 31 36 15 49 8 43 24 44 2 38 11 35 41 32 
student 71: 12 10 45 47 32 28 41 30 49 39 22 44 3 21 26 6 8 42 5 27 19 7 14 18 35 16 9 4 37 31 43 29 1 11 34 23 25 40 20 46 13 33 24 48 2 38 15 36 50 17 
student 72: 6 14 47 43 33 24 44 38 48 29 22 32 2 16 30 3 10 46 8 21 11 12 18 15 31 25 5 7 34 26 50 27 4 9 37 23 36 41 19 49 17 40 28 45 1 39 13 35 42 20 
student 73: 7 12 50 49 34 26 47 29 46 28 23 32 3 20 30 2 14 43 6 21 16 9 18 13 33 22 4 5 38 35 48 31 11 10 36 27 24 41 17 44 15 39 25 45 1 42 8 37 40 19 
student 74: 8 10 42 40 33 26 45 27 49 28 20 32 9 15 25 1 4 43 13 21 14 11 23 17 38 24 2 19 37 34 50 31 7 5 36 16 30 41 18 48 12 46 22 44 3 47 6 35 39 29 
student 75: 15 14 48 44 34 24 45 28 50 29 26 33 4 22 25 1 6 41 2 21 5 11 16 10 38 19 13 7 37 31 49 30 12 9 36 23 35 42 18 47 17 39 27 43 3 40 8 32 46 20 
student 76: 18 10 46 44 30 24 48 33 49 26 22 39 4 20 25 3 6 47 7 29 14 11 17 12 32 23 2 5 34 31 50 28 13 8 36 27 35 42 15 43 16 37 21 40 1 45 9 41 38 19 
student 77: 13 11 50 44 31 27 46 32 49 14 22 39 1 25 29 4 9 43 2 28 15 6 17 21 34 19 3 5 35 37 47 30 10 8 33 23 24 42 16 45 20 38 26 41 7 48 12 36 40 18 
student 78: 16 6 47 41 34 26 40 36 50 32 25 33 5 18 19 1 3 46 8 24 22 11 20 12 28 21 10 7 42 27 48 31 13 9 37 23 35 38 15 49 14 39 30 44 2 45 4 29 43 17 
student 79: 20 15 49 44 39 18 42 26 50 25 24 34 1 16 19 6 10 48 3 23 12 11 22 13 36 28 2 8 38 30 45 32 9 4 41 27 33 46 14 47 17 35 29 40 5 37 7 31 43 21 
student 80: 17 13 49 43 37 28 38 30 50 27 18 29 1 21 22 3 8 46 6 26 10 7 20 15 41 24 4 5 35 32 45 33 12 9 39 25 34 36 16 48 11 40 19 42 2 47 14 31 44 23 
student 81: 18 13 45 47 32 26 46 35 50 28 23 34 3 17 30 6 5 40 4 25 14 11 22 16 37 20 2 8 41 33 48 27 9 7 29 21 31 42 19 49 12 38 24 39 1 44 10 36 43 15 
student 82: 16 6 48 42 35 26 49 29 50 27 21 39 4 18 24 2 7 45 5 22 20 15 19 13 33 23 8 3 41 30 46 31 9 1 36 28 32 37 14 47 11 38 25 44 10 43 12 34 40 17 
student 83: 17 12 49 45 37 29 47 27 48 28 21 33 6 20 26 2 11 44 3 24 14 4 19 10 38 22 7 8 43 32 50 30 5 13 36 23 31 34 15 42 18 39 25 40 1 41 9 35 46 16 
student 84: 8 14 44 48 39 33 37 30 47 20 22 34 10 28 31 2 13 42 6 23 16 9 17 15 27 29 3 5 40 26 50 21 12 4 32 25 36 41 19 45 11 38 24 46 1 49 7 35 43 18 
student 85: 18 9 50 42 33 28 44 32 47 29 20 27 6 19 30 4 2 46 5 22 15 8 17 12 34 23 7 14 36 25 49 38 11 3 37 24 35 41 16 45 13 39 26 48 1 43 10 31 40 21 
student 86: 14 7 42 49 39 26 45 28 47 19 25 33 4 23 29 6 9 46 2 24 16 10 13 11 35 20 5 8 43 32 48 38 18 3 34 22 30 44 17 50 15 37 27 40 1 41 12 31 36 21 
student 87: 16 12 41 49 33 23 45 32 46 34 19 30 5 20 29 2 7 44 9 26 21 11 22 15 36 24 6 1 39 31 47 28 8 4 37 17 27 40 18 50 13 35 25 43 3 48 10 38 42 14 
student 88: 14 8 47 45 41 30 49 28 48 32 22 31 2 23 26 6 10 46 7 20 19 13 18 12 40 24 4 3 39 33 50 27 9 5 38 21 29 37 17 42 16 43 25 36 1 44 11 34 35 15 
student 89: 16 13 48 45 37 28 47 27 46 26 23 33 3 21 32 4 9 49 14 20 11 10 12 17 34 25 7 6 39 31 43 24 18 5 35 22 30 44 8 50 15 38 29 41 1 40 2 36 42 19 
student 90: 15 13 50 42 32 28 45 29 49 30 22 36 2 11 26 4 8 44 5 24 18 9 19 20 37 25 3 12 39 31 47 33 7 6 40 16 35 41 21 48 14 34 23 46 1 38 10 27 43 17 
student 91: 19 13 50 49 30 27 41 38 46 29 26 34 5 23 22 1 6 44 8 15 17 10 20 9 31 16 3 2 39 32 43 28 12 11 35 25 33 45 18 48 14 47 24 36 4 42 7 37 40 21 
student 92: 14 15 47 40 35 28 46 27 43 26 19 25 4 32 29 3 9 45 7 31 10 12 17 13 34 21 2 6 37 24 44 30 5 8 36 20 33 42 22 49 16 39 23 50 1 41 11 38 48 18 
student 93: 14 15 47 46 40 26 44 25 49 33 27 31 4 21 32 2 1 45 8 24 17 6 18 12 34 16 10 5 39 29 50 30 13 9 35 28 23 36 20 48 7 42 22 41 3 43 11 38 37 19 
student 94: 15 8 50 33 42 27 44 29 47 26 19 35 2 20 24 6 4 46 5 28 14 10 22 17 30 25 9 7 40 23 48 31 13 1 36 21 34 43 16 49 11 39 32 41 3 45 12 37 38 18 
student 95: 15 14 48 44 37 30 46 28 50 25 22 34 6 19 27 1 7 45 12 26 17 13 23 16 39 20 3 4 42 29 47 33 10 5 41 21 35 38 18 49 9 36 24 40 2 43 8 31 32 11 
student 96: 22 18 43 40 34 29 47 32 49 24 26 37 3 19 27 2 9 45 4 23 7 12 13 14 39 20 10 8 41 31 48 25 11 5 36 28 30 33 17 50 21 46 15 35 1 42 6 38 44 16 
student 97: 18 9 47 48 32 29 45 27 50 26 25 35 5 22 28 1 7 40 6 21 15 11 13 14 34 24 2 3 37 43 36 31 12 8 41 19 33 38 23 49 20 46 17 39 4 44 10 30 42 16 
student 98: 16 9 44 48 35 27 43 29 50 28 22 34 5 21 24 1 8 47 4 23 18 7 19 13 33 20 2 6 36 32 49 31 11 10 38 25 37 46 15 45 14 39 26 42 3 41 12 30 40 17 
student 99: 13 15 50 46 37 24 49 27 48 30 26 29 1 18 23 6 8 35 4 25 21 11 17 20 32 22 5 3 34 33 47 31 10 7 38 28 36 39 12 45 16 41 14 44 2 42 9 40 43 19 
student 100: 16 9 46 44 36 27 48 31 49 29 24 28 4 19 26 2 14 47 7 21 13 12 22 10 34 23 8 6 38 33 50 32 3 11 37 25 35 41 18 45 15 40 20 39 1 43 5 30 42 17 
student 101: 12 16 46 42 33 31 43 27 48 26 14 39 3 18 30 2 5 45 11 23 15 8 22 19 34 21 7 4 37 29 50 28 13 6 35 25 32 41 20 49 9 38 24 47 1 40 10 36 44 17 
student 102: 16 13 45 38 33 28 43 31 49 26 21 34 10 20 27 3 2 44 8 24 15 7 18 12 36 23 4 5 39 32 46 30 11 6 37 22 29 42 17 48 14 40 25 47 1 50 9 35 41 19 
student 103: 16 13 48 44 35 32 38 29 47 27 20 31 5 19 23 2 7 41 4 26 11 8 18 15 33 24 3 9 43 25 50 34 10 6 46 28 30 39 17 49 12 37 22 40 1 45 14 36 42 21 
student 104: 21 12 49 42 37 28 40 35 50 27 16 33 3 15 24 2 6 46 10 25 8 14 22 19 36 26 5 9 38 29 47 31 13 7 41 20 30 43 18 48 4 39 23 44 1 45 11 32 34 17 
student 105: 12 14 50 47 36 26 49 27 48 28 24 31 5 19 25 3 8 43 2 30 16 15 22 11 40 23 4 1 39 34 45 29 10 9 37 21 32 41 18 46 13 38 17 44 7 42 6 33 35 20 
student 106: 16 13 44 48 36 32 49 25 42 33 21 30 1 18 24 4 8 45 5 28 14 12 19 11 39 22 7 2 38 31 50 27 15 10 34 23 29 37 20 46 6 41 26 40 3 47 9 35 43 17 
student 107: 14 12 44 43 42 27 47 28 49 31 22 29 2 20 30 1 7 48 6 26 16 10 21 13 36 24 3 5 35 33 45 32 9 4 37 23 25 39 19 50 15 40 17 46 8 41 11 34 38 18 
student 108: 14 7 44 45 35 31 41 29 49 27 23 33 2 21 28 1 5 46 10 20 9 12 16 18 34 22 4 8 38 36 47 26 13 6 37 24 32 42 15 48 17 40 25 50 3 43 11 30 39 19 
student 109: 16 15 44 42 43 33 38 30 46 26 23 34 4 20 29 7 3 48 11 22 13 10 17 12 35 21 2 9 47 32 49 27 6 8 37 24 31 41 19 50 14 36 25 39 1 45 5 28 40 18 
student 110: 16 13 49 47 35 22 46 31 50 28 30 32 8 17 27 4 9 45 5 26 12 15 20 14 38 24 7 2 36 25 44 33 11 3 43 19 29 37 21 48 10 39 23 42 1 41 6 34 40 18 
student 111: 30 13 47 39 36 28 46 32 48 26 17 22 3 23 21 2 8 42 5 24 14 12 18 15 38 16 7 1 49 31 50 29 9 11 35 25 34 41 19 43 10 40 27 37 6 44 4 33 45 20 
student 112: 22 9 49 42 36 24 43 31 50 27 18 35 4 23 26 3 10 48 1 25 15 12 16 19 37 20 5 6 38 28 46 30 14 7 33 21 32 41 17 45 13 39 29 47 2 44 8 34 40 11 
student 113: 10 9 45 47 41 25 44 33 49 29 23 36 2 21 28 3 11 48 7 24 18 8 17 14 37 26 4 5 32 30 46 27 15 6 35 22 31 38 16 50 13 42 20 43 1 40 12 34 39 19 
student 114: 20 8 42 40 37 29 45 28 50 30 18 32 2 12 25 5 9 48 3 27 16 6 17 21 33 19 4 13 43 31 49 26 14 7 39 24 34 36 11 47 15 41 23 44 1 46 10 35 38 22 
student 115: 18 4 48 38 35 31 44 30 50 28 24 27 3 19 20 1 8 46 9 26 16 13 17 22 34 21 5 10 37 36 47 25 12 6 33 23 39 40 11 49 15 42 29 41 2 43 7 32 45 14 
student 116: 14 12 43 46 40 30 41 28 47 33 21 32 3 27 26 2 9 49 13 24 10 11 20 16 29 22 4 5 39 35 45 31 15 6 34 18 25 50 17 44 7 36 23 38 1 48 8 37 42 19 
student 117: 18 11 45 48 39 19 44 29 49 28 13 31 3 22 27 1 2 50 6 25 15 12 21 17 35 24 9 4 36 33 46 30 10 5 38 23 34 43 16 47 14 40 26 42 8 41 7 32 37 20 
student 118: 15 12 46 45 29 30 44 34 47 27 20 39 1 18 25 3 10 49 8 26 19 22 11 14 36 23 4 7 38 31 48 28 5 6 35 21 33 37 16 50 13 42 24 43 2 41 9 32 40 17 
student 119: 14 12 47 44 32 27 46 42 49 34 22 28 3 20 35 2 10 50 6 25 17 7 15 9 30 24 4 5 38 29 48 26 16 8 36 21 33 39 18 45 13 43 23 40 1 41 11 31 37 19 
student 120: 12 15 48 46 36 31 43 28 50 24 20 30 4 13 25 2 14 42 11 27 18 9 5 8 35 19 3 10 41 32 49 29 16 6 40 22 33 39 21 47 17 37 26 38 1 45 7 34 44 23 
student 121: 15 19 43 42 32 25 45 23 50 30 21 34 4 22 27 1 8 44 2 28 14 11 20 13 31 18 5 6 36 35 48 29 10 7 39 24 33 41 16 49 12 37 26 38 3 47 9 40 46 17 
student 122: 16 11 44 46 34 28 38 36 48 30 21 29 2 18 24 3 10 45 6 27 5 15 20 17 33 22 4 14 37 31 47 25 9 7 32 26 42 39 13 50 12 43 23 41 1 40 8 35 49 19 
student 123: 16 6 46 47 35 23 42 24 50 31 20 30 2 19 26 3 8 43 7 29 17 12 21 13 34 22 4 11 38 36 49 33 15 5 37 28 27 40 14 48 10 41 25 44 1 45 9 32 39 18 
student 124: 14 15 44 50 37 31 42 27 48 23 19 35 2 24 26 1 8 49 3 20 22 10 16 17 36 21 4 7 38 29 45 28 12 5 39 25 33 43 11 41 13 34 30 47 6 40 9 32 46 18 
student 125: 15 24 45 44 39 29 46 26 49 32 18 37 3 23 28 2 6 47 7 22 17 12 20 13 33 19 4 8 36 27 48 30 11 5 35 21 34 40 9 50 14 38 25 43 1 41 10 31 42 16 
student 126: 18 15 44 39 40 27 49 28 48 29 17 36 4 22 26 11 7 50 5 25 21 6 19 14 37 16 2 3 41 30 46 31 8 10 32 23 33 42 12 47 9 34 24 43 1 45 13 38 35 20 
student 127: 18 11 43 41 33 26 50 28 49 25 17 31 3 23 22 2 9 44 8 24 13 12 19 15 37 27 4 5 39 34 47 35 7 6 36 20 30 38 16 48 14 46 29 40 1 42 10 32 45 21 
student 128: 11 16 50 42 39 26 44 29 47 31 24 30 4 20 28 2 7 48 6 23 12 10 19 15 37 22 5 1 36 33 41 32 13 8 34 14 27 43 18 49 17 38 25 45 3 46 9 35 40 21 
student 129: 14 16 42 47 37 29 44 30 49 31 19 32 6 18 23 3 8 40 5 27 15 12 17 21 34 22 4 1 41 35 48 26 13 7 36 25 28 43 24 50 11 38 20 39 2 46 9 33 45 10 
student 130: 17 13 47 42 40 33 46 38 50 14 16 27 4 24 26 3 6 48 7 19 12 15 20 21 36 23 2 9 37 34 43 25 10 11 39 30 31 35 18 49 5 32 29 44 1 45 8 28 41 22 
student 131: 14 16 47 42 34 25 45 26 48 33 20 43 4 15 24 7 8 44 9 23 18 13 17 12 38 30 5 2 46 31 49 28 10 3 35 22 32 39 19 50 6 36 21 37 1 41 11 29 40 27 
student 132: 16 15 49 46 38 24 47 29 48 26 17 30 3 21 28 4 8 50 5 34 12 14 19 11 32 20 7 6 42 41 45 33 9 2 39 25 27 36 18 37 13 35 23 43 1 44 10 31 40 22 
student 133: 13 9 41 37 31 29 46 23 47 26 19 36 1 20 30 2 16 45 7 25 18 6 27 14 35 21 3 8 32 28 43 33 11 10 39 22 42 34 17 49 12 38 24 44 4 50 5 48 40 15 
student 134: 15 13 48 46 37 27 36 31 49 28 26 32 3 19 22 2 8 45 5 21 16 10 18 11 34 23 4 7 40 42 47 30 14 6 35 24 29 39 17 50 12 38 25 44 1 43 9 33 41 20 
student 135: 22 13 46 45 32 29 41 27 48 28 26 33 2 15 24 9 17 42 8 25 12 3 14 16 39 20 6 4 47 31 49 30 11 7 35 23 44 36 19 50 5 37 21 43 1 40 10 34 38 18 
student 136: 16 10 43 39 34 26 41 25 50 28 20 33 1 18 31 2 8 48 3 27 15 11 19 14 37 23 6 7 38 32 49 29 12 5 45 21 30 44 17 47 13 35 24 46 4 42 9 36 40 22 
student 137: 19 12 43 40 32 27 48 28 50 20 15 30 5 22 24 3 9 44 2 29 14 6 17 18 35 16 8 1 41 34 47 31 11 7 42 26 33 46 25 49 13 45 23 38 4 39 10 36 37 21 
student 138: 9 12 47 45 36 26 46 29 49 27 17 33 6 22 25 2 11 50 7 24 31 5 18 15 38 20 4 1 34 30 44 28 14 10 39 21 32 35 13 48 16 40 23 43 8 41 3 37 42 19 
student 139: 13 15 43 47 42 25 48 33 50 30 17 29 5 24 22 4 8 49 3 27 21 9 19 16 35 11 2 6 37 31 46 32 12 7 39 20 28 45 26 44 14 41 18 40 1 38 10 34 36 23 
student 140: 19 16 46 41 42 30 50 27 49 32 26 33 3 22 25 6 7 44 8 17 15 10 24 11 36 29 5 2 35 34 48 31 14 9 39 18 20 38 12 47 13 37 21 45 1 40 4 28 43 23 
student 141: 22 13 44 41 36 23 48 30 50 27 17 32 7 26 28 4 6 45 5 19 15 12 16 14 37 18 2 3 42 31 47 29 9 10 34 21 35 38 24 49 11 39 25 43 1 46 8 33 40 20 
student 142: 15 10 41 39 35 29 47 25 50 31 18 46 2 24 28 3 8 42 11 22 14 12 23 16 33 21 5 4 49 34 45 30 9 7 32 26 27 43 17 48 13 37 20 44 1 38 6 36 40 19 
student 143: 15 5 44 49 38 33 42 29 41 30 21 34 4 23 27 3 7 47 8 25 11 10 18 14 35 17 2 6 39 26 50 31 19 9 37 24 28 45 16 48 13 36 22 40 1 46 12 32 43 20 
student 144: 23 9 47 43 31 28 45 21 44 26 19 33 4 15 22 3 13 50 6 34 12 16 17 8 29 24 1 2 37 35 46 27 14 7 38 30 32 42 18 49 11 41 25 40 5 48 10 36 39 20 
student 145: 15 11 47 36 39 25 44 28 46 29 18 30 5 19 27 2 7 50 6 26 17 10 16 13 38 23 3 8 42 33 48 31 14 9 35 21 34 49 22 45 12 37 24 41 1 43 4 32 40 20 
student 146: 15 11 49 40 39 23 46 29 42 32 19 36 4 20 27 6 5 47 3 30 16 9 17 13 38 24 7 2 35 28 50 25 10 8 41 21 31 43 22 44 14 33 26 48 1 45 12 34 37 18 
student 147: 22 10 47 44 36 23 41 27 50 24 12 35 8 21 26 13 4 46 5 31 14 15 7 16 32 25 3 1 42 28 48 30 20 6 37 19 34 39 17 45 11 38 29 49 2 40 9 33 43 18 
student 148: 16 11 50 40 46 25 49 28 45 30 18 29 6 20 27 1 9 47 7 23 15 14 22 13 34 21 4 5 41 31 48 35 10 2 38 19 32 43 17 44 8 33 24 42 3 37 12 36 39 26 
student 149: 12 16 43 45 36 32 44 34 50 28 23 37 2 19 22 4 15 42 3 26 14 7 21 10 31 24 6 5 38 30 49 29 8 9 33 20 35 41 17 47 13 39 27 48 1 46 11 25 40 18 
student 150: 15 17 46 42 29 26 50 27 48 28 19 34 2 22 25 1 3 45 9 18 10 11 20 13 35 24 8 4 37 41 49 30 16 5 38 23 31 43 12 47 7 36 32 40 6 44 14 33 39 21 
student 151: 17 15 44 49 31 20 42 28 48 29 18 32 1 23 25 3 8 50 7 27 13 12 14 16 40 22 11 5 41 36 46 30 9 4 33 26 34 39 19 47 10 43 24 45 2 38 6 37 35 21 
student 152: 12 9 48 46 38 27 45 24 50 28 25 34 6 17 29 2 4 47 8 23 18 13 19 14 31 20 3 7 40 30 44 32 15 5 37 26 35 41 16 49 11 39 22 43 1 42 10 36 33 21 
student 153: 11 12 49 42 44 23 43 29 48 27 20 30 1 21 28 6 9 45 4 26 18 16 13 17 33 24 2 3 32 41 46 35 8 7 36 22 31 40 14 50 15 37 25 39 5 47 10 34 38 19 
student 154: 19 17 42 46 32 26 45 30 49 29 21 38 6 18 24 4 13 47 3 25 11 7 14 12 36 20 2 5 34 33 48 35 10 8 41 28 27 44 22 50 15 37 23 39 1 43 9 31 40 16 
student 155: 20 7 47 41 36 27 46 29 44 28 18 32 4 26 22 6 5 50 3 21 14 12 15 13 39 23 2 9 42 30 49 31 8 10 37 25 34 45 19 48 16 43 24 35 1 40 11 33 38 17 
student 156: 15 14 48 46 34 19 41 23 50 30 29 36 3 28 21 5 2 47 10 25 17 11 16 9 33 24 7 8 42 31 49 27 6 12 37 22 32 39 18 43 13 38 26 44 1 45 4 35 40 20 
student 157: 18 7 50 46 34 27 48 28 45 31 21 33 5 22 23 3 4 42 8 26 14 12 19 10 36 17 9 2 39 32 49 30 20 11 37 24 29 40 15 47 13 38 25 41 1 44 6 35 43 16 
student 158: 18 14 49 45 35 27 46 28 48 26 16 34 6 21 23 4 2 43 1 25 24 7 19 17 31 22 9 15 38 33 47 36 11 5 42 20 32 37 13 50 12 39 29 41 3 40 8 30 44 10 
student 159: 18 13 46 47 40 36 43 29 50 25 19 33 9 16 28 3 5 48 4 24 14 11 17 23 32 22 2 10 34 30 44 26 7 8 37 21 31 39 12 49 15 38 27 41 1 45 6 35 42 20 
student 160: 18 16 48 42 33 25 45 30 50 29 21 36 2 23 26 4 13 44 9 28 10 12 17 14 35 27 3 6 39 22 49 31 11 7 38 24 32 46 15 47 5 34 20 41 1 40 8 37 43 19 
student 161: 23 13 43 41 33 29 45 30 50 26 21 28 3 19 22 2 4 48 5 16 18 8 20 12 32 15 6 10 38 31 47 35 7 9 37 25 39 44 17 49 14 36 27 42 1 40 11 34 46 24 
student 162: 22 8 47 40 36 28 43 30 49 29 21 32 3 16 27 9 10 46 6 23 17 14 11 15 35 19 2 5 44 25 50 31 12 4 37 20 33 39 26 48 13 38 24 42 1 45 7 34 41 18 
student 163: 13 15 48 46 42 29 37 28 50 27 22 41 2 26 19 4 12 47 9 20 14 8 17 16 35 23 1 6 43 36 49 32 11 7 31 24 33 39 18 38 10 34 25 45 3 44 5 30 40 21 
student 164: 12 16 46 41 44 29 42 23 50 33 21 35 3 19 31 14 7 43 2 27 15 8 18 10 34 22 1 5 30 26 49 28 11 9 36 25 32 38 17 45 13 37 24 39 4 48 6 40 47 20 
student 165: 14 11 45 48 35 28 44 29 50 32 23 33 7 21 27 2 9 38 5 22 15 10 19 13 37 26 1 4 39 20 46 34 16 8 31 25 30 40 18 49 12 41 24 43 3 47 6 36 42 17 
student 166: 14 17 38 46 41 27 47 29 49 28 24 32 5 15 25 3 9 50 7 26 18 12 19 16 36 22 2 6 39 31 48 30 8 4 35 23 33 37 11 44 13 40 20 42 1 45 10 34 43 21 
student 167: 18 13 45 50 40 28 38 27 49 23 21 35 2 22 32 1 8 46 7 26 14 16 9 15 33 34 3 5 36 30 48 25 10 4 37 24 31 44 17 47 11 29 20 42 6 43 12 41 39 19 
student 168: 18 11 44 41 37 27 50 24 49 30 19 34 2 17 26 6 15 48 5 22 16 9 21 12 33 25 3 4 38 32 46 31 10 7 36 29 35 42 13 47 14 39 23 40 1 43 8 28 45 20 
student 169: 14 12 45 46 35 31 41 29 49 20 23 36 7 26 28 3 4 44 8 19 22 10 11 13 37 25 5 2 38 32 47 27 15 6 30 21 33 40 18 48 16 39 24 43 1 50 9 34 42 17 
student 170: 15 17 38 43 40 31 46 24 50 32 22 27 2 16 29 6 9 47 3 26 14 11 19 5 28 25 7 8 35 34 48 33 12 4 30 21 39 42 20 49 13 45 23 44 1 37 10 36 41 18 
student 171: 15 22 47 40 41 31 44 17 49 27 23 36 10 26 19 4 8 45 2 21 11 7 18 14 39 20 5 1 25 30 48 32 16 6 35 28 34 37 24 50 9 46 29 38 3 42 13 33 43 12 
student 172: 17 12 48 42 38 23 47 29 50 30 21 28 2 18 26 1 10 45 4 22 16 7 27 6 36 25 8 9 43 34 44 35 14 5 31 19 32 39 11 49 13 37 20 40 3 41 15 33 46 24 
student 173: 14 13 45 50 35 28 39 30 48 27 21 31 5 20 26 4 12 46 7 24 9 11 18 16 34 22 2 8 36 33 47 29 10 3 41 25 40 42 17 49 15 38 19 37 1 43 6 32 44 23 
student 174: 17 11 49 43 33 32 38 25 47 24 22 35 5 20 28 4 8 45 12 27 15 9 18 16 34 23 3 6 37 36 46 30 1 7 41 21 31 44 13 50 14 39 26 40 2 42 10 29 48 19 
student 175: 20 8 48 49 36 25 46 28 47 30 21 31 2 22 19 12 10 45 13 24 15 11 17 6 33 26 5 9 38 29 50 32 3 1 35 23 34 39 14 44 18 41 27 40 7 43 4 37 42 16 
student 176: 15 12 42 41 37 26 38 31 50 33 21 32 5 20 29 3 1 47 7 22 14 10 19 13 35 25 2 11 43 28 46 27 9 6 39 23 30 44 16 49 18 34 24 40 4 48 8 36 45 17 
student 177: 15 13 50 42 40 23 44 29 47 28 22 35 6 14 25 2 9 46 7 27 12 1 16 11 43 26 3 5 33 38 49 30 10 8 31 24 34 39 18 48 20 37 21 45 4 41 17 32 36 19 
student 178: 30 15 49 47 38 26 43 23 46 22 19 28 6 21 37 1 10 44 4 27 20 8 16 11 40 24 2 5 32 34 48 33 14 7 29 17 35 39 13 50 9 36 25 42 3 45 12 31 41 18 
student 179: 13 5 47 46 29 30 40 28 50 33 18 36 3 25 26 2 19 45 8 24 12 9 21 15 37 22 7 4 34 32 48 27 11 14 38 23 31 43 16 49 10 39 20 41 1 42 6 35 44 17 
student 180: 14 8 47 39 35 25 43 27 49 29 17 36 5 22 26 1 9 48 7 18 15 12 21 20 33 28 3 6 41 31 46 30 10 4 38 23 34 40 16 50 11 37 24 45 2 44 13 32 42 19 
student 181: 15 16 47 43 38 25 46 29 49 31 19 30 6 22 26 4 7 45 2 28 11 10 21 18 35 20 5 9 40 27 50 34 14 3 37 23 33 42 17 48 12 39 24 36 1 44 8 32 41 13 
student 182: 18 8 50 40 35 25 41 26 44 30 22 33 3 21 28 4 7 47 6 24 16 13 12 15 36 20 5 1 42 31 43 32 14 9 37 27 34 39 17 46 11 48 23 49 2 45 10 29 38 19 
student 183: 14 17 37 45 36 33 49 38 48 26 21 31 6 18 27 3 9 46 5 23 15 11 16 12 32 22 4 10 34 29 47 28 8 7 39 24 30 42 19 50 13 40 25 43 1 41 2 35 44 20 
student 184: 19 12 46 42 41 24 45 29 49 38 22 33 5 18 25 2 7 44 6 20 15 9 17 8 48 23 1 11 34 30 50 31 10 3 36 26 28 35 21 47 14 39 27 40 4 43 13 32 37 16 
student 185: 14 11 48 46 36 25 47 38 50 28 23 32 7 17 22 6 10 43 3 26 12 8 15 19 44 18 5 2 41 34 42 31 13 4 39 24 27 37 16 49 21 45 29 35 1 40 9 30 33 20 
student 186: 18 11 46 48 38 27 42 28 50 22 26 34 5 17 25 3 8 45 7 24 16 10 15 13 40 29 4 1 32 31 49 30 12 6 37 19 33 39 20 47 14 43 23 41 2 44 9 35 36 21 
student 187: 19 16 43 48 40 28 50 24 46 23 18 35 1 15 27 6 10 42 3 21 17 7 22 11 37 26 4 2 36 25 47 31 12 9 38 30 32 41 20 49 13 39 29 33 5 45 8 34 44 14 
student 188: 12 14 49 43 37 29 44 25 46 17 20 35 1 19 27 2 8 47 6 30 13 9 21 15 32 28 4 5 39 33 42 31 10 7 45 24 23 34 16 50 18 36 26 41 3 40 11 38 48 22 
student 189: 13 1 43 44 40 34 47 27 49 28 19 36 4 21 25 6 9 45 3 17 14 12 23 10 39 26 8 5 31 35 50 30 11 16 41 20 32 33 24 48 15 38 22 46 2 37 7 29 42 18 
student 190: 15 10 47 48 36 26 41 28 46 30 19 33 2 20 24 3 12 45 14 21 8 5 23 16 37 22 6 4 40 32 50 31 11 7 39 25 29 34 17 49 13 38 27 43 1 44 9 35 42 18 
student 191: 8 10 45 41 38 32 44 25 50 30 26 31 6 18 28 4 9 48 3 24 16 17 15 12 37 29 13 1 43 34 46 22 11 5 35 20 33 40 21 49 14 36 19 39 2 42 7 27 47 23 
student 192: 15 12 47 49 36 27 42 35 50 30 19 32 1 23 24 2 3 46 8 25 14 13 11 16 37 20 4 7 34 28 48 29 9 10 43 22 31 38 17 45 18 41 26 39 5 44 6 33 40 21 
student 193: 19 8 48 45 37 26 43 29 50 27 22 35 3 20 25 4 6 44 1 24 14 13 16 12 36 28 7 11 46 31 47 30 10 5 32 21 33 38 15 40 18 49 23 39 2 42 9 34 41 17 
student 194: 15 11 49 42 37 29 45 22 48 28 23 38 1 19 26 6 2 46 5 27 16 9 17 14 33 20 4 8 31 30 47 32 12 7 34 25 36 39 18 50 13 43 24 40 3 41 10 35 44 21 
student 195: 16 13 48 42 38 25 47 28 49 34 21 30 4 20 27 1 11 46 7 24 10 12 15 18 32 26 3 6 33 29 45 36 9 2 41 17 37 35 22 50 14 43 23 44 5 40 8 31 39 19 
student 196: 17 8 46 41 38 22 45 31 50 25 21 35 10 26 28 1 11 47 9 24 15 12 16 14 33 19 3 4 40 29 49 34 13 6 44 23 36 37 20 48 7 32 27 43 2 42 5 30 39 18 
student 197: 15 12 48 41 35 28 46 29 47 26 21 32 3 20 30 1 8 44 6 25 14 11 19 18 38 23 4 5 27 33 49 31 9 7 37 24 34 43 16 50 13 39 22 42 2 40 10 36 45 17 
student 198: 21 1 43 45 37 26 46 29 50 23 24 34 2 19 28 6 10 40 8 20 15 11 17 13 35 25 4 5 42 30 49 31 7 9 38 22 33 39 18 47 12 36 27 41 3 48 16 32 44 14 
student 199: 23 5 45 49 36 24 42 28 44 27 15 34 3 20 29 1 11 43 2 21 17 12 18 16 33 19 6 9 41 35 50 30 10 8 40 25 32 48 14 47 13 38 26 46 7 37 4 31 39 22 
student 200: 16 19 48 39 36 26 46 30 49 28 22 34 2 24 25 5 8 47 7 31 17 15 14 9 37 13 3 6 38 20 43 29 4 10 42 27 32 40 18 50 12 35 23 45 1 44 11 33 41 21 
student 201: 13 15 46 48 34 30 44 32 50 26 20 35 2 17 25 3 8 47 5 29 16 11 18 12 39 21 6 7 28 27 49 31 10 4 37 23 33 42 19 41 14 36 24 45 1 43 9 38 40 22 
student 202: 14 8 50 41 40 30 43 35 47 29 22 31 2 26 24 7 11 49 5 27 19 9 23 17 38 15 3 4 37 28 46 20 12 6 36 25 32 39 18 48 13 34 16 44 1 45 10 33 42 21 
student 203: 20 12 47 40 37 22 46 25 49 30 29 33 1 18 28 3 9 39 4 24 16 11 17 15 34 27 5 6 38 31 48 32 8 7 44 23 26 45 19 50 13 36 21 41 2 43 10 42 35 14 
student 204: 14 16 47 39 32 28 50 29 49 18 20 27 4 17 30 2 11 44 10 26 22 12 13 15 37 23 5 6 41 31 48 33 9 3 43 25 42 38 21 46 8 34 19 40 1 45 7 35 36 24 
student 205: 16 9 46 44 40 27 38 25 47 28 21 32 4 19 23 3 10 45 6 26 13 11 17 15 35 22 1 5 39 37 49 31 12 7 36 29 30 34 18 50 14 41 24 43 2 48 8 33 42 20 
student 206: 16 8 49 45 35 22 48 30 50 29 23 32 5 24 28 3 7 42 4 26 10 9 19 18 36 13 2 11 40 27 43 33 14 6 41 17 31 38 20 47 15 37 25 46 1 39 12 34 44 21 
student 207: 16 11 50 44 33 26 46 29 47 34 21 30 2 23 27 4 8 41 1 25 15 5 18 12 35 22 7 6 39 32 45 28 9 13 31 19 37 38 17 49 14 40 24 48 3 43 10 36 42 20 
student 208: 15 7 47 44 36 29 49 13 50 28 22 33 6 20 26 1 8 45 4 23 18 12 19 5 24 27 10 3 39 32 46 31 16 9 37 25 35 40 17 48 14 34 30 43 2 42 11 38 41 21 
student 209: 13 9 48 43 31 24 44 32 49 38 19 39 7 23 30 2 5 47 4 25 20 11 16 15 34 22 1 6 42 29 50 28 12 8 37 21 27 45 18 46 14 40 26 41 3 35 10 33 36 17 
student 210: 13 12 47 31 37 36 44 29 49 24 23 35 1 27 28 4 9 45 14 22 21 3 16 8 34 26 10 6 39 41 46 32 11 5 40 18 20 48 15 50 17 42 25 38 2 43 7 33 30 19 
student 211: 16 6 41 46 33 24 50 30 47 27 15 35 1 22 29 3 9 44 5 21 8 10 20 12 32 19 4 11 37 28 48 34 14 7 38 25 31 40 17 49 18 36 26 42 2 43 13 39 45 23 
student 212: 14 13 48 46 32 27 47 28 50 26 23 35 2 29 21 3 5 49 4 24 18 10 16 11 33 20 6 7 44 31 40 30 12 8 41 25 34 36 17 45 15 42 22 43 1 39 9 38 37 19 
student 213: 18 9 46 47 37 26 43 27 48 28 21 33 7 16 32 3 11 45 5 24 19 10 20 15 35 22 2 4 36 31 50 30 14 6 38 23 29 40 17 49 12 39 25 42 1 44 8 34 41 13 
student 214: 10 14 46 45 37 28 41 29 47 31 20 32 4 16 22 3 8 48 2 23 7 11 19 18 39 26 9 5 36 30 49 25 17 12 35 27 34 42 15 50 6 38 24 40 1 44 13 33 43 21 
student 215: 15 8 43 44 36 28 42 29 50 24 35 37 6 18 25 4 1 46 5 19 13 12 22 16 32 20 2 9 39 30 49 26 11 7 34 23 31 40 17 47 14 38 27 41 3 48 10 33 45 21 
student 216: 18 15 49 45 33 25 46 26 39 28 17 32 1 23 24 5 11 48 6 20 14 10 16 12 34 29 3 4 37 31 50 38 9 8 35 19 30 42 22 47 13 40 27 41 2 43 7 36 44 21 
student 217: 14 10 46 44 40 29 47 27 50 24 19 30 3 20 28 2 13 48 7 23 8 12 15 18 33 22 6 5 35 37 42 34 11 9 39 26 31 41 21 49 16 43 25 38 1 45 4 32 36 17 
student 218: 19 10 44 47 38 30 45 26 49 33 28 32 1 21 25 2 5 46 8 24 13 7 18 11 27 23 4 3 41 34 50 29 12 9 39 20 37 42 14 48 17 35 22 43 6 36 15 31 40 16 
student 219: 17 8 46 41 32 22 45 31 49 33 20 29 3 19 27 4 12 43 6 28 16 14 24 15 38 25 7 1 36 35 48 42 9 2 34 23 26 40 18 50 11 37 21 39 5 47 10 30 44 13 
student 220: 14 12 45 40 48 31 42 27 47 29 15 30 8 22 24 1 5 46 6 23 19 9 17 13 21 26 2 3 35 38 49 32 10 7 39 28 33 37 20 50 16 36 25 44 4 41 11 34 43 18 
student 221: 18 15 45 44 36 24 48 33 49 27 20 31 1 19 21 6 5 50 10 23 17 11 12 14 42 26 3 9 37 32 47 30 8 4 35 22 29 41 25 46 13 40 28 39 2 38 7 34 43 16 
student 222: 17 11 49 44 36 29 43 30 50 27 16 37 3 22 26 9 1 47 8 23 18 12 13 15 34 28 5 4 35 32 46 25 7 6 38 20 31 42 19 48 14 39 24 40 2 41 10 33 45 21 
student 223: 19 12 50 44 26 28 48 31 49 30 22 34 5 17 24 2 6 42 10 29 14 9 15 11 38 21 1 3 37 32 47 25 13 7 36 23 33 43 18 46 16 41 27 39 4 45 8 35 40 20 
student 224: 21 9 48 42 35 25 43 30 50 28 23 33 1 16 24 4 5 45 10 27 19 12 18 17 34 22 2 7 38 32 47 29 6 11 44 20 31 46 15 49 13 36 26 37 3 40 8 39 41 14 
student 225: 19 6 49 46 36 24 39 28 48 31 20 35 3 18 27 4 5 44 8 34 16 10 14 17 32 22 2 1 40 25 45 29 9 11 37 26 30 47 15 50 13 41 23 38 7 43 12 33 42 21 
student 226: 17 9 46 43 36 29 44 30 48 23 27 34 5 22 26 2 11 45 8 25 16 15 19 14 35 13 3 6 41 28 49 31 10 4 40 21 33 37 12 50 18 38 24 47 1 42 7 32 39 20 
student 227: 17 12 46 43 33 28 48 29 50 26 24 27 3 20 32 1 6 44 4 23 16 11 19 15 34 21 2 10 41 31 49 30 9 5 38 22 35 36 18 47 14 45 25 39 7 42 8 37 40 13 
student 228: 9 16 46 44 42 32 45 26 48 23 27 35 1 21 29 4 6 49 10 25 17 8 19 11 36 20 13 7 37 33 50 30 14 5 34 24 28 39 15 47 12 38 22 43 2 40 3 31 41 18 
student 229: 17 12 48 45 38 27 44 35 49 30 28 31 2 22 21 5 6 46 7 26 15 9 16 13 29 20 3 4 37 36 47 32 18 8 34 23 24 41 25 50 11 39 14 43 1 40 10 33 42 19 
student 230: 15 7 50 38 35 26 44 28 47 25 23 33 4 20 31 8 11 43 1 29 14 12 21 16 42 17 9 5 36 27 48 32 6 10 37 22 34 45 13 49 18 39 24 41 2 46 3 30 40 19 
student 231: 14 11 46 49 34 27 45 28 50 30 21 33 5 18 24 2 13 44 7 26 17 10 20 12 36 19 6 3 38 31 47 29 9 1 39 23 32 42 16 48 15 35 25 40 4 41 8 37 43 22 
student 232: 13 11 47 44 36 27 46 32 48 28 21 35 5 22 25 7 8 45 1 26 15 10 17 16 34 23 4 3 40 31 49 30 20 6 39 19 29 43 14 50 12 37 24 42 2 41 9 33 38 18 
student 233: 17 12 43 44 35 26 45 32 49 28 19 31 5 21 27 1 16 47 8 25 10 11 18 15 39 22 3 6 37 33 50 30 7 4 36 20 29 38 14 48 13 40 24 46 2 42 9 34 41 23 
student 234: 16 7 43 45 37 29 44 31 50 27 24 36 3 17 25 6 9 46 4 20 14 11 23 15 32 18 1 5 33 34 49 35 12 8 38 22 30 47 19 48 13 42 26 40 2 41 10 28 39 21 
student 235: 14 13 49 41 34 25 42 32 50 28 23 33 4 18 24 1 8 46 9 22 17 11 16 12 29 27 3 5 40 31 48 30 15 6 37 19 36 39 20 44 10 38 26 43 2 45 7 35 47 21 
student 236: 19 10 42 41 36 23 47 30 50 27 21 32 1 20 26 2 14 49 3 24 15 6 17 16 34 31 8 7 38 29 45 35 11 9 39 22 33 37 12 48 13 40 25 44 4 46 5 28 43 18 
student 237: 14 10 45 42 35 26 43 33 49 23 25 32 7 20 24 4 12 50 9 21 15 8 18 16 36 22 1 3 37 29 48 31 13 5 39 27 28 40 17 47 11 38 30 41 2 44 6 34 46 19 
student 238: 18 13 46 44 37 33 39 24 47 20 27 34 10 19 25 1 6 45 9 23 14 21 16 8 35 22 3 4 41 31 50 28 15 5 38 29 32 36 12 48 7 40 26 42 2 49 11 30 43 17 
student 239: 16 17 45 42 33 25 49 24 50 29 19 32 1 22 27 8 7 43 6 28 12 11 14 15 36 23 5 2 41 31 47 37 10 4 34 21 30 38 18 48 13 39 26 46 3 44 9 35 40 20 
student 240: 16 10 47 42 36 28 46 29 50 27 21 32 4 23 20 1 9 40 6 26 11 2 12 15 34 22 7 3 43 33 48 31 17 8 37 24 30 39 19 49 14 35 25 44 5 45 13 38 41 18 
student 241: 15 16 47 43 37 31 45 23 50 27 19 32 6 20 28 7 14 46 3 26 13 10 18 12 33 25 2 4 41 30 48 29 11 9 34 22 36 38 17 49 8 39 24 42 1 44 5 35 40 21 
student 242: 19 14 47 45 37 25 40 31 50 29 26 35 2 12 23 1 13 46 6 22 10 16 18 7 36 28 4 11 39 30 48 34 17 5 32 20 27 44 24 49 9 41 15 42 3 43 8 33 38 21 
student 243: 20 18 47 41 33 25 45 26 50 29 16 38 10 17 32 5 1 44 4 24 14 7 22 15 40 21 3 6 35 28 48 30 11 8 46 27 31 42 19 49 13 39 23 34 2 36 9 37 43 12 
student 244: 18 9 48 47 35 29 42 24 49 21 22 33 4 17 30 1 10 43 8 20 12 5 23 15 36 26 7 3 39 28 44 32 14 11 37 27 31 40 13 50 19 34 16 46 2 45 6 38 41 25 
student 245: 17 16 50 41 39 26 46 32 48 29 19 33 3 18 23 6 4 47 5 27 14 10 15 11 31 20 2 9 30 34 43 28 13 8 36 24 35 44 25 49 12 38 22 42 1 45 7 37 40 21 
student 246: 16 13 46 43 33 26 48 27 49 30 23 34 5 20 28 2 9 45 4 25 14 8 17 15 36 21 7 3 37 31 50 29 12 6 40 22 32 42 19 47 11 38 24 41 1 44 10 35 39 18 
student 247: 13 11 48 44 38 24 45 26 49 31 25 33 2 17 19 1 8 46 4 36 23 6 9 15 34 20 3 16 41 32 43 27 22 7 35 28 30 42 18 50 12 37 21 40 5 47 10 29 39 14 
student 248: 19 8 49 48 34 29 44 24 50 30 17 35 2 21 27 11 6 47 5 28 15 3 18 10 37 26 7 4 42 31 45 25 9 16 38 22 32 39 20 46 14 33 23 41 1 40 13 36 43 12 
student 249: 18 11 45 43 44 23 41 33 50 26 21 35 3 20 28 8 6 47 4 27 15 13 16 12 37 29 2 10 32 34 48 36 7 9 25 22 31 39 17 49 14 46 24 40 1 42 5 30 38 19 
student 250: 17 6 41 46 34 28 44 30 50 33 16 32 5 14 25 1 9 45 8 26 13 11 18 10 35 22 7 3 36 29 47 27 20 4 38 23 31 40 19 49 12 39 24 43 2 48 15 37 42 21 
student 251: 17 11 47 35 37 15 45 29 48 27 26 31 4 20 28 2 10 40 7 25 12 8 21 9 34 23 5 3 44 30 43 32 13 6 36 24 33 41 16 49 14 39 22 42 1 50 19 38 46 18 
student 252: 19 12 47 42 35 29 46 28 50 30 18 34 2 16 27 1 7 48 4 25 17 10 20 13 33 23 5 6 40 32 49 31 9 11 43 21 26 36 15 44 14 39 24 41 3 45 8 38 37 22 
student 253: 14 15 46 44 39 30 45 24 50 37 22 29 1 20 27 4 7 47 5 26 16 9 17 13 35 28 2 10 40 21 48 32 8 6 34 23 33 36 18 49 12 42 25 41 3 43 11 31 38 19 
student 254: 17 13 47 42 30 26 48 27 50 31 19 36 1 21 15 10 12 46 3 22 16 14 28 6 25 23 2 4 40 35 49 33 9 7 38 29 32 41 18 45 11 43 24 37 5 39 8 34 44 20 
student 255: 13 10 47 45 35 28 49 27 48 30 19 37 2 21 26 3 8 43 4 23 16 1 15 17 39 24 7 6 38 31 46 29 11 9 32 22 33 42 18 50 14 36 25 41 5 44 12 34 40 20 
student 256: 20 13 47 43 36 25 49 29 50 27 24 33 10 12 22 3 2 41 7 31 15 8 19 16 35 26 1 5 37 28 46 32 9 14 39 18 30 45 21 44 11 40 23 42 4 38 6 34 48 17 
student 257: 16 10 46 45 35 28 39 33 43 32 30 29 4 21 23 6 3 44 9 22 14 11 17 12 34 20 2 7 41 27 50 24 13 5 36 25 40 42 18 47 15 38 26 49 1 37 8 31 48 19 
student 258: 15 13 46 45 36 22 41 31 50 29 20 32 4 17 24 2 5 44 8 16 12 7 23 19 38 27 10 3 37 28 47 35 11 6 33 30 25 43 21 48 14 40 26 49 1 42 9 34 39 18 
student 259: 17 12 40 46 38 26 36 27 49 28 19 31 2 22 29 4 7 48 5 25 15 10 18 13 32 21 6 3 43 34 50 30 9 8 37 24 33 39 14 47 11 41 20 45 1 44 23 35 42 16 
student 260: 16 22 47 48 38 28 43 23 42 30 15 31 3 21 29 1 7 41 5 25 11 13 19 14 34 27 6 4 40 26 49 33 10 8 39 24 32 45 18 44 12 35 20 50 2 36 9 37 46 17 
student 261: 17 10 44 42 34 24 46 26 50 29 23 30 1 14 27 11 5 48 7 28 19 9 15 12 32 20 6 3 38 35 45 36 18 4 37 22 31 39 16 49 13 43 21 47 2 41 8 33 40 25 
student 262: 14 16 47 46 37 29 44 25 50 31 19 33 2 22 23 5 9 43 3 21 15 10 12 20 38 26 7 6 36 28 48 30 13 8 39 27 34 42 17 49 11 32 24 41 1 45 4 35 40 18 
student 263: 17 8 49 46 36 25 47 31 50 32 19 35 6 20 28 2 12 48 7 22 16 10 18 15 38 21 4 3 40 33 37 34 11 5 41 23 24 39 14 43 13 29 26 45 1 44 9 30 42 27 
student 264: 17 11 39 41 32 22 47 30 50 29 24 38 4 20 28 1 10 48 7 26 13 19 15 12 36 21 3 5 34 33 45 27 9 8 42 23 31 40 18 49 14 37 25 43 2 46 6 35 44 16 
student 265: 20 18 47 43 46 29 44 28 48 26 25 31 5 19 27 1 10 50 3 17 16 11 22 4 38 13 6 7 39 32 49 30 15 9 34 23 33 36 21 45 14 40 24 41 2 42 8 35 37 12 
student 266: 21 12 48 41 31 30 43 26 50 25 22 29 1 18 27 2 9 46 5 33 16 8 14 17 32 15 10 4 36 37 49 28 11 6 35 24 34 40 20 47 13 38 23 44 3 45 7 39 42 19 
student 267: 15 12 42 41 37 30 45 29 47 23 19 34 2 22 24 5 7 44 4 26 13 9 17 10 38 18 6 16 32 28 46 33 8 3 39 27 35 49 21 50 25 36 20 43 1 40 11 31 48 14 
student 268: 16 10 47 50 29 33 45 21 46 28 22 34 3 24 31 1 7 49 6 23 14 17 15 13 36 30 4 5 35 26 42 25 8 9 40 27 32 39 18 48 12 37 19 41 2 43 11 38 44 20 
student 269: 12 10 47 46 36 25 43 27 50 29 18 28 7 15 30 2 6 38 5 21 16 9 20 17 33 19 3 4 41 35 48 31 23 13 39 26 32 42 14 49 11 37 24 45 1 44 8 34 40 22 
student 270: 19 15 41 45 33 25 47 26 50 28 17 35 2 18 24 1 11 46 12 23 16 9 22 14 34 29 4 5 36 31 49 30 13 8 37 21 32 39 7 48 10 40 27 44 3 43 6 38 42 20 
student 271: 17 12 41 47 33 25 46 26 49 28 21 29 6 19 24 3 7 48 9 32 13 8 18 14 35 22 2 4 43 31 50 30 11 10 39 23 34 36 15 45 16 38 27 44 1 42 5 37 40 20 
student 272: 21 12 46 45 36 30 40 28 49 34 22 29 2 24 27 1 8 47 6 25 17 11 19 14 35 16 3 5 42 32 50 23 10 9 41 26 31 38 18 48 13 37 20 43 4 44 7 33 39 15 
student 273: 8 19 48 37 39 31 42 30 50 27 20 38 11 14 23 3 6 46 4 24 17 5 13 15 34 21 2 9 40 32 49 26 16 7 36 25 28 43 18 47 10 41 29 44 1 35 12 33 45 22 
student 274: 13 10 39 44 37 25 46 29 50 28 24 35 3 22 23 2 9 42 6 30 16 11 14 12 47 21 4 5 43 33 45 32 8 7 31 27 26 38 18 49 15 34 19 41 1 48 17 36 40 20 
student 275: 15 14 48 43 42 25 46 27 47 28 34 36 3 17 20 5 8 49 10 24 22 6 18 12 29 19 7 1 38 33 50 31 11 4 32 23 30 39 16 44 13 35 26 40 2 41 9 37 45 21 
student 276: 14 7 48 46 33 32 43 30 45 28 20 42 4 16 27 2 5 47 3 25 18 6 23 15 35 19 8 11 34 26 49 29 9 10 37 22 39 38 17 50 13 36 21 41 1 40 12 31 44 24 
student 277: 14 11 47 44 40 30 48 29 45 23 22 38 2 21 28 4 9 46 6 25 18 12 17 13 34 20 5 1 33 26 50 32 8 7 35 24 31 42 16 49 15 41 27 37 3 39 10 36 43 19 
student 278: 16 10 47 46 38 27 42 34 49 28 23 33 3 18 19 7 4 44 5 25 13 11 20 15 36 14 6 2 32 30 48 29 12 8 37 22 35 43 17 50 21 40 26 39 1 41 9 31 45 24 
student 279: 11 14 44 43 36 27 48 29 47 31 23 32 8 22 26 2 12 46 7 25 17 6 21 15 35 18 1 3 39 28 49 34 10 9 40 20 30 37 16 50 13 38 24 41 5 45 4 33 42 19 
student 280: 13 11 48 42 33 29 50 36 49 28 24 34 6 20 26 2 5 41 7 25 14 10 21 12 32 22 1 3 40 37 47 23 15 4 35 18 30 39 17 46 16 38 27 45 8 43 9 31 44 19 
student 281: 13 12 48 41 36 9 46 27 50 31 21 34 4 24 30 3 7 45 11 25 15 10 19 14 44 23 1 5 37 26 49 32 8 6 35 29 28 40 20 47 17 38 22 43 2 42 16 33 39 18 
student 282: 16 10 47 41 39 30 43 31 49 26 21 32 6 25 24 4 14 46 5 29 12 9 18 11 35 20 2 3 36 28 45 27 13 8 38 22 34 44 19 50 15 37 23 42 1 48 7 33 40 17 
student 283: 17 14 44 41 39 26 50 29 47 28 19 35 2 23 25 6 11 46 5 24 15 9 21 13 37 20 3 4 45 31 48 27 7 10 36 22 32 40 16 49 12 33 30 43 1 38 8 34 42 18 
student 284: 10 8 48 45 37 29 46 30 49 24 20 27 4 13 28 2 9 47 7 26 14 11 21 18 32 22 6 5 35 31 39 34 16 3 40 19 33 42 17 50 15 41 23 44 1 38 12 36 43 25 
student 285: 17 12 48 44 31 28 47 29 50 30 22 34 1 19 23 7 10 49 6 21 15 8 18 13 35 20 2 5 37 32 46 36 11 4 33 25 27 43 16 45 14 39 26 38 3 42 9 40 41 24 
student 286: 13 5 50 45 35 24 40 27 48 31 22 33 3 29 25 2 16 46 7 26 14 9 15 19 36 20 1 6 38 32 47 28 12 8 37 18 30 39 21 49 10 41 23 43 4 42 11 34 44 17 
student 287: 15 9 49 43 35 31 45 33 50 29 24 37 1 22 23 2 4 46 10 25 13 6 18 17 32 20 7 8 40 30 47 27 14 5 38 28 26 44 21 48 11 41 19 42 3 39 12 36 34 16 
student 288: 19 9 49 39 35 27 46 32 48 28 20 31 5 21 26 4 7 44 6 24 10 12 18 11 33 25 2 13 36 30 47 29 15 3 34 23 41 40 16 50 14 38 22 43 1 45 8 37 42 17 
student 289: 16 12 48 43 37 28 47 25 49 30 23 29 5 18 21 3 9 46 8 26 20 14 27 10 32 15 2 7 34 33 41 31 6 1 40 22 35 38 13 50 19 36 24 42 4 45 11 44 39 17 
student 290: 17 10 49 45 38 31 47 30 48 27 22 29 1 19 26 2 7 46 3 23 16 12 18 14 36 20 4 6 37 33 44 28 9 8 32 24 35 39 15 50 13 41 25 40 5 43 11 34 42 21 
student 291: 8 16 50 47 35 28 43 30 49 29 22 31 2 24 27 5 7 46 3 25 13 10 19 14 36 23 4 11 37 26 42 34 12 6 38 20 32 40 15 48 17 44 21 39 1 41 9 33 45 18 
student 292: 18 16 48 44 27 22 43 32 47 26 24 34 3 21 28 2 11 46 7 30 8 12 14 17 42 23 5 10 40 29 49 33 13 4 35 25 31 37 19 50 15 38 20 45 1 41 6 36 39 9 
student 293: 16 12 45 44 39 27 47 31 48 30 18 28 10 19 26 4 23 49 2 25 6 11 14 15 37 17 7 1 36 29 46 32 3 9 35 20 34 40 22 50 13 33 24 42 5 41 8 38 43 21 
student 294: 11 16 48 44 35 24 45 31 50 26 28 34 3 22 25 2 7 46 6 19 13 8 18 14 38 23 1 4 39 32 49 27 9 10 29 30 33 40 15 47 12 36 17 43 21 42 5 37 41 20 
student 295: 18 14 44 47 34 33 42 30 45 29 27 35 1 12 26 3 9 48 6 28 17 10 19 8 39 21 2 7 38 32 46 31 11 5 37 22 24 36 16 49 13 41 25 50 4 43 15 23 40 20 
student 296: 16 5 44 45 32 24 50 28 48 30 21 29 7 22 26 2 6 34 3 27 15 11 19 13 38 23 9 10 36 39 49 31 12 4 41 20 33 42 18 46 14 37 25 47 1 40 8 35 43 17 
student 297: 18 15 47 46 42 25 49 26 48 32 19 34 7 16 31 2 10 41 5 23 17 8 20 12 35 21 3 4 33 29 45 28 13 9 37 24 30 39 14 50 11 38 27 40 1 44 6 36 43 22 
student 298: 20 12 47 44 35 23 45 32 50 28 24 29 6 22 31 4 8 49 1 19 15 10 16 13 33 27 5 2 41 30 48 26 11 7 36 21 38 37 14 46 17 40 25 43 3 42 9 34 39 18 
student 299: 13 11 49 44 34 24 42 30 46 29 18 35 2 23 22 3 10 43 7 27 15 12 19 16 36 26 4 6 37 31 50 28 9 8 32 21 33 39 17 47 14 41 25 40 1 45 5 38 48 20 
student 300: 12 14 48 45 38 29 50 28 49 24 25 33 4 19 32 2 7 47 1 26 20 8 16 15 31 21 5 10 36 42 44 27 6 9 35 23 30 40 18 46 17 43 22 39 3 41 11 34 37 13 
student 301: 10 12 49 46 36 28 45 30 47 29 21 32 3 23 20 2 8 44 5 27 14 13 16 11 35 22 1 6 40 31 48 26 17 4 33 24 43 37 18 50 15 38 25 41 7 42 9 34 39 19 
student 302: 20 13 49 45 29 33 44 31 50 22 17 26 2 24 30 1 10 47 8 23 14 12 21 11 38 19 4 5 40 35 46 34 6 9 36 28 25 37 15 48 16 39 27 42 3 43 7 32 41 18 
student 303: 14 7 49 44 38 24 42 29 50 28 23 31 4 20 30 3 11 46 6 26 18 13 12 10 36 25 5 1 41 27 47 33 15 9 34 22 32 35 19 48 17 45 16 43 2 40 8 39 37 21 
student 304: 19 17 44 46 40 29 50 30 47 24 21 39 2 20 26 1 7 48 12 25 11 13 16 10 34 22 4 6 41 31 49 32 18 5 37 23 27 38 14 45 3 42 28 35 8 43 9 33 36 15 
student 305: 13 10 49 47 31 27 44 29 46 28 22 33 9 16 25 2 6 48 7 24 19 12 15 17 37 23 4 3 41 30 50 32 14 5 40 26 35 45 18 42 11 34 20 39 1 43 8 36 38 21 
student 306: 19 14 46 48 32 31 39 27 43 29 17 33 3 18 23 1 10 47 7 26 20 13 21 15 36 24 2 5 40 28 50 34 12 6 37 25 30 41 11 49 8 44 22 42 4 38 9 35 45 16 
student 307: 18 12 44 47 38 30 41 28 49 27 16 35 4 20 26 6 11 45 10 25 17 9 19 13 37 24 7 1 36 29 48 32 15 8 31 21 34 39 14 50 3 42 23 40 2 46 5 33 43 22 
student 308: 16 11 50 38 36 29 45 25 49 30 17 40 5 18 23 1 10 47 4 27 19 7 13 15 31 24 2 6 41 28 48 32 14 9 37 26 33 43 21 46 12 39 20 35 3 44 8 34 42 22 
student 309: 14 11 49 44 38 31 50 29 47 25 20 33 4 18 28 2 7 48 8 23 17 10 19 16 34 21 3 5 41 32 45 26 13 6 39 27 35 40 22 36 12 37 24 43 1 46 9 30 42 15 
student 310: 26 14 42 48 36 29 45 30 43 23 24 32 1 17 25 3 8 50 7 27 18 5 16 13 37 22 6 4 38 33 49 28 10 11 31 15 34 40 19 47 12 39 20 41 2 46 9 35 44 21 
student 311: 16 14 39 45 36 30 49 28 47 27 19 33 2 18 26 1 5 42 8 25 12 11 20 13 35 22 3 6 40 31 48 29 15 7 43 23 32 38 21 50 9 37 24 44 4 41 10 34 46 17 
student 312: 12 14 47 45 36 16 43 27 50 26 23 37 1 21 28 2 9 48 6 24 17 8 18 15 41 22 3 5 39 33 49 32 11 7 38 25 31 40 20 46 13 30 29 42 4 44 10 35 34 19 
student 313: 16 6 44 45 42 29 47 31 49 28 20 34 3 22 27 8 10 46 5 25 14 4 19 12 35 21 1 9 37 33 48 26 13 7 39 24 30 36 17 50 11 40 23 41 2 43 15 32 38 18 
student 314: 18 13 47 37 36 29 43 32 50 30 14 34 1 26 21 3 12 46 4 27 16 9 19 15 31 22 6 8 39 23 49 24 11 7 38 20 33 40 17 48 10 42 25 44 2 45 5 35 41 28 
student 315: 13 12 43 41 27 19 44 30 50 29 21 33 1 20 24 3 10 45 5 25 17 8 15 14 34 22 2 6 38 35 49 28 9 11 37 23 32 36 18 46 16 39 31 47 4 48 7 40 42 26 
student 316: 16 5 46 49 33 24 43 25 48 27 21 32 1 19 31 2 7 39 8 26 17 13 12 10 34 23 3 6 38 28 45 29 11 9 36 22 37 50 18 47 20 35 30 41 4 42 14 44 40 15 
student 317: 18 11 49 45 42 27 47 26 48 30 25 35 3 19 29 4 8 46 5 24 16 12 17 13 36 22 7 2 34 28 50 31 10 6 38 21 33 44 14 43 15 37 23 39 1 40 9 32 41 20 
student 318: 14 19 45 42 35 24 40 34 49 28 18 32 4 21 27 1 7 47 6 26 12 16 25 11 33 20 2 5 37 44 50 31 8 10 36 22 29 39 13 48 9 38 23 43 3 46 17 30 41 15 
student 319: 14 10 41 40 36 37 50 26 47 27 22 33 2 20 28 1 9 46 8 25 11 15 16 17 34 24 5 7 42 32 48 29 6 4 38 21 30 35 19 49 12 39 23 45 3 43 13 31 44 18 
student 320: 15 12 45 44 33 26 50 34 47 28 23 30 1 20 24 3 11 48 8 29 18 9 13 14 39 19 7 5 38 32 46 35 16 6 37 21 27 36 17 49 4 41 25 43 2 40 10 31 42 22 
student 321: 19 14 43 47 36 25 48 23 46 30 17 27 7 24 29 1 10 44 3 28 13 9 16 12 35 22 2 8 34 32 49 31 11 5 38 21 33 45 18 50 15 42 26 40 4 41 6 37 39 20 
student 322: 17 14 49 45 39 29 41 30 48 26 18 31 5 21 25 1 7 44 9 23 13 8 15 12 35 28 6 3 40 27 42 33 10 4 32 22 37 36 19 47 11 38 24 43 2 46 16 34 50 20 
student 323: 12 15 40 47 35 31 50 30 48 29 21 36 2 16 24 1 6 45 3 25 14 10 17 9 37 23 8 4 42 32 43 27 5 13 33 22 28 38 18 49 19 39 26 46 7 44 11 34 41 20 
student 324: 18 13 46 41 36 28 44 32 49 20 22 34 4 21 25 3 9 47 7 24 15 10 16 11 27 26 6 5 33 35 50 29 12 8 39 30 31 37 14 48 17 40 23 43 1 45 2 38 42 19 
student 325: 14 12 48 43 38 24 45 29 49 27 18 33 1 23 25 7 11 46 9 28 13 5 17 19 35 20 8 4 39 31 50 32 6 3 37 21 30 41 16 47 15 40 26 42 2 44 10 34 36 22 
student 326: 17 18 49 40 37 24 45 25 50 28 21 36 3 32 29 4 9 47 7 26 14 8 12 16 41 20 2 6 35 27 46 34 15 5 33 22 31 43 13 48 11 38 23 42 1 39 10 30 44 19 
student 327: 14 12 49 45 33 27 46 32 48 23 20 34 3 21 25 8 5 44 6 28 16 7 19 13 36 22 4 1 43 29 47 31 11 10 38 24 30 40 17 50 15 35 26 42 2 39 9 37 41 18 
student 328: 14 12 50 49 34 17 43 30 48 28 6 32 1 23 27 4 11 44 13 26 18 7 21 20 38 22 5 3 35 37 45 31 10 8 36 19 33 39 16 46 15 41 25 47 2 40 9 29 42 24 
student 329: 9 14 49 46 35 25 43 27 48 30 21 44 3 16 28 10 5 47 11 20 17 12 18 8 32 22 1 7 39 31 45 33 13 4 34 26 29 38 19 50 15 37 23 42 2 41 6 36 40 24 
student 330: 18 13 47 46 36 27 44 20 50 24 15 33 11 14 31 2 8 45 12 30 16 5 26 19 34 22 1 6 37 29 49 28 10 9 35 25 32 40 17 48 7 41 23 38 3 42 4 39 43 21 
student 331: 17 18 45 46 38 26 43 28 50 31 27 33 3 21 19 2 7 48 6 24 14 10 16 9 30 23 8 11 37 32 41 29 5 4 34 22 36 42 20 49 13 39 25 44 1 47 12 35 40 15 
student 332: 16 10 45 43 38 24 46 33 47 26 23 32 2 21 31 5 8 48 4 22 6 12 19 17 41 18 3 7 36 28 50 34 13 11 35 25 27 37 15 49 14 40 30 42 1 39 9 29 44 20 
student 333: 22 12 48 41 35 23 47 30 45 26 24 34 6 17 28 2 1 46 9 29 11 19 20 14 36 16 4 15 37 27 49 33 7 5 39 25 31 38 13 50 10 42 18 40 3 44 8 32 43 21 
student 334: 16 14 48 44 37 26 45 29 50 30 18 32 3 25 27 2 7 47 5 24 17 9 22 12 41 21 4 8 39 31 46 28 10 6 34 20 33 36 19 49 13 38 23 43 1 40 11 35 42 15 
student 335: 16 18 49 41 29 30 43 32 46 26 22 31 2 17 27 4 11 44 12 25 19 6 14 15 39 8 3 7 34 35 48 28 10 9 38 21 37 33 20 50 13 40 24 47 1 45 5 36 42 23 
student 336: 13 12 42 48 44 28 43 30 50 29 20 32 5 18 27 1 9 40 2 25 21 7 24 15 38 19 4 10 37 33 45 31 11 8 34 22 26 39 17 46 16 36 23 49 3 41 6 35 47 14 
student 337: 18 10 45 44 35 23 46 29 50 24 20 33 2 21 30 1 9 47 5 27 12 16 17 14 37 19 6 4 39 31 48 32 15 7 38 22 28 36 13 49 11 40 26 42 3 43 8 34 41 25 
student 338: 13 11 47 40 38 28 41 17 43 27 16 33 3 24 31 8 7 48 6 25 20 9 14 19 35 26 2 5 37 32 49 29 12 4 46 22 30 39 18 50 15 42 23 45 1 44 10 34 36 21 
student 339: 14 16 47 45 34 27 44 28 50 30 22 31 6 18 26 3 5 46 9 25 17 7 20 13 37 21 2 12 43 36 49 32 11 4 38 23 29 39 15 48 10 35 24 42 1 41 8 33 40 19 
student 340: 13 11 46 44 36 23 42 26 49 30 21 32 6 20 25 7 5 47 2 28 15 9 17 12 34 22 3 1 35 37 50 29 10 8 33 27 38 40 16 48 18 39 24 43 4 45 14 31 41 19 
student 341: 19 13 47 46 36 27 45 34 50 28 23 31 6 14 22 4 5 42 7 26 16 10 18 11 33 20 8 3 40 30 49 29 12 2 37 21 32 35 17 48 15 43 25 44 1 38 9 41 39 24 
student 342: 23 12 47 42 36 20 43 27 50 30 24 33 2 19 32 3 11 46 6 18 10 7 28 16 35 21 4 5 38 25 48 31 8 9 37 22 29 40 15 49 13 39 26 41 1 45 14 34 44 17 
student 343: 15 12 47 44 41 28 42 26 50 34 20 33 3 18 25 7 5 48 13 24 19 11 16 14 35 27 8 1 38 31 45 29 6 4 37 23 30 39 17 49 10 36 21 43 2 40 9 32 46 22 
student 344: 19 12 50 47 39 30 43 32 49 33 22 28 7 21 20 1 9 46 4 26 16 2 15 14 37 27 6 5 40 24 44 36 10 8 34 18 29 35 31 48 13 38 25 42 3 45 11 23 41 17 
student 345: 18 13 44 40 35 29 41 28 50 26 25 37 4 19 24 1 8 48 6 23 16 2 17 12 39 20 7 5 45 31 47 34 14 9 33 22 32 38 21 42 11 36 27 49 3 46 10 30 43 15 
student 346: 11 9 47 45 32 26 40 30 49 28 19 35 5 17 25 1 10 39 4 22 14 18 23 20 36 27 8 2 34 29 50 31 13 6 38 24 33 46 15 48 12 41 21 44 3 42 7 37 43 16 
student 347: 7 15 45 42 34 29 43 28 50 26 21 27 2 20 23 1 6 47 4 22 11 13 18 16 36 24 9 3 39 35 49 32 14 10 37 25 30 44 12 48 17 41 31 46 8 40 5 33 38 19 
student 348: 13 9 45 43 35 27 48 30 49 28 21 34 1 22 25 2 11 36 5 24 12 10 18 17 37 26 8 4 39 32 50 31 15 7 47 20 29 38 19 46 14 40 23 41 3 42 6 33 44 16 
student 349: 15 16 50 46 36 26 42 30 47 33 27 35 1 20 22 2 8 44 13 25 10 7 23 17 34 19 6 11 37 31 49 28 9 4 38 24 29 41 18 48 14 40 21 45 3 39 5 32 43 12 
student 350: 23 8 50 43 37 30 46 33 47 19 24 27 4 20 29 7 10 49 6 18 16 15 13 14 36 22 9 2 35 26 41 25 11 3 38 31 32 40 12 48 17 39 28 42 5 45 1 34 44 21 
student 351: 22 10 45 43 37 27 42 29 50 28 15 33 4 24 26 3 6 49 8 21 11 16 19 13 36 23 2 5 34 30 47 32 12 7 39 17 31 44 14 46 18 38 25 41 1 48 9 35 40 20 
student 352: 16 14 46 44 34 24 50 31 47 29 17 32 2 23 27 1 6 45 3 30 18 11 19 12 39 15 7 5 35 26 48 36 9 10 37 22 28 43 20 49 13 38 25 40 4 42 8 33 41 21 
student 353: 16 12 50 42 47 24 48 29 46 28 20 36 2 23 26 6 8 44 1 22 15 10 17 13 32 25 5 4 31 30 45 33 9 11 40 21 35 37 18 49 14 34 27 39 3 41 7 38 43 19 
student 354: 5 15 44 42 39 27 43 35 50 25 19 30 7 18 33 1 9 45 8 28 17 10 12 20 36 22 3 4 37 29 49 26 11 6 46 24 31 38 13 47 16 40 21 34 2 41 14 32 48 23 
student 355: 16 18 44 49 33 30 43 24 48 28 23 34 5 21 25 4 10 46 1 29 9 15 20 7 35 26 8 3 37 27 50 32 11 2 36 22 31 41 13 47 17 39 19 42 6 45 12 38 40 14 
student 356: 19 12 44 45 34 28 42 36 46 29 23 38 1 20 16 2 9 48 6 22 15 8 17 14 40 25 5 4 39 24 49 35 11 7 31 26 30 43 18 47 13 41 27 50 3 37 10 33 32 21 
student 357: 20 8 49 45 40 28 47 31 50 25 17 37 5 19 34 3 2 46 10 27 16 11 9 14 32 23 4 13 33 29 48 22 6 7 35 26 30 42 18 39 15 41 24 43 1 38 12 36 44 21 
student 358: 16 13 48 42 34 24 44 32 49 29 21 31 3 18 30 4 7 46 5 26 15 9 19 12 39 23 6 8 35 27 50 28 11 10 40 25 38 43 20 47 14 37 22 45 1 41 2 33 36 17 
student 359: 16 13 48 43 40 30 45 29 50 32 18 31 2 20 25 5 6 47 4 24 19 11 26 10 37 21 14 3 33 28 46 27 8 9 38 23 34 41 15 49 22 39 17 44 1 42 7 36 35 12 
student 360: 16 11 46 39 41 25 47 32 50 24 18 33 4 23 22 3 5 44 6 35 12 19 21 9 34 26 1 7 31 36 48 28 13 10 30 20 29 37 17 49 8 45 27 40 2 42 15 38 43 14 
student 361: 14 16 47 42 32 22 45 35 48 26 19 41 7 28 23 1 6 46 12 27 11 10 20 18 30 15 5 9 40 31 49 34 8 3 37 21 29 33 17 50 13 39 25 38 2 43 4 36 44 24 
student 362: 19 11 44 46 35 23 47 29 48 28 15 32 1 22 25 7 17 41 5 27 18 9 8 13 36 26 2 6 38 30 50 33 10 4 37 21 31 45 24 49 14 39 20 43 3 42 12 34 40 16 
student 363: 16 12 50 42 39 23 43 26 48 25 19 34 2 20 32 3 5 45 7 28 18 11 27 14 33 21 6 10 31 46 49 30 13 4 36 24 35 38 15 47 9 41 22 37 1 40 8 29 44 17 
student 364: 11 9 48 42 37 22 44 28 43 27 21 33 2 19 29 4 13 47 7 26 18 8 14 17 35 24 5 1 36 30 50 31 16 6 38 25 32 39 15 49 12 41 23 45 3 40 10 34 46 20 
student 365: 16 13 41 43 38 29 47 24 50 27 20 34 2 25 26 5 7 48 3 28 8 14 19 6 36 21 4 10 42 31 44 23 12 9 37 22 32 33 17 45 15 49 30 40 1 46 11 35 39 18 
student 366: 22 16 42 45 38 20 49 25 46 29 23 33 3 18 19 7 4 37 6 27 13 9 14 11 35 15 1 5 39 28 48 31 12 8 41 30 32 43 21 50 17 40 26 34 2 44 10 36 47 24 
student 367: 20 9 47 44 35 30 43 24 48 32 15 34 6 21 25 4 7 49 8 22 16 14 19 10 38 28 5 2 45 33 50 26 12 3 29 27 31 46 17 41 13 39 23 40 1 42 11 37 36 18 
student 368: 14 12 50 48 37 24 47 30 49 28 21 26 3 13 25 5 11 46 4 27 16 9 18 17 36 20 1 6 38 31 43 32 10 7 40 22 33 39 19 42 15 34 29 44 2 45 8 35 41 23 
student 369: 12 9 43 46 32 26 41 29 50 27 23 37 2 20 28 3 7 44 5 25 17 8 19 18 38 22 4 6 39 31 49 30 10 14 35 21 34 42 13 48 11 45 24 40 1 47 15 33 36 16 
student 370: 9 10 45 47 38 26 39 35 50 28 18 32 3 25 27 1 8 44 4 23 20 11 15 16 33 24 5 6 37 31 48 29 13 7 36 19 30 41 14 49 17 43 22 40 2 42 12 34 46 21 
student 371: 17 11 47 50 34 23 43 33 48 25 26 31 3 19 30 4 9 46 8 24 7 16 15 14 35 22 10 2 45 28 40 29 12 5 39 21 32 41 18 49 13 38 27 42 1 37 6 36 44 20 
student 372: 22 11 47 42 37 25 45 28 50 35 20 36 1 19 21 2 12 44 7 26 13 9 10 18 33 23 3 4 38 32 49 29 8 6 46 27 30 39 15 48 16 34 24 43 5 40 14 31 41 17 
student 373: 12 11 43 46 40 27 45 23 50 30 16 32 2 17 24 5 9 47 3 34 21 10 14 18 41 22 7 8 33 28 49 31 13 4 39 25 36 35 20 48 6 42 19 44 1 38 15 29 37 26 
student 374: 18 10 47 43 37 20 46 31 48 28 25 34 2 19 27 3 5 45 6 17 22 13 15 14 35 21 4 7 39 29 49 32 16 8 38 24 33 40 12 50 11 36 26 44 1 42 9 30 41 23 
student 375: 18 14 49 40 34 24 44 26 47 32 22 31 4 16 29 3 7 48 10 28 15 2 9 11 38 27 6 8 41 35 45 30 20 5 36 21 25 43 13 50 17 39 23 33 1 46 12 37 42 19 
student 376: 21 10 48 42 35 33 47 30 50 28 18 34 4 22 25 5 9 46 3 26 14 13 15 11 32 16 2 6 39 29 43 27 8 12 38 24 31 37 19 49 17 40 23 41 1 45 7 36 44 20 
student 377: 15 10 44 49 34 27 43 28 50 31 20 35 2 22 25 1 9 46 13 23 16 12 21 6 32 18 8 4 38 33 47 29 14 3 37 24 30 40 17 48 11 41 26 45 5 36 7 39 42 19 
student 378: 16 11 46 44 35 26 45 29 50 30 20 31 2 25 22 3 10 42 9 24 14 6 17 8 36 21 4 7 39 28 48 34 12 5 38 19 32 47 27 49 15 41 23 43 1 37 13 33 40 18 
student 379: 19 12 45 50 33 24 43 37 49 26 18 35 6 15 29 1 3 42 7 23 16 14 21 11 32 31 5 2 41 28 47 25 10 8 36 22 34 40 17 48 13 38 27 44 4 46 9 30 39 20 
student 380: 19 13 47 45 35 25 48 23 50 28 20 31 2 16 18 4 3 43 9 26 27 5 17 10 36 22 6 7 37 33 44 30 24 8 41 21 32 40 12 49 14 38 29 39 1 46 11 34 42 15 
student 381: 14 1 46 42 43 28 47 30 49 25 20 37 4 24 29 2 9 48 13 27 17 15 12 16 35 21 5 6 36 32 45 26 11 7 33 22 31 39 19 50 8 38 23 44 3 41 10 34 40 18 
student 382: 16 9 50 46 32 29 44 27 45 28 20 34 3 21 24 4 13 48 7 26 15 12 18 14 36 22 2 5 38 33 43 31 6 8 37 25 30 39 19 49 11 41 23 42 1 47 10 35 40 17 
student 383: 17 12 48 42 38 30 44 27 47 26 23 32 3 22 25 7 6 46 5 24 15 11 16 10 35 18 4 1 39 28 45 34 13 8 33 21 31 40 19 49 14 36 29 43 2 37 9 41 50 20 
student 384: 17 14 45 50 36 31 35 29 46 26 19 32 5 16 23 4 10 47 7 27 15 9 20 11 30 25 2 3 38 37 49 28 6 8 33 21 40 42 13 48 22 43 24 44 1 41 12 34 39 18 
student 385: 16 11 45 43 38 28 41 31 50 34 22 29 1 18 26 2 8 47 9 23 15 10 17 14 30 24 5 7 33 32 48 27 12 6 40 20 36 44 13 49 21 37 25 39 3 46 4 42 35 19 
student 386: 13 9 48 45 40 27 44 32 50 29 21 28 7 22 24 4 12 46 6 30 14 11 17 15 31 25 2 5 39 34 47 26 8 3 38 20 33 35 18 49 16 36 23 41 1 43 10 37 42 19 
student 387: 17 20 47 46 36 27 44 30 50 25 16 33 5 15 28 2 4 45 13 26 10 3 19 24 35 22 6 7 38 31 48 29 9 8 37 18 34 42 14 49 11 32 21 41 1 39 12 40 43 23 
student 388: 14 15 47 41 34 29 46 32 49 30 20 33 3 11 24 2 9 43 7 26 18 10 17 12 28 23 5 6 40 22 48 31 19 4 37 27 35 44 16 50 13 39 25 42 1 45 8 38 36 21 
student 389: 13 10 48 43 33 28 44 29 45 26 16 34 7 23 24 3 9 47 6 27 18 11 20 15 37 17 1 4 39 25 49 30 12 8 35 22 32 38 21 50 14 41 31 40 2 46 5 36 42 19 
student 390: 11 18 45 49 35 28 48 30 39 24 17 37 2 20 27 1 10 46 4 26 16 13 22 14 31 21 7 5 32 36 47 34 12 8 33 25 29 38 15 50 9 40 23 43 3 44 6 41 42 19 
student 391: 13 16 49 45 32 28 37 29 46 26 22 30 2 18 24 5 11 48 4 25 12 14 17 19 34 21 3 6 44 36 40 31 9 8 35 27 41 42 15 50 10 38 23 39 1 47 7 33 43 20 
student 392: 18 11 46 39 43 26 45 29 50 28 19 37 3 20 27 1 6 48 4 24 15 16 14 23 33 22 5 7 31 35 47 32 8 9 40 21 34 41 13 49 12 38 25 42 2 44 10 30 36 17 
student 393: 14 16 48 39 33 41 45 32 50 28 19 27 5 17 29 2 6 42 4 23 15 8 18 11 31 25 7 1 36 26 47 34 13 10 37 24 30 38 20 49 12 40 21 44 9 43 3 35 46 22 
student 394: 12 13 46 49 35 23 45 29 47 28 22 38 3 19 27 7 6 41 8 25 14 2 18 17 33 21 4 9 34 32 48 30 11 5 39 20 31 40 15 50 16 37 26 44 1 42 10 36 43 24 
student 395: 19 12 40 45 41 26 47 34 48 29 13 32 1 21 27 6 8 44 4 31 17 11 18 14 36 22 5 2 42 24 46 28 10 7 33 25 30 37 15 50 16 49 23 39 3 38 9 35 43 20 
student 396: 15 13 47 44 35 28 45 37 49 26 24 30 3 21 25 1 11 36 8 27 17 6 14 10 38 18 2 5 39 34 48 29 12 9 33 23 31 41 22 50 16 42 19 40 4 46 7 32 43 20 
student 397: 12 11 47 44 35 27 46 31 49 30 24 38 1 20 25 5 7 39 6 23 15 10 18 14 41 22 3 4 36 32 50 29 13 8 34 21 28 43 17 48 16 37 26 45 2 42 9 33 40 19 
student 398: 16 13 45 44 38 25 43 30 47 28 19 31 3 27 21 2 7 50 8 26 15 10 24 14 36 22 4 6 34 32 48 29 11 5 33 20 37 41 17 49 12 40 23 39 1 46 9 35 42 18 
student 399: 13 16 48 43 31 29 45 25 47 30 19 44 5 26 27 6 7 46 2 24 14 9 20 15 33 21 3 8 37 28 49 34 11 4 38 22 32 40 18 50 10 36 23 42 1 41 12 35 39 17 
student 400: 12 15 47 44 36 24 45 31 50 30 27 33 4 18 25 2 14 46 6 22 13 10 23 11 35 16 5 3 34 29 49 32 9 8 38 28 37 41 19 48 20 42 21 40 1 43 7 26 39 17 
student 401: 19 12 48 43 34 25 45 33 44 26 15 35 4 18 29 2 11 47 8 30 13 3 23 17 27 22 10 5 40 28 49 36 9 6 41 21 32 38 20 50 14 37 24 42 1 46 7 31 39 16 
student 402: 18 3 46 45 32 23 47 28 50 31 22 35 2 25 20 4 13 48 7 27 12 14 19 15 39 10 6 8 38 26 41 30 11 9 36 24 33 43 21 49 17 37 29 44 1 40 5 34 42 16 
student 403: 20 12 49 50 36 27 45 30 46 28 17 33 2 16 29 3 8 40 4 24 15 7 25 19 35 21 5 6 38 31 47 23 9 13 39 22 32 48 14 43 11 44 26 42 1 41 10 34 37 18 
student 404: 15 14 46 42 36 32 45 28 50 25 18 30 6 24 23 9 4 49 3 29 21 10 11 16 35 20 2 5 37 31 47 26 13 8 44 27 34 40 17 48 7 33 22 41 1 43 12 39 38 19 
student 405: 17 3 49 45 38 30 43 32 50 31 20 33 6 24 27 2 1 48 8 21 16 15 19 11 34 18 5 7 39 28 46 26 14 10 36 23 42 44 13 47 12 40 25 35 4 37 9 29 41 22 
student 406: 22 11 46 45 35 30 44 28 48 34 17 18 2 24 25 1 13 47 4 27 16 10 23 9 38 19 3 7 42 33 49 32 12 6 41 21 29 37 20 50 15 43 26 40 5 39 8 31 36 14 
student 407: 14 18 49 36 39 22 38 25 50 29 19 32 5 21 27 2 3 46 9 26 13 8 16 15 40 20 4 6 34 28 48 33 10 11 37 30 31 41 17 47 12 42 24 45 1 43 7 35 44 23 
student 408: 16 12 36 46 38 34 49 29 44 25 20 32 4 23 24 6 8 47 3 21 14 9 18 15 37 28 7 1 33 26 48 27 11 5 39 22 30 42 19 50 13 40 31 45 2 43 10 35 41 17 
student 409: 12 15 46 42 35 22 43 30 50 31 27 32 3 20 29 1 8 45 6 26 23 10 17 16 39 21 4 5 38 24 48 19 11 7 36 25 33 47 14 49 13 37 28 44 2 41 9 34 40 18 
student 410: 14 11 46 44 43 31 45 29 50 24 28 32 8 20 21 2 9 47 4 27 17 6 26 16 33 22 3 5 42 25 48 39 7 10 37 18 35 30 15 49 13 34 23 38 1 40 12 41 36 19 
student 411: 21 15 49 48 36 29 43 27 50 28 20 31 6 19 26 3 5 47 8 24 12 14 17 13 37 25 4 1 41 32 44 30 9 10 42 23 35 38 16 45 11 33 22 40 7 46 2 34 39 18 
student 412: 12 10 48 46 39 26 50 33 49 31 23 32 1 22 25 2 7 40 11 24 14 9 15 20 35 19 4 6 37 30 44 29 16 5 38 27 34 41 21 47 13 43 18 45 3 42 8 28 36 17 
student 413: 18 9 45 48 36 25 44 33 50 26 20 32 3 19 27 1 14 46 7 23 21 5 8 13 34 22 4 6 38 28 47 31 12 11 41 15 29 39 30 49 16 35 24 43 2 42 10 37 40 17 
student 414: 23 14 46 43 30 31 45 27 48 28 18 34 1 22 24 2 11 47 3 19 10 8 17 9 32 25 5 16 36 39 49 38 12 6 42 26 29 37 15 50 13 41 20 40 4 44 7 33 35 21 
student 415: 17 16 47 44 39 27 42 35 50 29 6 31 3 24 21 2 5 45 9 22 13 11 19 20 36 25 1 7 43 32 48 26 12 4 34 23 30 46 14 49 15 37 28 41 8 40 10 33 38 18 
student 416: 17 15 44 45 36 20 49 25 46 28 22 33 3 13 27 2 7 43 6 31 14 12 19 10 37 29 5 4 40 32 48 26 8 11 39 24 34 41 21 50 16 30 18 42 1 47 9 35 38 23 
student 417: 10 13 48 39 36 24 44 31 50 37 18 26 5 17 35 6 8 47 3 27 12 15 23 14 28 20 4 2 33 32 46 30 11 9 38 22 34 40 19 49 16 41 29 43 1 42 7 25 45 21 
student 418: 16 8 48 39 36 24 46 32 42 31 22 33 4 20 21 5 17 47 9 26 13 6 12 10 34 19 1 3 40 35 45 28 7 14 43 25 29 44 15 49 18 38 23 41 2 50 11 30 37 27 
student 419: 14 12 50 40 49 29 45 26 48 23 28 32 6 25 30 4 7 47 2 17 15 11 13 19 42 16 9 1 35 33 44 27 10 5 34 21 31 41 20 46 8 38 24 39 3 36 18 37 43 22 
student 420: 18 11 46 43 35 28 45 31 48 29 21 32 4 20 25 9 8 47 3 24 16 5 12 15 39 23 2 6 36 30 49 27 10 7 38 22 33 34 17 50 13 42 26 40 1 41 14 37 44 19 
student 421: 8 13 48 44 41 29 46 26 50 30 21 38 7 20 24 3 9 47 6 27 12 14 19 15 37 25 5 4 36 28 45 32 10 2 34 17 33 39 18 49 16 35 22 42 1 43 11 31 40 23 
student 422: 10 11 48 45 35 23 39 28 49 27 18 31 5 25 22 1 14 47 9 21 17 7 24 16 36 20 8 3 46 33 44 29 12 6 42 32 30 40 15 50 13 38 26 41 2 43 4 34 37 19 
student 423: 13 15 47 40 35 34 48 30 49 25 21 32 2 20 28 1 7 43 9 24 18 10 22 12 31 17 4 5 33 38 44 42 14 6 41 23 27 37 16 46 11 45 26 39 3 50 8 29 36 19 
student 424: 16 9 43 47 33 30 48 36 49 26 23 31 5 21 27 1 12 45 8 25 15 11 17 13 38 19 3 6 37 28 50 29 4 7 34 24 32 40 20 46 14 41 22 42 2 44 10 35 39 18 
student 425: 17 12 45 43 39 31 30 26 46 29 20 27 3 18 24 1 5 48 10 22 14 9 8 16 36 28 4 6 40 37 50 33 13 7 38 25 32 42 21 49 15 41 23 47 2 44 11 34 35 19 
student 426: 16 13 46 44 32 24 48 30 49 27 31 29 7 21 23 2 4 45 3 25 14 11 20 15 40 19 6 5 33 35 47 28 10 9 43 22 26 38 18 50 12 39 34 42 1 41 8 36 37 17 
student 427: 12 14 49 46 31 21 44 34 48 24 20 36 4 23 27 1 5 45 2 28 19 6 17 10 38 22 8 9 39 30 47 26 15 3 33 29 32 40 16 50 18 37 13 42 7 43 11 35 41 25 
student 428: 18 14 46 45 34 28 44 23 47 30 22 32 2 12 26 1 3 49 7 27 17 10 19 16 42 21 5 6 43 29 50 31 11 9 35 24 33 39 15 48 8 37 25 41 4 38 13 36 40 20 
student 429: 17 19 47 43 34 23 44 41 49 28 25 29 8 16 30 1 5 46 7 24 9 10 20 14 37 21 3 2 26 32 50 31 15 12 38 18 33 39 13 48 11 35 27 42 4 45 6 36 40 22 
student 430: 18 13 43 44 40 30 48 29 49 31 21 33 3 26 27 1 9 46 4 23 16 12 17 15 36 14 10 2 38 34 50 28 6 5 32 24 25 41 22 47 11 37 19 35 7 42 8 39 45 20 
student 431: 18 9 45 47 36 27 44 32 48 28 20 31 1 24 26 4 3 46 7 22 21 8 16 15 33 23 2 6 41 30 50 29 14 10 35 19 34 40 13 49 11 42 25 38 5 37 12 39 43 17 
student 432: 9 10 44 43 33 28 47 30 50 29 18 35 7 24 27 3 5 41 2 25 19 16 12 14 37 26 13 4 42 31 49 23 22 6 40 20 34 45 17 48 11 38 21 46 1 36 8 32 39 15 
student 433: 9 7 42 46 34 23 47 37 45 29 24 32 4 19 26 2 15 48 6 28 21 8 16 11 33 20 5 12 36 30 50 27 10 3 43 14 31 44 22 49 13 39 25 41 1 38 17 35 40 18 
student 434: 18 13 41 45 33 26 47 27 50 29 15 43 8 23 22 2 5 46 4 25 14 7 20 16 34 19 9 6 37 31 48 30 10 1 35 21 32 42 24 49 11 38 28 36 3 44 12 40 39 17 
student 435: 18 12 39 44 32 25 46 26 50 30 20 42 4 22 31 1 5 45 6 27 13 10 19 15 28 21 7 3 41 33 48 29 11 8 36 23 34 40 16 49 14 35 24 43 2 47 9 37 38 17 
student 436: 17 12 49 42 39 26 43 32 50 30 19 33 1 18 27 6 11 45 8 28 14 10 23 15 29 21 5 7 36 31 47 24 2 3 34 22 38 48 16 46 13 40 25 35 4 44 9 37 41 20 
student 437: 18 13 49 34 43 27 40 25 50 28 22 20 3 19 37 1 7 45 5 29 9 12 11 17 36 24 6 4 38 35 48 32 16 8 39 23 30 42 15 44 14 46 26 41 2 47 10 31 33 21 
student 438: 17 9 46 44 36 28 40 31 47 30 23 33 2 21 24 7 11 50 4 27 15 8 19 18 35 20 1 5 43 32 49 29 12 6 38 16 25 37 14 45 13 41 26 42 3 39 10 34 48 22 
student 439: 19 7 43 47 35 28 48 31 46 25 18 37 4 13 23 3 9 45 1 24 15 14 20 17 33 21 5 8 38 32 49 27 12 2 36 29 30 42 16 50 11 39 26 41 6 40 10 34 44 22 
student 440: 20 17 48 49 47 29 40 33 50 27 15 28 1 26 23 5 9 43 4 22 18 11 24 3 34 16 7 6 39 30 44 38 12 8 42 19 32 37 14 46 13 45 21 36 2 41 10 31 35 25 
student 441: 14 9 46 44 43 27 45 34 49 30 21 29 2 22 25 3 6 48 7 26 18 13 17 16 41 19 4 8 36 35 50 28 12 5 33 23 31 38 15 47 11 37 24 39 1 40 10 32 42 20 
student 442: 17 8 49 40 35 32 48 33 47 22 24 29 1 18 26 4 6 45 3 28 16 11 14 15 31 20 5 7 36 38 41 25 9 10 30 27 34 39 19 50 13 42 21 43 2 44 12 37 46 23 
student 443: 17 18 47 37 40 30 45 32 50 29 20 28 5 21 34 1 11 48 4 23 16 8 15 9 33 22 6 7 36 26 49 25 10 3 39 27 35 38 14 44 13 42 24 43 2 41 12 31 46 19 
student 444: 16 13 48 44 41 25 46 31 49 30 26 34 1 23 24 8 9 45 2 22 14 10 17 12 28 27 7 5 36 29 50 32 11 4 37 19 33 40 20 43 15 39 18 42 3 47 6 35 38 21 
student 445: 17 12 48 34 35 26 45 32 50 29 22 31 9 20 23 7 4 44 5 27 15 6 21 16 36 25 10 1 41 38 46 24 11 3 37 19 40 30 18 49 14 42 28 47 2 43 8 33 39 13 
student 446: 19 9 47 46 32 26 42 33 49 28 18 30 3 20 27 4 11 44 12 23 16 7 13 14 31 22 5 1 40 38 50 29 8 6 37 25 39 41 21 45 10 36 24 35 2 48 15 34 43 17 
student 447: 16 21 47 46 35 25 39 29 50 30 17 32 8 15 28 3 6 44 5 23 7 11 20 14 36 18 2 4 41 31 49 27 13 9 45 24 33 38 19 48 12 37 26 40 1 43 10 34 42 22 
student 448: 19 9 50 43 36 29 42 22 46 30 20 34 3 23 28 2 6 45 5 27 13 7 17 16 39 26 4 12 37 24 48 31 14 8 32 25 33 38 18 47 11 40 21 41 1 44 10 35 49 15 
student 449: 16 7 47 44 36 22 45 29 49 26 18 27 4 21 31 3 12 46 8 20 14 9 17 15 34 24 2 5 37 33 48 32 10 6 35 25 30 41 23 50 11 43 28 40 1 38 13 39 42 19 
student 450: 17 4 44 43 38 27 47 25 49 29 22 33 3 19 23 2 8 45 6 32 18 12 16 11 34 24 5 7 39 31 48 28 13 9 42 26 37 40 14 50 15 36 21 35 1 46 10 30 41 20 
student 451: 20 11 46 45 34 31 47 29 42 25 17 27 8 19 21 2 14 48 7 39 13 9 24 12 30 22 3 4 41 32 49 28 6 5 36 26 33 35 18 50 16 40 23 43 1 38 10 37 44 15 
student 452: 18 11 46 47 37 27 45 29 50 28 19 34 6 12 23 3 8 43 5 25 17 9 20 14 36 16 1 4 39 33 48 30 13 7 38 26 31 41 21 49 15 40 22 42 2 44 10 35 32 24 
student 453: 20 13 45 47 42 25 48 30 49 31 21 28 2 12 26 4 9 40 7 23 15 8 17 16 41 27 5 3 44 34 43 35 11 6 33 22 29 36 18 50 14 46 24 32 1 37 10 39 38 19 
student 454: 17 13 48 35 37 14 44 30 49 33 24 31 5 22 25 1 7 45 6 23 16 10 21 9 34 20 2 3 40 28 50 26 11 12 39 29 36 38 18 42 15 41 27 46 4 47 8 32 43 19 
student 455: 19 12 46 47 43 22 50 30 45 28 20 40 1 18 24 3 7 44 6 32 13 11 17 16 31 23 4 5 36 27 49 33 15 2 35 25 29 39 14 48 9 34 26 38 8 42 10 37 41 21 
student 456: 14 13 43 46 41 36 45 26 48 25 21 32 3 22 30 5 4 50 9 19 6 12 17 15 35 23 7 2 33 29 47 28 11 8 31 24 39 38 20 49 16 37 27 42 1 44 10 34 40 18 
student 457: 11 12 50 39 33 29 46 35 45 27 20 34 6 21 26 2 5 47 7 23 17 15 19 18 38 22 3 4 40 30 49 28 10 8 31 25 37 43 14 48 13 36 24 41 1 44 9 32 42 16 
student 458: 15 7 47 40 34 23 46 27 49 28 26 33 5 18 25 1 8 48 10 29 14 3 16 13 37 21 4 9 41 36 50 31 17 6 32 20 30 39 19 44 12 38 22 45 2 43 11 35 42 24 
student 459: 18 10 49 46 38 22 42 24 48 32 26 37 5 23 31 1 6 47 8 28 19 12 16 14 35 20 7 4 40 34 45 25 13 9 41 21 30 33 15 50 11 36 27 39 2 43 3 29 44 17 
student 460: 18 14 49 45 36 26 39 27 48 23 24 31 5 20 29 1 10 46 8 15 17 2 13 9 32 21 6 4 42 30 50 33 12 7 38 25 34 35 22 47 16 37 28 43 3 44 11 41 40 19 
student 461: 18 7 47 46 37 27 42 31 49 30 19 34 4 17 23 1 10 45 9 28 15 14 21 12 36 20 5 6 41 33 48 25 11 8 29 26 35 43 13 50 16 44 24 38 2 40 3 32 39 22 
student 462: 15 14 47 45 34 26 41 24 49 28 21 40 5 22 25 2 9 48 7 20 13 12 17 11 33 18 4 3 37 31 50 32 8 1 36 23 35 38 16 46 19 39 27 44 6 43 10 30 42 29 
student 463: 10 20 48 45 35 33 49 32 50 28 25 37 7 19 24 4 6 41 5 26 13 11 14 9 39 22 3 2 36 34 46 29 17 8 43 27 30 42 15 47 12 38 23 31 1 40 16 21 44 18 
student 464: 10 18 43 45 34 27 46 30 48 28 22 31 3 20 26 4 7 44 8 24 16 12 21 19 32 15 1 5 39 29 47 36 11 6 37 23 35 40 14 50 9 42 25 49 2 41 13 33 38 17 
student 465: 22 11 48 45 35 34 47 32 50 31 18 27 4 21 29 1 10 46 6 28 14 9 19 12 44 20 2 5 38 30 41 24 13 8 40 23 25 36 15 49 17 39 26 37 3 42 7 33 43 16 
student 466: 16 14 45 43 46 28 48 29 49 35 24 37 1 17 19 7 8 42 12 26 11 6 18 15 27 21 9 3 40 31 47 33 10 5 36 22 30 32 20 50 13 39 25 44 2 38 4 34 41 23 
student 467: 22 14 48 44 32 28 45 25 46 31 21 29 1 16 27 3 5 49 7 26 11 10 19 9 33 23 4 6 35 37 47 34 17 8 40 20 30 38 18 50 15 36 24 39 2 41 12 42 43 13 
student 468: 14 11 49 38 39 26 46 31 50 30 20 33 4 19 25 7 10 45 6 23 13 12 29 15 34 21 1 2 37 32 42 28 9 5 35 22 27 40 16 47 18 41 24 48 3 44 8 36 43 17 
student 469: 18 13 46 45 37 27 42 31 50 28 25 29 3 20 24 2 7 47 8 22 16 10 19 12 36 26 4 6 41 32 48 34 11 9 38 23 30 44 15 49 14 39 21 43 1 35 5 33 40 17 
student 470: 11 21 49 48 46 28 42 29 45 31 23 32 4 22 27 1 3 47 10 25 15 9 20 16 35 18 5 6 38 30 50 19 12 8 34 26 33 39 13 43 14 37 24 44 2 40 7 36 41 17 
student 471: 12 14 50 46 38 23 47 28 49 36 22 43 2 19 26 1 8 45 6 30 13 9 16 17 35 29 3 5 33 27 48 20 11 7 37 24 32 34 18 42 15 39 25 41 4 44 10 31 40 21 
student 472: 18 17 46 45 34 24 48 32 44 30 19 33 1 22 28 5 8 50 6 21 12 10 15 11 31 25 9 4 39 29 47 35 16 2 37 23 27 40 20 49 7 38 26 42 3 43 14 36 41 13 
student 473: 11 9 48 43 34 26 45 31 50 27 22 36 6 20 28 4 12 35 7 25 15 14 19 16 37 23 2 3 44 32 49 29 8 5 40 18 33 38 17 47 13 41 24 46 1 39 10 30 42 21 
student 474: 18 12 46 43 40 27 45 26 49 37 19 31 4 20 24 2 10 48 5 25 16 11 22 15 35 17 1 6 33 28 47 29 9 8 41 21 38 34 14 50 13 36 23 44 3 42 7 32 39 30 
student 475: 18 9 50 41 28 32 43 26 48 38 22 33 5 23 30 6 4 46 11 21 15 13 17 19 39 20 7 1 42 35 47 31 12 2 40 25 27 34 14 49 10 36 24 45 3 29 8 37 44 16 
student 476: 12 11 45 41 35 32 46 30 47 26 22 33 1 20 19 2 6 43 5 27 15 13 16 18 36 23 3 8 48 31 50 29 9 7 40 24 28 44 17 49 14 37 25 39 4 42 10 34 38 21 
student 477: 17 12 50 43 36 31 48 25 47 30 24 26 8 19 28 5 9 44 6 29 16 4 22 11 38 15 2 3 41 23 46 32 18 7 33 27 34 39 21 49 13 37 20 42 1 45 10 35 40 14 
student 478: 21 4 44 50 34 24 45 29 48 28 18 31 6 20 27 2 9 43 5 25 13 16 15 14 37 26 3 7 40 30 47 33 10 8 41 23 35 36 19 49 17 42 22 39 1 46 11 32 38 12 
student 479: 19 14 49 47 33 30 43 23 46 29 18 39 1 21 22 4 9 41 5 26 15 10 16 12 32 25 2 6 35 34 50 27 11 7 42 24 36 40 13 45 28 38 20 48 3 37 8 31 44 17 
student 480: 14 7 44 46 37 27 45 34 48 29 20 31 1 21 25 2 8 50 16 24 18 9 13 12 33 19 5 6 40 32 47 30 26 4 38 22 28 41 17 49 10 39 23 36 3 43 11 35 42 15 
student 481: 16 18 42 45 34 37 49 27 48 30 23 32 1 19 21 3 12 50 8 29 14 9 15 17 31 20 6 10 38 33 47 28 11 5 35 24 22 41 7 46 13 39 25 40 2 43 4 36 44 26 
student 482: 14 9 48 47 37 28 46 25 44 29 18 32 1 21 30 6 12 42 3 24 16 13 20 8 31 26 4 11 39 36 50 33 10 5 34 22 27 40 17 49 15 35 23 41 2 43 7 38 45 19 
student 483: 16 8 41 45 34 24 47 31 50 32 20 35 3 18 27 1 7 48 5 25 13 12 22 15 29 36 11 2 26 30 49 33 6 4 39 19 28 42 17 44 9 37 21 43 14 46 10 38 40 23 
student 484: 9 15 33 42 34 27 46 30 47 35 16 31 6 24 23 2 7 49 4 25 20 14 17 11 39 22 8 3 38 36 44 28 13 12 43 26 29 41 18 50 10 32 21 48 1 45 5 37 40 19 
student 485: 21 14 48 42 36 25 47 30 49 27 23 31 4 16 28 1 7 46 3 24 19 13 17 18 32 20 5 8 43 29 44 33 10 6 37 26 35 38 11 50 12 39 22 45 2 41 9 34 40 15 
student 486: 24 11 46 45 33 28 49 30 48 23 19 35 3 20 27 2 10 44 4 29 18 13 16 17 40 22 5 7 39 31 50 26 8 6 36 12 34 43 14 47 15 38 25 41 1 42 9 37 32 21 
student 487: 18 7 46 43 37 25 45 26 50 28 23 36 1 27 29 3 12 47 5 19 17 9 15 13 40 21 8 6 44 31 48 30 4 10 32 24 33 34 20 49 16 39 22 38 2 42 14 35 41 11 
student 488: 13 16 48 42 40 31 47 29 50 25 20 35 1 14 26 4 6 38 7 23 21 12 18 11 39 27 5 3 34 33 46 28 10 8 37 24 41 43 15 49 9 32 22 44 2 45 19 30 36 17 
student 489: 17 4 48 41 36 26 44 28 49 32 19 33 2 20 25 5 8 47 10 24 15 11 16 14 37 22 6 3 43 30 46 31 12 9 39 27 29 38 21 50 13 35 23 42 1 45 7 34 40 18 
student 490: 17 14 46 49 38 25 47 32 50 27 21 29 2 20 26 4 8 48 5 31 12 11 19 18 37 22 6 3 40 33 43 30 13 7 36 24 28 39 16 45 9 34 23 44 1 42 10 35 41 15 
student 491: 18 16 47 44 34 19 48 25 49 29 23 33 4 14 26 6 8 46 7 21 13 12 22 17 32 20 3 1 35 36 45 27 11 5 38 31 30 41 15 50 10 39 24 43 2 42 9 40 37 28 
student 492: 21 17 44 45 39 26 48 29 50 27 18 33 1 22 25 2 8 46 9 31 15 10 16 7 37 20 4 6 38 30 49 28 11 14 36 24 32 40 13 47 12 35 23 42 3 43 5 34 41 19 
student 493: 23 12 50 45 38 28 47 31 49 25 19 34 1 15 29 3 7 36 6 26 21 8 18 16 35 22 4 5 43 32 46 30 9 11 37 20 33 41 17 48 10 39 24 42 2 44 13 27 40 14 
student 494: 15 11 48 49 38 31 43 28 46 27 20 34 5 26 25 3 9 47 4 24 18 13 17 14 35 19 6 1 36 33 50 29 10 7 40 21 32 41 23 44 12 37 22 45 2 39 8 30 42 16 
student 495: 13 11 48 45 33 25 42 30 50 29 22 38 6 24 23 3 1 47 4 26 15 8 18 12 37 20 5 7 43 31 46 21 14 9 34 28 32 39 16 49 19 36 27 40 2 44 10 35 41 17 
student 496: 12 9 48 47 34 27 42 32 49 25 24 36 2 15 29 1 8 44 10 22 11 17 14 18 31 23 4 6 39 33 46 28 16 7 41 26 30 40 19 50 13 37 21 45 3 43 5 38 35 20 
student 497: 13 5 47 44 37 31 42 33 46 26 22 27 2 21 23 8 4 50 12 24 18 11 17 10 35 20 6 3 38 30 49 28 14 9 36 25 29 39 15 45 16 40 32 48 1 43 7 34 41 19 
student 498: 11 13 48 43 37 23 44 25 45 33 26 31 3 16 29 6 14 46 7 20 12 9 15 18 28 24 4 1 42 27 49 41 10 8 40 19 34 32 17 47 21 35 22 39 2 50 5 36 38 30 
student 499: 14 19 47 44 38 29 45 20 50 30 18 34 2 21 27 4 9 46 6 16 22 11 15 12 26 23 3 8 37 31 48 32 7 5 36 24 33 39 25 49 13 40 28 42 1 43 10 35 41 17 
