student 0: 12 19 28 25 6 44 16 2 5 45 46 47 10 24 15 35 22 40 32 26 7 27 14 34 13 17 1 50 33 4 31 37 42 39 43 49 36 3 9 38 41 29 48 20 21 23 30 18 11 8 
student 1: 12 21 26 28 6 39 14 5 7 47 43 46 4 25 18 33 22 34 31 32 8 24 10 37 19 15 1 48 36 2 29 35 45 41 44 50 38 3 11 40 42 30 49 27 23 20 17 16 13 9 
student 2: 6 13 25 23 8 39 15 1 3 43 46 47 7 24 21 34 19 40 32 31 12 26 16 36 14 11 4 48 33 5 35 29 41 45 49 42 38 2 10 44 37 28 50 20 27 22 30 17 18 9 
student 3: 10 22 27 23 8 34 12 1 4 44 41 46 7 25 19 36 24 38 29 18 11 31 9 33 14 21 2 48 35 5 30 45 40 42 43 49 47 3 15 39 37 28 50 26 16 13 32 20 17 6 
student 4: 9 23 29 13 5 37 18 1 10 47 41 45 4 21 15 31 17 38 32 27 14 26 8 28 12 22 3 48 35 2 34 36 39 44 46 49 40 6 7 50 43 25 42 24 30 11 33 20 19 16 
student 5: 8 20 29 21 14 39 15 1 4 47 45 50 10 26 23 34 19 42 25 28 9 27 6 37 16 18 2 49 36 3 33 32 41 43 38 46 44 5 11 40 35 30 48 24 22 13 31 17 12 7 
student 6: 15 20 30 26 14 36 13 10 4 47 44 46 3 27 12 37 24 42 32 25 9 23 7 33 16 18 1 49 35 8 31 34 39 40 50 41 43 2 5 45 38 28 48 22 21 19 29 17 11 6 
student 7: 10 20 30 31 8 36 16 6 7 47 42 50 3 23 17 32 25 38 28 27 15 24 14 29 5 11 2 49 33 4 26 34 41 44 45 46 40 1 18 43 39 35 48 22 21 19 37 13 12 9 
student 8: 9 23 33 28 5 38 13 4 3 44 39 46 14 26 19 36 22 35 30 21 12 29 8 34 15 17 1 49 32 6 31 37 41 43 48 47 40 2 10 45 42 27 50 24 20 16 25 18 11 7 
student 9: 12 20 32 21 7 46 16 1 9 42 41 44 6 23 17 43 19 35 31 25 13 26 8 28 15 14 5 50 33 4 38 39 40 47 45 48 34 2 10 37 36 30 49 22 27 24 29 18 11 3 
student 10: 11 22 28 23 8 32 16 2 7 47 41 48 3 18 17 40 19 34 24 35 12 25 9 33 10 20 1 46 39 4 30 27 38 44 45 49 42 5 13 43 37 31 50 26 29 21 36 15 14 6 
student 11: 8 19 26 23 6 38 17 1 4 48 43 44 7 30 13 32 22 37 29 34 24 21 14 31 12 15 5 45 36 3 33 41 42 46 47 49 40 2 11 39 35 25 50 20 27 16 28 18 9 10 
student 12: 12 21 29 23 6 41 14 3 10 44 43 45 5 27 17 32 24 39 26 25 15 28 7 36 9 13 1 48 30 8 34 37 42 40 47 49 46 2 20 38 35 31 50 22 16 18 33 19 11 4 
student 13: 10 20 27 28 7 35 11 4 5 46 44 47 6 21 19 37 23 36 32 26 15 22 8 40 18 14 2 43 34 3 33 31 38 48 45 50 41 1 12 42 39 29 49 25 24 17 30 16 9 13 
student 14: 8 27 26 23 9 36 13 2 5 46 45 43 4 17 20 38 21 40 34 28 12 14 7 35 15 22 6 49 32 3 30 33 41 50 42 48 39 1 10 44 37 29 47 24 25 19 31 18 16 11 
student 15: 14 19 31 27 12 40 9 3 1 45 42 50 8 29 15 38 23 43 24 30 10 20 13 35 17 18 6 49 34 7 33 36 32 37 46 48 39 2 5 44 41 25 47 26 22 21 28 11 16 4 
student 16: 4 21 29 26 9 41 16 3 7 48 40 44 5 24 19 32 23 37 31 27 10 28 8 35 14 17 2 50 36 6 33 34 38 45 47 49 43 1 13 42 39 25 46 22 18 20 30 15 11 12 
student 17: 9 26 29 21 6 33 14 4 3 46 44 45 10 24 12 36 18 37 30 20 7 28 11 35 16 15 2 47 34 5 32 42 43 40 41 50 39 1 13 48 38 27 49 19 25 23 31 22 17 8 
student 18: 5 19 30 28 11 38 10 1 9 45 44 46 6 21 18 36 24 41 32 25 15 22 4 35 14 20 3 49 27 8 29 37 42 39 47 48 34 2 13 43 40 31 50 23 26 16 33 17 7 12 
student 19: 13 21 22 26 8 35 18 4 5 50 40 48 3 19 11 37 24 39 29 32 10 30 9 31 12 16 1 44 33 6 36 34 45 38 49 46 43 2 17 42 41 27 47 25 23 20 28 15 14 7 
student 20: 9 17 30 31 7 32 16 1 5 38 49 47 11 25 18 37 20 43 26 27 12 24 3 34 15 19 6 42 29 2 33 35 44 45 48 46 41 4 14 40 39 28 50 23 22 21 36 8 10 13 
student 21: 10 21 29 25 7 40 11 1 6 48 39 44 3 24 16 36 22 38 32 28 13 27 12 30 18 17 4 46 33 2 31 35 41 45 47 49 43 5 8 37 42 26 50 23 20 19 34 15 14 9 
student 22: 8 21 29 26 12 36 9 1 6 42 46 45 5 20 17 38 23 39 31 27 16 25 4 37 15 18 3 48 30 2 32 34 40 47 44 49 35 7 10 41 43 28 50 22 24 19 33 14 13 11 
student 23: 9 19 29 28 7 38 11 4 2 47 43 48 5 22 14 39 23 40 26 30 10 27 12 31 16 24 8 50 35 3 33 34 42 41 46 44 36 1 15 45 37 18 49 20 25 17 32 21 13 6 
student 24: 12 22 24 27 2 42 10 3 1 47 44 41 6 25 16 31 18 46 28 26 14 29 8 30 19 21 4 50 35 7 33 34 38 43 45 48 40 5 15 39 37 32 49 20 23 13 36 17 9 11 
student 25: 13 16 22 23 10 35 8 1 5 40 39 47 4 25 17 36 24 37 32 31 7 27 18 34 14 20 3 50 30 9 33 41 43 44 46 48 42 2 11 38 45 28 49 19 29 15 26 21 12 6 
student 26: 7 27 30 25 10 37 11 3 8 45 43 46 6 23 18 36 21 39 24 29 5 26 9 32 17 19 2 44 33 4 31 35 42 49 47 48 40 1 12 41 38 34 50 22 20 16 28 15 14 13 
student 27: 9 20 24 25 6 36 17 5 4 43 44 46 8 21 13 40 22 38 28 27 10 29 11 33 7 18 3 50 34 2 30 32 41 45 47 49 39 1 16 42 37 31 48 26 23 19 35 14 15 12 
student 28: 14 15 27 28 7 36 21 1 4 49 48 46 5 24 20 37 25 40 29 22 16 26 10 35 18 19 2 43 30 3 33 34 41 44 45 50 38 6 12 42 39 31 47 23 17 8 32 13 11 9 
student 29: 5 20 26 24 1 36 13 2 9 42 45 48 6 18 17 38 23 35 32 29 14 27 22 34 10 16 3 47 30 7 37 33 41 40 49 43 46 4 8 44 39 31 50 25 21 19 28 12 15 11 
student 30: 11 21 32 24 8 40 12 1 6 45 46 48 4 25 18 36 23 38 28 26 14 31 9 27 13 16 7 49 37 3 33 35 39 42 41 43 50 2 10 44 30 29 47 19 22 20 34 15 17 5 
student 31: 7 20 26 24 4 41 10 3 9 47 46 48 6 23 16 35 21 37 28 27 11 29 8 32 18 19 1 49 31 5 30 36 40 45 43 44 42 2 13 39 34 33 50 25 22 17 38 14 15 12 
student 32: 13 17 33 25 10 36 15 3 8 50 45 48 7 24 22 35 27 40 31 28 12 26 9 37 5 21 1 47 39 6 30 29 38 44 43 49 41 4 16 42 32 34 46 18 20 19 23 14 2 11 
student 33: 10 20 27 29 16 35 8 4 7 50 41 40 2 23 22 37 18 42 33 30 11 24 6 31 13 14 3 49 34 5 32 48 39 38 43 46 45 1 12 44 36 26 47 25 21 15 28 17 9 19 
student 34: 12 20 30 25 5 36 13 2 4 44 37 46 8 24 17 27 19 38 28 34 14 22 7 39 16 18 3 49 35 6 32 42 47 41 45 48 33 1 11 40 43 29 50 26 21 23 31 15 10 9 
student 35: 11 20 27 29 12 36 17 1 9 50 38 45 4 26 14 40 24 42 31 19 15 23 6 33 8 21 7 49 32 3 30 34 37 44 48 46 43 2 16 39 41 35 47 22 25 10 28 18 13 5 
student 36: 16 17 24 23 7 36 20 3 6 47 45 48 5 27 10 35 11 39 26 28 13 31 9 30 15 21 2 46 38 4 29 34 40 42 44 49 41 1 14 43 37 33 50 19 25 22 32 18 12 8 
student 37: 9 17 27 26 10 38 18 5 1 48 42 49 8 19 14 36 21 39 28 22 7 34 4 37 16 23 3 50 31 6 30 35 43 45 47 40 41 2 11 44 32 29 46 25 24 15 33 20 13 12 
student 38: 10 19 27 21 8 37 17 1 5 42 46 47 4 29 9 36 18 38 33 24 13 25 12 32 14 20 6 50 31 3 34 39 41 43 45 48 35 2 15 44 40 26 49 23 22 30 28 16 11 7 
student 39: 8 25 29 24 4 40 9 1 6 44 45 48 7 21 22 32 14 34 38 27 12 26 13 36 16 15 3 49 31 5 33 37 42 39 46 47 35 2 11 43 41 28 50 18 23 19 30 17 20 10 
student 40: 9 30 27 19 10 31 12 6 5 46 42 48 3 21 20 39 23 37 33 26 13 25 11 29 14 18 2 47 35 8 32 36 41 43 45 50 44 4 7 40 38 34 49 22 24 15 28 16 17 1 
student 41: 8 15 26 24 6 39 11 2 4 46 43 47 1 29 22 38 23 40 28 25 17 27 7 32 9 20 5 44 33 10 30 36 41 42 45 49 34 3 16 48 37 31 50 21 14 19 35 18 12 13 
student 42: 6 23 25 27 7 31 11 4 1 46 43 44 8 19 21 38 22 39 33 24 10 29 9 32 15 16 3 49 37 5 28 36 41 40 47 48 42 2 13 45 34 26 50 30 20 18 35 17 14 12 
student 43: 13 17 29 25 12 37 20 1 8 46 45 48 4 24 22 36 15 38 27 26 6 28 11 33 9 18 2 50 34 5 32 35 40 39 42 47 43 3 14 44 41 31 49 19 23 21 30 10 16 7 
student 44: 13 26 30 28 5 38 10 2 7 46 45 50 6 27 14 39 22 42 25 24 12 23 9 34 8 20 4 44 32 3 35 33 37 43 47 48 40 1 11 41 36 29 49 19 21 18 31 15 17 16 
student 45: 12 19 24 22 5 33 15 8 6 50 41 47 14 23 11 38 29 42 27 34 10 32 7 30 9 16 3 46 36 4 31 35 45 37 44 48 43 1 13 40 39 26 49 20 17 28 25 18 21 2 
student 46: 4 26 24 19 8 33 10 2 7 40 47 45 3 28 22 35 17 39 27 25 16 23 11 36 21 12 5 50 32 6 30 34 44 41 48 43 38 1 15 46 42 37 49 20 31 14 29 18 13 9 
student 47: 12 20 27 29 3 31 14 4 1 46 41 44 6 22 15 36 21 45 34 26 9 25 8 32 13 19 2 49 35 7 38 40 43 39 48 47 33 11 10 37 42 28 50 24 23 17 30 18 16 5 
student 48: 10 25 28 29 4 36 17 3 7 45 44 47 6 27 20 40 21 38 32 26 12 15 9 37 13 19 2 48 18 5 35 34 39 43 46 50 41 1 11 42 33 31 49 23 24 22 30 16 14 8 
student 49: 7 22 27 25 16 31 11 4 8 47 41 48 6 26 15 38 21 33 30 24 12 34 3 36 17 18 2 49 37 5 32 43 39 40 44 45 35 1 10 46 42 28 50 23 20 19 29 14 13 9 
student 50: 10 22 27 24 8 33 5 4 9 44 39 45 3 28 16 34 23 37 29 26 12 18 7 32 15 20 2 47 41 1 31 36 40 46 50 48 38 6 14 42 43 30 49 21 25 19 35 17 13 11 
student 51: 10 19 25 21 6 30 14 4 7 43 44 46 2 29 18 45 22 39 32 27 11 24 9 31 15 17 5 49 38 3 34 33 41 42 50 47 40 1 12 36 37 28 48 23 20 26 35 16 13 8 
student 52: 8 18 32 36 4 37 12 6 5 47 44 48 3 22 14 35 24 38 31 23 11 26 7 30 15 17 1 50 27 2 34 28 40 42 45 49 39 9 19 43 41 29 46 21 20 25 33 16 13 10 
student 53: 8 24 36 29 11 42 17 3 5 47 44 43 4 25 13 32 15 37 22 27 9 23 6 31 18 26 1 50 28 7 34 33 38 40 46 48 41 2 12 45 39 35 49 21 20 16 30 19 14 10 
student 54: 6 23 30 26 8 39 13 3 4 40 44 47 7 19 14 33 16 38 31 27 12 24 9 37 22 15 2 42 29 5 34 35 45 43 46 50 41 1 10 48 36 28 49 18 25 21 32 17 20 11 
student 55: 13 19 26 25 7 39 17 6 5 43 45 50 4 24 23 34 20 42 31 30 16 27 8 36 15 9 3 46 35 2 29 33 44 38 49 47 41 1 12 40 37 22 48 21 28 18 32 14 11 10 
student 56: 14 20 29 27 5 38 15 6 10 42 41 45 2 23 16 34 18 40 26 25 8 28 9 33 13 19 1 46 36 7 30 32 44 43 47 48 39 3 12 49 37 31 50 24 21 17 35 22 11 4 
student 57: 13 20 21 26 6 45 16 2 10 47 43 40 3 27 18 34 24 37 28 38 7 31 5 35 19 14 9 50 36 4 33 29 39 44 48 46 41 1 8 42 32 25 49 22 23 17 30 15 12 11 
student 58: 10 11 28 26 6 39 15 5 2 43 46 48 8 25 20 34 23 37 30 27 17 22 9 35 7 14 3 50 36 1 33 31 42 44 47 45 40 4 13 41 38 29 49 21 19 24 32 16 18 12 
student 59: 13 21 29 26 6 42 16 4 9 43 45 47 5 23 18 38 19 40 27 25 8 22 10 33 20 14 1 49 34 3 32 35 44 39 46 50 36 2 11 41 37 31 48 24 30 12 28 17 15 7 
student 60: 10 21 33 22 11 35 16 8 3 43 42 48 5 25 20 38 23 39 32 29 6 28 9 27 19 17 1 49 34 4 31 36 37 40 41 47 45 2 13 46 44 26 50 24 18 14 30 15 7 12 
student 61: 9 22 29 24 8 34 14 2 6 43 47 44 5 18 15 40 23 33 25 28 12 31 10 35 16 17 1 48 36 4 32 30 39 42 45 50 49 3 13 41 38 19 46 27 26 21 37 20 11 7 
student 62: 12 21 33 22 6 25 16 4 2 41 44 47 1 24 11 37 18 39 34 29 9 26 8 28 14 20 5 49 30 10 38 35 43 46 45 48 40 3 15 42 36 31 50 23 19 17 32 27 13 7 
student 63: 12 19 28 26 6 41 15 1 9 44 48 49 4 22 11 34 23 39 32 27 13 25 10 36 14 17 3 47 33 5 30 38 40 43 45 46 37 2 8 42 35 29 50 24 21 20 31 16 18 7 
student 64: 12 23 28 25 8 37 17 2 11 45 44 48 4 27 9 35 21 36 34 26 10 22 5 32 15 19 3 49 29 7 33 38 41 43 47 46 39 1 13 42 40 30 50 20 24 18 31 14 16 6 
student 65: 8 19 30 32 5 35 11 7 1 43 41 46 13 22 17 29 23 44 26 27 12 25 6 42 16 18 3 50 36 4 28 34 33 45 47 49 37 2 9 40 38 31 48 24 20 21 39 15 14 10 
student 66: 8 17 29 28 9 32 16 4 7 45 42 48 2 25 24 36 20 40 27 22 11 23 12 33 15 19 3 50 35 6 31 34 37 43 47 44 41 1 10 46 39 30 49 26 21 18 38 13 14 5 
student 67: 14 22 19 26 4 34 16 3 7 49 46 48 8 23 17 42 9 38 33 21 15 29 10 37 13 18 1 50 36 2 32 30 39 40 47 45 41 6 5 43 35 31 44 25 24 20 27 28 12 11 
student 68: 8 21 33 25 9 39 14 1 4 48 45 41 5 20 19 42 22 40 31 28 10 26 13 32 15 11 7 44 30 3 36 37 50 43 46 49 34 6 2 38 35 27 47 23 24 18 29 17 16 12 
student 69: 16 10 29 23 12 37 13 6 4 46 44 48 5 20 15 34 18 38 30 32 8 27 7 41 17 26 1 50 33 3 25 31 40 45 43 47 42 2 14 39 35 28 49 24 22 21 36 19 11 9 
student 70: 10 20 28 26 5 38 13 2 11 46 45 47 4 25 16 37 22 41 30 29 6 19 8 33 15 18 1 40 34 9 32 36 44 39 50 49 42 3 14 43 35 27 48 24 23 21 31 17 12 7 
student 71: 7 16 30 25 9 35 15 3 5 47 45 46 4 28 18 36 21 38 29 24 10 23 6 27 14 20 2 50 33 8 37 34 41 44 42 48 43 1 13 39 40 31 49 22 26 17 32 19 11 12 
student 72: 13 24 30 23 2 38 12 3 8 45 39 43 14 22 16 37 19 49 35 31 5 25 6 34 11 21 4 44 36 7 33 27 42 40 48 50 41 1 15 46 32 29 47 26 20 18 28 17 9 10 
student 73: 14 19 28 26 9 33 15 5 7 44 50 48 6 25 22 36 23 40 21 24 10 29 8 39 11 18 2 49 31 1 32 35 45 38 43 46 41 3 13 42 37 27 47 20 17 30 34 16 12 4 
student 74: 11 19 27 39 8 42 6 7 9 47 45 46 5 24 12 40 18 32 29 31 13 25 10 33 17 22 3 48 34 4 30 37 35 41 44 50 36 2 14 38 43 28 49 23 20 21 26 15 16 1 
student 75: 12 22 31 26 5 39 15 6 7 49 44 45 4 25 18 37 23 40 28 27 11 30 9 35 17 20 1 47 33 2 32 36 34 46 43 48 41 3 14 42 38 24 50 19 16 21 29 13 8 10 
student 76: 10 22 31 25 6 37 14 1 4 42 47 48 5 21 17 36 15 39 27 26 11 19 9 35 23 20 2 49 33 3 32 28 43 45 44 46 40 8 13 41 38 30 50 24 29 18 34 16 12 7 
student 77: 8 26 33 24 12 39 15 5 7 44 42 47 3 22 14 37 19 43 31 27 10 25 4 30 11 18 2 50 32 6 38 35 45 41 46 49 36 1 16 40 34 28 48 23 17 21 29 20 13 9 
student 78: 20 16 31 22 8 38 15 2 5 42 48 44 7 21 25 36 19 39 30 26 13 29 10 35 9 23 1 50 33 3 28 37 41 45 43 47 40 4 12 46 34 27 49 18 24 17 32 11 14 6 
student 79: 10 22 36 25 8 28 19 6 9 45 43 49 5 20 18 33 17 41 34 23 12 29 3 31 15 13 1 50 30 4 38 32 40 44 47 48 37 2 11 42 39 26 46 24 27 16 35 21 14 7 
student 80: 12 16 30 25 2 40 14 4 6 44 41 47 5 21 18 37 24 42 29 27 9 28 10 34 15 20 3 50 33 7 32 35 39 43 49 45 48 1 11 36 38 26 46 23 17 22 31 19 13 8 
student 81: 11 23 28 22 2 33 15 8 7 47 43 46 10 27 19 38 13 50 26 24 20 25 6 37 9 18 1 45 35 3 29 31 39 42 44 48 36 5 21 41 40 32 49 17 30 16 34 14 12 4 
student 82: 12 21 29 23 9 40 14 3 6 47 44 49 4 25 16 35 20 39 28 30 8 26 5 34 15 19 2 50 33 7 32 36 42 43 48 45 37 1 11 41 38 27 46 24 22 18 31 17 13 10 
student 83: 6 17 28 19 11 45 12 3 1 35 42 49 8 27 15 34 18 37 25 23 9 26 10 36 16 22 2 48 38 4 33 39 47 40 46 44 21 7 14 43 41 31 50 29 24 20 32 30 13 5 
student 84: 7 22 27 20 16 39 10 3 11 46 40 49 8 25 14 38 23 42 29 28 9 26 4 35 13 21 2 45 30 5 37 33 36 43 48 50 41 1 12 44 34 32 47 24 18 19 31 17 15 6 
student 85: 6 22 29 18 5 37 14 3 7 44 43 47 11 26 15 39 20 41 32 28 16 24 9 31 13 19 2 50 30 4 33 34 42 46 45 48 35 1 12 38 40 27 49 23 25 21 36 17 10 8 
student 86: 17 18 26 30 14 29 9 13 4 45 42 48 7 23 12 38 24 39 33 31 6 20 11 35 16 19 1 44 28 5 34 37 50 36 41 49 46 3 15 40 43 25 47 21 27 22 32 10 8 2 
student 87: 11 13 32 24 3 39 16 5 10 46 43 47 2 21 8 36 23 37 27 28 7 25 17 34 18 12 4 50 29 6 31 33 42 44 41 49 40 1 19 48 38 35 45 26 22 14 30 20 15 9 
student 88: 8 25 27 21 7 41 14 6 5 39 44 49 4 26 20 33 16 38 29 24 9 18 13 35 17 22 2 47 36 3 31 32 43 45 46 50 37 1 11 42 34 30 48 23 28 12 40 19 15 10 
student 89: 15 16 27 25 9 34 12 3 14 46 43 45 4 24 19 37 23 35 30 26 7 29 6 38 11 13 10 47 31 2 32 39 40 44 48 50 36 1 8 42 41 28 49 22 20 21 33 18 17 5 
student 90: 15 24 29 21 6 34 17 3 5 45 44 49 8 25 12 37 18 39 33 32 19 26 7 36 23 16 2 48 31 4 27 20 41 42 46 47 43 1 13 40 38 30 50 28 22 11 35 14 9 10 
student 91: 10 23 29 24 7 33 22 4 6 44 39 46 2 27 15 41 13 30 28 26 5 11 16 35 18 17 1 50 36 8 32 37 42 48 45 47 43 3 14 38 40 31 49 25 20 21 34 19 12 9 
student 92: 9 18 28 26 7 32 12 5 4 45 46 40 6 19 10 31 21 42 33 36 8 25 13 29 16 20 2 49 39 3 27 34 37 43 48 47 44 1 17 38 35 30 50 24 23 22 41 15 14 11 
student 93: 10 19 40 23 5 36 17 6 2 42 46 49 7 26 16 34 24 43 32 31 9 22 8 28 15 18 3 45 27 1 33 35 41 44 48 50 37 4 13 39 38 29 47 21 20 25 30 12 11 14 
student 94: 13 21 24 23 11 40 8 4 5 45 43 49 2 29 18 35 20 34 31 27 12 26 7 37 15 19 3 50 30 1 33 32 41 44 46 48 42 9 14 39 38 28 47 25 22 17 36 16 10 6 
student 95: 11 26 29 25 9 37 17 7 5 46 39 47 4 23 14 34 18 44 24 27 12 28 3 30 13 19 6 49 32 1 33 36 42 40 45 48 38 2 15 43 41 31 50 20 21 22 35 16 10 8 
student 96: 11 21 29 27 8 37 1 4 7 45 44 46 6 25 17 33 23 34 31 26 12 22 10 39 14 16 2 49 30 5 32 36 42 43 47 50 41 3 13 38 40 28 48 19 24 20 35 15 18 9 
student 97: 8 22 29 26 2 35 18 11 9 45 47 50 6 23 16 46 20 39 30 28 13 27 5 32 14 21 3 48 31 4 33 37 34 43 42 44 41 1 10 40 36 25 49 24 19 17 38 15 12 7 
student 98: 11 19 35 23 7 36 13 3 8 44 49 47 5 25 18 31 21 40 32 30 10 28 9 34 12 15 1 45 29 4 26 33 37 41 43 48 42 2 14 46 39 27 50 24 22 16 38 17 20 6 
student 99: 16 20 26 28 10 37 13 12 5 46 44 45 4 24 7 36 19 39 29 32 9 22 8 35 15 17 2 47 34 3 33 41 43 38 48 49 40 1 11 42 31 27 50 21 25 18 30 23 14 6 
student 100: 7 20 27 32 6 34 11 5 2 44 46 47 8 26 17 33 19 40 39 28 9 24 14 45 21 18 1 49 29 3 25 36 38 41 43 48 37 4 12 42 35 31 50 23 22 13 30 16 15 10 
student 101: 10 23 29 31 9 36 13 2 3 46 47 48 6 20 18 37 25 38 34 24 8 26 5 35 21 15 4 49 30 7 28 33 43 42 45 44 39 1 16 41 40 32 50 22 17 19 27 14 12 11 
student 102: 14 22 29 25 5 36 13 1 8 43 45 49 3 24 17 38 21 40 31 23 7 27 11 34 9 20 2 48 33 6 35 37 47 46 44 42 41 4 16 30 39 28 50 26 19 18 32 15 12 10 
student 103: 10 26 27 23 3 36 15 5 9 44 43 46 7 22 20 33 16 41 25 24 13 28 2 34 12 19 4 50 40 6 35 32 42 38 45 48 37 1 18 49 39 29 47 31 17 21 30 14 11 8 
student 104: 4 20 29 23 7 35 15 2 8 49 45 50 6 22 17 31 18 40 33 28 14 25 9 37 13 21 1 47 32 5 36 34 42 43 44 46 39 3 11 41 38 26 48 27 24 19 30 16 12 10 
student 105: 6 12 27 24 10 38 13 3 9 46 40 48 4 25 14 36 22 41 28 23 7 30 11 33 18 20 2 44 35 8 29 43 45 47 49 42 39 1 15 32 37 31 50 21 26 19 34 16 17 5 
student 106: 10 23 36 25 6 37 14 1 15 48 44 46 9 20 16 38 21 45 28 27 12 26 7 34 17 18 4 49 33 3 30 31 35 43 40 50 42 2 8 39 41 29 47 22 24 19 32 13 11 5 
student 107: 8 21 29 25 7 37 14 1 9 43 42 46 5 23 17 36 22 39 33 27 10 31 2 32 12 18 6 47 34 4 24 35 45 41 40 50 44 3 13 48 38 28 49 26 19 20 30 15 16 11 
student 108: 4 15 24 25 16 39 17 3 11 45 44 46 8 27 20 35 18 42 30 29 7 26 9 34 14 19 1 49 32 5 33 37 36 41 48 47 38 2 13 43 40 31 50 23 22 21 28 12 10 6 
student 109: 12 22 29 24 6 37 15 1 3 47 36 45 2 23 20 42 18 43 30 32 11 25 7 34 16 17 5 49 33 10 28 31 41 35 48 50 40 4 14 44 38 27 46 26 19 21 39 9 13 8 
student 110: 12 19 29 24 7 37 16 1 6 36 39 48 5 26 21 32 18 41 28 25 8 27 10 35 17 20 3 47 33 4 31 38 40 46 45 49 43 2 14 44 42 30 50 23 22 15 34 9 11 13 
student 111: 7 22 27 26 10 37 15 4 6 43 47 44 3 21 18 34 23 39 30 25 12 29 13 31 17 19 2 50 36 5 32 33 41 46 45 49 42 1 8 35 40 38 48 16 24 20 28 14 11 9 
student 112: 13 15 28 22 7 42 17 1 5 44 41 48 6 36 21 32 18 38 33 27 12 23 9 26 14 19 4 50 31 3 29 35 46 43 40 49 39 2 11 47 34 30 45 20 25 24 37 16 10 8 
student 113: 15 10 24 27 7 41 11 3 5 43 44 49 17 22 19 34 16 37 29 20 9 30 8 38 18 23 4 48 31 1 35 28 42 46 45 47 39 2 12 40 36 32 50 25 21 26 33 14 13 6 
student 114: 9 21 31 26 6 35 8 3 5 46 44 48 4 28 13 36 22 39 30 14 10 27 12 32 16 19 2 49 38 11 34 33 43 41 45 47 40 1 15 42 37 23 50 20 25 17 29 24 18 7 
student 115: 11 19 26 24 5 35 15 2 4 44 43 49 7 28 14 37 18 39 31 23 13 30 9 36 12 17 6 47 33 3 34 32 41 45 48 46 40 1 20 42 38 27 50 25 21 22 29 16 8 10 
student 116: 10 23 33 25 6 30 14 2 3 45 44 46 5 21 11 35 20 38 32 28 12 26 9 37 15 19 8 48 36 4 34 40 43 42 47 50 39 1 18 41 31 27 49 24 22 16 29 17 13 7 
student 117: 13 20 33 25 6 37 14 1 5 49 38 50 9 19 18 36 21 39 27 32 10 28 8 35 15 17 3 45 34 4 24 31 40 43 44 46 42 2 11 47 41 30 48 26 23 16 29 12 22 7 
student 118: 11 13 28 19 8 42 17 4 9 45 41 47 5 23 16 39 18 37 30 25 26 27 2 34 15 20 6 46 36 3 32 33 43 40 49 50 38 1 10 44 35 29 48 22 21 24 31 14 12 7 
student 119: 9 22 27 23 10 38 8 6 11 49 39 47 4 19 16 37 17 41 28 29 13 26 2 35 20 15 3 48 34 7 31 36 40 45 46 44 43 1 25 42 33 30 50 21 24 18 32 14 12 5 
student 120: 15 23 29 27 5 35 10 4 9 42 49 44 7 26 16 36 18 41 33 28 11 22 14 31 6 19 1 50 40 3 30 34 38 46 43 45 37 2 12 39 48 21 47 25 24 20 32 17 13 8 
student 121: 10 19 28 17 9 43 15 4 3 46 45 41 5 22 13 37 23 34 31 25 11 26 18 33 14 20 2 48 36 6 32 30 39 42 47 49 38 1 8 44 40 29 50 24 27 21 35 16 12 7 
student 122: 10 21 32 24 9 37 17 8 4 49 47 45 2 33 12 35 20 36 25 23 7 28 6 31 18 16 5 48 30 1 38 34 40 50 46 43 42 3 11 44 41 29 39 26 22 19 27 15 14 13 
student 123: 8 25 24 20 6 39 14 2 4 50 43 49 9 22 18 37 21 33 31 28 10 34 12 36 16 17 5 48 35 3 30 32 41 42 44 46 45 1 11 40 38 23 47 27 26 19 29 15 13 7 
student 124: 19 20 33 28 11 34 12 4 7 48 47 46 8 23 13 40 22 36 29 25 16 27 2 35 21 10 3 49 32 5 31 42 39 43 41 44 37 1 9 45 38 24 50 14 26 15 30 18 17 6 
student 125: 11 24 21 27 4 36 16 5 8 50 43 45 2 18 17 42 22 37 35 31 13 26 7 30 14 20 3 49 32 6 28 40 41 48 44 47 39 1 9 38 33 34 46 25 23 15 29 19 12 10 
student 126: 11 20 28 21 9 44 16 1 6 41 45 47 5 26 22 35 25 38 36 24 8 27 3 32 18 15 7 49 30 4 29 33 40 43 46 48 39 2 13 42 34 31 50 23 19 10 37 17 14 12 
student 127: 11 20 28 23 8 37 13 5 7 45 46 39 6 26 16 36 22 43 30 25 14 21 10 32 15 18 3 50 34 2 33 35 44 41 47 48 42 1 12 38 40 29 49 19 27 17 31 24 9 4 
student 128: 9 23 20 30 11 44 10 8 5 42 48 47 6 24 17 37 13 39 31 29 15 27 7 35 14 19 2 49 34 3 33 32 41 40 46 43 36 1 12 45 38 25 50 26 21 16 28 18 22 4 
student 129: 12 26 28 11 8 34 14 3 4 45 43 39 7 32 23 46 19 40 31 29 9 27 13 36 15 18 1 44 37 6 25 24 41 42 48 49 38 2 10 47 35 33 50 21 20 22 30 16 17 5 
student 130: 5 16 27 26 7 34 12 3 11 46 43 44 4 23 17 38 19 37 36 28 8 25 10 29 14 20 2 50 32 6 31 30 42 45 47 48 39 1 21 41 40 35 49 24 18 22 33 15 9 13 
student 131: 10 20 27 24 4 40 8 7 5 46 43 47 3 25 21 36 22 42 31 26 14 30 11 34 13 17 6 50 33 9 29 35 44 39 48 49 38 1 12 41 37 28 45 23 18 19 32 15 16 2 
student 132: 6 16 36 28 10 39 20 2 7 44 46 47 3 23 13 33 19 42 30 29 9 25 12 34 14 21 8 50 35 4 27 32 40 43 48 49 38 1 11 45 37 26 41 24 22 18 31 17 15 5 
student 133: 7 20 27 25 8 35 18 12 5 48 45 44 1 21 13 38 22 33 34 29 9 26 4 32 16 17 2 46 30 6 37 36 43 42 50 49 39 3 11 41 40 23 47 24 28 19 31 15 14 10 
student 134: 7 19 28 18 4 38 10 2 15 44 41 46 3 27 17 42 20 37 32 21 23 25 12 29 16 22 5 47 35 6 33 36 40 43 50 48 31 1 11 45 39 30 49 24 26 14 34 13 9 8 
student 135: 4 22 31 24 9 37 17 6 8 43 44 50 5 27 18 38 19 35 28 29 12 23 7 34 13 20 1 46 32 3 30 36 41 42 45 48 47 2 14 39 40 26 49 21 25 15 33 16 11 10 
student 136: 9 23 36 26 5 34 21 1 7 42 43 44 3 19 18 38 22 40 20 27 10 24 8 33 14 15 4 50 32 6 30 35 45 41 48 49 39 2 13 47 37 29 46 28 25 17 31 16 11 12 
student 137: 12 19 30 26 9 38 11 2 8 46 44 47 3 22 10 37 21 35 33 25 13 27 16 31 20 17 4 50 32 6 36 40 39 34 42 48 41 1 5 45 43 29 49 24 23 18 28 15 14 7 
student 138: 11 21 29 19 8 45 16 7 4 44 50 39 6 24 17 38 28 37 33 25 14 22 9 27 13 23 2 48 34 1 31 36 41 43 35 42 40 3 15 47 46 30 49 20 26 18 32 10 12 5 
student 139: 13 18 27 12 9 43 17 3 1 47 44 45 8 26 24 37 19 36 25 33 20 21 6 41 15 14 2 50 29 7 32 35 42 39 48 46 40 5 11 34 38 30 49 28 22 16 31 10 23 4 
student 140: 7 22 27 23 14 33 16 2 6 38 47 45 8 26 19 35 20 43 28 24 9 25 5 34 12 15 1 49 29 4 42 31 40 44 46 48 41 11 10 39 37 30 50 21 32 18 36 13 17 3 
student 141: 12 20 25 23 9 37 11 4 5 44 46 49 10 27 26 36 21 39 30 29 14 19 7 33 15 17 2 50 35 3 31 34 41 43 47 45 40 1 13 42 38 32 48 24 22 18 28 16 8 6 
student 142: 12 22 31 20 10 37 16 1 7 47 43 48 5 23 14 44 21 40 28 30 15 27 6 36 8 19 4 45 34 3 33 35 39 42 46 49 29 2 13 41 38 24 50 26 25 18 32 11 17 9 
student 143: 12 18 30 24 7 35 4 6 2 43 46 47 9 19 15 36 21 44 25 26 10 29 11 32 13 22 8 48 34 3 28 33 38 45 41 49 40 1 14 42 39 37 50 23 27 20 31 17 16 5 
student 144: 10 16 31 27 3 39 11 2 5 45 43 48 8 25 17 37 23 42 35 24 14 29 6 36 15 20 1 50 30 7 32 34 40 41 46 47 33 4 12 44 38 26 49 21 19 22 28 18 13 9 
student 145: 8 14 28 16 3 43 17 6 1 42 45 50 10 22 23 36 21 47 32 29 13 26 9 33 19 18 5 44 30 4 27 34 40 41 46 48 37 2 7 39 38 31 49 24 20 25 35 12 15 11 
student 146: 4 16 25 26 8 37 13 5 6 43 49 50 3 30 12 33 18 36 23 27 9 31 11 34 22 14 2 42 35 7 29 39 45 41 47 46 44 1 17 40 38 28 48 21 19 20 32 24 15 10 
student 147: 13 26 32 24 3 35 15 6 7 45 50 44 4 22 23 33 17 41 31 30 11 25 8 37 18 21 2 47 39 5 29 34 43 48 40 46 42 1 10 36 38 20 49 19 28 9 27 14 12 16 
student 148: 8 24 30 25 7 40 12 3 6 41 39 44 4 21 13 37 23 38 18 26 11 28 9 35 17 20 2 50 34 5 33 36 46 47 43 49 29 1 16 48 42 32 45 19 27 22 31 15 10 14 
student 149: 12 20 30 23 9 36 13 6 7 44 46 48 2 27 19 33 21 37 29 26 11 25 8 38 14 15 3 49 34 1 28 35 42 45 40 47 41 5 18 43 39 32 50 24 22 17 31 16 10 4 
student 150: 9 24 23 25 7 39 12 3 5 49 48 47 4 19 20 43 22 35 27 32 11 28 10 34 17 16 2 50 31 6 36 33 41 42 46 38 37 1 15 45 40 29 44 18 26 13 30 14 21 8 
student 151: 5 19 28 26 1 37 13 7 8 46 44 50 3 23 18 34 21 40 29 25 12 27 9 32 15 20 4 49 33 6 31 35 42 43 47 45 36 2 17 39 41 30 48 22 24 14 38 10 16 11 
student 152: 11 21 26 25 10 37 12 3 6 46 42 47 5 18 15 35 29 39 30 24 16 23 7 36 27 14 2 50 32 4 34 33 41 43 44 49 40 1 9 45 38 28 48 20 22 17 31 13 19 8 
student 153: 9 24 27 26 10 32 14 2 5 49 48 45 6 25 20 36 18 38 33 29 7 23 12 40 11 15 3 43 34 4 35 31 42 44 50 47 39 1 13 41 37 28 46 17 22 21 30 19 16 8 
student 154: 7 20 29 19 10 39 15 5 9 47 44 46 6 21 27 28 18 31 36 26 13 22 2 34 17 14 1 48 30 3 35 38 41 43 49 45 40 4 12 42 37 32 50 25 23 24 33 16 11 8 
student 155: 10 19 28 22 8 33 29 1 4 42 37 48 2 16 20 35 26 41 32 25 5 24 9 31 15 17 3 50 38 12 34 36 44 45 47 49 43 7 11 40 39 27 46 23 21 18 30 13 14 6 
student 156: 9 22 26 24 11 35 8 4 1 44 45 47 7 25 10 31 21 40 28 29 6 30 15 34 23 17 3 50 37 5 32 38 36 46 42 48 39 2 13 43 41 27 49 19 20 18 33 16 14 12 
student 157: 14 19 30 26 9 38 15 1 5 44 40 47 4 21 17 34 22 42 31 29 7 27 6 35 16 18 3 49 32 10 28 33 43 45 46 48 41 2 11 39 37 23 50 25 24 20 36 13 12 8 
student 158: 8 18 31 24 5 38 10 1 2 41 43 44 6 21 16 36 19 48 27 28 13 26 7 33 15 20 4 50 30 9 32 34 37 39 46 47 40 3 14 42 45 29 49 25 23 22 35 17 12 11 
student 159: 11 24 28 22 9 42 16 1 10 39 45 49 3 29 19 38 20 36 31 23 8 30 7 27 14 15 6 47 25 4 37 35 43 41 46 48 40 2 12 44 32 21 50 33 18 26 34 17 13 5 
student 160: 9 23 26 19 8 36 12 7 6 49 42 37 3 29 18 41 11 38 30 31 10 27 4 40 16 25 2 50 33 1 28 34 39 47 44 48 45 5 13 43 35 24 46 15 21 20 32 22 17 14 
student 161: 3 24 26 25 5 39 8 1 9 45 44 47 6 21 16 34 32 41 35 31 10 22 12 36 18 17 7 48 23 2 30 33 42 43 46 49 40 4 14 38 37 27 50 29 19 20 28 15 13 11 
student 162: 9 22 31 21 10 38 16 4 7 45 44 46 6 26 20 36 19 39 34 30 13 24 8 33 11 18 2 49 32 5 37 29 41 42 47 48 43 3 15 40 27 28 50 23 25 17 35 14 12 1 
student 163: 7 19 30 28 3 34 13 9 8 46 43 47 1 25 21 35 27 38 31 22 11 24 4 33 16 18 2 41 36 5 32 44 39 45 50 48 40 6 12 42 37 26 49 23 14 20 29 17 15 10 
student 164: 8 19 26 33 4 39 15 2 6 47 45 46 3 28 14 37 17 35 29 30 9 23 5 38 22 21 1 50 32 11 34 31 41 43 44 49 40 7 12 42 36 25 48 24 20 16 27 18 10 13 
student 165: 15 24 37 20 7 36 16 5 10 50 47 46 6 25 19 34 17 38 28 27 12 26 3 32 11 18 1 48 31 2 35 33 39 45 41 49 40 4 13 44 43 30 42 21 23 22 29 9 14 8 
student 166: 7 20 17 23 3 37 16 4 5 49 42 45 14 30 22 36 19 44 28 31 12 26 13 29 10 11 1 43 35 8 27 34 39 47 46 50 40 2 18 41 38 32 48 24 15 25 33 9 21 6 
student 167: 9 20 32 25 1 35 12 10 7 45 44 49 5 21 15 38 22 41 36 29 8 27 6 30 17 18 4 50 26 2 31 34 40 43 47 46 37 3 16 42 39 24 48 28 23 19 33 13 11 14 
student 168: 12 19 29 27 7 42 10 3 6 48 44 46 5 26 15 33 21 40 37 25 8 23 14 35 13 22 4 47 32 1 34 36 49 41 43 45 38 2 9 39 31 30 50 20 16 24 28 18 17 11 
student 169: 10 18 26 25 2 46 14 4 6 49 43 45 5 27 16 38 23 35 32 28 12 21 3 41 19 22 1 50 31 8 33 34 37 44 36 48 39 7 11 42 40 29 47 20 24 17 30 15 13 9 
student 170: 7 24 23 25 8 39 9 4 5 38 47 45 12 22 18 36 29 42 31 20 17 15 3 32 16 14 2 41 33 6 27 34 43 44 46 50 40 1 13 48 35 30 49 28 26 21 37 11 19 10 
student 171: 8 20 23 22 5 38 19 6 9 39 45 50 3 24 15 34 26 40 30 27 12 25 7 36 13 21 4 47 35 1 33 32 42 44 46 48 41 2 14 43 37 29 49 31 18 17 28 10 16 11 
student 172: 9 18 20 30 6 36 17 5 3 48 45 47 8 24 13 37 22 40 32 23 11 31 15 33 12 21 2 44 35 4 28 34 43 42 46 49 39 1 16 41 38 29 50 25 26 19 27 14 7 10 
student 173: 17 21 36 25 16 39 13 1 2 41 46 47 7 24 15 38 19 40 28 27 8 35 4 30 10 18 5 48 34 6 29 31 44 37 45 49 42 9 11 33 43 26 50 23 22 20 32 14 3 12 
student 174: 5 27 29 26 8 35 13 4 11 43 47 48 7 24 20 38 23 40 31 18 9 28 19 36 12 14 3 50 32 2 25 34 45 44 42 49 41 1 6 37 39 30 46 21 22 17 33 16 15 10 
student 175: 3 17 30 21 5 36 9 2 10 46 43 47 16 26 25 33 20 38 23 28 8 27 11 29 19 18 1 49 31 6 35 39 40 45 41 48 42 4 12 44 37 32 50 24 22 15 34 14 13 7 
student 176: 12 18 23 28 3 42 10 6 7 43 46 48 5 24 20 36 26 39 29 32 8 15 16 34 19 17 2 49 41 4 33 31 38 37 44 47 45 1 9 35 40 27 50 25 21 22 30 14 13 11 
student 177: 8 22 29 21 9 32 13 5 2 47 46 44 7 24 23 34 19 37 31 27 14 25 11 40 17 16 3 49 26 6 35 38 41 45 43 48 36 1 18 42 39 28 50 30 15 20 33 4 10 12 
student 178: 6 22 31 21 10 39 14 3 1 42 47 45 7 25 17 43 19 37 32 28 11 27 8 33 13 18 4 48 30 9 29 36 41 46 44 49 35 2 15 40 38 26 50 23 24 20 34 16 12 5 
student 179: 10 21 23 29 3 36 12 6 8 44 47 49 7 24 17 32 22 41 27 28 13 25 9 34 15 20 2 46 33 1 35 38 40 45 48 43 39 5 14 42 37 31 50 19 26 16 30 18 11 4 
student 180: 13 19 29 20 3 37 9 5 10 46 44 50 4 21 22 35 28 38 30 27 12 32 8 31 7 16 2 48 34 6 26 39 36 40 45 42 43 1 14 47 41 23 49 24 25 17 33 18 15 11 
student 181: 9 20 29 24 7 35 15 5 6 44 42 46 8 22 18 37 21 41 28 27 4 26 12 34 10 17 2 47 31 3 32 33 39 45 48 49 43 1 11 40 38 30 50 25 23 19 36 14 16 13 
student 182: 9 20 29 24 8 33 18 4 2 44 46 50 7 25 14 37 27 43 34 26 10 22 12 35 15 16 1 38 32 5 31 40 45 41 49 47 42 3 13 39 36 30 48 19 23 21 28 17 11 6 
student 183: 7 19 32 23 8 37 13 1 5 47 44 42 17 22 12 34 21 41 35 27 6 30 10 33 11 20 2 46 31 3 39 28 45 43 48 49 36 4 9 40 38 26 50 25 24 14 29 16 15 18 
student 184: 15 21 31 25 11 35 22 9 5 42 43 50 4 23 20 37 18 39 33 30 12 26 7 34 17 16 2 48 27 3 28 36 44 41 47 46 40 1 8 45 38 29 49 24 19 13 32 14 10 6 
student 185: 8 16 34 29 9 37 23 4 15 47 45 48 10 25 17 35 20 39 38 26 11 22 6 32 12 18 1 40 31 3 27 36 43 49 44 46 41 2 21 42 33 30 50 24 19 14 28 13 7 5 
student 186: 8 19 30 26 7 37 15 4 10 41 43 49 5 25 14 38 20 42 33 28 6 23 9 32 13 21 2 50 27 3 34 36 45 39 44 48 35 1 12 47 40 29 46 24 22 16 31 18 17 11 
student 187: 10 16 31 21 5 42 11 1 8 44 45 46 9 27 20 35 28 40 30 25 3 23 14 37 19 15 2 48 34 7 29 33 38 43 49 47 39 4 13 41 36 24 50 26 22 18 32 12 17 6 
student 188: 11 18 28 23 10 34 13 4 5 50 45 38 6 21 19 37 22 43 33 24 12 27 9 40 15 17 2 48 31 1 29 32 42 39 47 44 35 3 8 36 41 30 49 26 25 20 46 16 14 7 
student 189: 12 19 29 22 8 40 15 6 2 43 42 45 3 23 9 35 20 49 36 25 14 27 13 38 16 17 4 47 33 7 31 34 32 37 48 44 41 1 18 46 39 28 50 26 24 10 30 21 5 11 
student 190: 11 26 29 24 9 38 18 2 5 45 42 44 6 12 21 35 22 39 25 27 13 16 8 34 17 19 4 48 32 3 31 36 46 47 49 43 40 1 15 41 37 28 50 30 23 14 33 20 10 7 
student 191: 9 21 28 24 7 37 16 8 6 43 42 48 4 15 14 38 27 33 35 30 10 25 13 36 17 18 2 49 32 5 26 29 39 46 44 47 40 1 12 41 45 31 50 20 22 23 34 19 11 3 
student 192: 10 16 31 25 7 39 9 8 5 50 43 46 4 28 18 35 19 32 27 29 14 26 3 33 17 20 2 48 36 6 34 38 42 44 47 40 41 1 13 45 37 23 49 22 24 21 30 15 12 11 
student 193: 11 23 26 25 8 42 15 5 6 44 43 39 4 24 17 37 18 45 28 30 13 29 9 33 12 19 2 50 32 3 40 35 38 46 47 49 34 1 14 41 36 27 48 21 22 16 31 20 10 7 
student 194: 5 21 30 23 13 35 11 3 14 45 39 48 2 16 19 38 27 42 29 25 8 26 7 37 18 10 12 49 31 4 36 34 41 44 46 47 40 1 6 43 33 32 50 22 24 20 28 15 17 9 
student 195: 12 16 26 27 5 34 15 2 4 47 46 48 11 23 17 35 20 42 29 30 7 25 8 28 14 18 10 50 32 3 33 38 40 43 44 49 37 1 9 39 36 41 45 24 21 19 31 22 13 6 
student 196: 15 27 31 20 13 38 23 1 4 46 40 47 2 21 9 37 17 41 26 33 11 29 10 34 7 16 5 49 32 6 30 35 39 44 45 48 42 3 8 43 36 25 50 22 28 14 24 18 12 19 
student 197: 16 19 27 25 8 34 12 1 11 46 45 47 7 24 15 37 22 40 29 28 9 26 17 30 13 14 4 49 33 2 35 36 39 44 38 50 41 3 10 42 43 32 48 21 23 18 31 20 5 6 
student 198: 13 25 28 23 6 39 15 2 7 40 46 42 5 22 12 37 17 38 27 32 11 26 10 33 19 18 3 50 34 4 31 30 35 49 44 47 41 1 8 45 43 29 48 24 21 20 36 16 14 9 
student 199: 11 21 25 27 3 41 16 8 10 45 46 47 5 24 20 36 12 38 34 28 9 26 7 39 13 18 2 49 32 6 29 40 44 35 48 50 42 4 14 37 33 31 43 23 22 17 30 19 15 1 
student 200: 15 20 34 27 2 39 17 8 3 48 43 47 5 24 19 33 22 38 29 23 9 25 7 30 12 14 6 50 31 4 37 35 42 36 49 44 40 1 11 41 46 28 45 21 18 26 32 13 16 10 
student 201: 10 21 11 26 9 37 13 1 7 48 40 46 6 28 18 36 22 38 27 30 15 29 14 34 8 19 2 49 31 4 32 35 39 43 45 47 42 3 17 41 44 25 50 24 23 20 33 16 12 5 
student 202: 12 22 32 25 6 36 9 2 10 46 48 50 5 21 17 34 15 41 33 20 8 28 11 31 16 19 3 45 29 4 35 38 39 40 43 44 42 1 13 47 37 30 49 24 23 27 26 14 18 7 
student 203: 10 18 15 32 4 35 20 3 2 43 46 44 9 25 17 36 22 39 33 28 13 31 5 29 14 26 6 47 34 1 27 38 40 42 48 49 41 8 12 45 37 30 50 24 23 11 21 16 19 7 
student 204: 13 19 28 24 4 33 14 7 8 44 40 48 2 23 10 36 22 37 30 25 11 27 9 38 15 16 1 50 32 6 35 39 47 43 46 45 41 3 17 42 34 26 49 29 21 20 31 18 12 5 
student 205: 11 22 25 27 5 37 17 3 15 44 43 50 7 23 19 39 24 41 32 29 10 20 6 33 14 18 2 46 35 4 28 36 40 42 49 45 48 1 9 38 34 30 47 26 21 16 31 12 13 8 
student 206: 10 22 30 23 2 40 17 3 7 42 45 44 6 24 15 37 21 36 31 28 12 25 9 34 13 19 1 48 29 4 32 27 41 50 43 47 39 5 14 46 38 35 49 16 26 20 33 18 11 8 
student 207: 7 22 28 24 8 35 11 5 6 44 48 46 20 25 17 37 21 40 31 27 12 26 10 33 15 13 3 50 34 9 32 36 39 41 45 49 42 2 4 43 38 30 47 19 23 18 29 16 14 1 
student 208: 19 21 34 23 8 37 13 4 7 50 44 47 1 27 17 31 24 39 22 29 10 16 9 35 20 14 2 45 36 3 33 32 41 43 46 49 38 5 12 42 40 26 48 25 28 18 30 15 11 6 
student 209: 6 24 27 28 4 32 18 12 11 38 44 47 2 23 20 33 21 43 29 30 8 25 19 35 10 16 3 48 34 5 31 37 41 50 42 46 40 1 9 45 39 26 49 17 22 14 36 13 15 7 
student 210: 8 20 29 27 10 37 13 9 7 48 44 45 3 23 18 31 14 40 26 28 11 25 4 39 15 21 2 46 35 1 36 32 38 43 50 47 41 5 12 42 33 30 49 24 22 19 34 17 16 6 
student 211: 10 20 30 23 9 39 15 3 4 45 40 44 5 22 17 41 28 43 26 24 8 27 11 35 13 18 7 49 32 2 29 33 34 48 46 50 38 1 12 37 42 36 47 21 25 19 31 16 14 6 
student 212: 14 26 23 29 13 35 10 11 3 46 43 48 7 19 17 37 21 41 34 27 15 25 8 36 12 16 1 50 32 4 30 33 40 45 47 49 42 2 6 44 39 28 38 22 24 20 31 18 9 5 
student 213: 9 22 38 24 5 39 17 8 4 49 43 44 3 23 14 33 27 47 29 25 6 26 10 45 18 20 2 46 31 7 30 32 36 41 37 48 40 1 13 42 35 28 50 19 21 16 34 15 11 12 
student 214: 11 22 28 25 4 39 13 3 7 49 48 46 5 21 20 34 19 35 30 18 12 27 9 32 14 23 1 45 36 8 31 40 38 43 44 50 37 2 15 42 41 29 47 26 24 16 33 17 10 6 
student 215: 12 22 31 24 5 36 14 4 7 47 42 44 2 23 20 37 25 35 29 28 8 26 11 34 16 9 3 49 27 6 33 39 38 43 45 48 46 1 10 40 41 32 50 18 21 17 30 19 15 13 
student 216: 4 21 22 26 10 38 15 5 8 42 46 45 1 19 16 34 25 37 29 27 13 31 9 32 14 20 7 50 40 6 33 35 39 44 48 49 43 2 12 41 36 30 47 23 24 18 28 17 11 3 
student 217: 13 19 26 23 11 33 15 3 5 44 43 45 4 25 10 37 28 39 31 30 8 24 7 34 14 22 2 46 35 9 32 27 40 42 49 47 38 1 12 48 41 29 50 21 20 18 36 17 16 6 
student 218: 7 20 26 22 8 40 16 2 3 42 44 49 6 24 15 38 18 45 30 29 10 25 11 33 17 14 5 47 36 4 31 35 39 43 50 46 37 1 12 41 34 32 48 28 21 19 27 13 23 9 
student 219: 10 22 30 19 6 44 14 7 8 46 40 49 1 23 17 35 26 31 29 27 9 33 13 38 15 18 5 45 34 3 20 28 43 39 47 50 41 2 11 42 32 36 48 25 21 24 37 16 12 4 
student 220: 9 24 25 17 5 38 14 3 4 46 47 50 2 27 18 32 15 36 29 30 12 28 8 37 19 21 11 49 39 7 34 35 40 45 43 42 41 1 13 44 33 26 48 22 23 20 31 16 10 6 
student 221: 11 20 29 24 6 35 17 1 5 45 47 46 3 22 19 38 21 37 31 26 10 27 7 36 15 13 2 50 33 4 28 32 42 41 48 44 40 8 16 43 39 30 49 25 23 18 34 12 14 9 
student 222: 10 23 29 20 7 35 17 1 5 41 43 50 4 15 14 37 24 38 32 28 6 26 11 33 18 16 8 47 30 3 36 34 44 42 46 49 39 2 12 45 40 27 48 21 25 19 31 22 13 9 
student 223: 7 19 32 28 4 37 13 8 9 43 46 39 6 22 16 35 18 40 34 27 10 26 5 29 15 17 3 49 31 1 25 45 38 48 44 47 41 2 12 42 36 30 50 24 23 20 33 21 14 11 
student 224: 11 23 26 27 6 41 14 3 2 37 45 49 5 20 17 36 22 42 30 18 12 25 10 35 19 16 4 48 32 1 33 34 40 43 47 46 39 7 13 44 38 29 50 28 24 21 31 15 9 8 
student 225: 11 21 28 25 15 32 16 6 7 43 44 46 2 22 14 30 9 37 27 26 10 34 5 38 17 18 4 47 35 3 33 40 39 42 49 48 45 1 13 41 36 31 50 24 23 19 29 20 12 8 
student 226: 12 19 25 28 4 34 11 3 7 49 44 43 10 23 15 36 21 37 29 31 8 24 13 40 17 20 2 50 33 6 32 38 41 48 46 42 39 1 9 45 35 26 47 22 27 18 30 16 14 5 
student 227: 6 20 30 22 8 37 10 1 9 44 40 47 2 24 19 32 21 41 36 27 13 26 12 38 15 16 4 48 31 5 33 35 46 49 50 45 34 3 11 43 39 28 42 23 25 18 29 14 17 7 
student 228: 15 23 27 26 7 38 18 3 12 43 45 47 2 20 14 30 21 39 31 28 11 25 4 37 10 22 6 49 35 9 34 33 46 41 42 48 44 1 8 40 36 32 50 24 19 17 29 16 5 13 
student 229: 13 23 28 27 9 36 18 8 11 46 48 43 4 22 20 33 21 42 38 30 10 24 1 32 16 15 2 49 34 7 26 37 41 45 44 47 39 3 14 40 35 25 50 31 17 5 29 19 12 6 
student 230: 12 20 27 28 6 38 18 1 5 45 39 47 4 23 15 34 16 36 29 26 11 25 9 40 19 14 3 50 33 2 32 35 43 42 46 48 37 7 17 44 41 30 49 24 21 22 31 13 10 8 
student 231: 18 22 29 25 8 32 7 2 6 45 42 47 5 20 17 36 16 40 30 28 15 27 9 34 14 19 3 48 35 4 31 37 41 44 49 46 39 1 12 43 38 26 50 24 23 21 33 13 10 11 
student 232: 12 21 27 28 6 38 11 2 8 50 43 45 4 26 19 29 15 32 31 30 13 23 3 35 17 18 5 46 34 7 33 36 47 42 44 49 40 1 10 41 39 37 48 24 20 22 25 14 16 9 
student 233: 10 15 26 27 8 38 16 9 7 49 44 47 2 25 21 37 18 40 31 29 12 23 4 32 17 13 1 45 30 6 36 34 43 42 46 50 35 5 14 41 39 28 48 24 22 19 33 20 11 3 
student 234: 12 21 29 15 4 37 13 5 3 45 41 46 7 25 18 33 24 39 31 26 8 22 14 32 17 20 6 48 35 2 27 38 44 43 47 50 42 1 11 40 36 28 49 30 23 19 34 16 9 10 
student 235: 12 16 23 31 5 33 19 3 7 40 45 49 8 21 11 29 26 39 24 32 14 27 9 36 17 25 2 47 35 6 34 42 44 38 41 46 43 1 13 48 37 30 50 22 20 18 28 15 10 4 
student 236: 11 21 27 18 1 38 9 6 8 44 47 50 5 22 17 30 24 39 31 25 12 23 7 32 14 19 3 48 33 4 34 37 36 45 42 46 40 2 16 43 41 29 49 35 26 20 28 15 13 10 
student 237: 4 18 23 24 8 34 16 3 7 44 43 42 1 22 9 38 19 37 29 31 13 28 6 35 17 21 2 47 30 11 32 39 41 36 45 46 40 5 10 48 49 27 50 26 25 14 33 20 15 12 
student 238: 11 20 28 24 8 38 14 4 2 50 42 48 3 25 17 30 22 31 33 27 10 26 9 32 13 16 7 45 29 1 36 41 40 44 49 46 39 5 6 43 37 34 47 23 21 18 35 19 15 12 
student 239: 11 14 28 23 9 38 17 8 3 45 46 39 7 22 19 36 13 27 33 32 6 26 4 35 16 20 5 50 34 1 37 31 43 44 48 47 41 2 12 42 30 29 49 25 24 18 40 21 15 10 
student 240: 16 22 27 23 15 42 17 2 7 50 43 47 4 26 14 34 28 37 31 25 9 19 8 29 18 20 3 45 38 5 32 33 41 44 46 48 35 1 10 40 39 30 49 24 21 12 36 13 11 6 
student 241: 10 25 32 26 7 31 14 3 5 45 44 49 9 23 16 35 22 36 30 21 18 28 15 34 17 24 2 48 37 4 29 38 46 43 47 40 42 1 8 39 41 27 50 20 13 11 33 19 12 6 
student 242: 13 12 29 26 3 37 15 4 8 45 43 46 5 24 21 36 19 39 23 27 6 28 7 32 14 17 2 47 35 10 34 30 40 42 48 49 41 1 16 44 38 31 50 25 20 22 33 18 11 9 
student 243: 8 21 31 24 5 35 11 1 9 44 41 48 4 23 15 34 22 37 30 26 12 29 6 32 14 19 3 47 45 7 38 33 40 46 43 42 36 2 13 49 39 28 50 25 18 20 27 17 16 10 
student 244: 14 20 35 24 8 33 13 7 5 46 43 42 3 23 21 38 18 32 36 27 10 29 6 34 17 12 2 48 31 4 37 30 39 40 47 45 50 1 11 44 41 26 49 22 25 15 28 19 16 9 
student 245: 10 22 25 27 3 40 13 4 5 38 46 47 7 19 15 39 26 45 28 24 12 30 11 33 17 18 2 43 34 1 32 36 44 41 49 48 42 6 14 35 29 37 50 23 21 20 31 16 9 8 
student 246: 4 21 33 22 10 32 15 1 6 43 44 42 5 24 14 36 30 39 38 23 11 25 3 47 20 18 7 49 27 9 28 34 35 41 46 45 40 2 12 50 37 29 48 19 16 26 31 17 8 13 
student 247: 11 16 26 24 8 34 12 1 5 47 46 45 7 20 15 42 23 41 31 27 9 29 10 35 13 17 4 50 36 2 32 30 38 39 40 48 43 3 6 44 37 33 49 25 22 21 28 19 14 18 
student 248: 6 18 26 23 4 31 17 9 3 44 43 46 1 22 16 35 25 37 33 28 11 24 10 41 12 20 5 50 29 7 34 39 38 45 47 48 42 2 14 40 36 30 49 27 21 13 32 19 15 8 
student 249: 13 20 29 26 8 40 10 3 6 46 44 50 4 25 18 37 22 36 31 24 12 27 7 32 15 17 2 47 35 11 28 34 39 42 48 49 38 1 9 41 43 30 45 21 23 19 33 16 14 5 
student 250: 17 18 29 28 11 36 14 2 4 44 48 50 6 24 20 40 22 41 25 32 7 23 9 34 12 15 3 47 31 5 33 35 42 43 46 49 37 1 10 39 38 27 45 19 26 21 30 16 13 8 
student 251: 10 16 30 24 13 38 17 2 9 43 45 49 7 27 18 37 22 39 35 29 5 25 8 33 14 20 6 50 34 1 28 31 41 42 46 48 40 3 11 44 36 26 47 23 19 21 32 12 15 4 
student 252: 3 16 29 15 9 41 13 1 8 42 43 47 7 17 6 32 23 37 34 28 12 19 11 35 20 24 2 49 33 4 27 38 40 44 46 48 36 5 14 45 39 25 50 30 26 21 31 22 18 10 
student 253: 13 37 27 26 6 31 9 4 10 45 41 46 5 25 12 35 19 38 33 22 7 24 11 30 16 14 3 49 39 1 36 32 43 42 47 48 40 2 17 44 34 29 50 15 20 21 28 23 18 8 
student 254: 3 20 28 23 5 38 13 7 2 48 36 45 6 17 18 33 27 34 31 29 8 21 11 39 15 16 4 50 35 10 37 30 47 43 44 46 40 1 12 41 42 26 49 24 22 19 32 25 14 9 
student 255: 11 15 30 22 9 32 14 1 3 42 46 49 5 29 18 37 21 40 31 24 13 26 10 33 7 19 2 50 28 6 34 38 41 44 48 47 36 4 12 43 39 35 45 23 25 17 27 20 16 8 
student 256: 9 24 33 25 8 39 15 12 5 45 43 48 3 23 17 36 21 38 31 27 11 26 7 34 10 16 2 49 30 6 29 35 44 42 46 47 40 1 14 41 37 28 50 22 19 20 32 18 13 4 
student 257: 9 26 27 30 3 34 15 1 5 49 38 50 8 22 19 33 20 36 31 23 12 24 11 35 10 17 7 45 47 4 28 37 43 44 42 46 40 2 13 41 39 32 48 18 21 25 29 14 16 6 
student 258: 11 21 26 28 5 36 12 4 6 50 44 46 8 27 13 37 16 41 29 24 17 34 9 35 22 14 3 49 32 1 31 33 43 42 45 47 39 2 15 40 38 25 48 19 23 20 30 10 18 7 
student 259: 7 17 33 23 13 39 8 6 3 44 45 41 11 25 22 40 20 35 29 28 14 31 12 32 9 19 2 50 27 4 34 37 42 47 43 48 38 1 15 46 36 24 49 18 16 26 30 10 21 5 
student 260: 12 19 31 27 6 36 15 5 8 42 38 47 7 24 16 34 20 41 35 26 9 25 11 32 17 18 3 46 33 2 30 29 44 45 48 49 43 1 14 40 39 28 50 23 22 21 37 13 4 10 
student 261: 10 27 25 23 8 31 13 3 14 41 45 47 6 24 21 42 16 32 37 30 11 26 7 29 17 15 1 49 34 5 40 38 43 48 46 44 39 2 9 36 33 28 50 22 20 19 35 18 12 4 
student 262: 15 19 28 27 11 39 12 4 6 48 40 46 7 23 18 37 21 35 32 25 20 22 10 33 13 16 1 44 31 3 38 36 43 45 50 49 41 2 9 34 42 30 47 26 24 14 29 17 8 5 
student 263: 2 22 28 25 4 32 19 1 7 39 43 45 5 18 15 36 17 42 30 31 11 20 12 37 13 21 3 46 35 8 34 33 41 44 47 49 40 9 10 48 38 27 50 26 24 23 29 16 14 6 
student 264: 14 24 30 26 1 37 16 6 8 46 39 45 5 23 15 34 22 40 28 29 10 21 9 31 18 17 4 48 35 13 36 32 43 38 44 49 41 3 7 47 42 25 50 19 27 20 33 11 12 2 
student 265: 9 23 29 24 10 36 15 2 6 44 42 46 4 27 20 40 18 34 22 30 14 26 8 35 13 16 1 45 37 5 31 33 39 43 48 50 41 3 12 47 38 28 49 25 21 17 32 11 19 7 
student 266: 10 19 26 22 5 40 16 4 11 37 43 47 3 18 14 35 33 39 27 21 2 29 9 34 15 24 7 50 32 8 38 36 46 45 44 48 41 1 13 42 31 28 49 20 23 17 30 25 12 6 
student 267: 5 19 28 26 6 40 13 3 2 38 41 43 9 23 20 37 21 35 30 27 15 18 10 32 12 22 4 50 34 8 36 33 44 39 47 46 49 1 11 45 48 29 42 24 25 17 31 14 16 7 
student 268: 14 21 26 24 8 35 13 2 6 47 45 49 10 19 18 34 23 33 36 29 5 28 11 37 15 12 1 50 32 3 31 38 43 41 46 44 40 4 9 42 39 25 48 27 22 20 30 16 17 7 
student 269: 11 21 28 27 7 48 14 4 5 45 44 47 8 24 18 33 23 34 29 26 6 25 3 37 12 16 2 50 32 9 35 36 40 41 43 49 42 1 13 38 39 30 46 22 19 17 31 20 15 10 
student 270: 9 18 25 27 13 36 15 5 3 45 44 48 7 22 17 38 21 37 33 26 10 24 6 35 23 12 2 50 29 4 34 32 42 43 49 46 40 1 14 41 39 31 47 30 20 19 28 16 8 11 
student 271: 10 21 29 25 8 38 15 4 3 47 46 45 2 19 14 37 23 35 32 27 12 24 6 36 18 17 5 49 33 7 26 34 39 41 43 48 44 1 13 42 40 31 50 28 20 22 30 16 11 9 
student 272: 6 13 32 28 2 42 16 3 4 45 35 46 11 26 20 39 18 36 37 23 7 21 8 33 12 15 9 50 30 5 25 38 43 44 47 48 40 1 14 41 34 29 49 17 27 24 31 19 22 10 
student 273: 18 19 28 22 6 35 14 3 9 40 46 47 11 27 15 34 16 41 33 29 8 25 5 32 17 20 1 49 37 4 36 31 44 42 43 48 38 2 10 45 39 30 50 23 21 24 26 12 13 7 
student 274: 4 20 27 32 7 40 13 12 6 49 46 42 5 23 15 33 18 35 29 34 10 26 11 37 17 19 2 47 25 3 30 38 44 45 43 48 39 1 14 36 41 28 50 21 24 22 31 9 8 16 
student 275: 7 20 24 25 12 32 15 2 4 43 45 48 5 23 17 39 22 40 31 29 13 28 6 35 11 19 1 49 34 3 33 37 44 41 47 46 42 9 10 36 38 30 50 27 21 18 26 14 16 8 
student 276: 10 22 20 33 7 31 14 1 6 44 43 48 4 32 18 36 16 34 30 28 9 26 11 27 17 19 3 47 37 5 35 38 39 42 46 49 40 2 13 45 41 24 50 25 21 23 29 15 12 8 
student 277: 2 17 26 19 9 37 20 5 7 41 48 44 4 29 21 36 18 38 35 27 11 25 10 30 15 16 3 47 32 6 33 34 40 43 46 49 39 1 13 45 42 31 50 24 22 23 28 14 8 12 
student 278: 11 23 30 25 8 39 12 3 5 44 50 47 7 24 22 37 21 34 36 27 10 13 9 35 16 17 1 43 33 4 31 32 46 42 45 48 38 2 15 41 40 29 49 26 20 19 28 18 14 6 
student 279: 10 26 20 28 4 36 13 5 3 45 44 48 6 25 17 34 16 35 39 24 15 22 8 32 14 19 7 47 31 1 29 38 41 43 46 49 40 2 18 42 37 33 50 27 21 23 30 12 11 9 
student 280: 12 20 31 30 5 42 19 2 9 40 44 49 7 24 18 29 21 36 27 28 13 25 10 32 16 17 3 41 37 4 35 34 39 43 48 47 45 1 14 46 38 26 50 23 22 15 33 6 11 8 
student 281: 12 25 14 26 6 43 18 2 7 45 42 47 5 28 19 41 21 38 34 30 9 22 4 31 15 13 8 50 35 3 33 32 39 48 49 46 37 1 17 40 36 29 44 24 23 20 27 16 10 11 
student 282: 11 16 28 26 9 41 15 2 5 37 46 47 3 19 24 38 22 45 31 27 8 23 6 34 20 17 13 50 33 4 29 35 36 44 42 48 40 1 10 43 39 30 49 25 21 18 32 14 12 7 
student 283: 12 22 29 23 5 36 18 1 9 42 45 43 11 20 15 32 21 38 31 28 10 25 8 33 13 16 2 49 27 7 39 35 46 41 47 40 44 4 6 48 37 30 50 26 24 19 34 17 14 3 
student 284: 11 20 25 23 4 36 13 1 6 45 43 47 8 24 18 37 17 35 38 29 10 26 9 31 16 14 2 44 34 5 32 33 49 42 46 50 40 3 12 39 41 30 48 22 28 19 27 21 15 7 
student 285: 12 19 28 21 7 36 11 5 8 46 45 47 13 26 18 31 20 39 29 23 6 24 10 32 15 17 4 48 41 2 27 35 42 44 43 49 38 1 14 40 37 34 50 30 22 25 33 16 3 9 
student 286: 19 17 32 27 9 34 14 6 3 47 41 46 7 24 16 39 20 37 36 31 12 25 2 33 15 18 4 49 29 5 28 30 40 44 45 50 38 1 11 43 42 26 48 23 21 22 35 10 13 8 
student 287: 13 20 29 24 10 36 11 3 7 44 46 47 4 23 18 35 21 40 28 26 9 27 5 32 15 8 2 48 34 6 37 33 43 41 45 50 39 1 14 42 38 30 49 22 25 19 31 17 16 12 
student 288: 2 16 36 21 6 35 11 4 5 44 47 41 9 25 19 34 22 37 28 29 14 27 8 39 13 15 3 49 32 10 30 33 42 46 45 48 38 1 17 43 40 26 50 24 23 20 31 18 7 12 
student 289: 10 21 31 22 4 34 17 6 3 46 44 50 5 25 14 32 23 38 26 29 13 28 11 37 19 16 2 49 30 9 35 40 36 43 45 47 39 1 8 42 41 33 48 24 20 18 27 12 15 7 
student 290: 8 21 27 24 4 28 13 2 20 40 45 46 6 23 19 36 26 32 42 25 11 29 7 35 17 16 1 48 33 10 34 39 41 43 47 50 38 3 18 44 37 30 49 22 14 12 31 15 9 5 
student 291: 11 15 28 22 10 37 14 8 6 45 40 44 5 23 24 34 21 39 33 26 4 27 17 35 19 18 1 49 36 3 29 41 46 43 47 48 42 2 12 30 38 31 50 25 20 16 32 13 7 9 
student 292: 15 22 25 24 8 30 17 4 6 48 43 49 9 29 18 45 19 37 31 28 13 26 12 36 2 20 3 42 27 5 33 34 41 44 39 47 35 1 7 38 46 32 50 23 21 16 40 10 14 11 
student 293: 9 25 27 26 4 35 17 3 5 47 43 49 8 23 15 44 21 45 22 29 11 20 6 31 12 19 2 48 30 7 37 34 40 46 42 39 38 1 10 41 33 28 50 32 24 18 36 14 16 13 
student 294: 6 21 25 29 8 40 15 3 11 47 43 49 7 26 20 35 19 36 30 28 13 27 10 32 17 18 4 44 34 5 31 38 37 42 45 48 46 1 2 41 39 23 50 24 22 16 33 12 14 9 
student 295: 5 16 24 37 7 31 18 9 2 45 35 47 11 26 20 39 23 42 27 25 13 38 10 36 12 17 1 49 30 6 32 34 43 44 46 48 41 4 8 40 33 28 50 21 19 22 29 15 14 3 
student 296: 8 21 30 27 9 35 18 3 7 43 46 47 15 25 13 38 26 39 31 24 11 23 5 37 12 14 2 49 33 4 32 34 44 41 45 48 40 1 10 42 36 29 50 20 22 16 28 19 17 6 
student 297: 9 20 32 25 4 37 14 3 2 39 45 46 7 26 16 44 21 42 30 28 11 27 5 24 12 18 6 47 33 8 38 31 48 41 43 49 40 1 17 35 34 29 50 23 22 19 36 15 13 10 
student 298: 5 24 26 22 10 32 15 1 6 48 38 46 7 23 20 36 19 41 29 31 13 25 8 33 17 14 3 42 30 4 28 34 43 45 47 49 40 2 16 44 39 35 50 21 27 18 37 12 11 9 
student 299: 13 20 28 24 5 36 4 8 6 43 45 48 2 25 14 39 21 38 34 26 9 27 10 33 17 16 1 46 30 7 32 37 40 47 44 49 41 3 12 42 35 31 50 23 18 22 29 19 15 11 
student 300: 9 19 27 24 7 36 12 1 3 47 43 46 6 25 18 33 20 37 29 31 11 28 10 35 14 21 4 50 32 5 30 39 42 41 48 45 40 2 13 44 38 26 49 23 22 17 34 16 15 8 
student 301: 11 19 24 28 8 36 13 1 6 43 40 50 3 27 14 37 16 41 30 15 12 18 7 29 21 26 4 49 38 5 31 34 45 44 47 46 39 2 10 42 35 33 48 32 25 23 22 17 20 9 
student 302: 13 15 31 23 7 48 12 4 6 41 45 46 19 21 11 36 17 44 33 24 16 28 8 37 18 20 2 50 27 1 32 30 38 39 47 49 43 3 10 40 35 25 42 29 22 26 34 14 9 5 
student 303: 6 20 30 26 7 37 17 5 11 42 47 49 8 22 19 46 21 39 32 24 10 25 9 33 15 18 2 50 36 3 31 35 48 41 44 45 40 1 12 34 38 27 43 29 23 16 28 13 14 4 
student 304: 9 19 24 31 7 38 12 2 1 46 42 47 3 16 18 35 26 40 30 32 11 27 10 34 22 17 5 49 29 6 37 33 39 41 44 48 36 4 14 45 43 25 50 23 21 20 28 13 15 8 
student 305: 10 26 20 30 7 39 19 1 6 48 41 49 4 15 25 36 23 40 27 31 11 18 9 32 14 17 2 46 34 5 35 38 44 37 43 47 42 3 12 45 33 24 50 28 29 22 21 16 13 8 
student 306: 8 24 29 27 13 37 14 1 7 50 44 48 5 19 23 36 17 43 26 33 9 28 6 38 18 15 2 49 34 3 32 30 41 46 40 45 39 4 10 42 35 25 47 20 22 16 31 21 11 12 
student 307: 3 23 35 29 12 32 9 7 8 41 42 45 6 26 16 38 25 36 28 22 10 20 15 34 19 17 5 48 37 2 33 31 43 47 44 46 39 4 11 50 40 24 49 27 21 18 30 14 13 1 
student 308: 6 25 35 26 9 38 13 3 8 45 44 48 4 21 10 39 17 32 28 29 7 24 12 36 18 15 5 50 34 2 30 33 43 40 49 42 41 1 14 46 37 27 47 23 22 19 31 20 16 11 
student 309: 9 20 26 30 4 35 24 1 5 49 45 50 8 23 10 39 14 42 31 25 12 28 11 38 15 18 3 46 29 7 34 33 41 40 37 47 44 2 16 43 36 27 48 22 21 19 32 17 13 6 
student 310: 10 18 28 25 8 38 14 4 11 45 36 49 1 20 17 40 21 39 33 26 5 27 2 31 15 16 6 48 35 7 37 30 41 43 47 50 44 3 13 42 34 29 46 19 24 22 32 23 12 9 
student 311: 10 22 31 29 6 36 13 1 7 43 42 48 2 25 19 34 21 41 30 24 11 27 9 37 15 14 5 47 28 4 33 38 40 45 46 49 39 3 17 44 35 32 50 23 20 16 26 18 12 8 
student 312: 14 19 24 17 4 39 18 2 7 40 46 48 6 26 15 34 23 37 27 31 5 29 9 33 13 16 1 47 35 8 30 36 42 44 45 49 41 3 12 43 38 22 50 28 25 20 32 11 21 10 
student 313: 8 18 33 31 10 42 13 1 5 43 37 46 9 25 15 30 19 44 26 23 14 21 11 36 24 16 3 48 34 4 28 35 38 45 47 50 39 2 7 41 40 29 49 22 27 20 32 17 12 6 
student 314: 9 18 29 26 6 40 13 2 7 42 38 48 3 24 19 41 14 34 33 30 22 27 8 37 17 20 4 47 32 5 31 35 45 43 50 46 44 1 11 39 28 23 49 21 15 25 36 16 12 10 
student 315: 15 20 31 25 7 33 13 4 5 47 41 45 1 28 18 36 17 39 29 27 11 22 6 38 14 21 8 49 34 3 30 48 40 43 44 46 37 2 9 42 32 26 50 24 23 19 35 16 12 10 
student 316: 8 19 28 25 4 40 14 11 3 46 42 49 2 20 16 35 21 39 31 26 5 27 12 33 15 18 9 48 34 1 30 36 41 45 47 43 37 7 13 44 38 29 50 23 22 24 32 17 10 6 
student 317: 13 15 31 25 7 38 12 4 2 45 43 44 6 27 17 33 21 40 28 23 14 26 10 37 19 18 3 50 35 5 32 34 39 42 47 48 41 1 11 46 36 29 49 22 24 20 30 16 9 8 
student 318: 12 13 25 26 8 36 11 3 5 42 39 43 6 24 19 35 18 37 30 29 10 31 7 34 14 21 2 50 32 4 33 40 48 44 49 47 38 1 15 41 45 27 46 20 23 22 28 17 16 9 
student 319: 15 20 35 24 2 38 16 7 10 47 43 50 4 25 17 33 18 39 27 28 9 26 5 37 13 19 6 45 34 3 29 31 36 41 48 46 40 1 11 44 42 32 49 23 22 21 30 14 12 8 
student 320: 8 21 23 27 14 38 24 7 1 43 45 37 5 18 9 40 15 42 30 22 12 29 2 36 13 26 4 48 31 3 33 32 39 46 49 50 35 6 11 44 41 28 47 17 25 20 34 19 16 10 
student 321: 10 17 26 25 6 41 20 1 4 45 39 46 5 27 9 40 21 34 33 23 13 31 12 37 15 22 7 50 30 3 32 36 38 44 47 48 42 2 11 43 35 28 49 24 19 16 29 18 14 8 
student 322: 10 17 24 33 2 28 14 3 9 44 41 50 7 26 19 34 20 36 27 29 12 30 8 35 18 23 1 46 38 4 32 40 42 43 48 47 45 5 11 39 37 25 49 22 21 16 31 15 13 6 
student 323: 11 23 29 26 5 36 13 4 1 42 43 47 8 25 20 37 22 39 27 28 12 21 10 35 18 14 7 50 33 3 31 34 45 41 46 48 40 2 15 44 38 30 49 24 19 17 32 9 16 6 
student 324: 10 21 26 23 7 40 11 4 9 46 48 45 6 27 17 39 20 36 24 38 14 28 12 37 5 22 3 47 32 1 34 30 35 44 42 50 41 2 13 43 33 31 49 25 16 19 29 18 15 8 
student 325: 12 20 29 26 11 36 8 3 6 40 45 47 10 24 15 35 21 41 33 28 9 25 7 30 14 18 4 49 34 2 32 38 46 39 43 48 42 1 13 44 37 27 50 22 23 19 31 16 17 5 
student 326: 2 22 18 28 7 37 16 4 11 47 48 41 14 25 15 31 24 46 26 32 6 29 8 33 20 19 3 50 34 5 27 36 44 39 40 43 42 1 13 45 38 35 49 23 21 17 30 12 10 9 
student 327: 6 22 30 25 3 37 15 2 13 47 45 46 4 24 12 36 21 40 29 28 11 16 9 39 20 23 5 50 35 7 32 33 34 43 44 49 42 1 14 41 38 27 48 26 19 18 31 17 10 8 
student 328: 10 24 27 28 7 37 17 8 5 50 43 48 1 22 15 36 19 39 31 26 9 23 6 34 11 18 4 45 32 2 33 35 42 47 44 49 40 3 12 41 38 30 46 25 20 21 29 14 16 13 
student 329: 10 20 28 27 1 38 11 3 8 46 45 43 5 24 19 33 22 41 32 23 14 25 9 34 13 16 2 50 30 4 37 35 36 44 49 47 40 7 12 42 39 29 48 21 26 18 31 15 17 6 
student 330: 13 18 27 24 6 41 26 5 7 47 37 45 4 25 11 29 22 38 36 28 15 21 8 32 17 14 2 48 31 3 35 39 40 43 46 50 33 1 10 44 42 30 49 19 23 16 34 12 20 9 
student 331: 8 20 30 25 9 37 19 1 7 45 47 48 5 17 15 36 24 38 33 28 4 22 11 31 14 21 3 50 29 6 27 39 42 43 40 49 41 2 12 46 32 35 44 26 23 18 34 16 13 10 
student 332: 12 20 27 25 16 36 15 5 6 46 44 40 3 17 14 35 21 38 26 30 7 23 9 33 4 19 10 48 37 1 28 34 39 45 47 50 43 2 8 42 41 31 49 24 22 29 32 18 13 11 
student 333: 11 19 41 26 5 34 10 2 4 46 44 43 7 24 12 38 25 36 35 29 14 27 9 28 15 18 3 48 32 6 30 33 42 45 49 47 37 1 13 39 40 23 50 21 20 17 31 22 16 8 
student 334: 6 18 25 23 9 38 15 3 7 44 47 49 2 22 20 40 21 39 31 26 14 24 11 29 13 19 5 42 34 4 27 35 41 45 43 50 37 1 8 48 36 30 46 32 28 17 33 16 12 10 
student 335: 14 20 31 25 13 41 8 3 1 45 46 47 4 22 18 36 17 40 34 30 16 26 10 37 19 21 5 50 35 6 32 29 38 33 48 43 44 2 9 42 39 27 49 24 23 12 28 11 15 7 
student 336: 11 19 21 33 9 41 14 4 2 43 48 50 15 25 16 35 18 32 27 31 8 26 5 34 12 20 3 47 30 7 28 39 38 46 49 45 42 1 13 36 37 29 44 24 23 17 40 22 10 6 
student 337: 5 22 28 26 6 40 19 3 7 43 41 44 14 25 13 34 23 36 31 27 10 30 9 38 8 21 2 48 37 4 35 32 39 45 47 46 42 1 12 49 29 24 50 20 18 16 33 17 15 11 
student 338: 11 23 26 36 2 32 14 7 5 47 41 46 6 27 19 35 20 43 28 25 8 21 12 30 16 13 1 50 38 4 33 34 39 44 45 49 37 3 10 42 40 31 48 22 18 24 29 15 17 9 
student 339: 11 10 26 25 1 30 13 4 8 43 46 50 3 15 18 35 20 36 27 31 12 28 19 38 21 22 2 47 33 7 39 29 42 45 48 44 40 5 9 41 37 34 49 24 23 17 32 14 16 6 
student 340: 10 23 33 32 4 34 12 1 6 44 47 48 5 20 18 26 22 39 29 25 7 27 11 31 15 19 8 50 38 14 30 40 41 43 46 45 36 3 13 42 35 28 49 24 17 21 37 16 9 2 
student 341: 11 18 33 31 6 38 9 2 7 45 44 46 1 24 14 32 26 39 28 25 13 22 12 37 16 19 4 48 35 5 27 36 40 43 49 50 42 3 10 41 30 29 47 20 23 21 34 17 15 8 
student 342: 11 20 22 24 7 37 16 5 8 44 46 39 9 23 14 33 21 32 27 30 15 25 6 28 3 18 2 49 38 4 41 34 40 43 48 45 47 1 13 42 35 31 50 29 26 19 36 17 12 10 
student 343: 8 19 18 29 5 48 12 1 4 45 44 46 10 28 16 31 25 40 30 32 14 26 9 37 15 20 2 49 34 6 33 35 42 39 43 50 41 3 13 38 36 27 47 23 24 21 22 17 11 7 
student 344: 8 21 28 25 6 30 14 2 7 44 31 46 1 24 18 42 20 33 26 32 10 27 12 39 19 17 3 50 38 4 34 48 36 43 45 47 40 5 13 41 35 29 49 23 22 11 37 15 16 9 
student 345: 9 20 27 29 7 35 13 3 6 49 45 46 5 26 16 33 24 38 28 25 11 32 8 30 23 17 1 50 36 4 34 39 41 43 37 48 42 2 14 44 40 21 47 22 19 18 31 15 12 10 
student 346: 5 15 26 32 3 35 13 2 8 41 45 49 7 23 17 36 27 38 34 28 16 24 11 31 21 18 6 48 30 4 37 33 43 44 47 42 40 1 9 46 39 25 50 22 19 20 29 14 12 10 
student 347: 14 17 28 27 3 34 20 8 4 43 35 46 5 23 12 36 26 44 29 24 10 25 9 32 21 13 2 50 41 7 31 39 40 48 49 42 37 1 6 45 38 30 47 22 19 16 33 18 15 11 
student 348: 9 12 23 31 7 39 13 2 6 48 46 50 5 25 18 36 14 34 30 24 15 29 10 32 17 26 3 43 37 4 35 33 41 44 45 47 38 1 11 42 40 27 49 21 20 16 28 22 19 8 
student 349: 12 19 25 23 3 38 21 2 11 42 45 44 7 22 15 37 18 40 30 31 8 28 10 36 16 20 5 50 34 1 32 35 48 43 47 46 33 4 9 41 39 26 49 24 27 17 29 13 14 6 
student 350: 9 19 23 26 7 37 12 3 6 48 44 42 13 22 17 34 24 35 31 27 5 28 10 33 14 15 2 45 32 4 29 36 41 43 46 50 38 1 16 47 40 30 49 25 21 18 39 20 11 8 
student 351: 14 22 27 28 8 35 16 2 12 44 47 42 1 25 18 36 11 41 33 43 13 26 7 31 10 19 5 49 30 4 29 32 40 46 48 50 37 6 23 34 38 17 45 20 9 21 39 24 15 3 
student 352: 14 23 28 24 10 42 16 9 2 48 47 44 6 22 15 36 21 40 30 25 12 27 7 32 13 19 5 50 38 1 34 29 41 46 35 45 39 4 8 43 37 31 49 18 26 20 33 17 11 3 
student 353: 6 22 23 25 1 36 16 7 5 44 41 47 10 29 18 31 24 38 34 32 9 26 11 37 12 15 2 49 33 3 28 35 39 46 42 48 40 4 13 45 43 30 50 21 17 20 27 19 14 8 
student 354: 2 18 25 31 11 40 20 3 6 46 45 48 4 24 21 41 15 44 27 23 9 30 19 37 12 16 5 49 33 8 32 34 39 43 47 38 42 1 10 36 35 28 50 26 22 17 29 13 14 7 
student 355: 8 19 22 27 7 39 11 3 6 49 40 45 5 31 15 35 21 37 30 29 12 25 17 38 18 13 1 50 32 4 33 34 47 48 43 46 42 2 16 41 36 24 44 26 20 14 28 23 10 9 
student 356: 11 20 28 23 3 40 15 6 5 47 44 49 10 22 17 34 21 38 29 24 8 26 7 37 12 19 4 48 31 2 32 41 36 39 45 46 42 1 16 43 33 30 50 25 27 14 35 18 13 9 
student 357: 8 17 30 26 3 36 16 4 10 46 45 42 7 25 24 38 19 39 31 34 11 29 5 32 20 18 1 50 33 6 27 41 35 44 48 49 43 2 12 37 40 23 47 22 21 15 28 13 9 14 
student 358: 14 22 28 17 3 35 19 7 5 46 45 50 4 23 20 33 18 41 31 34 10 24 8 36 16 21 2 49 37 6 26 38 44 43 47 39 40 1 11 42 29 25 48 30 15 27 32 13 12 9 
student 359: 11 22 30 20 7 36 12 1 2 45 44 48 5 21 19 38 18 40 34 27 14 23 10 28 15 17 8 50 35 4 32 33 39 43 49 46 42 3 6 41 37 29 47 26 25 24 31 16 13 9 
student 360: 10 20 23 24 9 32 7 3 4 46 44 48 8 28 13 36 22 38 27 26 11 30 6 37 16 17 1 49 35 5 34 29 39 42 50 45 41 2 12 40 43 31 47 25 21 19 33 14 18 15 
student 361: 11 25 24 22 6 37 9 2 3 48 41 50 10 26 14 33 21 34 31 28 8 27 4 35 15 19 1 49 30 5 40 36 39 45 44 46 43 7 18 38 42 29 47 23 16 20 32 17 13 12 
student 362: 8 19 34 23 5 40 16 4 6 47 42 45 3 20 15 35 29 38 37 32 14 27 13 26 11 18 1 50 33 10 30 28 44 41 46 49 39 2 9 43 36 31 48 24 12 22 25 21 17 7 
student 363: 14 19 34 29 10 27 15 3 7 46 48 50 8 18 17 36 22 37 32 24 9 28 6 31 16 21 2 49 30 4 35 39 33 47 42 44 41 1 12 43 40 23 45 25 26 20 38 11 13 5 
student 364: 8 19 31 22 7 40 9 3 6 43 45 49 5 29 16 39 15 36 33 26 10 25 11 38 12 14 2 47 32 4 30 28 37 41 46 48 42 1 18 44 35 21 50 23 24 20 34 27 13 17 
student 365: 15 13 26 29 6 36 17 7 2 45 43 47 4 19 21 32 20 38 24 25 10 27 5 35 16 18 3 49 31 12 30 37 41 48 44 50 39 1 8 42 40 28 46 23 33 22 34 11 14 9 
student 366: 8 20 17 23 6 36 12 1 5 47 44 46 3 19 14 31 21 35 33 26 9 30 13 37 18 24 2 48 39 4 29 34 38 43 45 50 42 7 10 41 40 27 49 22 25 28 32 16 15 11 
student 367: 15 25 31 21 6 33 13 4 2 43 41 47 7 19 16 37 18 36 26 28 12 22 9 38 10 20 3 48 40 5 29 45 39 35 44 49 34 1 11 46 42 30 50 23 27 17 32 24 14 8 
student 368: 10 19 27 25 11 42 17 2 8 46 48 47 9 23 18 36 21 39 32 30 14 24 7 38 6 15 1 50 31 5 34 33 37 44 40 49 43 3 13 41 35 29 45 28 22 12 26 20 16 4 
student 369: 7 22 31 26 4 40 12 3 5 39 44 47 9 24 18 38 19 36 33 21 10 28 8 32 17 30 2 48 37 6 29 34 42 46 50 45 41 1 16 43 35 27 49 23 20 14 25 15 13 11 
student 370: 11 23 40 25 10 37 21 1 3 48 46 47 6 19 15 33 18 38 26 28 12 27 9 32 17 16 2 44 35 5 29 31 41 42 45 50 34 4 14 39 43 30 49 36 20 22 24 8 13 7 
student 371: 10 18 24 26 4 37 15 7 8 46 43 47 6 23 14 33 22 39 27 30 9 29 5 42 17 16 2 48 25 3 32 35 40 41 45 50 44 1 11 38 36 31 49 28 19 21 34 20 13 12 
student 372: 13 17 27 26 11 35 22 7 2 48 45 44 9 19 6 42 23 39 31 21 12 28 8 37 16 18 3 50 32 5 33 36 34 38 40 46 47 1 10 41 43 29 49 24 25 20 30 14 15 4 
student 373: 7 13 35 23 15 31 19 4 6 47 45 48 5 28 14 37 16 38 22 29 10 25 8 33 18 17 1 49 36 2 27 40 41 44 46 43 39 3 11 42 34 30 50 24 20 21 32 26 12 9 
student 374: 14 17 26 28 6 32 10 1 8 46 44 49 5 27 19 36 23 35 33 30 9 22 7 29 16 20 2 48 37 3 31 38 41 43 45 50 42 4 12 40 39 21 47 25 13 24 34 18 15 11 
student 375: 8 14 26 28 4 37 19 3 9 44 48 33 6 23 15 39 22 38 35 27 13 21 16 34 10 17 5 50 32 1 31 36 40 42 47 49 45 2 11 43 41 30 46 20 24 25 29 18 12 7 
student 376: 12 23 25 20 6 39 16 1 5 33 43 47 4 27 17 36 21 41 34 28 11 26 9 31 18 24 8 49 37 2 32 35 40 45 46 48 38 3 14 44 42 30 50 22 19 15 29 10 13 7 
student 377: 7 22 26 27 5 35 16 4 1 47 48 42 6 23 17 34 19 40 28 29 9 24 3 36 20 15 8 49 38 12 30 31 43 39 44 41 45 2 13 46 37 32 50 21 25 18 33 14 11 10 
student 378: 9 23 28 21 6 35 16 1 4 45 44 48 11 24 17 39 19 40 29 26 10 22 5 41 13 15 8 50 33 2 27 37 36 38 49 47 42 3 7 43 34 31 46 25 20 18 32 30 12 14 
student 379: 11 21 29 24 10 38 8 3 4 49 42 50 7 25 14 35 23 37 26 28 9 27 12 32 13 20 1 47 33 2 31 34 40 45 44 46 39 6 18 41 43 30 48 22 19 16 36 15 17 5 
student 380: 11 17 31 26 4 38 13 1 8 45 46 44 3 23 21 29 22 35 32 12 18 30 7 37 14 19 6 47 36 2 33 34 41 43 50 49 40 5 15 42 39 27 48 24 20 25 28 16 10 9 
student 381: 11 18 27 22 8 35 14 4 7 45 46 47 3 24 17 40 23 38 32 28 10 30 5 36 16 20 1 49 34 6 31 33 41 43 44 48 37 2 12 42 39 26 50 25 15 19 29 21 13 9 
student 382: 10 22 28 21 6 41 19 1 4 45 49 50 3 25 16 37 18 38 34 23 11 26 8 32 14 17 2 48 29 5 31 39 42 44 47 33 36 9 13 43 40 27 46 24 20 30 35 15 12 7 
student 383: 13 26 29 28 5 37 15 4 11 47 42 49 6 23 17 35 20 40 30 27 12 25 8 36 14 18 1 48 34 7 32 33 43 45 44 46 41 2 9 38 39 24 50 22 16 21 31 10 19 3 
student 384: 10 20 26 24 8 39 17 1 6 42 48 46 4 27 13 36 25 38 33 21 7 23 9 34 18 19 2 49 31 3 32 35 41 47 44 45 43 5 15 40 37 29 50 28 16 22 30 14 11 12 
student 385: 12 21 25 27 8 41 14 3 6 44 48 47 2 26 15 39 22 33 30 28 13 24 10 36 19 20 4 49 32 5 34 37 46 38 45 43 40 1 11 42 35 29 50 18 23 16 31 7 17 9 
student 386: 8 21 32 24 4 36 12 2 7 44 50 46 5 18 15 31 22 37 34 28 10 26 6 39 16 20 1 49 30 14 29 35 42 43 47 45 38 3 11 41 40 33 48 27 25 19 23 17 13 9 
student 387: 11 20 34 26 3 36 15 5 9 43 37 48 8 25 19 35 17 42 30 28 10 23 4 33 16 21 2 47 27 7 31 38 39 40 46 49 45 1 14 41 44 29 50 24 22 12 32 18 13 6 
student 388: 14 22 37 26 9 39 11 2 6 44 48 49 8 23 13 35 21 42 27 30 10 25 12 31 17 19 4 45 34 7 33 32 40 43 47 46 38 1 3 41 36 29 50 24 18 16 28 20 15 5 
student 389: 10 23 28 26 6 37 14 4 3 48 45 50 2 22 21 36 19 38 32 25 7 27 17 34 18 13 5 47 33 1 31 35 44 46 43 49 39 9 12 42 40 29 41 24 20 16 30 15 11 8 
student 390: 8 23 34 26 10 38 15 4 9 47 43 48 5 17 19 37 25 41 36 27 7 18 13 33 1 20 6 49 31 2 35 28 42 45 44 46 32 3 11 39 40 30 50 24 21 22 29 16 14 12 
student 391: 13 24 28 23 3 36 14 7 9 48 42 46 5 22 11 38 27 41 32 20 15 25 8 33 6 17 2 50 30 1 34 37 43 44 45 49 40 10 16 39 35 29 47 26 21 12 31 19 18 4 
student 392: 5 13 26 25 3 36 18 1 8 45 40 49 6 28 19 34 22 44 37 27 11 24 10 33 17 15 2 50 32 7 31 35 39 46 41 47 43 4 16 42 38 29 48 23 21 20 30 14 12 9 
student 393: 5 18 36 26 4 42 12 2 7 45 47 48 6 23 14 38 20 37 24 27 8 28 10 35 15 17 1 50 31 9 32 33 34 39 44 49 41 3 13 43 40 29 46 25 22 19 30 16 21 11 
student 394: 7 18 28 23 13 33 16 4 9 44 45 46 6 20 19 32 24 40 29 22 5 27 8 31 15 17 2 47 35 14 37 34 39 43 48 49 41 1 10 42 36 30 50 26 25 21 38 12 11 3 
student 395: 16 22 30 23 6 40 10 2 5 48 44 49 3 26 19 39 20 36 31 34 11 29 12 33 17 21 4 47 15 7 28 35 41 43 45 50 37 1 13 42 38 32 46 25 24 18 27 9 14 8 
student 396: 10 20 33 28 11 35 15 3 7 46 44 47 5 24 16 40 22 38 29 30 12 25 13 39 18 21 1 49 32 4 34 31 26 42 48 45 43 2 8 41 37 27 50 23 19 17 36 9 14 6 
student 397: 13 19 21 28 10 35 15 1 8 45 42 47 9 26 16 38 27 36 24 33 5 20 7 23 12 17 2 46 39 6 37 32 41 44 49 48 40 3 14 43 34 31 50 29 25 18 30 22 11 4 
student 398: 10 24 30 25 8 37 14 2 6 44 39 47 7 29 21 36 23 35 26 27 9 22 12 38 15 18 5 50 33 4 32 34 40 45 46 48 42 1 13 41 43 28 49 16 19 20 31 17 11 3 
student 399: 6 19 27 22 5 41 15 2 4 44 47 45 7 23 18 35 21 38 33 26 13 25 10 34 16 24 1 49 32 9 31 36 42 48 43 46 39 3 11 40 37 29 50 28 20 17 30 14 12 8 
student 400: 13 21 23 30 5 38 6 1 7 47 43 46 3 22 20 36 26 45 29 25 9 27 12 35 15 8 2 48 32 11 34 33 39 41 42 49 37 10 14 44 40 31 50 18 19 17 28 24 16 4 
student 401: 11 18 28 29 6 39 15 4 7 44 45 41 2 23 13 46 21 38 27 25 9 26 8 33 16 17 10 48 37 1 31 32 42 40 47 49 43 5 12 36 34 35 50 20 22 19 30 24 14 3 
student 402: 9 21 29 27 10 41 13 5 4 46 45 50 8 28 18 37 19 34 25 20 7 31 11 26 14 17 2 48 24 3 36 33 44 39 43 47 42 1 12 40 38 32 49 23 30 22 35 15 16 6 
student 403: 10 17 31 26 7 34 13 4 5 42 47 48 8 27 12 41 20 36 25 32 11 24 9 33 15 22 2 50 37 3 29 40 38 43 46 45 39 1 28 44 35 30 49 14 21 19 23 16 18 6 
student 404: 11 23 26 24 10 36 13 5 3 44 46 45 6 27 18 37 15 38 28 25 12 30 8 34 16 14 4 48 33 2 31 35 39 42 47 50 43 1 9 41 40 32 49 22 19 21 29 20 17 7 
student 405: 8 26 31 30 15 38 10 4 7 50 44 48 3 20 17 42 18 39 25 24 11 27 9 36 12 16 2 49 33 6 21 34 40 43 41 45 35 1 14 47 37 32 46 23 22 19 29 28 13 5 
student 406: 5 20 27 22 4 41 12 7 1 39 46 43 11 25 18 40 17 36 31 26 21 23 13 32 15 19 2 49 34 10 33 37 42 47 48 45 38 3 8 44 35 29 50 28 24 16 30 9 14 6 
student 407: 10 22 30 20 7 32 16 3 6 49 47 46 8 21 17 36 23 40 35 26 13 28 12 39 15 25 2 45 33 4 31 29 42 38 41 48 44 1 5 43 37 24 50 19 27 14 34 18 11 9 
student 408: 14 21 27 16 3 40 17 6 7 45 41 46 2 26 20 34 35 37 28 24 12 25 9 31 13 10 4 47 33 5 36 32 39 44 43 49 38 1 15 48 42 29 50 19 22 23 30 18 11 8 
student 409: 7 19 20 27 9 39 13 3 12 41 49 44 5 24 14 36 23 40 29 30 6 22 10 35 15 17 1 48 33 4 37 31 45 46 43 50 38 2 16 42 34 26 47 21 28 25 32 18 11 8 
student 410: 4 24 28 22 6 39 18 2 7 44 45 49 3 29 13 37 17 35 26 23 8 25 11 31 21 16 5 47 33 9 32 38 41 43 48 50 42 1 12 40 34 36 46 30 19 14 27 20 10 15 
student 411: 11 21 26 27 3 37 18 2 5 48 44 46 10 24 15 34 22 42 33 31 9 23 7 32 13 20 8 49 35 4 30 43 36 40 45 47 38 1 12 39 41 28 50 19 25 17 29 16 14 6 
student 412: 11 24 25 23 4 34 10 6 8 47 48 43 2 22 17 36 21 38 31 26 13 27 5 35 14 15 1 46 39 12 32 30 40 45 49 44 41 7 16 42 37 28 50 29 18 20 33 19 9 3 
student 413: 17 20 28 23 10 37 14 3 7 46 45 47 9 18 16 38 24 39 26 25 2 27 6 31 19 22 5 50 33 4 32 34 41 44 49 48 42 1 12 43 36 30 40 29 13 21 35 15 11 8 
student 414: 11 20 24 29 8 36 10 1 5 45 46 47 6 23 16 38 22 40 28 31 13 26 9 30 14 18 4 49 33 3 34 35 37 41 43 48 44 2 17 42 39 32 50 25 21 19 27 15 12 7 
student 415: 17 16 29 23 9 37 13 5 6 50 42 48 8 24 19 35 20 36 28 26 7 27 10 40 15 21 1 47 34 3 30 33 44 45 43 49 41 2 11 39 38 31 46 25 22 18 32 14 12 4 
student 416: 10 15 29 25 5 41 17 6 8 42 48 45 3 19 9 32 23 38 31 27 11 28 7 34 14 21 1 50 26 4 30 35 37 44 46 43 47 2 13 40 39 33 49 24 22 20 36 16 18 12 
student 417: 16 22 32 25 4 30 17 1 6 45 38 44 12 21 18 33 23 34 26 31 13 28 9 37 11 15 2 50 35 3 36 39 48 43 46 47 41 8 7 42 40 27 49 24 19 20 29 10 14 5 
student 418: 7 19 24 27 6 40 15 8 5 44 45 50 3 26 17 37 16 39 33 25 10 29 11 35 14 20 2 49 34 1 30 36 42 41 47 48 38 4 12 43 32 31 46 22 18 23 28 21 13 9 
student 419: 13 19 26 25 11 33 12 1 6 46 38 43 3 22 15 40 20 39 28 27 9 30 5 36 16 17 7 47 35 2 29 32 42 41 50 48 44 4 14 45 37 34 49 24 23 21 31 18 10 8 
student 420: 12 21 28 25 5 43 7 1 10 48 46 50 6 24 13 31 16 39 30 38 8 26 9 33 19 18 3 44 32 4 29 36 42 47 45 41 35 2 11 37 40 27 49 23 22 20 34 15 14 17 
student 421: 11 19 28 25 8 41 16 6 5 42 45 46 4 24 20 38 22 36 30 27 7 26 9 31 15 18 2 47 32 1 35 34 39 40 43 49 44 3 14 48 37 29 50 17 23 21 33 12 13 10 
student 422: 7 23 24 20 3 41 14 13 8 44 49 48 6 26 19 32 25 35 31 27 9 28 2 36 12 17 1 50 33 5 39 37 40 42 45 46 34 4 11 43 38 29 47 18 22 21 30 16 15 10 
student 423: 9 21 27 25 11 36 16 5 7 40 47 48 2 22 18 34 20 39 29 28 10 26 6 33 15 17 4 50 35 3 31 41 38 43 44 49 45 1 8 42 37 30 46 24 19 23 32 12 14 13 
student 424: 12 20 28 22 9 40 10 7 5 44 43 48 4 23 17 38 21 32 36 27 11 29 3 37 15 18 2 49 25 6 39 34 45 42 46 47 41 1 13 33 31 30 50 24 26 19 35 16 14 8 
student 425: 11 20 23 26 6 37 16 2 1 46 41 47 7 25 14 31 19 39 32 28 10 30 13 29 15 18 5 48 36 4 34 43 42 40 44 50 38 3 9 45 35 27 49 21 24 22 33 17 12 8 
student 426: 11 24 31 25 7 40 12 3 4 44 41 49 5 28 22 39 26 43 32 21 14 23 9 37 13 16 2 50 34 6 33 30 38 47 46 48 36 1 18 42 35 27 45 17 19 20 29 10 15 8 
student 427: 7 18 32 23 6 36 14 3 4 49 48 43 8 28 17 35 22 37 27 29 15 25 10 31 13 20 2 45 38 9 30 34 40 44 47 50 41 1 11 42 39 26 46 24 19 21 33 16 12 5 
student 428: 12 17 31 30 6 32 11 3 8 46 43 45 5 25 15 39 19 40 33 22 20 21 7 28 14 16 4 50 26 2 35 36 41 47 44 48 38 1 10 42 37 27 49 23 24 29 34 18 13 9 
student 429: 10 22 24 29 9 31 14 1 5 42 49 44 7 25 17 38 20 36 28 26 11 33 12 30 15 6 2 50 32 3 34 45 40 39 48 46 37 4 13 43 41 27 47 23 21 18 35 19 16 8 
student 430: 11 20 26 24 7 31 13 1 3 49 44 45 5 25 14 39 21 37 33 35 12 29 9 30 17 19 6 48 32 4 28 36 42 41 50 46 38 2 10 43 40 34 47 18 22 15 27 16 23 8 
student 431: 11 19 27 22 1 39 13 4 7 38 34 42 5 24 16 32 25 44 29 18 17 26 9 37 15 14 2 48 31 6 33 36 43 40 49 47 45 3 12 46 41 28 50 21 30 20 35 23 10 8 
student 432: 3 17 27 22 9 41 15 5 8 47 39 46 6 24 18 40 19 38 31 30 10 23 11 35 16 21 4 48 34 1 29 33 42 43 44 49 37 2 7 45 36 28 50 20 26 25 32 14 13 12 
student 433: 7 18 30 25 9 36 14 3 2 45 44 48 8 23 17 37 21 39 29 46 12 27 11 28 15 20 1 49 31 5 33 32 43 42 40 47 35 4 10 41 38 24 50 26 22 19 34 16 13 6 
student 434: 9 23 24 28 2 40 16 8 10 45 42 46 5 26 14 34 20 37 27 30 11 25 7 33 17 19 1 49 32 3 35 39 41 43 48 47 44 4 12 38 36 29 50 22 18 21 31 15 13 6 
student 435: 11 22 33 25 5 35 12 3 9 46 37 48 6 15 18 32 21 36 30 26 8 28 17 39 19 16 1 50 42 4 34 31 44 43 47 41 40 2 10 45 38 23 49 27 24 20 29 13 14 7 
student 436: 9 21 28 27 8 36 11 1 5 43 48 45 4 23 16 38 19 41 31 26 10 25 7 35 14 18 3 47 34 12 33 32 39 40 46 49 37 2 13 42 44 29 50 24 22 20 30 17 15 6 
student 437: 6 21 30 26 9 41 14 5 2 49 43 45 4 20 22 35 18 37 31 27 11 25 3 32 13 16 7 48 34 10 36 39 33 47 44 46 38 1 19 40 42 29 50 24 23 17 28 15 12 8 
student 438: 16 27 30 29 7 35 17 1 6 44 42 48 5 26 18 45 21 38 31 25 14 23 8 28 12 15 4 46 33 3 39 34 41 47 40 49 36 2 9 43 37 24 50 19 22 20 32 13 11 10 
student 439: 11 22 29 20 7 40 14 4 5 45 41 48 1 24 15 37 28 43 32 30 8 27 10 33 17 18 3 47 35 9 31 34 38 42 46 49 36 2 13 44 39 21 50 26 23 16 25 19 12 6 
student 440: 6 17 34 21 5 38 12 4 8 49 43 45 9 25 16 33 24 40 41 29 14 19 7 28 22 20 3 47 31 2 32 35 37 46 44 50 36 1 13 42 39 26 48 18 30 23 27 15 11 10 
student 441: 9 20 37 27 4 40 16 1 7 45 46 36 6 29 18 31 22 42 32 21 11 26 15 38 12 19 5 50 33 2 28 34 41 44 47 48 39 3 8 43 35 30 49 23 24 17 25 14 13 10 
student 442: 13 21 26 25 9 35 17 5 2 46 42 47 10 34 19 29 20 38 30 31 11 24 4 27 12 16 3 45 41 6 32 28 39 43 48 49 40 1 14 44 36 33 50 22 18 23 37 15 7 8 
student 443: 10 23 37 21 8 34 12 7 1 50 43 41 4 20 19 30 18 39 28 27 9 32 11 44 14 26 3 48 29 2 36 33 45 40 42 47 35 6 15 46 38 22 49 24 25 17 31 16 13 5 
student 444: 12 21 30 24 4 37 13 1 5 45 44 42 3 26 15 34 20 43 28 29 10 25 11 38 16 22 7 48 33 2 35 36 39 41 47 50 40 6 17 46 31 32 49 23 19 18 27 8 14 9 
student 445: 12 20 26 24 7 39 19 1 5 43 42 44 6 23 15 35 25 38 31 28 11 27 8 33 13 17 3 41 34 10 32 36 40 48 46 50 49 4 22 47 37 30 45 29 18 16 21 14 9 2 
student 446: 6 19 30 26 9 34 17 2 8 38 46 48 5 27 15 37 21 36 33 20 12 28 7 31 16 10 4 44 29 3 35 39 47 43 45 49 40 1 13 41 42 25 50 23 24 22 32 18 14 11 
student 447: 9 30 25 24 6 41 11 1 22 46 44 47 3 23 15 38 12 37 28 33 10 26 5 31 13 19 4 49 36 8 29 35 39 43 48 45 40 2 14 42 34 27 50 21 17 20 32 18 16 7 
student 448: 9 20 26 29 7 36 6 3 10 44 50 47 5 22 17 34 21 43 30 25 11 24 8 27 16 19 1 49 37 4 35 40 45 39 41 48 38 2 15 42 33 31 46 23 28 18 32 14 12 13 
student 449: 10 20 31 27 6 33 7 5 4 49 43 47 3 24 21 35 22 38 30 25 9 26 16 36 13 19 11 46 34 1 32 41 45 48 42 44 39 2 12 40 37 28 50 18 23 17 29 15 14 8 
student 450: 13 14 21 25 11 39 17 6 7 46 44 45 2 26 22 35 18 38 24 29 16 27 4 32 12 20 9 49 28 3 33 34 40 42 47 48 41 1 8 43 37 31 50 30 15 23 36 19 10 5 
student 451: 13 24 34 29 4 39 15 8 12 46 44 45 9 27 22 36 20 38 30 25 10 23 5 28 17 16 1 48 37 3 31 33 40 41 47 50 35 2 7 43 42 18 49 26 21 19 32 11 14 6 
student 452: 7 20 29 25 3 32 12 4 8 46 44 49 9 26 18 36 24 39 31 27 6 23 15 35 16 17 2 47 34 5 33 37 41 42 48 50 40 1 10 38 43 30 45 21 22 19 28 13 14 11 
student 453: 19 18 28 30 11 34 14 2 6 48 46 45 4 24 20 41 23 39 35 25 7 26 9 32 12 15 3 49 29 5 31 37 40 43 42 47 38 1 13 44 33 22 50 21 27 16 36 17 10 8 
student 454: 11 18 31 26 7 37 14 1 9 45 48 43 4 24 21 33 22 41 28 23 5 27 10 35 15 20 6 44 34 2 32 39 42 47 49 50 38 3 12 40 36 30 46 25 17 19 29 16 13 8 
student 455: 13 10 29 26 11 37 1 5 4 49 38 43 9 24 19 33 18 36 45 23 12 28 8 34 16 22 3 47 35 6 32 31 42 41 46 48 40 2 14 44 39 30 50 25 20 21 27 17 15 7 
student 456: 10 15 34 25 5 41 17 3 7 48 49 47 6 24 16 37 22 44 23 27 12 29 11 35 19 21 1 50 31 4 28 39 45 40 46 42 38 2 9 33 32 36 43 20 26 18 30 13 14 8 
student 457: 9 24 32 22 7 41 10 5 4 42 44 47 3 23 20 29 14 45 33 27 13 19 12 34 18 17 2 46 35 8 31 37 43 39 50 48 40 1 11 38 36 26 49 28 25 21 30 16 15 6 
student 458: 10 20 30 27 8 34 12 3 5 48 44 43 13 24 16 33 23 39 31 22 11 28 6 35 14 19 7 50 32 1 45 36 41 42 49 46 38 2 9 40 37 26 47 21 25 18 29 17 15 4 
student 459: 6 24 27 28 5 35 14 7 8 48 42 45 3 26 21 38 19 36 34 25 9 22 11 33 16 15 2 49 31 4 30 37 40 41 46 47 44 1 12 43 39 32 50 20 23 18 29 17 10 13 
student 460: 15 22 31 27 2 33 17 4 6 47 45 50 5 20 16 41 19 36 28 26 13 21 8 29 12 18 9 49 35 3 40 32 39 46 38 43 37 1 10 42 44 34 48 30 24 23 25 11 14 7 
student 461: 8 22 30 25 11 37 13 4 6 46 49 50 5 24 17 32 20 38 27 28 10 21 9 39 15 19 1 47 42 3 29 33 35 43 40 45 36 2 14 41 44 34 48 23 26 18 31 16 12 7 
student 462: 9 15 30 24 8 42 13 3 4 45 43 46 2 23 11 35 20 36 28 27 5 26 17 41 21 18 1 49 33 7 34 29 38 44 47 48 37 6 14 39 40 31 50 25 22 19 32 10 16 12 
student 463: 13 20 31 23 11 36 17 1 9 44 47 46 5 18 19 40 24 38 37 27 7 22 12 29 14 16 2 48 34 4 30 33 43 42 41 49 39 3 8 45 35 28 50 26 21 25 32 15 10 6 
student 464: 10 16 30 26 7 40 15 4 6 45 44 48 5 21 19 38 23 36 31 25 11 24 8 35 9 18 2 50 29 3 39 32 43 37 46 47 41 1 13 42 34 28 49 22 20 27 33 14 17 12 
student 465: 12 17 25 30 3 36 14 7 4 48 44 45 6 23 15 33 21 39 31 28 9 24 11 32 16 20 1 49 37 5 27 34 38 42 47 50 40 2 10 43 41 29 46 22 26 19 35 18 13 8 
student 466: 9 17 30 21 8 47 11 7 3 41 49 50 4 29 19 36 22 37 34 26 12 32 10 33 15 18 6 39 28 2 27 44 42 35 46 48 43 1 13 38 45 25 40 24 23 20 31 14 16 5 
student 467: 1 21 23 28 7 34 14 4 9 44 45 50 6 22 18 37 19 41 29 33 8 26 11 31 12 20 3 49 32 13 39 40 35 46 43 48 38 5 17 42 36 24 47 25 27 16 30 15 10 2 
student 468: 8 20 27 21 6 37 14 3 7 44 46 49 5 26 16 34 11 38 31 29 13 24 9 35 10 17 1 43 33 2 32 40 42 45 48 50 36 4 15 41 39 28 47 23 22 25 30 18 19 12 
student 469: 16 19 22 21 3 41 10 4 7 40 42 46 2 28 17 37 20 50 34 26 8 25 11 35 14 18 5 48 32 6 30 33 38 43 47 45 44 1 12 36 39 29 49 23 27 24 31 15 13 9 
student 470: 11 15 29 32 9 40 13 3 8 44 43 47 1 23 14 37 19 41 33 26 12 24 5 31 17 18 2 49 34 4 28 39 42 45 46 48 35 7 10 38 36 27 50 22 25 20 30 21 16 6 
student 471: 8 18 28 24 5 42 12 3 11 44 47 45 4 22 17 39 20 50 33 31 10 27 9 35 19 21 1 48 26 2 36 37 40 38 43 46 32 6 13 41 34 29 49 25 23 14 30 16 15 7 
student 472: 11 23 27 21 6 36 13 5 3 46 44 50 9 24 16 37 15 33 30 28 17 26 4 35 14 22 1 47 34 2 40 29 43 41 45 48 42 7 12 38 39 31 49 20 25 18 32 19 10 8 
student 473: 10 16 25 29 7 44 13 6 4 46 42 45 8 28 21 35 17 38 34 24 9 30 19 27 14 12 3 47 41 2 32 33 43 40 49 48 36 1 18 39 37 31 50 26 22 15 23 20 11 5 
student 474: 6 22 25 27 10 32 9 5 7 45 42 48 3 24 18 37 20 38 23 28 16 29 8 36 11 14 2 50 34 1 33 35 39 43 49 44 40 4 12 46 41 26 47 31 21 19 30 13 17 15 
student 475: 7 22 30 29 13 37 17 9 5 44 40 46 6 24 15 38 26 36 27 25 8 20 12 35 14 19 1 49 31 2 34 32 43 47 45 48 42 3 4 41 39 28 50 23 21 16 33 18 11 10 
student 476: 10 23 28 19 5 37 15 6 9 45 43 46 4 24 18 29 20 44 27 25 16 31 8 36 12 17 1 49 35 3 34 32 48 40 47 41 39 2 11 38 42 33 50 30 21 22 26 14 13 7 
student 477: 5 21 28 25 6 35 13 7 8 41 46 48 3 23 26 30 22 39 29 27 11 24 10 37 18 12 1 49 31 4 33 36 42 43 44 50 40 2 16 45 38 32 47 17 14 20 34 15 19 9 
student 478: 10 17 31 23 3 37 15 4 9 44 48 43 7 25 20 36 21 42 26 27 11 28 8 34 14 19 5 49 29 1 32 35 41 46 45 47 39 2 13 40 38 30 50 22 24 18 33 16 12 6 
student 479: 13 21 29 31 20 38 15 2 6 39 49 46 3 27 10 34 16 44 26 24 7 25 11 37 14 18 4 50 28 5 32 36 42 40 45 48 43 1 12 41 35 23 47 19 22 17 33 30 9 8 
student 480: 9 20 25 26 7 36 19 4 6 47 44 50 5 22 14 35 17 38 30 24 11 28 10 31 16 18 2 45 32 3 34 40 39 46 48 49 42 1 12 41 37 29 43 27 21 15 33 13 23 8 
student 481: 11 22 29 26 4 37 8 1 10 44 45 48 2 23 15 36 21 41 28 25 9 31 7 34 17 18 3 49 27 6 24 35 38 43 46 50 40 5 14 42 39 32 47 30 20 19 33 13 12 16 
student 482: 11 14 29 27 4 44 9 1 10 40 47 48 6 22 19 37 24 38 30 18 13 28 8 34 21 16 3 50 31 7 26 35 42 46 41 45 39 2 15 49 36 32 43 25 20 23 33 17 12 5 
student 483: 10 15 27 25 7 38 12 4 5 46 43 45 6 23 17 39 21 42 24 35 16 28 11 34 14 20 1 50 29 2 33 36 44 41 48 47 37 3 9 40 32 30 49 22 26 13 31 18 19 8 
student 484: 7 27 20 23 2 38 11 3 6 46 40 48 8 25 21 36 17 44 30 24 12 33 13 35 14 16 1 50 32 5 31 34 42 43 45 47 41 4 9 39 37 28 49 26 22 19 29 18 15 10 
student 485: 16 23 27 19 10 34 12 2 3 47 44 45 14 25 18 31 21 43 32 30 13 26 9 37 7 20 6 49 36 5 28 35 39 42 46 48 38 1 8 40 41 33 50 24 22 15 29 17 4 11 
student 486: 13 18 27 29 9 35 16 4 12 47 46 48 6 23 21 34 15 40 30 24 7 25 8 38 10 20 2 50 33 3 32 37 42 44 43 41 45 1 14 39 36 28 49 26 19 22 31 17 11 5 
student 487: 9 20 28 24 4 38 18 1 8 46 44 48 10 25 19 37 22 35 27 23 12 30 7 29 16 11 2 49 31 6 34 42 41 40 45 47 43 3 13 39 36 32 50 26 14 21 33 17 15 5 
student 488: 4 16 26 24 12 35 18 1 7 46 45 49 9 33 11 36 21 41 31 25 6 27 8 37 14 20 5 48 29 3 30 34 40 44 42 47 43 2 15 39 38 28 50 17 23 22 32 19 10 13 
student 489: 13 22 30 25 12 40 10 7 4 48 45 44 3 16 15 33 23 41 28 29 14 31 5 37 19 20 2 46 35 8 36 38 42 43 50 47 34 1 9 27 39 32 49 26 18 17 24 21 11 6 
student 490: 13 21 24 20 9 37 19 3 7 45 42 48 8 27 16 31 23 30 28 26 5 25 4 44 12 14 2 50 34 6 43 35 36 41 46 47 38 1 11 39 40 32 49 22 29 18 33 17 15 10 
student 491: 13 25 27 22 6 36 15 2 4 41 42 45 7 16 18 39 20 35 28 29 9 26 10 34 19 17 5 49 33 1 32 40 44 46 47 50 43 3 11 38 37 31 48 24 23 21 30 12 14 8 
student 492: 7 21 25 29 9 34 14 1 11 42 45 48 5 19 15 37 22 41 31 26 17 24 6 30 12 20 4 50 35 10 38 33 40 49 44 47 39 3 13 43 36 28 46 27 23 18 32 16 8 2 
student 493: 12 18 28 25 3 39 16 6 7 48 41 49 4 24 17 38 21 34 27 23 15 30 11 36 9 20 10 47 33 8 35 32 42 40 44 50 37 2 1 46 45 31 43 26 22 19 29 13 14 5 
student 494: 13 22 29 27 4 35 14 3 8 45 41 47 5 19 21 44 23 40 30 32 18 24 9 43 12 15 6 50 33 2 31 37 34 42 46 48 36 1 11 38 39 25 49 26 16 17 28 10 20 7 
student 495: 12 18 26 28 8 39 16 2 6 43 41 49 4 23 15 36 25 38 30 27 10 24 9 31 20 17 5 50 35 3 32 34 42 47 44 48 46 1 11 40 37 29 45 22 19 21 33 14 13 7 
student 496: 13 21 30 25 6 36 16 5 2 45 43 46 3 24 12 35 18 38 39 28 9 22 7 27 15 26 1 48 37 8 33 29 41 44 47 50 40 4 14 42 34 32 49 19 20 23 31 17 10 11 
student 497: 11 22 28 24 8 37 20 3 10 46 43 44 5 23 18 35 13 42 25 27 14 30 6 34 16 17 4 49 33 1 29 41 36 39 47 48 38 2 12 45 40 31 50 26 21 19 32 15 7 9 
student 498: 8 21 26 24 3 32 17 5 6 49 44 48 14 29 16 36 22 40 28 19 10 27 7 37 11 18 1 47 35 2 31 38 34 41 39 45 43 4 15 46 42 30 50 20 23 25 33 12 13 9 
student 499: 10 12 26 23 5 40 15 4 7 44 43 47 3 25 19 29 17 41 32 28 9 27 13 36 18 30 1 48 31 6 34 35 46 42 45 49 37 2 11 39 33 24 50 21 20 16 38 22 14 8 
