student 0: 2 3 7 15 16 8 29 45 38 42 37 49 18 33 21 20 27 1 28 10 11 47 6 26 31 35 46 4 22 34 36 43 25 13 41 5 19 44 14 30 32 17 23 39 50 24 40 9 48 12 
student 1: 7 2 8 10 13 3 30 43 42 47 38 50 22 32 19 18 27 5 26 9 12 48 6 20 33 36 45 4 21 46 28 41 25 16 34 1 29 39 15 23 40 24 35 31 44 11 37 14 49 17 
student 2: 3 2 11 5 15 4 26 38 42 47 35 39 19 29 16 18 20 1 25 12 6 49 8 27 30 33 46 7 21 40 43 45 23 17 36 14 24 48 13 41 31 28 32 37 50 22 34 10 44 9 
student 3: 6 1 5 11 12 4 26 46 41 44 42 48 10 29 14 19 31 2 24 16 9 47 8 28 21 36 45 7 22 40 34 43 23 18 35 3 25 38 13 30 37 20 27 33 49 32 39 17 50 15 
student 4: 3 8 11 5 10 6 24 46 45 41 38 43 20 25 13 21 26 4 30 9 12 50 7 27 28 35 44 1 18 37 39 42 23 14 40 2 31 49 17 34 29 22 33 32 48 19 36 16 47 15 
student 5: 5 3 7 4 16 8 25 44 37 38 45 46 23 29 18 15 20 2 24 10 12 50 6 28 26 35 48 13 19 41 33 43 21 9 40 1 30 42 17 34 36 22 31 32 49 27 39 11 47 14 
student 6: 1 2 4 15 16 7 29 45 36 42 34 48 20 31 17 18 22 5 23 10 9 50 8 26 28 41 49 6 21 38 39 44 27 11 30 3 25 40 13 35 37 24 33 32 46 19 43 14 47 12 
student 7: 3 1 7 4 12 11 28 44 36 42 38 47 24 37 17 19 22 2 27 6 8 49 9 20 26 31 48 5 18 43 35 45 25 16 33 10 29 40 13 30 41 23 32 34 46 21 39 14 50 15 
student 8: 6 1 8 7 13 3 23 47 50 41 38 44 20 31 18 16 24 5 27 9 15 49 11 33 25 40 46 4 19 39 34 42 22 12 35 2 26 43 14 32 36 21 28 30 48 29 37 17 45 10 
student 9: 1 5 6 7 11 12 26 50 39 36 37 44 20 28 18 19 25 3 24 10 8 49 14 27 30 35 46 2 21 41 33 45 23 17 42 4 40 43 9 31 34 22 29 32 48 16 38 13 47 15 
student 10: 6 3 7 4 13 11 31 48 41 39 42 45 19 33 14 16 28 2 24 17 12 44 9 29 27 36 50 8 5 40 34 46 21 20 38 1 25 49 18 30 35 26 23 32 47 22 37 15 43 10 
student 11: 7 6 4 2 13 5 25 43 42 44 38 47 20 32 17 21 27 1 24 11 12 49 10 34 29 31 50 8 19 39 40 41 23 15 35 3 26 45 16 36 28 22 30 33 48 18 37 14 46 9 
student 12: 2 1 8 6 13 7 29 45 44 43 38 46 23 25 17 18 27 3 26 10 11 47 12 28 31 42 50 4 19 37 34 40 21 16 35 5 24 41 14 30 33 22 32 36 49 20 39 9 48 15 
student 13: 7 1 6 8 11 10 30 46 43 41 38 47 17 36 18 19 25 5 24 14 13 50 12 28 31 33 44 3 16 40 29 45 22 15 37 2 26 39 21 27 32 20 34 35 49 23 42 9 48 4 
student 14: 2 5 8 6 13 7 22 48 34 42 40 44 23 29 14 20 30 4 26 12 9 50 3 24 28 36 49 1 16 41 37 46 25 10 38 11 31 43 19 33 35 21 32 39 47 18 27 17 45 15 
student 15: 3 8 9 5 20 10 28 46 39 40 37 43 18 29 16 22 25 1 24 7 14 50 12 27 30 36 49 6 17 41 33 45 19 15 47 2 23 42 4 31 35 26 32 34 48 21 38 13 44 11 
student 16: 2 4 10 8 17 5 25 40 44 41 37 42 16 29 15 18 26 1 27 11 9 48 7 24 30 34 49 3 23 47 36 45 21 20 43 6 28 39 14 32 31 19 33 35 46 22 38 12 50 13 
student 17: 4 2 9 7 13 8 24 47 39 40 41 49 21 26 12 20 22 1 28 3 14 45 10 29 30 33 48 6 15 46 36 38 23 16 43 5 35 44 17 34 32 18 25 31 50 27 37 19 42 11 
student 18: 7 1 4 5 9 6 29 40 41 45 38 48 20 30 16 25 28 2 23 8 15 49 11 22 31 36 50 13 18 42 35 43 17 14 37 3 26 46 10 32 33 21 27 34 47 24 39 19 44 12 
student 19: 6 2 7 8 9 12 29 43 37 38 41 47 21 27 16 20 30 1 22 13 5 50 10 26 28 40 45 4 19 42 35 46 25 18 39 3 24 44 11 32 36 23 31 33 48 14 34 17 49 15 
student 20: 3 2 7 4 15 10 30 43 39 42 40 48 22 27 25 13 28 1 32 5 11 50 18 17 31 36 49 8 20 41 38 44 26 16 35 6 23 45 9 33 19 21 29 34 47 24 37 12 46 14 
student 21: 1 3 4 6 17 8 29 46 38 36 35 47 27 30 15 16 28 2 24 14 10 48 12 22 33 41 49 9 19 40 37 43 23 13 39 5 25 42 21 26 34 20 31 32 50 18 45 11 44 7 
student 22: 3 1 6 4 14 11 31 40 39 44 43 47 23 29 17 18 25 2 24 7 12 50 5 28 27 34 48 8 20 35 38 46 21 15 32 9 26 41 16 37 36 22 33 30 49 19 42 13 45 10 
student 23: 1 2 5 4 18 6 23 45 37 44 42 46 17 31 11 19 28 9 29 10 14 50 7 27 25 30 47 8 21 38 39 40 32 13 41 3 20 43 12 33 35 22 26 34 49 24 36 15 48 16 
student 24: 4 3 10 8 13 6 29 41 45 44 39 43 19 27 15 17 28 2 23 7 12 49 9 24 31 40 47 5 20 30 35 46 22 14 42 1 25 38 18 34 37 21 32 33 48 26 36 16 50 11 
student 25: 9 1 7 4 8 5 26 47 31 45 40 46 19 29 25 22 27 2 17 12 14 50 6 24 35 38 44 10 18 41 34 42 28 15 39 3 21 43 11 33 36 23 30 32 49 20 37 13 48 16 
student 26: 1 6 7 16 10 5 27 47 41 45 38 43 18 32 14 19 34 3 25 17 13 46 9 24 29 36 48 4 20 44 31 49 21 11 35 2 33 42 15 26 40 23 28 30 50 22 37 12 39 8 
student 27: 3 2 7 5 12 8 30 41 44 46 37 43 19 32 17 18 27 1 23 11 10 48 9 26 25 34 49 4 21 40 31 45 24 14 36 6 28 42 16 38 33 20 35 29 50 22 39 13 47 15 
student 28: 1 2 13 11 12 9 34 39 41 44 38 45 14 31 18 19 27 4 21 6 10 49 8 29 35 36 50 3 22 40 30 42 20 16 43 7 24 47 15 25 37 26 28 33 48 23 32 5 46 17 
student 29: 3 2 1 7 20 11 27 46 41 49 42 40 21 32 17 18 26 5 23 15 13 50 6 29 30 37 47 9 14 39 33 43 25 16 38 4 24 45 10 34 28 19 36 35 48 22 31 8 44 12 
student 30: 2 1 6 4 14 11 29 46 41 43 36 45 24 37 19 13 28 3 23 9 18 50 8 33 27 35 48 12 17 40 32 44 22 15 39 5 25 42 16 31 26 20 30 38 49 21 34 7 47 10 
student 31: 7 2 9 5 16 11 30 45 44 41 39 46 20 32 18 15 24 1 26 13 10 50 6 31 33 35 47 4 12 40 27 42 21 19 37 3 22 43 17 28 34 25 29 36 49 23 38 14 48 8 
student 32: 4 3 8 6 11 10 30 47 42 44 40 49 22 34 20 17 26 1 21 23 9 46 5 24 31 28 43 2 18 39 38 48 27 15 36 7 29 41 14 25 33 19 35 37 50 16 32 13 45 12 
student 33: 5 3 6 4 15 8 28 41 42 45 38 47 21 27 16 19 25 2 24 11 10 49 9 26 29 40 48 1 18 35 33 43 23 14 34 7 30 46 17 36 37 22 31 32 50 20 39 12 44 13 
student 34: 6 1 8 12 9 13 22 41 39 42 48 46 19 32 14 17 24 2 20 10 7 50 4 29 30 38 49 5 27 36 37 43 28 18 40 3 21 45 11 31 33 26 25 35 47 23 34 16 44 15 
student 35: 7 1 8 6 11 3 28 47 41 37 40 46 21 29 17 15 26 2 25 12 10 50 9 24 20 39 48 5 19 43 36 42 27 16 33 4 30 45 18 34 35 23 32 31 49 22 38 14 44 13 
student 36: 3 2 9 7 15 10 29 48 40 43 42 47 21 33 16 19 27 1 26 11 8 46 6 28 30 36 50 4 23 38 35 45 22 13 39 5 24 44 17 25 37 20 32 31 41 18 34 14 49 12 
student 37: 6 3 5 4 11 10 28 44 45 38 40 48 15 34 16 17 25 1 24 9 14 47 12 29 27 37 42 2 21 43 35 46 26 19 36 8 20 41 18 31 32 23 33 30 49 22 39 13 50 7 
student 38: 4 2 6 8 15 7 24 47 37 39 40 48 23 32 20 18 30 1 27 11 12 49 9 28 29 33 46 3 13 42 38 45 19 16 35 5 26 41 17 31 25 22 34 36 50 21 43 10 44 14 
student 39: 6 3 8 10 5 9 29 44 46 33 39 48 22 32 20 12 23 1 27 11 16 50 7 26 30 38 45 4 21 41 36 47 25 15 34 2 18 42 19 31 37 24 35 28 49 17 40 14 43 13 
student 40: 3 1 13 5 14 6 26 47 37 43 40 42 20 29 17 18 23 2 24 11 9 49 8 30 27 34 45 4 19 41 31 48 25 15 36 7 28 44 16 35 38 21 32 39 50 22 33 12 46 10 
student 41: 3 1 4 11 6 10 31 45 36 50 44 43 23 28 20 19 30 2 25 8 14 49 9 24 22 34 47 7 27 42 38 41 12 15 39 5 26 40 13 29 35 18 32 33 48 16 37 17 46 21 
student 42: 4 1 7 6 15 18 36 44 42 41 37 48 34 30 13 20 28 3 23 9 10 45 11 26 29 39 49 5 19 25 31 46 24 8 40 2 22 43 16 27 35 17 33 32 50 21 38 12 47 14 
student 43: 1 4 6 8 13 9 26 46 41 40 36 45 20 27 19 16 25 2 21 17 11 50 5 29 28 32 48 7 18 37 33 43 23 15 44 3 31 42 14 30 39 24 38 34 49 22 35 10 47 12 
student 44: 3 1 6 8 25 2 21 43 42 45 36 46 19 26 17 14 35 5 28 9 11 50 10 30 34 39 48 4 20 40 37 44 22 15 38 7 29 41 16 27 32 24 23 31 49 18 33 13 47 12 
student 45: 3 5 2 6 14 12 29 42 41 45 40 47 26 25 22 16 27 1 20 9 15 50 8 28 31 33 43 7 17 39 32 46 18 19 37 4 24 44 11 35 30 23 34 36 49 21 38 13 48 10 
student 46: 3 2 6 7 14 8 29 42 44 45 41 43 16 31 12 19 27 1 23 10 13 50 11 26 28 35 47 4 21 36 37 48 25 18 40 5 24 39 17 30 34 20 33 32 46 22 38 9 49 15 
student 47: 10 5 18 4 9 2 29 45 39 36 35 46 24 30 14 16 28 1 32 11 8 50 6 27 23 38 47 3 19 37 33 42 22 15 43 12 26 44 17 34 41 21 25 31 49 20 40 13 48 7 
student 48: 4 1 8 5 13 18 19 47 36 44 38 41 20 29 15 14 33 3 27 12 9 49 7 26 24 34 50 6 22 42 39 43 21 11 40 2 28 45 17 32 30 25 35 31 48 23 37 16 46 10 
student 49: 3 1 11 4 8 9 30 45 43 40 42 46 19 34 15 17 24 2 27 5 13 50 12 21 31 39 48 6 20 38 35 47 22 23 26 7 28 41 16 29 37 25 32 33 49 14 36 10 44 18 
student 50: 5 1 8 12 4 6 30 41 35 44 40 45 18 32 17 11 26 3 21 15 10 49 9 29 31 37 48 2 24 43 34 46 25 23 36 7 20 42 19 33 28 16 27 39 47 22 38 13 50 14 
student 51: 2 5 10 7 29 6 26 45 38 42 41 46 18 23 14 15 28 1 24 8 9 47 20 22 27 34 50 4 16 43 37 33 21 17 39 3 30 44 11 35 31 19 32 36 48 25 40 13 49 12 
student 52: 6 3 7 5 14 12 30 39 40 44 37 48 24 31 19 21 20 1 42 10 8 47 2 26 28 36 43 4 15 41 32 46 27 13 38 11 22 45 17 34 33 25 23 29 50 16 35 18 49 9 
student 53: 5 4 11 7 12 2 31 46 41 45 39 47 14 30 23 16 26 1 22 8 13 50 9 25 29 35 44 6 18 40 37 43 19 15 38 3 28 42 17 34 32 21 24 36 49 27 33 20 48 10 
student 54: 5 4 6 13 11 8 28 50 41 42 35 46 16 30 20 19 17 1 23 2 12 44 10 24 26 37 49 7 21 38 32 43 27 18 33 3 29 45 9 36 40 25 31 34 47 22 39 15 48 14 
student 55: 1 4 5 7 14 8 27 46 37 42 40 50 20 33 22 19 24 2 29 15 9 48 10 31 26 39 49 6 18 35 36 38 23 17 43 3 25 41 13 32 34 21 28 30 47 11 44 16 45 12 
student 56: 3 4 9 10 15 14 19 48 41 42 38 49 17 30 18 23 27 1 25 13 2 46 12 29 34 32 50 8 20 39 36 43 24 21 40 5 22 44 11 28 35 26 31 33 45 16 37 7 47 6 
student 57: 1 2 7 4 16 8 30 47 48 41 35 46 23 32 15 19 24 3 21 12 6 50 9 25 26 36 45 5 17 44 34 43 20 18 40 13 28 37 14 33 38 29 27 31 49 22 39 11 42 10 
student 58: 6 3 7 9 11 2 33 44 37 45 39 46 23 26 17 18 32 1 19 8 15 48 14 27 29 38 49 4 21 36 42 41 25 12 31 5 22 43 13 28 35 20 34 30 50 24 40 16 47 10 
student 59: 2 6 5 3 11 8 25 47 42 38 41 49 16 31 13 20 21 1 23 9 19 45 10 24 28 36 40 4 15 43 34 48 26 14 39 7 30 44 18 33 37 27 29 32 46 22 35 17 50 12 
student 60: 2 5 3 10 6 8 31 46 42 43 41 45 21 29 17 18 25 1 23 13 12 49 9 33 26 35 50 4 20 38 40 44 24 15 30 7 28 39 16 36 34 22 27 32 48 19 37 14 47 11 
student 61: 3 1 7 6 20 8 29 38 48 45 42 44 13 26 11 16 32 2 22 10 15 47 9 24 30 41 46 4 18 40 36 43 23 14 39 5 25 37 19 34 33 27 31 28 50 21 35 17 49 12 
student 62: 2 3 7 5 16 12 26 47 43 39 40 41 18 24 15 22 25 1 19 9 8 49 10 29 31 36 50 4 13 42 35 46 21 20 37 6 30 45 14 33 34 27 28 32 44 23 38 17 48 11 
student 63: 7 1 15 2 10 4 20 47 39 42 37 46 17 35 16 13 24 3 21 9 8 45 12 30 29 40 50 6 28 43 33 44 22 18 38 5 26 41 14 36 32 19 31 27 49 25 34 11 48 23 
student 64: 4 1 9 5 13 7 33 47 44 38 41 46 21 42 19 12 30 2 18 8 10 48 11 26 27 34 50 6 15 37 36 45 24 17 39 3 25 43 16 32 31 22 28 29 49 20 35 14 40 23 
student 65: 1 3 6 7 11 9 26 47 43 41 39 42 20 33 16 17 30 2 25 12 15 48 8 28 31 38 49 5 19 40 37 46 24 18 35 4 23 44 14 34 36 22 29 32 50 21 27 13 45 10 
student 66: 2 3 7 4 11 8 28 40 43 41 36 47 21 31 19 15 25 1 26 9 14 50 10 27 29 37 48 5 17 42 34 46 22 13 39 6 23 44 18 32 35 24 30 33 49 20 38 16 45 12 
student 67: 7 3 8 5 20 1 27 46 43 41 37 45 18 38 14 16 28 2 22 11 9 49 10 21 30 33 42 6 15 40 31 35 25 17 34 4 26 44 12 32 47 19 29 36 50 23 39 13 48 24 
student 68: 1 2 7 11 15 9 31 45 40 39 37 47 19 29 12 21 25 3 24 8 6 49 10 28 30 35 50 4 18 41 32 46 20 14 38 5 26 43 17 36 33 23 27 34 48 22 42 16 44 13 
student 69: 4 1 11 6 7 10 28 41 40 43 42 48 24 31 18 15 27 3 23 13 8 49 17 29 26 34 45 5 19 44 37 38 35 16 30 2 21 47 9 33 36 20 32 22 46 25 39 12 50 14 
student 70: 4 5 8 7 10 2 31 46 40 36 45 47 20 30 14 17 24 3 23 15 16 49 9 26 28 38 44 1 22 35 34 43 21 18 39 6 27 42 13 32 41 25 29 33 50 19 37 12 48 11 
student 71: 8 6 5 3 11 7 29 46 41 42 38 49 23 28 17 19 20 1 22 10 14 50 9 30 32 31 48 2 18 40 37 43 26 13 36 4 21 45 16 27 35 24 34 33 44 25 39 15 47 12 
student 72: 6 1 8 3 12 14 35 47 40 42 44 46 18 29 16 21 15 4 28 9 7 49 10 24 25 32 43 2 27 36 33 45 19 20 39 5 26 41 17 30 38 22 31 34 48 23 37 11 50 13 
student 73: 5 1 9 7 13 8 28 48 44 45 34 43 21 27 15 19 32 4 23 10 14 42 6 35 24 31 47 3 20 38 40 39 26 17 41 2 25 46 16 30 36 18 29 33 50 22 37 11 49 12 
student 74: 3 11 6 5 12 8 31 45 40 42 39 47 22 34 15 20 26 2 18 7 9 49 10 28 30 29 50 4 19 36 37 46 25 23 38 1 24 43 14 32 33 16 27 35 44 21 41 17 48 13 
student 75: 2 3 7 4 14 8 32 49 46 43 40 45 17 34 19 20 22 5 27 10 12 48 9 28 25 33 42 6 18 39 38 44 23 16 37 1 26 41 15 30 31 21 29 35 50 24 36 11 47 13 
student 76: 1 2 4 8 13 17 16 45 37 43 35 47 25 22 19 23 28 3 29 11 14 49 7 31 32 40 46 5 18 42 41 38 24 12 39 9 21 44 15 30 27 26 33 36 50 20 34 10 48 6 
student 77: 2 1 9 3 6 11 29 46 40 43 41 45 21 25 17 14 30 8 28 10 15 49 7 26 32 34 48 4 20 39 37 42 22 19 35 5 24 44 18 36 33 23 27 31 50 16 38 12 47 13 
student 78: 4 3 6 7 16 8 21 43 42 40 41 50 19 31 11 18 28 2 22 15 12 49 9 32 24 38 44 5 20 39 35 46 27 17 36 1 26 45 10 30 34 25 29 33 47 23 37 13 48 14 
student 79: 4 2 10 8 17 3 29 50 40 47 33 44 21 31 16 24 27 1 19 9 14 49 7 22 26 32 46 5 11 45 38 36 30 20 34 6 23 43 18 39 37 25 35 28 48 15 42 12 41 13 
student 80: 7 2 12 6 16 9 29 45 42 44 37 48 20 32 13 22 30 5 25 1 15 49 8 27 26 33 50 4 18 41 31 43 24 14 36 3 21 40 11 35 34 23 28 38 46 17 39 19 47 10 
student 81: 6 2 5 8 12 9 28 45 38 40 41 47 20 30 17 18 25 3 24 7 11 48 10 26 29 39 50 4 21 42 33 46 27 16 34 1 23 43 15 31 36 19 32 35 49 22 37 13 44 14 
student 82: 3 1 4 11 14 5 24 49 42 50 38 48 20 30 15 13 25 2 28 12 8 47 7 31 27 36 45 6 18 40 37 41 26 17 39 10 23 44 19 32 35 22 34 29 46 21 33 16 43 9 
student 83: 9 10 5 4 14 8 27 48 43 40 37 42 19 30 17 18 29 1 25 7 11 46 6 26 28 31 49 3 21 47 36 44 23 16 39 2 22 41 15 33 34 20 32 35 50 24 38 12 45 13 
student 84: 7 5 6 8 12 11 29 48 40 42 31 43 16 28 21 22 26 2 23 10 9 50 13 25 35 38 45 4 20 37 33 44 24 1 41 3 27 46 15 39 36 19 32 30 47 18 34 14 49 17 
student 85: 4 1 3 10 13 7 27 37 39 43 41 47 18 30 14 15 24 5 26 8 12 50 11 23 28 31 49 2 25 44 35 45 29 19 40 6 21 46 9 36 33 20 34 32 42 22 38 17 48 16 
student 86: 3 1 7 5 12 8 26 48 40 42 34 45 21 32 17 20 28 4 24 11 9 50 10 25 27 35 47 6 19 39 36 41 29 16 38 2 22 44 14 33 31 18 30 37 49 23 43 15 46 13 
student 87: 8 3 9 6 13 10 30 47 44 42 39 50 23 32 18 16 21 2 25 7 11 49 5 27 29 36 48 1 19 35 38 45 26 14 41 4 15 43 22 33 28 20 31 34 40 24 37 12 46 17 
student 88: 9 7 4 8 15 1 30 41 37 46 38 49 14 31 20 27 25 2 22 5 10 45 12 26 28 36 48 3 18 40 34 43 21 16 32 6 19 44 13 42 39 23 29 33 50 24 35 11 47 17 
student 89: 2 1 3 11 14 7 25 48 38 41 46 43 12 33 16 21 28 5 27 13 10 50 8 24 30 36 47 6 26 37 35 39 23 20 40 4 22 42 18 31 44 17 29 32 49 19 34 15 45 9 
student 90: 1 2 5 10 11 7 31 39 32 41 42 46 20 22 23 19 28 4 27 6 9 50 12 30 34 36 47 8 14 45 29 43 24 17 37 3 26 48 16 25 38 21 35 40 49 18 33 13 44 15 
student 91: 4 6 8 7 13 5 26 46 38 42 39 48 17 31 23 18 25 1 22 12 9 50 10 27 28 37 49 2 21 40 35 44 24 16 41 3 19 43 14 29 34 30 32 33 47 20 36 15 45 11 
student 92: 1 2 10 3 13 11 27 49 44 40 35 46 8 30 23 15 21 6 26 16 9 47 7 28 29 36 48 5 25 37 33 43 24 19 38 4 22 42 17 31 34 20 32 41 50 18 39 14 45 12 
student 93: 1 5 8 6 20 7 24 44 40 39 42 48 18 28 13 17 23 4 26 10 11 43 9 29 27 35 47 3 19 41 34 46 21 15 37 2 25 45 14 38 32 33 30 31 50 22 36 16 49 12 
student 94: 4 3 9 1 6 7 29 49 39 40 42 43 15 28 23 16 27 2 25 11 19 48 10 32 31 34 50 5 14 36 37 46 22 18 47 8 24 38 17 30 41 21 26 33 44 20 35 12 45 13 
student 95: 2 4 6 5 13 8 40 48 43 41 37 44 23 29 16 11 26 1 21 12 14 50 10 28 25 33 45 17 15 38 35 47 27 20 39 3 19 42 18 30 32 24 34 31 49 22 36 9 46 7 
student 96: 2 1 10 7 9 6 24 43 41 42 37 46 22 29 16 18 30 3 20 8 11 48 12 31 28 39 50 4 26 40 35 47 25 17 38 5 23 44 19 32 33 13 27 34 49 21 36 15 45 14 
student 97: 2 5 9 7 19 8 25 45 38 42 37 49 18 28 11 17 23 4 26 1 14 50 13 27 29 40 48 3 21 41 33 43 31 15 36 6 20 44 12 32 30 22 34 35 47 24 39 10 46 16 
student 98: 2 3 7 6 16 9 28 44 43 41 38 48 23 34 18 22 26 1 25 11 10 50 8 27 31 35 49 5 21 45 30 40 13 15 37 4 20 42 17 29 32 24 33 39 46 19 36 12 47 14 
student 99: 1 4 9 3 18 11 28 46 40 42 38 49 19 36 14 17 29 2 23 6 12 48 10 30 32 35 47 8 22 41 24 45 21 16 37 5 27 44 13 33 34 20 26 31 50 25 39 15 43 7 
student 100: 4 1 8 2 13 11 31 45 40 42 38 44 22 32 19 21 26 6 20 12 10 48 9 24 25 36 50 3 17 41 35 46 23 7 37 5 29 43 16 33 34 27 28 30 49 18 39 15 47 14 
student 101: 1 4 5 12 16 9 31 43 45 42 37 46 17 30 19 8 26 6 28 10 11 50 7 29 25 34 47 2 23 40 27 39 24 18 44 3 22 41 14 33 38 20 32 35 49 21 36 15 48 13 
student 102: 7 2 9 1 14 8 28 43 44 45 37 47 17 29 13 20 24 3 27 6 10 50 11 30 26 36 48 5 19 38 34 42 23 18 39 4 25 41 16 35 33 21 32 31 49 22 40 15 46 12 
student 103: 2 1 7 4 10 9 29 46 41 39 36 43 24 27 18 15 22 6 26 16 11 49 8 34 31 38 44 3 17 45 35 48 23 14 32 5 25 42 19 21 30 20 28 33 50 37 40 12 47 13 
student 104: 2 6 9 7 14 12 32 48 45 39 35 44 20 33 13 15 31 5 22 8 10 49 3 29 27 36 43 4 16 38 34 41 26 18 47 1 28 40 19 25 30 24 23 37 42 21 46 17 50 11 
student 105: 2 8 1 5 14 12 26 46 36 43 37 47 20 30 18 17 25 4 23 11 13 50 10 29 27 38 49 6 19 41 35 42 24 7 39 3 22 44 15 32 33 21 31 40 45 28 34 16 48 9 
student 106: 2 3 4 9 12 5 30 42 41 39 47 45 14 37 20 23 26 1 29 8 13 50 11 24 28 38 40 7 27 35 33 48 18 21 36 6 22 44 17 32 31 15 25 43 49 19 34 10 46 16 
student 107: 4 2 3 5 15 12 32 39 41 44 40 46 27 29 10 16 31 1 23 9 6 48 8 21 24 43 50 7 19 38 33 42 25 20 37 13 28 45 14 30 34 22 26 35 49 18 36 17 47 11 
student 108: 2 7 11 5 6 15 28 48 41 45 43 44 22 35 20 18 27 3 21 12 8 50 4 25 29 34 49 1 19 42 31 46 23 13 37 9 26 39 16 36 38 24 30 32 40 14 33 17 47 10 
student 109: 1 8 4 7 20 10 28 45 40 42 43 46 22 30 9 18 17 5 24 13 15 48 11 27 29 41 47 3 16 39 36 38 21 19 35 2 26 44 12 32 33 25 31 34 50 23 37 14 49 6 
student 110: 3 2 7 6 16 9 28 44 39 42 41 48 21 27 17 19 25 1 24 10 12 49 8 29 30 38 50 4 15 40 37 46 22 14 32 5 26 43 13 33 35 23 31 34 47 20 36 18 45 11 
student 111: 3 2 4 5 10 9 28 48 42 40 38 46 18 31 17 19 27 1 25 11 15 47 7 26 30 36 50 6 20 45 37 41 21 16 39 8 23 44 13 35 34 24 29 32 49 22 33 14 43 12 
student 112: 4 3 13 5 10 7 20 40 37 43 39 42 19 36 22 17 30 2 24 15 11 49 8 25 21 34 50 9 28 44 31 45 14 12 41 6 26 47 16 32 33 23 29 38 48 27 35 18 46 1 
student 113: 3 4 14 8 12 2 30 42 41 44 40 48 19 27 5 21 22 1 24 11 13 50 9 23 29 38 47 6 17 39 35 43 26 15 37 7 28 45 10 31 33 25 34 36 46 20 32 18 49 16 
student 114: 3 1 15 6 11 5 23 49 39 43 40 44 18 31 14 22 29 2 28 8 10 46 9 27 34 36 50 7 17 48 33 47 26 12 32 4 21 41 16 25 37 20 30 35 45 24 38 19 42 13 
student 115: 1 2 5 6 14 8 32 45 41 43 40 47 18 33 13 12 26 4 22 10 11 48 9 34 24 38 49 7 16 30 36 44 19 25 39 3 21 42 15 31 35 28 29 27 50 23 37 17 46 20 
student 116: 1 3 10 4 16 8 29 48 39 40 37 49 12 30 22 20 25 5 26 11 6 50 13 28 27 35 47 2 19 38 34 46 21 18 41 7 24 44 14 36 32 23 33 31 45 17 42 15 43 9 
student 117: 14 4 7 5 18 10 24 43 39 45 37 49 23 32 15 17 28 1 29 8 9 47 6 26 30 35 50 2 19 38 42 41 27 16 34 3 20 48 13 33 22 25 36 31 44 21 40 11 46 12 
student 118: 2 1 3 7 10 6 21 48 41 39 38 47 20 33 17 22 26 8 27 13 11 46 9 25 30 40 49 19 18 43 32 42 28 16 34 5 24 44 15 36 35 23 29 31 50 14 37 12 45 4 
student 119: 1 3 7 2 13 5 32 49 29 43 38 45 18 27 16 22 31 9 19 12 14 48 23 25 28 34 47 4 10 41 36 42 21 17 40 11 26 44 20 30 35 15 33 37 50 24 39 8 46 6 
student 120: 2 6 4 9 11 8 27 44 40 42 34 46 18 32 16 19 30 3 24 12 7 50 14 26 23 37 49 5 20 41 38 45 22 15 39 1 28 43 17 33 35 25 31 29 48 21 36 13 47 10 
student 121: 6 3 11 8 12 2 29 50 41 45 37 46 28 34 21 20 27 1 22 9 14 48 7 25 30 43 44 4 16 39 32 40 24 17 31 5 23 42 13 35 36 19 38 26 49 18 33 15 47 10 
student 122: 1 6 7 4 12 9 28 45 36 40 39 46 18 32 17 19 30 3 24 11 13 49 10 25 27 34 50 5 21 41 43 44 20 14 37 2 23 42 16 33 29 22 31 38 48 26 35 15 47 8 
student 123: 5 1 3 8 13 9 29 40 44 47 41 42 18 30 19 17 28 2 23 14 11 48 7 25 27 36 50 6 21 39 32 43 24 16 37 4 26 49 10 31 34 20 35 33 46 22 38 15 45 12 
student 124: 4 3 13 2 9 7 28 47 34 45 41 48 16 32 26 22 21 1 27 8 5 46 10 30 23 38 50 6 17 43 36 42 20 18 40 11 24 35 14 37 31 25 33 29 44 19 39 12 49 15 
student 125: 4 3 11 6 7 8 27 44 38 42 36 46 21 29 18 10 25 1 22 9 15 49 12 23 30 39 50 2 26 43 33 40 19 14 37 5 28 45 17 31 35 20 32 34 48 24 41 16 47 13 
student 126: 5 1 7 6 13 8 25 42 44 34 43 46 12 32 18 22 30 2 27 11 10 48 9 24 26 38 49 4 19 37 35 45 23 16 40 3 29 41 17 28 36 21 31 33 50 20 39 15 47 14 
student 127: 1 7 5 11 9 10 27 47 45 39 37 46 17 30 18 22 20 4 26 8 13 49 6 24 29 42 50 3 15 40 36 41 28 16 38 2 23 43 19 32 34 21 31 33 48 25 35 14 44 12 
student 128: 5 1 7 2 13 8 30 42 39 43 41 45 19 31 15 21 22 4 24 9 12 48 10 32 33 40 50 6 16 35 34 46 20 18 38 3 28 36 17 27 37 25 26 29 44 23 47 14 49 11 
student 129: 6 2 5 4 22 9 25 42 39 43 33 47 20 24 16 18 27 1 23 13 11 49 10 29 30 40 50 7 19 36 34 45 21 15 35 3 28 37 12 41 38 26 32 31 48 17 44 8 46 14 
student 130: 4 2 5 9 15 7 26 40 49 44 38 42 19 30 14 18 24 1 25 8 21 48 10 27 31 39 46 6 17 43 35 45 22 16 37 3 29 41 13 33 36 23 28 32 50 20 34 12 47 11 
student 131: 5 2 15 7 23 4 25 45 40 46 37 47 19 32 8 12 31 1 20 14 11 50 9 27 29 35 49 10 16 38 34 44 26 17 42 3 24 43 13 30 33 21 28 39 41 22 36 18 48 6 
student 132: 1 2 12 8 9 11 30 47 40 44 42 45 21 27 17 15 31 4 25 10 14 50 6 24 28 35 49 7 22 39 37 41 19 18 38 3 26 46 16 34 33 23 29 32 48 20 36 13 43 5 
student 133: 4 2 14 8 15 6 28 41 45 44 39 47 18 33 17 19 25 1 22 9 10 49 3 24 30 36 42 7 21 40 34 46 27 16 38 5 26 50 13 29 31 23 35 37 48 20 32 12 43 11 
student 134: 3 2 12 5 10 7 25 41 42 46 40 45 17 26 16 24 29 1 22 6 13 48 9 35 31 37 50 4 27 43 34 44 19 15 36 8 23 39 14 33 28 18 32 30 49 21 38 11 47 20 
student 135: 4 3 8 7 9 6 28 46 36 43 41 48 18 26 20 14 27 1 30 10 11 50 12 25 31 33 45 5 17 35 40 47 23 16 39 2 24 44 13 29 37 21 34 32 49 22 38 15 42 19 
student 136: 6 2 9 4 11 5 27 40 38 44 42 45 21 29 16 18 28 1 24 12 10 50 7 23 30 36 47 3 19 39 41 43 22 14 48 8 25 49 15 34 33 26 31 32 46 20 35 17 37 13 
student 137: 1 3 5 4 11 8 29 44 37 42 35 46 21 25 14 16 28 2 27 9 12 50 10 24 31 40 47 7 19 39 30 41 26 18 38 6 23 43 17 36 32 20 34 33 48 22 45 13 49 15 
student 138: 2 4 7 5 9 6 30 45 38 41 37 46 19 24 16 18 26 1 22 11 12 49 8 23 29 39 50 3 20 42 36 44 27 14 40 10 28 43 17 33 34 21 31 35 47 25 32 15 48 13 
student 139: 5 1 12 6 16 9 34 43 49 40 38 45 19 32 18 17 23 3 22 14 13 48 4 27 29 36 46 7 20 42 35 41 25 15 37 2 26 44 11 28 33 24 30 31 47 21 39 10 50 8 
student 140: 1 5 6 4 12 9 26 45 37 41 40 46 17 29 16 18 28 3 23 8 14 50 10 24 32 33 48 2 25 43 39 42 19 11 36 7 22 44 15 30 35 27 31 34 49 20 38 13 47 21 
student 141: 7 3 1 5 17 10 32 45 38 44 36 48 21 30 18 20 23 2 26 6 12 47 8 29 28 37 46 4 16 41 40 43 27 13 39 9 25 42 15 35 24 19 31 33 50 22 34 14 49 11 
student 142: 3 5 8 4 18 9 30 44 35 43 37 46 21 32 10 12 26 1 22 14 20 48 7 25 27 36 49 6 17 41 31 47 28 19 39 2 24 42 16 38 29 23 33 34 50 15 40 13 45 11 
student 143: 1 3 8 4 14 2 26 46 45 43 44 42 21 33 18 17 23 5 28 16 11 50 9 30 31 35 48 15 20 41 34 39 22 10 38 7 25 40 13 37 32 19 27 24 49 29 36 6 47 12 
student 144: 3 2 4 6 16 7 29 46 43 42 37 44 19 33 17 20 28 1 27 12 9 50 5 25 26 35 47 11 18 38 40 49 23 15 41 8 24 39 14 36 34 22 31 30 48 21 32 10 45 13 
student 145: 2 3 11 8 15 6 30 44 38 42 39 48 22 28 18 21 27 1 23 12 13 45 7 26 29 35 46 4 14 41 40 43 25 17 37 5 24 47 10 32 34 19 33 31 50 20 36 16 49 9 
student 146: 8 1 10 9 16 3 24 44 45 34 38 47 12 31 18 23 26 2 27 4 14 48 11 29 28 37 49 7 19 43 41 42 25 17 36 5 22 40 13 35 32 21 30 33 50 20 39 15 46 6 
student 147: 6 3 14 7 23 10 31 39 45 40 36 48 18 35 20 21 25 4 22 11 13 50 5 24 28 38 47 1 17 34 37 43 12 8 42 2 30 44 19 41 33 26 27 29 49 15 32 16 46 9 
student 148: 1 6 9 3 15 5 23 47 39 42 41 50 21 38 20 10 27 2 24 11 12 46 8 28 29 30 49 4 17 33 35 43 22 19 34 7 25 44 16 31 36 26 32 45 48 18 37 14 40 13 
student 149: 4 2 9 7 19 12 29 43 42 41 37 44 20 33 17 15 26 1 22 13 10 49 8 27 31 35 45 6 24 40 34 47 18 16 36 5 23 46 11 28 39 25 32 38 48 21 30 3 50 14 
student 150: 1 5 6 4 20 11 27 44 45 38 36 47 15 30 16 18 26 3 21 9 7 49 10 32 28 39 50 8 22 35 34 41 24 12 42 2 25 43 17 29 31 19 33 37 48 23 40 14 46 13 
student 151: 3 1 8 4 12 9 28 47 44 46 41 49 19 22 18 15 27 2 20 16 6 42 10 32 35 29 48 7 23 39 37 43 21 14 40 5 30 45 17 31 34 26 24 33 38 25 36 13 50 11 
student 152: 5 1 8 6 15 10 28 39 44 40 43 45 23 31 16 18 21 4 20 13 12 46 7 30 27 38 47 3 22 37 33 49 25 9 41 2 26 42 17 32 35 24 29 34 50 14 36 19 48 11 
student 153: 1 3 16 9 12 6 31 47 46 40 42 41 21 32 15 24 22 2 28 7 5 49 13 27 30 33 44 8 18 43 34 38 20 19 39 4 25 45 17 29 36 23 26 35 48 11 37 10 50 14 
student 154: 2 3 5 9 12 7 29 45 43 48 33 47 20 28 19 17 27 1 26 10 11 49 6 25 34 37 46 8 22 35 31 44 24 16 41 4 23 40 15 36 39 21 30 32 50 18 38 13 42 14 
student 155: 3 1 9 6 13 12 23 46 43 42 37 40 18 28 15 26 19 5 29 7 16 49 10 30 24 38 48 4 21 41 35 44 27 8 39 2 22 47 14 32 34 25 31 33 50 20 36 17 45 11 
student 156: 3 4 1 7 14 10 27 44 47 36 41 49 15 31 17 20 25 5 26 8 13 46 12 30 28 37 45 6 19 39 34 40 24 18 38 2 22 42 16 33 32 21 29 35 50 23 43 11 48 9 
student 157: 6 2 7 4 12 18 26 37 44 40 33 49 23 29 14 17 22 1 21 11 10 45 8 35 25 34 47 5 19 39 38 42 27 15 41 3 28 48 16 32 36 24 31 30 50 20 43 13 46 9 
student 158: 3 6 10 2 16 7 22 47 40 28 29 39 24 31 13 20 27 1 21 14 12 50 9 25 42 36 49 5 23 44 37 46 18 11 41 8 30 43 15 32 34 26 35 33 48 19 38 17 45 4 
student 159: 5 1 6 4 13 7 23 49 39 40 44 42 18 28 19 16 29 2 22 9 17 50 10 32 34 37 45 8 20 41 36 43 25 15 33 3 31 47 14 35 27 21 30 26 48 24 38 11 46 12 
student 160: 8 3 7 6 16 5 29 49 43 42 39 40 31 24 15 20 21 2 13 10 9 50 12 27 30 38 48 1 18 41 34 46 22 14 37 4 23 45 17 25 35 19 32 33 47 28 36 11 44 26 
student 161: 3 2 8 11 15 6 29 41 44 39 43 48 23 31 12 20 27 7 24 1 5 47 9 30 26 36 49 10 14 40 35 46 16 19 38 4 25 42 17 33 34 21 28 32 50 22 37 18 45 13 
student 162: 2 6 7 4 13 8 27 47 41 45 38 43 19 31 21 20 30 1 26 10 18 50 9 32 29 28 48 5 14 40 35 42 24 16 36 3 15 49 17 25 34 22 33 37 46 23 39 11 44 12 
student 163: 3 1 9 5 14 6 27 46 43 40 35 49 20 28 19 18 26 2 22 8 11 48 10 30 24 47 45 7 16 36 39 41 29 15 34 4 17 42 21 31 32 23 33 38 44 25 37 13 50 12 
student 164: 4 1 5 6 12 7 28 43 39 42 37 48 19 30 15 21 29 3 34 9 14 49 10 22 36 31 50 8 20 40 35 45 23 11 38 2 25 44 16 26 41 24 32 27 46 18 33 17 47 13 
student 165: 1 3 8 4 12 14 28 49 38 43 40 44 27 33 22 18 26 2 21 5 11 50 10 24 29 35 46 6 16 42 34 36 20 19 48 7 23 41 15 37 32 17 30 31 47 25 39 9 45 13 
student 166: 4 2 5 7 14 8 30 44 41 38 45 46 20 31 17 16 24 1 27 9 13 50 6 28 33 40 47 11 19 37 35 43 26 12 36 3 23 42 18 34 32 22 29 25 49 21 39 15 48 10 
student 167: 9 3 6 7 13 2 23 48 40 41 36 46 22 28 20 16 33 5 24 14 8 42 10 27 32 49 43 1 18 47 37 45 29 19 38 4 25 44 15 26 34 21 31 30 50 17 39 11 35 12 
student 168: 3 6 10 7 13 1 28 50 35 39 41 46 23 38 20 19 27 2 22 11 12 48 9 30 31 36 42 8 18 43 33 49 24 16 37 4 25 45 15 34 32 26 29 17 44 21 40 14 47 5 
student 169: 4 2 7 5 14 12 27 42 43 40 37 44 22 31 16 21 26 1 19 8 11 50 9 25 28 39 45 6 10 41 30 49 29 17 36 3 24 46 13 34 38 23 32 33 48 20 35 15 47 18 
student 170: 4 3 7 5 11 8 27 45 38 46 40 44 23 32 14 21 18 1 28 9 12 49 10 24 30 33 47 6 19 42 34 43 20 13 39 2 25 41 16 29 37 31 35 26 48 15 36 22 50 17 
student 171: 6 1 8 7 10 9 29 47 40 42 38 46 20 28 17 15 25 3 26 14 16 50 11 27 39 35 49 4 19 41 34 43 21 18 37 2 22 44 13 30 31 23 33 32 48 24 36 12 45 5 
student 172: 11 4 6 1 14 3 24 49 40 43 38 42 20 31 19 17 28 2 27 10 12 48 7 29 30 33 45 5 21 41 36 46 22 16 39 8 26 44 15 32 35 23 25 34 50 18 37 13 47 9 
student 173: 5 1 4 6 20 8 26 49 42 45 36 41 19 31 22 12 30 2 24 10 13 50 9 28 25 38 43 7 15 39 35 44 23 16 40 3 27 46 17 33 34 18 29 32 47 21 37 14 48 11 
student 174: 6 3 10 13 7 2 28 46 41 39 36 49 18 30 17 19 25 1 21 9 12 48 8 31 27 42 44 5 22 45 33 40 26 15 38 4 24 43 16 29 35 23 32 34 50 20 37 14 47 11 
student 175: 1 4 9 5 11 7 28 49 37 41 40 42 21 31 18 17 27 3 24 12 15 50 14 26 29 33 45 6 16 48 36 47 25 19 38 2 23 44 13 35 32 20 30 34 46 22 39 8 43 10 
student 176: 1 7 3 5 4 10 28 46 39 44 40 48 17 35 19 15 23 8 27 13 12 50 6 30 31 34 49 2 21 37 33 47 22 11 38 9 24 41 16 45 26 20 29 32 43 25 36 14 42 18 
student 177: 3 1 6 14 13 7 40 43 45 41 39 46 16 24 17 20 30 2 26 15 10 49 8 27 29 34 50 4 21 44 37 42 23 9 33 5 25 36 11 31 38 22 28 32 47 19 35 12 48 18 
student 178: 3 1 8 6 11 10 29 43 40 39 41 46 20 27 13 18 23 2 22 15 7 50 9 30 34 36 45 5 21 44 38 33 24 17 42 4 26 47 12 32 35 25 31 28 49 19 37 16 48 14 
student 179: 8 4 7 15 12 2 36 49 39 43 40 41 19 29 14 13 28 1 26 16 11 48 3 30 24 35 50 6 17 45 34 44 25 20 37 5 22 42 10 33 32 21 27 38 46 23 31 18 47 9 
student 180: 3 2 11 8 13 9 28 46 40 41 38 49 27 30 19 16 26 6 25 4 12 50 10 22 29 34 43 5 23 42 33 45 18 17 36 1 24 44 7 32 35 20 31 37 48 21 39 15 47 14 
student 181: 3 2 6 7 13 10 27 47 38 44 32 42 22 29 17 18 24 1 21 12 11 48 8 28 31 36 46 5 19 45 30 43 25 15 39 4 23 41 14 34 35 20 33 37 50 26 40 16 49 9 
student 182: 13 1 7 11 16 5 30 46 42 45 35 47 15 38 18 19 22 2 31 9 10 49 6 23 28 40 50 4 21 37 26 44 20 17 36 8 25 43 14 29 34 27 33 32 39 24 41 12 48 3 
student 183: 1 2 5 10 8 11 26 42 45 39 41 43 20 30 23 15 28 3 25 12 14 47 6 31 27 34 50 7 19 38 32 40 24 13 37 4 17 49 18 33 44 22 29 36 46 21 35 9 48 16 
student 184: 3 5 10 4 16 6 36 44 42 45 33 48 17 32 19 22 30 2 24 8 12 46 9 26 31 43 41 1 13 40 37 49 23 15 39 7 25 38 18 28 34 21 29 27 47 20 35 14 50 11 
student 185: 1 5 8 10 17 11 24 49 41 44 40 48 19 27 14 18 32 6 9 16 4 43 12 22 29 37 50 3 13 36 33 46 26 21 30 7 28 42 2 31 38 25 35 34 45 20 39 23 47 15 
student 186: 4 3 10 5 9 11 31 49 42 41 40 46 13 32 15 16 26 1 27 7 21 48 14 29 28 35 43 2 18 44 38 45 22 20 39 6 23 37 17 33 30 25 24 34 50 19 36 12 47 8 
student 187: 10 3 9 2 13 5 36 45 35 41 39 49 19 23 21 16 22 1 24 6 11 50 8 31 30 33 44 4 14 43 38 42 20 17 37 7 27 46 18 25 34 28 29 32 48 26 40 12 47 15 
student 188: 7 1 4 12 13 8 21 42 44 46 38 47 22 30 14 17 27 2 25 5 6 50 9 28 26 36 48 3 20 39 34 41 24 18 37 11 29 40 16 33 35 23 32 31 49 19 45 15 43 10 
student 189: 2 5 7 6 14 8 26 37 42 43 41 48 20 29 17 19 24 1 28 10 12 50 9 31 35 22 44 4 23 40 36 45 16 15 38 3 27 46 11 33 34 25 30 32 49 21 39 18 47 13 
student 190: 2 5 6 4 14 10 25 45 44 39 40 43 24 30 22 15 32 1 28 7 13 50 12 27 21 35 47 3 16 48 33 42 26 19 37 8 20 38 11 31 36 23 29 34 49 18 41 17 46 9 
student 191: 1 2 9 5 12 7 37 47 44 39 45 40 19 28 16 21 27 3 17 11 24 50 10 32 25 31 46 6 20 38 30 42 26 15 41 4 23 49 14 34 29 22 33 35 48 18 36 13 43 8 
student 192: 1 2 6 7 16 12 26 41 47 36 34 48 19 33 8 17 30 4 28 3 11 50 13 27 29 40 49 9 14 39 35 45 21 23 37 5 25 42 18 31 38 22 24 32 46 20 43 15 44 10 
student 193: 6 2 3 8 11 9 32 48 42 43 46 41 21 35 5 16 31 12 23 15 10 49 14 26 24 37 50 1 19 40 34 44 18 17 39 7 25 47 4 30 28 29 27 33 36 22 38 13 45 20 
student 194: 2 8 10 4 14 7 28 37 41 40 39 45 16 32 23 15 24 3 20 6 9 50 11 29 33 34 47 1 21 48 36 43 22 17 38 5 26 42 13 30 35 19 25 31 49 27 44 18 46 12 
student 195: 4 3 11 1 12 8 30 44 39 42 45 50 18 32 15 25 24 2 22 6 13 48 10 29 27 36 43 7 19 38 35 41 28 17 37 5 23 46 16 33 26 21 34 31 47 20 40 14 49 9 
student 196: 3 6 8 2 13 10 25 46 40 44 43 48 20 29 17 16 26 9 24 5 11 49 7 30 32 28 50 1 19 42 39 36 23 15 38 4 27 41 18 31 35 22 33 34 45 21 37 14 47 12 
student 197: 2 3 7 10 6 9 25 44 42 37 43 50 18 27 15 12 29 1 24 14 17 48 13 28 31 35 46 4 19 38 34 45 22 21 40 5 26 41 16 39 33 23 30 32 49 20 36 11 47 8 
student 198: 2 1 9 5 12 7 28 48 39 43 35 40 22 30 18 20 24 3 29 10 13 50 6 25 31 33 49 8 19 41 36 44 27 16 46 4 21 42 15 32 34 17 38 26 45 23 37 14 47 11 
student 199: 2 1 9 5 12 7 31 41 42 43 39 48 21 30 20 16 25 4 27 11 19 46 6 28 29 36 49 8 22 40 33 44 23 18 37 3 24 47 13 26 34 15 32 35 50 17 38 14 45 10 
student 200: 6 3 5 11 13 12 26 47 41 42 35 44 19 34 18 10 21 1 23 15 7 49 8 25 31 36 48 4 20 40 32 45 28 16 38 2 27 43 17 29 33 24 37 30 50 22 39 14 46 9 
student 201: 1 3 6 7 13 11 33 45 40 41 42 49 19 30 20 16 26 2 23 10 12 48 8 29 28 39 50 4 18 36 31 43 24 17 32 9 25 44 15 34 27 22 35 37 46 21 38 5 47 14 
student 202: 2 5 3 8 10 6 27 43 44 46 40 42 18 33 15 21 23 4 22 16 11 50 9 31 26 36 49 1 17 41 35 38 25 19 37 7 24 48 13 30 34 29 28 32 45 20 39 12 47 14 
student 203: 2 4 10 7 12 8 19 41 42 34 40 46 22 35 15 13 17 1 27 21 9 48 5 26 29 44 43 3 20 37 38 47 25 16 36 6 30 45 11 33 28 24 31 32 50 23 39 14 49 18 
student 204: 3 2 7 17 15 10 32 43 39 47 37 48 14 28 12 16 26 1 27 5 11 50 8 29 38 36 49 6 22 35 34 41 23 13 45 4 24 42 19 25 33 21 31 30 46 20 40 18 44 9 
student 205: 2 8 9 5 12 6 29 46 36 38 44 47 20 31 18 19 25 1 27 11 10 49 4 24 23 40 48 3 21 45 39 42 26 16 37 7 28 41 13 32 33 22 35 30 50 17 34 14 43 15 
student 206: 4 2 7 15 10 5 30 45 42 32 46 47 19 26 22 18 25 1 27 8 12 44 11 28 29 35 50 9 17 40 37 43 20 6 38 3 24 41 13 31 34 23 33 39 49 21 36 16 48 14 
student 207: 1 2 9 8 11 7 26 46 40 43 47 42 20 28 15 17 24 3 32 18 10 49 12 29 30 38 50 6 14 36 37 45 22 13 35 5 25 44 19 34 27 23 31 33 39 21 41 16 48 4 
student 208: 1 4 7 2 8 13 31 44 38 45 41 49 19 28 18 17 29 10 24 11 14 48 9 25 27 36 46 6 20 42 39 40 22 16 37 3 30 43 15 33 35 23 32 34 50 21 26 12 47 5 
student 209: 4 3 6 5 14 8 29 43 44 42 38 45 19 32 17 22 23 2 28 12 13 48 10 30 27 33 50 9 11 25 39 41 21 15 40 1 24 36 18 31 35 20 34 37 49 26 46 16 47 7 
student 210: 9 12 2 14 5 6 28 48 42 41 36 44 25 32 8 22 23 3 26 11 7 50 21 20 40 34 47 4 19 39 27 37 24 17 45 1 31 43 13 29 33 18 35 30 49 16 38 15 46 10 
student 211: 3 1 5 6 13 7 34 42 43 45 38 47 21 30 14 17 29 2 26 11 12 44 8 27 25 31 50 4 18 40 28 46 23 15 39 9 24 41 16 32 36 22 35 33 49 19 37 10 48 20 
student 212: 7 3 6 5 14 4 25 41 43 38 37 45 20 36 18 17 29 2 23 9 13 49 10 24 28 35 50 8 16 42 34 48 27 12 40 1 21 44 19 32 33 22 30 31 47 26 39 15 46 11 
student 213: 1 4 5 10 16 8 28 41 42 44 39 46 19 32 17 21 25 2 20 14 12 49 6 24 29 31 47 3 15 40 38 48 23 18 36 7 26 43 13 30 34 27 37 33 45 22 35 11 50 9 
student 214: 5 4 10 1 9 13 28 47 37 41 45 46 25 29 19 18 24 2 21 16 6 50 7 32 27 35 48 8 14 36 44 38 23 15 40 3 26 43 22 34 30 20 31 39 49 17 33 11 42 12 
student 215: 4 1 6 5 13 3 30 44 45 43 39 40 18 27 15 20 29 2 23 11 8 46 12 33 26 37 47 7 17 41 36 42 28 16 32 10 24 48 19 38 35 21 25 34 49 22 31 14 50 9 
student 216: 4 3 6 9 21 11 29 44 45 42 40 47 20 34 18 19 26 1 28 14 13 48 7 25 27 30 50 2 16 36 33 43 24 8 41 5 23 38 12 32 39 22 31 37 46 17 35 15 49 10 
student 217: 4 2 8 6 15 7 24 41 43 44 37 46 20 34 14 16 27 3 25 9 17 49 10 29 26 38 47 5 18 42 33 40 22 28 35 1 21 45 23 32 30 19 31 39 48 11 36 13 50 12 
student 218: 3 7 4 10 12 9 21 47 40 41 42 44 22 31 17 16 28 1 26 8 13 50 5 27 29 37 48 6 19 39 35 43 20 14 34 2 24 46 15 32 33 23 30 36 49 18 38 25 45 11 
student 219: 10 2 6 4 9 5 29 44 41 45 38 43 24 30 14 22 25 1 19 17 7 49 13 27 28 39 42 8 20 35 32 47 18 11 36 3 26 46 15 37 34 23 33 31 50 16 40 12 48 21 
student 220: 5 3 8 6 14 13 27 43 42 40 46 47 21 29 15 17 26 1 19 9 10 50 2 25 30 36 39 4 24 38 37 44 20 18 41 7 28 45 16 33 34 23 31 32 48 22 35 11 49 12 
student 221: 4 2 7 5 16 13 31 44 39 42 40 48 20 33 17 19 27 1 26 8 10 46 9 29 28 37 50 6 21 43 38 41 24 15 36 3 18 47 14 30 34 25 32 23 49 22 35 12 45 11 
student 222: 2 4 6 5 12 13 32 39 42 41 37 45 21 27 22 18 30 3 20 15 11 50 9 24 33 36 49 1 25 40 34 48 23 16 44 7 26 43 8 35 28 17 29 31 46 19 38 14 47 10 
student 223: 3 2 5 11 8 6 28 35 38 42 41 47 21 33 18 24 25 1 23 12 14 50 7 26 27 34 48 4 17 43 32 45 22 16 36 9 31 44 13 37 39 20 29 30 49 19 40 15 46 10 
student 224: 9 3 4 2 13 10 29 47 43 44 39 42 23 30 20 18 25 1 22 8 12 50 11 21 27 34 49 7 15 41 37 40 19 17 38 5 26 45 16 32 33 24 31 35 48 28 36 14 46 6 
student 225: 9 1 7 11 14 4 31 37 43 29 35 45 17 28 16 18 27 3 19 10 2 50 13 26 30 40 48 5 21 42 41 46 24 20 38 8 25 44 12 39 34 23 32 33 49 22 36 15 47 6 
student 226: 3 2 7 5 13 9 25 41 35 26 42 45 18 31 14 16 32 1 30 10 11 50 8 22 27 40 49 6 15 34 38 48 19 17 43 4 24 44 28 36 37 21 33 29 46 23 39 12 47 20 
student 227: 3 2 9 5 14 10 27 48 45 34 38 47 21 29 20 15 22 1 28 6 13 50 17 37 25 36 49 7 16 40 35 44 26 8 39 4 24 43 19 31 32 23 30 33 42 18 41 12 46 11 
student 228: 4 3 7 5 12 10 23 44 37 41 38 45 21 34 20 19 26 2 32 8 13 48 9 28 27 35 50 6 18 43 31 49 24 17 36 1 25 42 16 33 29 22 30 39 46 14 40 15 47 11 
student 229: 4 1 5 7 12 6 27 49 34 40 45 44 19 30 17 18 21 3 26 9 11 48 10 25 28 39 50 2 22 31 36 43 23 13 41 8 24 42 16 32 35 33 29 38 47 20 37 15 46 14 
student 230: 1 5 8 2 14 6 30 44 43 32 38 48 18 37 20 17 27 3 24 9 11 47 10 26 28 36 46 4 21 39 34 42 29 15 41 7 25 50 16 31 40 23 19 33 49 22 35 12 45 13 
student 231: 9 1 11 2 12 7 30 45 43 48 40 41 18 23 20 21 27 6 25 10 14 50 8 28 29 36 42 5 16 39 34 47 26 19 35 3 24 44 13 32 33 22 31 37 46 15 38 17 49 4 
student 232: 4 2 8 10 14 9 23 45 37 43 39 46 25 32 13 21 26 1 22 11 3 47 6 31 29 36 49 5 18 42 35 41 20 17 40 7 27 44 19 38 33 16 30 28 48 24 34 12 50 15 
student 233: 4 1 8 6 13 17 23 44 39 40 38 45 11 32 19 16 26 2 21 12 24 50 3 30 22 47 49 7 20 37 35 42 15 27 36 5 31 41 10 28 33 25 29 34 46 14 43 18 48 9 
student 234: 7 1 9 2 21 13 30 44 35 49 43 36 20 29 18 16 22 3 24 8 15 50 10 27 31 28 48 5 19 37 39 42 12 17 41 4 26 46 14 32 34 25 33 40 47 23 38 6 45 11 
student 235: 7 2 6 9 14 4 31 46 40 42 41 45 27 33 19 17 25 1 22 8 13 49 10 29 26 37 47 5 20 32 39 44 23 18 34 3 24 48 16 35 36 15 38 28 50 21 30 12 43 11 
student 236: 4 1 6 5 8 7 29 42 46 43 41 47 16 31 18 21 27 3 24 11 14 50 13 28 26 36 45 12 23 33 34 38 19 10 39 2 25 44 9 37 32 17 30 40 48 20 35 22 49 15 
student 237: 4 2 9 7 13 5 26 46 49 41 38 47 21 25 20 17 33 1 22 11 12 50 8 24 29 37 45 6 10 40 34 44 23 18 43 3 27 39 15 35 30 19 32 31 48 28 36 14 42 16 
student 238: 4 2 3 12 16 13 27 50 42 48 39 41 26 29 22 25 23 1 28 10 11 47 8 24 30 40 49 7 19 38 35 44 21 18 37 5 15 45 6 33 34 14 31 36 43 20 32 9 46 17 
student 239: 7 1 12 6 16 2 27 42 36 48 43 46 18 32 20 23 26 3 25 10 13 47 8 24 28 30 41 5 15 31 40 44 22 11 39 4 29 45 17 35 34 21 33 37 50 19 38 14 49 9 
student 240: 3 5 7 6 11 8 23 47 42 44 38 40 27 22 17 19 32 1 21 10 12 50 9 30 24 35 43 4 13 41 31 49 26 18 36 2 25 45 15 29 34 20 33 39 48 28 37 14 46 16 
student 241: 4 5 3 2 14 11 30 47 37 44 43 40 23 35 12 17 26 1 24 9 15 50 8 28 27 33 48 7 21 36 29 46 18 22 39 6 25 41 16 32 42 20 34 38 45 19 31 13 49 10 
student 242: 6 2 8 13 12 7 32 45 37 43 42 46 20 30 14 16 27 1 21 9 4 48 10 29 23 39 47 5 17 40 38 41 24 15 35 3 26 44 18 36 31 25 28 34 49 22 33 19 50 11 
student 243: 4 2 12 5 13 7 29 44 45 48 39 42 19 23 21 17 27 1 25 8 10 47 6 28 32 33 50 9 22 43 35 41 16 24 37 3 26 40 14 31 38 18 36 34 49 20 30 15 46 11 
student 244: 2 4 7 5 8 11 34 48 44 47 42 46 19 30 17 22 28 1 29 12 13 43 10 25 21 37 50 6 18 36 32 41 23 16 39 3 26 40 14 31 35 24 27 33 49 20 38 15 45 9 
student 245: 4 10 2 15 19 3 30 46 31 42 43 44 18 38 21 16 25 5 23 9 12 50 6 27 35 36 47 1 17 40 33 41 24 14 37 8 29 48 11 28 34 20 26 32 49 22 39 13 45 7 
student 246: 16 2 6 1 10 7 24 45 39 44 36 46 19 34 15 18 23 3 31 8 9 50 12 26 25 38 48 4 21 42 35 41 22 14 43 5 32 40 17 33 28 20 29 27 49 30 37 13 47 11 
student 247: 4 1 8 3 14 7 30 44 37 46 39 45 21 29 17 19 26 6 12 10 13 49 9 27 24 36 48 5 20 41 42 47 33 18 38 2 22 43 16 28 34 23 31 32 50 25 35 15 40 11 
student 248: 4 2 9 3 19 6 31 46 38 45 36 47 18 30 21 15 27 1 22 10 17 50 8 25 29 35 49 7 16 40 41 42 13 20 39 5 23 44 14 33 32 26 28 34 48 24 37 12 43 11 
student 249: 3 9 15 5 19 4 29 42 37 45 40 46 18 28 13 17 27 1 24 7 11 48 6 26 32 35 50 2 23 39 41 43 21 16 38 8 25 49 10 34 36 22 31 33 47 20 30 14 44 12 
student 250: 4 1 11 7 18 3 29 47 42 41 39 43 19 32 15 17 24 6 26 5 14 46 8 27 25 34 45 2 22 40 37 50 21 16 38 13 28 44 9 30 36 23 33 31 49 20 35 12 48 10 
student 251: 7 4 5 6 14 10 24 43 38 40 42 50 16 33 17 19 23 1 18 12 11 47 8 29 28 35 48 3 20 30 26 45 36 21 39 2 22 44 25 34 27 32 31 37 49 15 41 13 46 9 
student 252: 3 5 11 4 12 8 32 39 47 43 44 46 20 28 13 24 22 1 27 18 16 50 7 15 29 34 49 6 14 42 30 40 17 21 37 2 26 41 9 31 35 25 33 36 48 23 38 19 45 10 
student 253: 5 2 7 4 18 8 31 47 44 38 43 45 23 34 15 20 26 1 19 11 14 46 9 24 28 36 48 6 16 40 25 41 27 17 39 3 30 49 13 32 33 22 29 35 42 21 37 10 50 12 
student 254: 6 4 2 3 15 8 29 46 41 44 40 43 24 30 20 17 22 1 23 14 13 47 9 28 27 35 50 7 21 38 37 45 16 11 36 5 26 42 19 32 34 12 31 33 49 25 39 18 48 10 
student 255: 4 1 8 5 21 6 32 48 43 44 35 50 18 23 16 17 19 2 22 10 14 49 9 29 26 39 40 3 27 42 36 38 31 12 41 7 25 46 11 33 34 28 30 24 47 20 37 15 45 13 
student 256: 1 3 5 6 12 7 27 41 40 44 29 47 17 33 18 19 26 2 24 9 10 42 8 31 28 39 49 11 16 43 36 45 20 21 34 4 25 48 15 38 35 23 30 32 50 22 37 14 46 13 
student 257: 2 1 8 3 12 9 32 45 47 40 39 44 26 24 20 21 28 4 27 11 10 50 5 25 31 37 46 7 17 41 30 42 18 16 36 6 23 43 15 33 38 22 29 34 48 19 35 13 49 14 
student 258: 4 2 7 9 15 14 26 45 41 44 37 34 13 31 20 17 23 10 22 11 3 50 6 29 32 43 49 1 19 39 33 46 25 12 40 5 28 42 16 36 38 27 24 30 47 21 35 18 48 8 
student 259: 6 2 8 3 10 5 27 45 42 46 39 47 19 29 13 20 32 1 28 14 16 50 9 30 24 37 49 4 18 40 35 36 23 15 41 7 25 43 11 34 38 22 26 31 44 21 33 17 48 12 
student 260: 4 2 8 6 15 7 29 43 41 45 37 47 28 31 13 17 22 3 21 1 12 49 11 25 34 36 46 5 18 40 38 30 27 20 42 16 24 44 14 26 33 23 39 32 48 19 35 10 50 9 
student 261: 4 1 8 3 6 12 27 45 40 42 38 48 18 35 16 17 25 2 22 11 5 50 13 31 29 30 46 9 19 49 34 41 23 14 37 7 26 44 15 28 33 24 32 36 47 21 39 10 43 20 
student 262: 8 2 4 13 15 7 30 47 37 41 44 49 18 35 17 23 29 3 25 9 10 48 1 27 36 40 42 6 19 32 24 43 16 14 39 5 26 46 12 28 34 22 33 31 45 20 38 21 50 11 
student 263: 1 2 6 5 17 8 30 50 41 42 40 46 19 35 12 15 25 3 22 9 18 49 11 26 27 38 45 4 21 39 36 47 23 16 37 7 24 43 13 31 32 29 28 33 48 20 34 10 44 14 
student 264: 6 3 12 4 13 1 31 44 42 43 40 47 20 29 18 16 23 2 26 8 11 49 7 21 27 38 46 5 19 39 34 45 25 24 33 9 28 41 15 30 32 17 35 37 50 22 36 14 48 10 
student 265: 3 2 6 5 14 8 31 47 42 44 36 48 22 28 13 19 21 1 35 16 10 46 12 25 26 32 49 4 15 40 41 45 27 17 43 7 24 37 9 29 34 23 30 33 50 20 38 11 39 18 
student 266: 2 1 13 5 14 8 31 44 50 41 39 45 19 27 17 21 29 3 25 11 10 46 7 24 28 33 43 4 18 40 36 42 22 15 34 6 26 49 16 35 37 23 30 32 47 20 38 9 48 12 
student 267: 2 3 5 10 9 6 27 44 45 48 40 39 24 23 18 17 26 1 25 15 13 47 12 30 33 41 46 7 21 35 34 43 19 11 38 4 20 42 16 32 36 29 31 28 49 22 37 14 50 8 
student 268: 11 4 6 5 12 7 29 49 40 41 37 42 19 32 18 16 23 1 22 14 8 50 9 27 28 39 48 10 17 38 35 45 25 15 46 3 24 43 21 30 33 26 34 31 47 20 36 13 44 2 
student 269: 3 1 10 8 16 7 30 50 43 41 35 44 19 29 20 14 25 5 21 11 12 47 9 37 27 39 49 4 18 38 40 45 22 17 31 6 24 42 13 32 36 26 28 33 48 23 34 15 46 2 
student 270: 4 1 6 3 12 7 30 41 37 40 36 42 21 27 24 17 25 2 29 14 9 45 10 26 31 38 47 5 23 48 32 43 22 16 44 8 19 49 13 35 39 20 28 33 50 18 34 15 46 11 
student 271: 4 1 7 6 13 17 29 43 38 40 39 44 11 30 20 9 27 3 15 10 12 50 8 28 32 37 48 5 19 45 33 36 25 23 49 2 22 42 16 34 35 21 26 31 46 24 41 14 47 18 
student 272: 6 2 5 3 18 7 30 48 37 42 34 50 23 32 14 19 27 1 22 10 13 47 9 29 25 35 46 4 17 41 38 49 20 12 40 8 28 43 16 31 36 21 26 33 45 24 39 15 44 11 
student 273: 3 2 9 6 14 5 31 42 37 43 38 47 19 30 16 15 26 1 21 4 8 50 10 27 33 36 49 11 22 41 34 46 18 24 40 7 23 44 12 28 32 25 35 29 48 20 39 17 45 13 
student 274: 4 9 2 1 13 6 29 43 40 41 38 48 28 42 19 21 26 3 23 7 14 49 10 24 32 27 47 8 16 35 39 44 17 18 37 5 25 45 15 33 34 22 30 31 46 20 36 12 50 11 
student 275: 2 1 6 15 11 7 29 47 40 42 41 48 25 24 14 18 27 3 23 5 12 45 8 28 30 38 49 4 22 32 34 44 21 17 35 9 26 43 16 31 39 20 33 36 50 19 37 13 46 10 
student 276: 2 1 5 3 9 8 27 49 41 46 39 45 18 29 16 23 26 4 21 13 15 43 7 30 31 38 48 10 20 40 37 42 25 14 36 6 24 44 17 34 32 22 28 33 47 19 35 12 50 11 
student 277: 8 3 6 5 13 7 26 47 38 44 42 45 17 30 16 20 25 2 24 10 9 41 12 29 33 37 48 4 22 35 40 46 23 15 34 1 32 39 11 36 28 18 27 31 49 21 43 19 50 14 
student 278: 4 3 6 9 13 15 30 46 37 41 42 45 32 28 17 7 18 2 22 10 8 49 12 27 26 36 47 5 20 38 35 44 25 16 39 1 21 43 23 33 31 29 34 24 50 19 40 14 48 11 
student 279: 3 2 6 8 17 10 28 46 37 39 41 40 22 34 13 18 26 1 19 11 14 44 7 25 30 42 50 5 15 43 36 47 21 16 38 4 29 45 9 27 32 24 31 33 49 23 35 20 48 12 
student 280: 4 2 5 10 11 9 26 45 40 42 39 46 21 30 16 15 23 1 24 8 13 47 7 27 28 34 49 6 19 38 35 43 22 20 41 3 29 44 14 33 36 18 32 31 50 25 37 17 48 12 
student 281: 1 2 4 7 12 9 23 46 42 44 40 47 18 29 21 14 28 3 25 15 10 48 8 34 36 38 49 5 20 41 39 43 22 17 37 6 27 35 16 24 31 19 30 33 50 26 32 13 45 11 
student 282: 1 4 13 7 12 10 29 49 43 40 37 44 21 28 17 19 30 3 20 8 11 50 6 27 32 39 48 5 18 42 31 41 23 14 38 2 24 47 16 35 25 26 34 36 45 22 33 15 46 9 
student 283: 1 9 7 8 13 6 24 37 43 39 41 46 22 32 18 20 26 3 30 11 14 50 10 23 29 35 47 4 12 44 34 45 28 5 40 2 21 42 16 33 27 25 36 31 49 19 38 17 48 15 
student 284: 4 1 8 3 11 6 28 47 39 42 38 44 20 31 18 17 24 2 25 12 13 49 9 29 30 41 50 7 19 43 27 45 22 16 34 5 26 40 15 33 36 23 32 35 48 21 37 14 46 10 
student 285: 6 4 10 5 12 7 30 43 42 41 36 48 18 29 17 19 26 2 23 8 14 50 9 27 28 38 44 3 22 40 37 45 21 15 34 1 24 46 20 31 32 25 39 35 49 16 33 11 47 13 
student 286: 1 5 7 6 14 8 33 43 38 42 40 45 23 29 19 21 27 2 22 9 12 49 11 24 28 37 48 4 16 41 39 46 20 17 36 3 26 44 13 30 31 25 32 34 50 18 35 15 47 10 
student 287: 9 2 10 5 19 7 25 45 43 41 42 39 22 27 18 15 32 1 24 3 14 50 16 23 30 40 49 8 20 37 31 44 21 13 36 4 26 46 6 34 35 28 33 29 47 17 38 11 48 12 
student 288: 9 4 6 8 15 2 29 44 40 30 34 45 20 32 19 14 28 1 23 11 7 48 10 25 31 36 49 5 24 47 43 42 21 18 39 3 26 41 12 35 37 22 33 38 50 17 27 16 46 13 
student 289: 3 1 4 7 14 8 29 46 38 41 32 40 20 30 13 22 33 2 18 9 12 48 10 26 28 39 42 5 24 37 34 44 23 17 45 6 31 43 21 19 36 16 27 35 50 25 49 11 47 15 
student 290: 9 1 2 8 16 11 24 47 44 42 40 43 19 28 10 20 26 6 25 13 12 49 5 29 36 34 50 3 18 32 33 45 27 17 37 4 21 41 14 35 38 23 30 31 46 22 39 7 48 15 
student 291: 1 4 11 7 9 6 27 50 40 45 38 46 23 33 18 20 25 3 21 8 19 49 10 31 29 37 44 5 26 41 32 48 17 16 35 2 24 42 13 36 34 14 28 30 47 22 39 15 43 12 
student 292: 4 1 8 9 15 10 27 46 41 44 34 47 21 36 20 26 28 2 31 6 18 43 5 23 29 33 49 7 17 42 32 45 22 13 39 3 25 48 16 30 37 14 38 24 50 19 35 11 40 12 
student 293: 1 4 9 5 3 8 26 48 32 43 38 39 25 27 19 22 24 2 23 16 12 50 11 28 30 31 46 7 17 40 42 47 21 15 36 6 29 44 10 41 34 20 33 37 49 18 35 14 45 13 
student 294: 5 3 7 6 18 10 32 45 46 40 38 47 16 27 14 17 36 1 23 9 13 50 8 29 25 37 43 2 19 44 35 41 21 15 34 4 26 42 20 30 33 24 28 31 48 22 39 12 49 11 
student 295: 9 5 1 7 12 8 29 48 43 38 33 45 23 34 16 21 20 2 24 10 17 50 4 27 28 37 49 6 18 42 32 44 26 15 40 3 25 41 14 30 39 19 31 35 47 22 36 13 46 11 
student 296: 5 2 7 3 14 9 27 47 44 38 36 48 18 30 20 19 28 1 25 10 13 50 6 26 32 29 49 4 16 42 40 43 22 15 39 8 24 41 17 35 31 21 34 33 46 23 37 12 45 11 
student 297: 7 3 10 8 13 5 27 45 44 41 39 48 22 33 18 20 25 2 23 9 12 50 6 29 26 35 46 1 21 40 38 43 24 17 37 4 28 42 16 32 34 14 30 31 49 19 36 15 47 11 
student 298: 6 2 10 7 13 12 32 47 40 44 35 43 23 33 16 24 18 4 28 9 1 48 8 22 29 34 50 5 19 42 36 45 26 14 41 3 21 38 17 31 30 20 27 37 46 25 39 11 49 15 
student 299: 3 8 7 5 9 6 30 42 40 45 39 46 20 25 19 22 27 1 29 11 15 48 10 28 44 32 50 4 18 43 37 41 21 14 33 2 26 38 13 36 34 17 24 31 49 23 35 16 47 12 
student 300: 4 2 7 10 11 16 26 45 40 41 39 46 22 32 18 27 24 1 19 8 14 49 6 28 30 36 48 3 13 44 29 43 23 17 42 5 25 37 12 33 34 20 31 35 50 21 38 15 47 9 
student 301: 2 1 9 6 12 14 28 43 50 40 45 44 20 29 21 19 23 5 24 10 11 47 7 25 31 32 48 3 13 36 34 42 15 17 35 4 26 41 18 30 39 27 33 38 49 22 37 16 46 8 
student 302: 2 3 10 8 9 11 24 44 42 39 37 46 17 28 18 26 25 4 23 14 16 50 12 29 31 32 47 5 21 41 35 48 22 20 40 1 27 43 15 30 38 19 34 33 49 6 36 7 45 13 
student 303: 3 10 8 2 15 7 28 45 41 39 42 49 24 31 17 18 19 1 26 11 12 48 9 27 32 37 46 6 22 43 33 40 21 16 38 4 20 44 14 29 35 23 30 34 50 25 36 13 47 5 
student 304: 2 3 9 6 14 10 27 43 41 42 39 48 19 26 15 18 24 1 23 16 4 50 17 28 29 38 49 5 20 46 40 44 25 12 31 8 22 45 32 34 35 21 33 30 37 11 36 13 47 7 
student 305: 4 1 10 8 11 12 33 46 39 41 40 43 21 32 22 16 30 3 25 19 5 50 13 26 27 35 49 2 9 42 29 44 18 7 38 6 28 48 15 31 36 20 23 34 45 24 37 17 47 14 
student 306: 1 2 6 11 16 8 29 47 36 46 37 44 22 35 15 14 25 3 24 7 12 50 13 26 31 41 45 4 19 40 33 43 21 10 34 5 30 42 18 28 38 23 27 32 49 20 39 17 48 9 
student 307: 3 5 4 10 12 7 29 40 42 45 37 43 11 31 23 22 28 1 26 15 17 49 8 27 20 41 50 6 16 38 39 46 21 13 36 2 25 44 18 33 35 24 34 30 48 19 32 14 47 9 
student 308: 4 3 5 2 14 8 31 45 39 41 35 46 23 29 17 19 27 1 22 11 13 50 7 25 28 38 47 6 21 42 33 40 15 12 37 10 26 43 20 32 34 18 30 44 48 24 36 16 49 9 
student 309: 1 4 6 2 15 7 26 46 40 44 37 47 29 27 17 19 23 3 22 12 8 45 10 25 32 36 50 9 18 41 34 43 20 11 42 5 28 48 16 38 33 24 31 30 49 21 35 14 39 13 
student 310: 1 2 9 7 14 4 28 46 41 42 40 45 23 32 17 18 26 5 25 10 12 47 13 27 29 39 44 6 19 48 31 43 22 16 33 3 20 38 11 34 37 24 30 35 49 21 36 15 50 8 
student 311: 6 5 10 8 12 7 38 41 42 44 39 43 17 23 20 19 35 2 16 9 4 50 11 27 30 40 47 1 18 37 28 46 25 21 32 3 26 48 15 34 31 22 29 36 49 24 33 14 45 13 
student 312: 5 3 4 8 9 11 25 45 41 44 42 47 21 37 17 18 29 1 19 10 13 50 6 30 31 28 46 2 20 39 38 43 24 12 36 7 26 40 16 35 34 27 23 33 48 22 32 14 49 15 
student 313: 7 1 4 8 18 11 27 47 41 46 34 44 15 29 17 22 23 3 24 9 13 45 5 25 30 43 50 6 10 40 37 48 28 21 36 2 20 42 19 31 35 16 32 33 49 26 39 14 38 12 
student 314: 4 2 6 8 13 7 28 40 44 35 39 47 21 32 18 16 27 1 22 10 9 50 12 25 29 37 49 5 19 41 36 43 24 14 38 3 26 46 11 31 33 23 30 34 48 20 42 15 45 17 
student 315: 4 1 8 6 13 10 34 43 44 39 36 45 24 32 14 17 18 2 26 7 11 49 3 28 29 38 42 9 20 46 37 41 23 21 47 5 25 40 16 27 31 19 33 30 48 22 35 12 50 15 
student 316: 2 5 10 9 15 11 31 47 42 40 38 46 17 30 19 23 18 1 26 4 13 50 8 29 28 41 49 7 21 39 33 43 24 14 37 3 22 44 16 35 32 20 27 34 45 25 36 6 48 12 
student 317: 2 5 6 16 14 8 25 44 43 39 37 47 20 33 9 12 29 1 26 10 15 50 13 27 23 38 49 3 21 40 34 45 17 19 42 4 28 41 7 35 36 22 24 31 48 18 32 30 46 11 
student 318: 2 7 6 3 12 9 25 45 44 41 37 49 16 32 19 23 28 1 20 8 18 50 10 22 26 39 46 5 15 38 30 43 27 14 40 4 29 42 17 33 34 24 31 35 47 21 36 11 48 13 
student 319: 3 1 6 5 15 7 23 41 43 50 38 46 29 27 16 18 30 2 24 9 13 45 8 26 33 34 47 10 20 42 25 48 21 19 37 4 28 39 11 32 40 17 31 35 49 22 36 12 44 14 
student 320: 3 6 9 5 15 10 27 47 43 40 42 44 20 35 16 23 31 2 25 8 11 49 4 26 28 38 50 1 24 39 37 41 22 17 34 13 21 45 14 29 36 18 30 33 48 19 32 12 46 7 
student 321: 1 10 4 7 16 9 31 47 42 43 36 45 18 26 14 23 25 2 28 11 15 50 12 27 29 37 44 3 13 40 35 46 21 19 38 5 24 39 17 30 33 20 32 34 49 22 41 6 48 8 
student 322: 1 5 6 7 8 12 25 46 42 43 44 40 22 30 14 21 35 4 26 15 10 47 20 17 27 36 50 3 11 39 33 45 24 13 38 2 29 41 16 34 32 19 28 31 49 23 37 18 48 9 
student 323: 4 1 12 9 7 8 21 43 41 40 37 49 23 30 18 20 15 3 28 13 5 47 10 29 27 34 45 2 19 44 35 46 24 17 39 6 25 42 16 33 38 26 31 32 50 22 36 14 48 11 
student 324: 3 1 8 4 14 6 24 48 44 47 33 46 19 26 17 18 25 5 28 11 10 50 9 34 29 41 49 7 21 42 35 38 22 15 39 2 27 40 23 37 30 20 36 31 45 16 32 13 43 12 
student 325: 12 16 2 1 9 7 29 42 38 43 39 45 20 34 17 18 28 3 25 6 10 46 11 30 27 33 47 5 15 44 31 41 22 19 36 4 26 50 14 24 40 23 35 32 49 21 37 13 48 8 
student 326: 3 1 6 7 20 11 33 44 39 40 45 43 21 30 18 15 29 2 19 12 10 50 8 27 28 34 49 4 24 31 37 48 17 14 38 5 26 42 16 32 35 22 23 41 47 25 36 9 46 13 
student 327: 2 4 5 9 17 6 25 44 45 42 47 43 21 36 15 22 30 1 24 10 12 50 8 27 29 40 49 7 18 39 35 38 23 11 37 3 26 48 19 31 32 16 28 33 46 20 34 13 41 14 
student 328: 4 7 2 5 15 6 28 40 43 39 38 45 22 31 17 13 23 3 27 10 9 46 8 26 29 36 49 1 18 42 41 44 24 16 37 12 25 48 21 33 30 20 34 32 50 19 35 14 47 11 
student 329: 1 4 7 3 14 13 17 50 34 38 40 46 23 31 15 18 22 8 25 11 10 47 5 29 30 42 49 2 27 39 28 45 21 20 41 6 26 44 12 32 37 24 35 33 48 19 36 16 43 9 
student 330: 3 1 6 5 17 7 27 45 41 42 40 46 21 28 20 14 25 2 18 11 10 49 9 29 32 36 47 4 23 38 34 43 24 15 37 8 26 44 19 31 33 16 30 35 48 22 39 12 50 13 
student 331: 5 1 4 6 19 9 27 44 40 46 37 43 22 32 17 15 24 3 26 12 11 49 7 28 30 35 50 2 21 39 42 47 25 18 36 8 20 38 10 33 34 23 31 29 48 13 41 14 45 16 
student 332: 3 1 8 5 20 6 33 48 34 42 40 46 18 38 12 19 30 13 27 9 10 50 2 25 23 36 45 4 16 39 35 43 24 15 37 7 28 44 22 32 26 17 31 29 47 21 41 14 49 11 
student 333: 2 3 8 5 19 10 31 43 40 39 41 45 21 26 14 20 30 1 24 11 9 50 12 25 27 33 48 6 15 38 42 47 23 16 34 4 29 44 18 37 32 17 28 35 49 22 36 13 46 7 
student 334: 1 4 9 6 15 5 26 48 32 39 36 46 25 27 18 17 24 3 19 11 8 50 2 28 31 35 49 10 20 41 40 45 29 16 43 7 23 44 12 37 34 22 30 33 47 21 38 14 42 13 
student 335: 4 1 14 2 15 6 22 44 46 43 40 48 18 27 13 17 26 5 24 9 11 50 3 29 30 34 42 8 19 39 35 45 25 10 38 7 28 41 20 31 33 21 32 36 49 23 37 12 47 16 
student 336: 3 2 4 6 11 8 35 47 44 45 42 48 19 32 17 15 24 1 23 10 9 50 20 27 29 37 43 5 18 40 34 49 25 16 38 7 26 41 14 30 31 22 28 33 46 21 36 13 39 12 
student 337: 3 2 5 13 10 7 28 43 42 40 38 49 19 30 20 17 23 1 26 16 15 45 11 27 29 36 50 6 18 41 35 46 24 14 39 4 25 44 12 37 32 22 31 33 48 21 34 8 47 9 
student 338: 5 2 10 6 13 11 32 43 38 45 44 48 21 33 17 14 24 1 25 16 9 50 8 28 30 35 41 4 19 39 31 37 23 15 42 3 22 46 12 29 36 20 27 34 49 26 40 18 47 7 
student 339: 5 4 7 1 12 8 24 45 36 44 34 42 20 31 16 14 26 2 23 15 11 48 9 29 28 32 50 10 21 38 40 41 25 17 47 3 27 39 18 43 37 22 30 33 46 19 35 13 49 6 
student 340: 1 4 5 3 13 8 26 44 43 42 37 45 19 29 20 17 23 2 24 11 10 50 9 27 31 36 47 6 18 38 39 48 25 15 33 7 28 41 16 32 34 21 30 35 46 22 40 14 49 12 
student 341: 4 1 8 5 16 10 28 48 42 43 35 44 22 29 18 19 26 3 23 11 9 47 6 33 30 36 50 7 13 37 38 39 24 17 41 2 25 46 14 31 32 21 27 34 49 20 40 15 45 12 
student 342: 6 3 7 4 5 8 31 45 38 44 37 42 16 32 15 19 28 1 18 10 9 49 14 30 27 34 48 13 21 41 39 46 24 17 36 2 22 43 12 35 26 23 29 33 50 20 40 11 47 25 
student 343: 5 1 7 6 13 8 32 43 46 41 38 48 19 30 20 18 25 2 21 12 14 50 10 24 27 37 47 4 16 39 40 44 28 17 36 3 26 42 15 35 33 22 29 34 49 23 31 9 45 11 
student 344: 3 6 5 10 18 8 24 42 35 46 39 48 22 30 15 16 21 1 31 11 7 50 9 28 23 44 49 2 19 40 34 43 25 17 38 4 20 41 14 32 37 27 29 33 47 26 36 12 45 13 
student 345: 3 1 8 6 20 7 30 45 41 42 19 50 22 32 15 12 34 2 28 9 16 47 11 26 29 38 44 4 18 37 36 46 24 17 40 5 25 43 13 27 33 21 31 39 49 23 35 14 48 10 
student 346: 3 1 10 5 12 4 35 46 38 40 36 48 20 31 17 18 24 7 28 11 9 50 8 27 21 43 49 6 19 37 32 45 23 13 41 2 25 42 15 29 33 22 30 39 47 26 34 16 44 14 
student 347: 2 1 3 6 9 7 29 41 39 48 40 46 20 28 12 18 24 4 27 11 14 50 8 25 31 35 44 10 19 42 37 43 26 13 34 5 23 49 17 36 30 21 32 33 47 22 38 16 45 15 
student 348: 5 1 14 2 13 7 29 46 45 44 39 42 20 31 16 19 26 3 25 11 12 49 8 28 27 34 48 6 17 41 36 43 23 18 38 4 30 40 9 32 35 21 24 33 50 22 37 15 47 10 
student 349: 2 4 9 6 13 8 28 44 41 43 38 45 17 27 20 19 26 1 21 11 7 46 10 29 32 39 49 3 23 40 34 50 22 16 35 5 25 42 15 31 37 24 30 33 48 18 36 12 47 14 
student 350: 3 1 4 8 11 7 26 44 42 41 40 49 22 30 16 23 24 2 20 14 9 47 10 29 27 35 46 5 18 33 38 45 25 17 32 6 28 43 15 31 39 21 34 37 50 19 36 13 48 12 
student 351: 1 2 8 7 20 9 30 42 41 50 36 46 21 13 18 19 27 3 25 11 10 49 4 35 31 33 48 6 17 37 45 38 23 16 34 5 26 44 15 32 40 24 28 29 47 22 39 14 43 12 
student 352: 12 4 6 5 15 7 26 47 43 36 38 44 13 29 17 18 28 3 23 9 11 48 8 24 31 40 50 2 19 41 39 42 27 21 35 1 25 45 16 37 34 22 32 33 46 20 30 14 49 10 
student 353: 4 5 9 6 20 7 28 48 40 47 35 41 21 31 18 24 25 1 23 11 14 44 8 19 30 32 49 3 17 43 38 46 22 13 37 2 34 45 12 36 33 26 29 27 50 16 39 15 42 10 
student 354: 3 2 10 4 14 6 31 41 45 44 37 46 19 34 17 16 23 1 24 11 22 50 8 30 29 36 47 9 13 40 39 48 25 20 38 5 26 43 12 27 28 21 32 35 49 18 33 15 42 7 
student 355: 3 2 7 6 15 9 24 43 42 41 38 49 23 31 17 16 25 1 22 12 10 48 8 27 29 39 46 4 19 40 37 47 26 14 36 5 30 44 21 32 33 20 28 35 50 18 34 13 45 11 
student 356: 1 6 12 7 11 14 29 37 43 42 36 47 31 27 23 15 17 2 20 8 13 48 9 25 28 39 44 5 21 40 35 46 22 18 38 4 26 50 16 34 32 24 33 30 45 19 41 10 49 3 
student 357: 6 2 9 4 12 5 30 42 40 43 38 46 18 31 16 17 28 3 24 7 15 49 21 27 26 36 45 8 22 41 32 47 25 13 39 1 23 44 14 37 34 20 33 29 50 19 35 11 48 10 
student 358: 7 2 11 8 12 5 28 48 40 43 39 47 20 32 17 23 27 1 24 19 10 49 6 25 31 41 50 4 16 36 42 45 21 15 35 3 26 38 9 34 29 18 30 37 46 22 33 14 44 13 
student 359: 1 4 9 6 12 7 27 49 41 43 45 40 22 37 19 18 25 3 24 8 11 46 10 26 30 35 47 5 15 39 38 48 20 17 34 2 21 42 16 31 29 23 32 36 44 28 33 13 50 14 
student 360: 4 3 12 10 16 5 35 47 39 42 36 43 20 22 19 17 15 1 28 8 13 49 2 34 24 30 48 6 21 46 33 44 27 14 38 7 29 41 18 25 40 23 31 32 50 26 37 11 45 9 
student 361: 1 5 4 7 8 10 32 43 42 39 41 49 21 35 22 17 28 3 24 12 14 48 2 30 29 20 45 11 19 40 34 46 27 13 36 9 26 44 18 38 33 23 31 25 47 16 37 6 50 15 
student 362: 4 1 8 5 12 2 28 45 43 42 40 47 16 25 17 23 26 6 22 9 10 49 7 27 30 38 46 13 21 39 34 41 20 15 36 3 31 44 19 29 33 24 32 35 48 18 37 11 50 14 
student 363: 6 5 3 4 16 7 14 45 39 46 36 47 12 26 18 22 20 2 27 17 10 48 9 34 25 38 43 1 23 50 33 41 32 13 37 8 35 42 11 28 30 24 29 31 49 19 40 21 44 15 
student 364: 2 7 5 9 18 8 29 45 22 42 39 48 11 23 15 16 31 3 28 12 17 49 10 21 30 40 46 4 27 41 38 44 25 19 34 1 24 43 13 33 37 26 36 32 47 20 35 14 50 6 
student 365: 5 2 1 6 19 7 25 50 47 39 37 46 27 33 24 14 23 3 18 12 10 49 8 30 31 36 45 9 16 44 28 41 26 15 38 4 17 43 13 34 32 22 21 35 48 29 40 20 42 11 
student 366: 7 1 4 11 8 13 28 42 39 41 40 48 17 25 20 14 26 2 30 12 18 47 6 29 27 34 43 3 16 44 36 46 24 22 37 5 21 49 15 32 33 23 31 35 50 19 38 10 45 9 
student 367: 2 3 6 10 15 11 24 46 45 42 39 44 22 26 16 27 31 1 28 9 13 50 8 25 33 35 47 4 17 37 30 43 21 18 38 5 23 40 7 32 41 20 29 34 49 19 36 14 48 12 
student 368: 2 1 5 7 13 14 28 44 40 43 41 45 20 29 17 21 26 3 24 11 12 50 9 27 30 36 47 4 18 37 32 48 22 10 39 8 25 42 16 31 35 23 33 34 49 19 38 15 46 6 
student 369: 1 2 4 3 19 7 21 45 44 37 34 47 15 33 20 13 25 5 27 8 10 49 11 28 29 42 50 14 22 43 30 40 17 9 35 6 24 41 12 36 38 26 31 32 46 23 39 18 48 16 
student 370: 4 2 14 5 10 9 27 46 38 39 37 43 18 26 19 16 30 1 25 8 13 49 6 32 28 33 50 3 15 42 44 45 22 21 35 7 24 41 12 34 40 23 29 31 47 20 36 11 48 17 
student 371: 3 2 9 6 10 12 28 38 43 44 39 41 16 33 17 20 31 1 22 8 11 48 4 24 27 37 47 7 23 42 34 49 18 19 46 5 26 40 15 35 36 25 29 32 50 21 30 13 45 14 
student 372: 1 2 10 7 15 3 30 47 38 46 39 44 21 31 17 18 24 4 22 13 9 50 11 27 32 35 43 5 20 40 36 45 25 19 42 6 26 41 12 34 28 16 37 29 49 23 33 8 48 14 
student 373: 3 1 8 5 7 10 29 42 41 39 36 50 28 27 14 21 16 2 23 9 12 49 11 26 34 40 45 6 17 43 33 44 18 24 37 4 25 46 20 30 35 22 32 31 47 19 38 15 48 13 
student 374: 1 3 9 5 19 7 24 44 38 40 37 46 21 28 17 13 32 2 20 10 15 48 8 23 31 45 49 6 27 39 35 41 16 14 43 4 26 42 25 34 36 22 29 30 50 18 33 12 47 11 
student 375: 1 4 10 5 9 8 29 46 40 44 42 43 19 28 11 20 25 2 26 3 12 49 6 24 31 36 47 14 18 39 35 45 23 17 38 7 32 41 13 34 33 22 27 30 50 21 37 16 48 15 
student 376: 4 2 10 9 13 6 27 45 44 41 40 48 21 26 19 15 29 5 24 8 12 46 7 31 33 34 50 1 17 36 38 43 25 14 39 3 23 42 18 30 32 20 28 35 49 22 37 16 47 11 
student 377: 4 5 14 9 12 6 23 43 41 44 39 49 25 26 17 11 27 3 24 13 7 50 8 31 33 38 47 2 18 40 37 42 22 16 34 1 29 46 21 36 32 20 35 28 48 19 30 15 45 10 
student 378: 3 2 5 8 21 9 25 47 44 37 36 41 18 29 15 17 27 1 26 4 14 48 11 24 30 42 46 7 20 40 31 39 23 10 43 6 22 45 19 32 38 28 35 34 50 13 33 16 49 12 
student 379: 3 1 4 7 19 9 27 46 41 44 39 49 18 29 13 17 28 2 22 8 10 45 5 26 32 37 50 11 21 38 36 42 20 12 40 6 25 43 15 31 33 24 30 34 48 23 35 16 47 14 
student 380: 4 1 7 12 17 14 28 45 48 35 39 43 19 27 13 11 24 5 25 10 18 50 8 30 29 33 46 6 9 42 32 40 26 21 38 2 23 49 3 31 36 15 34 37 47 22 41 20 44 16 
student 381: 2 5 4 6 12 17 27 45 44 42 41 47 22 29 19 20 32 1 23 9 10 48 7 28 26 40 49 3 13 31 43 35 18 16 38 8 24 39 11 34 36 25 30 33 46 21 37 15 50 14 
student 382: 4 3 9 7 12 8 27 42 41 47 37 46 18 34 17 21 24 2 20 11 10 48 1 23 26 31 49 6 19 45 35 40 28 13 38 5 25 43 15 29 36 33 30 39 50 22 32 16 44 14 
student 383: 5 2 9 4 15 11 27 44 40 42 38 46 16 31 14 17 26 1 23 10 13 47 8 28 29 39 48 6 18 41 33 43 24 20 35 3 25 45 21 30 37 22 32 34 50 19 36 12 49 7 
student 384: 1 5 9 3 10 6 19 43 45 42 37 46 21 27 17 22 26 2 20 14 16 50 13 35 30 41 47 8 24 40 32 38 18 15 36 4 25 39 7 33 34 29 28 31 48 23 44 12 49 11 
student 385: 3 1 10 12 8 11 29 43 41 42 40 46 22 30 18 14 26 2 23 7 6 49 4 27 32 36 47 9 19 44 38 45 25 15 35 5 24 39 16 28 34 20 33 31 50 21 37 17 48 13 
student 386: 2 1 10 9 14 6 28 40 46 41 38 43 21 24 16 13 32 3 29 4 12 49 19 18 27 34 50 7 20 42 35 47 26 11 37 5 22 45 17 36 33 25 31 30 48 23 39 15 44 8 
student 387: 8 3 9 4 11 6 35 46 38 42 40 47 21 32 14 12 30 1 28 5 13 48 10 24 25 33 50 7 16 41 36 44 23 18 37 2 27 45 20 29 34 22 26 31 49 17 39 19 43 15 
student 388: 4 6 3 7 14 5 28 45 44 49 37 47 20 30 16 19 24 2 25 8 13 46 9 32 27 35 48 10 22 41 40 39 26 17 42 1 21 36 15 33 38 23 29 31 50 18 34 11 43 12 
student 389: 4 2 7 10 12 11 31 46 41 43 40 45 21 29 19 18 26 1 27 5 16 50 8 30 35 34 49 3 23 38 33 48 28 17 39 6 20 42 14 24 32 15 37 25 47 22 36 9 44 13 
student 390: 4 2 1 5 11 7 25 45 46 41 36 44 23 30 14 19 26 3 20 8 17 50 13 28 29 37 49 6 21 40 35 43 22 18 33 9 27 42 12 31 32 24 34 38 48 16 39 15 47 10 
student 391: 3 4 7 6 15 8 25 43 41 38 40 45 12 34 19 17 29 1 23 11 9 49 13 30 27 37 47 5 28 48 36 46 18 14 26 2 24 42 20 32 35 21 31 33 50 22 39 10 44 16 
student 392: 2 3 14 11 7 12 25 46 35 43 44 49 17 26 21 22 28 1 18 16 8 50 5 27 30 38 48 6 19 39 40 41 29 15 36 4 23 42 9 33 34 24 31 32 47 20 37 13 45 10 
student 393: 4 1 10 11 12 6 29 44 39 47 40 41 20 30 23 16 25 9 21 13 8 50 7 26 28 37 48 2 19 42 38 45 24 14 32 3 27 43 15 34 31 22 36 35 49 18 33 17 46 5 
student 394: 2 4 10 5 9 7 21 39 42 45 37 46 15 30 19 18 33 1 24 11 13 50 6 28 25 38 47 8 29 40 36 44 22 14 35 3 27 41 12 32 31 20 26 34 49 17 43 23 48 16 
student 395: 3 1 6 5 13 7 28 35 43 45 39 42 17 27 14 20 31 4 26 12 11 49 9 25 29 38 41 2 23 44 33 50 24 19 40 8 21 46 15 34 37 22 30 32 48 18 36 10 47 16 
student 396: 5 1 8 3 11 6 28 39 35 44 42 46 17 22 21 15 27 4 25 12 18 48 10 31 29 36 49 2 19 38 30 47 26 20 40 7 24 41 13 33 45 23 32 34 50 14 37 16 43 9 
student 397: 2 8 15 5 13 11 27 48 38 42 39 46 17 29 18 22 26 1 25 6 10 45 7 35 30 36 50 4 19 47 34 44 23 12 37 3 28 40 14 9 33 21 32 31 49 24 41 16 43 20 
student 398: 2 4 17 6 13 7 25 44 42 41 40 45 15 32 18 16 26 3 30 10 9 48 5 28 31 37 47 1 22 39 29 43 24 21 38 8 19 49 11 27 34 20 33 36 50 23 35 14 46 12 
student 399: 4 3 7 6 9 11 27 45 43 42 41 48 20 25 22 17 21 1 24 14 10 44 8 26 32 35 47 5 18 40 36 46 37 12 33 2 23 39 16 29 31 28 34 30 49 19 38 15 50 13 
student 400: 7 2 4 3 16 10 36 46 26 43 45 42 15 31 12 14 21 5 29 9 11 48 6 30 28 41 49 1 27 39 38 47 24 20 37 8 23 40 18 25 34 22 32 33 50 19 35 13 44 17 
student 401: 5 4 6 10 13 9 26 43 39 42 36 45 20 31 18 21 25 2 22 7 8 48 11 33 29 41 47 1 17 37 28 46 19 16 38 3 24 40 15 44 34 27 30 32 50 23 35 14 49 12 
student 402: 1 5 17 2 13 6 35 41 37 40 34 48 20 29 14 19 30 4 22 11 9 47 10 26 31 33 45 7 18 39 32 49 27 8 44 3 28 46 12 38 42 24 23 25 50 21 36 16 43 15 
student 403: 7 5 8 2 13 11 27 42 46 43 45 41 22 33 21 15 26 1 24 12 14 50 6 28 35 29 48 4 19 34 39 40 25 17 37 3 18 44 16 32 38 23 30 31 49 20 36 9 47 10 
student 404: 5 4 1 8 12 9 29 49 43 39 42 47 20 26 15 16 25 2 22 11 10 48 3 27 30 34 46 7 18 41 37 44 28 17 35 6 19 40 23 33 31 24 32 38 50 21 36 14 45 13 
student 405: 4 1 9 11 10 3 24 44 43 42 39 46 16 31 17 21 28 2 26 8 14 49 6 27 36 35 47 7 22 41 34 45 25 18 38 5 23 40 12 32 33 19 29 30 50 20 37 13 48 15 
student 406: 2 1 9 3 22 4 29 43 38 40 39 46 19 31 21 17 26 5 23 12 8 49 7 28 27 36 50 14 18 42 37 48 16 15 44 6 24 41 13 33 30 20 35 32 45 25 34 11 47 10 
student 407: 1 6 14 3 17 4 29 44 43 46 37 49 18 33 10 16 31 7 24 13 12 50 8 25 26 34 48 5 23 42 39 41 30 21 40 2 19 47 15 32 27 22 28 36 38 20 35 11 45 9 
student 408: 4 1 12 8 9 7 19 45 35 43 36 47 21 28 25 15 26 2 27 6 14 49 18 32 24 33 48 3 22 40 37 44 30 13 41 5 23 42 10 31 39 20 29 34 50 16 38 17 46 11 
student 409: 5 2 10 4 11 8 28 48 44 39 37 45 24 31 19 9 18 1 17 13 12 50 7 27 32 42 49 3 21 41 33 46 25 22 30 6 26 40 16 29 36 23 35 34 43 20 38 14 47 15 
student 410: 2 7 1 11 15 4 26 47 45 41 40 46 19 29 10 20 24 3 23 8 13 50 12 27 36 33 48 9 21 38 35 42 25 18 34 5 16 43 17 31 37 28 30 32 49 22 39 14 44 6 
student 411: 5 3 4 8 11 9 28 46 41 45 40 48 20 37 13 18 25 1 24 7 14 50 6 27 31 36 44 12 21 35 34 43 22 10 42 2 30 39 16 33 32 23 29 26 47 19 38 15 49 17 
student 412: 6 1 11 7 13 5 24 42 38 45 40 43 23 26 12 16 33 3 22 10 18 50 9 30 32 36 49 2 14 41 35 47 25 19 37 4 27 39 15 29 31 21 28 34 48 17 44 20 46 8 
student 413: 4 1 2 10 7 9 21 44 43 41 37 49 23 29 17 18 26 3 25 13 11 48 5 28 31 36 45 6 19 40 34 47 27 16 39 8 24 42 14 35 38 22 30 33 46 20 32 15 50 12 
student 414: 2 3 11 8 12 7 28 49 42 46 39 43 18 27 20 19 21 1 23 6 9 50 13 33 26 34 47 4 15 40 36 45 24 22 41 5 30 35 14 31 37 25 29 32 48 16 38 17 44 10 
student 415: 1 9 7 5 4 8 27 38 43 48 42 47 20 36 17 19 26 2 24 12 16 44 11 25 30 33 45 3 18 46 34 39 23 10 41 6 28 40 15 31 35 21 32 29 49 22 37 14 50 13 
student 416: 7 3 9 5 12 16 29 42 44 38 40 48 26 31 15 21 24 1 20 10 8 50 6 27 32 35 47 4 19 41 37 36 18 17 46 2 22 43 14 28 34 23 30 33 49 25 39 13 45 11 
student 417: 1 6 5 2 10 11 38 46 39 42 43 40 19 29 17 20 23 3 28 15 8 44 9 26 27 35 47 7 18 37 31 45 22 16 34 4 25 49 12 30 32 24 33 41 50 21 36 13 48 14 
student 418: 4 1 5 8 11 10 22 44 43 50 40 35 18 33 19 16 30 2 29 13 9 46 7 26 28 31 49 6 24 41 36 45 23 17 39 3 25 48 14 38 32 21 37 27 42 20 34 15 47 12 
student 419: 2 1 5 10 15 8 24 45 39 41 44 48 13 33 18 22 29 3 23 9 11 50 7 27 28 37 42 4 19 49 36 43 20 17 38 6 26 40 16 31 34 25 30 32 46 21 35 12 47 14 
student 420: 2 7 6 11 18 1 26 33 38 39 36 45 25 37 9 16 29 4 23 10 12 49 14 27 30 35 48 5 22 43 41 44 19 20 32 3 21 46 13 42 40 17 28 31 50 24 34 8 47 15 
student 421: 2 1 4 11 14 10 29 46 40 48 39 45 19 33 17 21 20 7 27 5 3 49 13 31 25 37 47 9 18 43 32 44 26 16 38 6 23 41 8 35 34 24 28 30 50 22 36 15 42 12 
student 422: 2 4 6 5 15 8 25 44 43 36 42 46 23 27 20 18 28 1 24 11 12 48 10 31 30 37 47 7 19 39 41 45 22 14 38 3 26 40 21 29 35 16 34 32 50 17 33 13 49 9 
student 423: 3 1 6 7 14 8 27 44 45 42 41 46 16 25 21 22 24 2 29 13 12 50 10 23 30 38 48 4 11 37 35 43 18 19 39 5 26 40 17 34 33 20 32 31 49 28 36 15 47 9 
student 424: 2 4 10 6 14 8 32 43 40 47 39 45 21 35 23 20 28 3 26 13 9 48 7 24 29 36 49 5 18 44 33 41 22 15 38 1 25 42 16 27 34 19 30 31 46 17 37 11 50 12 
student 425: 2 1 9 5 13 6 27 44 42 43 41 46 21 28 18 20 24 4 26 10 14 48 8 25 30 29 50 7 15 39 36 45 22 16 38 3 23 40 12 35 31 33 34 37 49 19 32 11 47 17 
student 426: 9 1 10 4 17 6 30 44 42 43 40 45 8 33 21 16 23 2 28 7 14 50 13 26 31 25 46 3 20 38 36 47 22 19 35 5 24 41 12 32 34 29 37 27 49 18 39 11 48 15 
student 427: 3 1 10 7 14 8 28 46 36 42 38 41 20 29 18 16 30 4 26 9 12 48 2 25 24 35 49 6 19 43 34 44 23 11 37 5 22 45 17 31 33 21 32 39 47 27 40 15 50 13 
student 428: 2 1 4 8 12 10 19 45 41 38 47 49 20 30 16 18 26 5 23 6 14 50 13 32 31 36 48 7 24 40 37 43 28 15 34 3 21 42 11 39 33 22 27 35 44 25 29 17 46 9 
student 429: 4 2 5 3 16 6 34 49 44 45 40 41 18 22 15 23 27 1 29 11 8 48 10 24 30 33 47 9 19 43 38 42 25 17 32 7 28 39 13 31 35 21 26 36 50 20 37 12 46 14 
student 430: 1 9 12 5 14 6 29 39 42 45 44 50 23 26 20 15 28 2 25 11 8 47 10 30 35 37 43 3 17 38 31 49 24 16 41 4 27 46 13 33 32 21 22 34 48 18 36 19 40 7 
student 431: 5 4 7 3 14 12 25 48 43 40 37 46 24 33 18 10 29 2 27 9 11 49 8 23 34 42 47 6 15 39 36 41 21 17 38 1 22 45 26 31 32 20 28 30 50 19 35 16 44 13 
student 432: 1 4 12 8 13 6 25 47 41 39 38 44 29 30 16 17 26 2 23 7 10 49 9 34 24 28 46 5 20 31 43 42 22 18 36 3 27 45 11 35 33 21 32 37 50 19 40 14 48 15 
student 433: 1 6 5 2 8 16 27 43 47 37 44 38 23 31 19 17 26 3 21 4 14 48 9 28 25 35 45 7 20 36 32 49 24 10 42 11 22 41 13 33 39 30 29 34 46 18 40 12 50 15 
student 434: 3 4 5 12 6 7 28 37 40 39 41 48 19 34 18 23 27 2 24 13 10 50 9 22 31 36 47 8 25 42 44 45 21 17 38 1 26 43 15 32 29 16 30 35 49 20 33 11 46 14 
student 435: 2 3 6 10 16 8 31 48 42 41 45 44 21 30 19 20 23 1 25 7 14 50 9 29 26 35 47 5 17 37 34 43 28 15 39 4 24 40 11 27 33 22 36 32 49 18 38 13 46 12 
student 436: 2 1 5 6 8 10 29 44 41 42 34 46 21 35 24 9 25 4 19 15 14 50 11 26 27 36 47 3 20 38 33 49 22 18 40 7 17 39 12 32 43 28 31 30 48 23 37 13 45 16 
student 437: 2 3 4 1 13 6 29 43 40 37 36 44 21 32 17 18 27 5 25 10 12 50 8 28 23 42 48 7 20 45 35 41 24 16 34 9 31 46 11 30 38 26 33 22 49 15 39 14 47 19 
student 438: 6 5 8 7 16 11 33 46 40 41 43 45 23 25 13 26 22 1 36 3 14 50 10 24 27 35 49 4 15 32 34 42 29 17 39 2 20 44 12 31 30 21 28 38 47 19 37 18 48 9 
student 439: 9 4 8 6 11 1 24 46 41 42 38 45 19 25 16 17 28 7 27 5 15 50 12 30 26 37 48 3 20 40 39 43 23 18 34 2 29 44 14 31 33 22 32 36 49 21 35 13 47 10 
student 440: 3 8 5 1 22 11 29 40 43 45 41 50 23 28 17 4 25 7 21 12 16 48 10 26 30 42 49 6 18 33 39 44 27 14 31 2 24 37 13 38 35 20 34 32 46 19 36 15 47 9 
student 441: 4 1 10 3 14 5 31 44 45 43 40 47 19 32 16 17 25 2 20 8 6 49 9 28 27 36 48 11 18 42 35 41 23 15 37 7 29 46 21 34 33 24 26 30 50 22 38 12 39 13 
student 442: 3 2 9 4 13 10 25 47 40 45 39 42 22 30 20 14 23 1 21 7 11 48 16 26 29 34 46 5 19 38 31 44 24 18 35 6 27 43 17 32 37 28 33 41 50 15 36 12 49 8 
student 443: 2 4 7 6 13 9 28 43 37 41 40 46 20 32 12 17 25 1 23 10 8 50 11 29 27 36 47 5 26 38 35 42 24 16 44 3 18 45 15 30 33 21 31 34 49 22 39 14 48 19 
student 444: 3 2 10 7 18 9 29 47 41 42 38 46 26 30 16 17 24 1 22 5 8 48 12 25 28 37 49 6 19 39 34 45 27 13 40 4 21 43 11 33 32 23 31 35 50 20 36 15 44 14 
student 445: 3 5 10 6 13 8 28 43 37 40 38 46 17 31 16 19 18 1 35 12 11 49 9 27 30 42 48 7 23 39 34 45 26 20 36 2 22 44 15 41 33 24 25 32 50 21 29 14 47 4 
student 446: 1 3 5 8 10 6 27 50 41 38 34 45 12 28 24 22 23 4 29 9 14 49 7 21 32 36 46 2 18 39 31 42 20 17 40 13 26 43 11 35 44 25 33 30 48 19 37 15 47 16 
student 447: 12 2 13 3 9 14 29 44 39 40 43 48 16 28 20 18 22 1 26 5 11 45 4 25 30 38 49 7 21 37 36 47 23 15 42 6 27 41 19 31 32 24 33 34 46 17 35 10 50 8 
student 448: 1 5 9 8 10 11 24 43 38 44 36 49 17 35 16 18 31 4 25 7 13 48 6 30 27 37 50 3 20 42 40 45 22 23 32 2 28 39 15 26 33 21 29 34 46 19 41 12 47 14 
student 449: 1 2 10 7 11 8 27 45 42 44 40 46 16 29 15 26 28 4 21 12 6 49 9 25 30 38 48 5 19 37 36 41 24 17 35 3 18 43 13 31 32 23 33 34 50 20 39 22 47 14 
student 450: 2 6 10 5 14 7 29 45 41 42 31 46 23 32 15 20 27 3 25 11 9 49 8 28 30 36 50 4 21 39 37 44 22 16 40 1 26 43 13 33 35 24 17 34 47 19 38 18 48 12 
student 451: 1 11 6 3 10 9 30 47 33 38 42 44 16 31 21 20 28 4 22 7 8 48 12 25 27 39 49 5 18 45 37 41 24 19 36 2 26 43 15 32 34 17 29 35 50 23 40 14 46 13 
student 452: 1 8 10 7 12 11 34 47 37 35 44 43 18 29 17 19 25 3 23 16 4 49 15 27 22 33 50 2 20 36 32 41 31 14 46 5 26 42 6 28 39 24 40 38 48 21 30 13 45 9 
student 453: 4 8 1 5 13 15 28 48 40 39 38 46 20 29 17 18 22 2 25 10 7 49 6 27 30 35 47 3 19 42 36 45 23 16 37 14 26 44 12 31 33 24 34 32 50 21 41 11 43 9 
student 454: 1 2 3 4 16 7 27 45 41 43 38 42 18 31 19 11 26 6 24 9 10 48 8 28 30 39 50 12 15 37 35 49 21 20 40 5 25 44 13 33 29 22 32 36 47 23 34 17 46 14 
student 455: 2 4 13 7 15 8 29 47 45 38 41 48 12 30 19 26 25 1 24 10 9 50 3 27 28 36 49 5 16 39 37 43 23 17 35 6 21 42 18 34 33 22 31 32 44 20 40 14 46 11 
student 456: 2 5 6 7 13 9 24 38 43 45 39 40 21 32 16 17 30 1 26 10 11 50 12 25 31 37 48 4 20 44 19 41 27 18 46 3 29 36 14 35 34 23 28 33 47 22 42 15 49 8 
student 457: 4 3 2 5 12 11 28 44 40 43 39 45 19 31 20 15 27 1 25 7 9 48 14 30 23 38 49 6 21 37 42 41 18 16 36 8 24 35 17 29 34 26 32 33 50 22 46 10 47 13 
student 458: 3 2 8 7 14 10 23 43 41 42 40 45 20 29 17 19 32 1 25 11 13 47 9 27 28 35 48 4 18 39 34 50 21 22 37 5 24 44 16 30 36 15 31 38 46 26 33 12 49 6 
student 459: 2 1 12 4 19 7 21 46 38 41 28 45 20 33 15 18 29 3 25 10 11 49 8 27 34 31 47 6 17 43 26 44 30 13 35 5 24 40 16 36 42 23 32 39 50 22 37 14 48 9 
student 460: 3 2 20 6 13 8 30 43 45 37 38 48 22 27 4 12 24 1 26 16 11 49 9 25 28 32 50 7 18 39 35 44 29 19 42 5 23 41 15 33 36 21 31 34 46 14 40 17 47 10 
student 461: 12 3 7 6 9 4 33 44 41 37 39 43 15 26 19 18 31 2 20 11 13 48 8 34 23 38 49 1 24 40 36 42 29 14 45 5 21 46 16 35 30 25 27 28 50 22 32 10 47 17 
student 462: 3 1 6 9 8 4 24 50 37 42 45 48 21 32 23 18 25 2 22 11 12 49 10 29 30 38 47 7 17 41 40 44 20 16 34 5 28 43 13 31 35 27 26 33 46 15 39 19 36 14 
student 463: 3 2 5 4 12 9 31 38 43 44 36 45 25 30 17 19 27 1 18 8 16 48 13 28 24 37 42 6 22 49 39 46 26 15 40 11 23 41 14 33 32 21 29 34 47 20 35 10 50 7 
student 464: 4 2 7 9 6 8 26 46 38 39 36 48 22 32 19 17 25 1 23 11 14 49 10 29 27 37 45 5 18 41 40 44 24 13 35 3 28 43 16 30 34 21 31 33 50 20 42 15 47 12 
student 465: 6 8 10 5 14 11 29 45 43 42 40 47 22 32 15 3 24 4 20 2 7 50 12 30 28 35 46 9 16 41 39 44 23 18 38 1 26 37 21 27 33 19 31 34 49 25 36 17 48 13 
student 466: 6 2 5 10 17 12 25 44 39 47 42 49 16 18 22 20 26 1 27 7 14 48 9 31 28 34 45 4 15 38 36 43 24 11 41 3 30 40 13 32 37 21 33 29 50 23 35 19 46 8 
student 467: 5 2 7 3 19 11 28 44 41 42 39 46 17 29 13 21 27 9 20 8 4 45 12 24 33 36 50 6 22 38 35 48 23 18 37 1 26 43 10 32 34 25 30 31 49 15 40 16 47 14 
student 468: 4 1 8 11 6 9 33 46 40 42 41 44 22 29 16 17 24 7 13 10 15 48 5 28 30 36 47 2 26 39 35 43 21 14 34 3 27 49 12 32 38 23 31 25 50 19 37 20 45 18 
student 469: 6 5 4 3 12 10 31 48 39 45 34 46 25 33 9 19 26 1 24 8 18 50 17 22 27 38 44 11 15 37 41 40 21 23 42 7 28 43 16 35 30 20 29 32 47 13 36 14 49 2 
student 470: 5 3 7 6 10 9 28 49 40 38 42 47 20 31 14 21 24 2 18 17 15 50 11 32 29 36 48 4 19 41 33 44 23 16 39 1 25 43 12 26 30 27 35 34 46 22 37 8 45 13 
student 471: 1 4 7 6 13 5 33 42 44 39 37 50 21 28 19 17 26 2 25 14 12 46 9 32 31 40 49 8 22 36 41 47 20 15 38 3 24 43 16 29 34 18 27 30 45 23 35 11 48 10 
student 472: 1 2 9 5 17 10 26 49 38 41 35 48 15 32 23 16 28 4 20 6 11 46 8 30 29 34 42 7 19 39 40 47 27 14 36 3 24 44 18 31 37 22 25 33 50 21 43 13 45 12 
student 473: 3 1 6 8 19 7 30 41 44 28 40 49 22 33 17 18 24 2 21 12 14 48 10 27 34 35 46 4 20 42 36 50 26 11 29 13 32 45 9 37 38 15 31 25 47 23 39 16 43 5 
student 474: 6 3 7 4 9 8 28 47 41 44 40 45 27 26 18 19 24 1 29 11 13 50 10 21 34 33 49 2 20 42 35 43 22 15 36 5 25 39 17 32 37 23 30 31 48 12 38 16 46 14 
student 475: 4 3 11 6 12 7 28 44 32 42 34 39 18 36 19 16 25 1 24 15 9 50 5 23 29 40 49 8 21 43 30 47 20 13 41 2 27 45 17 35 33 26 31 38 48 22 37 14 46 10 
student 476: 5 3 2 4 20 7 27 47 40 44 42 48 22 35 17 18 28 1 11 13 10 46 14 26 30 38 50 9 25 39 31 36 21 12 33 6 19 43 15 32 37 24 34 29 45 23 41 16 49 8 
student 477: 5 4 7 6 16 8 27 44 43 40 41 42 19 25 13 18 30 1 24 10 9 50 12 21 31 37 49 3 20 34 39 48 17 28 36 2 23 46 15 38 32 26 29 35 47 22 33 14 45 11 
student 478: 2 1 4 7 12 13 26 41 43 40 39 49 14 31 17 20 29 11 24 8 5 46 3 27 23 35 45 6 15 42 37 48 22 28 36 9 25 44 16 32 33 21 38 30 50 19 34 18 47 10 
student 479: 5 3 1 4 13 9 26 44 37 41 35 46 17 29 18 19 25 2 24 20 11 48 10 32 27 45 50 7 14 38 36 43 23 15 39 6 31 42 12 34 40 22 28 33 47 21 30 16 49 8 
student 480: 2 1 8 6 12 9 29 42 37 43 45 46 19 32 16 18 25 3 26 5 17 48 11 28 30 36 47 4 22 39 34 41 24 15 40 7 27 50 14 23 35 21 31 33 49 20 38 13 44 10 
student 481: 8 4 9 6 12 1 26 38 40 44 45 47 23 32 14 24 25 2 18 10 11 48 5 28 27 34 46 3 20 41 35 43 22 13 39 7 19 42 21 31 37 29 30 33 50 16 36 17 49 15 
student 482: 3 2 7 5 10 12 28 47 41 42 34 48 16 30 20 11 26 1 23 15 9 49 13 32 29 40 45 4 19 39 37 46 25 17 38 6 21 44 14 31 35 22 27 33 43 24 36 18 50 8 
student 483: 5 3 8 1 13 7 27 48 36 41 44 45 22 23 11 19 28 2 25 16 9 47 6 29 33 37 49 10 18 40 39 43 24 14 35 4 26 42 17 31 32 20 30 38 50 21 34 12 46 15 
student 484: 1 3 5 10 14 7 27 41 45 42 35 48 22 30 12 16 26 2 28 8 11 50 6 23 29 39 46 9 18 36 38 47 24 17 33 4 25 40 15 34 31 21 32 37 44 19 43 20 49 13 
student 485: 3 2 8 7 11 5 26 44 49 42 40 46 16 29 14 20 30 1 22 9 10 48 12 31 27 25 45 6 19 38 37 43 21 18 39 4 24 41 17 34 36 23 33 32 47 28 35 13 50 15 
student 486: 4 1 10 5 9 8 28 44 47 43 37 46 19 31 16 23 29 3 24 6 12 50 11 33 26 38 45 7 20 40 35 42 17 15 36 2 27 41 18 25 34 22 30 32 49 21 39 14 48 13 
student 487: 6 1 4 13 17 5 33 46 41 43 38 45 22 25 15 26 30 2 24 8 12 50 10 28 18 32 47 3 14 34 37 44 27 16 42 7 23 40 19 31 36 20 29 35 49 21 39 9 48 11 
student 488: 2 4 10 3 12 15 29 46 38 42 36 44 20 39 14 17 35 1 21 9 11 50 5 24 27 34 49 7 23 41 31 45 25 8 40 6 26 43 19 28 32 18 30 33 48 22 37 13 47 16 
student 489: 9 12 3 4 13 5 28 41 49 39 37 46 21 29 15 24 27 2 23 16 6 47 10 25 31 35 48 1 20 43 42 45 19 17 36 7 22 40 14 30 38 26 32 34 50 18 33 8 44 11 
student 490: 1 5 6 8 21 7 28 43 46 36 38 44 17 29 16 19 25 2 23 11 15 50 13 27 32 39 47 4 20 42 34 49 22 9 35 3 24 41 14 31 37 18 33 30 48 26 40 12 45 10 
student 491: 1 4 2 12 16 5 29 45 39 41 38 46 24 32 23 17 27 3 30 6 11 50 8 19 25 36 49 7 18 44 35 42 26 15 37 9 22 40 10 31 33 21 43 28 48 20 34 14 47 13 
student 492: 2 3 8 5 13 6 25 47 37 44 39 40 20 30 21 18 23 1 29 11 12 49 7 33 26 43 48 9 22 41 36 46 16 17 38 4 24 45 15 34 32 19 27 31 50 28 35 10 42 14 
student 493: 4 3 7 6 9 13 24 41 42 43 38 45 22 29 20 18 26 1 25 10 16 49 8 27 32 35 48 5 19 39 34 46 23 15 37 2 30 44 14 36 28 21 31 33 50 17 40 12 47 11 
student 494: 2 3 20 6 16 1 24 41 50 36 38 43 15 37 13 18 33 4 28 9 7 45 12 23 30 40 49 8 22 39 31 44 27 14 46 5 29 35 10 26 34 17 32 25 47 21 42 19 48 11 
student 495: 3 1 6 9 14 7 30 43 41 42 40 47 20 32 19 16 29 2 23 8 11 48 10 28 24 39 49 5 18 38 33 50 21 15 35 4 22 44 26 31 37 25 27 34 46 17 36 12 45 13 
student 496: 4 3 8 6 15 9 25 40 45 37 41 47 20 32 17 19 21 1 28 10 11 49 2 29 30 39 48 7 22 35 36 42 26 12 43 5 27 46 14 24 34 23 33 31 50 18 38 16 44 13 
student 497: 5 3 6 9 13 7 25 48 42 44 34 47 18 32 16 17 30 2 28 4 11 49 14 26 31 36 46 12 20 41 38 43 21 10 40 1 19 37 24 27 35 23 33 29 50 22 39 8 45 15 
student 498: 5 3 10 2 8 7 32 45 38 41 37 46 24 31 20 17 25 1 27 13 12 50 9 26 29 39 49 4 16 42 34 44 22 19 36 6 23 43 18 33 35 15 30 28 47 21 40 14 48 11 
student 499: 8 2 4 7 13 3 30 45 43 44 39 46 20 29 15 17 27 1 25 11 12 49 10 28 24 32 48 5 19 41 42 40 23 18 38 6 26 47 21 35 34 16 33 31 37 22 36 14 50 9 
