student 0: 16 9 43 5 45 37 28 18 29 21 1 3 22 32 46 14 23 33 20 50 24 36 27 17 25 35 2 41 48 8 30 7 42 31 34 6 40 10 12 11 44 38 26 13 39 47 4 19 15 49 
student 1: 20 1 45 6 43 41 25 23 28 27 7 3 18 39 49 15 29 33 13 48 21 32 22 16 19 38 2 42 47 17 26 5 44 37 35 12 34 4 9 11 40 36 30 8 31 46 10 24 14 50 
student 2: 12 5 44 2 45 37 30 20 25 27 3 1 16 32 48 15 24 41 14 49 26 40 23 21 19 36 7 47 46 17 29 8 42 38 39 6 28 9 11 13 34 33 35 18 31 43 4 22 10 50 
student 3: 17 7 43 3 46 39 27 23 32 28 2 5 18 30 44 19 21 38 12 50 25 41 24 16 20 40 1 36 48 9 29 8 47 26 33 10 37 6 13 11 42 31 35 14 34 45 4 22 15 49 
student 4: 19 7 43 4 46 38 21 25 24 32 2 3 23 30 45 5 14 34 15 49 31 37 26 17 22 35 1 44 48 12 29 11 41 27 39 10 47 6 9 13 40 28 33 18 36 42 8 20 16 50 
student 5: 20 10 45 4 47 40 28 17 27 30 3 5 22 34 49 14 21 41 16 50 32 38 19 18 23 25 1 43 46 11 31 9 42 26 36 6 37 2 7 12 39 33 35 13 29 44 8 24 15 48 
student 6: 19 5 43 1 46 40 30 17 27 24 2 6 21 37 48 18 25 33 16 49 28 38 29 22 23 36 3 41 50 12 31 11 42 26 35 7 39 4 15 10 47 20 34 9 32 44 14 13 8 45 
student 7: 15 5 42 3 49 37 28 18 26 31 2 4 22 32 47 14 24 38 16 50 25 33 21 11 23 44 1 41 48 8 29 10 45 34 39 6 35 9 12 13 46 30 27 17 36 40 7 20 19 43 
student 8: 18 6 46 1 47 42 26 20 25 29 8 9 21 33 44 19 23 37 11 48 24 35 28 13 17 36 2 41 49 5 32 10 40 34 38 7 39 4 3 15 43 27 30 14 31 45 12 22 16 50 
student 9: 17 5 38 4 43 33 39 21 26 30 1 8 18 34 49 14 22 36 16 50 29 40 24 20 23 37 2 41 46 10 27 11 44 31 42 9 35 3 6 13 45 25 32 12 28 47 7 19 15 48 
student 10: 12 1 42 5 49 40 25 23 24 33 3 4 21 32 46 17 19 38 18 50 20 41 27 14 22 30 2 44 48 10 31 8 45 34 35 7 37 6 11 16 39 28 29 15 36 47 9 26 13 43 
student 11: 21 6 48 1 50 39 28 20 24 29 8 4 18 32 43 11 25 40 16 47 23 34 26 12 17 35 2 49 46 7 30 3 44 31 36 15 37 5 10 14 42 27 33 22 38 41 9 19 13 45 
student 12: 19 6 44 5 45 36 34 22 17 26 4 1 20 40 47 14 23 37 16 50 27 43 29 18 21 35 3 39 46 15 24 11 38 30 41 9 32 8 2 12 42 25 33 13 31 48 7 28 10 49 
student 13: 15 3 45 2 50 39 25 17 22 31 4 5 24 33 46 18 21 34 19 49 23 42 30 13 11 28 1 40 48 16 29 7 43 35 38 8 37 12 9 10 41 27 32 14 36 44 6 26 20 47 
student 14: 16 2 47 6 50 49 24 22 31 29 3 5 19 34 42 11 26 37 12 48 25 36 23 17 18 35 1 40 43 13 27 8 41 30 38 10 39 7 9 20 45 28 33 15 32 44 4 21 14 46 
student 15: 17 6 48 4 43 37 31 21 23 26 5 7 18 27 46 14 24 38 15 47 28 39 25 16 22 35 1 44 49 12 34 9 45 32 36 8 40 3 2 13 41 33 30 11 29 42 10 20 19 50 
student 16: 15 5 41 3 50 48 30 31 23 29 1 4 19 34 45 17 21 38 14 43 22 35 26 24 20 37 2 47 46 12 32 10 42 18 39 11 33 7 8 13 40 27 36 9 28 44 6 25 16 49 
student 17: 18 4 44 2 47 32 29 17 25 21 1 5 16 37 49 15 19 41 22 50 23 42 26 20 24 31 3 39 45 13 38 9 43 34 36 8 35 10 7 11 40 28 30 12 33 46 6 27 14 48 
student 18: 14 10 50 8 45 37 25 21 26 29 3 5 20 40 47 15 22 35 18 49 23 36 24 19 17 33 4 46 48 2 30 13 42 31 39 7 38 6 12 1 41 28 32 9 34 43 11 27 16 44 
student 19: 16 2 50 1 49 35 29 22 23 26 3 11 20 40 47 15 21 36 17 48 27 39 25 18 19 34 7 41 45 12 31 8 38 28 37 6 43 4 9 14 44 33 32 10 30 46 5 24 13 42 
student 20: 27 4 42 6 43 41 25 22 23 28 1 5 29 35 50 14 19 36 15 49 21 37 24 17 20 38 2 39 48 12 26 10 44 31 33 8 40 3 7 11 45 30 32 13 34 47 9 18 16 46 
student 21: 21 4 49 1 38 40 27 19 24 35 5 7 17 30 47 15 22 34 18 45 23 41 20 16 29 33 3 46 42 13 26 11 48 28 36 8 43 2 6 14 44 31 32 12 39 37 9 25 10 50 
student 22: 11 12 39 4 48 41 27 19 26 37 2 5 18 42 49 16 24 36 17 50 28 40 21 20 22 34 1 38 46 7 29 10 30 31 33 8 43 6 13 9 47 25 32 14 35 44 3 23 15 45 
student 23: 19 6 43 3 48 40 26 17 25 31 1 13 18 34 46 11 23 35 21 47 20 39 24 22 16 29 2 42 49 12 32 9 44 33 41 5 36 7 8 10 38 28 27 14 37 45 4 30 15 50 
student 24: 14 4 45 1 48 42 25 22 30 29 3 5 20 28 46 15 23 34 16 47 19 38 24 17 18 35 2 43 49 13 32 9 41 31 37 8 39 11 12 21 44 26 36 10 33 40 6 27 7 50 
student 25: 11 2 42 4 46 33 23 22 20 30 3 8 19 36 47 16 27 38 17 44 26 35 29 18 24 34 1 45 48 9 28 14 50 31 37 12 41 5 7 15 43 25 32 10 39 40 13 21 6 49 
student 26: 17 3 40 1 46 36 27 21 24 34 6 2 25 33 50 13 26 38 18 47 22 42 23 15 20 37 5 35 43 16 31 12 48 30 39 10 41 8 4 11 45 29 28 9 32 44 7 19 14 49 
student 27: 15 3 48 1 47 42 25 20 31 29 5 4 16 33 45 18 23 38 19 49 24 39 22 17 21 30 2 36 46 11 27 10 44 28 37 7 40 6 8 12 41 34 32 14 35 43 9 26 13 50 
student 28: 18 3 47 6 48 39 32 19 21 31 4 7 16 34 41 15 23 35 17 49 29 40 22 20 24 33 1 38 42 13 27 9 46 26 37 10 43 5 2 12 45 28 30 11 36 44 8 25 14 50 
student 29: 19 7 47 1 48 42 22 12 35 31 3 5 18 32 45 16 21 40 17 49 25 36 23 24 20 34 4 43 46 15 33 11 44 28 37 2 38 6 9 8 41 27 29 14 30 39 10 26 13 50 
student 30: 11 7 43 3 46 45 25 22 18 32 1 2 21 31 47 19 29 35 17 48 27 36 23 16 20 34 4 40 41 12 26 13 44 28 38 15 39 6 8 9 42 37 33 10 30 49 5 24 14 50 
student 31: 17 6 40 1 42 39 28 15 27 29 4 3 21 31 48 13 23 34 20 49 19 36 25 18 22 32 2 44 47 9 33 11 45 30 38 8 43 5 10 12 37 26 35 16 41 46 7 24 14 50 
student 32: 20 6 48 4 40 36 27 13 26 31 5 1 14 37 47 21 19 35 17 50 23 42 29 18 22 34 2 39 46 8 33 10 44 41 38 9 25 3 12 11 43 30 28 16 32 45 7 24 15 49 
student 33: 14 5 39 2 46 35 24 28 23 25 1 4 18 34 47 16 22 32 15 50 19 36 31 20 21 29 7 38 49 9 33 13 42 27 41 3 44 6 10 17 40 30 37 12 43 45 8 26 11 48 
student 34: 16 7 44 5 49 42 25 18 29 17 4 3 19 32 45 13 23 35 15 50 24 38 30 22 21 34 1 43 47 20 37 6 46 27 41 14 39 9 2 12 40 28 33 8 31 36 10 26 11 48 
student 35: 16 8 41 3 46 38 29 14 27 30 6 7 21 35 48 15 23 42 18 50 22 40 26 20 19 32 5 43 45 9 33 17 39 31 34 11 36 4 2 12 47 25 28 13 37 44 1 24 10 49 
student 36: 11 3 49 2 43 38 28 22 27 29 4 5 24 32 45 17 25 40 16 50 21 42 30 18 19 35 1 36 47 15 31 13 41 26 39 10 37 7 8 12 46 23 34 9 33 48 6 20 14 44 
student 37: 14 6 46 4 47 42 24 21 26 30 3 1 20 33 40 18 22 36 17 48 23 39 15 19 25 34 2 37 49 9 29 11 44 35 38 10 41 5 8 12 43 28 32 16 31 45 7 27 13 50 
student 38: 18 6 44 4 46 40 32 26 25 23 3 2 17 34 48 15 19 35 20 49 21 39 24 12 27 31 1 41 47 10 29 13 43 28 37 5 36 7 8 14 42 30 33 11 38 45 9 22 16 50 
student 39: 13 4 48 3 46 41 31 17 18 24 1 10 21 33 45 11 22 36 19 49 27 35 25 20 23 37 2 40 47 6 30 14 42 29 43 12 39 7 5 9 38 26 32 16 34 44 8 28 15 50 
student 40: 22 1 45 8 46 39 31 20 21 29 5 2 14 27 47 15 23 43 24 49 19 32 28 18 17 38 7 40 48 6 30 12 42 33 35 10 36 9 11 13 41 26 34 16 37 44 3 25 4 50 
student 41: 14 9 45 7 47 40 28 19 23 30 3 2 21 39 46 13 20 35 16 50 22 37 26 18 25 33 1 42 49 12 32 6 44 29 36 5 38 4 10 11 41 27 34 15 31 43 8 24 17 48 
student 42: 19 3 41 4 44 36 30 16 25 27 1 5 17 35 38 14 24 37 18 46 22 40 29 23 21 34 2 49 45 11 26 13 42 33 39 8 43 15 12 7 48 28 31 9 32 50 6 20 10 47 
student 43: 16 6 45 2 48 38 25 24 29 33 1 3 20 31 47 12 23 35 7 49 19 42 26 18 21 40 4 39 46 11 30 5 43 22 37 14 41 8 10 13 34 27 32 17 36 44 9 28 15 50 
student 44: 14 6 45 2 49 39 22 24 29 27 1 3 21 32 44 19 23 36 17 50 18 37 20 9 25 33 4 41 48 8 30 15 42 31 38 7 40 5 10 13 43 28 35 11 34 46 12 26 16 47 
student 45: 14 6 45 3 46 43 28 12 27 29 2 4 22 36 50 20 19 33 17 47 25 41 31 16 21 40 1 34 48 9 24 18 42 35 39 13 38 5 7 8 37 30 26 11 32 44 10 23 15 49 
student 46: 12 6 46 2 44 41 32 15 26 27 5 3 14 36 49 19 21 34 13 50 24 39 25 23 18 35 1 40 47 20 30 11 43 28 37 4 38 8 7 9 42 29 31 16 33 45 10 22 17 48 
student 47: 18 10 45 5 46 38 24 19 26 29 3 6 22 36 47 16 21 34 17 50 27 37 33 20 15 39 1 40 48 7 25 9 42 30 35 12 43 2 11 8 41 28 32 13 31 44 4 23 14 49 
student 48: 30 2 46 3 47 38 28 20 25 24 11 4 18 34 45 16 22 40 14 48 21 36 23 17 19 35 1 39 49 8 31 12 43 29 37 9 41 5 6 15 42 32 27 13 33 44 7 26 10 50 
student 49: 15 1 41 5 45 42 31 19 27 25 2 4 22 38 47 21 23 36 17 50 30 33 24 16 18 40 7 46 49 9 28 10 43 29 39 8 37 3 11 12 26 35 34 14 32 44 6 20 13 48 
student 50: 15 7 46 4 47 40 29 20 34 30 3 5 21 35 49 13 23 37 17 48 19 44 25 18 24 38 1 41 45 12 22 10 42 33 31 8 32 9 6 11 36 26 39 16 27 43 2 28 14 50 
student 51: 22 4 46 3 48 38 27 20 31 25 1 2 18 33 43 12 21 32 17 50 23 42 24 14 19 35 5 41 49 9 28 15 39 34 36 8 40 6 10 11 45 30 37 16 29 44 7 26 13 47 
student 52: 17 6 43 3 44 40 28 19 27 26 5 9 18 32 50 20 24 37 16 48 22 39 25 10 21 34 1 45 46 8 31 12 47 29 36 7 38 2 11 15 41 30 35 13 33 42 4 23 14 49 
student 53: 17 3 50 9 45 41 24 21 25 28 2 5 7 34 47 13 22 32 19 49 27 40 23 15 20 38 1 39 48 18 33 12 43 31 35 10 36 4 11 6 42 29 30 14 37 46 8 26 16 44 
student 54: 12 14 45 2 47 37 28 21 27 31 1 6 13 36 46 16 23 39 17 48 22 35 24 19 20 38 3 40 50 11 29 7 42 33 34 8 41 5 9 10 43 26 30 15 32 44 4 25 18 49 
student 55: 20 3 40 2 47 35 25 23 28 29 1 4 17 30 45 11 27 37 21 44 24 38 26 16 18 34 5 50 48 12 31 6 43 32 42 10 39 8 7 15 41 36 22 14 33 46 9 19 13 49 
student 56: 15 6 40 3 48 39 33 25 26 28 2 4 16 35 46 20 14 36 18 49 19 34 24 22 21 32 1 42 50 13 30 11 41 29 43 8 37 7 9 12 47 27 31 17 38 44 5 23 10 45 
student 57: 19 2 43 3 47 36 28 20 18 27 5 4 17 37 48 14 24 32 13 50 22 34 26 25 21 39 1 40 44 6 38 12 41 30 42 7 35 15 9 16 46 29 31 10 33 45 8 23 11 49 
student 58: 17 8 37 1 43 41 23 20 31 30 2 3 24 33 47 13 25 32 16 50 21 39 22 19 18 36 5 44 49 10 29 9 46 35 34 11 40 4 6 15 45 26 28 12 38 42 7 27 14 48 
student 59: 18 1 44 4 49 42 22 15 27 28 6 5 23 34 43 17 16 35 20 48 24 38 29 21 19 32 3 39 47 14 33 9 41 30 37 11 45 2 8 13 36 26 31 10 40 46 7 25 12 50 
student 60: 24 12 47 3 45 37 27 21 25 31 4 1 17 35 49 13 23 40 16 50 22 38 26 19 18 30 2 42 48 9 33 8 43 28 39 10 36 6 5 11 41 29 34 15 32 46 7 20 14 44 
student 61: 13 4 47 1 45 41 27 22 30 16 2 7 21 31 48 18 20 36 14 50 23 38 25 19 24 34 3 40 49 11 28 12 44 33 37 9 42 8 10 17 39 29 32 6 35 43 5 26 15 46 
student 62: 16 3 44 7 47 33 23 14 27 28 2 6 17 35 50 18 24 37 21 46 19 43 25 22 20 38 4 41 39 10 29 13 45 31 40 1 49 9 11 8 36 30 32 15 34 42 5 26 12 48 
student 63: 26 4 43 5 46 40 28 22 21 25 1 6 17 31 47 11 18 35 16 38 23 37 24 20 14 36 2 44 49 19 32 12 48 27 39 9 41 10 8 7 45 33 30 13 34 42 3 29 15 50 
student 64: 15 5 40 6 45 44 28 29 24 32 1 3 25 31 48 20 21 37 14 50 16 43 19 22 18 26 2 41 47 11 27 10 42 34 38 9 39 4 12 8 36 30 33 13 35 46 7 23 17 49 
student 65: 18 5 40 2 46 38 27 14 22 35 4 7 19 30 43 21 16 41 26 48 20 42 25 13 23 36 1 34 47 12 44 11 45 28 31 10 37 9 15 6 39 33 29 17 32 49 3 24 8 50 
student 66: 14 5 47 9 46 40 34 28 22 23 1 7 21 39 44 12 19 30 16 50 25 36 26 18 20 33 4 42 48 13 37 10 45 32 38 6 35 3 2 15 41 31 29 8 27 43 11 24 17 49 
student 67: 15 6 47 3 44 43 29 22 20 26 5 4 21 33 49 16 24 34 13 50 27 39 23 17 18 38 1 40 45 8 32 19 42 35 36 12 37 2 10 11 41 28 30 14 31 46 7 25 9 48 
student 68: 16 5 43 4 50 40 26 23 22 28 1 2 19 34 47 10 20 33 21 49 24 31 25 18 17 38 6 39 44 13 29 9 46 30 45 8 37 12 11 15 42 32 36 3 35 41 7 27 14 48 
student 69: 15 7 42 3 46 41 25 21 27 29 1 5 18 33 47 16 20 38 19 49 34 39 22 17 23 36 2 40 50 13 24 10 45 30 43 8 35 6 12 9 37 28 31 14 32 44 4 26 11 48 
student 70: 10 3 47 5 44 43 27 21 26 29 1 4 30 37 45 14 24 35 16 48 20 38 25 18 19 36 2 40 50 17 32 13 42 33 39 8 31 6 12 7 41 28 34 11 22 46 9 23 15 49 
student 71: 22 2 43 4 47 37 19 28 25 30 1 3 18 34 46 12 23 38 16 49 24 39 20 15 21 32 7 41 48 11 35 6 42 29 36 5 40 9 10 13 44 27 31 17 33 45 14 26 8 50 
student 72: 12 9 43 2 44 45 25 22 30 35 1 3 14 33 48 18 21 37 23 49 29 36 20 19 16 27 5 39 46 10 26 15 47 34 38 11 41 4 6 17 40 31 32 13 28 42 8 24 7 50 
student 73: 14 5 44 4 45 38 25 20 29 22 3 10 19 33 48 17 27 40 16 47 23 41 30 18 21 35 1 42 50 11 24 2 39 31 37 9 36 8 6 12 43 26 32 13 34 46 7 28 15 49 
student 74: 22 9 47 5 45 42 26 20 29 37 1 6 18 36 50 16 21 38 17 49 23 33 32 15 19 40 7 44 48 13 27 10 41 28 35 4 39 8 3 12 34 24 30 11 31 43 2 25 14 46 
student 75: 17 5 41 2 46 39 24 18 27 29 1 6 21 35 47 12 22 48 15 50 23 44 20 26 19 32 3 38 49 13 28 11 42 30 37 10 34 7 8 9 40 31 36 14 33 45 4 25 16 43 
student 76: 15 6 43 20 45 44 31 22 27 26 3 5 18 32 49 13 21 36 16 48 30 28 25 19 17 37 1 46 50 4 33 11 39 38 34 9 40 2 8 10 41 24 29 12 35 42 7 23 14 47 
student 77: 23 5 42 4 47 43 19 16 26 30 10 2 21 36 45 15 24 34 20 48 14 40 25 18 17 37 1 29 49 7 31 12 44 33 38 9 41 3 13 8 39 27 35 11 32 46 6 28 22 50 
student 78: 20 4 36 3 48 41 19 18 28 34 2 7 21 29 44 14 23 30 17 42 24 38 26 22 16 40 5 43 47 12 31 1 49 32 39 8 37 6 10 15 45 27 33 13 35 46 9 25 11 50 
student 79: 14 5 48 2 47 39 23 11 29 32 3 4 24 37 42 17 26 43 19 45 20 38 25 22 18 27 1 40 50 13 30 10 44 34 36 7 33 6 8 9 41 28 35 15 31 46 12 21 16 49 
student 80: 18 4 39 5 44 36 30 21 26 28 1 2 20 38 43 15 24 40 19 48 17 45 27 16 22 32 3 37 49 12 31 11 42 23 41 8 35 6 10 14 46 34 29 9 33 47 7 25 13 50 
student 81: 14 4 41 7 48 43 31 18 27 28 2 3 17 34 46 22 21 33 15 47 25 37 24 16 19 39 1 40 49 12 35 11 42 32 36 10 38 6 9 5 44 26 30 13 29 45 8 23 20 50 
student 82: 16 7 46 3 44 42 26 17 29 31 1 2 21 36 49 18 22 40 19 47 23 32 25 14 20 35 4 41 48 12 28 13 43 33 38 10 39 9 6 5 37 27 30 11 34 45 8 24 15 50 
student 83: 14 5 47 3 46 37 28 23 27 30 1 2 19 34 48 16 22 35 18 49 21 38 26 17 20 36 4 45 50 10 25 8 40 31 42 9 39 6 11 12 44 29 32 13 33 41 7 24 15 43 
student 84: 15 3 45 4 46 37 23 20 25 33 8 13 19 31 50 22 24 34 14 49 21 41 26 11 17 32 2 42 47 10 29 9 43 35 36 7 38 1 5 12 40 27 30 18 39 44 6 28 16 48 
student 85: 18 4 44 2 45 38 28 20 24 30 3 6 22 34 46 12 27 37 21 49 13 41 23 16 26 39 1 40 47 9 31 14 42 33 36 7 35 5 15 11 48 29 25 10 32 43 8 19 17 50 
student 86: 8 4 41 3 50 36 25 24 28 32 6 5 18 27 44 19 20 33 16 48 26 39 30 14 22 34 2 40 47 13 35 12 46 31 38 7 37 1 11 9 45 23 21 15 43 42 10 29 17 49 
student 87: 18 8 43 3 49 40 27 11 29 25 4 5 23 32 48 13 21 35 19 50 24 38 26 17 20 36 1 37 46 12 31 10 42 28 44 7 34 6 9 16 45 30 33 14 41 39 2 22 15 47 
student 88: 15 10 43 5 50 42 30 21 27 25 2 1 17 33 44 6 22 37 16 46 24 38 26 19 20 35 3 36 48 12 32 11 41 29 39 9 45 4 8 13 40 28 31 14 34 49 7 23 18 47 
student 89: 16 2 42 4 48 39 27 21 26 29 1 6 19 37 44 11 24 45 17 50 22 34 25 18 20 30 7 40 47 8 38 9 43 31 33 3 36 10 14 12 41 28 32 13 35 46 5 23 15 49 
student 90: 15 7 46 5 48 41 25 17 28 32 3 2 20 31 43 18 19 40 21 49 24 37 26 13 22 35 1 36 50 6 27 16 45 30 34 10 38 8 11 9 44 29 39 12 33 42 4 23 14 47 
student 91: 16 4 44 5 47 43 26 20 28 25 1 3 14 34 50 12 27 41 21 45 23 39 24 17 19 37 2 40 48 15 31 8 42 32 36 11 33 6 10 13 38 30 29 7 35 46 9 22 18 49 
student 92: 14 3 42 2 50 43 34 21 25 29 1 5 24 33 48 19 17 35 22 44 27 45 15 16 23 37 4 40 36 12 31 10 46 26 38 7 39 8 6 18 47 28 30 11 32 41 9 20 13 49 
student 93: 16 6 46 3 44 42 28 20 25 30 1 5 15 36 50 14 22 38 21 49 24 35 23 17 19 26 2 41 45 11 32 9 39 31 29 10 40 4 18 8 43 33 34 12 37 48 7 27 13 47 
student 94: 18 7 48 5 47 37 23 20 22 29 4 3 19 30 42 15 26 34 16 49 21 39 28 24 17 33 1 46 45 12 32 10 44 31 41 9 36 6 11 13 38 25 40 2 35 43 8 27 14 50 
student 95: 9 7 48 2 40 39 24 20 28 29 3 5 17 36 49 18 21 35 25 41 26 43 22 15 19 32 1 42 50 14 30 8 44 31 37 11 34 6 12 10 45 23 33 13 38 47 4 27 16 46 
student 96: 17 8 46 3 44 42 26 18 24 34 1 2 19 37 50 15 25 38 7 47 22 39 23 9 21 31 6 36 45 13 29 16 41 32 40 10 35 4 12 11 43 28 33 20 30 49 5 27 14 48 
student 97: 18 4 42 1 43 31 20 19 27 28 6 7 23 37 44 12 25 36 16 49 26 41 24 22 17 38 2 45 47 13 32 15 39 30 35 8 40 5 3 10 46 29 33 11 34 50 9 21 14 48 
student 98: 11 17 44 15 43 41 23 18 28 38 2 5 7 35 46 20 22 37 12 50 19 32 24 21 27 33 1 42 49 10 34 13 40 36 29 6 39 3 8 9 45 30 31 16 25 47 4 26 14 48 
student 99: 15 11 41 3 45 39 25 22 27 29 4 2 16 31 48 18 24 36 20 49 23 43 19 17 21 35 5 40 47 7 32 9 42 30 37 8 38 1 6 10 44 26 34 14 33 46 13 28 12 50 
student 100: 17 6 44 3 47 36 26 18 24 30 1 5 20 34 48 13 25 37 23 50 28 45 21 14 19 35 2 40 46 15 31 8 43 29 38 10 42 4 11 9 39 27 33 12 32 41 7 22 16 49 
student 101: 16 3 42 2 49 43 31 17 29 27 6 4 13 35 44 14 22 32 18 48 26 37 28 19 21 38 1 46 47 10 34 9 45 30 40 8 33 5 15 11 41 25 36 12 24 39 7 23 20 50 
student 102: 20 6 47 3 49 37 36 19 24 30 1 9 23 29 42 14 22 41 17 46 25 43 26 18 11 35 2 39 48 10 28 8 44 32 40 12 38 7 4 13 31 27 33 16 34 45 5 21 15 50 
student 103: 18 6 42 5 49 35 29 28 26 27 1 4 19 38 46 13 22 31 16 44 21 39 23 17 20 36 2 40 48 12 25 10 45 32 43 3 30 7 9 14 50 33 34 15 37 41 11 24 8 47 
student 104: 10 3 44 6 46 42 29 22 23 27 2 1 18 28 47 19 20 32 16 50 24 38 26 17 21 33 4 39 49 14 31 9 41 34 36 8 40 5 7 11 45 30 37 13 35 43 12 25 15 48 
student 105: 13 15 46 2 48 40 24 21 19 32 1 5 22 33 44 18 26 31 17 45 25 42 27 10 20 34 3 43 50 8 28 16 41 37 35 7 36 4 11 12 39 29 30 14 38 47 6 23 9 49 
student 106: 12 6 47 5 48 40 29 28 21 31 18 2 16 34 45 19 24 39 14 49 22 36 26 23 17 35 1 42 46 11 27 9 43 32 33 3 38 8 10 13 44 25 37 7 30 41 4 20 15 50 
student 107: 23 11 47 7 48 39 28 13 35 25 3 4 15 33 46 9 22 36 18 49 19 42 31 20 24 37 1 43 44 16 29 14 45 34 26 10 38 2 6 12 40 27 30 8 32 41 5 21 17 50 
student 108: 16 5 50 3 43 37 29 27 21 24 2 6 19 33 46 15 28 36 18 47 10 40 26 20 23 31 4 41 45 17 25 12 39 34 35 11 44 1 7 8 42 32 38 9 30 48 13 22 14 49 
student 109: 17 3 43 1 47 38 29 18 30 32 2 5 21 34 48 22 23 37 14 49 16 42 24 20 19 35 4 44 46 11 31 12 39 36 26 9 40 7 8 13 45 27 28 6 33 41 10 25 15 50 
student 110: 16 5 41 3 48 43 28 17 18 26 2 4 21 32 45 15 22 35 19 50 24 33 25 20 23 31 1 40 47 11 30 9 46 29 42 12 38 6 7 13 44 36 34 14 39 37 8 27 10 49 
student 111: 15 7 47 5 43 39 28 23 26 30 17 3 16 32 36 12 18 35 19 48 24 37 20 21 22 34 6 41 49 1 27 9 46 33 44 10 40 4 8 11 42 29 31 14 38 45 2 25 13 50 
student 112: 17 6 45 10 41 43 27 24 23 31 5 3 22 36 39 14 16 33 18 47 28 40 20 19 21 37 1 44 50 8 34 9 38 32 30 15 35 7 2 13 48 25 29 12 42 46 4 26 11 49 
student 113: 19 8 50 2 45 36 28 13 20 30 1 5 14 43 48 10 25 34 23 47 24 40 26 17 27 35 3 38 46 12 29 7 44 33 39 11 31 9 16 18 41 21 37 15 32 42 4 22 6 49 
student 114: 16 7 44 3 46 33 30 23 27 31 4 6 19 29 43 17 25 36 18 48 20 45 24 12 21 35 1 37 49 11 28 14 47 34 39 10 42 2 8 13 38 22 32 9 40 41 5 26 15 50 
student 115: 12 1 43 9 47 44 17 22 24 26 6 11 27 28 49 15 23 35 16 48 21 41 29 20 18 37 8 42 50 14 32 4 39 31 36 5 38 2 7 19 45 34 33 13 30 46 3 25 10 40 
student 116: 22 4 44 3 46 41 28 25 29 31 2 1 17 36 48 14 19 32 18 50 23 38 20 21 15 35 8 45 49 11 33 6 37 39 34 5 40 10 7 13 42 26 30 12 27 43 9 24 16 47 
student 117: 16 2 47 4 46 41 28 18 23 29 5 1 15 33 45 17 34 31 24 48 22 35 26 19 20 43 3 39 49 11 32 14 44 27 36 9 37 6 10 8 42 25 30 13 40 38 7 21 12 50 
student 118: 17 9 43 4 48 34 27 24 30 28 5 1 20 33 47 19 21 37 13 50 26 41 25 16 18 35 2 44 46 7 31 10 39 29 36 8 38 6 15 12 42 22 32 11 40 45 3 23 14 49 
student 119: 19 6 48 7 43 34 30 23 21 31 2 5 16 41 39 17 15 38 20 50 24 45 29 18 22 35 1 40 46 12 28 8 44 33 26 9 37 3 10 13 42 27 36 11 32 47 4 25 14 49 
student 120: 15 6 43 2 38 41 28 20 26 33 10 3 16 31 45 21 24 42 12 47 25 36 17 19 23 40 1 39 49 14 32 8 44 29 37 13 34 5 4 18 46 27 35 11 30 48 7 22 9 50 
student 121: 18 7 43 2 47 44 28 20 27 29 5 6 25 33 48 16 21 34 15 49 22 40 23 17 19 38 1 42 50 12 30 8 35 32 37 11 39 4 9 10 46 24 31 14 36 41 3 26 13 45 
student 122: 12 4 44 3 48 40 27 23 24 32 2 10 13 35 47 19 17 37 16 46 21 29 26 20 22 34 1 45 49 11 28 9 42 25 38 7 39 8 5 14 41 31 36 18 33 43 6 30 15 50 
student 123: 15 10 46 2 49 41 29 20 28 30 3 4 21 33 50 13 24 38 18 47 25 36 23 19 22 34 1 37 42 7 27 11 43 31 39 6 44 5 12 14 40 26 32 9 35 45 8 17 16 48 
student 124: 15 4 47 1 46 36 26 19 25 32 8 2 20 22 49 11 30 37 18 48 23 31 27 17 21 35 3 41 40 13 29 6 44 39 38 10 42 5 9 12 43 33 34 16 28 45 7 24 14 50 
student 125: 22 4 41 7 46 26 30 21 27 32 2 5 15 34 48 14 24 36 13 49 20 43 25 16 19 31 1 44 50 17 33 10 42 29 38 8 39 3 12 18 40 28 35 11 37 45 6 23 9 47 
student 126: 17 2 43 3 46 37 26 22 27 29 1 7 23 36 47 11 25 35 18 50 15 41 19 16 21 34 4 42 49 12 30 13 44 31 39 9 38 5 8 6 45 24 32 20 33 40 10 28 14 48 
student 127: 17 7 45 9 47 43 29 22 28 30 3 1 18 32 46 25 23 33 14 50 19 34 24 16 21 40 2 36 44 6 35 10 48 31 37 5 39 4 11 12 41 27 20 13 38 42 8 26 15 49 
student 128: 18 5 46 8 35 39 23 21 26 29 2 4 19 36 45 12 20 44 14 50 28 37 25 16 22 32 3 40 49 11 31 13 48 30 38 7 42 6 9 10 47 27 34 17 33 43 1 24 15 41 
student 129: 16 5 44 2 41 40 25 24 30 31 4 3 19 35 48 13 29 28 15 47 22 37 18 20 21 26 1 42 49 14 43 11 45 33 32 12 39 6 8 10 38 17 36 9 34 50 27 23 7 46 
student 130: 13 4 48 3 44 38 28 23 25 22 2 7 19 31 47 17 18 37 14 49 26 46 29 16 21 34 6 41 43 11 27 12 42 35 40 10 36 5 20 9 39 32 30 1 33 45 8 24 15 50 
student 131: 14 5 46 4 37 36 31 20 27 28 2 3 23 33 42 16 21 39 15 48 19 35 26 18 24 38 1 41 47 12 22 8 43 32 40 7 44 6 13 10 45 30 34 11 29 49 9 25 17 50 
student 132: 16 2 43 7 44 48 25 22 29 28 3 8 18 35 50 15 27 38 17 45 20 41 23 21 26 37 1 47 49 13 33 11 32 34 36 5 40 4 9 10 39 24 30 12 31 42 6 19 14 46 
student 133: 16 11 49 2 43 39 26 21 25 28 3 5 18 34 45 20 19 38 14 48 30 35 27 24 15 46 1 40 50 12 36 7 41 33 31 10 32 6 8 4 42 23 37 13 29 44 9 22 17 47 
student 134: 19 4 44 12 47 42 29 24 26 28 3 6 17 38 48 18 22 31 16 50 23 34 20 15 21 39 2 33 49 11 30 9 41 32 35 8 40 1 5 10 45 25 37 13 36 43 7 27 14 46 
student 135: 16 7 45 1 46 42 27 23 24 26 4 5 20 34 48 15 22 32 17 49 25 41 28 18 21 37 2 36 43 9 31 11 47 39 38 3 35 10 6 13 40 29 30 12 33 44 8 19 14 50 
student 136: 15 4 45 5 41 40 28 18 17 29 3 2 14 35 49 13 22 36 21 47 32 37 23 20 24 31 1 42 50 11 30 8 44 33 38 7 39 6 12 16 43 26 27 9 34 46 10 25 19 48 
student 137: 18 7 45 1 49 44 28 21 27 29 5 2 19 35 48 13 25 37 15 50 20 43 22 14 23 24 3 36 46 16 34 17 40 30 38 9 39 8 6 10 41 32 33 11 31 42 4 26 12 47 
student 138: 16 4 49 1 48 41 25 24 33 27 3 7 22 32 40 8 23 36 20 50 18 38 21 19 17 29 2 44 46 10 31 9 45 34 37 5 39 11 12 14 42 26 35 13 30 47 6 28 15 43 
student 139: 10 7 46 3 45 42 27 22 23 29 1 5 18 34 48 11 24 35 16 47 19 38 26 20 21 36 2 39 49 8 30 9 43 32 37 12 44 6 13 14 41 28 31 17 33 40 4 25 15 50 
student 140: 18 8 39 2 50 40 27 23 26 29 3 6 17 35 47 7 22 36 5 49 19 41 24 21 25 37 1 38 46 14 32 12 43 33 42 9 31 4 10 11 44 30 28 13 34 45 15 20 16 48 
student 141: 15 3 43 7 45 41 24 23 26 27 6 4 16 39 47 14 19 31 22 48 21 40 25 18 20 35 1 38 49 12 33 10 42 29 36 2 37 5 9 11 46 30 34 13 32 44 8 28 17 50 
student 142: 19 6 38 2 44 42 31 24 21 29 3 4 20 27 48 11 33 32 15 47 16 39 30 18 22 35 1 45 50 12 26 7 37 40 36 10 41 8 9 14 43 23 28 13 34 49 5 25 17 46 
student 143: 16 5 44 7 47 39 27 22 26 29 2 4 19 24 46 13 28 33 18 48 23 38 25 17 20 43 1 41 50 8 32 12 40 30 35 6 37 3 11 14 42 34 31 9 36 45 10 21 15 49 
student 144: 23 1 45 6 48 39 27 18 21 30 3 4 15 33 46 13 24 38 16 50 28 35 29 20 17 37 2 40 42 9 26 5 44 31 34 12 43 7 10 14 41 22 32 11 36 47 8 25 19 49 
student 145: 16 9 44 4 47 40 27 20 26 29 2 6 23 32 45 18 17 42 15 49 22 41 28 19 21 35 1 39 48 12 31 8 38 33 37 10 36 3 5 11 46 24 30 13 34 43 7 25 14 50 
student 146: 16 2 42 5 49 39 29 17 25 30 1 3 27 33 48 15 21 43 18 50 36 37 22 23 13 38 8 44 47 10 26 11 41 19 34 6 35 4 7 12 40 28 31 14 32 45 9 24 20 46 
student 147: 10 3 45 4 41 40 27 20 26 35 1 5 14 38 46 12 18 39 19 47 24 37 25 21 22 36 2 48 50 13 32 15 43 30 31 7 34 6 11 9 42 29 28 17 33 44 8 23 16 49 
student 148: 18 5 44 2 46 42 28 17 20 29 7 3 21 31 48 15 24 37 19 50 26 39 27 16 23 34 1 40 47 13 36 9 41 30 38 4 35 8 12 10 45 25 33 11 32 43 6 22 14 49 
student 149: 19 5 42 2 46 41 25 20 26 29 1 4 22 36 47 16 21 39 13 49 27 37 24 17 18 34 3 38 48 14 30 12 44 31 35 8 40 6 11 9 43 28 33 10 32 45 7 23 15 50 
student 150: 14 5 48 1 50 42 29 26 32 30 4 6 16 33 44 15 20 34 18 45 23 38 19 22 25 36 3 40 47 13 35 11 46 27 37 12 39 7 8 10 41 21 31 9 28 43 2 24 17 49 
student 151: 15 3 47 2 46 39 29 19 27 22 4 5 17 37 49 16 21 36 18 50 24 43 25 12 23 35 1 32 42 14 28 10 45 33 44 13 38 7 9 8 41 30 31 20 34 40 6 26 11 48 
student 152: 14 3 44 6 45 34 24 19 26 32 4 2 21 41 50 5 23 36 15 49 28 43 25 18 22 35 1 42 47 11 29 17 48 31 38 8 40 10 12 7 39 27 33 13 30 37 9 20 16 46 
student 153: 17 7 43 2 48 41 28 18 29 31 1 5 24 35 44 16 20 33 22 49 23 42 25 15 19 37 6 34 47 4 40 8 45 36 32 12 38 3 9 11 39 26 27 13 30 46 10 21 14 50 
student 154: 14 5 47 2 43 36 26 21 28 31 1 4 22 37 45 24 20 33 16 46 19 40 25 18 17 34 7 42 48 10 27 8 49 32 35 3 39 6 9 15 38 29 41 12 30 44 13 23 11 50 
student 155: 20 8 46 1 49 41 31 21 27 29 4 3 11 36 47 18 24 39 9 43 23 40 25 19 16 35 5 38 48 14 30 12 44 34 32 6 37 7 13 17 45 26 33 10 28 42 2 22 15 50 
student 156: 17 3 47 5 48 41 25 20 26 28 1 9 18 36 49 16 22 35 24 50 29 44 23 19 11 37 2 42 40 12 33 14 46 31 38 8 32 7 6 10 43 30 27 13 34 45 4 21 15 39 
student 157: 18 4 50 2 42 39 33 14 29 30 3 5 26 34 48 16 25 35 12 47 23 41 24 19 21 40 1 38 46 15 28 10 45 31 36 6 37 7 9 11 43 22 27 13 32 44 8 20 17 49 
student 158: 22 10 45 4 49 36 18 23 25 29 2 3 26 34 46 21 15 39 16 47 27 41 24 20 14 32 1 42 50 9 31 6 38 30 40 7 33 11 5 12 43 28 35 17 37 44 8 19 13 48 
student 159: 11 6 50 4 47 42 21 19 25 31 1 5 24 32 46 18 20 37 17 45 23 38 27 16 22 35 3 41 48 14 29 12 44 28 40 7 36 2 8 13 39 33 30 10 34 43 9 26 15 49 
student 160: 13 2 43 8 45 40 28 22 25 30 3 5 19 32 48 16 18 35 20 50 23 39 26 17 21 34 1 38 46 9 27 14 44 33 37 12 41 10 11 7 47 36 29 6 31 42 4 24 15 49 
student 161: 19 4 42 3 48 46 27 16 28 29 2 5 15 31 40 17 23 30 18 43 24 36 25 21 22 32 1 41 50 14 35 12 34 33 38 10 44 6 8 9 47 26 37 11 39 45 7 20 13 49 
student 162: 16 4 40 3 42 41 37 22 23 30 2 7 17 31 50 13 32 33 19 48 20 43 18 21 25 36 1 44 49 8 29 9 39 28 38 5 34 6 12 15 45 24 26 11 35 46 10 27 14 47 
student 163: 17 2 48 4 45 37 29 23 27 30 3 5 16 35 46 10 25 36 19 49 21 41 22 18 20 34 1 38 47 12 28 6 42 32 43 9 39 7 11 13 40 24 31 15 33 44 8 26 14 50 
student 164: 16 7 46 3 47 39 28 24 23 31 4 6 18 32 48 13 22 34 14 50 21 40 26 19 20 38 2 42 45 8 29 11 44 30 41 10 37 1 5 12 36 27 33 15 35 43 9 25 17 49 
student 165: 13 1 50 8 46 40 35 18 21 32 4 2 19 37 41 16 26 38 17 49 23 42 27 22 20 34 3 43 47 15 29 10 45 28 36 11 31 5 7 12 39 24 33 9 30 44 6 25 14 48 
student 166: 11 5 45 3 46 42 29 27 25 22 1 8 15 37 44 26 16 39 24 49 23 35 20 14 21 34 4 41 47 10 31 17 43 33 38 12 36 6 7 9 40 28 30 18 32 48 2 19 13 50 
student 167: 17 6 46 1 45 43 23 24 18 33 2 5 27 32 47 14 25 40 22 50 21 37 26 15 11 34 4 36 48 7 39 13 42 29 38 12 35 9 20 3 41 28 30 8 31 44 10 16 19 49 
student 168: 14 7 50 4 45 39 31 19 26 29 1 6 17 35 46 16 22 41 15 43 20 40 28 25 18 30 2 44 49 12 23 11 47 33 32 5 36 10 9 8 34 27 38 21 37 42 3 24 13 48 
student 169: 17 10 43 3 48 42 27 18 24 30 2 4 21 36 46 13 23 29 14 47 26 37 20 8 19 44 1 39 49 12 32 9 45 31 35 22 38 6 5 15 40 28 33 11 34 41 7 25 16 50 
student 170: 17 6 45 5 40 43 29 18 33 30 1 15 19 31 47 13 20 42 24 48 21 41 23 14 22 35 2 46 44 12 34 10 38 26 36 4 39 3 8 9 37 27 32 16 28 49 7 25 11 50 
student 171: 14 4 42 3 47 41 26 24 25 29 1 5 18 45 48 11 22 39 12 43 21 35 27 17 20 33 2 36 49 10 32 19 40 30 38 7 37 6 9 13 44 31 34 16 28 46 8 23 15 50 
student 172: 15 6 48 2 46 34 27 19 26 36 1 4 20 35 44 14 21 38 18 47 22 39 25 17 23 32 3 42 50 9 31 16 45 33 30 7 40 8 10 12 41 28 37 11 29 43 5 24 13 49 
student 173: 18 8 40 3 50 48 34 23 28 25 2 13 17 36 45 20 14 32 7 47 24 38 26 15 21 35 1 44 46 11 29 16 42 31 37 12 39 10 9 5 41 30 27 19 33 43 4 22 6 49 
student 174: 16 7 48 2 43 40 28 20 24 29 4 3 18 33 47 15 22 35 17 44 23 32 26 19 21 31 1 41 49 11 34 8 42 30 39 9 45 6 12 13 46 37 36 14 27 38 5 25 10 50 
student 175: 15 2 45 6 49 39 30 25 33 32 1 7 23 37 43 12 18 34 16 48 22 40 27 21 17 35 3 41 50 13 28 4 44 29 38 9 26 14 5 10 42 24 31 19 36 47 11 20 8 46 
student 176: 17 7 41 4 48 44 27 22 25 35 1 6 18 38 47 12 19 36 23 45 26 37 32 13 21 29 3 46 49 8 33 15 43 24 34 2 39 5 11 9 42 28 31 10 30 40 14 20 16 50 
student 177: 18 8 44 2 47 41 29 24 21 30 1 5 20 32 45 15 17 36 26 49 19 38 31 25 16 35 4 42 48 13 33 10 37 28 39 7 40 6 9 12 43 23 27 14 34 46 3 22 11 50 
student 178: 17 5 44 2 37 43 24 22 28 30 8 3 14 36 47 19 21 35 16 49 27 42 23 18 20 33 4 45 48 11 29 10 41 34 38 6 31 1 7 13 40 25 32 15 39 46 9 26 12 50 
student 179: 27 6 40 1 44 41 26 21 24 31 8 3 19 35 46 15 23 36 16 47 25 39 28 13 18 33 4 43 49 10 22 9 48 32 45 2 37 7 5 14 38 29 30 11 34 42 12 20 17 50 
student 180: 11 3 41 2 46 34 24 28 27 26 5 6 20 31 47 21 23 35 15 49 25 40 22 18 19 36 1 48 45 12 30 10 44 32 38 8 39 4 7 13 42 29 33 14 37 43 9 17 16 50 
student 181: 15 6 44 5 46 39 29 21 25 28 3 1 19 30 49 11 18 35 17 50 23 43 22 20 24 34 2 42 45 13 33 10 48 26 41 12 37 4 8 7 38 31 36 14 32 40 9 27 16 47 
student 182: 24 3 47 5 42 38 28 19 26 27 4 6 23 34 46 10 20 37 1 50 25 39 21 16 18 43 2 40 45 13 29 12 41 32 35 7 36 8 11 15 44 31 30 14 33 48 9 22 17 49 
student 183: 13 5 42 3 47 39 28 24 26 27 4 1 18 31 48 14 16 38 22 49 20 30 23 19 9 36 2 41 46 17 33 15 43 32 40 10 37 8 11 7 44 29 34 12 35 45 6 25 21 50 
student 184: 15 3 44 6 45 32 25 21 24 27 1 9 18 36 48 14 22 33 17 47 23 39 28 20 19 38 2 37 49 16 29 10 46 31 35 7 43 4 8 11 42 30 34 13 41 40 5 26 12 50 
student 185: 13 4 50 3 41 35 23 22 28 26 1 11 18 36 45 14 24 32 27 42 21 43 19 17 20 37 2 47 49 10 29 7 40 34 38 5 39 8 9 16 44 25 31 15 33 46 6 30 12 48 
student 186: 15 5 41 2 47 36 27 21 29 24 3 4 22 28 50 11 20 45 16 48 18 39 25 17 19 32 1 40 46 14 30 12 43 31 38 10 37 7 8 13 44 34 33 9 35 42 6 26 23 49 
student 187: 20 10 46 7 43 44 26 18 31 30 1 9 19 36 48 17 21 39 5 50 25 38 28 16 23 35 4 41 49 14 29 15 45 27 32 12 37 3 2 8 42 34 24 13 33 40 6 22 11 47 
student 188: 21 8 45 3 41 39 26 20 28 29 1 6 19 36 47 17 24 37 16 44 25 38 22 18 23 34 2 43 49 7 27 10 42 35 40 5 33 4 11 14 46 32 31 13 30 48 9 12 15 50 
student 189: 16 4 44 3 42 40 28 18 27 30 1 6 8 32 46 20 21 35 17 50 22 38 24 19 23 29 2 41 48 11 36 14 39 33 43 5 37 7 9 12 45 26 31 13 34 47 10 25 15 49 
student 190: 15 3 43 7 39 40 25 27 30 26 2 4 19 35 48 9 20 37 18 49 24 44 22 23 16 33 1 47 45 12 32 8 50 34 42 11 38 5 6 13 41 28 31 17 29 36 10 21 14 46 
student 191: 18 10 45 5 49 43 31 22 27 30 3 6 20 38 47 12 23 35 21 44 16 39 28 14 19 34 1 33 46 7 26 15 36 32 42 4 40 2 17 9 41 29 37 13 25 48 8 24 11 50 
student 192: 15 3 44 2 48 40 26 21 32 33 4 8 18 28 47 13 16 38 20 49 30 41 27 19 22 36 1 37 43 10 25 7 45 39 35 9 34 6 11 14 42 24 31 12 29 46 5 23 17 50 
student 193: 11 8 42 3 50 39 28 16 25 29 2 4 24 38 48 15 26 36 20 41 18 40 23 14 22 45 1 43 46 17 32 12 34 27 37 9 33 5 10 13 44 35 30 7 31 49 6 21 19 47 
student 194: 21 7 40 2 45 44 19 12 26 22 4 6 18 31 50 14 16 35 20 49 24 41 28 23 25 38 1 48 47 15 27 8 39 34 33 11 30 9 5 10 42 32 36 13 37 43 3 29 17 46 
student 195: 13 9 45 3 43 35 28 19 25 30 2 1 22 34 49 17 27 36 20 46 24 39 21 15 16 44 4 40 50 11 29 14 47 31 37 6 38 5 7 23 41 26 32 10 33 42 8 18 12 48 
student 196: 13 7 45 2 48 39 22 25 31 29 5 4 17 38 49 18 26 32 19 43 23 35 24 15 21 36 1 41 50 11 27 8 44 30 33 3 40 6 12 10 47 28 34 16 37 42 9 20 14 46 
student 197: 13 4 47 6 49 39 26 24 25 27 2 3 17 34 50 16 20 32 15 46 23 41 28 21 18 40 1 37 42 10 30 14 45 31 35 8 38 7 9 12 44 29 36 11 33 43 5 22 19 48 
student 198: 17 8 48 7 47 41 25 21 24 30 1 3 22 34 49 10 20 36 19 46 26 42 23 18 14 35 2 43 37 16 33 5 40 31 38 12 39 4 15 9 44 29 27 13 32 45 6 28 11 50 
student 199: 21 6 47 9 45 38 20 22 31 35 4 3 23 36 49 15 18 39 19 48 24 42 25 16 17 34 1 41 46 12 32 11 37 30 29 7 40 2 5 8 44 28 27 14 33 43 10 26 13 50 
student 200: 17 5 50 4 49 40 30 21 27 28 2 3 19 32 48 18 22 38 16 45 23 39 25 20 24 35 1 36 44 12 29 10 41 34 37 7 42 6 8 11 43 26 31 13 33 46 9 15 14 47 
student 201: 17 4 43 5 46 36 29 23 35 32 6 2 19 37 50 14 24 33 16 49 26 40 20 22 18 39 1 42 45 10 27 11 47 21 38 8 31 7 13 12 41 30 28 9 34 44 3 25 15 48 
student 202: 22 3 49 6 48 45 25 23 26 29 2 4 12 30 44 16 18 41 19 43 21 39 24 20 17 35 1 38 47 11 32 13 46 31 37 7 40 5 10 15 36 34 33 14 28 42 9 27 8 50 
student 203: 15 5 44 4 48 39 28 22 23 31 1 2 17 34 42 19 18 37 14 49 20 43 25 13 21 36 3 40 46 12 26 10 41 30 35 9 38 6 7 16 47 29 32 24 33 45 8 27 11 50 
student 204: 18 6 46 3 48 43 27 22 23 33 2 4 19 35 44 14 21 39 17 50 25 36 26 16 20 38 1 37 49 12 30 9 41 29 34 11 42 8 5 15 40 24 31 13 32 47 7 28 10 45 
student 205: 13 5 50 2 46 39 27 20 24 28 3 6 19 32 45 23 21 40 15 49 29 38 34 18 12 37 1 41 48 4 33 16 44 26 35 11 36 7 9 10 42 25 30 14 31 43 8 22 17 47 
student 206: 19 7 47 4 49 38 18 16 25 27 1 3 30 36 44 11 23 37 20 46 28 35 21 22 17 32 8 45 40 12 29 9 43 26 39 10 41 2 6 13 42 33 34 15 31 50 5 24 14 48 
student 207: 14 3 45 1 43 47 32 22 27 30 8 6 18 39 44 12 23 38 16 48 25 40 26 20 17 37 2 41 50 11 29 10 35 28 36 7 33 5 4 15 49 24 34 13 31 42 9 19 21 46 
student 208: 18 4 45 10 46 35 28 21 32 29 7 2 17 31 47 15 26 36 22 49 16 39 24 19 20 38 1 41 48 11 30 9 44 25 40 8 37 5 12 3 42 27 33 14 34 43 6 23 13 50 
student 209: 13 8 42 5 44 45 29 20 27 25 3 6 16 41 49 15 21 37 17 50 22 38 26 19 24 35 4 40 47 14 33 12 46 36 28 7 43 2 11 10 32 31 30 18 34 39 1 23 9 48 
student 210: 17 5 43 4 47 39 29 20 28 23 2 6 21 34 48 15 25 35 18 50 24 36 22 16 19 27 1 37 46 11 32 12 42 33 44 9 41 10 7 3 40 30 31 13 38 45 8 26 14 49 
student 211: 15 4 45 3 49 37 28 20 25 36 1 8 18 29 40 17 21 38 19 48 24 42 27 16 22 32 2 44 46 14 30 9 43 31 39 5 35 7 6 11 47 23 34 12 33 41 10 26 13 50 
student 212: 20 6 42 3 50 40 26 15 36 28 2 4 16 32 38 18 23 39 22 46 19 37 25 17 21 33 1 41 49 11 27 9 45 31 35 8 44 7 10 13 43 30 29 12 34 47 5 24 14 48 
student 213: 18 3 46 2 38 42 26 21 33 28 4 6 13 36 50 8 23 39 17 48 20 47 25 19 27 37 1 34 41 14 32 11 43 30 40 9 29 7 15 5 45 24 31 16 35 44 10 22 12 49 
student 214: 14 6 47 4 46 37 29 20 26 31 12 5 17 32 44 18 24 35 15 49 23 42 25 22 19 38 1 39 45 9 33 16 50 30 40 11 36 2 8 7 41 27 28 13 34 43 3 21 10 48 
student 215: 16 7 45 2 47 44 27 19 29 35 3 4 18 34 46 15 28 33 14 49 22 39 21 24 23 36 1 42 48 13 26 5 40 31 37 6 41 9 8 17 38 25 30 11 32 43 12 20 10 50 
student 216: 12 7 45 3 49 42 27 23 26 31 2 5 18 28 46 17 22 43 14 44 24 33 25 21 19 32 1 36 47 6 34 10 41 29 35 8 38 4 11 16 40 30 37 13 39 50 9 20 15 48 
student 217: 19 7 42 2 45 39 26 24 29 30 1 3 16 37 47 18 17 34 14 49 27 36 25 21 23 33 6 41 48 12 35 10 43 31 44 11 38 8 4 9 40 28 20 13 32 46 5 22 15 50 
student 218: 26 9 43 6 44 31 24 16 25 33 2 3 11 34 50 23 19 39 14 47 20 40 22 17 27 37 1 41 46 8 36 5 42 32 38 4 35 13 18 7 49 29 28 10 30 45 12 21 15 48 
student 219: 12 5 42 1 46 38 27 20 26 28 3 2 18 32 47 16 21 39 19 50 24 40 25 15 23 34 9 43 45 14 31 10 41 30 37 7 33 8 4 13 44 29 36 11 35 49 6 22 17 48 
student 220: 15 6 48 4 47 44 25 17 23 29 3 5 21 36 32 18 20 34 19 49 33 43 24 26 12 28 1 42 41 8 35 13 45 30 37 11 39 7 16 9 40 27 31 14 38 46 2 22 10 50 
student 221: 18 3 41 8 46 42 23 13 30 29 1 4 20 31 49 12 19 35 15 50 22 39 26 24 25 36 2 33 47 10 28 5 45 32 34 6 43 11 16 7 38 27 37 17 40 44 14 21 9 48 
student 222: 15 4 45 9 46 43 25 23 29 26 3 5 20 33 48 16 19 37 18 50 21 38 27 17 22 34 1 36 47 10 28 13 40 32 42 12 41 7 8 14 39 30 35 2 31 49 6 24 11 44 
student 223: 24 4 45 9 44 38 30 19 23 31 3 2 14 37 49 17 26 40 7 46 25 42 20 16 21 34 1 47 50 11 28 13 41 32 29 12 36 5 10 8 39 22 33 15 35 48 6 18 27 43 
student 224: 15 3 41 4 47 37 24 22 35 30 2 7 21 34 46 11 20 40 16 50 25 29 23 18 19 33 1 42 48 8 36 12 39 27 43 10 38 5 14 9 44 31 28 13 32 45 6 26 17 49 
student 225: 10 8 46 2 41 47 26 21 31 28 3 5 22 35 49 15 20 37 19 48 24 39 25 14 17 30 1 43 42 9 29 12 44 33 36 11 38 4 6 18 40 32 27 13 34 45 7 23 16 50 
student 226: 9 8 43 11 46 41 22 18 26 30 1 4 20 28 50 12 21 40 23 49 25 38 24 17 15 36 2 39 44 14 29 19 48 33 34 16 37 3 5 13 45 27 32 7 35 42 10 31 6 47 
student 227: 12 2 43 8 49 41 30 18 22 24 1 6 19 32 44 16 20 33 13 48 21 39 27 25 23 35 3 42 45 17 31 7 47 29 37 4 38 9 14 5 40 26 36 10 34 46 11 28 15 50 
student 228: 16 5 46 6 44 40 20 17 18 31 2 4 22 36 47 7 25 35 21 49 23 43 26 12 24 32 1 45 48 11 28 14 42 30 39 9 34 10 13 8 37 29 38 15 33 41 3 27 19 50 
student 229: 22 5 46 8 47 38 25 20 26 28 3 4 16 36 48 13 21 34 18 49 23 42 27 17 19 35 2 41 45 11 29 10 43 32 39 6 37 1 7 9 40 31 30 12 33 44 15 24 14 50 
student 230: 8 3 42 5 44 45 28 19 24 31 16 6 21 34 49 18 25 35 14 48 22 40 27 17 23 39 2 43 50 12 29 10 41 30 37 1 36 4 7 11 46 26 33 13 32 38 9 20 15 47 
student 231: 15 4 46 7 48 41 25 21 23 30 3 2 22 32 43 14 19 36 17 47 24 39 27 16 18 34 1 37 50 12 31 6 44 28 40 5 38 8 10 13 42 29 35 20 33 45 9 26 11 49 
student 232: 10 8 44 6 49 41 27 18 34 29 3 2 20 32 45 13 22 35 9 46 23 39 25 19 21 30 1 48 47 5 33 7 43 31 37 12 36 4 17 15 38 24 26 16 40 42 11 28 14 50 
student 233: 18 5 43 4 45 40 22 20 26 30 1 3 25 31 48 12 23 37 19 50 28 41 16 15 21 34 2 36 47 9 27 7 44 35 33 8 38 11 10 14 42 29 32 13 39 46 6 24 17 49 
student 234: 15 3 41 1 42 39 23 21 32 30 9 4 16 35 48 17 20 31 13 50 27 38 24 19 25 36 2 44 47 18 28 7 40 29 46 6 37 8 10 12 43 26 33 14 34 45 5 22 11 49 
student 235: 12 9 46 1 45 41 26 22 29 31 16 3 21 39 47 10 23 40 13 48 18 38 27 15 17 30 2 37 49 20 24 7 44 33 32 5 34 6 4 19 43 28 36 14 35 42 8 25 11 50 
student 236: 23 8 45 4 47 41 32 21 30 35 1 7 16 28 49 12 22 37 14 48 17 44 24 20 18 38 2 33 46 9 36 6 43 26 34 19 42 5 11 15 40 31 29 3 27 39 10 25 13 50 
student 237: 24 6 47 3 43 44 29 18 33 25 2 4 22 36 49 19 11 28 17 46 26 39 30 21 15 35 1 42 50 12 20 14 38 32 31 5 41 7 10 16 45 23 37 13 34 40 9 27 8 48 
student 238: 13 11 44 2 47 43 24 25 22 30 1 6 17 31 46 18 26 39 16 49 20 38 27 19 23 35 4 40 48 8 32 10 42 29 36 15 37 3 5 9 41 28 34 12 33 45 7 21 14 50 
student 239: 13 6 45 4 46 39 28 15 29 31 3 5 23 35 43 12 25 37 20 47 19 40 27 11 21 32 1 42 48 18 26 17 41 36 34 2 38 7 9 14 44 22 30 10 33 50 8 24 16 49 
student 240: 15 6 40 1 46 47 26 19 27 29 3 5 20 37 50 16 21 34 14 48 24 41 23 18 17 28 2 38 42 12 31 9 45 30 36 8 43 4 22 11 44 33 32 10 35 39 7 25 13 49 
student 241: 15 6 41 4 48 36 26 21 27 33 3 2 20 29 49 11 22 37 19 45 25 38 24 12 17 35 1 39 47 16 32 5 43 30 40 7 42 14 8 13 44 28 31 18 34 46 9 23 10 50 
student 242: 16 7 44 2 47 40 31 19 27 29 6 3 14 33 46 15 20 36 17 49 25 42 28 21 22 39 1 41 48 8 24 9 45 26 37 10 38 5 4 12 43 30 32 13 35 34 11 23 18 50 
student 243: 17 7 40 6 45 41 31 21 24 27 1 3 19 35 46 14 23 34 20 48 25 38 28 16 18 36 2 44 42 5 29 15 47 30 39 9 37 4 12 8 43 32 26 10 33 50 11 22 13 49 
student 244: 13 5 44 6 45 38 25 17 30 28 4 3 22 43 50 19 21 35 24 48 18 46 27 8 16 37 2 40 47 20 31 15 36 33 34 12 39 9 7 11 42 26 29 10 32 41 1 23 14 49 
student 245: 15 6 40 4 43 44 32 18 26 28 8 2 22 35 47 14 19 36 16 49 23 41 24 17 20 34 3 42 48 9 29 10 38 33 37 11 39 1 12 5 46 30 31 13 25 45 7 27 21 50 
student 246: 10 6 43 1 46 41 28 18 32 29 4 5 19 36 47 16 24 38 17 49 26 42 25 20 21 39 3 35 48 8 27 7 44 30 33 2 37 13 9 12 45 22 34 14 31 40 11 23 15 50 
student 247: 15 6 44 3 42 39 27 20 26 28 4 2 23 38 48 17 16 41 14 50 21 36 24 19 25 30 1 40 49 5 31 11 47 32 34 10 35 7 8 13 43 29 37 12 33 46 9 22 18 45 
student 248: 11 3 42 1 49 43 27 22 30 31 5 6 21 37 45 20 24 33 16 44 19 38 25 17 18 36 2 46 48 14 32 10 39 29 35 7 40 4 9 13 41 23 26 12 34 47 8 28 15 50 
student 249: 19 2 44 6 48 33 29 17 25 34 4 3 21 31 49 18 20 43 16 50 26 38 22 14 24 36 1 42 45 13 27 11 46 30 37 10 39 9 5 15 41 28 35 12 32 40 8 23 7 47 
student 250: 12 5 46 4 44 43 34 20 26 28 3 6 10 31 45 17 23 37 19 47 22 39 25 21 18 33 1 49 48 11 29 16 42 32 38 7 41 2 9 15 35 27 36 8 30 40 13 24 14 50 
student 251: 13 8 48 2 40 36 31 21 27 32 14 3 12 33 47 18 22 39 17 49 23 35 25 20 19 38 1 41 42 11 26 10 45 28 46 4 37 6 9 16 43 30 29 7 34 44 5 24 15 50 
student 252: 14 6 47 3 50 38 26 20 27 29 1 2 17 37 44 16 23 33 15 42 25 40 24 19 21 35 4 41 48 9 31 11 49 34 36 5 39 7 12 18 46 28 32 8 30 43 13 22 10 45 
student 253: 15 1 50 5 45 36 24 20 31 29 3 4 17 32 42 14 18 34 13 49 23 41 22 16 25 37 2 46 48 9 30 10 38 33 39 6 40 7 8 12 43 26 35 19 28 44 11 27 21 47 
student 254: 18 6 40 4 47 37 24 25 22 31 5 2 20 36 48 16 23 35 12 49 28 38 26 14 17 34 1 39 42 10 29 11 44 30 45 13 41 7 19 8 43 27 33 15 32 46 3 21 9 50 
student 255: 14 13 43 5 44 39 32 18 37 28 1 2 17 34 47 7 19 38 20 49 25 40 23 24 21 33 3 41 48 11 26 4 46 27 35 6 36 9 10 15 45 29 31 12 30 42 8 22 16 50 
student 256: 18 8 43 1 47 38 26 19 20 29 9 4 17 32 48 7 24 34 21 50 25 31 23 6 22 36 10 41 49 3 30 13 42 33 37 5 40 2 12 16 46 28 35 14 39 45 11 27 15 44 
student 257: 15 4 42 2 43 46 28 23 25 30 5 1 13 31 47 12 19 29 18 50 22 39 26 20 21 38 3 41 45 14 33 10 44 37 34 7 35 8 11 9 40 27 32 17 36 48 6 24 16 49 
student 258: 16 1 45 5 44 42 27 24 29 19 2 7 15 40 47 20 26 37 21 49 17 38 23 14 22 28 4 41 48 12 30 10 46 35 36 3 32 8 9 18 43 31 34 11 33 39 6 25 13 50 
student 259: 10 6 46 3 49 37 26 20 23 27 5 4 16 41 47 17 21 34 18 48 22 35 28 24 19 33 2 38 45 12 30 7 36 31 43 11 44 1 15 9 40 29 39 13 32 42 8 25 14 50 
student 260: 19 1 47 6 49 38 28 20 29 25 4 5 21 36 50 16 24 30 11 46 23 43 22 17 18 37 2 39 45 12 32 9 44 34 41 8 35 3 13 14 42 31 33 15 26 40 7 27 10 48 
student 261: 2 4 43 9 45 41 27 24 30 31 1 6 19 36 48 3 23 44 13 49 21 34 22 17 20 35 5 37 46 16 29 11 47 33 38 18 39 7 12 15 40 28 26 8 32 42 10 25 14 50 
student 262: 15 6 46 1 47 39 28 22 26 30 2 4 20 34 45 16 19 38 17 49 23 27 25 18 21 35 3 41 48 12 32 7 42 36 37 14 40 8 9 13 43 29 31 10 33 44 5 24 11 50 
student 263: 17 3 46 1 41 34 26 18 24 29 6 10 20 36 50 12 21 42 23 49 28 35 25 16 22 32 2 44 45 7 30 11 37 31 47 8 38 4 9 13 43 27 33 14 39 40 5 19 15 48 
student 264: 13 8 43 4 45 38 25 19 26 29 11 2 22 27 47 18 24 41 15 50 23 40 28 16 20 33 1 39 49 10 34 12 42 32 35 7 36 3 9 17 46 30 37 5 31 44 6 21 14 48 
student 265: 16 6 35 3 43 42 26 21 28 29 4 2 18 31 48 15 24 37 14 49 23 39 20 19 22 40 1 41 47 12 34 9 45 32 33 10 30 7 5 13 46 27 38 11 36 44 8 25 17 50 
student 266: 18 6 44 3 39 42 29 22 21 32 1 4 11 35 49 16 25 34 17 48 20 40 23 27 15 38 2 37 45 13 31 10 43 26 46 12 24 5 8 14 47 30 33 19 36 41 9 28 7 50 
student 267: 32 6 44 2 46 37 25 22 30 27 4 3 13 29 47 9 20 38 11 49 21 39 28 19 17 35 1 43 48 16 26 5 45 34 40 8 36 10 12 7 41 23 33 14 31 42 15 24 18 50 
student 268: 8 4 44 7 45 42 26 25 35 29 1 11 23 36 50 5 20 33 14 49 24 40 28 17 19 37 2 41 48 15 32 12 38 30 34 6 39 3 10 16 47 27 22 9 31 43 13 21 18 46 
student 269: 15 6 44 8 45 42 22 24 32 33 1 2 29 26 43 16 23 36 17 47 19 38 21 18 28 35 5 49 48 9 25 12 46 27 39 4 37 10 7 11 40 30 34 13 31 41 3 20 14 50 
student 270: 14 4 43 3 47 45 29 21 27 26 9 7 15 35 48 17 23 32 16 49 25 41 24 19 20 42 1 39 44 6 33 18 40 34 36 12 38 5 8 11 37 30 28 10 31 46 2 22 13 50 
student 271: 9 10 49 2 45 36 28 18 26 34 3 4 19 33 46 14 22 40 17 50 25 44 27 16 20 37 1 41 48 7 23 21 42 30 35 6 32 5 8 11 39 29 31 15 38 43 12 24 13 47 
student 272: 16 7 47 3 49 38 30 21 27 33 1 5 20 34 45 15 23 36 18 43 26 42 19 17 22 40 2 35 48 6 29 8 44 28 46 9 41 4 11 10 39 24 31 14 32 37 13 25 12 50 
student 273: 18 10 48 4 40 39 26 17 24 29 2 8 15 31 44 16 20 35 12 46 22 34 21 14 28 37 1 42 47 19 33 13 49 30 41 5 43 6 9 11 45 27 32 23 36 38 3 25 7 50 
student 274: 14 4 45 7 43 38 31 21 28 30 6 2 22 44 46 16 17 34 15 49 24 39 19 23 20 32 1 42 47 18 35 10 41 33 37 9 29 8 11 3 40 26 27 13 36 50 5 25 12 48 
student 275: 14 9 47 5 46 41 23 22 29 35 6 2 20 31 48 17 24 40 18 45 21 37 27 19 16 36 1 39 50 12 30 11 42 28 26 10 38 3 7 8 44 32 33 13 34 43 4 25 15 49 
student 276: 21 2 46 6 45 43 34 23 26 30 1 3 19 41 47 13 25 39 17 49 24 36 18 16 20 27 4 37 48 15 22 7 44 35 29 5 38 9 11 8 40 28 33 14 31 42 10 32 12 50 
student 277: 14 5 47 4 45 38 30 25 23 32 3 8 17 33 50 16 22 36 21 48 19 42 26 15 18 35 2 43 46 9 24 10 44 28 39 6 40 7 12 11 37 29 31 27 34 41 1 20 13 49 
student 278: 19 5 47 8 45 36 29 18 27 28 7 2 14 35 39 16 20 33 21 49 23 44 24 17 22 30 1 41 43 15 31 12 46 32 40 11 38 4 6 9 42 25 34 13 37 48 3 26 10 50 
student 279: 19 4 44 3 43 42 33 21 25 28 1 7 23 34 48 11 14 38 17 50 24 39 26 22 18 36 2 40 46 12 20 16 41 31 37 6 30 5 8 13 45 35 29 15 32 49 9 27 10 47 
student 280: 14 3 45 1 46 36 23 20 28 29 5 6 18 33 47 12 27 34 19 48 25 44 22 17 21 37 2 41 49 16 35 8 40 31 43 4 38 9 13 11 32 26 39 7 30 42 10 24 15 50 
student 281: 17 1 47 5 50 40 25 27 30 28 3 4 15 31 49 14 21 38 19 46 23 39 26 16 20 36 2 43 42 7 24 13 41 33 35 9 37 6 11 18 44 29 34 10 32 45 8 22 12 48 
student 282: 15 6 39 11 47 41 28 22 36 26 2 1 20 31 40 9 23 34 17 49 21 43 29 18 19 37 5 42 48 12 27 13 46 32 38 8 33 3 14 16 44 24 30 4 35 45 10 25 7 50 
student 283: 21 11 50 1 45 46 26 17 29 30 5 3 20 38 48 13 19 31 15 49 22 37 24 16 23 35 4 41 47 12 32 9 40 27 39 10 36 8 7 14 43 28 34 2 33 42 6 25 18 44 
student 284: 21 5 48 10 43 49 19 15 29 27 4 2 22 32 41 16 26 38 17 47 20 39 25 23 12 33 1 42 46 9 30 8 40 28 34 3 35 7 14 18 44 31 36 11 37 45 6 24 13 50 
student 285: 9 10 47 6 42 39 35 22 27 28 4 2 17 43 50 16 23 33 18 44 20 46 26 21 19 36 1 40 41 14 34 8 38 25 37 11 31 5 12 7 45 24 30 13 32 49 3 29 15 48 
student 286: 14 8 47 6 44 42 23 21 24 30 3 7 19 33 45 4 26 34 20 49 17 36 40 16 22 32 2 39 48 10 28 12 43 37 35 1 41 18 13 9 38 27 25 5 31 46 11 29 15 50 
student 287: 13 12 48 1 44 28 26 22 31 27 2 8 20 32 42 16 23 38 17 47 19 40 24 15 18 36 5 46 50 9 33 6 43 30 39 3 37 7 14 4 41 29 34 10 35 49 11 25 21 45 
student 288: 16 4 46 1 44 42 31 26 23 29 5 6 18 37 48 12 21 36 17 40 22 39 30 19 20 38 3 43 50 10 32 14 35 28 41 2 33 9 8 7 47 27 25 11 34 45 15 24 13 49 
student 289: 16 8 39 6 44 36 25 15 24 26 3 1 21 35 48 9 12 34 17 45 22 42 31 19 23 38 2 41 50 13 30 7 46 29 37 10 40 11 4 20 43 32 28 14 27 47 5 33 18 49 
student 290: 15 6 47 1 49 40 30 28 29 31 4 3 18 36 41 13 20 34 21 50 24 44 25 16 19 35 2 38 48 12 33 11 43 26 37 10 39 5 9 8 42 23 32 17 27 45 7 22 14 46 
student 291: 11 7 39 1 45 44 28 19 31 21 3 2 23 30 47 15 22 41 17 49 33 37 25 18 16 32 4 40 46 13 27 6 43 26 36 8 38 5 10 12 42 34 35 14 29 48 9 24 20 50 
student 292: 14 8 48 3 44 41 30 22 26 32 4 5 19 29 50 10 21 38 17 49 23 40 25 18 20 35 1 37 42 16 28 9 45 31 34 15 39 2 7 12 43 27 33 11 36 47 6 24 13 46 
student 293: 15 5 44 4 49 39 27 21 30 31 3 2 18 35 46 20 23 40 16 50 25 38 29 17 19 36 1 45 48 9 22 12 42 37 34 7 33 6 11 13 41 28 32 10 26 43 8 24 14 47 
student 294: 15 6 44 5 50 35 28 21 26 32 8 3 19 33 47 16 22 30 17 49 20 41 27 23 18 42 1 37 45 10 24 11 39 31 38 9 40 2 7 12 46 29 34 14 36 43 4 25 13 48 
student 295: 10 9 45 1 44 50 28 16 27 30 6 3 24 41 40 22 19 34 18 48 21 35 25 11 20 32 4 36 46 8 29 2 38 43 37 7 47 5 12 15 42 26 31 17 33 39 13 23 14 49 
student 296: 18 6 48 2 44 41 25 21 29 27 4 1 17 35 45 16 20 26 12 49 24 39 28 19 22 33 3 40 46 8 32 11 43 34 37 10 47 9 7 13 36 30 38 14 31 42 5 23 15 50 
student 297: 14 4 38 2 47 32 21 22 27 26 1 9 19 35 45 16 24 36 17 49 28 37 25 33 20 42 5 40 48 15 31 10 43 29 39 3 41 6 12 11 46 30 18 7 34 44 13 23 8 50 
student 298: 20 7 46 3 48 37 26 22 28 30 4 1 18 32 43 15 21 35 19 50 25 33 23 16 17 31 2 38 49 11 34 10 40 27 39 6 36 9 12 14 41 29 44 13 42 45 5 24 8 47 
student 299: 22 5 47 2 48 43 35 31 26 40 3 4 21 34 46 18 15 37 14 44 24 38 20 16 19 30 10 36 49 12 27 11 45 23 33 8 41 7 9 13 42 28 32 6 29 39 1 25 17 50 
student 300: 17 5 44 3 45 41 30 22 23 28 2 4 13 32 49 19 16 36 14 48 24 38 26 20 21 40 1 35 47 10 31 18 42 34 39 7 37 8 9 15 43 27 29 11 33 46 6 25 12 50 
student 301: 18 3 41 2 45 42 24 25 31 27 5 6 19 36 50 13 20 37 16 47 23 38 26 17 21 32 1 49 46 12 29 7 44 30 35 8 39 9 11 10 40 33 34 14 28 43 4 22 15 48 
student 302: 18 2 45 1 43 40 20 25 27 24 3 5 28 33 47 22 17 37 15 50 16 35 29 23 19 34 6 41 48 10 31 12 46 21 36 11 44 4 8 9 39 30 32 13 38 42 7 26 14 49 
student 303: 15 9 46 3 47 41 27 22 26 35 1 2 21 36 50 17 16 31 18 49 24 39 29 20 19 34 4 42 48 11 30 12 40 32 37 10 38 7 5 6 43 33 28 14 23 45 8 25 13 44 
student 304: 16 8 46 5 37 44 27 21 28 29 2 1 14 25 47 9 22 36 19 48 31 41 26 20 18 33 4 39 49 3 32 7 45 30 34 6 35 12 13 11 42 24 38 17 40 43 15 23 10 50 
student 305: 17 5 38 2 48 45 27 15 21 28 4 3 23 33 46 20 18 36 24 50 19 40 30 16 25 39 1 35 42 12 34 10 44 32 37 7 41 6 9 11 43 29 22 14 31 47 8 26 13 49 
student 306: 20 8 47 3 39 32 23 26 24 35 1 4 18 29 49 17 25 34 15 48 21 45 22 11 19 33 2 44 46 10 31 7 41 30 38 9 40 5 6 13 43 28 36 14 37 42 12 27 16 50 
student 307: 17 7 46 3 45 43 26 19 24 29 4 1 18 33 47 16 20 32 15 48 27 42 23 21 30 35 2 39 50 13 31 8 40 36 38 12 41 5 9 10 37 25 34 14 28 44 6 22 11 49 
student 308: 17 6 46 2 42 41 27 21 24 30 4 3 18 32 48 14 25 36 19 50 23 37 26 15 20 35 1 38 49 8 33 9 47 28 34 7 39 5 16 12 43 29 40 11 31 45 10 22 13 44 
student 309: 15 6 47 2 44 39 24 21 29 30 1 4 17 35 48 13 22 27 20 43 23 40 25 16 19 38 3 42 50 12 32 11 46 31 37 8 33 7 9 10 45 26 34 14 36 41 5 28 18 49 
student 310: 21 10 43 1 48 42 23 14 27 20 3 4 22 36 47 13 26 37 24 46 19 41 28 16 18 34 2 45 49 8 33 11 44 29 35 7 38 6 15 9 39 32 30 12 31 40 5 25 17 50 
student 311: 21 4 42 3 49 40 25 23 26 28 2 7 19 37 45 18 22 35 11 46 24 38 31 17 20 34 1 44 48 5 32 14 47 29 43 8 36 6 13 9 41 27 33 12 30 39 10 16 15 50 
student 312: 12 4 42 8 45 38 25 23 34 27 1 5 15 39 47 18 17 36 14 48 26 37 24 16 21 31 3 41 49 22 29 10 46 32 40 6 35 2 13 19 43 28 30 7 33 44 9 20 11 50 
student 313: 19 6 48 2 40 39 28 24 29 30 4 8 16 33 50 10 21 35 14 43 26 42 25 15 22 34 1 47 46 12 31 7 44 18 41 5 36 3 11 13 38 27 32 17 37 45 9 23 20 49 
student 314: 12 2 41 10 45 39 33 16 26 35 1 6 21 38 47 18 20 36 13 48 24 34 25 19 22 23 4 44 49 15 30 14 46 29 43 8 32 7 3 5 40 31 28 17 37 42 9 27 11 50 
student 315: 15 6 45 3 47 44 29 21 26 30 2 4 18 35 49 12 28 34 19 48 22 40 25 17 20 36 1 43 50 5 32 11 38 31 37 9 39 7 10 13 41 27 24 14 33 42 8 23 16 46 
student 316: 11 1 41 5 47 39 31 22 30 24 7 8 18 37 49 16 27 34 15 50 26 43 23 20 19 32 3 45 48 13 33 10 38 29 36 2 35 6 9 12 42 25 28 14 40 44 4 21 17 46 
student 317: 18 3 37 2 43 41 28 21 24 27 5 4 23 34 46 13 14 38 17 47 25 45 26 22 19 36 1 40 48 15 32 10 49 35 31 9 44 6 8 11 50 29 30 16 33 39 7 20 12 42 
student 318: 16 5 48 1 46 43 29 21 26 27 4 6 14 36 44 17 20 37 23 47 24 34 25 18 19 35 2 40 45 10 30 9 49 33 38 11 42 3 8 13 39 28 31 12 32 41 7 22 15 50 
student 319: 15 3 42 7 49 41 27 21 26 32 4 1 23 37 46 16 22 34 20 47 25 39 24 18 13 30 2 38 44 14 28 10 48 36 31 6 43 11 8 17 45 29 33 12 35 40 5 19 9 50 
student 320: 19 6 39 3 45 36 29 20 22 27 2 4 17 33 48 16 21 37 23 49 24 34 26 12 18 35 1 40 47 11 32 10 46 43 38 8 42 7 5 13 41 28 30 15 31 44 9 25 14 50 
student 321: 14 6 46 3 49 40 23 22 30 26 5 7 16 37 47 20 17 31 15 50 27 34 29 19 21 36 2 41 48 4 28 11 44 32 33 9 39 13 10 8 42 35 24 18 38 45 1 25 12 43 
student 322: 17 1 43 7 46 42 27 22 26 31 2 4 14 30 47 19 23 34 20 49 24 44 25 18 12 36 9 40 45 6 28 5 39 33 37 8 38 3 13 16 41 29 32 11 35 48 10 21 15 50 
student 323: 14 11 47 9 46 43 13 22 19 26 3 4 23 27 48 6 16 41 28 45 37 42 25 15 30 32 2 38 50 12 35 7 44 29 36 8 33 10 1 21 39 17 31 18 34 40 5 24 20 49 
student 324: 18 5 48 3 41 42 29 21 26 25 2 4 19 32 50 16 20 44 15 45 24 38 27 17 22 31 1 43 47 11 33 8 46 28 37 6 39 7 9 12 35 36 30 13 34 40 10 23 14 49 
student 325: 15 4 43 3 46 39 24 21 26 27 5 6 16 34 48 12 29 37 14 49 20 42 25 22 19 35 2 40 47 18 33 9 44 30 36 8 38 1 10 13 41 28 32 11 31 45 7 23 17 50 
student 326: 10 11 47 2 43 31 25 26 23 32 1 9 24 36 49 18 19 34 17 48 30 39 27 20 14 44 3 42 46 16 28 7 35 33 38 4 40 5 6 12 41 29 21 15 37 45 8 22 13 50 
student 327: 19 5 42 2 48 39 27 20 25 32 6 4 17 35 47 16 31 36 18 50 24 37 23 8 21 33 1 40 45 13 30 10 44 28 38 9 41 7 11 12 46 26 29 14 34 43 3 22 15 49 
student 328: 17 4 44 6 46 40 26 20 24 28 8 2 18 34 43 15 23 37 13 49 22 36 27 19 21 35 1 41 47 10 29 11 48 33 38 3 39 5 9 16 42 31 32 12 30 45 7 25 14 50 
student 329: 20 4 46 3 47 41 29 23 25 30 1 7 16 34 48 15 19 37 18 49 22 39 28 21 17 31 2 40 45 8 32 11 43 27 36 9 38 5 12 10 44 24 33 13 35 42 6 26 14 50 
student 330: 5 4 44 1 46 42 26 25 24 29 2 8 17 36 50 19 21 34 20 45 23 40 32 16 18 35 3 37 41 9 30 11 47 33 39 6 38 7 12 14 43 27 28 13 31 48 10 22 15 49 
student 331: 13 10 46 4 40 41 25 19 24 21 3 1 15 30 49 22 23 38 18 50 27 37 29 14 20 39 5 45 48 9 26 7 43 33 34 6 35 16 8 11 42 31 36 12 32 44 2 28 17 47 
student 332: 13 8 47 5 46 43 28 27 25 26 3 7 19 36 45 16 31 38 17 49 23 39 18 21 20 37 2 41 48 15 34 9 42 35 32 10 33 4 1 12 40 29 22 11 30 44 6 24 14 50 
student 333: 8 3 42 7 49 37 32 23 25 28 1 4 16 39 45 15 20 38 17 47 22 43 24 18 21 29 2 41 48 12 31 13 36 27 40 11 34 5 9 10 44 26 35 14 33 46 6 30 19 50 
student 334: 13 3 45 5 46 43 29 22 27 30 4 2 18 31 47 15 20 36 17 48 24 33 23 16 21 38 1 35 49 6 34 10 39 26 42 8 41 9 14 11 40 28 32 19 37 44 7 25 12 50 
student 335: 16 1 47 6 48 38 27 20 26 28 4 3 23 31 44 14 22 42 17 49 24 41 19 18 21 34 2 40 46 9 29 12 39 35 36 7 37 5 10 11 45 32 30 13 33 43 8 25 15 50 
student 336: 24 2 44 6 45 42 28 23 19 22 4 1 20 36 48 16 21 37 15 43 27 34 25 17 18 32 3 40 49 11 31 5 38 33 39 7 46 8 13 12 47 29 35 9 30 41 10 26 14 50 
student 337: 20 5 43 1 48 40 26 16 28 27 3 12 24 37 49 14 22 39 19 47 25 38 29 11 17 35 2 41 46 15 30 6 42 31 34 8 36 4 9 13 44 23 32 10 33 45 7 21 18 50 
student 338: 11 2 46 6 41 35 28 26 27 29 4 7 17 38 49 12 22 30 15 48 23 39 25 19 20 37 3 42 47 10 32 9 44 24 40 8 33 5 16 18 45 36 34 13 21 43 1 31 14 50 
student 339: 16 5 44 8 40 33 25 28 24 29 1 9 19 35 48 10 23 36 22 46 18 41 27 17 20 37 4 47 49 14 31 2 42 30 39 12 38 3 13 11 45 26 34 7 32 43 6 21 15 50 
student 340: 17 9 44 2 45 38 25 21 28 30 1 7 19 37 47 16 24 33 18 48 20 36 26 11 22 34 4 42 50 14 31 5 41 29 40 12 39 3 15 6 46 27 35 13 32 43 8 23 10 49 
student 341: 8 5 44 4 50 38 25 21 30 29 1 3 19 41 48 14 22 34 13 46 23 40 24 17 28 33 2 36 49 6 32 7 45 27 39 10 35 9 11 12 42 26 37 18 31 43 15 20 16 47 
student 342: 15 11 42 2 46 39 30 19 35 28 3 8 23 32 50 20 24 44 13 41 18 37 25 22 26 33 1 43 47 5 34 12 49 29 38 10 36 4 9 6 45 16 31 17 21 40 7 27 14 48 
student 343: 18 4 44 5 45 38 28 20 26 31 1 6 21 34 47 17 19 39 16 49 23 40 24 14 25 35 2 43 48 12 30 9 41 29 37 7 36 3 10 11 42 27 32 15 33 46 8 22 13 50 
student 344: 15 4 42 5 46 43 26 22 24 25 3 1 20 36 41 16 19 31 17 48 27 40 30 21 18 28 2 37 50 9 35 8 47 32 38 13 39 6 7 11 44 29 33 12 34 45 10 23 14 49 
student 345: 17 6 46 5 48 33 24 23 27 28 2 3 18 37 44 14 21 36 16 49 26 42 25 20 19 34 1 35 47 15 30 13 41 29 38 12 40 4 8 11 43 31 39 9 32 45 7 22 10 50 
student 346: 17 3 48 6 46 44 28 20 25 24 4 2 14 33 36 16 26 38 19 45 21 39 30 23 18 35 1 47 49 8 31 9 42 29 37 15 41 5 10 13 40 22 32 12 34 43 7 27 11 50 
student 347: 15 5 50 3 41 42 28 19 25 26 6 1 22 36 46 14 18 39 24 47 27 33 23 17 20 34 2 38 43 8 31 4 44 32 37 9 40 10 12 16 45 29 30 7 35 49 11 21 13 48 
student 348: 18 5 42 3 50 37 27 22 25 28 4 2 20 30 45 15 24 34 16 47 26 40 23 19 13 33 1 43 48 6 31 17 46 32 39 14 41 7 9 10 38 29 36 11 35 44 8 21 12 49 
student 349: 22 3 44 5 46 33 27 18 25 36 1 4 21 30 43 16 19 37 9 47 20 39 34 15 24 26 2 48 49 12 29 13 45 31 32 6 38 11 8 10 41 23 35 14 40 42 7 28 17 50 
student 350: 12 8 44 7 40 42 22 20 25 26 3 1 27 35 50 17 23 41 14 48 21 34 30 18 19 37 4 32 47 13 29 6 39 31 45 9 38 5 10 15 46 33 28 11 36 43 2 24 16 49 
student 351: 16 13 40 1 45 43 25 22 24 34 2 4 20 37 46 15 23 39 17 49 21 32 27 18 19 35 5 47 48 8 31 7 33 30 41 6 38 3 10 9 44 26 36 14 29 42 11 28 12 50 
student 352: 18 2 42 4 47 36 30 22 25 26 6 9 11 39 49 10 24 35 17 45 20 43 21 16 19 32 3 44 48 14 37 5 40 31 41 8 28 1 34 13 38 27 29 15 33 46 7 23 12 50 
student 353: 17 3 45 5 43 36 27 23 41 26 2 6 15 32 48 10 18 38 9 49 20 40 22 21 33 28 1 42 47 19 24 13 46 30 35 4 39 8 7 12 37 29 31 16 34 44 11 25 14 50 
student 354: 16 10 48 5 45 41 25 20 21 30 1 4 19 35 46 14 23 36 18 47 24 39 28 17 22 38 2 32 50 7 31 8 43 33 34 11 40 3 12 15 42 26 37 9 27 44 6 29 13 49 
student 355: 21 8 42 7 44 43 26 25 30 31 1 5 17 35 47 23 20 33 18 49 14 39 27 16 19 32 2 41 48 9 28 11 45 29 40 10 37 3 6 4 46 24 34 13 36 38 12 22 15 50 
student 356: 19 2 46 6 43 41 28 17 23 31 3 12 16 32 47 15 24 37 18 45 26 40 22 20 21 35 1 38 49 13 34 9 44 27 36 7 39 5 11 4 42 29 30 10 33 48 8 25 14 50 
student 357: 18 4 43 2 46 42 30 26 24 28 5 3 17 39 48 8 25 36 15 49 20 40 22 21 19 32 1 41 47 7 29 12 44 34 38 6 37 10 13 11 33 27 31 16 35 45 9 23 14 50 
student 358: 13 5 44 1 46 36 28 22 35 23 4 2 19 34 45 16 20 39 17 48 24 40 27 18 21 33 3 49 47 12 29 9 42 26 37 6 31 7 10 11 41 30 38 14 32 43 8 25 15 50 
student 359: 14 4 46 2 43 35 30 23 27 26 3 5 18 36 47 16 24 45 21 50 20 37 25 19 17 28 1 38 48 7 32 10 42 29 33 8 39 9 12 15 40 34 31 11 44 41 6 22 13 49 
student 360: 14 3 39 6 49 37 17 23 40 31 2 4 19 34 48 15 22 35 21 47 20 42 25 16 24 30 1 41 50 13 27 7 46 38 36 18 45 9 8 5 43 26 29 11 33 44 10 28 12 32 
student 361: 16 5 47 6 46 43 29 15 24 27 4 7 19 32 49 21 17 41 25 45 26 35 23 22 18 37 1 40 48 13 28 3 38 30 36 9 39 8 11 14 42 31 33 10 34 44 2 20 12 50 
student 362: 17 1 46 7 50 47 25 22 26 28 6 5 21 32 44 16 24 42 14 48 18 39 29 20 23 35 3 43 45 13 31 9 40 30 36 12 34 8 11 4 38 27 33 15 37 41 2 19 10 49 
student 363: 17 4 44 1 47 43 24 13 23 28 2 11 20 31 48 14 19 37 16 50 25 39 27 22 26 34 3 42 41 15 33 9 45 35 38 5 30 6 7 12 40 29 36 10 32 46 8 21 18 49 
student 364: 20 6 46 4 44 35 29 18 21 33 2 3 24 31 47 14 23 32 19 50 25 43 26 16 17 40 1 36 48 12 34 8 45 27 38 11 41 7 5 9 39 28 30 13 37 42 10 22 15 49 
student 365: 11 5 49 1 45 41 27 17 30 28 4 3 21 36 50 13 26 37 18 48 22 40 25 20 24 31 2 44 47 15 33 12 39 34 38 14 35 6 9 10 42 32 29 8 23 43 7 19 16 46 
student 366: 16 2 41 3 49 39 28 18 26 30 1 4 21 32 45 15 25 38 19 47 24 43 27 17 20 34 6 40 46 5 35 14 48 33 36 8 37 9 7 11 44 29 31 13 22 42 10 23 12 50 
student 367: 16 5 48 3 49 40 22 21 25 30 4 2 23 32 47 17 24 35 20 46 18 41 26 15 19 34 1 45 36 10 29 9 44 33 37 8 39 13 14 7 42 28 38 11 31 43 6 27 12 50 
student 368: 18 6 47 7 42 40 26 23 28 30 2 4 17 35 46 15 21 34 16 48 22 43 25 19 20 37 1 45 50 11 29 3 41 31 32 5 38 9 10 12 39 24 36 13 33 44 8 27 14 49 
student 369: 17 2 43 1 44 42 27 19 32 23 4 7 18 34 50 14 20 37 22 48 24 39 26 16 21 36 3 40 45 10 25 15 46 30 35 6 38 8 9 12 41 29 31 13 33 47 5 28 11 49 
student 370: 21 7 45 3 47 39 24 23 36 26 2 4 22 30 46 14 31 34 18 49 20 43 17 19 13 35 1 40 48 10 25 15 44 28 37 8 38 5 9 12 41 32 29 11 33 42 6 27 16 50 
student 371: 17 8 44 3 48 42 23 16 21 31 6 1 19 32 47 11 26 36 18 50 27 38 30 22 20 29 2 41 46 10 33 4 45 25 37 14 39 9 5 13 43 34 35 12 28 40 7 24 15 49 
student 372: 18 6 43 1 44 37 30 24 27 25 2 3 22 39 46 12 20 40 16 50 21 36 28 17 19 35 4 42 49 10 29 9 47 32 33 11 41 7 8 13 38 26 34 14 31 45 5 23 15 48 
student 373: 16 4 39 5 45 44 27 19 24 36 3 8 20 30 50 15 22 33 13 48 23 38 25 17 18 31 1 43 47 9 34 12 46 35 37 11 40 2 6 10 41 29 28 21 32 42 7 26 14 49 
student 374: 23 5 45 4 49 38 29 22 19 27 8 1 18 26 50 11 30 37 7 46 21 40 25 15 17 35 2 41 44 14 33 3 47 31 36 10 42 9 12 6 43 32 34 16 28 39 20 24 13 48 
student 375: 14 3 45 6 49 41 25 22 27 26 4 1 17 32 46 15 23 36 19 50 20 35 28 21 18 34 2 42 47 10 29 11 43 33 39 8 40 7 5 13 37 31 30 12 38 44 9 24 16 48 
student 376: 19 3 39 2 48 43 26 15 22 34 6 8 25 32 42 9 21 37 17 50 18 38 27 20 24 33 1 44 49 12 30 11 45 28 36 10 40 4 7 13 47 29 35 16 31 46 5 23 14 41 
student 377: 21 6 40 2 49 38 25 20 35 27 3 4 19 34 45 7 22 37 15 47 23 44 26 16 18 33 1 41 48 13 30 10 43 28 39 8 36 9 12 11 42 24 31 14 32 46 5 29 17 50 
student 378: 18 6 47 2 50 42 21 20 27 33 4 5 22 36 45 16 25 39 17 48 23 38 32 19 15 24 1 40 46 13 35 10 43 34 37 8 28 3 11 9 41 29 30 12 31 44 7 26 14 49 
student 379: 17 5 46 3 50 38 27 20 25 30 1 4 19 33 45 12 23 43 18 49 22 39 26 16 21 35 2 40 48 10 29 13 42 32 36 7 37 6 11 15 47 24 31 9 34 44 8 28 14 41 
student 380: 16 7 48 4 45 40 26 22 24 28 1 2 10 30 47 11 21 37 18 49 34 46 25 15 20 32 5 39 44 14 29 8 43 35 33 6 38 9 12 17 42 27 36 13 31 50 3 23 19 41 
student 381: 14 2 47 10 45 42 27 23 28 32 6 3 17 33 48 22 20 40 15 50 19 38 26 16 18 41 1 39 46 9 31 11 44 30 37 8 34 5 7 12 35 29 43 13 25 36 4 24 21 49 
student 382: 19 4 47 1 49 41 25 20 30 28 7 3 22 43 46 16 26 40 17 45 21 39 24 18 11 34 2 42 50 8 27 6 44 31 38 9 35 5 12 15 36 29 32 14 33 37 10 23 13 48 
student 383: 16 7 38 3 50 42 26 19 25 27 4 8 22 40 44 15 24 34 17 47 20 36 29 21 14 35 1 39 43 9 30 13 46 32 41 12 37 10 2 11 45 28 33 6 31 48 5 23 18 49 
student 384: 17 5 44 4 45 36 31 18 23 27 2 3 22 39 46 13 21 38 20 50 24 43 25 14 19 37 1 40 47 12 33 10 41 29 30 8 35 6 11 9 42 32 34 15 28 48 7 26 16 49 
student 385: 16 6 42 4 49 43 27 21 28 31 2 3 19 32 46 20 18 33 13 50 24 36 26 15 22 34 5 40 48 14 37 11 45 25 38 9 39 1 7 10 44 23 29 17 35 41 8 30 12 47 
student 386: 17 4 43 5 44 41 29 15 26 31 2 8 22 33 50 16 23 32 20 48 27 37 28 10 21 40 1 42 46 14 30 9 45 25 38 12 36 6 19 11 39 24 34 7 35 47 3 18 13 49 
student 387: 17 3 50 5 45 46 28 14 27 29 1 4 24 33 40 12 22 38 20 47 25 42 23 21 16 34 2 32 43 13 30 9 49 31 41 7 48 6 15 10 36 26 35 11 37 39 8 19 18 44 
student 388: 14 7 44 4 45 39 29 19 22 26 1 3 21 38 47 10 23 34 15 46 28 42 25 17 18 31 2 40 50 16 27 5 41 30 35 8 33 11 9 20 43 32 36 13 37 49 12 24 6 48 
student 389: 10 6 49 7 47 39 21 25 27 31 11 4 19 34 48 14 28 37 15 46 29 40 20 16 22 30 3 42 50 12 36 9 44 26 35 5 38 2 8 13 41 32 23 17 33 43 1 24 18 45 
student 390: 19 8 42 2 50 41 27 20 28 32 1 4 17 30 47 15 22 37 24 45 21 39 25 18 16 31 3 46 49 14 33 9 43 29 38 11 34 7 6 12 44 23 35 10 36 40 5 26 13 48 
student 391: 14 5 44 7 46 41 30 16 27 25 1 4 21 40 45 18 19 35 17 47 15 36 26 29 22 33 3 42 49 12 31 9 43 28 39 8 34 2 10 11 38 24 32 20 37 48 6 23 13 50 
student 392: 15 9 42 6 47 44 25 21 27 29 2 4 22 32 49 14 24 33 17 50 19 36 23 18 26 35 1 41 46 5 34 12 39 30 38 11 37 3 8 16 43 28 31 13 40 45 10 20 7 48 
student 393: 21 1 47 3 50 35 29 23 25 30 2 4 19 33 49 18 20 37 16 43 22 34 27 12 14 32 6 38 45 13 31 15 44 28 46 11 41 7 9 5 40 26 42 17 36 39 8 24 10 48 
student 394: 14 6 46 2 44 35 27 19 30 33 3 4 17 34 47 20 22 38 13 49 26 39 23 15 21 37 1 42 48 11 31 8 40 28 43 9 36 7 5 12 41 29 32 16 24 45 10 25 18 50 
student 395: 22 3 49 2 44 40 24 17 27 31 4 5 21 30 47 13 20 32 15 43 23 41 26 18 11 36 1 46 50 19 33 9 45 25 38 8 39 6 10 14 37 29 34 16 35 42 7 28 12 48 
student 396: 19 9 43 3 40 41 25 22 26 27 1 10 15 33 50 18 17 34 8 48 28 35 23 21 20 38 2 37 46 12 36 13 44 32 39 4 47 5 6 11 42 29 30 7 31 45 16 24 14 49 
student 397: 17 3 45 1 46 44 27 23 28 29 2 4 24 31 43 15 22 36 21 50 19 38 26 18 6 32 12 41 49 14 20 13 47 34 37 5 39 7 9 10 40 30 33 16 35 42 8 25 11 48 
student 398: 13 2 45 12 46 38 34 19 29 31 3 4 20 36 48 15 23 37 17 49 25 42 26 18 22 30 1 43 47 11 27 9 41 33 39 10 35 6 7 16 40 24 28 14 32 44 5 21 8 50 
student 399: 16 3 46 4 42 40 22 21 28 31 7 5 17 38 48 14 20 35 23 50 19 39 27 18 24 33 1 41 44 10 26 2 45 32 36 9 43 8 13 11 37 29 30 15 34 47 6 25 12 49 
student 400: 18 6 38 7 47 43 29 23 21 27 1 3 19 31 40 16 22 36 14 50 24 35 25 17 20 39 5 37 45 10 28 9 48 32 42 2 41 4 13 12 46 30 34 11 33 44 8 26 15 49 
student 401: 18 4 45 3 44 37 27 19 29 31 1 10 21 28 42 16 23 36 12 49 25 46 20 17 22 40 8 48 47 13 32 11 43 34 39 6 33 2 7 15 38 30 35 14 26 41 5 24 9 50 
student 402: 8 5 43 4 47 42 28 18 26 30 7 2 20 40 46 13 24 32 12 49 21 35 25 22 19 38 6 48 50 16 29 10 44 33 31 11 36 3 14 17 41 27 37 15 34 45 9 23 1 39 
student 403: 18 2 48 3 43 41 32 16 24 26 6 7 20 34 50 15 22 37 11 46 21 36 23 28 17 33 1 38 45 13 29 10 42 30 44 8 35 4 9 14 39 27 31 12 40 47 5 25 19 49 
student 404: 18 6 46 10 47 41 28 23 29 30 3 4 20 38 49 14 25 33 19 43 24 35 22 15 21 34 2 36 50 5 32 16 42 27 39 8 37 1 11 9 40 26 45 12 31 44 7 17 13 48 
student 405: 16 1 48 2 42 37 25 23 32 34 9 3 17 38 45 18 20 35 15 47 27 41 21 19 24 36 8 40 44 14 30 5 43 29 39 4 33 7 11 13 46 28 22 12 31 49 6 26 10 50 
student 406: 14 8 43 3 49 36 27 20 23 31 2 9 21 37 45 16 24 34 19 46 22 44 26 17 18 39 1 47 48 15 30 12 40 32 35 5 38 4 7 13 42 28 29 10 33 41 6 25 11 50 
student 407: 16 8 44 4 45 41 26 20 30 27 2 5 18 35 43 10 24 34 17 49 21 40 22 23 19 38 1 42 48 9 28 12 47 29 36 11 39 6 13 7 46 33 32 14 31 37 3 25 15 50 
student 408: 12 4 47 1 49 37 28 24 25 26 2 3 19 34 45 15 21 39 17 50 22 42 27 18 20 33 10 38 48 13 30 9 46 41 35 6 32 7 8 11 40 29 36 16 31 43 5 23 14 44 
student 409: 22 4 48 3 40 37 36 23 24 31 2 11 9 39 50 20 25 34 8 45 21 49 29 16 17 32 1 38 47 6 18 15 44 33 30 7 42 5 10 12 46 28 35 19 26 41 14 27 13 43 
student 410: 18 3 46 5 48 41 28 23 27 36 1 8 19 32 45 14 22 31 15 50 24 42 26 20 17 38 2 33 47 10 37 4 44 30 25 11 34 6 9 12 40 29 39 16 35 43 7 21 13 49 
student 411: 17 8 45 4 50 42 28 14 27 25 2 6 22 33 44 10 18 41 24 49 20 43 26 21 13 34 1 36 46 12 30 11 39 32 40 5 37 3 7 15 38 29 31 19 35 48 9 23 16 47 
student 412: 18 3 45 2 46 42 20 24 31 29 4 16 19 38 48 15 23 30 25 50 21 35 28 8 17 36 1 41 47 11 33 9 44 32 39 6 37 12 7 13 43 26 27 10 34 40 5 22 14 49 
student 413: 13 6 41 3 45 42 29 21 24 30 10 2 19 35 46 11 23 36 14 48 26 38 16 20 22 34 1 40 49 5 28 9 47 32 39 18 37 4 8 12 44 25 31 15 33 43 7 27 17 50 
student 414: 12 8 44 6 50 38 27 16 24 31 5 4 21 34 46 11 23 35 14 48 22 33 26 18 20 28 1 42 47 7 29 9 45 32 37 10 39 3 17 15 43 36 41 2 30 40 13 25 19 49 
student 415: 13 8 47 1 46 39 22 21 24 25 4 7 19 33 48 12 23 35 18 50 32 38 27 17 20 37 2 42 49 15 31 11 43 30 40 5 41 9 14 16 36 29 34 6 28 44 3 26 10 45 
student 416: 19 1 48 5 46 34 22 21 24 35 3 2 16 37 42 20 26 25 12 44 23 38 31 17 27 39 10 43 45 8 28 14 50 36 40 6 33 4 9 13 49 29 30 11 32 41 7 18 15 47 
student 417: 20 6 47 4 41 42 27 17 25 28 2 9 14 36 43 21 16 45 12 49 22 35 26 18 23 31 1 44 50 10 30 11 48 32 39 5 40 8 7 19 38 29 34 13 33 37 3 24 15 46 
student 418: 16 6 45 5 46 41 32 17 28 33 4 2 24 34 47 18 19 35 13 50 27 37 22 15 21 30 1 43 49 10 29 12 44 23 40 9 38 3 8 11 42 31 36 14 26 39 7 20 25 48 
student 419: 19 3 40 4 47 39 31 21 25 28 2 5 20 33 49 15 23 38 17 46 24 37 22 13 18 36 1 43 48 16 35 10 45 27 34 7 44 6 9 12 41 29 30 11 32 42 8 26 14 50 
student 420: 16 4 43 3 41 40 31 22 23 27 1 5 20 33 47 17 19 36 14 50 25 38 28 18 21 34 2 42 46 11 29 10 45 30 39 9 35 6 8 13 44 26 32 12 37 48 7 24 15 49 
student 421: 7 2 50 4 44 42 28 24 21 25 1 3 18 32 46 22 20 36 17 49 27 41 26 15 19 37 5 45 47 11 30 6 40 35 31 8 38 9 10 12 43 29 33 16 34 39 13 23 14 48 
student 422: 16 7 42 3 45 41 27 20 29 31 2 4 15 32 47 12 19 33 14 49 21 39 24 22 18 40 1 38 48 9 26 11 44 30 34 10 36 5 8 23 43 25 37 13 35 46 6 28 17 50 
student 423: 20 8 43 2 46 45 17 28 25 29 4 3 21 38 47 13 14 27 15 49 22 42 23 18 31 37 1 48 44 19 24 7 40 35 33 16 34 5 9 10 39 30 36 11 32 41 6 26 12 50 
student 424: 14 11 46 3 47 41 26 21 29 32 6 1 18 31 48 15 22 35 24 50 20 42 25 17 19 37 2 36 44 9 30 8 39 27 38 10 40 5 7 12 45 28 33 13 34 43 4 23 16 49 
student 425: 19 5 44 4 45 35 26 30 24 32 8 13 20 37 46 10 21 34 15 50 22 40 23 18 14 38 2 42 48 9 29 12 43 31 39 6 36 3 7 11 41 27 33 16 28 47 1 25 17 49 
student 426: 21 4 43 8 45 37 26 19 24 30 2 10 22 39 46 17 20 35 11 50 23 42 29 7 18 38 1 44 49 5 47 13 40 28 32 3 36 9 14 6 41 27 31 16 33 25 12 34 15 48 
student 427: 14 2 48 5 46 45 31 21 29 27 6 1 17 33 49 15 18 32 19 47 20 38 26 22 24 36 4 40 50 11 35 8 43 34 37 10 39 7 13 9 41 28 30 16 25 42 3 23 12 44 
student 428: 15 3 47 4 43 42 29 23 22 25 1 5 16 37 45 17 18 34 19 49 21 38 30 28 20 35 2 39 48 13 33 8 46 31 40 7 36 11 12 10 41 24 27 14 32 44 6 26 9 50 
student 429: 9 5 44 3 50 38 27 22 28 31 2 8 23 37 42 12 20 35 13 48 24 41 25 16 17 34 1 45 46 15 30 14 40 26 36 6 39 4 10 18 33 29 43 19 32 47 11 21 7 49 
student 430: 18 3 45 6 46 37 24 19 25 26 4 2 22 40 47 13 21 33 15 49 23 42 20 14 27 34 1 39 48 17 31 11 50 35 36 10 41 9 7 16 38 32 30 8 29 43 5 28 12 44 
student 431: 20 5 46 3 48 41 23 22 26 31 6 1 15 32 49 18 21 36 24 50 17 40 27 13 19 39 4 42 45 8 30 2 43 34 38 9 35 10 12 11 37 28 33 14 29 44 7 25 16 47 
student 432: 15 3 48 1 46 37 26 21 30 27 6 2 22 33 50 16 19 41 17 49 25 42 23 18 20 34 5 43 45 9 29 12 44 31 40 8 39 7 11 4 36 28 32 14 35 47 10 24 13 38 
student 433: 16 5 44 7 46 40 28 23 22 31 1 4 13 34 48 15 25 36 24 50 21 38 29 19 20 35 3 45 47 14 27 6 42 32 41 10 37 2 11 18 43 17 33 9 30 39 8 26 12 49 
student 434: 20 7 49 4 43 47 30 21 25 35 2 5 17 38 46 14 26 39 16 45 24 37 23 18 19 34 1 42 48 12 32 10 44 27 41 9 29 3 11 8 33 28 36 13 31 40 6 22 15 50 
student 435: 16 2 44 4 47 37 28 26 25 31 6 7 20 34 48 12 21 38 18 45 22 36 29 19 14 35 1 42 50 17 24 13 43 40 33 5 39 3 8 15 41 23 32 10 27 49 9 30 11 46 
student 436: 15 7 44 4 46 40 26 22 23 29 3 8 17 34 48 14 25 33 19 49 24 36 18 20 21 37 2 42 50 10 30 1 45 31 35 5 38 9 11 12 43 28 27 16 32 41 6 39 13 47 
student 437: 16 5 43 3 46 34 28 27 24 25 2 11 19 36 50 14 23 37 15 47 29 44 22 18 20 33 1 40 49 4 35 10 42 30 41 6 39 7 9 13 38 26 31 17 32 45 8 21 12 48 
student 438: 16 7 47 5 48 45 22 14 27 31 1 2 13 34 46 11 20 35 18 49 25 37 32 17 21 36 3 38 43 8 26 4 42 28 39 12 40 15 9 10 41 29 30 19 33 44 6 24 23 50 
student 439: 13 5 43 2 46 37 40 18 23 29 6 1 20 36 48 14 19 33 25 49 24 35 26 21 17 39 3 38 50 11 28 8 42 30 41 7 34 10 12 4 44 27 31 15 32 47 9 22 16 45 
student 440: 16 1 47 7 45 39 30 18 22 29 5 3 15 34 48 19 20 33 17 49 21 38 24 26 25 32 2 40 41 9 28 10 42 36 35 6 37 4 12 11 44 27 46 13 31 43 8 23 14 50 
student 441: 18 2 46 9 44 39 26 19 31 29 4 12 15 33 47 16 17 36 21 48 24 43 25 22 13 37 1 40 50 14 35 8 45 28 34 3 38 6 5 10 42 27 30 23 32 41 7 20 11 49 
student 442: 11 14 43 8 45 37 26 23 19 25 7 6 20 36 47 17 24 40 18 49 29 39 28 16 21 34 1 33 46 5 31 13 44 32 50 9 38 3 10 2 42 27 30 12 35 41 4 22 15 48 
student 443: 19 2 45 3 46 44 28 23 26 27 4 6 17 39 41 15 22 33 12 48 20 36 24 13 18 37 1 40 42 10 30 14 49 31 34 9 43 7 8 21 47 29 38 11 32 35 5 25 16 50 
student 444: 11 5 45 8 48 39 27 24 22 30 2 4 18 33 50 3 25 38 17 47 23 41 21 19 20 35 1 42 49 7 31 14 40 32 37 16 36 6 9 15 44 28 34 13 29 43 10 26 12 46 
student 445: 13 5 45 2 46 42 21 26 27 29 4 3 18 28 44 15 19 34 14 50 23 39 33 16 24 36 1 41 48 8 32 6 38 31 30 17 35 9 10 12 43 22 40 20 37 47 7 25 11 49 
student 446: 17 9 45 10 47 41 28 19 26 31 2 7 15 38 49 13 24 33 14 50 21 36 25 20 22 35 1 39 44 11 32 12 40 29 43 18 37 6 3 8 48 27 34 5 30 42 4 23 16 46 
student 447: 14 8 45 2 49 43 26 20 21 29 1 6 18 36 46 15 23 33 22 50 28 37 25 17 19 30 5 40 48 12 27 11 42 32 38 7 39 3 10 9 41 34 35 16 31 44 4 24 13 47 
student 448: 10 9 42 2 49 41 25 22 21 27 3 1 19 33 45 14 20 31 16 46 24 39 36 17 23 30 5 43 47 13 32 12 44 37 38 4 35 6 7 15 40 26 29 18 34 48 11 28 8 50 
student 449: 16 3 48 2 46 40 27 22 26 29 1 5 17 30 47 19 13 32 14 49 20 39 21 15 23 33 4 44 42 10 31 11 45 34 38 7 37 6 24 8 43 28 36 12 35 41 9 25 18 50 
student 450: 15 5 47 3 44 39 27 22 24 30 2 1 18 31 49 17 23 36 16 48 20 37 28 19 21 32 4 38 43 8 33 13 46 34 35 7 40 6 11 12 41 26 42 10 29 45 9 25 14 50 
student 451: 14 4 45 2 46 37 25 23 27 28 5 3 19 30 49 11 21 33 16 48 24 40 26 17 20 31 1 42 47 12 34 10 41 35 38 9 39 6 8 13 43 29 36 15 32 44 7 22 18 50 
student 452: 16 6 47 7 44 39 24 17 23 34 3 8 20 36 48 11 26 37 18 49 29 38 21 10 22 35 2 40 43 13 32 14 46 28 41 4 31 1 5 12 42 27 33 15 30 45 9 25 19 50 
student 453: 16 8 43 4 49 41 26 21 24 31 1 2 18 32 46 14 30 34 15 48 22 39 27 19 17 33 3 40 45 9 28 13 42 29 36 5 37 7 10 11 44 35 25 12 38 47 6 23 20 50 
student 454: 18 3 40 9 47 43 31 26 22 25 4 2 23 37 48 15 20 38 24 49 27 44 21 13 17 36 1 33 46 10 32 12 45 28 41 7 39 6 8 11 35 29 30 14 34 42 5 19 16 50 
student 455: 18 6 42 2 44 38 33 26 30 25 3 7 19 37 46 17 13 27 15 49 21 47 24 23 22 36 4 41 48 16 29 14 43 31 28 8 35 5 9 11 40 32 34 10 39 45 1 20 12 50 
student 456: 13 9 42 6 45 37 30 22 29 33 4 7 20 32 48 12 19 39 17 50 23 44 27 18 21 35 1 38 47 5 28 10 41 34 43 2 36 14 3 8 40 26 25 16 31 46 11 24 15 49 
student 457: 16 5 45 4 47 39 29 20 28 26 2 3 19 35 46 15 22 34 18 49 25 37 23 17 24 33 1 41 48 10 31 8 43 30 36 11 38 7 9 12 42 32 27 14 40 44 6 21 13 50 
student 458: 17 4 42 1 45 41 31 24 26 32 2 3 18 37 49 22 19 35 16 47 28 39 25 21 20 34 5 40 48 10 23 13 43 29 36 9 38 6 7 12 44 27 33 14 30 46 8 15 11 50 
student 459: 18 9 44 3 46 40 31 21 27 29 1 8 17 30 48 15 25 38 19 49 22 42 28 16 23 35 2 41 45 7 20 13 47 33 36 10 39 6 11 12 37 24 32 14 34 43 5 26 4 50 
student 460: 17 4 40 5 46 33 24 21 23 35 1 7 18 37 47 15 27 39 22 48 20 44 26 13 19 36 3 41 49 14 25 12 42 28 38 8 31 6 9 10 43 34 29 11 32 45 2 30 16 50 
student 461: 13 7 43 4 47 46 30 18 29 33 2 5 23 34 45 6 22 36 17 49 25 40 28 16 20 35 3 48 44 12 24 14 42 27 37 1 39 8 10 15 41 26 31 19 32 38 9 21 11 50 
student 462: 18 4 47 2 46 45 29 21 20 28 1 3 13 30 48 17 22 36 16 44 23 39 24 19 25 35 6 34 49 15 31 5 40 33 38 8 43 9 10 7 41 32 37 12 27 42 11 26 14 50 
student 463: 17 6 36 3 44 34 25 19 29 33 2 7 22 39 50 15 23 38 18 46 21 42 26 16 20 32 1 47 45 5 37 13 30 28 41 8 43 12 10 14 40 24 31 9 35 48 4 27 11 49 
student 464: 14 8 44 6 43 37 36 21 25 31 5 4 15 33 47 17 22 35 18 50 24 42 26 16 19 38 3 39 49 20 29 9 46 28 34 2 41 1 10 11 40 27 32 12 30 48 7 23 13 45 
student 465: 19 6 41 2 48 42 22 14 15 33 1 3 25 40 44 18 23 34 13 43 26 36 31 21 24 27 5 38 50 7 28 8 46 35 32 10 39 4 9 11 47 30 29 17 37 45 12 20 16 49 
student 466: 27 9 42 1 44 41 22 11 20 33 4 3 23 35 47 8 30 32 13 46 17 36 28 16 25 40 6 39 50 14 31 15 45 34 26 5 37 2 12 18 43 24 29 10 38 49 7 21 19 48 
student 467: 13 8 37 4 44 42 31 23 26 25 3 6 20 38 46 14 17 33 18 48 22 35 29 19 24 32 1 45 47 15 30 7 50 28 39 2 41 5 12 10 40 27 34 11 36 43 9 21 16 49 
student 468: 19 6 44 3 48 36 26 25 30 28 1 4 16 34 49 11 22 35 12 47 23 38 21 18 20 41 2 40 45 14 31 8 39 29 37 10 42 5 9 13 43 24 33 15 32 46 7 27 17 50 
student 469: 14 3 42 5 44 43 24 17 26 28 2 4 23 32 50 10 19 36 18 48 21 39 30 15 12 35 1 40 46 13 29 20 38 33 41 6 37 8 7 16 49 27 34 11 31 45 9 25 22 47 
student 470: 13 4 46 1 45 40 26 16 27 28 6 5 14 34 49 18 25 38 20 50 24 37 17 21 22 39 2 42 44 11 29 19 43 31 32 8 36 3 9 10 41 33 30 15 35 48 7 23 12 47 
student 471: 16 6 42 3 45 41 20 22 25 29 4 2 23 33 46 19 17 34 12 44 26 39 28 21 18 38 1 43 47 13 32 10 50 27 31 7 36 5 8 15 40 30 35 11 37 48 9 24 14 49 
student 472: 13 2 46 1 50 41 28 19 24 27 7 6 18 36 42 14 20 35 17 49 22 39 26 21 25 37 5 43 47 12 34 8 45 29 33 9 38 4 3 11 44 23 32 15 31 40 10 30 16 48 
student 473: 15 3 46 7 43 38 18 21 30 28 5 2 22 39 47 19 25 34 16 49 23 36 24 17 20 31 1 44 48 13 29 10 42 35 37 8 40 6 9 12 41 27 32 11 33 45 4 26 14 50 
student 474: 15 5 46 7 44 39 26 25 24 28 4 2 16 34 49 17 20 38 18 47 23 37 27 14 21 31 1 43 45 19 32 10 48 29 36 3 42 12 11 13 40 33 35 6 30 41 8 22 9 50 
student 475: 20 8 39 5 50 47 25 13 28 26 1 2 30 34 45 14 22 37 21 48 19 41 24 17 15 33 4 40 46 12 32 10 43 27 38 3 36 6 7 9 42 29 31 11 35 44 16 23 18 49 
student 476: 15 10 50 4 43 45 29 20 26 27 8 5 19 35 46 18 24 38 12 49 28 44 22 21 17 33 1 37 48 14 25 7 39 30 40 3 36 9 11 6 41 23 31 13 32 42 2 34 16 47 
student 477: 17 6 44 3 46 40 26 24 28 33 2 4 18 31 49 5 22 35 16 43 21 38 25 19 20 37 1 39 50 10 30 9 42 27 36 12 41 7 13 8 45 29 32 14 34 48 11 23 15 47 
student 478: 13 5 47 3 49 45 25 20 28 26 1 4 17 31 41 19 22 35 18 46 27 39 24 15 21 32 2 40 48 8 33 11 42 34 36 10 38 6 9 14 44 29 30 16 37 43 7 23 12 50 
student 479: 15 3 44 1 47 37 20 21 31 28 2 6 19 34 49 11 25 35 18 50 23 32 26 16 17 36 5 42 45 22 33 8 39 27 40 10 41 4 12 9 48 29 38 13 30 43 7 24 14 46 
student 480: 16 7 45 1 49 42 25 22 27 35 3 4 19 33 47 17 21 34 18 46 26 44 24 14 20 32 2 39 50 8 30 13 43 31 37 10 38 5 6 15 40 29 36 11 28 41 9 23 12 48 
student 481: 14 6 40 5 43 42 28 17 20 30 3 1 15 33 45 13 23 36 18 47 24 41 21 16 25 35 2 38 48 12 31 11 46 27 39 7 37 8 10 9 44 29 32 19 34 50 4 26 22 49 
student 482: 9 11 46 6 43 34 23 28 27 26 1 5 25 36 47 18 16 38 12 50 20 39 30 22 19 32 2 41 48 14 29 3 45 31 37 4 40 7 10 8 42 24 35 15 33 44 13 21 17 49 
student 483: 22 6 40 3 46 32 28 18 26 35 1 5 16 31 47 17 19 37 14 50 27 42 25 20 23 41 2 43 48 11 21 9 45 30 36 8 38 12 7 4 39 34 29 13 33 44 10 24 15 49 
student 484: 15 3 48 6 47 42 27 14 28 26 5 2 21 39 49 12 17 36 18 45 22 40 23 25 20 38 1 43 50 4 35 16 41 30 33 9 32 10 7 8 44 29 34 13 31 37 11 24 19 46 
student 485: 12 15 47 5 45 44 19 21 24 29 2 8 20 31 48 10 25 34 23 43 22 33 37 16 18 35 1 41 46 17 30 9 40 36 39 7 38 3 6 13 49 26 28 14 32 42 4 27 11 50 
student 486: 24 7 48 1 39 43 23 16 19 28 3 8 21 33 47 6 20 34 14 49 22 41 29 9 31 32 2 38 46 10 30 13 44 36 35 11 40 5 12 17 42 27 25 15 37 45 4 26 18 50 
student 487: 15 2 45 7 47 42 30 28 26 29 4 5 18 36 48 20 21 38 16 49 23 37 17 22 19 33 1 43 46 11 25 12 39 32 41 6 35 3 10 9 40 27 34 14 31 44 8 24 13 50 
student 488: 16 8 49 4 45 39 30 18 26 28 2 6 21 34 44 15 25 37 17 41 19 40 23 20 22 36 1 43 47 10 29 9 48 32 35 11 38 5 3 12 42 24 31 13 33 46 7 27 14 50 
student 489: 21 6 46 4 45 37 30 22 31 32 1 3 18 38 43 17 24 39 15 50 20 42 28 16 19 29 2 41 48 14 33 9 47 34 35 7 36 5 10 12 40 26 27 11 25 44 8 23 13 49 
student 490: 19 7 49 5 47 40 25 32 24 35 2 1 10 38 43 17 23 37 18 45 20 42 26 16 21 34 8 39 50 15 28 4 46 33 36 9 31 11 6 12 41 22 30 13 29 44 3 27 14 48 
student 491: 20 6 43 2 50 36 27 25 19 22 8 3 29 33 42 13 24 45 18 49 17 38 26 16 21 35 1 41 48 14 30 5 46 31 37 9 39 7 10 11 47 28 32 15 34 40 4 23 12 44 
student 492: 17 3 48 7 41 36 26 22 25 29 5 11 20 30 45 14 19 39 16 47 24 37 23 18 21 35 4 40 50 12 31 6 49 34 38 8 44 1 9 15 42 27 32 2 33 43 10 28 13 46 
student 493: 15 3 46 4 44 39 17 21 29 34 2 7 20 32 47 12 23 33 24 50 26 35 27 22 18 38 1 40 48 11 28 6 43 30 41 9 37 8 10 16 45 25 31 13 36 42 5 19 14 49 
student 494: 16 5 44 1 43 40 30 20 22 25 8 3 15 36 48 23 14 33 21 49 19 39 29 17 27 31 2 41 46 13 32 12 45 34 37 7 38 6 9 18 42 26 35 10 28 47 4 24 11 50 
student 495: 14 7 43 3 45 37 27 12 24 31 1 5 18 28 46 22 20 36 19 49 23 44 15 26 21 33 4 39 48 13 25 17 41 32 38 9 42 8 10 11 40 29 34 2 35 47 6 30 16 50 
student 496: 17 11 41 5 49 39 27 20 26 30 2 3 18 34 46 15 22 42 21 47 25 43 24 9 19 35 1 37 48 7 32 16 40 28 36 4 38 6 12 13 44 29 33 14 31 45 10 23 8 50 
student 497: 17 4 46 2 48 40 26 22 24 23 5 10 19 32 50 11 28 39 18 47 21 37 25 20 15 35 1 43 44 9 34 16 41 29 36 6 42 3 12 7 38 30 31 13 33 45 8 27 14 49 
student 498: 15 2 45 5 41 44 28 18 24 29 4 1 21 31 47 11 27 32 12 49 23 33 26 19 20 37 3 38 46 6 30 9 50 34 39 8 40 13 7 16 42 25 35 17 36 43 10 22 14 48 
student 499: 17 1 43 8 41 42 25 22 24 29 5 2 19 38 47 9 21 23 16 50 26 39 20 18 27 34 4 40 49 15 30 7 45 32 35 10 36 6 11 14 44 28 33 12 37 46 3 31 13 48 
