student 0: 39 18 2 5 6 27 42 8 9 40 10 14 29 26 19 28 36 20 25 22 37 21 33 34 44 46 4 50 31 1 13 35 15 30 48 45 49 12 24 32 38 43 7 17 11 16 3 23 41 47 
student 1: 41 23 4 14 17 27 44 5 2 46 9 25 31 29 21 26 36 20 28 22 33 12 30 34 48 47 3 50 24 1 10 39 13 35 49 42 43 16 15 32 37 40 19 11 7 8 6 18 38 45 
student 2: 37 15 4 5 9 25 40 6 7 48 10 18 29 32 23 28 39 21 26 30 33 14 34 31 45 46 1 50 27 2 12 38 17 35 44 49 47 20 19 24 36 43 11 13 8 16 3 22 42 41 
student 3: 37 24 2 1 9 18 45 8 10 43 14 15 28 27 17 26 42 12 30 25 34 22 32 31 44 50 3 48 29 5 11 39 19 35 41 47 49 13 21 33 40 36 7 23 6 16 4 20 38 46 
student 4: 30 16 3 4 12 20 39 6 24 35 18 8 32 33 23 22 40 17 28 25 38 15 29 34 45 48 2 47 26 1 14 41 9 27 50 43 49 19 31 42 36 44 7 21 11 10 5 13 37 46 
student 5: 37 24 4 3 11 21 48 6 9 40 12 10 36 38 20 26 33 19 27 22 31 16 30 28 42 50 1 43 29 2 13 39 14 32 49 45 44 15 25 34 35 41 7 17 5 18 8 23 46 47 
student 6: 26 21 5 6 7 23 44 9 8 39 10 18 31 32 20 29 38 24 30 22 35 12 34 36 41 49 3 48 27 1 13 37 14 33 50 47 43 16 25 28 40 45 4 15 11 17 2 19 42 46 
student 7: 33 20 3 2 11 19 42 5 10 38 12 13 26 24 22 31 41 18 29 23 37 25 27 39 40 47 4 50 28 1 14 35 15 32 46 49 45 8 30 34 36 48 9 17 7 16 6 21 44 43 
student 8: 40 17 2 4 7 22 42 6 11 39 12 15 31 28 25 24 34 23 26 33 38 18 29 36 37 50 3 47 27 1 10 30 20 35 49 45 44 14 19 32 46 43 8 16 5 13 9 21 41 48 
student 9: 31 19 8 6 7 21 47 1 11 38 12 14 29 23 22 32 40 25 28 27 36 15 39 33 42 49 3 50 26 2 13 37 16 30 43 45 44 5 24 34 41 48 10 18 9 17 4 20 35 46 
student 10: 37 24 4 5 6 22 49 3 10 41 13 18 32 35 23 26 44 17 27 20 34 15 31 29 42 46 2 48 28 1 11 33 16 36 47 43 50 12 19 30 40 38 7 14 9 21 8 25 39 45 
student 11: 34 20 4 6 5 22 40 2 11 35 14 16 31 30 18 28 39 24 25 26 36 17 27 32 42 48 3 50 29 1 10 38 13 33 49 46 45 12 23 37 43 41 7 15 9 19 8 21 44 47 
student 12: 37 17 1 4 10 26 42 5 7 47 8 16 30 25 22 23 38 20 29 24 36 13 35 33 43 44 6 48 28 3 15 39 19 32 50 49 46 12 27 31 41 40 11 18 9 14 2 21 34 45 
student 13: 40 18 4 12 7 24 43 13 8 42 15 11 27 29 23 26 34 21 30 20 36 22 39 32 37 48 1 49 28 2 14 33 10 31 50 46 47 9 25 38 35 44 3 17 6 16 5 19 41 45 
student 14: 50 18 2 1 7 26 43 8 11 37 12 16 30 27 22 23 39 25 29 28 32 15 38 33 40 45 4 49 24 3 13 35 14 21 47 48 44 10 34 31 36 41 9 19 6 17 5 20 42 46 
student 15: 36 31 3 5 2 25 42 7 11 41 13 20 34 29 22 24 30 18 33 17 40 19 26 35 44 45 1 50 23 4 16 38 9 28 49 47 46 14 27 32 37 39 6 15 10 12 8 21 43 48 
student 16: 36 22 6 1 11 21 44 9 8 39 10 16 28 29 23 25 35 17 26 24 34 14 30 48 46 49 5 50 27 3 12 40 13 31 45 47 41 15 33 32 37 42 7 20 2 18 4 19 38 43 
student 17: 31 26 3 4 7 16 42 13 5 45 9 18 28 27 21 33 36 25 34 24 39 17 29 41 44 47 1 48 23 2 11 37 15 32 50 35 49 10 22 30 38 43 12 20 8 14 6 19 40 46 
student 18: 41 25 3 5 9 24 45 4 7 38 11 13 30 20 21 29 37 23 32 26 31 17 28 39 36 46 2 50 16 1 14 35 12 34 47 42 49 10 27 33 40 43 19 15 6 18 8 22 44 48 
student 19: 39 23 1 4 11 22 49 9 7 40 10 21 28 26 18 37 43 25 30 17 31 19 24 35 36 48 3 50 33 2 8 34 15 29 47 45 41 13 27 32 38 44 12 20 6 14 5 16 42 46 
student 20: 36 20 1 4 5 23 42 8 10 41 11 12 26 28 21 29 39 17 27 40 32 15 30 33 46 47 2 49 25 3 6 35 16 34 48 45 44 14 24 31 43 38 9 19 13 18 7 22 37 50 
student 21: 35 15 4 5 9 17 39 7 8 45 13 11 27 32 24 29 36 20 22 26 34 16 31 37 47 49 2 42 25 3 14 40 18 33 46 50 48 12 21 28 38 41 1 23 6 19 10 30 43 44 
student 22: 37 20 3 1 10 18 44 6 11 40 12 13 29 26 19 30 35 16 28 23 34 17 31 33 42 46 5 45 27 2 14 39 24 36 49 48 47 9 25 32 38 41 8 21 4 15 7 22 43 50 
student 23: 35 20 4 5 7 24 48 8 17 40 12 9 29 26 30 28 36 19 23 22 33 18 31 27 47 49 3 45 34 2 1 38 14 37 46 42 50 13 25 32 41 43 11 16 10 15 6 21 39 44 
student 24: 35 22 3 5 6 21 42 4 12 37 13 8 29 33 20 30 39 19 28 24 32 16 31 27 41 49 2 47 26 1 11 38 15 36 43 50 48 10 25 34 40 46 14 18 9 17 7 23 45 44 
student 25: 40 20 3 6 9 22 38 4 11 41 15 17 36 27 24 28 35 8 29 21 34 18 31 39 44 48 2 50 23 1 16 32 14 33 49 47 46 12 26 30 42 43 10 19 7 13 5 25 37 45 
student 26: 33 17 2 8 11 22 42 5 13 39 12 19 35 32 21 26 37 25 28 23 31 18 24 34 46 44 3 49 29 1 14 40 10 36 50 48 47 7 27 30 38 43 9 16 6 15 4 20 41 45 
student 27: 31 19 5 1 7 20 43 18 12 39 6 13 32 26 23 30 36 17 27 24 35 21 29 38 42 49 3 50 28 8 9 33 10 37 46 44 47 16 25 34 40 45 11 22 2 14 4 15 41 48 
student 28: 36 18 5 2 8 15 40 6 10 39 12 20 27 31 22 30 41 26 24 23 35 14 28 33 48 45 3 50 29 1 13 38 7 34 49 46 43 17 25 32 37 42 11 21 9 16 4 19 44 47 
student 29: 35 22 3 4 12 23 39 8 14 41 9 13 33 28 19 30 31 26 36 25 34 16 32 37 43 49 2 46 27 1 11 40 15 21 50 47 44 6 20 29 38 42 5 24 10 17 7 18 45 48 
student 30: 38 20 4 5 6 21 47 7 10 43 12 16 32 23 25 31 42 18 24 26 34 19 35 29 40 41 3 50 27 1 14 36 11 28 48 46 37 13 30 33 39 49 9 17 8 15 2 22 44 45 
student 31: 35 24 4 2 5 18 42 1 8 41 14 20 27 21 17 26 38 23 29 25 34 15 36 37 47 46 6 50 30 3 16 33 11 32 49 45 48 9 28 31 39 43 13 12 7 19 10 22 40 44 
student 32: 37 19 1 6 16 24 47 8 9 41 11 21 29 28 17 30 38 23 33 25 35 12 32 34 42 45 5 49 22 2 3 39 15 31 50 44 48 14 26 27 36 46 7 13 4 20 10 18 40 43 
student 33: 38 21 2 15 5 24 41 7 10 37 13 14 29 28 19 27 40 16 31 22 34 20 30 36 45 47 4 50 26 3 12 42 8 33 48 49 46 18 25 32 44 35 9 17 6 11 1 23 43 39 
student 34: 37 17 2 8 6 24 43 4 7 40 11 9 27 25 19 26 38 23 32 30 35 20 31 33 45 46 12 50 28 1 10 36 14 29 48 49 47 18 22 34 39 41 5 16 13 15 3 21 42 44 
student 35: 33 19 6 3 2 21 40 1 8 39 13 15 31 32 22 28 37 26 29 18 35 17 38 30 45 43 7 49 24 4 9 41 11 27 50 42 48 16 23 34 36 46 10 20 5 14 12 25 44 47 
student 36: 37 20 2 3 11 25 44 6 9 43 10 13 31 29 22 27 38 17 28 26 35 21 30 33 49 45 8 50 24 5 19 39 12 36 48 47 46 15 23 32 41 40 4 18 1 14 7 16 34 42 
student 37: 37 18 7 2 9 20 45 1 16 40 10 17 29 32 24 28 44 19 27 22 34 21 30 31 41 49 3 48 26 8 5 43 6 33 50 42 46 13 23 35 36 39 11 12 4 15 14 25 38 47 
student 38: 48 9 5 4 10 22 43 7 2 39 12 14 29 28 35 27 32 18 24 21 34 25 42 33 40 46 1 49 23 3 15 36 19 31 44 47 50 13 26 30 37 41 11 16 8 17 6 20 38 45 
student 39: 37 19 2 7 8 24 45 6 11 38 13 12 36 34 20 22 33 21 31 27 26 23 29 35 42 48 3 44 32 1 14 41 10 40 47 50 49 18 28 30 25 39 9 17 4 15 5 16 46 43 
student 40: 39 20 7 4 5 27 43 11 16 30 10 12 34 23 24 32 36 22 25 26 29 15 38 33 42 49 1 50 21 2 19 31 14 37 47 46 45 13 28 35 41 40 8 18 6 9 3 17 44 48 
student 41: 27 20 6 4 7 24 41 10 12 42 9 11 31 33 25 28 39 21 29 16 37 17 30 32 44 50 2 43 26 1 14 38 19 36 49 47 48 15 23 35 34 46 8 18 5 13 3 22 40 45 
student 42: 35 17 5 10 4 23 41 1 9 44 8 14 31 32 20 28 27 22 33 24 30 15 38 36 43 46 2 48 26 3 18 37 12 29 50 49 45 13 21 34 39 47 11 16 6 19 7 25 40 42 
student 43: 34 21 4 5 3 20 46 9 11 39 14 15 33 29 22 27 36 23 30 24 31 16 41 32 45 47 1 49 26 2 12 35 17 28 48 50 44 7 25 40 38 42 6 19 10 13 8 18 37 43 
student 44: 38 17 3 1 8 23 44 6 10 36 12 16 30 37 27 24 33 20 21 19 32 14 31 35 48 49 5 46 29 2 9 39 11 34 50 42 47 18 26 28 41 40 15 22 7 13 4 25 43 45 
student 45: 35 20 5 6 16 22 45 4 9 41 12 17 29 28 27 19 39 10 32 25 34 15 30 37 44 50 3 49 23 1 13 33 24 26 46 42 47 11 31 36 40 38 8 18 7 14 2 21 43 48 
student 46: 32 22 5 4 8 18 47 9 10 33 13 16 35 29 23 27 38 21 26 24 39 11 31 30 41 45 2 50 19 1 12 34 3 37 49 44 48 15 28 36 42 46 14 20 7 17 6 25 40 43 
student 47: 34 19 3 4 13 23 46 7 6 40 10 21 30 25 24 29 35 18 31 17 39 15 26 32 42 47 2 45 28 1 8 36 14 33 50 48 49 16 27 37 41 38 9 20 11 12 5 22 44 43 
student 48: 36 18 4 5 6 22 48 8 10 43 11 15 32 29 21 31 39 20 24 25 33 13 34 30 42 41 2 46 23 1 9 37 16 27 49 45 50 14 28 35 40 44 12 17 7 19 3 26 38 47 
student 49: 32 24 5 6 2 25 47 7 8 41 12 16 33 27 21 26 36 20 29 22 37 19 15 35 39 46 4 50 30 3 13 38 11 31 48 49 45 14 28 34 40 44 9 17 1 18 10 23 43 42 
student 50: 30 16 5 2 9 26 49 7 13 35 6 21 28 27 29 25 38 19 20 23 36 12 32 33 41 46 1 50 31 4 14 37 15 34 47 45 48 8 24 39 40 42 11 18 10 17 3 22 44 43 
student 51: 38 24 2 6 8 22 46 13 11 39 9 1 35 29 21 28 32 19 31 23 34 16 30 36 41 50 5 49 25 4 17 37 10 33 48 45 47 12 26 27 42 40 15 18 7 14 3 20 43 44 
student 52: 32 19 1 6 5 24 46 11 13 36 9 15 26 25 21 28 39 27 37 20 38 17 33 30 47 42 3 50 29 4 16 35 10 34 49 45 48 18 23 31 40 44 8 14 7 12 2 22 43 41 
student 53: 41 19 3 4 6 24 43 9 11 39 8 12 37 29 22 25 35 17 34 23 33 15 32 31 42 50 1 45 26 2 10 36 21 28 49 48 46 13 30 27 47 40 14 18 7 16 5 20 38 44 
student 54: 43 19 3 11 5 25 38 6 8 39 12 13 30 29 23 27 40 20 28 15 36 18 32 33 44 46 1 45 26 7 14 37 16 34 48 47 49 10 21 31 35 50 9 24 17 4 2 22 41 42 
student 55: 39 15 4 3 11 27 43 12 8 42 16 14 31 30 20 26 35 24 29 22 40 17 33 32 36 47 2 50 28 1 5 34 9 37 49 48 45 7 25 21 41 44 13 18 10 19 6 23 38 46 
student 56: 35 21 3 1 5 24 41 6 11 39 12 16 31 28 17 26 38 22 27 25 33 13 30 48 37 49 7 50 29 4 14 36 15 32 47 46 44 8 23 34 40 42 2 19 9 18 10 20 43 45 
student 57: 37 19 3 4 14 28 47 5 10 38 9 15 33 29 21 30 36 18 27 22 40 7 35 31 43 46 2 49 25 1 20 32 16 34 48 45 44 11 17 24 39 42 6 26 12 13 8 23 41 50 
student 58: 36 21 3 5 9 26 41 4 7 38 11 15 31 30 24 23 39 17 25 27 35 19 37 34 43 44 1 49 22 2 12 32 14 33 45 48 50 13 28 29 40 42 10 16 8 18 6 20 46 47 
student 59: 38 17 6 1 7 23 43 8 9 41 13 15 29 30 21 22 37 24 28 26 35 16 31 34 48 50 3 46 25 4 5 39 14 33 45 49 47 12 27 36 32 42 11 18 2 20 10 19 40 44 
student 60: 39 19 2 9 5 23 44 4 8 40 12 15 31 25 22 24 38 20 27 28 36 17 33 34 45 46 6 48 30 1 7 41 13 32 50 49 43 11 29 26 35 37 10 18 14 16 3 21 42 47 
student 61: 35 15 3 5 13 14 48 8 9 42 7 18 33 25 20 27 40 24 30 23 37 16 31 32 34 46 2 50 22 1 17 39 11 36 43 49 44 10 26 29 38 47 12 19 4 21 6 28 41 45 
student 62: 34 20 8 6 12 25 48 7 4 36 13 15 33 28 22 26 43 18 29 23 30 16 38 27 45 50 1 46 24 2 10 40 17 35 49 47 39 14 21 31 37 42 11 5 9 19 3 32 41 44 
student 63: 35 20 3 4 9 23 42 6 15 37 11 17 33 22 21 36 38 13 31 24 34 19 32 28 39 46 1 50 25 2 14 30 8 26 49 47 43 12 29 44 41 40 7 18 10 16 5 27 45 48 
student 64: 36 20 4 1 6 21 45 5 14 33 15 18 29 25 22 34 38 23 27 28 32 19 30 35 46 50 3 49 24 2 12 39 11 31 48 42 47 10 26 37 40 43 9 13 8 16 7 17 41 44 
student 65: 36 22 1 6 8 21 47 10 11 39 7 16 29 28 20 27 38 23 32 26 35 15 31 34 45 49 5 50 25 2 14 37 12 30 48 44 46 13 24 33 42 43 9 19 3 17 4 18 40 41 
student 66: 35 15 7 4 5 25 44 3 20 36 14 17 30 29 22 28 39 19 26 23 33 18 38 34 42 46 6 50 27 1 12 37 9 32 49 48 45 13 24 31 41 40 8 16 2 10 11 21 43 47 
student 67: 39 13 6 2 11 25 45 9 5 40 17 4 34 24 23 30 44 15 26 22 38 14 28 35 31 46 1 48 29 3 12 33 19 32 50 43 49 16 27 36 37 42 18 20 10 8 7 21 41 47 
student 68: 38 19 4 1 10 20 42 8 9 36 13 21 31 29 18 27 40 22 28 26 34 16 30 33 37 48 2 50 24 3 12 39 14 35 49 46 43 15 23 32 41 45 7 17 6 11 5 25 47 44 
student 69: 31 14 3 5 7 28 43 6 8 38 18 17 33 21 20 27 41 19 29 25 36 12 32 35 44 47 2 48 34 4 13 40 15 26 50 49 45 11 23 30 37 42 10 16 9 24 1 22 39 46 
student 70: 34 20 1 4 8 22 47 6 11 42 17 15 32 28 21 24 39 16 35 26 38 19 31 36 43 44 3 46 27 2 10 40 13 33 49 48 50 14 25 29 45 37 9 18 7 12 5 23 30 41 
student 71: 35 15 9 3 10 25 46 7 5 43 12 17 31 23 24 32 39 21 28 26 34 22 29 33 40 42 8 48 27 1 11 37 13 30 49 50 47 16 20 36 38 41 6 18 2 14 4 19 44 45 
student 72: 34 17 5 3 7 22 45 9 2 32 10 13 37 27 26 23 39 18 35 29 33 20 43 30 46 50 4 49 25 1 12 38 14 28 48 47 41 15 24 31 36 42 11 16 8 19 6 21 40 44 
student 73: 39 22 4 8 12 26 43 7 3 45 11 15 29 25 21 24 37 20 31 23 33 16 28 35 44 48 1 46 30 2 9 36 13 38 49 50 47 10 27 32 40 41 14 18 6 17 5 19 34 42 
student 74: 32 15 3 2 14 21 42 7 9 39 10 16 28 30 23 27 40 22 33 31 26 17 29 37 45 48 1 50 20 4 11 38 12 35 49 47 44 13 24 34 43 36 5 25 8 18 6 19 41 46 
student 75: 31 18 1 3 7 20 47 4 8 42 10 15 30 29 21 23 38 17 28 25 35 13 32 36 39 49 2 50 27 6 11 43 12 34 48 41 40 16 26 33 37 46 9 19 14 22 5 24 45 44 
student 76: 36 22 3 2 6 23 43 8 10 44 11 19 30 28 12 24 41 15 27 25 38 16 33 34 47 46 5 50 29 1 14 35 13 31 45 42 37 18 26 32 40 48 9 17 4 21 7 20 39 49 
student 77: 43 18 5 6 4 26 44 7 9 41 10 17 30 22 20 29 34 19 25 21 32 15 36 38 40 48 3 50 31 2 12 33 16 27 49 47 45 11 35 24 37 46 14 23 8 13 1 28 42 39 
student 78: 42 19 6 1 10 28 45 9 11 44 5 18 27 34 22 29 36 20 31 23 35 16 26 33 41 49 4 46 24 3 14 39 15 30 50 43 47 13 25 32 40 37 12 17 2 8 7 21 38 48 
student 79: 37 15 1 3 5 18 44 13 4 47 10 12 30 31 22 26 36 19 29 23 33 16 28 35 43 48 7 45 25 2 11 38 17 34 50 49 46 14 27 32 39 40 9 21 8 24 6 20 41 42 
student 80: 40 20 2 19 7 22 44 8 15 37 5 13 29 33 23 17 34 21 28 24 35 11 27 39 43 48 4 49 32 1 9 36 12 30 50 46 45 16 25 31 38 42 10 14 3 18 6 26 41 47 
student 81: 40 15 2 6 5 20 47 1 10 34 9 13 28 27 24 25 41 18 31 22 36 23 32 35 42 48 3 50 29 8 11 38 21 33 46 45 44 12 26 30 39 43 17 19 7 14 4 16 37 49 
student 82: 35 14 5 7 16 20 46 9 17 42 6 15 24 32 23 26 39 28 30 19 33 18 31 29 45 49 2 50 25 1 8 36 12 37 48 38 44 10 27 34 40 41 3 22 11 13 4 21 43 47 
student 83: 37 20 1 5 3 24 48 6 10 39 14 16 32 30 19 25 41 26 21 22 36 18 27 35 40 49 7 50 29 4 13 31 8 33 47 44 46 15 28 34 43 38 9 23 11 17 2 12 42 45 
student 84: 38 23 3 5 10 25 45 4 7 39 11 15 31 33 20 29 46 19 27 26 34 24 32 30 42 47 2 49 22 1 12 36 18 28 50 43 44 13 21 35 37 41 6 16 9 14 8 17 40 48 
student 85: 34 23 1 4 10 24 46 13 8 37 15 14 31 30 19 28 41 22 27 16 33 18 32 36 44 47 5 50 26 2 11 42 6 35 49 48 40 20 21 29 39 43 12 17 3 9 7 25 38 45 
student 86: 41 18 15 6 8 20 44 4 11 32 7 16 29 23 26 33 39 21 28 24 34 19 31 37 45 48 5 50 27 1 9 36 13 35 49 47 38 14 25 30 40 43 3 17 10 12 2 22 42 46 
student 87: 29 16 5 6 8 20 47 3 10 49 12 13 30 27 26 25 39 18 32 28 37 23 31 33 44 42 1 46 22 2 14 36 11 35 50 48 45 15 21 34 41 43 7 17 4 19 9 24 38 40 
student 88: 34 18 7 3 8 23 44 4 10 42 12 14 30 33 20 28 38 21 29 25 35 19 31 32 49 40 5 50 26 2 13 37 17 36 43 47 48 11 27 24 39 45 9 15 6 16 1 22 41 46 
student 89: 35 22 2 5 8 21 49 4 6 39 11 14 29 27 23 26 40 19 33 20 32 16 24 37 43 44 3 47 28 1 10 38 12 34 50 46 45 15 30 31 36 42 9 18 17 13 7 25 41 48 
student 90: 33 21 2 6 7 27 45 3 13 43 14 11 30 26 25 28 38 22 29 24 36 18 34 31 42 49 1 50 19 4 10 37 15 32 46 41 44 12 23 35 48 40 8 20 5 16 9 17 39 47 
student 91: 36 14 4 3 7 23 47 9 18 40 10 15 25 24 22 30 38 17 28 31 35 20 34 33 42 46 2 49 27 1 13 37 16 32 50 41 48 12 26 29 39 43 8 21 6 11 5 19 45 44 
student 92: 33 19 3 5 8 25 43 6 7 42 11 10 30 27 13 23 38 21 29 26 32 22 31 37 40 48 2 46 20 1 16 44 17 35 50 47 49 14 28 34 41 39 9 15 12 24 4 18 36 45 
student 93: 40 19 3 6 5 23 43 7 12 37 9 15 31 28 20 27 34 18 29 24 39 16 30 32 45 48 2 49 26 1 14 42 10 33 50 46 47 13 25 35 36 41 11 17 8 21 4 22 38 44 
student 94: 29 18 4 5 8 19 47 3 14 38 13 11 32 26 35 27 36 23 28 31 34 12 37 33 42 48 2 50 22 1 10 43 15 30 49 46 44 20 25 24 40 45 9 17 7 16 6 21 39 41 
student 95: 35 17 1 7 5 22 41 9 12 42 10 19 31 26 23 28 33 20 27 24 37 16 34 36 43 49 2 50 30 6 11 40 18 32 48 46 47 13 25 29 38 39 8 15 4 14 3 21 44 45 
student 96: 41 19 2 4 7 18 44 6 16 38 15 12 29 36 20 30 37 17 27 26 33 13 28 39 42 40 5 49 25 1 9 34 14 31 50 46 48 10 23 32 35 47 11 24 8 21 3 22 43 45 
student 97: 32 20 4 1 5 27 44 9 12 42 6 15 26 28 21 35 38 25 30 22 36 16 29 33 46 50 3 48 23 2 8 37 13 34 47 43 49 19 24 31 40 41 11 18 10 14 7 17 39 45 
student 98: 36 19 13 5 6 24 40 10 11 39 15 16 30 27 22 23 41 17 29 25 35 21 31 34 37 47 3 50 28 7 4 38 14 33 48 44 45 8 26 32 46 49 9 18 1 12 2 20 42 43 
student 99: 35 22 3 10 2 24 43 9 12 37 13 16 32 30 25 31 42 19 29 20 40 18 27 36 45 50 6 49 26 1 14 33 11 34 47 46 48 17 21 28 41 39 7 15 5 4 8 23 38 44 
student 100: 38 23 2 4 10 19 46 8 11 39 14 5 28 27 18 22 35 13 32 25 36 17 30 34 43 47 6 50 29 1 15 37 16 33 45 49 44 12 24 31 40 42 3 26 9 21 7 20 41 48 
student 101: 39 19 6 4 8 31 45 2 12 35 13 18 28 26 21 37 40 20 32 22 29 16 30 34 43 50 1 47 25 3 17 42 14 36 49 46 41 10 24 27 33 44 9 15 7 11 5 23 38 48 
student 102: 35 17 3 4 9 25 44 6 10 46 7 18 36 26 22 27 42 19 28 23 34 15 33 32 41 50 2 49 30 1 12 39 21 31 45 48 47 13 24 29 38 43 11 16 8 14 5 20 37 40 
student 103: 33 17 2 4 8 19 46 6 13 40 9 14 26 29 24 23 39 21 28 25 37 16 31 30 41 48 3 50 27 1 11 42 12 36 47 49 44 22 34 32 35 38 10 18 7 15 5 20 43 45 
student 104: 37 18 2 4 7 21 43 10 12 40 15 22 31 28 23 35 42 14 27 26 32 20 30 34 44 47 3 48 24 1 9 36 17 29 50 46 45 11 19 33 38 39 8 25 6 16 5 13 41 49 
student 105: 41 19 5 2 6 23 46 7 11 39 9 14 31 26 21 30 38 22 27 24 32 13 33 29 42 47 3 48 28 1 17 37 16 34 49 50 45 12 25 36 35 43 10 18 8 15 4 20 40 44 
student 106: 38 27 16 3 8 22 45 5 4 34 9 17 30 25 19 28 39 20 29 23 33 14 32 31 40 50 2 47 26 1 13 44 15 36 41 48 46 12 24 35 37 42 10 18 7 11 6 21 43 49 
student 107: 35 16 10 5 9 22 43 2 11 44 8 23 24 32 20 14 39 25 28 26 36 17 29 34 45 47 1 49 27 4 12 37 18 33 50 46 48 7 31 30 38 40 6 15 13 19 3 21 41 42 
student 108: 33 27 2 3 8 20 41 10 12 40 24 16 31 26 18 22 36 21 28 23 32 17 29 35 42 48 4 49 25 1 6 37 13 34 50 47 46 9 30 45 43 39 11 15 7 14 5 19 38 44 
student 109: 38 20 7 5 9 21 44 4 10 35 14 11 31 28 26 27 41 22 33 24 40 19 30 37 46 43 1 48 25 2 13 36 16 34 47 50 42 12 15 29 32 49 3 17 8 18 6 23 39 45 
student 110: 38 23 3 4 11 21 43 10 17 39 14 18 31 30 20 25 34 16 22 28 36 15 29 33 42 46 2 50 27 1 12 35 9 37 48 49 47 8 24 32 40 41 6 26 7 13 5 19 45 44 
student 111: 39 19 1 4 12 20 48 6 7 40 15 11 27 33 22 25 41 16 29 24 28 17 34 32 43 50 3 47 31 2 9 36 13 30 49 46 45 8 26 35 37 38 5 21 10 18 14 23 42 44 
student 112: 38 15 1 6 3 24 40 12 13 43 7 14 35 27 20 29 36 21 33 23 37 18 30 34 45 50 2 47 26 5 10 31 16 32 49 44 48 11 22 28 42 41 9 19 8 17 4 25 39 46 
student 113: 36 22 5 4 10 27 39 9 17 41 12 13 35 29 21 26 23 20 32 24 37 19 28 33 45 47 2 50 30 1 8 40 16 31 48 49 44 11 25 34 38 46 6 15 7 14 3 18 42 43 
student 114: 38 14 8 5 7 27 40 6 10 39 13 24 25 28 21 23 36 17 30 22 37 16 29 34 49 45 3 48 33 1 9 35 18 32 46 50 47 15 26 31 41 44 11 19 2 12 4 20 42 43 
student 115: 40 19 3 9 6 33 45 10 1 38 12 15 26 29 23 30 31 21 32 22 43 13 28 27 35 48 5 50 24 4 16 36 8 39 49 46 42 11 25 34 41 44 14 18 7 17 2 20 37 47 
student 116: 37 17 5 4 15 28 42 8 9 40 10 13 21 31 25 34 38 18 26 20 35 16 24 30 41 44 2 49 29 3 12 39 14 36 48 45 50 11 27 32 33 47 7 23 1 19 6 22 46 43 
student 117: 34 20 6 3 7 24 46 11 9 41 15 22 29 13 23 27 39 21 28 30 36 8 33 38 44 47 2 50 25 1 10 35 19 31 48 37 49 17 26 32 42 45 16 12 5 18 4 14 43 40 
student 118: 44 18 5 8 6 25 42 11 9 40 10 14 29 28 22 30 38 19 31 23 39 21 26 33 41 48 1 50 27 2 12 35 15 32 45 49 46 13 24 34 37 36 7 17 3 16 4 20 47 43 
student 119: 36 21 8 6 5 22 50 1 9 43 13 18 27 32 20 28 35 25 24 26 38 17 29 33 44 45 2 49 30 3 11 40 7 34 46 47 48 14 23 31 37 39 10 16 12 15 4 19 41 42 
student 120: 33 18 4 5 6 23 40 8 12 38 14 13 35 28 15 22 32 20 29 24 36 26 30 31 46 49 1 45 27 7 3 39 19 43 50 44 41 17 25 34 42 37 10 16 9 11 2 21 48 47 
student 121: 33 11 3 8 6 22 42 15 7 41 12 13 30 28 20 27 44 23 29 25 37 18 34 35 45 49 2 48 26 1 17 38 10 32 50 46 47 9 24 31 40 36 16 21 5 14 4 19 39 43 
student 122: 37 13 3 5 8 18 50 9 11 36 4 17 27 31 24 23 40 20 33 22 34 16 32 35 41 48 2 46 30 1 14 38 21 28 47 45 49 15 26 29 39 43 10 19 7 12 6 25 44 42 
student 123: 40 15 7 9 8 19 43 12 13 38 6 17 32 24 22 26 36 20 31 27 42 11 23 34 41 44 5 50 30 3 10 33 16 29 46 48 45 14 25 35 37 39 4 28 2 18 1 21 49 47 
student 124: 35 19 2 3 12 25 40 8 7 32 10 14 37 28 18 26 41 20 27 23 38 15 34 29 43 47 4 45 30 1 17 36 13 39 49 50 48 11 33 24 44 31 6 22 9 16 5 21 42 46 
student 125: 40 17 8 3 7 22 45 6 11 41 9 16 34 28 20 30 29 21 32 24 33 23 26 36 43 47 1 48 27 5 18 42 12 35 50 49 46 4 25 31 37 44 13 14 10 15 2 19 39 38 
student 126: 36 18 4 5 3 25 41 6 10 42 11 17 33 29 20 34 39 19 26 22 32 16 28 30 43 44 2 47 27 1 9 45 15 31 49 50 46 12 24 38 35 40 13 21 8 14 7 23 37 48 
student 127: 37 18 2 6 9 25 47 4 10 27 12 20 30 26 19 33 39 22 32 23 40 15 35 36 41 44 3 46 29 1 11 34 17 28 50 49 43 13 16 31 38 45 8 14 7 21 5 24 42 48 
student 128: 36 19 6 9 10 26 39 3 7 41 16 20 29 31 23 25 40 18 22 24 38 15 34 33 42 49 2 50 28 1 12 37 13 32 47 48 46 11 27 30 43 35 5 17 8 14 4 21 44 45 
student 129: 33 13 2 6 9 23 43 3 12 42 8 17 32 28 24 26 40 20 30 21 35 10 29 37 39 45 14 49 27 1 15 36 18 31 50 47 46 16 25 34 38 44 5 11 4 19 7 22 41 48 
student 130: 34 14 2 9 12 22 42 18 6 45 11 13 33 25 21 31 38 23 27 26 35 16 30 32 41 49 4 50 28 3 8 36 10 37 46 48 44 19 24 29 40 43 1 17 7 15 5 20 39 47 
student 131: 36 27 1 5 7 21 47 8 2 44 13 17 28 26 20 23 41 16 32 24 37 18 29 31 42 48 3 50 22 4 9 38 14 39 49 45 43 12 30 34 33 46 11 19 10 15 6 25 40 35 
student 132: 35 23 5 3 9 21 37 12 8 38 10 15 24 19 20 28 43 18 26 22 46 25 30 34 42 49 1 50 27 2 16 33 14 31 47 45 44 13 29 39 32 40 7 17 6 11 4 36 41 48 
student 133: 43 23 1 2 7 19 45 9 12 42 8 17 31 27 18 30 36 24 28 26 37 15 29 32 39 49 5 50 25 3 11 38 14 33 48 46 44 13 21 34 35 40 6 20 10 22 4 16 41 47 
student 134: 38 20 7 10 11 21 41 2 9 42 3 15 26 29 24 28 39 22 31 18 36 16 30 37 43 48 1 44 25 5 12 34 13 32 50 49 47 14 27 35 40 33 8 19 6 17 4 23 46 45 
student 135: 28 20 2 3 7 19 44 1 11 41 10 14 30 31 21 26 34 29 27 18 35 16 32 38 46 49 8 50 23 5 12 36 13 37 42 47 45 17 22 33 40 39 9 24 6 15 4 25 48 43 
student 136: 37 17 3 1 5 23 46 4 7 39 6 16 35 30 22 27 33 19 34 29 31 21 25 28 44 45 8 50 24 2 9 41 10 36 49 47 48 14 32 26 38 43 15 18 12 13 11 20 42 40 
student 137: 35 16 3 4 5 22 49 10 9 46 12 13 36 25 18 29 40 26 28 23 42 15 30 33 38 45 2 43 27 1 11 34 20 31 47 50 41 14 24 37 39 32 6 21 8 17 7 19 48 44 
student 138: 36 21 3 4 8 27 48 6 17 41 11 16 35 24 18 26 37 23 30 29 32 10 28 34 40 49 2 50 25 1 12 31 13 39 45 44 43 14 20 33 38 47 9 19 7 15 5 22 42 46 
student 139: 33 18 3 5 2 26 37 8 6 40 11 17 41 29 24 23 42 20 30 28 31 16 32 35 44 45 7 49 21 1 15 36 12 34 50 47 48 14 22 25 39 38 9 19 10 13 4 27 46 43 
student 140: 34 22 6 5 7 20 49 12 13 39 11 18 31 29 24 26 38 21 27 25 36 17 28 35 42 43 1 50 30 2 14 37 15 33 45 47 48 4 23 32 40 44 10 19 8 9 3 16 41 46 
student 141: 31 20 2 5 9 23 38 7 10 43 14 17 35 34 21 25 42 24 29 22 39 3 36 27 37 47 4 49 26 1 12 32 16 41 48 46 45 11 28 30 40 50 13 18 8 15 6 19 33 44 
student 142: 35 17 7 5 10 29 41 6 15 45 23 13 31 27 18 25 36 20 28 24 34 19 32 26 40 46 2 50 22 1 8 38 12 39 44 49 47 11 30 33 37 43 9 14 4 16 3 21 42 48 
student 143: 42 21 2 7 8 22 46 6 9 41 14 18 34 27 23 26 39 17 24 28 37 20 29 31 40 43 1 50 25 3 16 35 13 30 49 48 47 12 32 36 33 44 10 15 5 11 4 19 38 45 
student 144: 32 20 1 2 13 25 42 8 6 41 10 21 30 26 22 29 39 18 28 27 34 15 38 36 47 43 7 50 23 3 12 35 17 31 37 49 48 11 19 46 33 44 5 16 14 9 4 24 40 45 
student 145: 36 16 1 7 4 22 42 6 11 38 10 17 29 28 21 27 41 20 40 25 39 14 30 35 33 48 3 50 26 2 12 37 23 32 47 45 49 13 24 31 34 44 9 15 8 18 5 19 43 46 
student 146: 41 26 4 5 7 21 44 8 3 38 12 14 22 31 17 30 34 19 29 24 33 16 32 40 43 46 2 48 25 1 13 36 10 27 50 49 47 18 28 35 37 42 9 15 11 23 6 20 39 45 
student 147: 38 19 3 4 9 25 42 1 12 37 10 17 24 28 23 31 43 16 34 26 36 18 30 35 46 47 2 49 22 5 15 44 11 32 50 45 48 13 27 29 33 40 7 20 6 14 8 21 39 41 
student 148: 35 20 4 8 7 22 41 10 6 42 11 18 31 27 36 29 39 17 26 24 33 14 32 30 38 46 1 49 25 3 12 34 13 40 50 47 43 16 21 28 37 45 5 15 9 19 2 23 44 48 
student 149: 35 18 6 4 9 20 39 2 7 42 14 15 30 23 37 28 38 25 31 17 26 21 32 41 45 50 1 48 29 3 11 36 19 34 49 43 47 12 24 33 27 44 10 16 5 13 8 22 40 46 
student 150: 35 18 7 13 4 20 43 2 6 36 15 17 28 29 25 27 38 21 30 23 37 16 31 33 44 47 5 49 24 3 10 40 11 34 46 45 50 8 26 32 39 42 14 22 9 12 1 19 41 48 
student 151: 34 19 6 3 9 20 41 7 8 39 16 13 30 29 15 28 38 23 32 27 31 14 35 25 44 46 2 49 26 1 17 40 12 33 48 50 47 11 24 36 37 43 10 21 5 18 4 22 45 42 
student 152: 38 18 4 8 9 24 46 6 13 36 16 12 25 29 20 26 43 21 34 27 30 14 31 35 45 48 1 50 28 2 7 41 19 32 49 39 44 10 17 33 37 42 5 22 11 15 3 23 40 47 
student 153: 42 18 5 1 10 22 40 7 9 48 15 12 31 24 21 29 37 23 27 25 26 11 35 38 49 44 2 50 33 3 20 41 14 36 46 45 39 13 28 30 34 47 6 17 4 16 8 19 32 43 
student 154: 33 20 5 8 9 19 42 6 7 41 15 16 26 32 21 28 43 18 29 27 38 17 31 37 40 50 1 46 25 2 13 36 12 35 49 48 47 11 24 30 34 45 4 23 10 14 3 22 39 44 
student 155: 33 20 3 4 9 21 40 11 8 36 12 16 30 27 17 28 39 22 29 24 42 23 34 32 44 47 5 48 26 2 15 37 13 35 50 49 46 10 25 31 38 45 7 18 1 14 6 19 41 43 
student 156: 33 21 7 8 5 23 45 4 10 46 19 17 28 24 20 27 42 22 25 26 40 6 39 32 44 47 1 48 12 2 11 34 15 36 49 43 41 14 31 30 35 38 13 18 9 16 3 29 37 50 
student 157: 32 20 5 6 9 25 43 4 17 41 11 10 28 24 23 37 38 19 27 22 34 18 30 33 44 45 3 50 29 1 7 36 8 35 49 46 48 16 26 31 39 42 15 12 13 14 2 21 40 47 
student 158: 35 20 1 6 7 21 45 5 9 43 11 15 30 37 27 24 38 13 29 25 34 14 23 32 40 48 4 49 26 3 10 36 16 31 50 47 42 12 28 33 46 41 17 19 2 18 8 22 39 44 
student 159: 37 18 1 4 7 28 43 5 8 40 12 11 30 27 22 26 39 20 29 24 32 16 35 31 45 48 3 49 21 2 14 36 13 38 50 47 46 15 25 34 33 44 9 23 6 17 10 19 41 42 
student 160: 27 17 3 1 7 26 41 4 14 37 10 16 36 29 23 24 40 28 30 22 33 13 39 35 44 48 5 47 20 2 11 34 9 32 49 46 50 15 25 31 38 43 8 19 12 18 6 21 42 45 
student 161: 36 15 2 5 8 26 46 6 7 40 13 14 32 31 23 28 37 17 24 21 35 9 30 34 44 42 1 50 27 3 12 38 16 29 49 48 45 10 19 33 41 43 11 25 4 20 22 18 39 47 
student 162: 40 23 2 4 6 22 47 8 16 37 9 13 33 28 25 26 34 17 29 20 38 15 30 31 42 48 3 45 27 1 10 35 11 36 49 44 43 12 24 32 39 41 7 21 14 18 5 19 46 50 
student 163: 34 18 3 1 8 26 44 7 13 42 5 15 29 30 23 21 38 22 27 24 39 19 31 35 43 48 4 50 25 2 16 36 11 33 47 46 45 12 28 32 40 37 10 14 9 17 6 20 41 49 
student 164: 37 18 4 8 5 20 43 10 6 36 3 19 28 26 22 27 45 17 30 29 32 21 31 41 40 47 7 48 25 1 13 35 14 34 50 49 46 12 24 33 42 39 2 23 11 15 9 16 38 44 
student 165: 36 19 1 6 8 28 43 4 13 45 7 17 32 27 24 26 37 16 21 22 33 18 31 29 42 48 3 50 25 2 10 38 15 34 49 47 46 14 30 35 40 41 12 23 9 11 5 20 39 44 
student 166: 35 22 3 1 8 21 40 5 10 37 11 14 31 19 29 32 38 18 23 26 41 24 30 34 43 50 7 49 25 2 15 36 17 33 48 45 47 12 27 28 39 46 9 16 6 13 4 20 42 44 
student 167: 33 18 1 4 11 27 44 9 19 40 12 14 30 28 21 25 34 17 29 23 41 15 32 39 43 48 2 46 26 5 13 36 8 37 50 47 45 3 24 31 35 42 7 20 10 16 6 22 38 49 
student 168: 33 21 3 2 8 30 46 6 11 43 13 15 29 26 27 25 37 20 28 23 35 16 31 38 42 47 1 50 24 4 14 36 12 32 49 45 48 7 18 34 40 44 10 19 9 17 5 22 39 41 
student 169: 34 14 6 1 11 24 37 7 8 42 13 12 28 27 26 22 41 19 32 25 36 17 30 35 45 48 2 50 33 4 5 40 18 29 47 49 38 20 23 31 39 43 9 15 10 16 3 21 44 46 
student 170: 45 19 2 3 11 24 42 7 15 33 10 16 29 30 23 28 40 21 27 26 37 18 31 35 41 47 5 50 25 1 17 36 8 32 48 43 46 9 20 34 39 38 13 12 6 14 4 22 49 44 
student 171: 37 22 5 7 8 21 45 2 9 41 10 17 30 23 26 27 39 18 29 25 38 19 31 33 43 48 3 50 24 1 11 36 20 32 49 46 47 14 28 35 40 42 12 15 6 13 4 16 34 44 
student 172: 38 18 4 2 5 17 41 9 10 39 12 19 30 28 22 27 40 21 29 24 36 14 33 31 46 43 1 49 25 6 8 37 15 35 47 50 44 13 26 32 42 48 11 16 3 20 7 23 34 45 
student 173: 39 18 2 6 4 20 44 7 15 42 1 16 23 30 21 28 37 26 29 22 34 24 31 35 43 48 5 50 25 3 9 36 13 33 47 49 40 10 27 32 38 46 12 17 8 14 11 19 41 45 
student 174: 30 22 1 8 13 23 40 4 9 38 11 16 26 29 19 33 39 20 32 27 36 18 28 34 48 47 6 50 21 2 10 37 15 35 45 46 44 14 24 31 49 41 7 17 5 12 3 25 42 43 
student 175: 37 17 13 3 7 21 46 6 8 40 10 15 33 26 23 31 34 19 22 29 28 18 32 36 47 45 2 50 25 1 11 39 12 30 49 48 43 9 27 38 35 41 14 24 5 16 4 20 42 44 
student 176: 36 19 4 1 8 14 39 6 13 41 10 11 30 28 21 29 34 25 26 24 33 23 31 37 43 47 2 50 22 3 12 32 15 35 49 48 45 17 27 40 42 46 9 20 7 18 5 16 38 44 
student 177: 43 15 5 2 22 19 46 7 14 38 8 17 32 30 25 27 36 21 28 20 37 16 39 31 47 49 4 48 24 1 10 35 12 29 50 40 44 9 26 33 34 42 11 13 3 23 6 18 41 45 
student 178: 40 17 2 3 11 25 37 6 10 41 1 16 35 30 18 29 38 21 20 24 34 22 33 32 49 46 4 44 28 5 12 27 14 39 43 50 45 13 26 31 42 36 7 19 9 15 8 23 47 48 
student 179: 40 14 5 8 10 18 46 3 7 48 11 19 30 32 17 29 38 23 26 24 37 16 31 35 43 44 1 50 21 2 13 36 20 33 47 45 42 15 27 28 34 41 4 22 9 12 6 25 39 49 
student 180: 38 19 2 1 8 24 46 5 16 45 4 11 28 30 25 20 35 14 32 18 37 15 31 33 43 47 3 50 27 6 12 40 9 34 48 49 44 21 26 29 42 36 13 23 7 17 10 22 41 39 
student 181: 37 19 4 6 9 24 46 7 8 41 15 17 30 28 21 31 33 22 35 20 34 18 29 32 43 45 2 50 27 1 11 38 14 26 49 48 47 10 25 36 40 39 3 23 13 12 5 16 42 44 
student 182: 36 17 6 7 9 24 42 8 10 43 5 15 26 28 20 27 37 22 33 23 35 16 29 34 45 47 1 50 31 2 13 39 12 32 49 48 46 14 25 30 40 38 11 19 4 18 3 21 41 44 
student 183: 38 17 3 8 9 22 44 2 12 40 13 14 32 31 21 28 37 20 25 26 36 18 33 34 41 48 6 50 24 1 5 27 15 35 49 47 46 7 29 30 39 43 11 19 10 16 4 23 42 45 
student 184: 36 20 6 10 5 17 43 4 12 37 11 13 28 30 25 26 40 22 34 23 33 14 29 32 46 47 3 50 27 2 21 38 16 35 48 49 45 19 24 31 42 41 9 15 7 8 1 18 39 44 
student 185: 37 18 3 5 12 22 46 4 10 40 8 15 31 28 23 25 38 20 29 26 39 19 35 33 43 47 1 50 27 2 13 36 11 30 49 44 48 14 24 34 41 42 7 17 9 16 6 21 32 45 
student 186: 32 18 3 5 16 23 43 7 12 49 9 1 33 30 21 24 29 11 28 22 42 17 38 36 47 44 4 50 25 2 10 35 14 34 48 46 45 20 27 31 39 40 13 19 8 15 6 26 37 41 
student 187: 33 19 3 7 5 25 46 6 9 43 11 15 32 28 23 26 38 20 31 21 35 13 29 34 39 47 2 48 24 1 17 37 12 36 49 44 50 16 22 30 40 42 8 14 10 18 4 27 41 45 
student 188: 40 19 2 1 6 21 44 11 12 34 13 14 33 30 26 22 38 23 28 24 36 17 29 35 39 46 4 49 25 3 10 37 9 32 47 50 45 16 27 31 41 43 8 18 7 15 5 20 42 48 
student 189: 38 20 9 4 7 25 43 8 13 37 10 17 28 31 21 24 36 22 29 26 35 18 30 33 41 48 2 49 27 3 15 40 16 34 50 46 47 14 12 32 39 44 1 19 5 6 11 23 42 45 
student 190: 34 15 5 2 10 24 45 8 7 36 13 14 29 26 18 28 41 19 30 20 37 6 33 38 42 49 1 50 31 4 16 35 21 32 48 43 47 11 25 27 39 44 12 22 9 17 3 23 40 46 
student 191: 36 21 6 8 4 25 43 5 13 39 11 15 30 31 20 28 37 19 33 26 38 7 32 29 45 46 2 49 23 1 16 34 14 35 48 50 47 9 24 27 40 42 10 18 12 17 3 22 41 44 
student 192: 37 17 4 5 6 25 45 7 11 41 12 18 31 28 22 30 32 19 29 21 35 20 27 33 49 48 2 50 26 3 10 39 13 38 47 42 36 15 24 34 40 43 8 14 9 16 1 23 46 44 
student 193: 36 16 3 4 9 21 44 7 22 38 12 15 31 29 25 30 39 18 28 20 27 14 32 35 40 46 2 50 26 1 11 41 10 34 47 49 48 17 23 33 37 42 6 24 5 13 8 19 45 43 
student 194: 39 21 5 3 11 22 41 6 9 42 17 10 30 29 26 27 35 18 28 23 31 19 36 33 38 47 2 50 24 1 20 32 14 34 49 46 44 7 37 25 40 43 13 15 8 12 4 16 45 48 
student 195: 35 15 3 5 11 25 50 6 10 40 12 19 33 29 18 26 38 20 28 23 37 8 31 32 46 49 2 44 27 4 14 45 17 30 43 39 48 13 21 36 41 34 9 22 1 16 7 24 47 42 
student 196: 35 20 1 8 5 23 42 6 7 48 11 16 28 26 19 29 41 22 30 25 37 15 31 34 43 45 4 50 27 2 14 36 18 32 49 47 44 13 24 33 40 38 12 17 9 10 3 21 39 46 
student 197: 30 20 1 2 4 24 45 9 12 37 18 22 31 27 15 29 36 21 28 23 40 17 32 39 43 46 7 50 25 3 5 35 19 34 47 48 44 11 26 33 38 42 8 14 10 16 6 13 41 49 
student 198: 37 15 6 7 10 23 44 2 9 42 12 21 25 28 26 27 39 19 29 31 35 17 36 34 41 49 3 50 24 1 4 32 18 33 47 48 46 13 22 30 40 45 11 14 5 16 8 20 38 43 
student 199: 34 16 5 2 9 18 47 8 7 39 11 13 26 24 17 30 32 21 38 23 35 27 33 36 43 50 4 49 22 1 14 40 20 31 46 45 48 19 25 29 37 41 12 15 3 10 6 28 42 44 
student 200: 38 19 6 3 7 20 43 10 13 42 11 14 34 27 30 24 37 23 26 22 33 17 29 35 49 45 2 50 31 1 9 39 12 32 47 44 46 16 21 28 40 36 8 18 4 15 5 25 48 41 
student 201: 34 15 3 1 7 17 45 6 9 39 19 16 29 27 26 24 35 28 32 23 36 12 33 30 43 49 2 50 22 4 10 37 18 31 48 46 42 14 25 41 40 44 11 21 5 20 8 13 38 47 
student 202: 33 21 4 5 2 24 47 6 13 42 10 12 30 34 25 27 35 19 32 26 29 17 28 38 39 46 1 50 23 3 16 36 14 37 44 43 49 20 22 31 41 45 9 11 8 15 7 18 40 48 
student 203: 36 20 2 5 11 23 44 4 6 40 13 14 30 27 22 29 38 18 31 24 34 19 28 35 42 48 3 50 25 7 16 39 15 33 49 45 46 10 26 32 37 41 9 17 8 12 1 21 43 47 
student 204: 33 15 4 5 9 21 41 7 14 39 2 22 28 25 26 27 35 19 36 30 32 18 31 29 43 49 3 50 20 1 12 38 13 37 47 45 44 11 24 34 48 40 10 17 8 16 6 23 46 42 
student 205: 33 15 3 4 10 26 45 6 13 43 11 16 29 28 22 25 36 21 30 32 34 19 39 31 42 47 1 50 23 2 12 37 20 35 48 46 49 14 24 27 38 44 8 17 5 9 7 18 41 40 
student 206: 32 12 4 1 10 26 42 5 14 38 13 18 31 34 23 28 39 17 24 20 37 22 33 35 43 49 2 47 21 3 7 40 15 27 50 44 41 16 25 36 29 48 6 11 9 19 8 30 45 46 
student 207: 36 18 4 6 7 24 43 10 11 35 15 14 27 23 22 31 41 21 26 29 37 20 33 34 39 44 1 50 25 2 13 40 12 32 49 45 48 8 30 28 38 42 9 17 5 16 3 19 46 47 
student 208: 33 19 7 3 11 22 48 5 6 40 10 16 30 26 18 29 37 21 28 23 36 17 32 34 41 45 2 49 27 1 9 46 14 31 47 43 50 15 24 35 42 39 13 20 8 12 4 25 38 44 
student 209: 35 19 1 6 9 23 43 5 11 41 8 14 29 32 21 30 39 26 28 25 31 16 33 45 38 47 3 48 27 2 12 24 17 34 49 50 44 10 20 36 42 37 13 18 7 15 4 22 40 46 
student 210: 33 18 4 3 10 25 43 5 9 45 11 19 35 31 23 28 37 17 29 22 36 16 27 30 44 50 1 48 26 2 7 34 6 41 49 47 39 14 21 32 38 40 13 20 12 15 8 24 42 46 
student 211: 35 20 2 3 7 25 44 10 17 30 9 13 31 33 19 26 41 21 23 22 38 16 29 36 42 47 1 48 28 5 12 39 14 34 50 49 46 11 27 32 37 40 8 15 6 18 4 24 43 45 
student 212: 48 28 3 6 9 17 43 7 12 40 14 13 25 27 21 24 36 18 29 23 34 16 30 32 41 46 2 49 33 1 15 38 19 31 50 42 47 10 26 35 37 45 5 22 8 20 4 11 39 44 
student 213: 33 19 5 1 6 26 43 10 3 39 11 14 25 27 22 28 36 12 37 29 32 21 34 31 42 48 4 50 24 2 16 38 9 35 49 46 44 18 23 30 45 47 13 17 7 15 8 20 41 40 
student 214: 34 26 6 1 8 22 43 5 9 35 16 11 32 29 20 25 40 15 28 23 33 18 31 38 44 49 2 48 27 3 13 39 10 36 50 46 47 14 24 30 37 41 7 19 12 17 4 21 42 45 
student 215: 36 10 3 9 5 22 45 8 7 41 15 20 29 31 23 25 38 19 32 28 34 17 35 30 43 49 2 48 24 6 14 40 16 33 50 42 46 12 26 27 37 39 11 18 4 13 1 21 44 47 
student 216: 39 17 7 4 9 20 44 6 11 38 10 14 30 26 24 27 37 21 28 23 36 16 33 31 45 47 2 50 29 1 18 35 15 34 49 48 46 5 25 32 42 43 12 19 8 13 3 22 41 40 
student 217: 36 17 4 2 7 21 44 8 12 40 20 15 28 27 18 24 31 23 29 30 35 16 34 33 48 45 3 47 26 1 9 39 10 32 42 46 49 14 22 37 41 43 13 19 5 11 6 25 38 50 
student 218: 31 20 2 3 9 23 49 4 8 43 10 16 35 28 22 27 36 21 25 26 34 18 32 37 39 45 1 50 24 6 5 33 15 41 46 47 48 14 30 29 42 38 11 17 13 12 7 19 40 44 
student 219: 41 13 3 2 8 30 44 4 12 39 10 16 33 28 23 25 38 22 21 20 35 24 31 29 46 47 1 48 27 6 9 36 14 32 50 49 45 15 26 34 37 42 11 17 7 18 5 19 43 40 
student 220: 35 14 1 6 4 22 43 9 7 41 15 17 31 29 16 24 38 23 30 20 32 19 28 33 44 46 2 50 25 5 10 39 13 34 49 47 48 8 26 40 42 37 11 21 12 18 3 27 36 45 
student 221: 38 12 3 4 7 17 40 1 9 39 13 15 26 29 24 28 45 21 31 27 36 22 35 32 41 50 6 44 25 2 14 34 11 33 49 48 46 16 18 30 37 47 8 23 10 19 5 20 42 43 
student 222: 37 18 3 5 1 26 45 6 9 31 13 10 29 30 19 28 39 17 23 22 35 16 32 38 44 46 2 50 27 4 12 40 11 34 47 49 48 14 24 33 36 41 8 25 7 21 15 20 42 43 
student 223: 36 17 1 5 8 30 48 6 10 41 9 18 32 27 19 23 39 20 24 31 35 16 28 38 42 47 2 49 22 4 7 34 15 29 50 40 46 12 25 33 37 43 13 21 11 14 3 26 44 45 
student 224: 33 20 8 3 4 22 43 6 12 47 13 18 31 29 21 28 36 19 27 25 38 14 30 37 44 42 1 46 24 2 17 40 15 34 50 45 48 9 26 32 39 35 7 11 5 23 10 16 49 41 
student 225: 37 21 2 12 5 30 43 8 9 40 13 16 31 28 27 25 45 11 22 26 36 20 32 33 34 48 1 49 15 3 19 38 6 35 50 44 47 18 24 29 41 46 7 23 10 14 4 17 39 42 
student 226: 34 20 4 5 8 36 48 10 11 43 12 16 28 24 23 31 44 21 26 22 38 13 29 32 37 41 1 49 30 2 14 39 17 27 50 47 46 9 25 33 40 35 7 18 3 15 6 19 45 42 
student 227: 40 17 1 3 9 26 37 7 11 34 13 16 31 32 23 27 38 19 28 20 33 21 29 36 44 48 6 50 25 2 8 39 15 30 47 49 45 12 24 35 42 43 10 14 4 18 5 22 41 46 
student 228: 38 23 9 4 5 21 43 7 8 42 18 19 37 24 17 28 32 20 30 22 29 15 33 35 40 50 1 49 26 2 11 36 13 31 48 46 47 12 25 34 39 41 10 16 6 14 3 27 45 44 
student 229: 35 21 3 8 10 18 48 7 15 34 5 13 22 33 24 32 39 26 29 27 25 19 36 31 43 47 2 45 28 1 14 37 12 30 50 49 42 9 17 38 41 40 11 20 4 16 6 23 46 44 
student 230: 35 21 8 2 10 24 39 7 4 46 14 15 32 27 23 30 43 20 25 29 36 17 37 38 42 50 6 48 26 1 12 31 13 33 47 49 45 11 18 28 34 40 9 19 5 16 3 22 41 44 
student 231: 39 21 2 1 8 24 42 6 9 37 12 14 26 28 23 25 34 22 33 30 35 20 29 38 43 47 4 50 31 5 11 36 16 27 45 49 48 13 19 32 40 44 10 17 7 15 3 18 41 46 
student 232: 39 15 3 5 6 22 42 4 13 41 11 14 36 29 21 27 37 19 33 23 34 20 28 35 49 48 2 50 25 1 12 31 16 32 46 47 45 10 26 30 38 43 9 17 7 18 8 24 40 44 
student 233: 38 21 4 5 7 22 45 6 13 41 11 16 25 36 19 29 34 27 30 24 33 10 28 39 44 50 1 48 23 3 15 35 17 32 42 43 49 12 26 31 40 46 18 14 8 9 2 20 37 47 
student 234: 34 21 5 3 9 23 45 7 8 41 14 17 31 24 22 26 36 20 30 29 38 13 32 33 44 48 2 50 27 1 11 35 12 37 49 46 47 16 25 28 43 39 10 15 4 19 6 18 40 42 
student 235: 35 19 6 1 9 22 39 7 11 41 10 14 33 24 20 27 37 23 32 21 28 16 30 40 44 48 4 49 26 3 12 36 13 31 46 50 45 18 38 29 34 42 15 17 2 8 5 25 47 43 
student 236: 38 16 3 2 8 21 40 6 7 42 11 12 29 27 24 30 39 22 28 26 34 20 32 33 36 47 5 50 23 1 15 37 18 35 49 46 41 13 25 31 44 45 9 19 10 17 4 14 43 48 
student 237: 36 15 5 4 6 24 44 9 12 42 10 14 31 27 22 26 40 19 29 23 32 20 30 35 43 48 1 50 25 3 13 38 17 34 41 49 47 11 21 33 37 39 8 16 7 18 2 28 45 46 
student 238: 41 23 4 2 17 15 39 3 8 40 9 16 31 25 27 22 35 18 30 19 28 21 36 37 46 47 13 50 29 1 10 32 11 33 49 48 44 12 26 34 42 45 5 14 6 24 7 20 38 43 
student 239: 38 21 8 4 6 28 45 3 10 39 14 16 30 29 22 23 40 19 26 24 36 17 31 34 37 49 5 50 32 1 9 41 12 33 48 47 46 13 25 27 35 44 11 18 7 15 2 20 42 43 
student 240: 37 18 4 7 11 24 44 3 8 38 9 17 30 26 23 29 35 22 27 25 47 16 31 33 43 46 2 50 28 1 10 36 14 34 48 49 42 12 21 32 41 40 15 13 5 19 6 20 39 45 
student 241: 34 21 4 2 14 23 45 10 5 44 11 15 31 25 20 27 37 19 28 29 36 12 32 38 43 49 3 50 24 1 16 42 17 33 46 48 47 9 26 30 35 39 6 18 8 13 7 22 41 40 
student 242: 31 21 1 3 10 22 44 4 7 43 11 16 37 33 30 26 36 17 32 25 39 14 28 34 41 49 13 50 20 6 9 35 18 29 46 42 47 12 24 27 38 40 5 15 8 19 2 23 48 45 
student 243: 36 21 1 4 10 20 40 7 9 39 13 14 28 27 26 25 38 18 34 23 49 19 32 35 47 46 2 50 29 3 11 37 12 31 48 45 43 15 24 30 33 42 8 17 6 16 5 22 41 44 
student 244: 33 19 4 5 2 11 46 8 7 41 14 16 20 21 26 31 37 24 36 29 44 23 30 34 42 47 3 50 27 1 9 32 13 40 49 48 39 10 25 28 38 35 17 18 12 15 6 22 43 45 
student 245: 36 16 4 7 9 22 41 6 5 38 10 11 30 28 20 32 37 19 29 25 35 23 31 27 48 47 3 49 26 2 13 40 18 34 45 43 44 14 17 33 39 42 12 21 8 15 1 24 46 50 
student 246: 38 18 5 14 6 21 42 8 10 40 12 23 33 29 19 24 34 17 32 25 31 11 30 35 45 49 3 47 26 2 9 39 16 28 44 50 46 13 27 36 37 43 7 20 4 15 1 22 41 48 
student 247: 35 19 3 5 7 23 44 9 8 41 12 18 30 33 20 26 39 22 34 25 38 15 31 37 49 47 1 45 24 2 11 32 17 27 48 43 50 13 28 29 42 36 10 21 6 14 4 16 40 46 
student 248: 36 23 7 2 9 27 37 3 14 43 19 13 33 24 22 29 39 18 30 21 31 20 28 34 45 47 4 48 26 1 17 32 10 38 49 46 44 8 25 35 41 42 11 15 5 12 6 16 40 50 
student 249: 39 15 4 5 3 22 42 7 8 48 9 20 31 29 23 26 41 16 33 25 34 21 24 35 43 47 2 50 32 1 10 36 14 28 49 46 40 12 27 30 38 44 11 18 13 17 6 19 37 45 
student 250: 35 19 5 4 7 21 46 9 8 41 12 18 27 30 22 28 38 20 29 25 34 15 31 36 40 45 1 47 26 3 13 37 10 33 48 43 49 16 24 32 39 50 6 17 11 14 2 23 42 44 
student 251: 36 21 7 6 10 26 41 2 3 38 9 11 31 29 22 25 39 23 28 16 30 17 37 34 43 46 4 48 27 5 12 42 15 33 47 50 44 14 24 32 35 45 13 20 8 18 1 19 40 49 
student 252: 33 17 3 6 7 20 42 9 10 46 4 21 24 22 23 32 39 15 37 29 30 18 27 28 40 48 2 44 31 1 16 38 13 35 47 49 43 12 26 41 34 50 11 19 8 14 5 25 36 45 
student 253: 31 24 1 5 8 25 42 2 9 32 14 18 29 28 23 27 40 13 33 22 41 21 35 34 38 47 4 50 26 3 12 39 19 37 49 48 45 11 17 30 36 43 7 20 10 15 6 16 46 44 
student 254: 35 19 2 10 6 22 40 8 9 43 7 13 29 31 26 27 37 17 30 23 34 25 33 32 47 49 3 44 24 1 18 39 14 36 50 48 45 12 21 28 41 38 4 16 11 15 5 20 42 46 
student 255: 34 23 1 4 6 14 48 10 15 33 9 16 30 26 27 24 41 20 25 22 29 18 35 32 43 47 2 50 21 3 12 40 13 38 49 44 45 11 31 36 39 42 7 19 5 17 8 28 37 46 
student 256: 37 14 2 8 6 20 44 4 10 40 5 16 25 34 22 28 45 18 23 26 29 21 36 33 42 49 3 47 31 1 13 35 17 32 50 48 46 12 27 30 43 41 9 24 11 15 7 19 39 38 
student 257: 38 22 1 3 12 25 39 2 14 42 7 11 28 31 24 26 37 20 32 21 33 17 29 36 47 50 5 45 27 9 10 35 13 30 49 48 46 15 23 34 41 43 8 16 4 19 6 18 40 44 
student 258: 38 23 3 11 5 21 48 8 9 40 12 17 27 29 24 34 37 19 26 22 32 13 30 43 44 49 2 50 33 1 16 35 20 28 47 46 45 10 25 31 36 39 4 14 7 18 6 15 41 42 
student 259: 38 23 2 5 8 20 42 6 9 43 14 13 34 31 24 25 39 18 27 22 40 21 32 28 45 50 1 46 30 7 12 35 17 29 49 48 33 11 26 37 41 36 4 19 10 15 3 16 44 47 
student 260: 40 26 6 1 4 19 44 3 10 45 7 13 28 27 23 32 38 15 29 24 35 16 30 34 41 50 2 43 25 9 20 36 17 33 48 49 46 11 18 31 42 47 12 22 8 14 5 21 37 39 
student 261: 42 19 2 4 3 25 41 7 16 37 10 12 26 29 22 28 38 20 32 23 35 14 31 33 47 48 1 50 24 6 11 36 13 30 46 49 44 17 27 34 39 45 9 18 8 15 5 21 40 43 
student 262: 35 19 3 4 11 21 37 5 9 45 14 18 28 32 23 26 36 12 27 29 34 20 41 40 39 49 1 50 22 6 13 30 16 31 44 48 43 17 25 33 38 46 7 24 8 10 2 15 42 47 
student 263: 37 19 1 5 7 25 45 6 8 41 12 17 32 28 23 30 39 24 27 22 35 20 34 31 43 48 2 49 26 3 14 36 13 33 50 47 46 11 21 29 42 40 9 18 10 16 4 15 38 44 
student 264: 36 21 1 4 7 26 38 5 10 47 8 17 33 23 18 25 39 12 28 29 34 11 32 40 42 45 2 50 27 3 20 35 13 31 48 44 49 16 19 30 41 37 14 24 6 22 9 15 43 46 
student 265: 35 14 6 4 15 22 41 7 10 40 11 17 29 32 23 27 37 16 26 25 34 20 30 39 43 47 3 49 28 1 13 36 18 33 50 48 46 9 24 31 38 44 5 12 2 19 8 21 42 45 
student 266: 37 22 12 3 8 21 50 4 7 40 9 17 32 28 16 31 36 20 30 23 38 18 27 33 44 46 1 49 25 6 11 34 15 26 47 45 41 14 24 35 39 43 10 19 5 13 2 29 42 48 
student 267: 34 25 3 4 12 24 48 10 19 40 2 14 30 22 20 27 35 15 31 23 37 13 32 28 44 46 7 49 26 1 8 41 16 36 50 42 47 9 29 33 39 45 11 17 5 21 6 18 38 43 
student 268: 40 21 9 4 5 26 47 3 12 39 15 10 31 29 19 25 36 23 28 22 38 16 35 34 43 49 2 50 27 1 13 37 14 32 46 48 45 11 24 30 33 42 8 18 7 17 6 20 41 44 
student 269: 34 19 9 4 11 21 43 5 12 37 8 16 25 28 22 27 40 24 29 26 38 15 30 35 46 45 3 50 31 1 17 39 10 32 49 48 47 2 23 33 36 42 7 18 13 14 6 20 41 44 
student 270: 35 15 5 3 10 29 40 6 8 42 18 16 25 30 13 32 38 19 26 22 39 17 28 37 43 45 4 48 24 2 12 36 7 34 50 49 46 14 23 33 31 44 11 20 9 21 1 27 41 47 
student 271: 34 21 5 3 11 23 46 7 6 41 14 20 28 31 22 25 36 19 26 27 35 18 29 38 42 47 1 48 32 2 13 37 15 33 49 43 50 12 24 30 40 44 9 10 8 16 4 17 39 45 
student 272: 33 16 2 1 9 22 42 6 7 41 10 15 32 31 18 21 35 30 26 24 37 17 27 34 43 47 3 50 29 4 14 36 13 28 49 48 46 12 25 38 39 44 11 19 8 20 5 23 40 45 
student 273: 39 16 3 4 6 31 49 11 7 42 9 14 28 27 21 29 36 24 20 19 34 15 33 35 45 47 1 48 26 2 18 38 10 32 50 46 44 13 25 30 41 40 12 17 5 22 8 23 37 43 
student 274: 35 24 4 6 9 21 48 10 11 40 5 17 33 29 27 25 37 16 30 26 34 7 28 36 39 49 1 43 18 2 14 38 13 31 50 47 46 19 22 32 42 45 12 15 8 20 3 23 41 44 
student 275: 36 8 2 5 9 15 46 3 18 41 14 11 30 25 19 34 37 28 27 23 35 16 29 32 43 49 4 50 24 1 10 38 12 33 45 48 47 13 26 31 39 42 17 22 6 20 7 21 40 44 
student 276: 35 18 9 6 4 24 48 11 5 38 10 13 33 28 21 30 41 19 36 25 31 16 27 37 43 46 2 50 23 3 15 32 17 26 49 47 45 12 29 34 39 40 7 22 8 14 1 20 42 44 
student 277: 37 18 4 3 15 29 46 8 10 40 12 16 28 26 21 25 36 27 31 22 34 19 33 35 38 48 2 49 23 1 14 42 20 32 45 50 44 11 24 30 41 39 5 13 9 6 7 17 43 47 
student 278: 36 14 3 6 9 26 39 11 4 40 7 15 35 27 24 28 37 21 31 18 32 19 30 29 42 48 2 49 23 1 13 43 12 33 50 47 45 10 25 34 38 44 20 16 5 22 8 17 41 46 
student 279: 35 21 2 4 7 24 46 1 16 39 10 9 31 26 22 27 38 20 29 23 45 18 30 36 37 47 6 48 28 3 17 40 13 34 49 32 50 11 25 33 42 43 12 15 8 14 5 19 44 41 
student 280: 39 25 1 2 7 23 43 6 13 45 8 14 27 31 20 26 36 17 30 29 38 18 34 28 41 47 3 49 22 4 9 35 11 32 46 48 44 19 21 33 40 50 10 15 12 16 5 24 42 37 
student 281: 39 19 5 3 8 17 37 9 10 41 11 13 28 27 33 25 40 20 36 22 35 15 30 32 48 47 6 49 26 1 12 38 18 34 50 46 44 21 16 29 31 42 4 24 7 14 2 23 45 43 
student 282: 34 21 2 4 12 25 46 7 16 41 17 10 27 30 24 29 39 20 22 32 38 18 31 33 42 48 5 49 28 1 9 36 13 19 50 45 47 11 26 35 40 37 8 15 6 14 3 23 44 43 
student 283: 28 21 4 3 7 22 50 5 9 37 17 12 32 25 23 29 36 15 27 30 39 18 33 35 47 44 1 48 26 2 16 38 13 31 49 45 42 11 24 34 40 43 10 20 8 14 6 19 41 46 
student 284: 37 15 1 3 6 27 45 8 10 34 12 11 31 25 21 29 43 20 23 24 32 22 28 39 41 46 5 49 19 2 18 35 16 36 48 47 42 17 26 33 44 40 9 13 4 14 7 30 38 50 
student 285: 40 19 3 4 15 24 37 9 13 41 12 14 28 31 20 30 36 21 32 23 34 16 27 38 47 46 1 49 26 2 7 35 11 33 45 48 44 10 22 29 42 39 8 17 6 18 5 25 43 50 
student 286: 38 16 3 4 8 17 44 7 15 36 11 14 29 31 28 21 39 22 26 27 34 18 32 33 41 49 2 50 25 1 12 37 10 35 48 45 47 13 24 30 40 43 9 20 6 19 5 23 42 46 
student 287: 36 32 1 3 5 20 42 10 17 45 8 14 28 27 19 24 37 21 25 26 34 18 29 35 41 50 2 49 33 9 13 39 12 31 46 47 43 16 23 30 38 44 11 15 6 7 4 22 48 40 
student 288: 40 19 3 5 9 24 46 6 11 38 8 16 22 26 18 30 39 21 33 27 36 14 29 34 45 47 2 50 25 1 12 37 15 31 48 42 44 13 28 32 43 41 10 17 7 20 4 23 35 49 
student 289: 34 23 6 2 7 26 46 11 4 44 9 17 29 22 27 21 38 20 28 24 37 18 31 36 42 49 1 50 30 5 13 35 15 33 48 43 47 10 25 32 39 45 12 14 8 16 3 19 40 41 
student 290: 44 17 4 5 14 26 41 3 19 40 9 16 33 31 24 30 36 18 27 21 35 13 28 23 45 48 2 50 29 1 11 37 8 34 49 42 47 12 25 32 39 38 10 20 6 15 7 22 46 43 
student 291: 37 18 8 4 7 23 46 11 9 44 15 12 32 29 19 26 39 22 28 24 34 20 31 36 38 50 2 48 27 1 10 42 14 30 49 41 45 13 25 33 35 43 6 17 3 16 5 21 40 47 
student 292: 36 19 4 7 10 29 42 9 8 39 5 17 31 11 23 26 38 20 27 18 35 14 32 33 50 48 2 47 28 1 12 37 15 34 49 46 45 13 24 30 40 44 6 22 16 21 3 25 41 43 
student 293: 36 24 3 1 6 27 43 9 8 40 12 16 32 25 17 29 44 28 34 18 35 20 33 30 39 47 7 49 22 2 10 42 14 31 50 48 46 13 26 23 37 45 11 15 4 19 5 21 38 41 
student 294: 37 17 4 3 6 28 45 5 8 40 12 15 30 25 24 26 39 20 29 23 32 19 33 36 44 46 2 49 27 1 13 38 9 31 50 43 48 14 22 34 35 41 7 18 10 16 11 21 42 47 
student 295: 38 18 4 7 5 26 44 6 8 37 9 13 22 33 24 19 36 20 29 28 34 17 27 40 39 47 3 49 35 1 15 42 23 30 48 46 45 16 25 32 31 43 11 10 14 12 2 21 41 50 
student 296: 35 21 4 5 9 25 47 7 11 41 13 14 32 30 22 24 37 23 28 26 36 16 33 34 40 46 2 50 19 1 8 45 18 31 48 44 43 12 27 29 38 42 10 17 3 15 6 20 39 49 
student 297: 37 18 6 3 7 24 40 8 11 38 10 13 31 23 22 34 41 19 27 25 33 17 29 35 47 49 2 50 26 1 15 39 12 32 48 44 46 9 28 30 36 42 4 21 14 16 5 20 43 45 
student 298: 32 16 3 12 5 27 43 4 9 40 11 13 24 31 22 29 38 26 34 18 39 21 25 33 45 48 1 50 23 2 10 35 15 37 49 44 47 14 28 30 41 42 7 20 8 19 6 17 36 46 
student 299: 38 20 9 4 8 15 42 7 12 40 11 13 33 29 18 30 37 14 25 22 31 24 35 36 46 43 2 50 28 1 16 32 5 23 49 48 47 10 34 27 39 41 17 21 3 19 6 26 44 45 
student 300: 37 14 4 5 3 24 46 13 7 40 12 20 31 28 21 26 38 16 27 23 29 22 33 34 42 47 8 50 30 1 10 36 17 32 45 49 44 15 19 35 39 41 2 9 11 18 6 25 43 48 
student 301: 43 16 4 6 9 22 47 12 8 34 10 14 39 25 23 29 30 21 32 24 40 19 35 33 44 45 5 50 27 2 11 31 18 36 48 41 49 13 26 28 38 42 7 17 3 15 1 20 37 46 
student 302: 38 21 2 3 8 23 43 6 11 39 12 9 30 28 22 26 33 24 29 19 35 20 31 40 37 49 1 50 27 4 13 36 16 32 48 46 45 15 25 34 42 41 10 14 7 18 5 17 44 47 
student 303: 28 21 3 1 9 22 46 2 10 37 11 17 30 27 23 29 38 20 39 26 35 13 34 32 44 50 6 48 24 4 15 42 12 33 47 49 45 16 19 31 36 40 7 14 8 18 5 25 43 41 
student 304: 33 23 2 4 7 16 49 8 11 39 12 14 32 27 20 29 40 21 28 22 35 19 25 38 46 41 1 45 31 3 15 34 6 30 47 50 43 13 26 36 37 42 10 18 5 17 9 24 44 48 
student 305: 31 22 1 5 6 24 48 2 8 39 11 18 32 28 23 27 37 16 29 21 36 13 33 41 40 47 4 42 26 3 17 35 12 34 49 45 50 10 25 30 38 44 14 15 7 20 9 19 43 46 
student 306: 41 20 2 3 8 22 45 5 10 40 11 15 32 25 28 26 38 19 31 27 36 16 29 35 42 48 4 49 24 1 12 37 14 30 50 47 46 13 23 34 33 43 9 17 7 21 6 18 39 44 
student 307: 45 27 7 4 3 14 36 8 9 34 12 11 29 26 19 30 40 18 24 20 35 23 31 33 42 47 2 49 28 1 13 41 16 37 48 46 44 15 25 32 39 50 6 22 10 17 5 21 38 43 
student 308: 38 15 1 4 7 21 45 5 11 39 13 23 33 31 18 27 37 19 26 29 35 20 28 32 42 49 2 50 24 6 10 36 12 30 48 47 44 14 25 43 34 41 8 22 9 17 3 16 40 46 
student 309: 37 17 1 10 2 19 43 6 12 36 25 13 32 24 16 31 39 28 29 23 33 18 20 35 42 48 3 49 27 4 8 38 9 30 44 50 45 15 26 34 40 46 5 21 11 14 7 22 41 47 
student 310: 36 16 5 8 4 26 43 7 11 39 18 17 33 29 24 28 35 22 27 25 37 21 34 31 42 47 2 49 20 1 10 40 9 32 48 45 44 12 15 30 38 50 6 23 13 14 3 19 41 46 
student 311: 33 22 1 6 8 23 43 7 9 38 12 16 31 28 21 27 44 20 32 25 37 18 30 34 40 45 5 47 17 3 4 41 14 36 50 48 49 19 26 29 35 42 2 15 10 13 11 24 39 46 
student 312: 37 19 3 5 4 21 44 9 17 41 7 16 31 26 22 25 40 15 32 29 28 23 33 39 42 47 2 50 24 1 6 43 12 36 48 45 49 13 30 27 35 38 10 14 11 18 8 20 34 46 
student 313: 38 19 7 5 4 27 46 8 14 44 10 13 25 23 20 28 30 24 31 22 34 17 32 36 40 47 2 49 26 1 11 39 15 37 50 43 45 12 33 29 41 48 6 18 9 16 3 21 35 42 
student 314: 42 17 3 8 15 21 44 4 9 38 7 12 30 27 25 26 37 24 29 22 33 13 31 34 40 41 2 48 23 1 14 36 10 39 49 50 47 16 28 32 43 45 11 19 5 18 6 20 35 46 
student 315: 37 18 4 3 11 20 42 13 6 40 8 16 31 25 27 26 41 21 33 22 35 14 29 34 44 50 2 49 23 1 10 36 15 32 47 48 46 12 24 30 43 45 7 17 9 19 5 28 39 38 
student 316: 39 18 3 5 13 27 44 9 7 37 14 10 28 33 30 24 38 19 25 21 29 15 34 36 40 45 1 47 23 2 11 32 16 35 50 49 48 12 22 31 41 46 4 26 8 20 6 17 43 42 
student 317: 36 19 3 1 10 21 47 9 11 35 7 14 29 27 22 28 39 20 31 24 32 17 33 38 43 49 4 50 26 2 15 37 13 34 46 45 44 12 25 30 41 40 5 18 6 16 8 23 42 48 
student 318: 36 20 7 2 8 25 44 6 12 41 14 13 24 27 16 31 38 22 32 26 34 18 28 35 43 46 3 49 30 1 19 37 9 29 50 48 45 5 23 33 40 42 11 17 10 15 4 21 39 47 
student 319: 34 18 2 6 14 24 50 4 7 40 10 11 25 32 22 30 33 20 29 28 27 19 35 37 42 47 3 48 26 1 12 44 15 36 46 49 43 13 21 31 45 39 8 17 5 16 9 23 38 41 
student 320: 35 19 3 4 8 22 39 6 13 41 10 16 31 26 21 27 40 20 28 24 33 18 38 37 44 43 1 48 29 2 15 32 9 30 50 46 47 12 25 36 34 45 14 17 7 11 5 23 42 49 
student 321: 39 21 2 8 13 22 45 6 12 41 9 14 25 33 18 23 35 30 27 20 36 17 29 34 46 43 4 49 28 1 10 37 11 31 44 48 50 15 26 32 40 42 7 19 5 16 3 24 38 47 
student 322: 34 23 4 6 7 26 44 8 16 40 9 19 35 32 25 24 38 20 28 27 30 11 33 36 45 47 2 48 21 1 12 37 13 29 49 50 43 17 22 31 39 42 10 15 5 14 3 18 41 46 
student 323: 39 13 1 7 11 22 44 6 16 36 9 12 26 24 20 30 38 28 27 25 35 14 31 37 42 48 3 49 29 2 23 33 17 32 50 47 45 8 21 34 40 43 5 19 10 18 4 15 41 46 
student 324: 39 17 3 6 7 19 42 4 12 45 14 21 30 25 22 27 37 20 32 24 36 13 31 28 44 50 1 46 23 2 9 35 11 34 47 49 48 15 29 33 38 43 8 16 5 18 10 26 40 41 
student 325: 39 22 3 5 8 21 46 6 10 37 13 17 28 30 20 29 40 18 26 24 38 11 31 36 48 44 1 50 27 2 14 33 15 32 49 47 43 19 25 34 41 42 9 7 12 16 4 23 35 45 
student 326: 34 7 9 8 12 26 43 6 10 44 11 16 35 28 30 25 39 20 29 18 32 24 31 33 41 42 5 50 22 3 13 36 17 37 48 47 49 14 23 27 38 45 4 19 1 21 2 15 40 46 
student 327: 31 24 4 1 9 17 38 6 10 41 13 15 34 28 19 26 37 23 30 21 35 11 32 45 40 47 2 48 25 3 14 36 18 33 49 44 50 16 22 29 39 43 5 20 7 8 12 27 42 46 
student 328: 37 18 3 4 11 26 44 5 19 40 12 13 29 31 16 28 39 14 24 25 36 23 30 34 43 46 1 50 27 2 8 42 10 33 48 49 47 17 22 32 35 38 9 20 7 15 6 21 41 45 
student 329: 32 15 1 7 9 24 45 11 10 38 3 14 30 28 22 27 34 17 29 23 36 20 37 31 50 42 6 48 25 2 5 40 16 35 49 44 46 13 26 33 43 41 4 21 8 19 12 18 39 47 
student 330: 39 20 3 8 11 22 45 10 9 38 4 13 28 23 24 30 40 21 31 27 35 17 32 33 42 43 1 50 26 2 12 37 15 34 48 46 47 14 25 29 41 44 6 19 7 16 5 18 36 49 
student 331: 35 17 5 1 10 22 45 12 8 47 11 14 31 36 15 29 39 21 24 18 34 20 33 32 42 41 2 50 25 4 9 37 16 30 49 48 46 13 26 27 38 43 6 28 7 19 3 23 40 44 
student 332: 32 24 7 5 9 18 46 3 10 42 12 16 38 28 25 30 35 22 26 21 39 19 27 36 44 43 2 50 23 1 14 41 15 33 48 49 47 13 29 31 37 45 11 17 4 6 8 20 40 34 
student 333: 42 17 3 1 10 23 50 6 11 43 13 8 34 29 22 27 41 18 24 28 33 21 25 30 44 45 15 49 31 2 12 37 7 36 47 46 40 19 20 32 35 39 9 16 5 14 4 26 38 48 
student 334: 36 21 4 2 7 30 42 10 11 43 8 14 35 26 20 29 38 19 28 27 34 16 25 31 47 48 3 49 23 1 9 37 17 32 50 45 46 13 24 33 39 40 12 18 6 15 5 22 41 44 
student 335: 31 21 1 4 6 24 45 2 9 42 8 14 26 23 20 28 36 19 34 32 38 22 30 33 43 46 3 50 27 5 13 41 15 35 49 47 44 11 25 29 39 37 7 18 12 16 10 17 40 48 
student 336: 41 27 4 11 8 21 39 5 9 43 6 17 31 23 20 28 38 18 30 24 35 16 34 26 44 50 2 49 29 1 12 42 14 32 48 47 46 13 25 37 33 40 10 22 7 15 3 19 36 45 
student 337: 33 19 6 2 7 24 45 12 10 43 9 11 32 31 23 27 39 18 34 20 38 17 25 35 44 41 4 50 28 5 14 36 15 29 47 46 49 13 26 30 40 37 8 22 3 21 1 16 42 48 
student 338: 39 24 3 4 9 23 42 5 10 43 12 16 26 30 22 28 34 21 29 19 37 18 31 33 40 47 2 50 27 7 11 38 17 41 49 48 44 8 25 32 36 46 14 20 6 15 1 13 35 45 
student 339: 38 20 4 10 9 27 45 6 8 41 11 18 34 26 22 24 37 19 28 23 40 14 33 31 44 42 2 49 29 1 13 36 12 30 50 47 35 16 32 25 43 48 3 15 7 17 5 21 39 46 
student 340: 39 14 9 1 3 26 45 4 7 44 12 17 30 28 21 27 37 20 29 23 35 11 33 34 36 43 2 49 24 5 18 40 15 32 47 50 48 19 25 31 38 42 10 16 8 13 6 22 46 41 
student 341: 37 19 1 5 11 16 44 6 9 39 3 10 30 29 20 27 38 24 32 28 34 12 31 33 43 45 4 50 25 2 13 36 22 35 49 47 48 15 26 23 40 41 14 17 7 18 8 21 42 46 
student 342: 39 12 4 1 8 16 45 6 10 43 9 20 38 26 15 24 32 18 28 27 35 23 34 36 46 44 2 50 30 3 13 40 21 29 49 48 42 17 19 33 41 31 11 25 7 14 5 22 37 47 
student 343: 35 26 4 5 12 18 43 6 10 41 7 14 31 22 25 30 38 27 28 20 34 13 32 29 36 48 8 50 24 1 15 39 19 37 44 47 45 11 23 33 40 42 9 21 2 17 3 16 46 49 
student 344: 37 16 6 8 1 17 43 5 7 39 10 22 31 30 19 26 42 23 29 27 35 18 24 38 45 48 2 50 32 3 20 34 9 28 49 47 46 12 21 33 41 36 11 25 13 14 4 15 40 44 
student 345: 38 17 2 10 18 24 49 3 5 42 11 13 23 29 20 31 37 21 32 26 30 19 33 39 44 46 1 48 28 6 8 27 12 34 50 45 43 15 25 35 36 47 9 14 4 16 7 22 40 41 
student 346: 36 17 2 4 10 21 35 7 6 43 13 14 26 34 25 27 40 22 24 23 39 15 31 33 49 50 3 47 28 1 12 32 16 41 46 48 45 18 30 29 37 44 11 8 9 20 5 19 42 38 
student 347: 35 18 8 3 11 28 41 2 7 42 10 16 32 27 24 37 39 21 30 20 34 14 29 33 46 49 1 50 19 6 12 36 13 26 48 45 43 15 25 31 40 44 9 17 5 22 4 23 38 47 
student 348: 36 19 2 3 12 21 41 5 14 38 8 17 25 22 26 32 37 20 31 28 34 15 39 30 33 45 6 48 29 1 11 40 13 35 46 49 42 10 23 27 47 43 7 24 9 18 4 16 50 44 
student 349: 36 11 3 1 10 23 47 7 13 35 9 17 24 26 28 33 45 19 29 21 31 16 27 39 42 46 4 50 32 2 15 34 14 30 49 44 48 20 25 37 38 40 6 18 8 12 5 22 41 43 
student 350: 36 19 3 7 11 22 46 5 12 43 14 15 32 27 17 21 38 23 31 25 33 20 30 37 42 47 2 50 28 1 6 39 13 34 44 49 45 8 26 29 35 41 10 18 9 16 4 24 40 48 
student 351: 34 21 5 3 7 22 47 2 12 49 10 19 30 35 20 25 33 16 29 26 32 18 36 28 38 48 4 46 24 1 14 40 11 39 50 45 44 15 31 27 37 41 9 13 6 23 8 17 43 42 
student 352: 37 16 6 4 9 26 48 3 10 35 15 12 32 28 23 25 41 21 27 19 34 14 38 31 45 49 2 50 24 1 7 43 17 40 46 47 36 13 29 33 30 39 11 20 8 18 5 22 44 42 
student 353: 42 22 6 1 5 19 38 9 10 41 11 14 29 31 28 27 26 18 25 20 36 16 35 34 40 47 3 49 24 4 13 39 12 30 48 50 46 15 32 33 37 43 7 17 8 21 2 23 45 44 
student 354: 33 19 3 7 12 24 44 2 13 40 16 21 32 26 20 29 38 18 34 28 31 15 27 22 41 46 1 45 30 5 10 39 9 37 47 49 43 11 25 35 42 48 6 17 4 23 8 14 36 50 
student 355: 37 21 7 2 10 22 43 6 8 41 14 13 30 27 24 28 39 23 32 26 35 16 34 33 46 44 3 49 17 1 11 38 12 29 45 48 50 5 25 31 40 42 19 20 9 18 4 15 36 47 
student 356: 32 17 4 13 2 20 41 5 14 42 10 15 35 36 24 31 38 18 28 23 30 16 34 39 45 47 3 48 27 1 9 33 11 29 49 50 46 22 25 26 43 37 6 21 8 19 7 12 40 44 
student 357: 35 19 1 3 5 24 44 4 8 40 11 14 26 32 21 27 37 22 25 23 47 16 30 34 41 49 6 50 29 2 17 36 12 33 45 48 43 18 28 31 39 38 9 15 7 13 10 20 42 46 
student 358: 40 13 4 6 9 23 45 5 11 38 8 19 31 30 25 22 36 21 27 26 28 16 35 34 46 47 1 49 18 3 14 33 12 37 48 50 44 7 29 32 39 43 15 17 10 20 2 24 41 42 
student 359: 32 18 2 3 7 22 43 8 11 37 9 12 28 26 21 29 38 17 27 25 40 24 34 31 48 49 4 50 30 1 15 41 14 35 46 47 45 13 23 33 36 39 10 16 5 19 6 20 42 44 
student 360: 36 20 2 6 7 25 39 5 12 40 8 23 26 28 22 27 37 21 34 30 44 18 31 29 49 47 4 50 24 3 13 33 15 35 48 43 45 14 19 32 38 46 10 11 1 17 9 16 41 42 
student 361: 37 26 1 6 2 25 40 5 7 34 9 16 28 33 20 29 41 24 21 22 32 18 31 36 39 48 4 49 27 3 10 38 14 35 44 47 43 17 19 30 50 45 12 15 11 13 8 23 42 46 
student 362: 36 21 2 4 8 23 46 20 6 41 10 14 32 27 19 31 40 17 30 26 35 12 34 29 44 49 3 45 25 1 16 28 13 38 50 48 42 9 22 37 33 43 11 15 7 18 5 24 39 47 
student 363: 36 20 3 4 10 23 46 5 12 40 13 18 22 29 28 25 38 21 31 24 35 15 37 34 41 45 2 49 30 1 8 33 11 32 50 47 44 14 26 27 39 43 9 16 7 19 6 17 42 48 
student 364: 34 18 4 3 5 21 46 7 12 43 10 9 31 22 27 29 40 16 28 26 35 25 37 33 44 50 2 48 30 1 13 39 14 32 49 47 42 15 24 23 36 45 8 17 11 19 6 20 38 41 
student 365: 41 14 2 7 9 27 44 6 10 40 4 13 34 25 26 23 39 20 28 21 32 15 30 29 43 50 5 45 24 1 8 36 18 35 46 49 47 11 33 31 38 42 17 16 12 19 3 22 37 48 
student 366: 31 8 9 3 4 26 47 6 5 39 15 17 24 34 20 32 42 22 23 29 35 12 28 36 41 50 2 46 21 1 10 37 16 30 45 49 48 18 27 33 43 40 7 19 13 11 14 25 38 44 
student 367: 36 20 1 6 10 26 47 7 13 37 12 14 25 29 33 27 38 8 24 21 39 15 31 34 43 49 5 50 28 2 18 46 16 32 48 45 42 11 17 30 35 40 4 19 9 22 3 23 44 41 
student 368: 35 28 4 7 6 21 45 8 17 40 12 16 30 26 25 24 37 31 29 22 33 19 34 36 38 48 3 50 11 2 15 43 10 27 49 47 46 5 23 32 39 42 9 20 14 18 1 13 44 41 
student 369: 37 19 1 6 8 24 38 2 10 34 15 13 35 28 18 26 39 27 29 21 40 14 32 36 46 44 4 48 23 3 11 30 17 33 49 47 50 12 20 31 42 43 9 16 7 25 5 22 45 41 
student 370: 31 15 3 4 6 19 45 5 7 40 10 17 35 25 20 28 32 23 33 27 38 11 21 36 43 47 2 50 26 1 14 41 13 34 48 46 42 18 29 30 37 39 12 22 8 16 9 24 49 44 
student 371: 37 24 8 2 3 18 45 4 9 38 15 17 26 30 20 28 35 14 31 40 33 19 23 32 34 47 1 41 27 6 5 39 13 36 43 50 49 7 25 29 42 44 12 22 10 16 11 21 46 48 
student 372: 35 23 2 6 9 28 38 4 12 37 8 13 34 30 25 29 41 17 26 21 32 16 24 36 40 47 7 49 22 1 11 39 15 33 50 46 44 14 27 31 43 45 10 19 5 20 3 18 42 48 
student 373: 44 22 5 1 8 20 45 6 12 37 9 11 27 28 26 34 36 19 32 23 30 18 24 33 47 46 2 50 31 3 15 38 16 35 49 43 39 10 25 29 41 48 13 17 7 14 4 21 42 40 
student 374: 34 19 5 4 10 28 43 2 12 32 6 15 30 23 24 26 37 18 27 20 46 21 35 33 42 47 3 49 29 1 9 38 16 40 50 48 45 14 25 31 41 39 11 17 8 13 7 22 36 44 
student 375: 47 19 7 10 6 27 50 4 11 37 13 20 41 30 23 25 31 17 22 24 35 15 29 32 42 46 1 49 26 5 9 39 14 33 45 44 48 8 28 36 40 34 12 18 2 16 3 21 38 43 
student 376: 36 20 2 6 4 24 40 5 13 37 10 15 28 25 21 26 35 19 29 23 33 14 30 38 41 48 1 50 32 3 17 42 12 34 49 46 47 7 27 31 39 44 11 18 9 16 8 22 45 43 
student 377: 39 22 3 7 11 18 49 8 13 42 9 12 31 29 20 26 35 19 28 25 34 14 23 38 44 46 2 50 30 1 16 37 17 33 43 47 48 15 27 32 36 40 5 21 4 10 6 24 41 45 
student 378: 46 22 4 1 7 26 40 8 10 29 13 17 34 24 25 28 36 20 27 31 33 19 30 35 45 47 2 48 21 3 11 39 12 37 50 44 49 14 23 32 41 43 9 15 6 16 5 18 38 42 
student 379: 42 16 1 6 7 19 46 8 10 41 11 13 30 33 24 28 39 22 23 26 34 15 27 32 45 49 2 48 29 3 18 37 17 31 50 44 47 12 25 36 35 40 4 20 9 14 5 21 38 43 
student 380: 40 14 6 3 16 27 41 4 7 39 15 11 26 30 24 28 35 21 29 22 32 17 31 36 48 49 2 47 20 1 12 37 13 34 50 46 44 10 25 33 38 43 8 23 5 18 9 19 42 45 
student 381: 37 20 6 2 8 26 45 7 12 41 16 19 25 28 24 21 38 9 29 18 36 10 32 35 40 49 5 50 31 1 11 39 14 30 46 48 47 15 27 33 34 42 4 22 3 17 13 23 43 44 
student 382: 30 19 4 9 5 24 45 1 12 44 13 14 26 27 20 31 38 18 32 23 36 15 28 41 37 43 3 50 25 2 11 33 17 34 46 48 49 10 39 29 35 47 8 16 7 21 6 22 40 42 
student 383: 36 28 6 7 5 17 42 9 10 43 8 14 26 27 23 22 39 32 29 25 35 15 33 37 41 45 1 47 20 2 13 38 16 31 50 49 48 11 19 34 40 44 12 24 3 18 4 21 30 46 
student 384: 36 19 7 10 4 28 43 1 12 42 9 15 29 27 20 23 35 22 31 25 34 17 33 37 39 48 5 49 21 3 2 38 11 30 50 47 46 14 24 32 40 44 8 18 13 16 6 26 41 45 
student 385: 33 21 4 2 9 20 43 6 10 40 13 19 25 50 23 27 35 12 30 24 31 17 29 32 42 44 3 47 28 1 14 38 18 36 49 46 41 15 26 34 45 37 8 16 7 11 5 22 48 39 
student 386: 33 24 2 5 12 23 39 10 9 38 13 18 28 31 22 26 37 19 27 30 41 15 35 36 47 48 1 49 25 4 8 34 14 32 45 44 46 11 17 29 42 43 7 16 3 21 6 20 40 50 
student 387: 32 22 2 4 9 18 44 7 12 40 13 15 25 31 21 27 33 16 28 23 35 20 29 39 43 50 3 48 24 1 14 37 11 47 49 41 46 10 26 30 36 45 8 34 6 17 5 19 38 42 
student 388: 38 19 6 2 5 22 48 7 10 45 9 17 23 28 20 33 39 16 37 27 35 21 31 34 41 44 4 49 26 3 11 32 13 29 46 43 50 15 25 36 30 40 12 18 1 24 8 14 47 42 
student 389: 35 14 5 10 2 16 47 8 9 31 3 18 26 29 22 28 36 24 30 23 42 11 32 33 41 50 4 44 27 6 15 45 17 34 49 46 48 13 21 37 39 40 12 20 7 19 1 25 38 43 
student 390: 40 22 6 3 9 18 45 4 11 42 10 13 29 28 19 25 39 24 31 23 32 21 33 36 38 49 7 50 26 1 12 34 16 35 48 37 44 14 27 30 41 43 8 17 5 15 2 20 46 47 
student 391: 32 22 5 1 7 19 38 4 11 33 10 15 29 30 17 23 35 25 28 24 31 14 36 40 45 50 2 47 26 9 12 39 13 37 48 44 49 16 27 34 41 43 8 21 6 20 3 18 46 42 
student 392: 37 14 3 8 10 25 42 5 13 38 12 15 28 31 21 24 36 20 32 23 33 19 30 35 47 39 1 45 29 2 9 43 7 34 44 50 49 17 26 27 41 40 4 16 11 18 6 22 48 46 
student 393: 37 22 3 4 6 21 41 5 11 39 14 17 34 27 20 28 35 18 30 29 36 19 26 31 44 46 2 49 23 1 10 40 15 32 48 50 43 13 25 33 38 45 8 16 9 12 7 24 42 47 
student 394: 33 20 5 2 9 21 41 6 14 42 11 13 31 29 17 27 40 22 34 24 35 18 32 25 45 47 4 50 23 1 10 37 12 38 48 46 36 16 28 30 43 44 7 19 8 15 3 26 39 49 
student 395: 35 17 2 7 5 26 42 8 10 41 15 12 27 32 25 24 45 22 30 20 34 21 33 36 40 48 4 50 28 1 11 37 14 31 49 43 47 16 23 29 39 44 6 18 9 19 3 13 38 46 
student 396: 33 22 4 5 9 17 45 7 8 48 10 18 30 26 19 28 42 21 31 29 36 20 32 38 41 50 3 49 25 2 13 34 15 35 47 46 44 11 27 24 40 37 12 14 6 16 1 23 43 39 
student 397: 37 16 1 4 9 26 41 6 11 42 10 15 19 27 25 24 39 22 30 18 36 21 32 35 43 44 2 48 23 3 12 40 20 31 47 50 45 13 29 34 33 38 8 14 5 17 7 28 49 46 
student 398: 37 18 1 6 12 23 44 4 11 38 9 15 30 29 19 26 39 27 28 25 40 17 32 35 45 46 7 50 24 3 14 43 16 34 42 47 48 10 22 33 31 41 8 21 5 13 2 20 36 49 
student 399: 37 23 4 2 5 24 45 8 11 42 10 12 27 28 22 25 39 19 38 20 33 17 26 32 43 50 1 48 30 3 18 34 21 31 49 47 44 13 29 36 35 41 9 15 7 14 6 16 40 46 
student 400: 39 19 4 1 13 35 42 5 6 43 10 9 31 26 21 22 37 20 29 23 24 17 33 32 46 47 2 50 30 3 12 36 14 27 45 44 49 15 28 34 40 38 7 25 11 16 8 18 41 48 
student 401: 35 20 7 3 8 31 43 2 10 44 11 14 27 26 23 29 38 15 28 24 33 16 32 30 46 50 6 49 22 4 19 37 12 36 45 42 41 13 25 34 39 47 9 17 5 21 1 18 40 48 
student 402: 39 21 11 6 4 22 44 3 10 36 8 15 31 27 20 26 40 13 25 24 38 19 32 29 42 49 5 48 30 2 1 34 14 33 47 50 46 17 28 37 35 43 12 16 7 18 9 23 41 45 
student 403: 35 20 4 5 3 22 36 2 7 39 11 15 32 31 17 28 40 25 29 27 33 16 34 37 46 48 10 50 23 1 9 38 12 30 49 47 43 19 24 26 45 42 6 14 13 18 8 21 41 44 
student 404: 37 17 8 5 6 26 45 7 12 40 9 13 32 29 22 28 36 18 30 24 33 19 34 27 44 48 2 49 25 1 11 38 14 35 50 47 43 15 21 31 39 41 10 23 4 16 3 20 42 46 
student 405: 41 18 6 7 4 24 37 5 8 38 10 15 29 23 22 25 44 17 27 20 36 16 31 32 42 50 2 49 30 1 14 34 12 35 47 43 45 11 26 33 48 46 13 19 9 21 3 28 40 39 
student 406: 38 23 3 4 11 25 46 8 13 40 12 14 32 26 22 27 36 18 28 24 33 17 31 39 42 48 2 45 29 7 16 34 15 35 50 47 49 10 21 30 37 44 6 19 5 9 1 20 43 41 
student 407: 45 17 2 4 7 27 43 6 11 38 15 13 35 33 30 25 39 23 32 24 34 20 22 14 40 46 3 47 28 1 9 36 16 31 48 50 49 12 26 29 41 42 8 21 10 19 5 18 37 44 
student 408: 38 15 5 3 1 26 37 6 14 45 19 11 28 39 18 30 35 22 33 21 36 17 29 31 43 48 4 50 24 2 7 41 13 32 49 47 46 12 23 27 34 42 10 16 9 20 8 25 40 44 
student 409: 40 16 1 6 9 32 37 5 10 47 15 12 26 21 20 24 44 27 25 28 36 19 31 34 43 48 3 45 23 4 13 35 11 39 49 50 42 14 30 33 38 41 7 22 8 18 2 17 29 46 
student 410: 36 19 2 7 6 18 40 8 12 42 9 21 31 29 24 27 41 20 28 25 35 15 34 37 44 49 1 50 22 3 16 38 13 30 47 46 48 11 26 32 33 43 10 17 4 14 5 23 39 45 
student 411: 33 15 2 5 11 36 45 8 4 42 10 12 29 24 21 28 30 18 22 26 39 20 34 31 40 49 1 47 37 3 14 35 7 41 50 46 48 16 27 25 38 43 13 19 9 17 6 23 32 44 
student 412: 29 24 2 1 5 30 47 6 8 42 12 19 33 32 26 23 40 22 27 15 36 20 28 31 38 48 4 44 25 3 14 45 10 37 49 46 43 13 21 34 39 35 11 16 9 18 7 17 50 41 
student 413: 33 16 3 7 10 24 48 20 2 43 12 11 27 25 22 21 36 18 29 26 37 19 31 40 45 42 9 47 30 1 6 35 17 34 50 49 44 14 28 32 38 46 8 13 5 15 4 23 39 41 
student 414: 35 14 3 2 6 25 43 7 10 44 11 15 34 27 22 26 36 20 30 21 37 23 32 29 38 49 5 50 28 1 18 41 13 33 48 47 46 12 24 31 39 40 8 19 9 17 4 16 42 45 
student 415: 35 19 6 2 12 28 38 3 9 40 15 7 26 32 20 29 37 18 25 22 36 14 30 33 41 47 4 50 24 1 13 39 17 34 49 45 43 21 23 31 44 42 11 16 8 10 5 27 46 48 
student 416: 36 18 1 8 15 25 40 7 10 39 13 16 26 30 24 29 37 17 27 33 35 19 31 32 44 47 2 50 23 5 11 38 9 28 48 45 42 12 20 34 41 46 6 14 4 22 3 21 43 49 
student 417: 38 22 5 6 3 19 44 10 9 37 7 13 27 31 21 30 39 18 26 24 32 14 28 33 43 50 4 46 29 1 11 40 17 35 48 41 49 12 25 34 42 45 15 20 8 23 2 16 36 47 
student 418: 36 26 5 2 8 21 45 9 11 41 6 14 30 27 25 20 39 22 33 29 28 12 24 31 50 43 3 48 23 1 16 37 15 35 49 47 42 10 34 32 46 40 7 18 13 17 4 19 38 44 
student 419: 37 20 1 6 9 21 46 2 7 40 15 17 30 28 24 27 36 14 33 22 34 18 31 35 42 45 3 49 23 4 16 38 12 29 43 50 48 13 25 32 39 44 8 10 11 19 5 26 41 47 
student 420: 39 18 6 4 5 20 44 8 9 40 11 15 28 30 21 27 37 24 32 22 33 23 29 34 43 49 3 48 25 1 14 35 13 31 50 47 46 7 26 36 42 41 12 16 10 17 2 19 38 45 
student 421: 35 26 3 4 9 28 40 5 11 46 10 18 23 24 21 37 34 19 27 17 32 16 36 29 38 48 7 49 31 1 14 39 15 33 45 50 43 13 25 30 41 44 2 20 8 12 6 22 42 47 
student 422: 30 25 3 4 5 21 42 7 14 41 10 15 28 31 20 26 40 16 29 22 39 18 32 33 44 48 1 49 27 2 13 36 9 35 46 47 50 12 24 34 43 37 8 17 11 19 6 23 38 45 
student 423: 32 18 4 6 5 19 46 8 7 37 12 16 26 28 20 27 39 14 29 25 40 17 31 38 43 48 3 50 30 2 9 36 13 35 49 47 44 11 23 33 34 45 15 21 10 22 1 24 41 42 
student 424: 37 12 1 2 5 26 39 9 8 45 10 16 29 32 25 28 42 22 27 18 36 14 33 34 40 47 3 46 30 7 20 44 11 31 50 49 43 15 23 24 35 38 4 19 13 17 6 21 41 48 
student 425: 34 19 2 8 13 21 49 5 9 42 16 10 29 28 27 26 39 18 25 20 36 17 32 31 44 47 1 50 23 3 6 37 15 35 45 46 43 11 33 30 48 40 7 24 4 14 12 22 38 41 
student 426: 36 19 2 3 6 23 45 9 10 37 7 14 28 29 25 31 41 21 24 26 44 18 35 32 42 48 1 49 22 20 12 33 13 34 50 46 47 11 27 30 40 39 8 15 5 16 4 17 38 43 
student 427: 37 19 3 2 9 22 47 5 6 39 17 15 30 28 21 27 40 14 26 25 34 16 31 35 45 46 4 49 29 1 13 38 11 32 48 50 43 8 24 33 36 41 7 23 10 18 12 20 42 44 
student 428: 34 27 4 3 14 22 39 9 8 41 10 18 29 36 23 28 32 21 25 26 37 16 33 31 44 49 6 50 30 1 11 40 12 24 48 45 42 19 15 35 38 46 7 17 5 13 2 20 43 47 
student 429: 28 20 5 2 10 26 41 7 8 39 18 12 32 23 27 17 38 15 29 22 35 24 36 37 44 46 1 49 30 3 14 40 11 25 50 45 47 13 31 33 34 43 9 19 6 16 4 21 42 48 
student 430: 35 20 5 1 4 22 37 8 3 38 2 19 28 26 29 25 34 17 31 23 36 18 30 40 42 49 11 50 27 7 16 43 13 32 46 45 48 9 24 33 39 41 10 14 12 15 6 21 47 44 
student 431: 36 17 3 4 11 22 42 8 7 41 10 15 27 26 20 34 33 21 32 23 31 19 29 35 44 48 2 50 24 1 13 38 12 43 45 49 47 14 28 30 39 40 9 18 5 16 6 25 37 46 
student 432: 38 17 7 2 4 22 43 9 15 40 8 19 28 33 24 25 39 14 29 18 32 13 27 35 44 50 6 45 30 1 16 36 11 34 48 46 47 10 26 31 41 42 5 20 12 21 3 23 37 49 
student 433: 39 18 4 5 7 26 48 6 13 44 11 20 29 35 19 25 43 21 27 24 31 14 34 36 47 49 2 45 22 1 8 40 15 37 50 42 38 9 28 30 32 46 10 16 12 17 3 23 33 41 
student 434: 36 19 3 7 12 25 43 5 6 40 13 18 31 29 21 27 39 22 30 23 35 15 32 34 44 47 4 50 24 1 9 41 17 33 45 46 49 10 28 26 38 42 14 16 8 11 2 20 37 48 
student 435: 32 20 2 4 9 23 40 6 10 42 12 17 35 26 22 28 33 21 31 24 34 19 27 39 47 48 1 50 29 3 11 37 16 41 49 46 44 13 25 30 43 36 7 14 8 18 5 15 38 45 
student 436: 33 15 6 2 13 23 47 9 4 31 8 21 29 26 19 28 39 17 32 25 36 20 38 35 40 50 1 48 27 7 11 42 14 30 49 45 44 12 24 34 43 46 10 18 3 16 5 22 41 37 
student 437: 35 18 4 3 8 25 47 6 12 37 10 17 26 33 22 27 36 21 28 19 40 20 39 29 45 46 2 50 24 1 11 34 13 30 49 44 42 16 31 32 41 48 7 14 9 15 5 23 38 43 
student 438: 36 18 3 6 8 20 45 7 10 40 9 14 31 27 21 26 34 19 28 25 37 15 33 35 41 47 1 50 23 2 13 43 12 30 48 49 46 16 24 32 38 39 5 22 11 17 4 29 44 42 
student 439: 37 20 6 2 10 23 44 4 13 36 9 14 31 28 22 25 39 19 26 24 38 18 29 32 43 48 1 46 30 3 5 40 11 33 49 45 50 15 27 35 34 42 12 17 7 16 8 21 41 47 
student 440: 36 26 3 1 4 27 46 10 13 40 14 16 24 29 23 28 37 20 30 22 34 17 31 35 44 48 6 50 25 2 12 38 15 33 49 47 43 7 21 32 39 42 11 18 5 8 9 19 41 45 
student 441: 33 22 2 6 7 29 39 3 11 43 13 9 26 30 16 28 40 20 32 25 36 17 34 27 45 46 4 50 21 1 14 47 12 31 48 44 42 15 23 35 38 41 5 24 8 18 10 19 37 49 
student 442: 40 13 4 7 3 26 36 6 8 42 14 18 35 15 20 25 34 21 28 24 39 19 30 27 43 48 2 49 29 1 10 38 12 37 50 47 46 11 31 32 33 41 16 23 9 17 5 22 44 45 
student 443: 38 20 4 5 8 21 45 6 12 39 7 16 32 27 17 26 37 24 29 25 34 19 30 35 44 48 1 50 28 3 9 36 14 31 46 43 49 13 22 33 41 42 11 18 10 15 2 23 40 47 
student 444: 37 18 2 1 7 26 35 6 11 39 13 17 29 23 25 22 40 20 28 31 36 16 24 38 46 47 3 50 33 5 10 41 15 30 49 45 48 14 27 32 34 43 8 12 9 19 4 21 44 42 
student 445: 34 20 1 4 8 21 47 2 15 42 10 14 30 28 25 29 40 19 24 26 35 18 31 37 44 49 3 45 27 5 11 36 13 33 48 50 46 12 23 32 39 38 9 16 6 17 7 22 41 43 
student 446: 36 21 8 4 7 22 40 2 10 41 12 11 27 35 19 23 43 17 26 25 34 15 30 33 38 48 3 50 29 6 9 37 13 32 49 45 47 18 28 31 44 39 20 16 5 14 1 24 42 46 
student 447: 33 17 3 1 11 20 42 5 8 34 10 13 36 30 22 26 39 19 35 24 37 18 29 31 40 49 6 50 28 2 14 38 12 32 46 48 43 15 25 27 41 47 7 21 9 16 4 23 44 45 
student 448: 35 18 7 1 9 25 43 12 11 39 14 19 32 30 22 20 36 26 23 29 38 16 31 34 46 45 5 50 24 2 8 40 13 27 48 42 49 10 28 33 37 44 6 17 4 15 3 21 41 47 
student 449: 38 15 2 4 7 23 45 6 19 48 11 16 29 28 21 24 37 22 30 32 36 14 27 35 41 47 3 50 25 1 10 34 12 31 42 49 46 13 26 33 40 43 8 18 9 17 5 20 39 44 
student 450: 35 20 9 1 5 21 40 8 12 49 11 14 33 34 23 28 44 15 26 22 31 16 29 37 36 50 3 47 27 2 13 41 17 30 43 45 46 6 24 32 42 38 10 25 7 18 4 19 39 48 
student 451: 35 19 4 7 2 22 45 1 16 39 13 15 29 28 23 27 38 17 34 24 30 18 31 36 40 48 5 49 26 3 9 43 12 33 47 50 44 10 25 37 32 42 11 21 6 14 8 20 41 46 
student 452: 36 22 4 3 20 24 42 7 9 39 10 18 34 28 33 25 38 17 26 21 30 14 32 37 44 46 6 49 27 1 13 35 12 31 50 45 48 8 23 29 41 40 5 19 11 15 2 16 43 47 
student 453: 32 21 4 7 5 24 48 8 16 35 12 10 31 30 20 27 38 17 26 25 39 18 33 37 45 46 2 49 23 1 6 34 19 36 47 50 42 9 28 29 41 43 15 14 11 13 3 22 40 44 
student 454: 34 17 6 3 7 24 48 9 10 42 11 12 30 25 21 26 37 20 28 18 33 19 31 32 39 46 5 50 27 2 14 40 15 35 41 47 44 13 23 36 38 43 8 22 1 16 4 29 45 49 
student 455: 38 21 12 2 6 20 45 9 10 44 8 17 31 27 18 29 41 22 28 23 34 14 33 36 43 47 1 50 26 5 13 35 11 30 49 46 48 15 25 32 37 42 4 24 7 16 3 19 40 39 
student 456: 33 23 2 4 9 24 41 10 8 42 11 14 31 25 19 30 39 20 28 27 37 21 32 35 40 48 3 50 26 1 15 36 17 29 49 45 47 12 22 34 38 43 6 18 7 13 5 16 44 46 
student 457: 42 20 8 7 5 22 46 4 6 38 17 14 29 28 27 25 39 19 31 23 33 16 30 37 43 47 1 50 26 3 9 32 10 34 48 49 44 11 24 36 40 41 12 21 2 15 13 18 35 45 
student 458: 35 20 5 2 14 29 43 3 9 42 7 16 31 28 21 27 40 24 30 23 34 13 33 32 45 48 11 50 22 1 12 38 15 25 49 46 41 10 26 36 37 44 4 18 6 17 8 19 39 47 
student 459: 34 23 4 1 7 21 41 6 10 40 20 17 37 27 26 25 39 19 30 22 36 16 28 32 45 50 5 48 29 9 12 33 15 35 49 47 44 13 24 31 42 43 8 14 2 11 3 18 38 46 
student 460: 34 18 9 1 7 26 44 5 6 43 11 16 31 27 22 29 40 17 28 25 35 21 30 36 42 48 3 50 20 2 14 38 12 37 49 46 47 19 24 33 39 32 8 13 10 15 4 23 41 45 
student 461: 35 20 11 5 3 22 44 4 9 39 10 13 32 26 25 23 33 19 30 24 29 15 31 34 45 49 1 48 28 2 16 37 12 36 50 47 43 17 27 38 41 42 7 14 6 18 8 21 40 46 
student 462: 27 19 4 3 8 24 41 2 15 40 9 14 33 30 20 25 37 11 29 23 38 21 34 35 45 44 7 50 28 1 12 36 16 32 46 47 48 10 26 31 39 42 13 22 6 17 5 18 43 49 
student 463: 31 20 1 3 8 18 40 6 10 45 9 15 36 26 28 25 32 24 29 21 35 23 30 43 34 48 4 50 19 2 17 49 13 33 42 46 44 11 22 39 37 47 7 16 5 14 12 27 38 41 
student 464: 38 18 9 6 19 22 45 5 2 37 7 12 23 25 17 26 42 21 30 29 32 15 35 34 43 49 4 46 28 13 10 36 24 33 50 47 48 11 31 27 39 41 3 16 8 20 1 14 40 44 
student 465: 36 18 7 5 10 25 42 4 9 35 11 16 31 33 27 20 30 22 28 23 34 19 29 38 46 49 3 48 26 2 12 41 13 39 44 47 37 14 24 32 45 43 1 15 8 17 6 21 40 50 
student 466: 40 19 2 4 8 23 49 5 9 31 11 10 24 29 26 30 41 17 34 22 36 28 35 32 42 46 6 47 25 1 15 37 14 33 48 44 50 13 18 27 38 39 12 20 7 16 3 21 43 45 
student 467: 38 21 1 8 10 20 46 5 12 40 11 15 32 27 26 28 37 18 29 23 34 17 33 30 48 44 4 47 24 2 13 36 16 35 49 45 50 14 25 31 39 42 6 9 7 19 3 22 41 43 
student 468: 39 15 1 4 6 19 37 7 8 44 14 13 34 33 27 28 43 22 26 23 36 16 31 32 47 46 5 49 20 2 17 42 11 30 48 50 45 12 25 29 35 41 9 21 10 18 3 24 38 40 
student 469: 38 22 5 6 9 26 41 2 4 39 11 17 29 25 24 28 43 21 31 23 34 18 32 33 44 49 1 50 30 3 13 40 14 20 47 46 45 12 27 35 48 37 10 16 8 15 7 19 36 42 
student 470: 36 23 3 7 6 25 41 5 10 39 11 17 29 22 21 27 40 18 28 35 38 19 30 34 44 50 2 46 26 1 15 31 14 32 47 49 45 12 16 33 37 42 9 20 8 13 4 24 43 48 
student 471: 35 23 5 6 10 24 41 7 8 45 9 19 31 26 16 18 40 17 28 25 34 21 30 36 44 50 2 48 27 1 13 38 15 37 47 49 43 20 29 32 39 42 11 14 4 22 3 12 33 46 
student 472: 34 20 7 5 13 27 46 8 12 43 14 19 29 35 21 26 36 17 25 22 28 10 40 33 44 49 3 50 23 6 4 37 18 32 47 41 48 2 30 31 38 42 16 15 9 11 1 24 39 45 
student 473: 35 20 1 6 10 25 44 7 17 39 5 13 28 27 18 29 38 23 30 19 33 16 34 36 47 50 3 49 26 2 11 40 14 32 46 45 43 12 22 31 37 42 9 15 8 21 4 24 41 48 
student 474: 33 27 2 3 5 22 46 8 11 45 10 12 32 35 23 24 39 25 29 18 31 17 28 30 41 48 1 50 34 4 9 37 15 26 47 49 42 13 20 36 40 43 6 19 14 16 7 21 38 44 
student 475: 33 17 1 4 7 24 43 5 8 44 12 15 30 27 21 20 38 22 29 25 34 18 31 35 46 41 3 49 26 2 11 37 23 36 47 50 45 13 28 32 42 39 9 14 6 16 10 19 40 48 
student 476: 37 16 4 5 7 27 43 13 9 41 10 11 35 25 19 33 30 28 26 23 42 17 29 36 38 48 2 44 24 1 6 40 14 32 49 50 34 12 22 31 39 47 15 18 8 20 3 21 45 46 
student 477: 34 17 3 5 7 25 44 4 11 40 8 23 29 26 14 30 38 21 28 22 32 19 33 37 43 49 2 50 27 1 13 39 12 31 42 48 47 16 24 45 35 41 9 18 10 15 6 20 36 46 
student 478: 36 16 1 5 9 24 45 10 11 39 4 15 26 27 21 28 38 20 29 23 32 22 33 35 40 48 3 47 25 2 12 41 14 34 50 46 44 13 30 31 37 42 8 18 6 17 7 19 43 49 
student 479: 38 19 2 5 14 15 47 6 3 41 11 13 34 31 24 27 40 21 32 23 33 18 35 30 49 48 4 46 25 1 17 37 16 29 45 50 44 10 26 28 36 39 9 20 7 12 8 22 42 43 
student 480: 35 19 7 3 10 18 42 5 9 40 11 16 26 24 25 28 41 22 30 23 37 21 34 33 39 48 1 50 27 2 12 36 20 32 49 47 46 14 29 31 45 43 6 15 8 13 4 17 38 44 
student 481: 35 20 3 2 10 26 42 5 9 39 12 17 27 33 25 29 31 22 30 19 37 11 36 28 48 47 1 50 24 7 13 38 16 41 43 49 45 15 14 34 32 44 8 21 6 18 4 23 46 40 
student 482: 30 19 1 6 14 26 47 4 15 40 11 12 22 27 25 23 33 29 28 24 42 21 34 36 38 44 3 50 16 2 10 43 17 31 48 49 41 7 35 32 37 46 9 13 8 20 5 18 45 39 
student 483: 36 23 8 3 10 18 47 4 13 41 11 24 28 31 20 26 39 19 34 25 30 16 32 35 43 50 2 48 21 1 6 38 15 33 49 46 44 14 27 29 37 42 7 17 5 22 9 12 40 45 
student 484: 25 19 4 5 8 29 43 9 10 41 11 13 33 26 20 30 39 22 27 34 38 17 28 35 44 47 3 50 23 1 12 37 15 32 49 40 46 14 24 31 36 48 7 18 6 16 2 21 42 45 
student 485: 35 21 3 8 11 24 45 6 12 39 10 14 32 29 25 26 40 19 34 22 37 17 28 33 44 46 4 50 23 1 7 38 13 31 47 49 48 18 27 30 36 42 5 15 9 16 2 20 41 43 
student 486: 38 28 6 7 8 20 45 5 10 42 11 15 27 33 23 24 36 18 25 22 32 21 35 30 37 46 3 47 29 2 14 34 16 44 49 50 40 1 26 31 39 43 12 17 4 19 9 13 41 48 
student 487: 34 18 7 2 8 23 43 1 14 41 5 12 32 26 20 30 37 15 24 25 36 22 29 35 44 50 3 47 27 4 9 40 11 31 49 46 48 17 28 33 42 39 13 21 10 19 6 16 38 45 
student 488: 40 20 1 4 12 26 41 11 9 45 5 8 37 30 23 21 34 24 31 27 38 18 29 33 46 48 3 50 35 2 13 32 17 25 44 49 47 14 22 28 43 42 10 16 7 15 6 19 36 39 
student 489: 33 21 2 4 9 19 47 6 12 41 13 14 25 24 29 22 42 18 30 28 40 8 27 37 43 48 1 46 31 3 11 35 16 36 50 49 45 15 26 32 34 39 7 17 10 20 5 23 38 44 
student 490: 35 20 3 6 9 21 47 5 10 39 8 17 32 29 28 26 37 15 30 22 33 16 27 38 48 49 2 43 25 4 11 31 14 34 50 46 44 13 24 36 41 42 1 23 12 18 7 19 40 45 
student 491: 37 27 4 2 6 21 45 5 8 43 11 13 36 32 26 25 38 19 24 23 34 17 29 31 35 46 3 50 33 1 16 39 15 30 49 47 42 12 22 28 41 48 10 14 9 18 7 20 40 44 
student 492: 35 23 2 5 9 24 44 7 10 41 11 14 30 34 16 31 38 26 25 21 33 18 28 36 43 49 1 48 27 3 13 29 15 37 50 47 45 12 22 32 39 40 6 17 4 20 8 19 42 46 
student 493: 34 13 8 2 9 24 42 6 11 36 5 18 28 29 22 27 39 16 30 23 35 17 26 38 44 50 4 46 25 1 19 37 12 32 48 47 49 10 31 33 41 43 15 21 3 14 7 20 40 45 
student 494: 35 23 2 4 10 20 46 5 6 36 12 15 24 28 18 26 41 16 29 22 31 19 32 27 43 49 3 45 37 1 8 38 11 34 50 48 44 13 25 33 39 42 14 30 7 17 9 21 40 47 
student 495: 36 19 5 2 9 24 45 4 12 40 10 6 31 29 20 28 37 23 26 21 32 18 34 41 38 44 11 47 27 1 16 35 13 33 49 50 42 14 25 30 39 43 8 17 7 15 3 22 46 48 
student 496: 28 14 5 7 4 19 43 8 11 39 9 12 29 32 21 27 38 22 33 24 34 13 26 40 42 50 1 48 30 3 17 36 16 31 49 47 44 6 25 37 35 41 15 20 10 18 2 23 46 45 
student 497: 34 18 5 2 13 29 49 7 11 41 3 14 31 27 24 21 45 22 26 23 33 16 35 36 44 50 1 43 30 6 12 39 17 28 47 42 48 15 25 32 38 40 9 10 8 19 4 20 37 46 
student 498: 33 19 4 5 7 21 43 9 12 39 15 17 30 29 22 28 42 24 26 23 35 16 31 36 40 44 3 50 27 2 11 37 6 34 48 49 47 8 20 32 46 38 13 18 10 14 1 25 41 45 
student 499: 35 21 7 11 9 22 44 1 12 34 10 23 37 24 18 30 38 14 31 25 33 16 41 28 46 48 3 50 27 2 15 29 20 32 49 47 45 8 26 36 43 40 4 17 6 13 5 19 39 42 
