student 0: 18 4 22 29 28 44 49 1 14 26 33 39 21 13 45 34 3 24 48 40 19 10 30 8 35 2 47 16 50 36 12 42 7 17 6 37 46 5 27 23 41 31 9 43 11 15 20 38 32 25 
student 1: 23 8 29 37 33 36 46 5 13 27 26 40 21 18 44 39 2 14 48 43 12 10 31 7 28 1 50 11 45 42 16 41 3 15 4 30 49 9 25 20 35 32 6 47 17 22 19 38 34 24 
student 2: 30 9 27 34 29 37 49 2 26 22 28 42 24 19 44 39 1 23 47 43 11 13 20 5 33 3 50 12 38 40 17 48 7 25 4 35 46 8 21 15 41 31 6 45 14 16 10 32 36 18 
student 3: 28 6 25 34 27 39 47 2 13 24 29 38 21 20 45 33 5 19 49 42 14 4 22 7 31 1 50 9 48 41 11 43 3 17 10 35 46 8 30 23 40 32 12 44 16 26 15 37 36 18 
student 4: 22 6 24 36 34 42 48 1 14 29 30 41 23 20 44 31 2 18 49 45 9 8 25 7 32 3 43 10 37 35 16 50 13 12 5 38 46 4 27 19 40 28 15 47 11 21 17 39 33 26 
student 5: 21 10 27 35 29 44 50 2 19 26 30 42 22 15 41 39 1 17 49 40 8 14 24 6 33 3 47 13 43 38 9 45 7 12 4 31 46 11 28 20 37 32 5 48 16 23 18 36 34 25 
student 6: 31 11 29 34 32 37 48 9 14 28 24 39 21 19 49 35 6 20 47 40 10 5 23 2 26 3 43 12 41 45 15 44 1 13 4 36 50 8 27 18 46 33 7 42 16 22 17 38 30 25 
student 7: 26 10 21 32 36 39 50 4 18 25 27 33 20 17 49 28 2 19 48 44 7 6 23 1 34 3 47 9 41 35 14 46 8 15 11 37 42 13 30 22 43 31 5 45 12 29 16 40 38 24 
student 8: 26 5 25 34 24 44 50 1 19 27 32 36 10 17 47 33 2 15 39 40 11 13 22 3 31 4 49 14 48 41 18 46 8 16 6 38 42 12 28 30 43 29 9 45 7 20 23 37 35 21 
student 9: 25 9 14 36 30 40 49 6 13 27 26 39 22 18 42 33 1 21 45 50 19 8 28 12 31 5 47 10 48 34 11 43 3 16 2 35 46 7 29 20 38 32 4 44 17 24 15 37 41 23 
student 10: 21 11 20 34 27 43 48 1 15 28 25 38 26 16 42 31 3 17 50 44 13 22 32 12 30 7 49 8 46 40 6 41 2 18 5 35 45 4 29 23 39 33 9 47 14 24 10 37 36 19 
student 11: 28 10 25 37 27 36 44 1 13 29 30 34 24 21 49 43 3 20 45 42 6 9 22 4 32 14 48 11 47 39 18 46 5 17 2 38 50 8 26 16 41 33 7 31 12 19 15 40 35 23 
student 12: 22 11 25 39 28 41 46 2 17 24 34 40 20 21 44 32 1 23 45 48 12 10 26 6 30 4 50 7 43 36 16 38 3 14 9 33 47 8 29 19 42 31 5 49 13 18 15 37 35 27 
student 13: 22 9 21 35 32 40 45 2 17 30 29 39 14 15 47 31 1 23 49 41 12 10 26 5 28 4 50 16 42 36 7 44 6 11 3 33 48 8 27 20 43 34 13 46 18 24 19 38 37 25 
student 14: 35 10 31 37 30 41 50 4 12 25 27 39 20 19 49 33 1 21 46 44 14 15 24 8 28 2 47 13 42 38 11 45 5 17 3 32 48 7 34 16 40 29 9 43 6 23 18 26 36 22 
student 15: 29 11 25 37 31 36 47 5 18 27 30 35 17 16 45 34 3 21 49 42 12 14 26 2 33 1 50 10 44 39 13 41 6 15 7 32 46 9 23 19 43 28 8 48 4 22 24 40 38 20 
student 16: 22 8 13 35 24 41 50 3 19 27 31 28 23 20 43 33 1 21 47 46 14 15 32 6 29 2 48 9 38 39 10 45 7 18 5 40 49 11 30 12 42 34 4 44 17 26 16 36 37 25 
student 17: 28 11 21 35 32 41 49 4 18 30 27 31 24 19 42 39 2 8 47 46 13 3 26 7 34 1 50 16 45 37 12 44 15 17 10 36 48 6 23 20 43 29 5 38 14 25 9 40 33 22 
student 18: 24 10 18 34 30 43 50 6 15 27 28 39 26 16 42 31 1 20 46 40 14 9 32 8 33 2 49 13 48 36 25 45 7 12 3 35 47 5 21 19 41 29 4 44 11 23 17 38 37 22 
student 19: 29 12 23 41 31 39 48 2 20 26 22 37 21 17 46 35 1 19 50 44 18 8 24 7 27 3 49 11 43 38 15 42 6 14 5 33 45 13 28 16 40 32 4 47 9 30 10 34 36 25 
student 20: 25 7 16 33 32 44 50 3 21 30 28 39 24 11 47 31 2 15 46 40 13 10 22 8 29 4 49 12 43 36 14 45 1 19 5 37 48 6 27 23 35 26 9 41 17 18 20 42 34 38 
student 21: 22 10 17 29 28 50 45 1 18 37 25 38 19 12 47 34 13 24 46 43 15 6 30 4 33 2 48 11 44 40 16 42 5 14 3 35 49 8 27 23 31 32 7 41 9 26 20 39 36 21 
student 22: 25 12 24 44 30 38 49 7 16 29 28 34 19 20 46 31 1 21 47 41 8 4 26 10 32 5 50 11 42 36 14 43 3 15 6 37 48 13 27 17 40 33 2 45 9 23 18 39 35 22 
student 23: 24 10 18 35 29 43 49 2 16 32 31 38 23 12 46 33 4 11 47 39 14 9 25 5 28 1 50 13 45 40 20 42 6 15 3 36 48 8 27 22 41 37 7 44 17 26 21 34 30 19 
student 24: 21 7 17 34 29 42 41 5 14 28 27 39 24 23 48 38 1 19 44 40 10 4 25 8 32 2 47 15 45 36 16 46 3 13 12 35 50 9 22 18 43 33 6 49 11 26 30 37 31 20 
student 25: 31 8 20 37 32 40 50 7 13 27 26 38 23 16 48 35 2 21 49 42 14 10 22 4 36 1 47 12 45 39 15 43 9 17 3 33 46 6 30 19 41 28 5 44 11 24 18 34 29 25 
student 26: 26 10 21 34 31 38 49 5 14 28 29 37 25 15 42 33 4 17 47 40 7 12 27 2 32 8 50 24 46 43 19 44 6 3 13 35 48 11 22 16 39 30 1 45 9 20 18 41 36 23 
student 27: 22 11 23 40 33 42 46 1 14 27 26 35 25 16 41 38 6 21 47 43 10 9 24 5 30 2 50 12 44 37 15 49 4 13 3 31 45 8 48 18 39 34 7 36 17 20 19 32 29 28 
student 28: 25 13 21 35 30 41 47 1 14 24 26 36 23 18 44 33 2 19 45 46 9 12 31 6 29 3 48 4 49 40 17 42 8 5 7 34 50 10 27 20 43 28 11 38 15 22 16 37 39 32 
student 29: 26 10 22 31 27 40 48 6 15 30 24 35 21 18 45 34 3 14 47 44 13 7 29 4 32 1 49 11 46 39 12 42 9 17 2 36 50 8 28 20 41 33 5 38 16 25 19 43 37 23 
student 30: 28 9 24 34 23 38 48 3 16 30 32 36 21 15 45 35 4 19 46 41 10 12 26 6 40 7 50 13 43 44 14 42 1 17 5 27 49 2 29 20 39 33 8 47 11 25 18 37 31 22 
student 31: 26 8 24 32 28 41 50 2 17 27 23 39 15 19 45 30 3 18 46 42 11 12 29 6 34 1 49 10 47 36 13 40 9 20 5 38 48 4 31 21 44 33 7 43 14 25 16 35 37 22 
student 32: 26 8 20 37 31 41 47 6 16 30 27 34 18 21 43 40 1 22 45 44 10 9 28 4 29 13 49 12 48 38 15 42 3 14 2 35 50 7 25 19 39 33 5 46 11 23 17 32 36 24 
student 33: 23 11 30 34 36 39 46 1 14 29 32 41 20 16 50 27 2 19 44 40 13 10 25 5 26 3 49 9 48 37 17 42 6 12 4 38 45 8 24 22 43 28 7 47 15 21 18 33 35 31 
student 34: 23 10 32 31 36 39 48 2 18 26 30 41 21 15 50 37 1 13 45 40 12 7 25 9 29 3 49 11 44 38 14 43 5 16 4 34 47 8 19 22 42 24 6 46 17 20 28 35 33 27 
student 35: 20 7 25 36 35 44 49 3 23 24 27 41 19 12 43 33 2 22 47 46 9 8 28 11 30 5 50 14 40 39 16 38 6 13 1 42 48 4 29 18 31 32 10 45 17 26 15 37 34 21 
student 36: 25 7 23 35 34 40 44 2 19 29 31 37 17 14 48 32 1 21 50 42 10 9 26 15 27 3 49 12 43 45 16 39 11 13 4 36 47 6 24 20 41 30 5 46 8 22 18 38 33 28 
student 37: 25 7 22 32 30 37 50 3 19 28 17 43 11 14 44 35 1 24 45 41 18 6 27 5 34 2 49 12 46 40 13 42 9 15 10 36 47 4 23 21 39 31 8 48 16 26 20 38 33 29 
student 38: 27 11 24 34 30 36 49 3 13 28 35 39 18 16 48 33 1 20 47 40 10 12 26 6 29 2 46 9 41 44 14 43 5 19 4 38 50 8 25 22 42 32 7 45 15 23 17 37 31 21 
student 39: 21 9 27 35 28 38 48 1 18 25 29 39 26 14 44 36 2 20 50 41 16 8 23 7 32 3 46 12 49 40 11 47 6 24 5 33 42 10 30 19 45 31 4 43 13 17 15 37 34 22 
student 40: 25 9 23 33 26 42 48 3 18 30 36 28 20 14 44 43 1 15 46 37 16 6 29 8 34 2 50 11 45 27 13 40 4 17 5 35 49 12 31 24 39 32 7 47 10 19 21 38 41 22 
student 41: 26 14 27 38 30 39 42 3 16 13 29 34 23 18 50 33 2 24 48 41 20 10 28 9 32 5 49 8 45 36 15 44 1 11 4 40 47 6 17 21 43 31 7 46 12 22 19 35 37 25 
student 42: 26 11 24 33 34 41 45 2 15 27 25 40 20 18 49 31 3 17 47 38 9 8 28 4 35 5 50 10 46 43 12 39 7 13 1 36 48 14 30 23 42 32 6 44 16 21 19 37 29 22 
student 43: 27 12 20 30 33 45 46 1 19 25 24 37 17 11 48 34 5 22 50 42 3 4 28 10 29 6 49 13 41 39 16 44 2 21 9 38 43 8 35 15 40 31 7 47 14 23 18 36 32 26 
student 44: 27 12 23 28 32 38 49 1 13 31 33 40 21 17 44 35 3 20 47 43 18 9 26 5 29 2 50 10 42 39 15 45 6 16 8 36 46 7 25 19 41 30 4 48 11 24 14 34 37 22 
student 45: 29 7 23 31 30 39 48 8 16 25 12 33 19 22 45 28 2 26 50 47 15 9 20 4 34 1 46 11 41 44 14 38 5 24 3 36 49 6 37 17 42 32 10 43 13 21 18 40 35 27 
student 46: 26 11 20 31 29 32 47 3 14 27 28 40 19 18 46 33 2 22 45 44 16 9 25 7 34 6 49 10 41 42 15 39 4 13 1 38 48 8 30 23 43 35 5 50 12 24 17 37 36 21 
student 47: 29 9 27 35 26 39 49 2 16 20 28 40 22 18 41 37 1 13 47 48 12 8 30 7 36 6 50 11 43 24 14 44 3 19 4 38 45 10 31 21 42 32 5 46 15 23 17 33 34 25 
student 48: 20 9 28 36 31 43 48 2 11 29 30 41 24 16 47 33 4 19 35 38 12 8 25 6 32 3 50 10 44 40 21 42 13 15 5 37 49 1 27 23 46 26 7 45 14 18 17 39 34 22 
student 49: 24 8 34 36 28 32 48 1 9 31 30 39 23 14 50 29 2 20 46 43 5 15 21 6 33 3 49 13 45 40 19 42 11 18 4 37 47 10 26 16 41 27 7 44 12 25 17 38 35 22 
student 50: 27 2 21 33 31 32 49 3 13 26 24 40 22 15 43 35 1 20 41 42 16 17 28 9 30 4 46 10 45 36 23 44 8 11 5 34 50 7 47 14 39 29 6 48 12 19 18 38 37 25 
student 51: 36 2 20 33 31 39 50 4 16 26 27 47 23 15 48 29 3 21 43 41 14 17 25 1 32 9 49 6 44 42 19 35 7 10 5 38 45 8 28 12 40 30 13 46 18 22 11 34 37 24 
student 52: 24 14 28 35 16 44 50 2 22 37 29 38 21 17 46 39 1 26 47 36 11 10 25 8 30 3 49 9 43 41 15 42 5 13 7 33 48 12 27 19 40 34 6 45 4 18 23 31 32 20 
student 53: 29 14 26 36 25 42 50 6 15 28 32 33 19 20 46 38 4 22 47 40 12 10 21 8 31 7 49 3 44 35 17 43 2 11 5 30 48 1 27 16 41 34 9 45 13 24 23 39 37 18 
student 54: 25 12 26 34 24 38 46 6 14 33 32 36 20 17 47 30 3 21 44 43 10 5 22 7 35 11 49 13 48 39 9 45 8 16 2 37 50 4 27 19 40 28 1 42 15 23 18 41 31 29 
student 55: 26 9 21 33 29 39 44 1 17 32 27 41 23 15 46 34 2 19 47 36 10 11 28 12 31 7 49 8 50 38 13 45 5 16 3 48 40 4 25 18 42 30 6 43 14 24 20 35 37 22 
student 56: 25 5 24 35 27 40 49 3 14 31 29 38 20 13 45 33 1 22 48 44 15 18 26 9 32 2 47 11 46 41 17 43 4 12 6 34 50 7 28 21 39 30 8 42 10 16 19 37 36 23 
student 57: 28 18 25 35 26 40 49 4 14 30 34 39 19 20 44 32 3 17 46 42 16 8 24 2 31 1 50 11 36 41 12 48 10 5 6 33 45 9 21 22 43 29 7 47 13 15 23 38 37 27 
student 58: 25 8 20 34 33 37 45 1 13 28 30 38 22 21 48 36 2 24 44 43 14 9 26 7 31 4 50 12 49 42 19 39 5 15 6 41 46 11 27 17 40 35 3 47 10 23 16 32 29 18 
student 59: 28 7 23 36 32 37 48 2 17 31 25 39 20 21 47 27 1 19 44 40 12 9 24 10 34 8 49 13 41 42 14 50 3 11 4 38 46 6 29 16 43 35 5 45 15 26 18 30 33 22 
student 60: 24 7 25 33 32 38 48 2 17 22 27 39 12 18 45 28 8 21 46 40 10 9 29 6 35 1 50 14 44 34 15 43 5 11 4 37 47 13 30 20 42 31 3 49 16 23 19 41 36 26 
student 61: 26 13 21 28 36 39 43 1 16 30 32 38 22 18 45 31 4 20 46 41 8 12 29 5 23 2 48 10 40 47 15 50 9 11 3 34 49 7 27 19 42 33 6 44 14 24 17 37 35 25 
student 62: 27 12 24 32 23 43 49 1 20 30 31 41 28 15 47 33 4 18 46 38 7 10 29 5 26 3 50 13 39 42 8 44 9 19 2 34 48 6 25 17 36 35 11 45 16 22 14 40 37 21 
student 63: 26 9 23 36 33 41 50 2 17 25 27 37 19 18 45 35 1 20 42 32 12 8 30 3 22 5 49 11 39 40 15 47 4 13 6 34 48 7 29 28 43 31 10 46 14 24 16 44 38 21 
student 64: 22 11 23 30 33 43 50 1 21 29 34 38 24 13 45 27 3 17 47 42 7 9 26 6 31 2 48 12 40 39 15 41 5 18 4 32 44 10 28 16 46 35 8 49 14 20 19 37 36 25 
student 65: 30 9 21 34 28 41 46 3 16 24 25 35 20 18 45 32 1 27 44 39 13 5 22 7 26 4 48 11 50 43 12 47 6 15 2 37 49 10 31 19 40 33 8 42 14 23 17 38 36 29 
student 66: 22 11 27 32 34 37 43 3 14 28 36 30 13 15 45 33 2 21 46 44 10 8 24 4 31 5 49 7 42 41 17 50 1 16 9 35 48 6 26 23 40 29 20 47 12 25 19 39 38 18 
student 67: 25 10 29 31 32 48 40 7 12 27 28 46 22 17 49 34 3 20 47 39 9 8 24 5 33 2 44 14 42 41 16 43 1 15 4 36 50 6 26 18 38 30 11 45 13 21 19 37 35 23 
student 68: 22 4 25 36 28 41 48 1 31 29 26 40 21 15 46 33 2 20 39 42 12 9 24 8 35 7 49 13 45 30 14 44 11 10 3 37 50 6 27 19 43 32 5 47 18 23 16 34 38 17 
student 69: 22 5 20 35 33 37 48 1 15 30 29 38 25 19 46 34 2 23 47 43 12 14 26 11 32 7 49 9 42 41 17 39 3 10 8 36 50 6 28 18 44 27 4 45 13 24 21 40 31 16 
student 70: 23 12 25 37 34 44 50 1 17 30 27 38 19 16 48 24 3 20 46 41 9 8 28 2 33 5 47 6 42 39 10 43 4 15 11 40 49 7 26 18 36 31 14 45 13 29 21 32 35 22 
student 71: 26 12 25 34 30 45 47 1 27 28 35 33 24 16 41 32 4 18 46 38 14 7 23 3 31 5 50 8 44 39 19 43 6 11 10 40 48 9 22 21 42 29 2 49 15 17 13 36 37 20 
student 72: 24 7 25 35 28 39 49 2 15 31 34 40 19 26 48 30 4 18 42 46 12 11 23 3 33 6 50 14 41 36 16 44 10 13 1 29 47 9 27 20 37 32 5 45 8 22 17 43 38 21 
student 73: 34 10 24 33 29 42 49 3 22 26 27 40 17 20 43 30 2 21 48 38 13 5 25 4 31 8 50 11 45 41 12 44 1 14 9 37 47 7 16 15 36 35 6 46 18 28 19 39 32 23 
student 74: 32 12 29 33 31 40 48 1 15 27 30 35 24 18 43 28 3 19 47 42 14 8 25 5 34 4 49 13 46 41 11 44 6 10 2 38 45 7 21 16 36 37 9 50 17 22 23 39 26 20 
student 75: 27 8 20 31 37 43 45 4 22 34 26 38 21 17 49 28 2 18 42 41 10 9 33 1 29 5 46 13 47 36 16 44 11 14 6 32 50 7 25 19 40 30 3 48 12 23 15 35 39 24 
student 76: 26 17 23 29 32 39 48 3 16 31 27 40 10 20 45 35 1 22 44 38 12 7 30 2 34 4 50 15 43 41 13 47 9 14 8 33 49 5 25 18 42 28 11 46 6 24 19 36 37 21 
student 77: 32 17 28 34 33 45 48 2 20 26 27 36 18 14 31 35 3 19 50 44 7 11 24 1 30 4 49 13 47 38 9 41 8 23 10 40 46 6 25 16 42 29 5 43 12 21 15 37 39 22 
student 78: 27 17 20 33 28 40 47 9 11 26 31 38 23 15 50 32 3 18 44 39 10 16 25 4 34 2 48 8 43 42 14 45 1 19 7 36 49 5 29 22 41 30 6 46 12 21 13 37 35 24 
student 79: 25 10 22 35 30 44 49 4 15 24 34 39 21 9 45 32 3 19 46 41 16 12 28 1 29 8 50 11 42 40 13 38 7 14 5 37 47 6 27 17 43 31 2 48 20 23 18 33 36 26 
student 80: 27 11 24 35 28 47 48 1 16 32 29 34 21 19 44 31 2 20 45 43 18 5 25 8 30 7 46 12 49 39 14 40 3 10 4 38 50 9 26 17 36 33 6 42 13 23 15 41 37 22 
student 81: 25 12 27 36 40 41 49 6 18 28 29 32 23 16 46 33 7 19 47 31 11 8 24 4 35 3 50 5 44 38 17 43 2 15 10 34 48 9 26 13 42 30 1 45 14 22 20 37 39 21 
student 82: 26 10 24 34 32 42 49 4 18 33 22 39 19 21 47 29 1 11 43 41 17 6 27 5 31 3 48 7 50 40 14 44 8 16 2 35 45 9 30 20 38 25 13 46 12 28 23 36 37 15 
student 83: 30 14 26 31 27 34 45 1 15 29 37 40 24 16 43 38 6 20 46 44 2 8 21 7 32 3 47 19 48 41 18 42 5 11 4 33 50 10 25 12 39 28 9 49 13 22 17 36 35 23 
student 84: 23 13 21 35 36 42 48 2 20 30 33 40 24 15 49 28 3 25 46 39 16 10 17 5 31 1 50 12 44 38 11 43 4 22 7 37 45 9 26 14 41 29 6 47 8 27 18 32 34 19 
student 85: 29 17 24 35 27 39 40 2 16 26 31 34 20 15 45 33 1 23 47 41 12 9 22 6 32 3 50 10 42 38 11 43 4 13 7 37 46 5 25 18 48 30 8 49 14 21 19 44 36 28 
student 86: 24 13 23 35 29 39 47 1 17 30 31 38 21 18 45 34 4 20 43 42 12 11 25 5 28 14 50 9 46 40 7 44 2 15 8 37 48 3 26 19 41 32 10 49 6 22 16 36 33 27 
student 87: 25 12 30 36 26 37 45 4 18 31 23 42 20 15 44 35 7 16 47 40 14 3 29 8 28 1 46 13 43 32 17 39 2 11 5 41 50 10 34 22 38 27 6 48 9 24 19 49 33 21 
student 88: 24 6 23 35 32 44 49 1 15 30 31 41 18 19 38 34 5 25 46 42 12 4 26 3 28 2 48 17 40 37 16 43 8 14 9 45 50 7 29 10 39 27 11 47 13 21 20 33 36 22 
student 89: 26 10 21 34 32 35 39 3 15 30 27 40 25 19 47 31 2 20 50 45 17 7 22 8 33 1 49 11 43 42 14 44 5 13 4 38 48 9 28 16 41 29 6 46 12 23 18 37 36 24 
student 90: 20 11 27 32 36 38 42 5 15 30 28 35 22 19 45 31 2 18 41 39 7 10 25 9 29 6 50 12 48 47 16 46 3 14 4 40 49 8 23 21 37 33 1 44 13 24 17 43 34 26 
student 91: 30 12 33 29 27 39 50 4 15 24 25 36 20 17 48 32 1 22 44 40 13 10 23 5 28 3 49 8 43 41 11 45 6 19 2 37 46 7 31 16 42 34 9 47 18 26 14 35 38 21 
student 92: 23 6 22 32 33 40 47 3 20 29 27 38 25 16 50 37 2 19 45 41 14 12 24 5 30 1 48 9 35 39 17 46 4 13 7 43 49 8 26 15 42 36 10 44 11 18 21 31 34 28 
student 93: 24 9 19 33 31 41 49 1 21 28 26 39 23 15 47 27 3 20 42 40 18 8 32 6 29 2 50 11 45 36 13 43 10 12 4 38 48 5 30 17 44 37 7 46 14 25 16 35 34 22 
student 94: 29 11 22 27 21 42 47 1 10 25 30 38 28 17 45 39 2 23 49 43 9 7 31 8 32 3 48 16 46 34 20 35 4 15 6 36 50 5 37 18 41 24 13 44 14 12 19 33 40 26 
student 95: 21 12 24 33 29 44 49 10 14 27 28 32 20 18 45 35 1 19 46 40 11 13 26 9 36 2 50 8 43 42 16 41 7 4 3 38 47 5 31 22 39 25 6 48 15 30 17 37 34 23 
student 96: 27 8 28 34 25 37 47 3 17 33 30 35 21 13 48 31 2 19 49 43 12 11 26 6 29 5 44 9 46 40 14 45 1 20 7 41 50 10 24 18 39 32 4 42 15 22 16 36 38 23 
student 97: 29 15 24 30 33 43 49 2 16 26 32 41 21 17 46 37 1 20 48 38 9 10 23 7 27 6 50 8 45 35 13 40 3 14 4 31 47 11 34 28 44 25 5 42 12 19 18 36 39 22 
student 98: 24 10 20 34 44 40 49 6 25 30 31 38 18 15 50 28 1 19 43 35 8 12 27 3 32 2 48 17 42 39 16 45 4 13 5 37 46 7 23 26 41 29 9 47 14 22 11 36 33 21 
student 99: 27 14 28 35 31 47 49 2 11 25 29 42 12 20 46 33 1 21 50 41 15 10 24 7 32 4 45 9 44 38 13 39 6 17 3 34 48 8 30 18 40 23 5 43 16 22 19 37 36 26 
student 100: 26 11 21 41 32 39 45 2 12 28 27 37 18 24 46 33 3 19 40 42 15 13 25 7 34 1 50 10 47 44 16 43 6 14 4 36 48 9 30 22 38 29 8 49 5 20 17 35 31 23 
student 101: 29 8 23 34 27 46 50 1 20 30 19 36 17 21 42 31 6 26 44 43 9 10 25 11 33 3 49 13 48 39 22 40 5 12 4 38 47 7 28 16 41 32 2 45 14 24 15 35 37 18 
student 102: 18 9 23 40 25 39 49 5 15 30 33 42 21 16 47 34 4 22 43 45 11 10 32 3 26 1 50 14 35 37 17 41 6 12 2 36 48 8 28 19 44 31 7 46 13 24 20 38 29 27 
student 103: 20 9 25 34 31 41 46 3 19 30 27 35 26 13 45 33 2 21 47 40 6 12 22 5 32 4 48 23 43 38 18 42 8 14 1 39 50 11 29 16 49 37 7 44 10 17 15 28 36 24 
student 104: 24 9 20 33 22 42 49 4 16 25 32 34 26 18 45 30 3 17 47 37 6 13 27 12 35 1 50 14 43 41 11 44 7 15 2 39 48 8 29 19 40 31 5 46 10 21 23 36 38 28 
student 105: 27 8 21 36 28 39 48 2 15 29 26 40 19 20 46 34 1 24 47 38 10 9 25 5 31 3 49 14 44 43 11 41 4 16 12 33 50 7 30 22 42 32 6 45 13 18 17 37 35 23 
student 106: 22 11 21 31 26 39 48 1 27 29 32 44 28 16 46 36 3 18 45 42 9 10 25 7 30 5 50 12 37 34 15 43 6 13 2 41 49 8 23 19 47 33 4 40 14 24 17 38 35 20 
student 107: 26 10 28 39 29 42 47 6 15 27 31 40 22 19 44 36 4 18 49 46 14 3 25 2 37 11 50 12 34 41 13 43 8 9 1 38 45 7 33 20 35 30 5 48 16 21 17 32 24 23 
student 108: 20 10 23 36 25 37 48 3 13 28 27 43 24 17 50 33 7 18 46 45 14 5 26 1 31 4 49 12 44 38 16 41 9 11 6 35 47 8 32 22 40 29 2 42 15 30 21 39 34 19 
student 109: 26 8 19 37 29 38 50 5 18 31 32 36 25 14 47 30 1 20 48 41 15 10 16 6 23 2 49 11 46 42 13 43 4 12 3 40 45 17 28 24 44 33 7 39 9 27 21 35 34 22 
student 110: 24 8 27 44 30 35 47 2 16 29 22 36 21 15 43 39 6 19 48 42 12 11 25 9 33 3 49 14 45 37 17 50 5 13 7 34 46 1 32 18 41 28 10 40 4 20 23 38 31 26 
student 111: 25 6 26 30 29 49 48 4 16 33 31 40 24 19 46 32 1 18 44 41 12 10 35 3 28 5 50 15 43 45 13 42 7 14 2 36 47 9 27 17 39 22 8 38 11 21 20 34 37 23 
student 112: 26 8 28 32 24 36 50 1 16 30 37 35 25 11 47 33 2 21 49 41 10 9 22 4 29 5 48 14 45 40 18 46 12 13 3 39 42 15 27 17 44 31 7 43 6 23 19 34 38 20 
student 113: 27 9 25 35 28 43 48 3 13 29 30 34 22 17 42 32 1 21 47 44 12 11 24 5 38 6 50 19 41 39 15 40 4 8 2 36 46 10 26 18 49 31 7 45 16 20 14 33 37 23 
student 114: 27 5 21 38 24 39 50 3 7 29 33 36 19 15 47 32 1 23 46 42 12 14 30 6 34 8 48 11 41 40 10 44 9 17 13 37 49 4 26 18 43 28 2 45 16 22 20 31 35 25 
student 115: 24 12 22 28 33 40 50 1 15 27 31 36 25 19 48 37 3 20 47 42 11 9 34 7 32 4 49 8 46 38 14 43 6 10 2 39 45 13 26 16 44 29 5 41 17 21 18 35 30 23 
student 116: 29 13 24 33 25 36 50 5 20 28 30 40 19 16 45 34 1 21 48 42 14 7 23 6 31 2 49 4 44 38 15 43 3 10 8 37 47 11 26 18 41 32 9 46 12 22 17 35 39 27 
student 117: 23 13 25 35 27 41 45 1 14 26 33 38 18 12 47 31 6 17 50 43 11 4 24 16 32 7 49 8 44 40 15 42 2 21 9 34 48 3 29 19 39 30 5 46 10 22 20 36 37 28 
student 118: 27 18 21 32 30 44 45 3 6 33 28 34 16 15 49 29 5 17 43 41 9 11 25 1 31 2 46 19 40 37 8 47 4 10 13 35 50 14 24 26 42 38 7 48 12 22 20 39 36 23 
student 119: 28 11 17 36 27 37 49 4 19 25 30 46 21 18 47 32 3 22 45 38 12 10 29 6 31 1 50 8 44 42 15 39 2 14 5 40 48 9 24 20 35 33 7 43 13 23 26 41 34 16 
student 120: 24 13 25 33 31 41 49 7 21 32 28 36 19 17 50 38 1 12 45 40 11 6 23 10 26 5 48 8 46 44 16 43 2 15 4 34 42 3 27 22 39 29 9 47 14 18 30 37 35 20 
student 121: 30 9 23 29 31 42 50 1 16 32 27 35 18 19 40 41 2 20 47 37 14 12 25 6 33 3 49 13 46 39 10 45 7 15 5 34 44 11 24 21 43 26 4 48 8 22 17 36 38 28 
student 122: 23 12 27 38 25 39 47 5 15 30 32 37 21 16 43 34 1 20 46 44 4 9 26 6 29 10 50 13 49 35 17 41 3 11 2 31 48 7 28 18 42 33 8 45 14 22 19 36 40 24 
student 123: 22 9 26 34 31 40 49 4 15 23 33 41 21 10 48 30 2 20 43 36 14 7 24 3 32 13 50 5 45 39 19 44 1 12 8 38 47 11 27 18 42 28 6 46 16 25 17 35 37 29 
student 124: 31 11 19 35 32 36 48 1 9 33 24 37 23 21 45 30 3 20 47 42 15 7 29 5 38 4 50 10 43 26 14 44 6 12 2 40 49 8 28 18 41 25 13 46 17 22 27 39 34 16 
student 125: 25 10 26 41 28 40 50 4 18 30 27 38 21 13 46 36 1 19 48 39 11 12 32 9 31 6 49 3 47 35 17 44 2 15 5 33 42 7 24 16 43 29 8 45 14 22 20 37 34 23 
student 126: 31 6 24 29 28 40 47 5 19 27 33 35 21 16 43 38 1 13 48 46 11 15 25 7 32 2 49 8 42 34 17 41 3 18 9 44 50 14 30 12 36 26 4 45 10 20 22 37 39 23 
student 127: 26 10 19 36 29 41 49 3 18 28 32 37 25 16 44 33 2 21 47 40 14 12 20 5 31 1 48 13 45 39 15 46 4 7 9 38 50 6 27 24 43 30 8 42 11 22 17 35 34 23 
student 128: 23 14 27 33 30 39 50 1 18 37 25 36 20 12 45 29 2 16 47 44 15 11 26 6 31 4 48 9 41 40 17 46 5 13 3 35 49 8 28 19 42 32 7 43 10 21 22 38 34 24 
student 129: 24 6 29 33 28 40 50 2 15 27 26 39 22 16 44 31 5 23 48 41 9 11 25 10 30 4 49 8 47 38 18 45 3 13 1 37 46 7 34 20 43 32 12 42 14 21 17 35 36 19 
student 130: 29 8 21 36 28 46 50 10 23 25 26 34 20 11 44 32 2 16 38 47 19 9 33 7 30 3 49 12 45 40 15 42 6 13 4 39 48 1 27 24 41 35 5 43 14 22 17 31 37 18 
student 131: 22 11 26 34 27 40 50 1 21 29 28 38 14 15 46 37 2 20 47 43 10 17 31 5 30 3 48 7 42 39 12 45 9 8 4 35 49 13 23 19 41 33 6 44 16 24 18 36 32 25 
student 132: 16 8 26 34 30 46 45 4 15 27 31 39 24 17 48 36 9 19 47 41 11 10 28 6 33 3 50 13 43 32 20 44 2 12 1 37 49 5 25 23 40 29 7 42 14 22 18 35 38 21 
student 133: 21 14 25 33 29 41 49 4 16 27 28 45 23 17 48 30 2 22 47 38 12 8 31 1 32 5 50 7 42 39 15 40 6 19 3 36 44 11 26 18 37 35 9 46 10 24 13 43 34 20 
student 134: 27 9 24 37 31 38 48 1 23 25 29 32 18 12 41 33 6 21 47 46 14 13 20 5 36 2 49 11 44 43 15 39 3 4 7 35 50 10 30 19 45 28 8 42 16 22 17 34 40 26 
student 135: 28 10 22 37 27 40 50 1 15 29 30 33 20 16 42 31 2 19 47 41 14 7 24 8 32 5 48 13 45 36 17 43 6 12 3 38 46 4 25 18 44 35 9 49 11 23 21 39 34 26 
student 136: 26 9 24 34 29 46 49 3 19 33 27 41 20 8 48 35 1 22 44 38 13 12 25 7 30 5 50 14 42 36 21 39 2 15 6 37 47 10 28 18 43 31 4 45 11 23 16 40 32 17 
student 137: 27 8 34 28 30 41 48 3 15 26 31 35 20 16 45 38 1 21 49 43 17 11 22 13 32 5 47 9 44 37 12 46 6 14 2 39 50 7 23 18 40 29 4 42 10 25 19 33 36 24 
student 138: 24 5 30 34 27 42 50 1 16 28 31 41 20 15 45 32 3 19 49 39 10 12 23 2 29 8 47 13 43 35 26 44 7 17 4 36 46 6 25 14 40 33 11 48 9 22 21 38 37 18 
student 139: 29 13 22 32 28 40 47 2 12 33 27 37 17 19 48 30 3 18 41 45 11 9 23 1 35 6 49 10 43 39 24 42 8 15 7 36 50 5 26 20 46 31 4 44 14 21 16 38 34 25 
student 140: 24 11 26 29 42 40 49 3 18 27 32 38 19 14 48 31 2 23 46 44 5 13 25 7 28 1 50 10 43 35 16 41 4 12 6 34 47 9 30 20 39 37 8 45 15 21 17 36 33 22 
student 141: 21 8 25 37 30 38 50 3 17 28 31 36 19 18 46 34 1 23 47 45 6 9 26 10 29 5 42 14 48 44 13 39 4 12 2 41 40 7 27 20 43 33 11 49 16 22 15 35 32 24 
student 142: 28 8 25 33 31 45 47 4 10 26 29 27 20 17 46 36 3 23 50 44 12 13 34 9 32 6 49 11 40 37 16 39 5 15 1 41 48 2 30 19 42 24 7 43 14 21 18 38 35 22 
student 143: 27 8 25 37 29 38 49 3 18 28 30 41 22 16 34 36 1 21 50 44 17 15 24 4 33 5 47 10 48 45 12 32 6 11 2 40 46 7 26 13 43 31 9 42 14 19 20 35 39 23 
student 144: 24 11 23 30 27 44 50 6 5 31 25 41 21 12 46 35 2 17 45 39 14 8 28 4 32 3 40 10 42 33 19 49 1 15 7 36 48 9 29 18 47 34 13 43 16 26 20 37 38 22 
student 145: 23 15 27 32 21 41 49 3 18 33 36 37 20 14 47 29 5 19 43 44 17 11 28 10 31 2 48 12 40 39 6 46 7 13 4 42 45 9 26 22 38 30 1 50 8 24 16 35 34 25 
student 146: 23 10 24 41 31 44 49 3 15 34 29 39 20 18 46 33 2 21 47 38 13 7 28 8 36 9 50 12 40 35 17 43 5 11 6 32 48 1 25 19 45 27 14 42 4 22 16 37 30 26 
student 147: 26 12 20 35 34 32 46 4 25 28 33 39 18 22 48 30 2 15 45 44 10 6 24 11 29 3 50 8 43 41 17 42 5 9 1 37 49 14 31 19 40 27 13 47 7 21 16 38 36 23 
student 148: 28 13 27 34 29 40 50 2 14 32 25 37 24 15 43 33 3 19 49 45 22 5 21 1 38 8 46 18 47 36 12 44 4 11 6 39 48 7 23 16 41 30 10 42 9 20 17 35 31 26 
student 149: 23 13 25 33 32 40 47 2 20 27 24 38 17 18 44 34 11 21 46 39 6 9 28 7 30 1 50 15 48 43 14 42 4 12 3 36 49 8 31 19 45 29 5 41 10 26 16 37 35 22 
student 150: 31 10 26 35 32 45 48 1 24 23 28 34 16 15 46 38 5 18 47 40 11 3 25 6 29 2 49 13 42 41 21 43 8 14 4 36 50 9 22 20 39 33 7 44 12 27 17 37 30 19 
student 151: 28 9 26 30 29 48 50 6 23 34 31 37 20 19 45 27 8 17 46 39 13 7 25 10 33 3 40 11 44 47 12 42 2 15 4 36 49 5 24 14 41 35 1 43 18 21 16 38 32 22 
student 152: 24 1 29 27 34 37 49 6 20 28 33 44 17 15 47 23 3 22 48 42 10 14 26 16 31 2 50 9 40 46 11 39 5 8 4 36 45 12 25 21 38 30 7 43 13 41 19 35 32 18 
student 153: 22 9 16 41 27 39 49 5 21 31 30 34 23 17 44 32 1 25 46 48 15 8 28 6 29 2 43 11 47 38 14 45 3 13 10 33 50 4 24 18 42 35 7 40 12 26 20 37 36 19 
student 154: 24 11 25 36 28 42 49 1 14 26 32 37 18 23 46 30 3 20 44 43 6 5 29 4 38 8 45 15 40 41 12 39 10 16 7 35 47 2 27 17 50 31 9 48 13 21 19 33 34 22 
student 155: 25 9 27 34 33 37 45 1 16 29 30 42 21 15 47 32 3 23 46 35 12 13 22 5 49 2 50 10 38 24 11 40 6 19 4 31 44 7 26 17 41 39 8 43 14 18 20 36 48 28 
student 156: 22 10 26 32 27 41 48 5 17 35 29 47 18 16 45 28 2 25 44 34 12 1 33 6 31 4 49 14 42 43 21 38 8 13 3 40 50 9 15 19 39 20 7 46 11 30 24 36 37 23 
student 157: 26 7 22 29 23 40 45 2 12 27 30 42 19 24 46 25 1 18 49 47 14 16 34 6 31 8 50 10 44 43 20 39 5 15 4 37 38 9 32 13 41 33 3 48 11 21 17 36 35 28 
student 158: 23 10 29 34 24 41 50 2 16 28 30 37 18 19 44 38 3 13 46 42 14 7 25 8 32 6 49 11 45 36 15 43 1 12 4 35 47 5 26 21 40 31 17 48 9 22 20 33 39 27 
student 159: 27 14 24 38 28 36 49 1 18 26 32 40 21 16 47 31 6 20 48 43 10 13 25 2 30 9 50 8 46 35 17 44 3 15 4 34 45 7 22 19 42 41 12 39 11 23 5 37 33 29 
student 160: 26 11 23 37 28 44 47 3 12 32 21 34 35 19 43 29 1 24 49 42 13 7 20 8 33 4 50 9 39 36 15 41 6 16 5 38 48 10 27 17 45 31 2 46 14 18 22 40 30 25 
student 161: 32 7 24 33 25 39 50 5 15 28 26 37 20 14 48 36 2 29 41 49 12 10 21 6 31 1 45 13 43 40 17 42 4 18 3 46 47 9 27 19 38 30 8 44 11 22 16 34 35 23 
student 162: 23 12 26 33 29 39 48 3 17 27 30 37 18 11 42 31 5 20 44 40 15 6 32 7 34 1 45 14 50 43 13 49 4 16 2 36 46 9 21 22 47 28 8 41 10 24 19 38 35 25 
student 163: 28 10 24 35 33 39 47 3 9 41 27 32 18 19 48 34 4 22 50 42 13 6 25 1 30 11 40 8 44 43 16 45 7 15 5 37 49 12 29 20 38 26 2 46 14 21 17 36 31 23 
student 164: 25 8 22 36 29 37 45 6 15 26 32 41 23 10 48 33 1 21 47 46 18 11 30 9 31 4 50 3 40 42 17 49 7 20 5 35 44 13 27 16 38 28 2 43 14 19 12 39 34 24 
student 165: 32 14 20 35 26 45 49 3 11 30 24 38 28 21 46 27 4 22 44 41 13 10 31 5 29 1 50 8 47 39 12 42 15 19 2 36 43 6 23 16 40 33 7 48 9 17 18 37 34 25 
student 166: 24 14 23 30 29 35 50 2 15 26 33 38 22 18 44 31 1 21 48 41 11 7 27 5 34 4 49 3 46 43 16 47 12 20 8 37 45 10 40 17 42 28 6 39 9 25 13 36 32 19 
student 167: 26 4 24 31 32 34 49 3 16 27 29 39 20 18 46 33 10 19 45 44 8 9 28 5 30 2 48 12 47 41 15 40 6 17 1 36 50 7 25 11 42 35 13 38 14 22 21 37 43 23 
student 168: 24 12 21 39 34 38 48 3 15 25 32 41 27 17 49 33 1 22 47 43 11 13 23 6 35 5 50 9 40 42 16 37 2 14 7 31 46 8 26 18 44 29 4 45 10 20 19 36 30 28 
student 169: 23 9 26 36 39 40 48 2 16 28 30 35 24 17 46 31 1 19 49 41 14 10 25 7 33 13 50 8 44 38 15 43 3 21 4 34 47 5 27 12 42 29 6 45 11 20 18 37 32 22 
student 170: 28 12 26 36 29 42 50 4 17 27 31 35 20 13 47 37 3 19 48 41 8 9 24 10 32 7 45 6 44 38 14 43 5 18 1 34 49 11 25 21 40 33 2 46 15 22 16 39 30 23 
student 171: 25 7 26 37 36 39 49 3 15 29 23 35 19 17 47 33 1 28 45 44 11 14 21 2 30 6 48 10 40 42 16 43 9 12 4 34 50 8 27 22 38 31 5 46 18 20 13 41 32 24 
student 172: 26 9 23 31 28 41 45 1 16 34 27 39 17 20 47 33 5 18 49 40 14 11 25 6 36 3 50 10 43 37 13 42 4 12 2 35 48 8 30 21 46 29 7 44 15 22 19 38 32 24 
student 173: 25 12 21 45 30 41 40 2 18 26 29 36 19 16 46 31 3 23 47 39 15 9 28 7 33 1 50 5 49 37 14 42 11 8 6 35 48 10 27 20 43 32 4 44 13 22 17 38 34 24 
student 174: 27 6 23 32 34 40 48 1 12 20 31 44 19 17 41 33 3 22 49 42 11 14 25 8 38 4 50 10 43 36 15 46 7 16 9 35 45 2 30 18 37 28 5 47 13 24 21 39 26 29 
student 175: 24 14 29 30 40 41 50 2 20 23 27 32 19 17 44 33 3 21 48 42 6 12 36 8 31 1 49 13 45 37 16 47 4 9 7 35 46 10 22 26 43 28 5 38 15 11 18 39 34 25 
student 176: 26 8 28 32 30 39 50 4 14 29 27 44 21 19 47 31 1 16 42 45 11 13 23 10 34 5 46 9 43 33 15 37 6 17 2 36 49 7 24 18 40 38 3 48 12 22 20 41 35 25 
student 177: 28 7 23 40 31 38 49 4 18 26 32 37 24 16 48 27 2 21 42 43 11 8 25 5 39 3 50 12 47 33 10 41 13 15 1 44 45 9 29 17 30 34 6 46 14 22 20 36 35 19 
student 178: 19 13 27 32 37 39 49 4 11 25 31 38 23 16 45 29 1 22 47 42 18 9 28 2 35 5 50 10 41 40 17 44 6 12 3 36 48 8 24 14 43 30 7 46 15 26 20 33 34 21 
student 179: 25 12 23 39 31 37 50 4 17 30 28 38 26 13 42 27 2 20 48 45 10 6 19 7 33 5 49 11 44 36 15 43 1 14 8 34 46 9 24 22 41 35 3 47 16 29 18 32 40 21 
student 180: 26 10 25 32 29 42 50 3 20 34 24 39 27 18 48 28 2 21 49 45 12 9 22 7 33 6 46 11 47 37 17 41 5 16 1 38 44 8 30 14 40 31 4 43 13 19 15 36 35 23 
student 181: 27 8 26 35 30 24 44 2 19 23 32 38 21 11 45 33 1 22 49 47 12 6 28 7 31 5 50 13 42 39 18 43 4 16 3 40 48 9 29 17 41 34 10 46 14 15 20 36 37 25 
student 182: 28 5 23 34 25 40 46 3 17 22 29 36 20 18 49 32 1 16 41 43 9 15 26 8 31 2 48 6 44 38 13 45 7 11 4 37 47 12 27 24 42 39 10 50 19 21 14 35 30 33 
student 183: 26 9 24 35 32 36 45 12 19 31 27 42 21 14 46 33 2 16 48 38 7 18 25 8 30 3 50 15 41 43 20 44 1 10 5 37 49 6 28 13 39 29 4 47 11 23 17 40 34 22 
student 184: 28 10 24 38 26 41 48 4 15 30 27 39 19 16 49 34 3 20 46 44 12 8 29 2 33 1 50 9 45 37 11 42 6 18 5 35 47 13 25 23 43 31 7 40 14 21 17 36 32 22 
student 185: 26 13 23 32 31 44 45 1 19 17 25 34 20 11 48 33 3 18 37 42 14 10 29 2 35 8 50 7 47 36 16 40 6 15 5 41 49 4 28 21 43 30 9 46 12 24 22 39 38 27 
student 186: 24 7 23 33 26 42 48 3 18 31 32 39 20 14 50 34 5 22 45 40 12 13 25 10 30 2 49 11 43 41 16 36 4 9 1 38 47 8 27 17 44 28 6 46 15 29 19 37 35 21 
student 187: 26 11 28 31 33 37 50 2 16 29 30 44 23 14 41 32 1 21 42 43 10 7 25 4 34 5 49 13 45 38 12 46 3 15 8 35 48 9 24 17 39 22 6 47 27 18 19 40 36 20 
student 188: 23 13 22 34 33 39 49 2 21 29 30 38 19 18 47 32 7 17 43 40 14 4 28 6 26 1 45 9 44 41 10 42 5 15 3 36 50 12 27 20 46 31 8 48 11 24 16 37 35 25 
student 189: 23 14 22 43 31 37 49 5 17 29 30 40 27 19 44 32 2 20 48 41 3 12 25 10 28 1 46 13 45 35 6 42 7 18 9 36 50 11 26 16 39 34 4 47 8 24 15 38 33 21 
student 190: 28 11 22 30 27 39 47 4 31 25 26 29 17 14 48 33 1 18 45 41 20 5 32 6 38 3 50 7 46 40 15 43 2 16 10 34 49 9 24 13 36 44 8 42 12 19 21 37 35 23 
student 191: 21 11 22 29 32 40 50 1 2 26 31 36 17 19 47 42 3 23 46 44 5 10 28 7 35 8 48 12 41 39 18 43 6 16 4 34 49 9 25 20 38 30 14 45 13 27 15 37 33 24 
student 192: 22 12 24 34 39 38 50 1 19 25 32 40 20 18 46 30 3 27 47 45 16 9 28 2 33 4 49 14 42 43 11 41 6 13 7 35 48 5 23 17 37 29 8 44 10 21 15 36 26 31 
student 193: 21 8 14 31 27 50 49 1 15 34 41 36 22 19 46 33 5 23 45 44 12 10 30 7 35 2 48 11 42 38 16 43 9 13 3 32 47 6 25 20 40 29 4 39 18 26 17 28 37 24 
student 194: 19 8 27 33 31 38 50 13 15 26 29 34 22 16 48 36 1 21 49 40 9 7 23 5 30 2 46 12 47 37 18 45 3 14 6 39 42 10 28 24 44 32 4 43 11 25 20 41 35 17 
student 195: 17 14 26 33 30 34 48 1 20 28 39 42 19 16 47 25 4 21 49 44 7 12 29 5 32 2 50 13 43 40 11 45 3 15 8 38 46 6 27 18 35 31 9 41 10 23 22 36 37 24 
student 196: 23 12 25 35 32 37 48 1 18 27 30 36 22 15 42 28 2 20 46 47 6 9 29 5 33 3 50 11 41 43 14 45 4 16 7 40 44 8 26 24 38 31 10 49 13 21 19 39 34 17 
student 197: 25 12 26 33 32 39 45 2 16 29 30 37 22 19 47 28 1 14 48 42 11 9 27 6 34 3 49 13 44 40 8 43 5 17 4 38 50 7 23 18 41 31 10 46 15 20 21 36 35 24 
student 198: 29 10 21 27 30 42 50 7 19 33 23 38 28 16 48 39 5 20 49 44 12 11 25 2 35 1 45 14 47 36 13 37 6 4 8 32 43 9 26 17 46 31 3 41 15 22 18 40 34 24 
student 199: 20 14 29 31 28 42 49 4 16 32 33 35 22 17 46 37 3 15 45 36 13 6 25 11 34 7 50 9 41 38 18 48 1 12 2 40 47 5 23 19 44 26 8 43 10 24 21 30 39 27 
student 200: 24 11 22 34 28 35 49 1 15 32 26 39 21 16 44 30 2 19 48 38 12 7 33 9 31 3 50 10 46 36 17 45 4 14 6 40 42 5 25 20 47 29 8 43 13 18 23 37 41 27 
student 201: 23 9 32 31 30 39 50 2 20 26 38 44 18 19 45 33 5 21 48 47 16 11 27 7 29 1 41 10 42 37 17 35 6 13 3 36 49 8 14 28 43 15 4 46 12 24 22 40 34 25 
student 202: 27 11 26 34 29 41 49 2 18 32 25 44 20 21 48 35 1 15 47 42 13 7 23 8 31 5 50 14 43 30 16 36 4 10 3 40 45 9 28 19 39 33 6 46 12 24 17 38 37 22 
student 203: 15 9 23 39 32 40 50 4 19 26 28 33 24 17 45 36 1 14 43 44 11 6 21 13 27 2 46 10 47 37 16 48 7 12 3 38 49 5 22 20 42 34 8 41 18 30 31 29 35 25 
student 204: 26 12 23 31 29 32 46 1 15 30 28 47 24 13 43 33 8 20 44 38 10 11 27 3 36 4 49 5 50 37 14 42 2 17 6 34 48 9 22 18 40 35 7 45 16 19 21 41 39 25 
student 205: 25 9 27 35 30 40 47 6 23 28 26 41 22 13 33 34 1 18 50 45 11 8 24 2 31 5 49 12 43 37 16 44 4 14 3 32 48 7 29 15 42 36 10 46 21 19 17 39 38 20 
student 206: 20 11 28 33 30 38 47 4 12 31 36 35 16 18 48 29 1 27 49 40 17 2 22 6 32 3 50 7 46 39 14 43 5 13 10 42 45 9 26 15 34 25 8 44 19 24 23 37 41 21 
student 207: 22 12 21 34 26 39 50 6 14 28 31 37 32 20 47 36 1 19 46 41 18 9 23 10 29 5 48 11 45 40 13 43 7 16 2 38 49 4 25 17 42 30 3 44 8 24 15 35 33 27 
student 208: 20 6 23 35 27 40 47 1 21 24 30 38 18 15 44 32 2 12 48 42 10 7 26 11 33 4 50 13 43 41 14 45 3 16 5 36 49 9 31 28 39 34 8 46 22 19 17 37 29 25 
student 209: 27 15 21 34 30 40 49 4 20 23 29 36 22 12 46 33 2 19 43 42 13 8 25 7 41 5 50 9 45 37 14 44 1 18 3 31 48 10 26 17 39 32 6 47 11 24 16 38 35 28 
student 210: 27 5 20 38 31 37 45 2 18 30 29 46 22 21 50 32 3 15 42 41 12 9 24 11 25 4 48 10 49 33 14 40 7 16 6 39 47 1 28 19 43 34 8 44 13 23 17 36 35 26 
student 211: 21 8 31 37 29 43 48 5 16 28 32 38 24 18 49 34 3 12 46 44 20 9 26 6 27 4 50 10 45 36 11 42 2 17 1 39 47 15 25 22 40 30 7 41 13 19 14 35 33 23 
student 212: 23 5 24 34 31 37 49 3 11 25 27 32 21 20 45 38 2 19 44 43 14 10 28 12 35 1 50 9 47 36 17 46 6 7 4 39 48 8 29 18 40 30 13 41 16 22 15 42 33 26 
student 213: 22 13 26 42 32 38 50 4 10 24 29 37 23 16 41 33 2 19 48 40 7 12 30 5 28 1 49 9 46 35 14 44 3 15 11 36 47 8 27 21 43 31 6 45 17 25 18 39 34 20 
student 214: 23 14 11 36 28 39 49 1 16 29 33 37 22 21 47 32 8 13 50 38 17 9 24 6 31 4 48 15 42 44 12 45 5 10 2 35 43 7 27 26 46 30 3 41 18 25 19 34 40 20 
student 215: 20 10 27 32 31 38 50 2 16 29 28 37 23 19 44 36 1 24 46 43 12 7 26 3 41 5 47 9 48 40 15 45 4 13 6 34 49 8 25 18 42 30 11 39 14 22 17 35 33 21 
student 216: 21 10 23 34 28 40 49 1 14 25 30 38 20 18 44 32 3 17 47 42 13 7 26 5 31 2 50 11 45 39 16 43 8 12 4 36 48 9 24 19 41 33 6 46 15 27 22 37 35 29 
student 217: 26 16 21 35 29 37 46 1 14 27 31 36 24 12 50 34 3 15 49 43 17 10 18 2 30 6 48 5 44 40 13 42 4 25 11 33 45 7 28 22 41 32 9 47 8 23 19 39 38 20 
student 218: 26 11 39 35 22 42 50 2 17 27 32 34 24 23 37 33 1 19 46 44 10 9 28 5 30 3 49 13 45 41 16 38 6 15 4 31 47 8 18 25 43 29 7 48 14 20 12 40 36 21 
student 219: 10 18 26 33 29 38 49 4 13 32 23 37 28 16 42 35 2 20 48 39 11 1 27 7 30 3 50 8 47 41 15 45 9 14 6 31 44 5 19 21 43 34 17 46 12 24 22 40 36 25 
student 220: 25 10 31 36 30 37 50 3 15 33 24 34 21 18 46 35 5 19 45 44 16 7 28 11 27 14 49 9 40 43 8 47 2 12 1 32 48 6 26 17 41 29 4 42 13 20 22 39 38 23 
student 221: 27 11 22 35 29 41 49 2 16 28 23 39 21 14 47 32 9 20 46 43 10 8 30 7 34 5 50 12 45 40 19 42 6 15 1 37 48 4 25 18 38 31 3 44 13 26 17 33 36 24 
student 222: 26 9 23 33 29 39 46 11 14 30 31 34 19 16 49 27 7 24 43 45 10 8 28 6 36 1 50 13 41 38 15 48 2 18 3 37 47 4 35 17 40 25 5 44 12 21 20 42 32 22 
student 223: 22 13 27 29 23 38 48 1 16 26 30 28 21 17 46 39 2 15 47 40 9 10 33 12 34 3 50 14 43 37 6 42 4 18 5 35 49 8 31 24 41 32 7 44 11 25 19 45 36 20 
student 224: 28 12 22 37 29 40 47 5 24 26 27 36 17 16 49 39 3 20 45 42 9 10 23 6 34 2 48 11 44 38 19 43 8 15 1 32 50 7 30 18 41 33 4 46 14 25 13 35 31 21 
student 225: 21 3 20 33 39 38 50 4 17 24 30 42 25 15 44 28 1 19 49 37 12 11 29 8 35 6 46 9 47 40 16 45 5 14 7 31 48 2 26 22 41 32 10 43 13 18 27 36 34 23 
student 226: 28 9 21 33 26 45 49 2 13 25 32 38 19 15 44 35 1 22 50 43 11 3 29 4 31 5 42 18 41 39 17 47 8 14 6 37 48 10 27 20 40 30 7 46 12 23 16 36 34 24 
student 227: 27 4 24 39 25 37 49 2 11 23 30 38 19 14 42 34 1 20 48 43 16 10 28 8 31 5 50 12 46 44 13 41 3 15 6 33 47 9 32 26 45 29 7 40 17 21 22 36 35 18 
student 228: 32 12 26 42 27 44 49 1 15 29 31 40 21 20 47 37 4 13 48 33 6 10 24 7 28 3 50 11 45 41 16 39 2 17 5 38 43 8 25 18 30 34 9 46 14 23 19 35 36 22 
student 229: 28 5 20 34 27 41 50 2 16 30 29 39 22 19 40 35 4 25 48 42 10 9 21 3 32 1 49 12 44 37 13 46 6 15 7 38 47 11 26 18 43 31 8 45 17 23 14 36 33 24 
student 230: 23 8 19 40 27 45 48 6 20 30 31 36 17 18 43 28 3 25 46 39 13 10 24 5 34 1 47 11 44 35 15 50 7 14 4 33 49 2 29 26 41 32 9 42 12 22 16 38 37 21 
student 231: 25 6 26 37 33 39 48 4 16 24 30 40 22 17 45 34 2 20 49 42 7 12 28 3 32 1 50 10 46 38 14 44 8 15 5 36 47 11 27 21 41 18 13 43 9 23 19 31 35 29 
student 232: 28 9 27 25 31 44 50 6 10 26 29 35 21 22 49 36 2 18 47 41 11 12 30 5 34 1 48 13 43 42 15 40 4 14 3 38 46 8 24 17 33 32 7 45 16 23 19 39 37 20 
student 233: 23 10 29 28 32 43 48 7 12 27 26 37 16 19 47 35 3 22 50 40 6 4 17 8 31 5 49 11 44 39 14 42 2 18 1 36 46 9 30 24 41 33 15 45 13 21 20 38 34 25 
student 234: 27 10 23 28 29 39 47 1 12 25 30 37 18 20 45 32 3 31 50 41 17 9 24 7 35 4 44 8 43 49 13 42 5 19 2 34 46 6 26 15 40 38 11 48 14 22 16 36 33 21 
student 235: 27 12 24 36 25 38 49 1 20 29 28 39 22 16 48 35 3 17 45 40 13 7 26 8 33 10 47 2 44 43 19 42 5 14 6 37 50 4 32 23 41 30 11 46 9 18 15 34 31 21 
student 236: 18 10 17 35 26 41 47 3 19 29 30 43 22 16 42 33 7 24 45 37 11 9 27 5 32 4 50 13 40 34 15 48 2 14 1 39 49 6 21 20 44 31 8 46 12 25 23 38 36 28 
student 237: 26 8 23 31 32 40 50 7 24 27 30 43 19 18 47 36 2 21 45 44 10 12 25 14 28 1 49 9 38 35 17 42 11 15 3 39 48 5 29 16 41 33 4 46 13 20 6 37 34 22 
student 238: 21 9 27 34 31 36 47 2 13 28 25 43 23 18 44 32 1 20 50 42 15 7 26 6 38 5 49 8 46 37 17 40 3 12 4 35 45 11 29 24 41 30 10 48 14 16 19 39 33 22 
student 239: 27 6 23 33 26 37 50 4 16 25 28 41 20 17 45 39 1 22 49 44 11 5 31 7 29 8 48 12 46 38 14 42 2 15 9 34 47 10 30 18 40 35 3 43 13 21 19 36 32 24 
student 240: 26 12 14 34 28 39 48 1 13 29 30 35 22 23 50 37 2 18 44 42 17 6 25 4 32 3 45 5 49 38 16 46 8 15 7 41 47 11 27 19 40 31 9 43 10 20 21 36 33 24 
student 241: 24 12 27 36 28 41 48 2 17 26 33 38 20 22 50 34 1 23 47 43 21 7 25 8 35 5 49 9 44 32 16 42 4 11 6 39 40 10 29 18 46 31 3 45 14 15 13 37 30 19 
student 242: 35 7 31 33 25 40 48 1 10 26 30 44 22 20 49 24 2 19 42 45 12 11 23 8 27 3 46 13 41 34 17 43 4 14 5 38 50 9 28 18 47 32 6 39 15 21 16 37 36 29 
student 243: 19 7 27 31 30 38 46 4 18 25 34 35 22 15 47 37 1 17 45 42 12 13 28 10 32 8 49 11 43 36 14 48 3 9 5 33 50 2 26 21 41 29 6 44 16 23 20 40 39 24 
student 244: 26 10 20 37 30 38 44 8 18 32 25 39 24 22 43 33 1 14 48 40 12 13 27 4 29 2 50 5 45 41 11 47 7 17 6 36 46 3 21 19 42 31 9 49 15 28 16 35 34 23 
student 245: 26 7 24 37 30 38 47 1 19 22 28 36 20 16 44 33 2 18 45 46 12 9 27 6 31 3 50 13 40 43 11 42 8 15 5 34 48 4 29 25 39 32 10 49 17 23 21 41 35 14 
student 246: 28 4 19 31 30 41 47 2 15 27 29 34 17 16 50 36 1 22 49 44 11 12 26 7 35 3 48 13 40 39 14 45 5 8 6 38 43 9 23 21 42 32 10 46 20 25 18 33 37 24 
student 247: 27 10 26 36 30 38 48 1 15 24 31 34 19 14 44 37 3 21 47 41 18 8 23 5 35 2 50 9 45 40 12 43 6 20 4 32 49 11 29 17 42 28 7 46 13 25 16 33 39 22 
student 248: 30 12 23 28 31 40 49 4 16 29 27 39 22 19 50 34 2 17 38 46 13 3 26 10 32 6 45 8 43 37 11 44 7 15 1 33 47 9 25 18 35 41 5 48 14 24 21 42 36 20 
student 249: 27 11 17 35 31 42 47 1 18 28 30 39 20 21 46 36 2 15 48 40 7 8 25 5 33 3 49 9 41 37 14 45 4 13 6 38 43 16 26 19 50 29 10 44 12 23 22 32 34 24 
student 250: 25 7 24 39 30 44 49 2 19 27 29 33 20 13 46 34 1 21 50 42 9 12 26 5 32 4 48 14 45 40 17 41 3 16 10 37 47 6 28 18 38 31 8 43 11 23 15 36 35 22 
student 251: 21 9 25 36 27 38 49 7 19 30 32 35 20 17 45 28 4 22 47 34 12 11 29 15 40 2 48 1 44 37 10 46 5 14 3 31 50 8 24 16 41 33 6 43 13 26 18 39 42 23 
student 252: 24 9 14 32 27 39 49 6 17 30 33 37 25 15 47 38 1 22 45 41 13 5 26 4 31 10 50 12 46 35 19 42 11 16 2 34 48 3 28 18 40 29 7 43 8 21 23 36 44 20 
student 253: 24 6 28 37 31 42 50 1 16 19 30 34 21 20 44 35 5 33 48 39 9 11 25 4 32 2 47 17 45 40 15 43 8 13 3 36 49 7 26 23 41 27 12 46 10 18 14 38 29 22 
student 254: 24 12 29 41 36 43 50 2 21 26 27 31 23 15 45 30 3 28 49 42 7 8 33 6 35 5 48 9 40 39 20 47 4 13 1 32 46 14 25 18 38 19 11 44 10 17 16 34 37 22 
student 255: 22 8 20 33 34 40 46 1 17 29 32 38 25 19 45 37 2 15 49 43 10 7 26 11 30 3 50 6 41 42 13 48 5 14 4 36 47 12 27 24 39 31 9 44 16 18 21 35 23 28 
student 256: 27 11 24 44 33 45 47 1 17 30 28 40 26 25 48 34 5 19 49 43 10 6 20 4 31 2 36 12 46 41 18 39 7 14 3 37 50 9 22 16 32 29 8 42 13 15 23 35 38 21 
student 257: 25 8 24 37 23 41 48 3 12 31 30 46 27 19 47 28 1 18 45 33 6 13 26 17 35 5 49 9 42 34 21 43 2 11 4 39 44 14 15 16 38 36 10 50 7 22 20 40 32 29 
student 258: 24 10 27 30 34 41 48 7 19 28 25 35 26 16 43 29 4 21 50 40 14 5 31 3 23 1 49 8 45 39 22 44 6 12 2 37 47 11 33 20 42 36 9 46 13 17 18 38 32 15 
student 259: 25 7 23 37 29 41 49 1 11 24 30 36 19 12 48 34 2 21 46 43 14 8 27 3 31 9 50 13 42 38 16 44 4 15 5 39 47 6 28 17 40 32 10 45 18 26 22 35 33 20 
student 260: 22 4 29 33 28 38 47 8 14 27 24 39 26 21 42 34 1 25 46 44 11 7 31 5 30 2 48 12 43 41 19 45 3 15 6 36 49 10 23 17 50 32 9 35 13 20 18 37 40 16 
student 261: 20 7 25 34 31 40 46 1 14 23 30 35 22 15 49 33 3 21 43 39 12 9 28 8 37 2 50 10 44 36 13 41 4 17 6 38 45 5 29 26 47 32 18 48 11 19 16 42 27 24 
student 262: 20 11 24 29 32 40 49 2 23 27 28 35 22 18 45 36 1 16 48 42 15 14 30 7 31 3 50 4 43 39 13 44 6 12 5 38 46 9 26 19 41 33 8 47 10 17 21 37 34 25 
student 263: 24 11 28 27 34 39 50 5 15 31 37 38 22 18 46 30 3 17 44 40 20 10 21 6 36 2 48 14 45 41 12 43 8 1 7 33 47 4 26 16 42 29 9 49 13 25 19 35 32 23 
student 264: 21 9 26 33 30 37 45 3 14 28 29 34 15 25 48 32 2 19 47 42 13 11 24 10 36 5 49 4 46 41 22 40 1 17 7 35 50 12 27 18 43 31 8 44 6 23 16 38 39 20 
student 265: 27 8 24 35 25 45 50 2 16 28 34 38 21 20 47 29 1 17 48 41 14 6 26 7 33 9 49 10 46 37 11 42 3 12 5 36 44 15 31 13 40 32 4 43 19 18 23 39 30 22 
student 266: 22 14 25 34 31 41 49 1 23 30 26 33 17 20 48 44 5 21 46 47 16 13 27 4 32 9 50 6 36 42 18 40 3 10 11 35 45 7 28 12 37 29 2 43 8 19 15 38 39 24 
student 267: 25 6 15 32 28 42 50 1 17 27 30 37 19 10 46 31 5 22 48 41 18 4 21 13 33 2 47 9 43 38 14 44 8 12 3 35 49 7 29 26 40 39 16 45 11 24 23 36 34 20 
student 268: 22 9 26 27 31 38 46 1 17 30 32 34 15 20 47 33 4 29 37 45 13 3 25 6 35 2 48 10 49 41 14 43 7 16 8 39 50 5 23 24 42 28 11 44 12 18 19 36 40 21 
student 269: 24 12 26 35 30 42 43 2 11 33 34 29 18 13 49 32 1 21 47 45 15 10 31 9 28 6 46 20 40 38 7 44 3 19 4 36 50 8 25 23 41 27 5 48 16 17 14 39 37 22 
student 270: 25 10 26 32 29 40 48 2 12 24 34 42 22 16 41 33 1 19 50 39 13 14 27 11 31 5 45 9 47 37 17 43 7 15 3 35 49 8 30 18 46 28 6 44 4 21 20 36 38 23 
student 271: 19 14 21 37 20 39 48 4 16 27 30 41 23 17 44 31 1 12 46 47 11 10 22 5 32 3 45 6 43 33 13 38 2 15 7 34 49 8 26 28 42 35 9 50 24 25 18 36 40 29 
student 272: 24 9 27 32 37 40 46 2 13 23 29 38 15 16 48 34 1 22 47 42 7 11 18 6 30 5 50 26 45 36 17 43 3 14 8 39 49 12 25 21 41 33 10 44 4 20 19 35 28 31 
student 273: 29 8 23 33 28 36 48 1 19 27 40 32 25 11 39 31 3 17 50 42 16 12 18 10 41 2 47 14 44 45 15 43 4 9 7 37 49 5 26 20 38 30 6 46 13 24 21 35 34 22 
student 274: 21 16 23 26 25 35 48 4 18 28 34 38 24 20 50 32 1 27 42 43 7 6 29 11 33 5 49 8 41 39 14 45 10 12 2 31 46 9 30 15 44 40 3 47 13 19 17 37 36 22 
student 275: 26 9 28 37 25 44 47 5 15 23 30 29 19 16 46 41 1 21 42 35 11 12 27 3 32 2 50 10 38 45 18 43 7 14 6 39 48 8 33 20 36 31 4 49 13 22 17 40 34 24 
student 276: 22 11 21 34 24 40 46 3 15 26 29 41 23 19 47 37 1 18 44 48 14 5 30 6 33 8 49 12 45 42 13 38 7 16 4 39 50 2 28 17 35 32 9 43 10 25 20 36 31 27 
student 277: 30 20 23 39 34 38 48 2 17 25 28 37 19 16 45 33 1 18 44 43 9 8 26 10 31 3 49 11 46 41 12 42 6 13 4 32 50 5 29 22 40 24 7 47 15 27 14 35 36 21 
student 278: 24 15 21 29 28 32 50 9 14 27 30 35 23 18 44 37 3 17 48 40 8 7 31 11 38 1 49 6 42 41 16 45 2 10 5 36 47 13 26 20 43 33 4 46 12 25 19 39 34 22 
student 279: 21 10 26 33 32 41 45 1 11 25 29 38 20 15 47 30 2 18 46 44 14 3 37 4 28 9 48 13 40 39 17 49 6 16 5 36 43 12 27 19 42 31 7 50 8 23 22 35 34 24 
student 280: 24 9 29 33 30 40 48 6 16 26 31 39 23 15 45 27 3 19 47 36 10 13 25 2 35 7 50 14 43 42 12 41 4 17 1 37 49 5 28 21 46 32 8 44 11 20 18 34 38 22 
student 281: 23 10 26 39 30 42 47 3 15 25 29 40 17 13 46 35 2 20 50 44 12 11 27 7 36 1 49 6 37 41 18 43 4 22 5 33 45 8 32 19 38 28 9 48 16 14 21 34 31 24 
student 282: 25 15 22 30 29 41 49 3 19 34 18 38 27 6 39 35 2 20 47 44 17 13 28 8 32 1 50 14 45 40 16 48 4 21 5 37 43 11 26 12 42 33 9 46 7 23 10 36 31 24 
student 283: 23 7 27 35 30 41 49 2 16 28 26 36 22 18 46 44 3 20 47 42 12 9 24 8 32 5 50 11 38 40 15 43 1 14 4 37 48 6 31 21 39 29 13 45 10 19 17 34 33 25 
student 284: 25 9 28 39 31 48 47 1 18 27 32 37 16 22 45 35 5 21 43 40 13 11 26 3 36 2 50 7 44 33 15 49 8 12 4 29 46 10 23 20 38 30 6 41 14 24 17 34 42 19 
student 285: 25 11 23 41 33 40 48 1 14 32 24 38 19 17 49 35 2 21 44 42 9 7 26 8 29 3 50 12 45 39 16 47 5 13 6 34 46 10 28 15 37 31 4 43 20 18 22 36 30 27 
student 286: 23 7 22 37 24 43 46 2 14 27 31 42 21 20 38 35 1 19 47 45 15 10 30 5 28 3 48 11 36 40 18 41 8 13 9 34 49 6 33 17 44 32 4 50 12 25 16 39 29 26 
student 287: 33 11 21 28 30 43 49 2 16 27 29 36 19 18 47 32 1 22 46 42 15 8 26 7 35 3 50 10 40 34 17 45 5 14 6 41 48 4 25 13 39 31 9 44 12 24 20 37 38 23 
student 288: 23 10 29 35 30 32 48 4 19 28 27 38 17 22 45 36 2 14 49 43 9 8 25 6 31 5 50 12 46 41 16 44 11 15 3 40 47 1 26 21 37 33 7 42 13 18 20 39 34 24 
student 289: 26 4 22 33 34 41 48 1 12 24 28 37 19 21 45 32 5 23 46 47 10 6 25 8 29 2 40 14 50 42 13 49 3 18 7 36 39 11 27 17 44 31 9 43 15 30 20 38 35 16 
student 290: 23 12 26 30 27 34 42 4 16 31 29 44 22 10 48 32 1 21 50 43 14 8 28 5 35 6 49 9 46 38 15 47 3 18 2 39 45 11 25 17 40 33 7 41 13 20 19 37 36 24 
student 291: 25 11 17 32 31 40 48 1 15 29 19 39 30 21 47 34 4 22 46 41 12 7 26 6 36 5 50 9 44 33 14 43 8 20 3 35 49 10 28 16 45 27 2 42 13 23 18 38 37 24 
student 292: 15 12 26 39 24 35 49 2 16 29 27 33 22 18 46 30 1 20 41 44 14 11 28 6 31 3 50 8 38 40 13 45 5 10 4 37 48 19 32 21 43 34 7 47 9 25 17 42 36 23 
student 293: 32 8 23 31 29 42 47 4 15 33 28 38 14 20 46 27 2 19 45 44 11 6 26 3 35 5 50 10 48 34 12 43 1 17 7 37 49 9 24 18 41 36 16 40 13 22 21 39 30 25 
student 294: 22 17 21 27 36 44 50 1 13 28 29 37 19 15 46 34 2 26 47 42 4 10 24 6 33 3 49 11 45 35 23 43 5 16 8 39 41 12 32 14 40 30 7 48 9 25 18 38 31 20 
student 295: 19 7 20 31 30 42 49 11 16 29 34 37 18 14 47 28 1 21 46 43 15 9 23 2 35 3 50 12 40 39 17 45 4 13 5 36 48 8 22 25 44 38 6 41 10 27 24 33 32 26 
student 296: 27 9 22 37 32 41 45 4 20 28 24 36 18 19 48 30 1 21 44 40 13 11 29 5 35 2 50 12 43 39 16 47 7 14 3 33 49 6 25 10 42 31 8 46 15 26 17 38 34 23 
student 297: 25 15 22 36 29 43 50 2 14 30 23 38 21 20 47 32 1 12 49 42 16 10 24 6 31 5 45 11 40 46 13 39 3 9 4 37 48 8 28 27 44 34 7 41 19 26 17 35 33 18 
student 298: 27 5 26 37 35 40 45 2 14 31 32 36 22 15 48 29 4 19 47 46 16 13 25 12 30 1 49 9 42 38 10 39 7 18 3 44 50 8 28 17 41 23 6 43 11 24 21 33 34 20 
student 299: 25 12 23 31 30 41 49 7 18 29 38 35 24 20 46 27 2 15 43 42 13 9 26 8 32 3 48 6 44 37 19 50 1 16 5 40 47 4 28 22 45 33 11 39 14 21 17 36 34 10 
student 300: 16 10 25 34 29 40 50 2 18 26 30 41 27 17 49 32 1 21 48 42 11 8 28 4 31 5 47 13 46 37 15 38 6 14 3 43 45 9 24 19 39 33 7 44 12 22 20 36 35 23 
student 301: 28 13 25 38 31 40 50 2 8 29 26 36 18 20 48 32 4 19 47 43 6 5 23 14 30 7 41 10 46 39 15 45 3 21 1 37 49 12 27 17 42 33 9 44 11 24 16 35 34 22 
student 302: 24 8 20 38 26 41 50 4 14 28 40 33 19 18 46 31 1 17 48 42 13 5 27 10 30 2 47 9 45 37 11 43 7 15 3 36 49 12 35 25 39 29 6 44 16 21 22 34 32 23 
student 303: 24 8 28 30 32 43 47 4 17 27 34 39 23 21 50 33 2 18 49 42 14 6 26 1 31 5 44 9 45 38 19 37 3 12 13 40 41 11 25 15 46 29 7 48 10 16 20 36 35 22 
student 304: 22 10 26 35 30 42 49 1 15 27 31 37 23 19 46 36 2 21 45 40 16 11 24 3 33 7 48 9 41 29 17 50 5 14 4 38 47 8 25 18 39 28 6 44 13 34 12 43 32 20 
student 305: 26 9 29 35 31 42 47 4 11 27 30 23 14 13 40 34 5 22 43 41 7 16 33 6 32 1 48 17 46 44 18 38 2 19 8 50 49 3 25 20 37 28 12 45 10 21 15 39 36 24 
student 306: 32 10 23 34 33 39 47 1 17 24 28 42 20 26 49 31 2 18 48 46 14 13 27 6 30 3 50 11 45 43 15 41 4 12 5 36 44 8 25 16 40 29 7 37 9 21 19 38 35 22 
student 307: 23 10 33 35 41 39 32 5 17 27 25 44 21 18 50 29 2 28 47 43 16 9 22 4 26 8 49 12 45 36 15 40 3 13 1 38 48 6 30 20 46 34 7 42 11 14 19 37 31 24 
student 308: 24 9 21 37 34 32 50 1 17 31 28 43 25 19 45 33 3 22 47 38 8 13 26 5 30 6 49 11 42 41 16 44 4 12 2 29 48 7 27 20 46 35 15 39 10 23 18 40 36 14 
student 309: 24 9 22 32 27 36 50 5 21 29 28 38 20 18 41 37 1 15 42 44 13 11 26 6 31 2 47 12 45 40 14 49 4 10 3 30 48 8 34 17 43 33 7 46 16 25 19 35 39 23 
student 310: 21 7 27 35 32 44 45 4 17 26 28 39 23 18 48 34 2 16 47 46 13 8 29 5 30 10 50 9 43 38 15 49 6 14 1 36 42 12 24 20 41 33 3 40 11 25 19 37 31 22 
student 311: 21 12 29 45 28 37 49 5 16 26 36 41 15 13 46 33 1 20 43 38 11 14 25 3 34 2 50 7 44 40 19 47 9 6 4 31 48 10 27 23 32 30 8 42 17 22 18 39 35 24 
student 312: 27 7 26 34 31 41 50 2 11 21 28 37 24 15 48 16 1 20 47 40 13 4 29 12 33 6 46 8 43 42 18 49 3 22 10 36 45 9 30 17 38 32 5 44 14 23 19 35 39 25 
student 313: 25 16 24 32 31 38 50 1 12 29 27 40 14 13 45 34 4 23 48 42 10 9 28 6 33 3 49 11 47 41 18 39 5 19 2 35 44 7 21 17 46 30 8 43 15 22 20 36 37 26 
student 314: 25 12 23 35 27 29 49 1 17 31 32 36 21 10 44 40 3 18 39 43 14 11 24 8 28 6 50 5 48 45 15 42 9 13 7 37 47 2 30 19 38 33 4 46 20 22 16 41 34 26 
student 315: 26 9 22 31 33 42 49 2 15 30 32 38 23 18 45 27 1 20 43 41 10 17 25 3 29 5 50 7 44 35 11 40 8 16 4 37 46 13 24 14 47 34 6 48 12 28 19 39 36 21 
student 316: 32 16 19 34 27 41 49 3 14 26 25 36 22 20 45 33 2 15 50 38 11 8 21 10 31 1 48 9 46 37 13 43 4 12 7 35 44 5 28 30 42 29 6 47 18 23 17 39 40 24 
student 317: 30 11 21 35 26 43 48 1 17 27 32 36 18 16 46 31 2 22 45 47 10 7 23 3 29 4 50 15 44 39 12 38 6 14 5 33 49 9 25 19 34 37 8 42 13 24 20 41 40 28 
student 318: 34 16 26 28 25 33 50 1 18 32 24 37 21 13 46 36 2 19 48 42 14 9 27 6 30 5 49 10 43 41 15 44 4 12 3 38 47 11 31 20 39 29 8 45 7 23 17 40 35 22 
student 319: 25 9 27 39 28 37 49 2 15 30 32 35 19 16 45 33 1 22 44 40 7 8 23 6 29 4 50 10 42 41 18 43 3 12 5 34 48 11 26 21 47 31 13 46 14 24 17 38 36 20 
student 320: 29 20 25 34 22 35 50 3 21 30 26 41 12 9 40 36 2 24 45 44 16 13 27 7 33 1 47 14 48 42 17 43 8 15 4 37 46 5 28 11 39 31 6 49 10 19 18 38 32 23 
student 321: 24 10 25 35 32 37 48 12 21 38 30 33 23 22 44 28 1 17 47 46 11 8 26 14 29 3 50 9 43 36 7 40 5 2 4 39 49 6 27 16 34 41 13 45 15 18 19 42 31 20 
student 322: 25 12 26 29 35 44 49 4 17 27 24 37 22 18 46 31 1 7 45 43 13 14 32 5 33 3 50 2 41 42 15 36 11 9 6 30 47 10 28 20 38 34 8 48 16 21 19 39 40 23 
student 323: 22 11 26 31 30 38 47 2 14 29 23 34 19 18 46 33 1 16 48 44 6 8 27 9 32 5 50 13 40 37 20 42 4 10 3 41 39 7 28 17 45 35 12 49 15 24 21 43 36 25 
student 324: 26 11 25 32 21 35 49 2 23 39 31 36 22 20 46 37 1 18 48 41 9 7 27 8 28 6 50 14 43 38 17 44 3 12 5 34 47 4 30 16 42 33 10 45 13 19 15 40 29 24 
student 325: 26 11 23 36 30 40 47 3 15 31 28 38 21 17 48 29 1 19 46 39 10 8 25 9 37 2 49 7 43 33 16 44 6 14 4 42 50 13 24 27 41 35 5 45 12 22 18 32 34 20 
student 326: 27 12 28 34 31 41 49 2 15 24 35 37 16 18 45 30 7 21 48 46 6 13 23 3 29 1 50 17 47 40 14 43 8 20 4 38 44 10 22 9 39 32 5 42 11 25 19 33 36 26 
student 327: 29 14 27 38 30 43 44 6 18 26 28 40 12 24 49 25 2 22 45 46 16 10 21 3 35 4 50 11 39 37 17 48 1 9 5 34 42 8 31 13 41 33 7 47 15 20 19 32 36 23 
student 328: 22 14 27 36 34 43 47 2 17 21 28 39 25 20 41 24 3 16 45 48 5 8 23 7 30 6 49 9 29 37 15 44 4 12 1 42 46 11 33 26 38 35 13 50 10 19 18 40 32 31 
student 329: 24 7 23 36 28 35 46 5 13 27 30 43 25 17 45 33 1 19 49 41 10 8 32 4 29 3 50 14 48 37 16 42 2 9 6 40 44 12 26 18 39 34 11 47 15 20 21 38 31 22 
student 330: 29 11 23 33 32 38 50 2 17 28 34 37 19 22 46 31 1 21 48 43 9 7 25 4 24 3 47 13 44 35 10 39 6 12 5 36 49 15 27 18 40 30 8 45 14 20 16 42 41 26 
student 331: 25 9 32 30 29 47 50 7 13 33 27 39 20 21 48 37 4 22 44 41 16 12 28 8 34 1 46 15 36 38 14 42 6 11 2 35 49 5 40 18 45 24 3 43 10 19 17 31 26 23 
student 332: 27 10 22 38 31 40 48 4 11 29 30 41 17 23 45 37 2 19 47 20 13 8 28 7 34 5 50 12 49 33 15 43 1 14 6 35 46 3 25 16 42 32 9 44 18 24 21 39 36 26 
student 333: 24 8 20 37 31 41 50 2 15 29 27 35 19 25 48 33 6 21 44 40 12 10 23 5 32 4 45 9 43 46 16 42 11 14 1 36 49 7 28 17 39 30 3 47 13 26 22 38 34 18 
student 334: 25 7 21 41 36 39 49 2 19 24 28 35 20 15 48 33 3 22 44 40 12 9 29 6 31 1 46 11 43 42 16 45 5 14 10 34 50 8 27 18 38 30 4 47 13 23 17 37 32 26 
student 335: 19 12 24 36 26 44 48 3 14 31 33 41 23 17 49 29 4 21 47 39 10 7 25 2 35 5 43 16 46 34 15 40 9 13 1 32 50 11 27 18 38 30 6 45 8 22 20 42 37 28 
student 336: 23 5 20 35 28 38 49 2 24 31 33 44 22 18 43 32 1 19 45 40 14 9 25 8 26 3 50 10 48 34 17 42 4 13 6 37 47 11 29 16 39 30 7 46 12 27 15 41 36 21 
student 337: 25 10 24 35 33 36 49 2 14 27 28 41 20 16 44 30 1 22 45 43 13 9 26 7 38 5 48 4 40 42 18 37 6 15 3 39 50 8 29 23 46 32 11 47 12 17 19 34 31 21 
student 338: 29 11 26 32 27 37 50 1 17 31 28 38 15 21 42 40 2 22 47 45 10 8 19 3 30 4 49 12 46 39 23 44 7 16 5 34 48 9 25 18 41 35 6 43 13 20 14 36 33 24 
student 339: 19 12 25 32 33 38 46 1 15 28 29 41 18 26 48 30 2 17 50 40 16 8 23 5 37 3 47 9 43 36 11 44 4 14 6 34 49 7 21 20 42 31 13 45 10 22 24 39 35 27 
student 340: 29 2 27 28 32 43 46 4 11 25 30 39 18 21 44 33 6 12 49 40 15 9 22 5 34 7 48 13 42 35 20 41 3 16 1 38 50 8 26 19 45 31 10 47 14 24 17 37 36 23 
student 341: 26 10 24 33 27 38 48 2 20 29 31 35 23 21 49 36 8 19 39 44 13 9 28 6 32 1 43 7 47 37 17 42 3 12 5 40 50 4 25 14 41 30 11 45 15 22 16 46 34 18 
student 342: 26 10 23 34 27 38 50 4 17 28 31 44 22 16 42 35 7 19 46 41 12 9 29 3 30 2 48 11 45 39 15 43 8 13 1 36 47 5 25 18 40 33 6 49 14 21 20 37 32 24 
student 343: 29 19 25 28 30 43 48 1 18 27 23 36 22 15 39 32 3 20 50 40 9 13 24 6 35 2 44 12 45 41 17 47 5 14 7 38 49 4 33 16 42 31 8 46 10 21 11 37 34 26 
student 344: 23 10 28 36 27 37 49 4 18 34 25 35 21 17 46 31 1 20 48 40 11 9 30 6 29 2 47 7 41 45 15 44 5 16 3 38 50 12 24 19 42 33 8 43 13 26 14 39 32 22 
student 345: 20 12 24 36 26 42 50 7 15 30 34 38 23 17 45 31 2 13 48 39 14 9 27 5 33 4 49 10 43 40 18 41 1 16 6 35 47 8 25 19 44 29 3 46 11 28 21 37 32 22 
student 346: 25 9 26 37 33 40 49 4 14 23 31 36 19 16 45 34 1 22 47 38 15 8 28 7 30 3 50 12 41 39 13 42 5 18 2 35 48 6 27 20 44 29 11 46 17 21 10 43 32 24 
student 347: 25 7 26 32 27 30 50 5 13 29 31 40 22 16 44 35 2 19 48 42 18 1 23 8 39 4 49 14 45 41 9 46 11 15 3 33 43 10 28 21 38 34 6 47 20 12 17 36 37 24 
student 348: 26 3 24 35 31 46 48 8 16 22 27 42 23 20 47 32 1 14 43 40 11 9 25 10 34 7 49 12 44 36 15 45 6 17 5 38 50 2 28 19 39 29 4 41 13 21 18 37 33 30 
student 349: 22 7 23 32 39 44 48 3 17 31 27 40 26 25 45 29 2 16 43 50 12 8 28 6 30 1 49 10 42 38 15 47 5 14 4 33 46 11 20 19 41 34 9 36 13 21 18 37 35 24 
student 350: 24 10 26 27 37 43 50 2 15 22 29 40 23 16 45 32 1 20 47 35 12 11 30 4 33 6 48 8 41 39 17 46 5 14 3 38 49 9 21 19 44 31 7 42 13 25 18 36 34 28 
student 351: 26 13 21 41 28 37 46 2 17 24 31 44 23 18 45 32 1 15 47 42 8 11 19 5 34 3 48 9 43 39 12 40 4 14 6 35 49 7 27 20 38 30 10 50 16 25 29 33 36 22 
student 352: 23 16 31 38 26 39 50 8 3 27 30 37 21 20 42 32 2 22 47 45 9 13 25 5 35 1 46 7 49 41 12 44 15 17 4 36 48 6 28 19 43 29 10 40 11 24 14 34 33 18 
student 353: 28 9 24 34 32 36 50 7 13 25 26 42 23 17 45 38 2 20 48 30 15 11 27 4 33 3 46 8 44 43 18 41 10 14 1 35 49 5 29 19 40 37 6 47 16 21 12 39 31 22 
student 354: 25 14 22 28 35 37 43 4 16 30 29 40 21 20 45 38 1 17 50 47 2 8 26 3 32 6 48 15 46 41 13 42 7 12 5 34 44 9 27 19 39 31 11 49 10 23 18 36 33 24 
student 355: 25 17 23 30 37 43 46 5 19 28 31 41 22 16 42 36 1 21 47 38 7 9 34 6 24 2 49 11 44 39 13 48 4 10 3 29 50 12 26 20 35 32 8 45 15 27 14 33 40 18 
student 356: 30 10 26 34 27 41 50 3 16 24 25 36 20 17 38 32 4 19 43 45 15 8 22 11 35 2 49 12 46 42 13 37 1 14 6 33 48 5 23 21 40 31 7 47 9 28 18 44 39 29 
student 357: 27 11 30 32 28 46 42 3 14 22 26 40 23 17 44 37 1 21 49 43 12 6 25 5 41 2 50 13 45 38 9 36 8 15 10 34 47 4 35 20 39 29 7 48 16 19 18 33 31 24 
student 358: 23 11 24 37 31 38 47 10 18 28 35 36 19 16 44 34 1 26 45 42 14 6 27 4 39 5 50 9 43 40 12 41 3 7 2 46 48 8 25 22 33 30 13 49 15 20 17 32 29 21 
student 359: 20 11 29 41 28 36 47 6 21 27 31 34 22 12 50 35 3 19 45 33 13 8 26 4 32 5 46 1 42 49 14 39 7 15 10 40 48 2 18 23 37 30 9 44 16 24 17 43 38 25 
student 360: 24 10 23 27 30 37 48 6 16 29 32 41 26 25 44 43 1 19 46 39 7 8 28 2 31 11 49 14 40 38 13 47 5 15 3 36 50 4 20 21 42 34 12 45 9 17 18 35 33 22 
student 361: 28 8 25 34 26 44 49 12 19 32 29 36 20 15 43 31 1 16 41 45 14 7 24 9 30 3 50 10 47 42 18 35 2 11 4 40 48 5 27 21 39 33 17 46 6 22 13 37 38 23 
student 362: 29 12 25 42 22 40 48 2 18 24 32 38 21 15 50 33 1 30 45 39 14 5 23 10 36 4 49 13 41 35 8 46 3 6 7 34 47 11 27 20 44 28 9 43 17 16 19 37 31 26 
student 363: 28 8 18 33 31 42 45 1 17 25 22 36 24 20 40 34 3 19 48 43 13 12 27 6 32 2 50 11 44 37 16 47 5 9 7 39 49 10 29 21 41 30 4 46 14 23 15 38 35 26 
student 364: 25 13 24 34 30 41 48 3 19 35 26 37 21 16 39 28 1 20 47 44 7 12 27 9 31 2 50 15 49 40 10 38 5 14 4 33 45 8 29 18 42 32 6 43 11 22 17 36 46 23 
student 365: 28 12 24 43 33 37 47 6 13 27 29 38 26 17 49 35 1 18 45 39 15 9 22 4 34 2 42 11 48 36 14 44 3 10 5 40 50 8 25 21 41 30 7 46 16 19 20 32 31 23 
student 366: 26 6 23 29 27 38 45 3 13 28 35 36 21 16 43 33 2 19 46 42 20 9 31 1 32 5 50 14 48 39 8 44 12 11 4 30 49 10 25 18 40 34 7 47 15 24 17 41 37 22 
student 367: 27 15 29 38 33 34 48 5 14 31 23 42 24 22 47 32 1 20 44 35 7 10 26 4 28 3 50 11 39 41 16 43 2 9 8 37 49 6 25 19 36 30 13 46 12 18 17 40 45 21 
student 368: 24 8 25 33 28 39 49 2 14 29 30 38 22 17 43 34 1 21 48 44 16 7 26 6 31 5 47 13 41 42 9 45 10 15 4 35 50 11 27 18 40 36 3 46 12 20 19 32 37 23 
student 369: 26 10 28 34 31 39 47 1 6 29 30 35 22 19 46 32 3 20 48 40 11 12 27 4 33 2 50 13 44 45 18 43 5 16 7 37 49 8 24 15 41 23 9 42 14 21 17 36 38 25 
student 370: 25 8 33 29 38 43 46 1 14 30 27 39 23 19 48 41 2 22 49 40 13 9 24 10 26 3 50 11 44 32 17 42 7 16 4 36 47 5 28 18 37 35 6 45 15 20 12 31 34 21 
student 371: 22 8 24 32 33 38 44 1 11 28 31 42 19 18 45 35 6 20 46 48 15 4 26 3 30 2 50 13 47 36 10 41 14 16 7 37 49 9 27 25 40 29 5 43 12 23 17 39 34 21 
student 372: 26 13 23 30 35 43 45 2 14 29 33 41 18 17 37 34 1 21 49 44 8 12 24 6 25 4 47 10 48 40 19 38 7 11 3 39 46 9 31 22 32 27 5 50 20 28 16 42 36 15 
student 373: 22 12 26 43 33 42 48 4 14 25 35 36 21 17 46 32 3 20 47 38 9 15 27 2 28 8 50 10 41 40 13 39 1 7 5 29 49 16 30 19 44 31 6 45 11 23 18 34 37 24 
student 374: 23 16 22 32 36 42 48 1 12 25 30 38 26 19 41 33 5 15 49 37 8 10 27 4 31 6 50 13 44 40 14 47 3 11 7 35 45 2 29 20 43 28 9 46 18 24 17 39 34 21 
student 375: 25 14 24 37 31 42 50 5 15 30 29 33 21 18 44 32 1 10 41 45 17 8 26 9 28 12 49 16 46 40 11 43 7 6 3 36 48 4 27 23 38 39 2 47 13 20 19 34 35 22 
student 376: 26 8 25 39 28 40 48 4 16 32 27 34 22 21 45 33 2 23 47 41 17 9 30 7 29 1 50 12 42 37 15 43 5 14 3 38 49 10 20 18 44 31 6 46 13 11 19 36 35 24 
student 377: 21 6 25 31 28 38 47 3 22 27 26 40 17 14 43 30 1 15 48 37 12 7 33 9 29 2 50 11 45 41 19 44 5 16 8 35 49 10 32 20 42 39 4 46 13 18 23 36 34 24 
student 378: 24 11 23 29 33 40 50 3 15 31 28 36 22 16 44 34 1 20 46 42 12 17 26 4 35 13 49 8 43 38 14 47 7 10 2 37 48 5 27 19 41 30 6 45 9 21 25 32 39 18 
student 379: 27 13 26 30 28 39 48 1 19 25 29 36 20 14 47 35 2 22 46 43 11 4 31 8 33 3 50 10 44 37 12 40 5 16 6 34 49 7 24 17 42 32 9 45 18 23 15 41 38 21 
student 380: 28 9 24 36 26 41 48 5 20 29 34 40 22 18 44 25 3 13 46 39 14 2 27 8 30 6 49 10 45 38 17 50 12 11 1 32 47 7 31 23 43 33 4 42 16 15 19 35 37 21 
student 381: 34 13 24 30 27 32 46 4 16 36 23 31 22 18 44 35 1 15 49 47 12 11 25 2 26 3 50 7 41 45 17 48 6 9 5 37 43 10 28 20 40 33 8 42 14 19 21 39 38 29 
student 382: 17 10 26 34 31 37 47 3 18 29 27 41 20 21 44 38 1 23 45 43 14 8 24 6 33 4 50 11 39 42 16 46 7 12 2 32 48 5 30 28 40 25 9 49 13 15 22 36 35 19 
student 383: 26 6 17 28 33 35 48 3 18 29 31 38 19 25 42 34 1 14 49 39 12 11 23 8 32 2 50 10 46 44 16 41 5 13 7 36 47 9 27 24 45 30 4 43 15 22 20 40 37 21 
student 384: 26 10 23 38 33 34 47 2 18 25 28 39 21 17 42 36 1 20 48 41 13 6 30 3 31 4 49 14 44 45 16 43 8 9 5 32 50 12 27 19 40 29 7 46 11 22 15 37 35 24 
student 385: 20 11 26 34 28 38 48 4 16 24 31 42 22 15 45 33 3 23 49 44 12 9 30 2 32 1 50 10 39 37 14 43 5 17 6 41 47 7 27 18 40 29 8 46 13 21 19 36 35 25 
student 386: 27 10 22 42 37 38 47 2 20 30 28 40 23 21 46 31 1 18 45 39 13 15 25 5 34 7 50 9 48 36 19 43 3 12 6 32 49 8 26 14 41 29 4 44 11 17 16 33 35 24 
student 387: 24 9 17 30 36 38 48 1 19 27 32 40 25 20 46 35 4 23 44 43 11 7 16 10 33 6 47 14 42 41 15 50 3 13 2 26 49 8 28 22 39 34 5 45 12 18 21 37 31 29 
student 388: 37 7 26 34 27 40 50 2 13 28 32 38 22 14 48 30 1 17 43 42 11 5 19 4 33 3 46 12 41 39 18 44 6 15 10 31 47 9 23 25 49 35 8 45 16 21 20 36 29 24 
student 389: 23 10 29 40 30 39 48 1 19 27 28 36 25 11 49 32 2 21 47 45 12 6 31 3 33 4 50 9 41 38 16 44 14 15 5 34 43 8 24 20 42 26 7 46 13 22 17 37 35 18 
student 390: 27 9 24 33 32 40 43 1 16 26 30 38 20 18 45 34 2 17 47 49 12 10 22 4 31 3 50 11 48 39 13 41 7 14 5 35 46 8 29 21 44 28 6 42 19 23 15 37 36 25 
student 391: 28 15 25 35 23 42 50 6 14 29 30 31 22 20 48 34 1 24 46 40 12 7 21 4 32 3 49 10 44 41 16 43 9 11 2 38 47 8 36 17 39 33 5 45 13 26 19 37 27 18 
student 392: 23 9 24 32 30 38 46 1 12 31 29 39 21 17 44 27 4 22 45 40 14 11 25 6 34 3 49 13 42 48 7 41 5 18 2 36 50 8 28 20 43 33 10 47 15 26 16 37 35 19 
student 393: 24 12 22 34 32 29 50 2 16 26 39 41 23 17 46 33 1 18 49 43 11 6 31 4 30 7 48 14 44 36 13 40 3 15 5 37 47 8 25 21 42 27 9 45 10 19 20 38 35 28 
student 394: 22 14 19 36 30 39 49 5 16 24 26 42 21 18 47 31 1 15 48 43 13 8 37 11 32 2 46 12 41 35 17 38 4 9 6 40 50 3 23 25 44 29 7 45 10 27 20 34 33 28 
student 395: 27 5 26 31 29 36 49 6 15 22 34 41 18 23 43 30 8 20 48 46 12 4 32 9 37 7 50 11 45 40 14 42 1 16 3 35 47 2 25 24 38 28 10 44 13 19 17 39 33 21 
student 396: 26 9 20 38 31 43 49 2 14 27 29 36 19 18 41 30 5 22 48 45 13 11 28 8 34 3 47 17 46 39 16 37 7 12 4 32 50 6 23 21 44 33 1 42 10 24 15 40 35 25 
student 397: 36 10 24 35 29 47 45 4 13 27 28 41 19 18 46 33 2 20 48 40 17 15 26 5 30 1 50 8 43 39 16 42 6 12 3 32 49 9 25 14 37 34 7 44 11 22 21 38 31 23 
student 398: 28 8 25 34 33 43 46 5 16 29 27 40 23 18 47 37 6 21 50 39 12 13 24 7 31 4 49 10 48 41 14 42 2 11 1 36 44 9 26 22 32 30 3 45 17 19 15 35 38 20 
student 399: 27 10 23 35 24 40 48 1 11 29 32 37 16 9 47 34 2 22 43 41 15 8 20 6 33 7 50 14 45 39 19 44 4 18 5 30 49 12 31 17 42 28 3 46 13 25 21 38 36 26 
student 400: 13 14 26 35 27 40 49 3 20 29 32 38 21 19 48 31 1 22 45 44 8 12 23 5 34 2 50 15 43 37 18 41 4 11 6 36 47 7 24 17 42 33 10 46 9 28 16 39 30 25 
student 401: 32 12 19 27 29 38 50 2 15 30 26 35 21 18 43 36 1 22 42 39 6 13 25 4 31 5 46 9 40 44 20 45 3 11 8 37 48 7 28 16 47 34 10 49 14 23 17 33 41 24 
student 402: 21 9 29 33 32 40 46 2 17 30 35 38 18 23 47 27 3 22 42 45 12 7 14 5 31 4 50 15 41 36 13 48 10 16 6 43 49 1 24 20 44 26 8 37 11 19 25 34 39 28 
student 403: 22 7 26 33 32 42 50 2 19 24 23 35 21 20 47 34 1 17 49 44 6 14 28 8 31 4 48 9 40 38 16 43 3 11 5 36 46 13 29 18 41 30 10 45 12 27 15 39 37 25 
student 404: 23 11 22 33 32 44 45 2 17 37 29 36 20 16 46 31 1 18 50 49 13 5 28 6 27 4 48 9 39 40 15 41 7 14 3 35 47 10 26 21 42 30 8 43 12 25 19 34 38 24 
student 405: 25 10 21 38 31 36 46 2 15 37 26 40 16 24 47 29 1 23 50 45 14 9 28 6 35 5 43 13 39 44 19 49 4 12 3 34 48 7 30 17 41 32 11 42 8 22 20 33 27 18 
student 406: 29 11 27 37 30 38 48 12 19 24 28 36 20 16 47 35 2 18 49 44 9 7 26 3 33 5 50 4 45 41 17 40 8 10 1 34 46 6 22 21 43 31 13 42 14 25 23 39 32 15 
student 407: 27 16 22 34 28 43 48 1 12 26 30 35 18 21 44 38 2 20 41 47 11 6 23 5 33 7 50 9 49 36 15 39 4 14 13 40 46 3 29 19 37 32 8 45 10 25 17 42 31 24 
student 408: 26 9 27 39 30 40 49 3 20 32 23 36 21 15 48 31 1 18 44 46 13 10 19 7 33 4 50 12 42 45 11 41 5 16 2 38 47 6 28 24 37 29 8 43 14 22 17 35 34 25 
student 409: 26 10 23 35 32 42 48 1 16 34 27 36 21 19 49 31 4 20 45 40 14 6 24 9 29 2 50 12 43 38 18 46 3 13 7 39 47 5 30 11 41 25 8 44 15 22 17 37 33 28 
student 410: 29 10 21 38 30 43 47 1 22 27 34 39 25 18 46 28 8 16 48 42 11 9 23 7 33 2 49 15 41 37 14 45 3 12 5 35 50 4 26 17 44 31 6 40 19 20 13 36 32 24 
student 411: 25 11 34 43 27 41 47 5 12 30 26 40 22 23 45 35 1 21 48 44 16 9 24 7 28 8 49 10 36 32 19 42 4 17 3 31 46 6 29 20 39 37 2 50 13 14 18 33 38 15 
student 412: 27 11 21 34 30 35 50 7 12 28 31 37 17 18 41 43 3 20 47 44 6 9 36 4 29 1 45 15 46 39 10 42 5 16 2 32 48 14 25 23 38 26 8 49 13 22 19 33 40 24 
student 413: 25 15 22 34 26 40 50 3 11 28 32 38 17 19 49 33 2 20 45 43 13 10 24 6 35 1 48 18 41 36 8 46 5 12 4 37 47 9 29 14 42 27 7 44 16 21 23 39 31 30 
student 414: 20 13 27 33 30 37 44 4 15 28 31 38 24 7 46 29 1 22 47 42 8 14 25 10 35 3 50 16 45 41 21 48 2 12 5 34 49 9 26 18 43 32 6 40 11 23 19 39 36 17 
student 415: 26 9 18 24 27 40 42 4 20 22 21 36 23 16 47 39 2 19 46 43 15 10 28 3 34 1 49 11 48 37 12 45 5 14 8 41 50 6 33 25 32 30 7 44 13 31 17 38 35 29 
student 416: 32 9 16 34 30 44 43 4 19 27 29 33 21 17 46 26 1 22 47 36 12 7 24 3 35 11 49 8 45 39 10 40 2 13 5 38 48 15 28 20 42 31 6 50 14 23 18 41 37 25 
student 417: 21 9 35 33 31 43 49 2 15 27 28 42 24 17 47 32 1 19 45 44 12 6 26 8 29 4 50 10 38 40 22 41 5 13 3 37 48 7 23 18 39 36 11 46 14 20 16 34 30 25 
student 418: 25 7 22 35 32 45 47 6 18 28 27 38 20 15 41 29 2 19 49 42 24 13 26 3 33 5 43 9 44 37 12 48 1 11 10 34 50 8 30 23 40 31 4 46 16 17 14 36 39 21 
student 419: 26 10 25 35 33 36 49 3 16 30 28 37 21 18 46 31 1 20 48 45 13 8 24 9 32 5 44 12 43 39 14 50 7 17 2 40 47 4 29 22 41 34 6 42 11 19 15 38 27 23 
student 420: 24 10 22 31 32 39 44 8 19 28 25 35 21 14 43 40 1 20 50 41 15 11 27 6 34 2 46 9 48 36 18 37 5 12 3 38 47 7 29 17 42 30 4 49 13 26 16 33 45 23 
student 421: 24 9 25 30 27 37 48 2 17 29 22 40 20 16 47 31 1 21 46 43 11 7 26 8 36 5 49 6 42 41 15 45 3 10 13 38 50 14 32 19 39 34 4 44 12 23 18 35 33 28 
student 422: 26 8 23 31 28 38 49 2 14 27 34 39 29 17 47 24 1 16 43 41 13 7 25 6 33 3 44 12 48 37 9 45 10 21 5 36 50 11 30 20 40 32 4 46 15 18 19 42 35 22 
student 423: 30 9 25 40 26 34 47 2 15 27 28 33 23 17 45 31 1 18 39 42 11 13 21 6 35 3 50 5 43 41 14 46 8 16 4 37 48 10 29 24 44 32 7 49 12 22 19 38 36 20 
student 424: 20 8 25 36 32 42 49 11 16 22 30 35 19 15 50 33 1 18 44 39 10 13 28 4 31 6 43 23 38 40 5 45 7 14 3 34 48 2 26 17 46 29 12 47 24 21 9 41 37 27 
student 425: 29 10 26 36 24 42 48 4 17 31 23 38 22 14 44 34 1 19 49 35 13 9 25 2 30 3 50 11 45 40 15 43 5 16 7 37 46 8 28 20 41 33 6 47 12 21 18 39 32 27 
student 426: 25 3 21 34 32 40 48 1 16 29 28 37 22 18 42 31 2 20 49 45 12 11 26 7 33 4 50 13 41 44 17 46 8 15 5 38 47 9 27 24 43 30 10 36 6 23 14 39 35 19 
student 427: 30 17 23 25 33 43 47 3 13 26 28 37 22 16 38 35 1 12 50 39 15 7 27 5 34 9 48 11 44 41 20 40 2 10 4 29 46 6 32 19 45 31 8 49 18 21 14 42 36 24 
student 428: 22 11 28 33 34 50 47 1 18 29 31 40 20 15 42 32 5 21 45 41 14 12 24 3 30 8 49 13 48 36 10 44 2 16 7 37 46 6 27 19 39 25 4 43 9 23 17 38 35 26 
student 429: 27 9 26 32 30 44 46 3 10 25 31 39 23 14 41 29 7 19 45 40 8 13 21 2 36 1 49 11 47 42 17 43 5 16 4 37 48 12 28 20 34 33 6 50 15 24 18 35 38 22 
student 430: 28 12 22 32 34 40 49 2 16 33 29 37 19 17 46 31 3 13 45 44 15 14 21 8 26 5 50 7 42 38 11 41 1 9 6 36 48 10 27 24 43 30 4 47 18 20 23 35 39 25 
student 431: 27 10 18 35 29 36 48 4 20 32 28 38 16 23 46 30 1 15 44 40 12 9 19 6 31 5 50 11 45 41 17 42 2 21 3 33 49 8 26 14 43 34 7 47 13 25 22 39 37 24 
student 432: 26 7 25 32 31 43 49 4 9 30 29 34 22 20 47 39 1 19 44 48 11 12 21 13 35 2 50 8 42 37 16 40 5 17 3 41 45 6 28 18 38 27 10 46 15 23 14 36 33 24 
student 433: 30 5 23 33 28 40 47 2 17 26 29 39 27 14 49 31 3 20 43 44 11 7 21 6 35 10 48 15 45 46 18 42 4 16 1 37 50 9 24 19 36 32 8 41 13 22 12 38 34 25 
student 434: 30 12 27 31 25 40 50 3 18 28 32 38 22 20 42 35 1 17 46 43 13 6 26 7 34 2 47 10 45 41 19 44 5 14 4 37 49 9 29 15 36 24 8 48 11 23 16 33 39 21 
student 435: 27 9 24 32 31 39 44 4 16 26 30 40 23 19 47 34 2 18 48 43 1 12 20 6 33 3 50 15 45 41 14 42 5 13 8 38 49 7 25 21 35 28 10 46 11 29 17 37 36 22 
student 436: 24 7 21 36 30 40 49 3 12 28 33 48 16 23 46 31 1 18 44 39 14 11 26 5 29 2 50 9 45 43 22 42 4 13 8 38 47 10 32 17 37 27 6 41 19 20 15 34 35 25 
student 437: 27 9 25 40 29 39 43 5 21 22 26 37 19 13 49 33 1 18 48 44 16 10 30 2 31 3 45 12 41 38 24 47 4 17 6 36 50 8 28 15 42 32 7 46 14 23 11 34 35 20 
student 438: 24 11 27 38 30 37 44 2 19 26 28 35 20 16 42 32 1 22 49 50 15 8 39 5 31 4 47 10 41 36 13 43 6 14 3 34 48 7 25 18 40 29 9 46 12 23 21 45 33 17 
student 439: 26 19 23 36 31 38 45 11 14 30 28 39 20 17 47 29 5 18 40 48 4 9 22 7 34 1 44 10 49 41 13 43 2 16 3 32 50 8 27 21 42 33 6 46 12 25 15 37 35 24 
student 440: 26 16 23 33 31 42 49 1 20 29 28 39 19 13 43 32 3 21 47 40 14 10 27 7 36 4 50 8 45 38 17 44 5 15 2 37 46 6 24 18 41 30 12 48 11 22 9 34 35 25 
student 441: 26 10 20 30 35 39 47 1 23 29 31 36 21 15 43 28 3 24 49 44 16 8 25 6 41 4 48 12 50 32 11 42 2 14 7 37 46 9 27 18 40 33 5 45 13 22 17 38 34 19 
student 442: 25 15 24 33 29 40 48 3 18 30 31 38 22 14 42 27 4 23 47 44 10 9 28 7 35 5 49 16 46 34 19 41 6 21 1 36 50 8 26 17 43 37 2 45 11 13 12 39 32 20 
student 443: 11 5 29 35 28 41 50 2 14 33 27 36 24 15 49 32 1 19 48 40 16 13 30 6 31 3 47 12 45 38 22 43 4 17 7 39 46 8 23 18 44 26 9 42 10 25 20 34 37 21 
student 444: 20 7 27 35 28 38 48 5 16 26 31 32 23 17 49 34 2 18 42 40 12 4 29 9 33 1 47 14 46 44 13 45 3 15 6 37 43 8 25 21 41 30 11 50 10 24 19 39 36 22 
student 445: 24 12 22 32 25 37 50 1 16 31 30 43 21 9 49 36 2 20 47 39 14 11 27 3 29 6 48 13 42 40 23 44 4 10 5 35 46 7 28 19 41 33 8 45 15 17 18 38 34 26 
student 446: 24 11 23 33 26 39 49 2 18 28 29 37 12 15 46 35 1 22 38 41 16 10 31 5 30 3 50 9 45 40 19 48 6 17 4 34 47 8 25 13 44 36 7 43 14 21 20 32 42 27 
student 447: 23 8 20 35 32 44 48 4 13 21 30 38 24 17 47 33 3 28 49 40 14 1 25 9 31 7 50 11 43 34 16 41 2 12 5 37 45 6 27 18 42 29 10 46 15 22 19 39 36 26 
student 448: 27 8 17 34 28 40 50 3 20 31 29 35 23 21 47 26 1 15 45 46 9 11 18 2 36 5 49 12 39 44 19 43 7 13 4 37 48 10 24 30 41 32 6 42 14 16 22 38 33 25 
student 449: 25 11 22 37 27 38 48 3 17 29 33 39 21 16 45 32 5 19 46 43 10 9 28 1 30 4 49 15 50 35 20 40 6 14 8 44 47 7 24 18 41 36 2 42 13 26 12 34 31 23 
student 450: 26 5 22 39 29 44 42 3 16 27 32 36 23 17 50 30 1 20 41 46 12 9 28 6 31 2 49 11 43 37 13 47 4 14 7 38 45 8 25 18 40 33 10 48 19 21 15 35 34 24 
student 451: 23 8 20 36 33 41 47 4 21 39 29 34 14 15 38 35 1 16 48 40 13 7 24 12 22 2 50 10 45 37 17 42 6 25 3 31 49 5 28 27 44 30 9 46 11 18 26 43 32 19 
student 452: 27 11 26 33 29 39 46 6 19 25 30 40 18 20 44 28 3 23 48 47 15 4 24 5 32 9 50 10 43 42 12 49 7 8 1 36 38 2 34 17 41 31 13 45 14 21 16 37 35 22 
student 453: 25 6 21 32 31 44 50 8 17 27 26 36 24 15 47 30 2 22 43 42 12 4 28 1 35 5 49 11 41 40 16 37 3 13 7 39 48 10 29 19 45 33 9 46 14 20 18 38 34 23 
student 454: 27 12 20 34 29 39 46 1 16 18 28 38 19 14 44 33 2 24 48 47 4 11 35 7 31 9 50 21 43 37 17 41 8 10 3 36 49 6 25 22 42 30 5 45 13 23 15 40 32 26 
student 455: 25 12 24 34 30 39 44 5 16 27 29 36 21 17 37 33 1 20 49 46 7 4 26 3 32 2 50 13 40 45 15 41 8 10 9 38 48 6 22 19 42 31 11 47 14 23 18 43 35 28 
student 456: 22 6 23 37 30 40 46 2 16 29 28 38 21 20 49 36 1 15 47 42 11 10 27 12 32 3 50 17 48 39 13 44 5 9 7 35 43 8 25 18 41 31 14 45 4 24 19 33 34 26 
student 457: 28 13 23 34 26 40 45 5 18 31 25 41 14 12 49 32 1 22 48 44 11 7 21 4 30 3 50 15 42 39 17 38 6 16 2 36 47 8 29 20 46 33 9 43 10 27 19 35 37 24 
student 458: 23 9 27 29 31 42 48 1 12 33 26 37 24 19 43 36 2 22 44 47 11 7 28 5 30 8 49 15 50 39 16 41 3 17 4 32 46 14 25 13 40 34 6 45 10 20 18 35 38 21 
student 459: 18 11 25 27 33 42 49 4 5 28 29 36 24 12 45 32 2 22 50 43 14 10 26 7 39 8 48 13 41 46 16 38 6 15 1 40 47 9 31 20 37 35 3 44 19 21 17 34 30 23 
student 460: 24 16 25 39 31 43 42 3 13 32 27 37 23 17 44 36 2 20 49 45 7 15 26 8 33 1 47 10 41 48 14 38 4 11 6 34 50 5 28 19 46 30 12 40 9 18 22 29 35 21 
student 461: 35 7 25 32 26 40 42 2 20 31 28 38 23 17 46 37 1 14 48 49 8 10 22 6 36 3 50 16 44 34 13 43 5 12 4 33 47 11 27 21 41 30 9 45 15 24 18 39 29 19 
student 462: 19 11 23 30 28 38 48 3 14 27 31 40 18 13 43 35 1 21 44 47 12 7 26 9 34 6 49 10 41 39 29 50 8 15 4 37 46 5 24 20 42 33 2 45 16 22 17 36 32 25 
student 463: 13 11 26 28 38 44 47 4 16 27 31 40 21 18 41 37 1 20 48 43 17 12 29 9 25 7 49 10 45 35 8 42 3 15 2 33 50 6 24 19 34 32 5 46 14 30 23 36 39 22 
student 464: 23 8 26 31 30 35 43 2 19 28 32 37 20 18 44 36 4 16 50 45 10 14 27 12 29 1 49 9 41 38 25 39 3 15 5 42 47 7 24 17 46 33 6 48 11 22 13 40 34 21 
student 465: 28 10 22 33 23 42 50 5 16 27 30 31 14 20 45 32 3 19 47 43 11 6 26 1 35 4 49 15 39 41 21 44 2 13 7 37 48 12 25 17 38 34 9 46 8 24 18 40 36 29 
student 466: 28 10 23 36 27 40 49 4 16 25 29 34 24 18 48 39 1 17 47 42 15 9 31 5 30 3 46 11 43 37 14 44 8 12 6 35 50 7 26 21 41 32 2 45 13 20 19 38 33 22 
student 467: 27 10 32 36 30 38 50 1 9 25 34 29 23 16 43 33 7 24 46 31 14 8 22 6 35 4 48 20 45 42 15 41 3 12 2 37 47 5 19 17 39 28 11 49 13 18 26 40 44 21 
student 468: 13 14 28 36 32 37 46 2 18 31 25 38 23 11 48 30 1 21 47 40 12 10 29 3 33 5 50 9 45 41 20 26 6 16 8 42 49 7 24 19 43 34 4 44 15 27 17 39 35 22 
student 469: 30 9 25 33 31 40 50 1 20 23 28 35 18 17 47 34 3 19 46 43 15 10 26 2 36 7 49 11 48 42 16 41 5 8 13 38 44 6 27 12 37 29 4 45 14 21 22 32 39 24 
student 470: 25 17 23 40 35 43 49 4 15 26 31 36 27 22 42 28 1 18 44 48 11 12 24 6 32 8 46 13 45 41 10 50 5 7 3 33 47 2 30 19 39 29 9 38 14 20 16 34 37 21 
student 471: 24 2 21 35 29 41 46 14 15 25 27 36 22 20 39 33 3 23 47 40 8 10 30 6 32 4 48 16 44 43 19 42 1 11 5 34 49 9 31 18 50 28 7 45 12 17 13 38 37 26 
student 472: 27 11 26 35 40 39 49 3 13 29 30 37 20 19 45 32 1 24 47 42 12 9 22 8 31 2 48 7 43 34 14 41 4 16 5 36 50 6 25 15 46 28 10 44 17 18 21 33 38 23 
student 473: 25 9 26 30 27 40 50 5 15 29 21 37 22 12 42 34 2 20 49 39 14 10 28 4 32 3 47 18 43 41 16 44 7 11 1 38 48 6 36 24 45 33 8 46 13 19 17 31 35 23 
student 474: 28 10 15 29 31 42 49 1 16 26 30 34 22 18 41 32 4 14 44 40 13 2 25 9 35 3 50 11 45 39 17 43 5 12 6 36 48 8 23 21 47 33 7 46 19 24 20 37 38 27 
student 475: 21 9 26 33 28 40 48 1 14 27 30 36 24 16 47 31 4 22 45 42 15 11 25 10 37 2 50 13 46 38 19 41 5 12 6 35 49 3 32 17 43 29 7 44 8 20 23 34 39 18 
student 476: 24 8 23 39 29 32 47 11 18 33 28 40 20 12 43 36 1 27 48 34 15 3 26 7 37 2 50 14 46 42 17 45 6 16 4 38 49 13 25 19 44 35 10 41 5 21 9 30 31 22 
student 477: 26 11 23 36 30 40 50 8 28 27 31 45 24 5 46 33 6 21 49 42 13 10 16 4 34 2 48 7 38 32 20 44 3 14 1 37 47 12 25 18 41 29 9 43 15 17 19 39 35 22 
student 478: 26 6 24 33 32 39 47 5 9 21 28 31 23 15 50 36 1 22 48 41 14 12 20 8 35 4 49 7 44 38 13 42 2 16 11 34 43 10 27 19 46 30 3 45 17 29 18 40 37 25 
student 479: 25 6 24 30 27 39 49 2 20 26 34 38 28 13 40 37 1 17 44 43 15 7 31 3 29 5 47 12 48 36 16 42 11 14 4 35 46 10 19 21 50 32 8 45 9 23 18 41 33 22 
student 480: 29 11 27 37 28 41 46 3 12 23 26 33 17 22 50 34 5 20 47 43 13 4 25 6 30 1 48 7 40 39 16 44 9 14 8 42 49 10 31 18 38 32 2 45 15 21 19 35 36 24 
student 481: 26 11 23 33 30 37 45 3 15 25 28 41 21 19 46 34 1 20 44 40 18 7 24 8 31 2 49 16 39 47 9 43 5 12 4 35 50 10 27 14 48 32 6 42 13 29 17 38 36 22 
student 482: 22 13 23 27 26 38 44 1 17 28 29 33 21 16 46 36 6 20 49 42 11 8 24 3 32 2 50 10 48 39 18 43 7 14 4 37 47 5 30 19 45 34 9 40 12 31 15 41 35 25 
student 483: 26 12 22 41 29 34 48 5 18 31 28 39 23 16 49 38 2 24 44 42 10 3 25 14 32 1 50 6 47 37 9 40 7 11 13 30 43 4 27 19 45 35 8 46 15 21 20 36 33 17 
student 484: 24 9 26 34 29 41 43 5 18 30 28 40 25 16 48 37 2 17 49 39 12 8 23 1 33 3 50 11 47 36 15 44 4 13 6 35 46 7 27 20 45 32 10 42 14 21 19 38 31 22 
student 485: 29 10 28 34 31 39 50 1 18 25 30 36 19 15 47 32 2 12 48 45 22 13 24 4 33 3 49 14 42 38 17 40 5 16 6 35 41 8 26 11 44 27 9 46 7 20 23 37 43 21 
student 486: 22 6 26 34 32 42 47 2 17 27 25 38 24 16 44 30 1 19 41 39 12 13 23 4 33 8 50 10 49 40 15 46 3 11 7 37 48 9 31 21 43 28 5 45 14 20 18 35 36 29 
student 487: 27 10 22 37 23 41 49 1 21 28 32 36 15 18 45 33 2 19 47 46 8 5 24 3 30 9 50 6 43 35 16 38 4 12 11 34 48 13 29 17 42 31 14 44 7 25 20 39 40 26 
student 488: 28 10 24 30 29 46 50 2 16 26 19 38 23 20 45 25 5 21 47 42 14 6 33 9 36 3 48 15 40 41 13 44 1 12 4 39 43 7 34 17 37 32 8 49 11 22 18 31 35 27 
student 489: 25 9 27 31 34 38 47 1 19 29 26 33 21 16 44 32 2 20 45 49 12 4 28 7 36 3 48 11 41 42 14 37 8 15 6 39 50 10 24 18 40 30 5 43 13 23 17 35 46 22 
student 490: 27 11 30 26 24 41 50 6 14 34 31 40 20 17 45 39 1 21 47 43 9 8 25 5 33 2 48 13 38 37 16 29 3 15 4 36 49 10 28 19 44 32 7 46 12 23 22 42 35 18 
student 491: 25 8 23 35 36 39 50 2 19 24 28 40 16 18 41 26 1 29 49 47 14 5 30 7 37 3 46 9 44 38 11 42 6 13 4 33 45 12 21 15 43 34 10 48 17 20 22 31 32 27 
student 492: 32 9 20 35 27 42 44 5 15 25 24 38 21 16 49 33 2 22 43 45 18 13 29 8 30 1 50 4 47 31 14 46 7 11 6 36 48 3 26 19 39 34 10 41 12 23 17 40 37 28 
student 493: 26 17 24 25 31 42 47 4 20 28 30 36 21 18 41 35 5 22 48 44 11 9 29 10 33 1 49 2 39 40 19 43 3 12 7 37 50 13 27 8 45 32 6 46 15 23 14 38 34 16 
student 494: 26 14 31 37 33 43 48 2 11 25 29 39 23 19 47 27 1 20 50 32 13 9 24 7 34 3 49 10 42 36 16 44 5 12 4 35 46 8 28 17 38 30 6 45 15 22 18 41 40 21 
student 495: 22 16 30 38 28 41 48 3 10 25 31 40 23 20 45 33 1 18 50 36 13 12 26 5 32 2 49 9 47 37 14 39 7 11 4 34 46 8 24 19 43 35 6 44 17 27 21 29 42 15 
student 496: 27 10 25 35 24 39 47 2 7 30 33 44 23 15 38 34 1 20 48 37 18 8 28 12 31 6 50 11 41 43 16 45 3 13 9 32 49 4 26 19 42 29 5 46 14 22 17 40 36 21 
student 497: 27 9 24 32 28 43 45 2 19 30 34 38 18 16 42 31 1 15 48 41 21 17 25 5 29 4 50 11 40 37 12 49 6 10 3 35 46 8 26 14 44 33 7 47 13 22 20 39 36 23 
student 498: 18 5 25 38 26 40 50 4 16 30 23 41 22 17 48 32 3 27 49 39 10 13 28 8 33 1 46 11 45 37 15 42 7 12 2 36 47 9 29 20 43 31 6 44 14 19 21 34 35 24 
student 499: 25 13 27 42 34 43 47 1 15 35 33 32 22 16 45 29 2 20 48 44 12 8 28 4 24 10 49 5 46 37 17 41 3 11 7 36 50 9 19 23 38 31 6 40 14 21 18 39 30 26 
