student 0: 39 38 16 23 50 28 30 42 3 37 12 41 36 44 26 17 20 14 6 10 45 15 35 21 13 49 27 24 2 32 5 11 1 9 46 8 43 19 29 33 31 47 48 40 18 4 34 25 22 7 
student 1: 35 44 12 20 50 23 33 42 6 34 10 43 40 45 25 18 19 21 2 9 48 17 39 29 16 49 26 24 5 32 1 15 3 4 38 8 41 11 30 31 28 46 47 36 22 13 37 27 14 7 
student 2: 35 44 17 22 49 29 32 42 3 36 12 38 41 43 31 16 19 20 5 14 48 13 34 24 15 50 21 25 7 30 4 9 6 1 33 11 46 10 28 37 26 45 47 39 23 8 40 27 18 2 
student 3: 34 43 21 18 50 25 30 36 10 42 16 46 37 44 20 11 22 29 6 14 49 17 41 27 13 45 24 26 5 35 1 7 3 2 40 9 39 12 31 32 28 47 48 38 23 8 33 19 15 4 
student 4: 31 43 15 23 49 21 30 39 5 35 11 44 40 36 29 18 14 25 6 8 46 17 41 27 12 50 26 37 4 24 1 10 3 2 45 9 42 16 33 34 22 47 48 38 28 13 32 20 19 7 
student 5: 37 43 14 24 46 28 27 42 2 34 12 49 38 44 26 15 21 16 3 11 50 17 33 23 19 48 25 31 10 29 6 8 5 1 47 9 39 13 30 36 35 40 41 32 20 4 45 22 18 7 
student 6: 35 44 15 25 49 23 31 42 7 33 17 38 36 41 29 16 22 19 4 10 48 12 39 26 13 45 20 30 8 28 1 11 3 9 47 6 43 18 37 34 32 46 50 24 27 5 40 21 14 2 
student 7: 37 40 17 20 48 27 33 38 5 35 14 45 41 39 32 15 19 24 9 2 46 11 42 25 13 50 26 23 10 36 1 8 3 7 49 12 43 18 28 30 31 44 47 29 21 4 34 22 16 6 
student 8: 33 40 15 31 49 30 32 42 3 36 13 44 39 45 35 14 24 17 5 12 47 18 38 27 19 50 26 29 8 21 1 4 2 10 41 6 48 11 28 25 23 43 46 34 22 9 37 16 20 7 
student 9: 37 45 16 24 50 25 28 39 1 33 12 44 42 38 32 17 18 22 5 10 46 14 34 20 13 48 27 26 8 29 4 6 3 9 49 15 40 11 30 35 31 47 43 41 21 2 36 23 19 7 
student 10: 39 46 17 24 47 28 31 35 4 36 16 38 37 42 27 18 19 20 7 15 50 12 41 25 11 49 23 26 10 32 2 8 3 14 48 1 43 9 29 33 30 44 45 34 22 6 40 13 21 5 
student 11: 48 41 20 25 49 26 30 38 2 34 15 40 39 43 31 23 14 21 3 12 44 16 35 9 11 50 29 24 6 28 7 8 1 10 45 13 46 19 32 33 27 42 47 36 22 5 37 18 17 4 
student 12: 35 46 15 19 50 26 33 34 2 45 14 31 43 42 29 18 16 20 6 10 48 17 40 25 11 49 24 27 8 38 1 9 5 7 44 12 39 13 32 30 28 41 47 36 23 4 37 21 22 3 
student 13: 38 46 17 20 48 27 29 39 3 35 9 41 37 42 28 18 16 23 5 8 45 12 36 25 13 50 22 24 4 34 2 7 1 10 47 15 43 14 31 33 26 44 49 32 30 11 40 21 19 6 
student 14: 33 38 21 20 48 31 29 39 3 35 14 41 44 45 32 17 16 19 6 11 46 10 42 28 18 47 22 26 7 37 5 12 1 8 40 9 43 15 23 34 24 49 50 30 27 4 36 13 25 2 
student 15: 33 50 11 29 35 25 27 38 3 39 13 42 40 46 28 18 19 21 6 8 47 16 36 22 17 49 31 26 9 32 2 10 1 12 43 7 45 15 30 37 23 41 48 44 24 4 34 20 14 5 
student 16: 34 42 16 18 47 22 31 43 5 35 11 44 41 36 32 19 20 21 3 10 50 15 39 24 13 49 30 27 2 29 7 9 1 6 48 8 40 14 26 38 28 45 46 33 25 12 37 23 17 4 
student 17: 37 48 18 22 50 21 32 34 2 35 12 47 41 46 29 13 16 20 6 14 49 15 40 26 17 44 31 25 8 30 1 11 5 4 45 10 43 9 27 33 28 36 42 38 24 3 39 23 19 7 
student 18: 38 43 13 20 47 27 35 44 2 36 15 48 40 46 33 18 19 25 4 11 49 17 37 31 16 41 21 30 10 29 1 5 3 9 50 6 34 12 24 32 28 45 39 23 22 8 42 26 14 7 
student 19: 42 46 19 18 48 26 27 36 4 34 15 39 41 38 24 22 16 20 6 5 44 14 40 21 13 50 23 31 10 35 1 7 2 9 45 11 43 12 29 33 28 49 47 32 30 8 37 25 17 3 
student 20: 38 43 23 18 49 26 32 35 17 36 9 42 40 44 33 14 20 25 6 8 50 11 39 24 16 46 22 28 12 34 1 7 3 5 47 10 41 13 27 29 30 45 48 31 21 4 37 19 15 2 
student 21: 39 48 13 23 50 25 33 36 7 34 10 42 43 38 31 19 20 21 3 11 47 16 37 26 12 45 18 28 5 30 1 8 2 4 49 9 41 15 32 35 27 44 46 29 24 14 40 22 17 6 
student 22: 37 42 14 20 45 19 31 39 5 33 11 41 40 43 28 21 17 23 2 16 49 12 35 29 15 47 26 27 10 13 1 8 3 7 48 6 46 18 30 32 34 50 44 36 25 9 38 24 22 4 
student 23: 33 47 13 19 48 16 31 37 2 36 17 44 34 38 29 14 15 21 3 12 50 20 39 24 10 46 26 27 8 35 1 9 7 6 45 11 42 18 41 32 28 43 49 30 22 5 40 23 25 4 
student 24: 39 47 17 24 49 26 32 36 5 33 12 41 40 38 31 16 21 20 2 10 45 15 43 27 14 50 18 25 11 35 1 8 3 7 44 9 42 13 29 30 28 48 46 37 22 4 34 23 19 6 
student 25: 39 50 7 21 48 25 31 37 2 38 10 41 40 46 32 14 16 23 3 17 49 12 36 24 22 47 26 28 5 30 4 9 1 11 44 15 43 13 29 33 27 45 42 34 20 8 35 18 19 6 
student 26: 39 47 15 25 49 24 33 41 7 35 11 40 43 36 30 16 22 18 6 12 46 17 34 28 14 48 21 26 4 37 2 9 3 8 50 10 45 19 29 31 27 42 44 32 20 1 38 23 13 5 
student 27: 37 45 14 27 47 29 25 41 3 34 13 39 42 40 28 18 16 19 4 10 50 17 38 24 15 48 26 23 7 32 2 12 1 6 46 11 43 8 30 33 31 44 49 35 22 9 36 20 21 5 
student 28: 35 42 11 12 49 22 31 40 2 34 14 46 39 43 27 13 23 20 4 15 41 19 37 30 16 50 25 26 10 32 8 7 1 5 47 6 44 17 33 36 28 45 48 29 24 9 38 21 18 3 
student 29: 39 43 14 29 50 25 30 37 7 35 11 46 41 38 27 15 18 20 2 12 47 19 40 22 17 45 21 23 10 33 1 5 8 9 48 6 44 13 32 31 26 49 42 36 28 4 34 24 16 3 
student 30: 38 35 18 14 47 23 31 42 2 33 15 45 44 37 29 13 17 19 5 8 43 22 40 25 16 50 20 27 11 32 1 7 4 6 48 9 46 10 30 36 28 39 49 34 24 12 41 26 21 3 
student 31: 37 44 22 19 47 34 23 41 4 30 14 40 38 42 35 18 16 29 7 13 45 12 39 25 15 49 21 27 6 32 1 5 2 11 50 10 46 9 31 28 26 43 48 36 20 8 33 24 17 3 
student 32: 39 46 18 21 47 22 32 40 7 34 11 44 43 38 29 12 19 13 6 14 49 20 37 25 16 50 23 26 2 24 1 9 3 10 41 8 42 17 31 36 27 45 48 35 15 4 33 28 30 5 
student 33: 43 49 16 15 48 23 33 37 2 34 14 46 42 38 30 20 21 18 6 11 47 17 36 28 12 50 24 25 5 35 1 3 7 9 45 8 44 13 31 29 27 40 41 32 22 4 39 19 26 10 
student 34: 37 47 18 14 48 26 30 38 8 33 7 42 40 41 27 16 13 28 2 17 49 15 39 23 21 50 24 25 11 29 1 6 5 10 43 12 46 9 31 35 34 44 45 32 22 3 36 20 19 4 
student 35: 36 46 15 25 47 28 29 38 6 34 10 41 43 44 33 20 17 18 4 12 45 16 37 26 14 48 27 30 7 24 3 8 2 9 50 13 42 11 32 35 31 39 49 40 19 1 22 21 23 5 
student 36: 38 44 14 19 48 16 29 41 5 39 15 45 40 42 30 20 10 21 6 3 50 28 37 22 7 49 23 25 8 33 1 13 2 11 47 4 35 17 31 34 26 46 43 36 27 12 32 24 18 9 
student 37: 33 45 15 18 49 25 28 35 6 32 13 46 41 42 31 17 20 22 7 10 50 14 40 34 16 47 26 30 9 29 1 11 2 3 44 5 43 12 27 36 23 39 48 38 24 8 37 21 19 4 
student 38: 35 41 16 19 48 25 31 40 1 38 7 46 37 36 30 18 14 22 3 12 50 23 39 28 11 45 24 26 9 32 2 8 5 6 44 13 47 15 29 34 27 43 49 33 21 4 42 20 17 10 
student 39: 38 43 15 18 50 41 31 36 6 34 11 30 39 47 26 19 17 23 5 12 49 20 44 24 14 46 22 27 8 32 2 10 3 7 45 9 42 13 29 35 16 48 40 33 28 1 37 25 21 4 
student 40: 34 49 18 21 46 27 33 44 4 36 13 39 41 38 32 15 16 24 3 11 47 14 42 26 17 48 23 19 7 31 1 10 2 8 50 12 40 9 29 28 30 45 43 35 25 5 37 22 20 6 
student 41: 32 43 16 22 45 20 30 36 1 33 18 41 35 39 28 15 17 26 7 10 49 13 46 25 14 50 21 27 11 34 4 9 3 6 47 8 42 12 37 31 29 48 44 38 23 2 40 24 19 5 
student 42: 40 44 9 19 43 31 32 38 8 37 18 42 34 39 33 15 14 21 3 10 49 20 41 22 5 50 24 26 6 30 1 7 2 12 47 13 45 11 29 28 27 46 48 36 25 17 35 23 16 4 
student 43: 37 43 12 20 48 27 32 45 1 30 15 40 42 39 33 17 13 22 5 14 49 16 38 23 3 50 24 29 10 31 4 8 2 6 44 7 41 11 36 25 28 46 47 35 26 18 34 21 19 9 
student 44: 35 46 9 20 50 28 29 37 3 36 10 45 38 40 27 16 17 18 5 12 41 19 32 26 14 44 23 25 11 39 1 8 2 6 47 13 43 15 30 33 31 48 49 34 22 7 42 24 21 4 
student 45: 34 45 21 16 49 26 30 41 3 35 14 39 36 42 28 9 18 25 4 13 48 20 32 24 15 50 23 29 8 33 2 1 5 11 47 6 43 7 37 40 27 44 46 31 22 10 38 17 19 12 
student 46: 33 43 20 22 49 18 29 40 2 36 13 38 41 45 35 26 12 23 1 11 47 15 39 25 14 50 28 21 7 27 5 8 3 4 48 9 44 17 19 31 24 42 46 32 30 10 34 37 16 6 
student 47: 41 28 11 19 50 21 29 38 1 30 12 44 45 39 27 18 17 25 3 6 49 16 37 26 13 46 24 31 10 34 4 9 2 5 48 14 43 15 32 33 35 47 42 40 22 8 36 20 23 7 
student 48: 37 46 15 19 50 26 29 31 2 33 13 39 42 43 32 18 17 14 1 8 41 21 38 22 12 48 24 30 7 36 5 10 3 9 47 16 44 11 28 34 27 49 45 35 23 4 40 25 20 6 
student 49: 40 43 13 26 50 24 28 36 4 37 12 41 42 38 32 14 17 22 5 10 48 16 39 27 20 49 19 25 9 34 2 6 1 3 45 11 44 15 33 29 23 46 47 30 31 8 35 21 18 7 
student 50: 36 44 21 17 48 19 34 46 1 40 3 45 33 41 29 15 23 24 8 11 43 18 42 32 14 49 16 22 10 37 2 5 12 9 50 7 38 13 27 30 26 39 47 35 28 4 31 25 20 6 
student 51: 37 45 21 24 47 19 32 36 7 22 13 42 43 40 29 14 16 25 2 11 49 12 39 30 18 50 17 31 10 27 1 6 4 9 41 8 44 20 33 34 23 46 48 35 28 5 38 26 15 3 
student 52: 31 44 15 18 50 22 39 40 3 38 10 43 37 46 32 16 20 21 2 12 48 17 33 24 14 49 26 27 9 34 5 7 1 4 45 11 41 13 28 30 29 47 42 36 25 8 35 23 19 6 
student 53: 32 43 12 25 40 30 29 44 5 42 8 38 47 39 27 19 18 22 7 11 48 15 36 21 14 49 28 26 9 33 1 16 4 3 46 10 41 13 31 35 23 45 50 37 24 2 34 17 20 6 
student 54: 37 49 15 22 48 27 32 44 2 36 10 41 33 39 35 11 17 21 8 13 47 19 38 24 14 50 20 29 7 25 4 9 6 5 46 12 42 18 30 31 28 43 45 40 23 1 34 26 16 3 
student 55: 40 48 10 22 49 24 29 35 6 30 14 38 39 41 27 16 17 23 3 12 46 13 44 26 18 50 21 31 11 36 1 7 9 4 42 2 43 15 33 34 28 45 47 32 20 8 37 25 19 5 
student 56: 33 45 18 20 41 27 28 40 3 34 10 44 39 47 31 16 17 22 2 13 50 15 38 25 12 48 19 26 11 35 1 9 4 7 43 8 42 14 30 32 29 49 46 37 23 6 36 24 21 5 
student 57: 37 50 15 22 48 30 31 38 5 35 10 46 39 43 28 18 19 23 3 9 44 17 34 26 12 49 24 27 13 33 1 6 2 8 47 11 41 14 29 32 25 42 45 36 16 4 40 21 20 7 
student 58: 28 46 18 23 48 29 32 42 4 40 12 36 35 34 27 16 20 21 9 10 47 13 39 24 15 45 22 26 5 31 2 11 1 7 49 6 43 14 38 33 30 44 50 37 25 8 41 17 19 3 
student 59: 36 49 18 20 48 27 28 37 3 34 13 44 40 41 25 16 19 21 11 7 45 14 39 29 10 50 23 26 22 31 2 6 4 1 43 5 42 12 32 33 30 47 46 35 24 8 38 17 15 9 
student 60: 33 39 10 21 49 28 35 38 3 34 17 44 40 41 24 15 19 23 5 6 50 16 43 27 11 48 22 31 13 36 1 8 2 12 45 14 42 9 29 26 30 47 46 32 25 4 37 20 18 7 
student 61: 36 47 15 14 48 27 31 41 1 34 11 45 40 39 33 17 20 25 3 16 49 19 32 24 10 50 22 26 12 29 5 7 2 8 44 9 43 13 28 35 30 42 46 37 18 4 38 23 21 6 
student 62: 35 47 16 22 48 29 23 37 5 38 12 45 40 41 31 13 19 26 4 17 42 18 32 20 14 50 15 28 8 33 1 7 2 3 46 11 43 10 27 34 30 44 49 36 25 9 39 24 21 6 
student 63: 34 46 16 18 49 29 31 45 3 38 13 42 39 35 30 10 19 21 5 22 44 14 41 20 12 50 23 25 11 27 1 9 4 6 48 8 40 15 32 36 24 47 43 33 28 2 37 26 17 7 
student 64: 37 43 18 22 49 30 29 36 2 38 11 41 35 44 27 13 16 23 5 12 50 15 40 19 20 42 25 26 7 31 4 6 1 17 46 14 45 10 32 34 28 47 48 33 24 9 39 21 3 8 
student 65: 38 47 16 15 48 24 31 36 2 34 9 37 40 43 29 18 17 23 5 13 49 19 41 26 12 50 25 21 6 33 1 4 3 11 45 10 42 14 30 32 27 44 46 35 28 8 39 20 22 7 
student 66: 38 45 18 20 47 28 36 33 3 39 10 50 40 44 32 15 19 17 9 5 46 16 34 21 12 48 22 27 14 35 1 13 2 8 41 4 43 11 29 30 23 49 42 31 26 6 37 25 24 7 
student 67: 29 44 14 18 46 22 25 42 5 33 7 41 36 43 31 15 17 24 9 11 48 19 40 34 16 49 30 26 10 37 1 6 2 8 39 13 47 12 32 28 27 45 50 35 23 4 38 21 20 3 
student 68: 34 44 17 20 45 24 35 39 7 30 11 46 42 41 32 15 18 21 1 13 47 16 33 19 6 48 22 26 5 38 2 8 12 10 49 9 36 14 31 29 28 43 50 37 25 4 40 27 23 3 
student 69: 41 45 15 20 49 28 31 34 2 37 9 40 42 39 30 13 21 19 1 18 46 17 32 25 10 50 26 23 14 33 4 8 7 5 47 11 43 12 27 35 29 48 44 36 24 3 38 22 16 6 
student 70: 38 43 14 22 49 27 31 40 2 34 9 47 35 42 26 18 20 21 4 12 46 16 39 13 19 50 29 30 8 36 15 5 3 11 44 6 41 7 28 33 25 45 48 32 24 17 37 23 10 1 
student 71: 38 42 24 18 47 27 32 36 2 34 15 49 37 43 23 22 16 30 5 13 46 9 41 28 14 48 20 29 10 35 1 8 3 7 45 12 39 11 31 33 26 44 50 25 21 6 40 19 17 4 
student 72: 36 44 17 23 50 28 31 38 4 34 13 42 39 41 30 19 18 22 11 10 49 9 40 25 14 48 26 27 15 33 3 7 2 12 47 6 43 8 29 32 20 46 45 35 24 5 37 21 16 1 
student 73: 39 45 13 19 46 24 33 31 2 36 14 44 43 38 27 18 16 21 6 4 49 12 35 28 17 50 25 26 9 29 7 11 1 8 47 15 42 5 32 34 30 40 48 37 22 3 41 23 20 10 
student 74: 42 41 9 20 46 23 22 40 3 32 10 45 38 36 30 18 19 24 4 15 48 11 37 26 16 50 21 29 14 31 1 6 5 8 47 13 43 12 33 35 27 49 44 39 28 2 34 25 17 7 
student 75: 32 42 17 20 47 19 31 35 3 36 1 44 43 41 29 18 16 25 5 14 48 15 40 24 13 49 26 28 11 34 6 7 4 9 37 8 50 10 33 30 27 45 46 38 23 12 39 22 21 2 
student 76: 35 44 12 16 49 25 31 39 1 36 17 42 40 37 38 19 6 23 10 14 47 18 32 24 15 50 29 26 3 28 2 9 4 11 48 7 46 13 27 34 30 45 43 33 22 8 41 21 20 5 
student 77: 33 41 13 19 49 29 28 38 3 35 8 46 40 42 26 20 16 24 10 11 45 14 36 23 17 47 22 25 5 39 7 6 1 4 43 15 44 12 30 31 27 50 48 32 18 9 37 34 21 2 
student 78: 33 44 13 17 50 31 30 42 2 32 12 47 38 40 26 14 19 21 5 15 39 11 36 24 20 46 22 25 10 34 1 6 4 7 48 8 41 18 35 43 27 45 49 29 28 3 37 23 16 9 
student 79: 31 44 10 19 50 27 33 42 4 40 14 48 36 37 18 21 17 22 1 12 46 11 35 26 16 47 25 28 9 29 3 13 2 8 43 6 49 15 32 34 38 39 45 30 24 7 41 20 23 5 
student 80: 34 43 19 22 39 33 30 41 5 32 12 44 38 42 26 27 21 20 8 13 50 15 37 17 14 49 24 25 7 35 2 9 4 1 47 10 45 18 29 31 28 46 48 40 23 3 36 11 16 6 
student 81: 37 45 17 26 48 20 30 35 4 36 6 40 39 41 27 15 22 18 2 13 47 16 38 25 12 50 24 21 5 34 7 14 1 11 44 8 43 10 32 31 28 49 46 33 29 9 42 23 19 3 
student 82: 34 42 9 18 48 24 33 36 6 28 7 39 38 40 27 19 11 22 3 4 47 17 41 31 15 50 25 26 13 35 1 10 2 5 49 16 46 14 29 43 30 44 45 32 23 12 37 20 21 8 
student 83: 39 49 14 16 47 28 31 40 5 35 10 43 42 38 29 15 18 23 3 12 46 9 37 24 17 50 25 26 11 36 1 8 4 2 48 7 41 20 34 32 27 44 45 30 19 6 33 21 22 13 
student 84: 36 41 12 18 50 24 35 42 2 37 15 31 43 39 33 17 20 16 6 14 49 19 38 30 10 47 26 29 11 32 4 13 8 9 44 7 46 3 25 27 34 45 48 40 23 5 28 22 21 1 
student 85: 38 41 11 20 44 31 33 36 1 35 8 47 43 48 25 22 16 21 5 15 49 18 42 27 13 50 26 32 7 30 3 12 2 6 46 10 40 14 29 28 24 39 45 34 23 9 37 17 19 4 
student 86: 33 39 5 17 50 28 31 40 1 37 15 45 34 41 29 18 21 23 3 11 47 13 38 26 16 49 20 19 12 43 2 8 7 6 44 14 42 10 35 32 27 46 48 30 24 9 36 25 22 4 
student 87: 32 42 18 20 48 31 29 44 4 33 10 43 40 39 35 16 15 21 5 12 46 19 37 23 13 50 25 26 7 30 1 14 6 2 49 9 38 11 28 34 27 45 47 36 24 8 41 22 17 3 
student 88: 35 46 14 24 48 26 30 41 3 36 6 42 38 44 27 17 22 18 4 11 50 19 39 20 12 47 28 23 5 33 2 10 9 7 45 16 43 15 31 34 29 40 49 32 25 1 37 21 13 8 
student 89: 34 40 15 23 47 38 26 43 3 33 8 29 35 46 36 17 20 24 5 10 41 16 37 30 14 50 27 32 11 31 1 9 2 7 48 12 39 13 25 28 22 45 49 44 19 4 42 21 18 6 
student 90: 34 44 10 19 49 27 36 45 13 33 16 41 39 42 30 15 21 24 5 8 47 18 38 25 9 50 26 20 11 31 1 6 4 12 48 7 46 14 29 32 28 40 43 37 23 3 35 22 17 2 
student 91: 35 45 16 28 49 23 32 37 6 44 11 40 41 47 29 19 20 21 7 15 46 12 38 27 10 50 14 22 13 33 8 5 1 9 43 2 39 17 25 30 31 42 48 34 24 4 36 26 18 3 
student 92: 34 41 11 24 48 18 28 40 4 37 10 43 39 42 20 21 15 23 5 17 49 13 38 27 16 50 26 22 6 32 8 12 2 7 47 9 44 14 30 33 29 45 46 35 25 3 36 19 31 1 
student 93: 36 46 5 19 50 35 33 39 8 34 16 43 42 40 26 17 20 21 3 12 48 18 37 25 13 47 27 29 10 30 1 4 2 7 41 11 49 15 28 32 31 44 45 23 24 9 38 22 14 6 
student 94: 32 45 11 21 48 25 34 42 3 39 15 43 36 37 26 18 19 20 2 10 50 17 41 28 14 49 24 29 13 31 6 7 1 4 47 8 44 12 30 33 27 40 46 35 23 5 38 22 16 9 
student 95: 38 45 16 18 42 36 26 35 2 32 12 37 40 41 29 15 20 19 3 11 48 17 39 22 13 49 25 31 10 30 1 7 4 5 47 8 43 14 27 33 24 46 50 34 28 9 44 23 21 6 
student 96: 34 42 14 13 47 26 35 46 2 36 22 41 40 50 30 15 17 19 6 11 44 23 37 24 16 48 27 31 12 25 1 8 5 7 45 9 38 10 29 39 28 43 49 32 20 4 33 21 18 3 
student 97: 37 43 10 20 50 27 30 41 6 36 19 45 38 39 31 14 16 21 4 15 46 18 40 25 8 47 23 33 11 32 2 9 1 12 49 13 44 7 26 34 28 48 42 29 24 3 35 22 17 5 
student 98: 28 48 15 20 46 25 26 37 4 38 12 42 50 36 33 11 19 31 1 8 49 17 41 21 16 43 24 27 14 34 2 7 3 9 47 10 44 13 32 35 29 40 45 30 23 6 39 18 22 5 
student 99: 34 45 16 20 50 25 29 38 3 35 9 44 41 43 33 15 19 21 12 7 47 18 37 27 14 48 26 28 4 30 1 10 5 2 46 11 42 13 39 31 24 40 49 32 22 6 36 23 17 8 
student 100: 38 42 17 20 50 28 32 37 1 34 9 39 43 41 29 3 18 25 6 12 45 24 40 27 14 48 23 36 10 22 2 7 4 5 44 11 46 13 31 26 35 49 47 30 21 15 33 16 19 8 
student 101: 33 42 16 15 50 23 31 37 1 34 11 44 46 41 29 27 19 14 4 10 49 18 40 26 17 48 24 30 8 28 2 7 3 6 39 9 45 12 32 36 25 47 43 35 21 5 38 22 20 13 
student 102: 38 41 13 24 45 27 25 39 14 37 8 43 42 40 32 19 16 20 1 11 46 15 34 26 12 50 22 30 4 28 2 6 3 9 49 10 47 21 33 35 31 44 48 29 18 5 36 23 17 7 
student 103: 38 45 8 22 48 26 23 40 5 33 13 42 32 43 35 16 17 19 1 12 46 20 41 30 10 50 24 29 9 28 2 15 4 3 49 14 44 7 36 37 31 39 47 21 27 6 34 25 18 11 
student 104: 33 42 12 18 47 24 38 36 5 35 15 37 39 43 29 14 19 21 3 17 50 13 34 25 16 49 23 28 7 41 1 9 6 4 48 10 46 26 27 31 30 44 40 32 22 2 45 11 20 8 
student 105: 36 43 16 25 47 19 31 44 8 32 10 40 41 38 21 17 14 20 3 12 50 13 39 34 23 49 28 26 5 27 2 9 1 7 48 11 42 15 33 37 29 46 45 30 22 4 35 24 18 6 
student 106: 35 42 10 21 49 23 31 40 5 38 15 44 41 34 27 14 19 22 1 8 47 11 37 25 12 50 30 33 9 29 2 6 3 4 43 13 46 17 26 36 28 45 48 32 20 18 39 16 24 7 
student 107: 41 47 13 18 49 27 32 36 10 33 15 39 46 35 30 17 20 23 1 19 43 16 38 21 12 50 25 28 6 31 5 7 2 11 48 8 44 9 22 40 29 45 42 37 26 3 34 24 14 4 
student 108: 35 42 15 22 49 30 32 41 2 34 16 40 45 39 24 14 18 20 4 9 50 17 38 25 12 48 27 31 11 36 3 10 1 8 46 7 44 13 29 33 26 43 47 28 21 5 37 19 23 6 
student 109: 35 42 14 20 44 22 29 37 3 34 10 46 40 38 33 18 17 15 2 13 48 16 39 24 19 47 28 30 9 32 1 11 4 7 45 12 43 8 36 27 26 50 49 31 23 6 41 21 25 5 
student 110: 41 50 17 24 49 26 28 43 1 33 16 45 38 37 29 23 22 13 8 14 48 18 39 30 12 44 15 21 9 32 3 11 5 4 46 7 47 10 35 25 27 40 42 36 31 6 34 20 19 2 
student 111: 35 47 9 25 46 27 28 41 2 38 6 39 36 43 31 18 15 22 4 8 49 17 33 23 16 50 26 21 12 32 3 11 1 5 48 13 44 14 30 34 29 45 37 42 19 7 40 24 20 10 
student 112: 34 48 15 16 49 21 36 35 7 39 12 42 41 40 30 17 23 24 4 9 46 18 38 20 14 50 33 28 10 26 3 8 1 2 44 11 43 13 25 29 32 45 47 31 22 5 37 27 19 6 
student 113: 33 41 12 22 50 24 28 39 4 38 11 43 45 40 31 8 16 19 2 14 48 18 37 26 17 49 27 32 7 25 5 13 3 6 46 9 47 15 35 30 29 42 44 36 23 1 34 21 20 10 
student 114: 36 45 16 22 44 23 28 39 2 34 15 38 42 48 30 18 17 19 4 11 49 14 35 21 12 50 27 24 13 32 9 6 3 5 47 7 43 10 33 31 29 46 41 37 25 1 40 26 20 8 
student 115: 35 47 16 22 49 26 30 48 1 34 14 42 40 38 29 17 18 23 5 8 46 15 39 31 13 50 28 21 11 32 3 7 6 4 43 10 44 12 27 33 25 41 45 36 20 9 37 24 19 2 
student 116: 35 45 15 25 49 28 33 40 1 34 12 44 37 41 31 11 24 21 4 17 47 18 36 27 7 50 19 23 9 29 2 6 3 10 46 13 42 14 30 38 26 43 48 32 16 8 39 22 20 5 
student 117: 36 49 12 15 47 24 32 39 6 44 10 40 41 45 25 18 22 20 5 21 43 14 34 29 17 48 26 28 7 31 1 3 4 2 46 8 37 9 30 35 27 42 50 33 23 11 38 16 19 13 
student 118: 33 45 12 22 46 23 40 39 3 43 11 32 38 28 30 29 14 26 5 15 50 18 41 27 13 49 24 25 6 35 4 9 1 2 48 7 47 10 31 34 21 37 42 36 16 17 44 20 19 8 
student 119: 35 45 14 25 50 30 28 39 4 33 16 40 42 41 27 18 24 20 3 11 47 17 36 29 15 49 21 23 5 38 2 8 1 7 44 10 43 13 26 37 32 46 48 31 19 9 34 12 22 6 
student 120: 43 46 15 19 49 24 34 38 1 33 10 44 39 36 30 17 14 20 3 21 42 11 35 29 16 50 28 26 9 32 2 12 5 7 48 8 41 13 31 27 25 47 45 40 23 4 37 22 18 6 
student 121: 32 47 16 20 48 26 24 37 1 40 12 42 43 41 29 17 22 23 6 14 45 15 35 30 13 49 25 28 10 31 5 8 2 7 46 11 38 9 33 34 21 44 50 36 19 4 39 27 18 3 
student 122: 39 41 19 21 48 29 38 40 6 30 10 43 42 47 33 18 15 17 2 11 45 12 34 24 16 44 26 32 5 25 1 9 8 7 46 13 36 14 31 28 27 49 50 37 22 4 35 23 20 3 
student 123: 36 38 15 23 45 25 35 34 2 40 11 39 41 43 28 17 14 22 4 12 49 18 42 26 16 50 19 30 9 33 1 6 3 7 47 8 44 13 32 31 27 46 48 29 24 5 37 21 20 10 
student 124: 35 45 18 20 48 22 31 41 3 33 4 42 43 38 27 15 12 26 8 14 47 11 39 24 7 49 21 28 9 36 2 6 1 16 44 13 40 17 32 30 29 46 50 34 25 10 37 23 19 5 
student 125: 32 43 26 19 49 29 24 36 3 37 15 40 44 42 30 23 13 20 1 16 48 12 35 27 11 46 25 17 8 34 4 6 2 5 45 9 39 10 31 33 28 47 50 41 21 14 38 22 18 7 
student 126: 35 43 14 20 49 22 30 33 5 34 11 41 45 36 24 9 19 17 4 18 48 15 38 27 16 50 25 26 12 29 2 6 3 8 44 10 46 13 32 39 23 42 47 37 31 7 40 28 21 1 
student 127: 37 43 14 23 47 20 32 41 1 33 9 42 39 40 29 21 13 24 4 18 49 15 34 26 17 50 25 27 11 35 2 6 3 7 45 8 46 12 28 30 31 44 48 36 19 10 38 22 16 5 
student 128: 46 47 11 14 50 27 31 34 3 36 17 40 49 43 28 16 18 20 2 12 39 19 45 25 15 48 23 26 13 33 4 8 9 6 44 10 37 7 30 35 29 41 42 32 24 5 38 22 21 1 
student 129: 30 41 15 19 48 25 34 39 5 32 14 43 42 37 29 18 17 27 6 11 50 16 35 31 13 49 23 22 2 33 1 9 4 10 44 8 45 12 40 28 26 46 47 36 24 7 38 21 20 3 
student 130: 34 46 19 20 49 21 32 33 10 39 7 41 38 43 28 18 13 22 6 12 45 15 42 23 17 48 30 25 5 36 9 1 2 8 44 14 47 11 29 26 31 40 50 35 27 4 37 24 16 3 
student 131: 37 41 8 20 47 28 31 38 2 35 12 45 49 44 24 15 18 21 4 11 39 17 40 26 19 46 23 30 9 32 6 3 1 13 42 10 36 14 29 34 27 50 48 33 25 7 43 22 16 5 
student 132: 39 42 14 25 48 24 30 40 2 36 8 45 43 41 28 16 19 22 5 13 44 17 38 23 15 49 18 34 11 27 4 9 1 6 50 12 37 10 31 32 29 46 47 33 20 7 35 26 21 3 
student 133: 39 43 21 24 50 23 31 37 2 36 7 41 47 38 29 18 15 22 4 9 49 10 40 27 14 48 26 17 12 34 3 8 1 6 42 13 45 16 30 32 28 44 46 33 25 11 35 20 19 5 
student 134: 41 43 13 19 50 31 32 35 5 36 12 45 42 39 27 17 20 22 6 4 48 10 37 25 16 49 23 26 15 29 2 9 3 8 46 11 40 14 30 33 28 44 47 34 24 1 38 21 18 7 
student 135: 35 41 15 16 50 26 37 36 2 28 13 44 40 42 31 21 19 20 3 14 48 18 39 22 10 49 30 25 8 32 1 7 4 5 47 9 46 12 27 33 29 45 43 38 24 11 34 23 17 6 
student 136: 39 44 10 19 48 26 33 36 7 34 13 42 40 43 29 16 18 22 2 8 47 12 38 23 15 50 25 28 6 35 3 14 1 11 49 9 45 24 30 37 27 41 46 31 21 5 32 20 17 4 
student 137: 34 44 20 21 49 27 32 43 3 31 9 40 42 39 30 16 23 15 2 8 50 19 36 22 13 48 28 29 14 33 1 12 4 11 46 7 41 10 26 35 25 45 47 38 17 6 37 24 18 5 
student 138: 36 45 22 18 46 34 30 41 4 33 12 40 43 39 28 20 15 27 3 10 50 23 38 21 14 48 24 25 7 31 1 9 2 11 47 8 42 13 29 32 26 44 49 35 17 6 37 19 16 5 
student 139: 30 40 15 26 49 28 31 39 5 35 9 46 34 42 27 23 16 20 8 11 43 17 38 32 12 48 21 25 6 33 3 4 2 1 44 13 50 14 29 36 24 41 47 37 22 10 45 19 18 7 
student 140: 29 42 13 21 50 23 30 44 4 38 15 39 40 43 32 17 22 16 3 5 47 19 37 25 12 48 24 27 6 31 1 8 2 10 49 9 41 11 35 28 33 46 45 34 26 7 36 18 20 14 
student 141: 39 41 14 20 44 27 30 40 3 42 7 43 36 38 28 16 19 24 1 13 48 18 37 25 15 49 21 29 10 33 2 8 11 4 47 12 45 9 31 34 23 50 46 35 22 6 32 26 17 5 
student 142: 33 43 15 20 47 27 36 40 1 37 13 42 41 46 31 16 18 21 5 10 44 17 39 24 14 49 22 25 9 30 2 8 3 7 45 12 38 11 29 32 28 48 50 34 26 6 35 23 19 4 
student 143: 32 40 11 21 49 28 30 31 3 35 10 41 36 39 27 16 17 23 2 14 42 24 46 25 15 50 34 26 9 37 5 8 4 12 48 6 44 13 29 33 19 45 47 38 20 7 43 22 18 1 
student 144: 39 44 21 17 49 24 28 37 6 34 13 43 36 41 29 16 18 20 5 4 47 14 42 27 15 48 26 30 8 40 2 11 1 10 45 12 50 9 31 35 25 38 46 32 23 3 33 19 22 7 
student 145: 36 50 17 21 46 26 32 38 4 29 15 44 41 40 33 23 19 22 8 16 48 12 39 31 18 49 25 28 13 35 1 3 2 5 43 9 42 11 27 34 24 47 45 30 10 7 37 20 14 6 
student 146: 34 45 15 20 50 26 30 39 1 38 6 42 41 37 19 16 17 24 7 12 48 13 36 23 14 46 25 28 9 33 2 10 4 8 49 11 47 18 29 32 31 43 44 35 21 5 40 27 22 3 
student 147: 36 50 12 20 47 23 32 34 4 35 13 43 42 38 31 15 16 17 6 3 46 19 40 27 18 49 25 28 10 29 1 11 2 7 44 9 45 14 26 41 30 37 48 33 21 8 39 22 24 5 
student 148: 34 40 18 23 48 25 38 44 2 33 7 37 41 43 29 16 19 15 8 13 47 21 42 24 14 50 30 20 11 32 4 9 1 6 49 10 39 12 27 31 26 45 46 36 28 3 35 17 22 5 
student 149: 34 41 15 22 50 26 28 40 2 38 18 42 36 44 31 19 16 20 3 14 49 12 39 27 8 48 24 25 11 35 4 6 1 5 43 13 46 10 29 32 30 45 47 33 23 9 37 21 17 7 
student 150: 35 49 19 18 47 27 28 37 9 34 16 44 43 39 24 15 17 20 4 13 50 12 41 25 10 48 22 31 7 36 2 8 3 5 46 11 42 14 32 29 30 40 45 33 23 1 38 26 21 6 
student 151: 38 43 10 21 45 28 29 41 3 30 9 40 35 42 26 13 18 25 6 14 46 15 39 23 20 49 22 37 4 31 1 8 2 19 44 7 50 12 27 32 34 48 47 36 16 11 33 24 17 5 
student 152: 30 44 14 19 50 27 34 33 3 36 12 43 41 40 28 17 13 25 4 16 47 15 39 21 20 49 23 24 9 31 8 11 2 6 42 10 46 7 29 35 26 48 45 37 32 5 38 22 18 1 
student 153: 43 44 10 15 47 26 29 46 1 37 11 38 39 41 33 23 19 25 7 4 45 13 36 21 18 48 22 28 17 27 3 12 6 9 49 5 40 14 31 32 30 42 50 35 24 2 34 20 16 8 
student 154: 34 42 14 18 50 25 31 39 7 37 13 41 44 43 32 17 19 24 4 12 48 16 40 23 11 49 22 30 9 29 3 6 1 8 47 10 46 15 27 33 26 45 36 35 28 5 38 21 20 2 
student 155: 39 47 16 20 50 27 24 40 1 30 9 46 36 44 29 18 17 19 3 14 49 13 42 25 15 45 22 26 7 32 2 12 5 8 41 10 31 11 34 38 37 43 48 33 28 6 35 23 21 4 
student 156: 32 45 16 17 49 24 40 37 2 35 18 41 46 34 30 13 19 22 6 9 47 5 39 25 11 50 21 28 7 31 1 4 8 14 43 10 42 15 29 33 27 48 44 38 20 3 36 23 26 12 
student 157: 34 43 20 21 49 26 33 41 2 38 8 44 42 39 29 14 19 24 4 7 47 17 37 25 12 50 22 28 10 32 3 6 1 5 36 11 45 15 35 31 27 48 46 30 23 9 40 16 18 13 
student 158: 35 44 10 20 49 23 28 36 4 38 8 43 40 45 32 16 18 22 2 6 47 15 39 34 21 50 25 26 12 29 3 7 1 9 42 13 41 14 30 31 27 46 48 33 24 5 37 17 19 11 
student 159: 32 44 29 21 50 23 34 41 4 38 14 42 37 39 33 13 11 16 2 15 49 19 27 28 18 48 12 26 9 40 1 10 3 7 46 8 43 17 31 35 30 45 47 25 24 6 36 22 20 5 
student 160: 42 44 10 18 50 27 31 41 3 35 9 40 36 39 29 20 17 23 4 7 46 19 38 26 13 49 22 24 16 34 1 12 2 14 45 5 43 11 28 33 30 47 48 32 25 6 37 21 15 8 
student 161: 34 40 16 19 48 23 29 45 6 42 10 41 37 44 33 11 17 18 3 12 49 20 39 26 9 50 24 28 8 36 1 7 2 13 43 15 38 14 27 30 32 46 47 31 22 5 35 25 21 4 
student 162: 33 41 14 21 48 28 29 44 6 42 7 38 36 40 30 15 17 22 2 10 45 11 39 26 12 49 23 25 8 31 3 1 9 16 50 19 43 13 32 37 27 46 47 34 24 4 35 20 18 5 
student 163: 37 42 13 18 50 24 28 39 5 32 8 45 38 44 30 21 16 23 1 12 49 17 40 27 15 48 22 26 9 36 2 7 3 10 43 11 41 14 31 34 29 47 46 35 19 6 20 33 25 4 
student 164: 39 43 16 21 45 23 32 35 5 40 12 42 34 41 29 18 20 24 1 10 50 11 36 17 14 49 25 30 13 28 4 9 2 7 46 8 44 15 31 33 26 48 47 37 27 6 38 22 19 3 
student 165: 37 44 9 26 49 27 34 36 7 32 10 39 40 43 30 17 18 20 13 12 47 14 38 22 21 50 23 31 4 33 1 8 2 5 46 11 42 16 29 35 28 45 48 25 19 6 41 24 15 3 
student 166: 36 38 15 20 49 26 31 42 2 40 12 46 45 41 27 16 19 22 5 10 43 18 37 25 13 48 17 28 14 33 4 7 1 9 39 11 44 6 29 32 30 47 50 34 24 8 35 21 23 3 
student 167: 35 45 15 27 46 32 29 37 1 34 11 39 42 43 33 20 18 19 6 10 49 16 38 28 13 50 21 22 12 30 3 8 5 7 41 9 44 14 25 36 26 48 47 31 24 2 40 23 17 4 
student 168: 38 45 15 26 47 25 33 42 4 32 10 41 39 40 19 20 21 23 3 12 44 16 35 30 17 49 22 31 6 37 8 2 1 11 50 13 43 7 29 36 28 46 48 34 27 9 24 14 18 5 
student 169: 39 43 13 18 48 25 30 45 2 35 10 42 38 40 28 19 20 24 6 9 50 16 37 23 17 49 26 31 4 32 3 15 1 7 46 12 47 11 33 36 14 41 44 34 21 8 29 27 22 5 
student 170: 37 38 15 23 44 20 31 42 3 35 14 45 49 36 26 18 8 19 6 10 48 16 41 24 12 47 33 25 9 34 1 11 4 7 40 13 43 21 28 32 29 46 50 30 27 5 39 22 17 2 
student 171: 35 44 15 21 49 27 30 43 2 39 11 41 40 42 28 19 12 25 3 9 48 14 33 23 16 50 24 26 10 34 1 8 6 5 37 13 46 17 32 29 31 47 45 38 20 7 36 22 18 4 
student 172: 35 43 13 12 46 22 31 41 1 37 15 36 39 42 26 21 17 20 6 7 49 18 40 28 10 50 24 29 9 33 2 14 3 8 47 11 45 16 27 32 30 48 44 34 19 4 38 25 23 5 
student 173: 30 41 15 19 48 31 35 40 4 32 12 45 42 37 27 18 21 22 2 11 49 17 36 23 14 50 26 29 6 38 1 10 5 8 47 9 46 13 28 39 24 43 44 34 25 7 33 16 20 3 
student 174: 31 47 15 19 45 21 30 40 5 38 16 41 42 43 34 20 17 26 3 13 49 9 37 28 12 50 23 27 10 32 2 7 1 4 44 11 39 14 29 35 25 48 46 33 24 8 36 22 18 6 
student 175: 36 45 11 22 47 26 33 39 5 34 10 44 38 41 29 19 9 18 2 13 49 15 40 20 14 50 25 27 12 32 3 17 6 4 46 1 42 21 31 30 28 43 48 35 24 8 37 23 16 7 
student 176: 37 44 14 20 47 24 33 35 3 34 10 48 36 41 29 15 17 21 5 16 45 19 40 26 12 46 25 27 9 38 2 4 6 8 50 11 42 13 31 28 30 49 43 32 23 1 39 22 18 7 
student 177: 31 43 18 20 48 30 26 35 4 39 10 45 42 44 32 14 21 22 3 13 50 19 38 27 11 41 24 25 9 28 6 8 1 5 46 12 40 17 33 34 29 47 49 36 23 2 37 16 15 7 
student 178: 36 43 15 23 50 24 35 34 2 30 8 41 40 38 27 16 18 20 9 6 48 19 39 25 13 47 31 26 5 33 4 11 10 7 45 14 49 12 32 29 28 44 46 42 22 3 37 21 17 1 
student 179: 30 41 14 17 48 31 33 35 4 38 8 42 50 37 36 18 20 21 2 10 47 16 39 25 13 49 24 26 9 29 1 7 6 11 44 12 43 15 27 34 28 45 46 32 23 3 40 19 22 5 
student 180: 36 46 12 15 49 28 34 38 5 43 16 42 40 41 30 2 14 20 6 10 44 23 37 21 24 47 27 25 13 31 9 8 1 4 45 11 39 17 29 33 22 48 50 32 26 7 35 19 18 3 
student 181: 37 40 11 20 50 29 33 36 5 35 12 42 45 43 28 18 16 21 2 10 47 19 39 24 14 49 25 27 8 31 3 9 1 7 46 15 41 13 34 30 26 48 44 32 23 6 38 22 17 4 
student 182: 33 46 15 13 49 28 35 37 6 36 11 40 41 44 30 19 21 18 2 14 43 20 38 23 17 50 25 32 9 34 3 8 1 5 42 7 45 12 27 29 26 47 48 31 24 10 39 22 16 4 
student 183: 37 46 21 25 49 26 28 38 3 35 7 41 40 44 27 16 12 24 8 11 47 17 39 20 15 48 18 30 10 29 2 6 1 5 50 13 42 14 31 33 32 43 45 34 23 9 36 22 19 4 
student 184: 38 43 13 23 48 24 35 39 2 34 10 40 49 42 28 20 15 18 7 12 45 17 36 21 16 46 27 25 11 30 1 9 5 4 47 14 41 6 29 33 31 44 50 32 22 3 37 26 19 8 
student 185: 33 42 18 17 48 34 28 44 8 32 10 40 47 37 22 20 16 19 2 9 46 15 39 30 14 45 27 25 7 31 1 12 3 5 43 13 41 11 29 35 26 49 50 36 24 6 38 23 21 4 
student 186: 31 43 9 21 50 26 29 42 3 39 13 46 36 41 34 19 22 14 4 12 40 11 38 20 10 47 24 27 15 35 1 8 2 5 49 17 44 18 33 28 32 48 45 30 25 6 37 16 23 7 
student 187: 43 37 14 17 44 23 32 38 3 22 10 39 48 41 30 16 20 25 8 11 47 18 40 19 12 49 26 28 15 29 2 9 1 4 46 13 50 7 35 36 31 42 45 33 27 6 34 21 24 5 
student 188: 31 46 14 18 48 28 32 38 5 36 12 42 40 41 29 13 17 21 2 9 50 16 39 26 23 47 22 30 15 34 6 4 8 3 49 7 43 11 24 35 27 44 45 33 25 10 37 19 20 1 
student 189: 32 44 13 18 48 25 27 33 2 31 14 42 38 43 29 21 9 22 1 7 46 17 40 16 15 49 26 35 11 36 3 8 4 12 47 10 39 19 34 28 30 50 41 37 20 6 45 24 23 5 
student 190: 38 42 10 18 50 22 26 39 3 35 16 41 40 45 30 19 15 17 6 7 46 20 36 25 14 49 24 29 12 31 1 11 2 4 47 9 43 13 33 32 27 44 48 34 28 8 37 21 23 5 
student 191: 37 45 12 20 50 29 31 38 5 28 13 41 39 36 30 24 16 22 1 11 49 18 42 26 14 44 21 27 10 35 3 8 2 7 48 6 43 15 34 32 25 46 47 33 19 9 40 23 17 4 
student 192: 40 41 16 21 49 26 36 30 6 34 9 44 38 39 35 15 19 25 5 13 48 17 43 22 18 50 27 32 2 29 3 8 1 7 47 11 45 12 28 31 23 42 46 33 20 4 37 24 14 10 
student 193: 45 40 13 19 49 27 29 38 1 33 17 39 41 42 34 18 22 20 5 11 47 14 37 31 15 50 16 28 7 30 2 6 3 12 46 10 44 9 24 35 26 43 48 32 23 8 36 21 25 4 
student 194: 30 50 13 19 49 24 33 45 3 37 15 35 39 41 31 17 22 26 4 9 44 16 38 20 14 47 23 29 8 36 2 10 1 5 43 18 48 11 27 32 25 42 46 40 28 6 34 21 12 7 
student 195: 31 45 8 22 50 29 34 35 5 39 14 43 42 41 28 19 12 24 1 13 47 17 40 26 16 48 18 25 6 33 2 10 3 4 49 11 38 15 37 30 27 46 44 32 23 9 36 21 20 7 
student 196: 37 40 12 20 46 22 35 42 3 38 9 32 43 41 27 16 23 24 2 6 48 17 33 25 14 50 26 28 11 31 1 10 4 7 47 13 45 15 30 36 29 44 49 34 21 8 39 19 18 5 
student 197: 39 44 17 21 50 20 27 42 7 37 16 40 36 38 30 18 13 22 1 8 48 19 43 23 15 49 26 29 4 28 5 6 3 2 47 10 41 12 32 34 31 45 46 33 24 9 35 25 14 11 
student 198: 37 46 15 21 49 22 24 40 7 36 2 42 43 39 33 17 16 20 6 10 45 23 38 18 12 47 26 30 9 32 4 11 1 8 48 14 41 13 31 29 28 50 44 34 25 3 35 27 19 5 
student 199: 32 44 5 24 47 27 34 35 4 36 13 46 40 41 30 18 16 21 3 10 45 17 38 25 15 50 23 29 12 28 2 11 8 7 49 9 43 14 31 33 26 48 42 37 22 6 39 20 19 1 
student 200: 38 44 10 14 46 25 30 40 2 36 11 42 32 41 28 17 21 27 4 5 50 16 39 24 15 48 23 20 8 37 3 7 1 9 45 13 49 12 29 33 35 43 47 31 22 19 34 18 26 6 
student 201: 33 44 14 18 49 28 31 41 4 35 15 42 40 43 16 22 23 12 1 6 48 20 39 24 10 50 27 30 2 29 3 11 7 13 47 5 38 17 26 32 34 45 46 37 25 8 36 19 21 9 
student 202: 36 45 16 20 50 30 29 40 8 28 14 42 41 39 33 17 19 21 5 13 46 12 38 25 9 49 26 27 6 34 2 11 1 7 43 10 44 15 24 35 31 47 48 32 22 3 37 23 18 4 
student 203: 31 45 16 30 49 21 33 44 1 35 12 40 42 38 27 17 22 20 4 9 46 13 37 19 15 48 23 28 8 34 2 10 7 5 47 11 41 14 25 32 24 50 43 39 18 6 36 26 29 3 
student 204: 39 42 13 17 50 27 31 44 3 34 19 37 35 45 29 16 20 21 1 11 49 15 38 22 12 47 24 26 9 30 2 8 5 14 46 7 41 10 32 36 28 43 48 33 25 4 40 23 18 6 
student 205: 35 39 18 14 49 24 29 36 4 48 12 31 40 41 33 15 16 20 2 8 47 19 43 22 17 50 23 26 10 32 1 11 9 5 46 7 44 13 34 37 28 45 42 30 25 6 38 21 27 3 
student 206: 37 46 16 26 49 24 32 36 3 34 7 41 39 42 30 18 21 19 2 8 48 13 40 27 15 50 23 28 11 25 1 9 6 5 43 12 44 14 31 35 29 45 47 38 22 10 33 20 17 4 
student 207: 32 44 4 25 49 28 31 42 2 41 10 35 43 40 23 19 20 17 1 16 50 15 39 27 13 48 18 29 8 30 5 11 3 9 47 12 38 14 24 34 33 46 45 37 22 6 36 26 21 7 
student 208: 37 44 15 17 48 25 32 41 9 33 12 45 40 42 26 18 23 24 3 10 49 4 36 22 16 50 20 29 5 30 1 13 7 8 47 11 39 14 28 34 31 43 46 35 27 6 38 21 19 2 
student 209: 37 44 14 26 49 24 28 47 5 31 11 45 42 40 27 21 15 22 4 12 50 19 39 29 13 43 23 30 9 33 3 2 1 6 46 10 41 16 32 36 20 38 48 34 25 7 35 18 17 8 
student 210: 34 43 14 13 50 27 32 41 1 36 15 45 39 40 28 21 19 24 4 9 49 16 37 26 17 48 25 23 10 33 7 8 2 6 47 11 46 12 30 31 29 44 42 35 22 3 38 18 20 5 
student 211: 33 46 8 17 49 27 34 39 2 30 12 41 45 43 29 18 23 19 5 14 42 16 36 24 13 50 26 32 10 38 1 7 3 9 48 11 40 15 28 37 31 44 47 25 21 4 35 20 22 6 
student 212: 36 34 11 16 50 24 29 42 5 37 17 44 39 40 32 15 19 21 3 9 47 14 38 28 18 48 31 25 6 30 1 13 2 8 45 12 43 10 27 33 26 49 46 35 22 4 41 23 20 7 
student 213: 36 49 18 20 50 24 29 43 4 39 13 38 42 34 28 15 16 23 5 14 46 21 44 30 6 40 22 32 7 31 1 11 2 10 41 12 48 9 27 35 25 45 47 33 26 8 37 19 17 3 
student 214: 34 47 16 20 49 26 31 39 5 25 9 46 37 41 32 10 17 22 3 8 48 18 38 24 12 50 21 30 15 33 1 6 2 11 44 13 42 14 27 40 28 43 45 35 23 7 36 29 19 4 
student 215: 34 40 13 18 48 24 29 39 6 38 11 43 37 42 30 14 22 12 4 20 45 19 41 27 15 50 10 25 9 28 2 17 3 8 44 7 46 16 32 33 26 49 47 35 31 5 36 23 21 1 
student 216: 37 44 16 24 48 25 31 40 3 36 10 38 39 43 27 18 20 26 8 9 46 15 42 28 14 50 21 29 4 32 2 6 7 12 41 13 47 11 30 33 22 49 45 34 23 1 35 19 17 5 
student 217: 34 44 15 19 45 27 31 39 1 21 16 41 36 42 37 11 20 14 2 12 50 18 38 25 17 49 24 26 8 32 3 4 6 7 47 9 43 13 29 35 28 48 46 33 30 10 40 23 22 5 
student 218: 36 44 17 23 50 19 37 40 7 34 13 39 38 45 31 12 18 32 3 14 47 20 43 26 16 49 24 25 9 29 5 4 2 1 35 6 42 8 30 28 27 46 48 33 21 10 41 22 15 11 
student 219: 31 45 15 16 50 25 34 35 2 40 7 41 37 42 30 29 23 12 6 18 47 17 38 19 8 48 20 27 13 36 9 3 1 11 46 14 44 5 32 39 26 43 49 28 24 10 33 22 21 4 
student 220: 34 50 15 18 42 26 31 39 7 32 13 43 40 41 28 16 17 20 1 9 46 23 36 24 11 47 27 29 10 33 3 14 2 8 44 6 48 12 30 38 25 45 49 35 22 4 37 21 19 5 
student 221: 37 34 18 12 48 25 31 39 6 32 17 49 38 47 30 22 16 20 3 7 46 19 41 24 11 50 28 26 10 35 4 9 1 8 45 13 42 14 33 29 27 40 44 36 23 2 43 21 15 5 
student 222: 35 43 13 21 50 23 33 45 1 30 10 40 39 42 28 19 22 15 5 12 47 17 37 27 18 49 25 38 9 26 2 3 4 8 44 11 41 16 29 36 32 46 48 34 24 7 31 14 20 6 
student 223: 38 37 11 15 41 31 29 45 1 36 10 49 39 40 27 17 20 18 3 5 50 14 42 22 19 48 24 32 13 21 6 9 8 2 46 7 43 16 33 34 25 44 47 35 28 12 30 23 26 4 
student 224: 36 47 16 17 49 21 33 38 2 35 18 44 39 41 31 19 22 25 1 11 46 12 37 27 15 45 13 26 6 30 5 10 3 4 50 8 40 7 28 32 29 42 48 34 23 9 43 24 20 14 
student 225: 37 46 16 19 45 24 25 39 3 34 10 40 41 43 27 14 18 22 2 13 48 23 35 21 17 49 29 26 11 33 1 5 4 7 42 9 50 15 30 32 31 44 47 36 28 8 38 20 12 6 
student 226: 40 36 11 13 47 28 30 44 1 39 16 49 34 37 26 18 15 25 6 14 48 21 41 27 12 50 22 23 10 38 2 8 3 7 45 17 32 9 29 31 24 42 46 35 33 5 43 20 19 4 
student 227: 38 46 12 19 47 25 31 36 1 35 11 42 39 43 30 18 21 23 6 10 49 16 41 27 13 48 22 24 8 33 2 9 3 5 44 14 40 17 26 32 29 50 45 34 28 7 37 20 15 4 
student 228: 39 40 12 13 49 21 27 41 3 36 14 43 35 38 22 15 18 23 1 10 44 28 37 32 17 50 24 26 11 33 7 9 5 2 47 6 42 16 29 31 30 46 48 34 25 8 45 20 19 4 
student 229: 36 43 16 21 48 19 33 47 3 32 7 42 40 39 30 17 18 22 4 14 45 11 37 27 8 50 24 28 9 34 1 15 2 12 41 13 44 10 29 35 25 46 49 31 26 6 38 23 20 5 
student 230: 32 46 14 17 43 28 23 39 7 40 12 44 35 38 31 16 24 15 2 8 50 19 37 20 18 48 34 29 5 33 1 10 3 9 42 6 45 13 27 25 30 47 49 41 26 4 36 21 22 11 
student 231: 37 44 18 19 49 30 26 42 6 34 13 46 39 40 32 15 17 24 11 12 45 20 38 25 14 47 28 33 4 31 1 9 2 5 48 10 41 7 21 27 35 43 50 29 16 8 36 23 22 3 
student 232: 43 40 11 17 49 25 38 36 1 33 15 39 41 47 29 18 19 28 5 14 48 12 35 26 10 50 24 21 8 31 3 4 7 9 44 13 45 16 30 34 27 42 46 37 22 6 32 20 23 2 
student 233: 34 42 14 15 45 27 32 38 3 36 11 39 40 44 28 19 10 24 4 9 50 16 47 23 17 46 25 31 12 37 8 5 1 6 43 21 48 13 29 30 22 41 49 33 26 7 35 18 20 2 
student 234: 35 45 17 19 48 21 30 39 1 34 13 40 43 41 27 18 15 20 7 12 50 8 42 28 16 49 25 26 10 29 3 9 4 6 38 11 46 14 31 37 32 47 44 36 24 5 33 23 22 2 
student 235: 34 41 16 19 48 29 33 38 2 37 12 44 40 42 27 22 15 20 5 4 46 18 39 25 17 49 23 26 9 28 3 6 1 11 50 10 47 13 30 32 31 43 45 36 24 7 35 21 14 8 
student 236: 39 42 17 18 46 28 30 34 5 35 9 43 44 48 29 16 19 21 4 8 45 15 36 26 11 50 27 31 1 32 2 12 3 6 47 13 40 14 33 24 25 41 49 37 23 10 38 20 22 7 
student 237: 35 41 8 27 49 28 32 40 2 36 13 47 39 42 30 21 20 17 5 10 50 19 37 18 16 44 24 25 9 38 1 12 3 7 46 4 43 14 31 33 26 45 48 29 23 11 34 22 15 6 
student 238: 36 43 18 22 49 29 27 38 3 35 17 44 41 37 33 16 20 25 2 11 45 14 40 19 13 50 23 26 8 31 1 7 10 4 46 9 42 12 30 32 21 47 48 34 28 6 39 24 15 5 
student 239: 40 39 20 19 48 28 31 36 6 33 13 41 43 38 25 16 15 21 1 14 46 11 34 27 17 45 24 32 4 35 3 10 7 9 50 8 44 12 29 37 26 47 49 30 23 5 42 22 18 2 
student 240: 47 41 15 18 50 27 33 32 14 36 4 39 40 42 28 21 19 25 2 11 49 13 38 22 7 46 24 29 9 31 1 6 8 3 48 16 43 12 30 37 26 45 44 34 20 5 35 23 17 10 
student 241: 35 46 13 19 48 33 29 40 6 34 9 43 42 41 28 10 15 14 17 4 44 18 39 23 16 50 24 26 12 31 2 11 1 7 49 8 45 25 30 37 27 36 47 32 22 5 38 20 21 3 
student 242: 35 43 19 18 48 26 24 41 6 34 15 40 39 49 27 16 20 21 3 12 47 14 37 28 13 46 22 31 9 33 2 7 1 4 50 11 44 10 32 29 30 45 42 36 25 8 38 23 17 5 
student 243: 32 46 14 20 41 29 33 40 3 37 9 43 44 42 28 16 18 24 4 11 48 17 39 27 13 50 25 23 7 36 1 12 2 8 49 10 38 15 31 30 26 45 47 35 21 5 34 22 19 6 
student 244: 38 44 17 19 43 27 33 32 3 30 12 48 42 40 29 15 21 20 5 11 46 16 36 23 13 50 26 31 7 24 4 10 2 9 45 6 41 14 34 37 28 49 47 35 22 8 39 25 18 1 
student 245: 35 41 14 21 48 22 33 40 1 34 12 43 45 37 28 15 20 23 13 10 44 16 42 27 11 49 25 32 6 29 3 7 2 4 46 9 47 8 24 36 30 39 50 31 19 17 38 26 18 5 
student 246: 41 46 15 25 49 29 31 38 5 34 16 39 43 37 33 17 23 19 2 12 48 14 40 20 13 50 24 26 7 30 1 3 4 8 44 6 47 10 32 28 27 45 42 36 18 9 35 21 22 11 
student 247: 34 47 11 21 43 18 32 40 4 37 13 44 42 41 31 16 17 22 2 19 45 14 36 24 8 50 25 23 10 30 1 7 3 9 46 12 39 15 28 33 29 49 48 38 20 5 35 27 26 6 
student 248: 38 45 7 18 50 27 32 40 2 37 13 41 33 43 11 17 22 23 8 16 48 20 36 26 12 46 24 28 10 29 4 9 1 5 44 19 42 15 31 34 30 49 47 35 21 6 39 25 14 3 
student 249: 39 47 14 22 45 23 26 37 2 34 24 40 35 42 28 17 19 27 3 9 43 15 44 20 12 49 25 32 10 31 1 5 6 8 48 11 41 13 30 38 29 46 50 33 21 4 36 18 16 7 
student 250: 34 47 19 12 49 27 31 43 3 36 5 42 37 41 23 13 21 24 7 11 44 16 46 26 17 50 25 28 10 29 2 15 1 9 40 8 39 14 35 32 30 48 45 33 18 6 38 20 22 4 
student 251: 33 40 16 10 50 26 29 38 1 37 15 48 45 44 35 18 19 21 6 14 41 12 42 24 13 46 22 23 9 31 4 8 2 5 49 11 39 17 27 32 28 47 43 36 25 7 30 20 34 3 
student 252: 35 37 14 21 46 27 32 41 4 33 15 43 40 42 23 9 24 22 5 11 50 16 38 26 12 45 18 30 6 29 1 13 2 3 48 10 47 17 25 34 31 44 49 36 28 8 39 20 19 7 
student 253: 31 40 17 26 48 23 30 41 4 37 8 39 42 49 29 19 20 21 14 5 44 12 38 25 13 50 24 27 9 33 1 10 3 7 43 15 45 11 35 36 28 47 46 32 22 2 34 18 16 6 
student 254: 36 46 13 22 44 24 32 37 1 35 11 41 40 38 25 19 20 17 2 8 43 16 45 29 18 50 21 26 9 34 6 10 3 5 49 12 42 15 30 31 33 47 48 28 27 7 39 23 14 4 
student 255: 34 43 11 21 48 25 30 37 3 33 15 41 40 47 27 17 16 22 1 9 46 19 39 29 10 50 28 24 8 26 2 7 4 6 45 13 42 14 32 35 31 44 49 38 20 5 36 23 18 12 
student 256: 35 40 14 24 45 27 32 42 16 33 8 38 37 41 29 13 12 18 6 19 47 17 34 20 10 48 25 23 5 36 1 7 2 15 50 9 46 11 43 30 28 44 49 39 22 3 31 21 26 4 
student 257: 38 41 16 9 45 28 32 43 10 33 13 47 37 40 36 17 21 22 4 14 44 20 34 23 15 48 25 26 6 30 1 5 2 8 46 7 49 19 27 31 29 42 50 35 18 12 39 24 11 3 
student 258: 33 45 15 21 49 26 30 36 2 38 11 44 40 41 29 16 17 20 5 10 46 14 31 24 12 50 32 28 6 34 7 13 1 4 47 9 42 18 25 37 27 43 48 35 23 8 39 22 19 3 
student 259: 36 44 18 26 48 19 32 39 1 33 13 43 41 37 31 17 23 28 5 8 46 14 38 24 12 50 22 25 10 29 3 7 4 9 45 11 47 15 30 34 27 42 49 35 20 2 40 21 16 6 
student 260: 35 41 10 19 48 26 32 38 8 43 12 42 39 40 31 18 22 29 11 16 45 15 33 30 14 50 21 24 9 34 5 6 1 3 49 13 47 7 37 27 25 46 44 28 17 2 36 23 20 4 
student 261: 32 45 11 27 46 16 30 40 14 36 12 42 41 43 29 15 18 24 2 8 50 20 39 25 17 44 22 23 9 35 1 7 4 6 47 10 37 13 26 33 28 48 49 31 21 5 38 34 19 3 
student 262: 37 45 15 20 47 26 30 44 2 32 9 41 39 40 21 19 17 22 3 11 49 16 35 28 13 50 25 29 12 33 1 10 8 7 43 5 46 14 31 34 27 42 48 38 24 4 36 23 18 6 
student 263: 34 43 14 19 50 23 29 41 9 37 4 39 35 42 25 15 16 26 5 7 45 24 36 21 13 47 22 32 18 30 1 17 2 11 49 8 44 10 31 40 28 48 46 38 27 6 33 12 20 3 
student 264: 30 44 12 16 48 33 28 39 3 38 13 42 41 40 29 18 21 22 2 8 49 17 35 25 14 50 24 26 9 34 1 10 7 4 47 11 43 15 32 36 27 46 45 37 20 6 31 23 19 5 
student 265: 39 44 14 19 42 27 30 38 1 37 13 43 34 41 29 17 18 23 4 12 47 16 40 26 15 49 24 28 8 31 7 6 2 11 48 10 46 9 33 32 21 45 50 35 20 5 36 25 22 3 
student 266: 30 43 18 23 46 27 31 40 2 38 15 41 37 49 28 16 9 22 6 10 50 20 39 29 11 48 26 19 13 34 1 12 4 8 44 7 42 17 33 32 25 47 45 36 24 3 35 14 21 5 
student 267: 35 44 12 31 46 21 30 27 6 33 10 42 39 41 28 17 15 24 2 14 48 16 38 26 13 47 23 34 7 36 5 9 1 4 49 11 37 20 25 29 40 43 50 45 22 8 32 19 18 3 
student 268: 35 44 16 21 50 27 34 40 2 33 6 41 39 43 31 18 17 24 3 13 47 14 38 29 15 49 25 30 11 28 5 1 4 10 48 12 42 7 23 32 26 46 45 37 22 8 36 19 20 9 
student 269: 32 46 16 21 49 27 33 38 4 44 9 37 43 42 29 11 20 17 2 7 41 22 39 25 15 50 24 26 12 30 1 10 3 5 47 13 40 14 36 31 28 45 48 35 23 6 34 18 19 8 
student 270: 37 44 16 20 50 28 34 43 3 38 12 40 35 42 30 8 18 19 4 14 49 17 39 27 15 46 23 24 5 25 1 9 6 2 45 7 41 11 31 36 29 48 47 33 26 13 32 22 21 10 
student 271: 33 45 19 15 47 27 35 42 2 38 10 36 39 43 29 21 17 26 4 8 48 14 40 23 12 50 22 28 13 31 1 9 6 7 46 16 41 11 32 30 18 44 49 37 24 5 34 25 20 3 
student 272: 38 46 13 24 50 28 36 41 2 37 12 42 39 40 26 18 19 17 10 14 45 16 35 33 15 49 25 21 8 31 1 5 4 6 44 7 43 9 30 29 27 47 48 34 22 3 32 20 23 11 
student 273: 36 47 10 15 49 29 30 38 3 35 13 43 41 39 34 20 16 22 4 11 45 18 40 27 17 50 25 26 7 31 1 6 2 8 44 9 42 12 24 37 28 48 46 32 23 14 33 21 19 5 
student 274: 33 45 13 23 49 26 32 40 7 37 12 41 38 44 34 14 16 21 4 11 48 15 35 24 18 50 25 29 17 31 2 6 3 9 47 8 46 10 28 27 30 43 42 36 20 5 39 19 22 1 
student 275: 36 42 16 22 50 28 35 37 1 33 17 39 44 38 30 14 18 20 5 8 48 7 45 25 15 46 27 24 6 32 2 11 4 10 47 13 40 12 31 29 26 43 49 34 19 3 41 23 21 9 
student 276: 38 43 16 24 49 27 29 41 4 39 9 42 46 36 31 14 19 18 5 13 47 17 37 26 15 50 23 25 10 34 1 8 3 7 48 11 40 12 32 30 28 45 44 35 22 2 33 21 20 6 
student 277: 33 45 15 18 49 27 38 40 2 34 14 43 39 42 30 21 19 13 3 11 50 16 37 26 17 48 24 25 10 31 1 6 5 8 46 9 41 12 29 35 28 44 47 32 23 7 36 22 20 4 
student 278: 34 41 10 23 47 26 31 35 3 33 14 42 38 45 27 20 21 22 1 16 46 18 40 25 12 48 24 28 8 36 4 9 2 5 50 11 43 17 30 32 29 44 49 39 19 7 37 13 15 6 
student 279: 36 41 13 20 49 23 29 38 4 33 17 37 42 43 32 14 18 22 5 15 50 16 40 27 11 47 21 24 9 30 1 8 3 6 48 10 44 12 28 31 39 45 46 34 26 2 35 19 25 7 
student 280: 37 45 16 20 48 28 36 42 5 35 4 39 41 38 27 17 7 22 10 14 44 15 40 21 9 50 26 30 12 29 1 11 2 6 46 13 43 19 34 33 25 49 47 31 23 3 32 24 18 8 
student 281: 35 50 13 17 49 24 34 38 3 37 11 45 40 44 28 14 15 25 5 16 47 22 36 27 21 48 20 29 9 33 2 10 4 1 39 8 43 12 30 31 26 42 46 32 18 6 41 19 23 7 
student 282: 33 45 18 20 49 25 34 41 3 36 9 39 43 38 29 17 12 30 4 13 47 16 44 24 14 50 23 26 6 31 1 8 2 10 46 11 40 15 28 32 27 42 48 35 21 7 37 22 19 5 
student 283: 36 41 14 20 47 28 32 40 4 37 7 31 35 46 30 16 19 24 5 11 49 15 39 26 13 50 25 27 3 33 2 12 1 8 48 10 43 17 29 34 22 44 45 38 23 9 42 21 18 6 
student 284: 36 44 14 19 50 28 30 37 6 35 7 40 41 42 26 22 16 17 10 8 48 18 39 24 15 49 23 29 4 34 1 12 2 3 46 13 43 9 25 38 31 45 47 32 21 11 33 27 20 5 
student 285: 33 44 15 20 48 25 32 42 6 36 13 39 46 37 26 19 18 21 3 11 49 16 38 29 14 50 23 24 12 31 1 5 2 4 43 7 41 9 30 34 27 45 47 40 28 10 35 22 17 8 
student 286: 35 33 14 20 50 26 28 38 5 37 13 47 39 42 36 19 18 22 1 9 45 17 41 24 12 49 23 27 10 30 2 8 4 6 43 15 44 16 29 34 31 48 46 32 11 7 40 21 25 3 
student 287: 38 40 16 24 46 25 22 37 4 35 8 44 39 43 31 17 27 19 6 9 47 21 42 26 15 50 23 30 11 34 1 14 3 7 36 12 45 10 29 33 28 49 48 32 20 5 41 13 18 2 
student 288: 41 42 19 24 49 29 31 38 4 34 13 45 39 36 28 5 27 14 8 18 47 17 37 26 15 50 20 32 9 25 6 2 1 11 46 12 44 10 35 33 22 43 48 40 23 7 30 16 21 3 
student 289: 35 45 11 17 48 23 30 38 1 36 6 42 40 39 25 16 19 27 3 8 49 21 34 28 18 47 24 26 12 33 2 7 4 5 44 10 43 15 29 32 41 50 46 31 22 13 37 20 14 9 
student 290: 37 44 15 17 47 28 36 42 6 35 10 41 34 40 30 18 19 21 11 3 50 27 39 25 14 49 22 24 9 32 4 8 5 13 45 12 46 7 26 33 29 43 48 31 20 2 38 23 16 1 
student 291: 42 44 15 18 46 25 27 28 3 36 16 43 38 45 33 20 14 21 4 9 39 17 32 26 11 49 35 23 19 29 2 8 1 7 48 10 34 13 31 40 30 50 47 37 22 5 41 12 24 6 
student 292: 38 45 14 19 49 22 34 32 3 36 15 42 37 40 29 17 23 21 4 8 47 12 39 26 16 48 25 28 10 30 2 5 1 9 50 11 43 13 27 35 33 46 44 31 24 7 41 20 18 6 
student 293: 37 43 18 14 39 20 36 40 2 34 11 44 42 38 31 12 17 19 4 10 49 21 41 25 15 50 22 26 16 32 1 8 5 7 48 9 45 13 33 30 27 47 46 29 28 6 35 24 23 3 
student 294: 38 42 14 20 44 22 28 36 7 31 11 40 45 41 23 17 24 18 2 4 50 16 39 26 15 49 27 32 10 29 3 8 6 5 48 12 46 13 34 30 33 43 47 37 25 9 35 19 21 1 
student 295: 33 38 14 22 50 28 32 34 4 40 13 45 43 36 30 16 18 19 6 12 48 15 42 26 10 49 24 25 11 29 2 8 1 5 44 9 47 17 31 35 27 41 46 37 20 7 39 21 23 3 
student 296: 37 43 16 18 49 23 32 39 1 41 14 42 36 38 29 17 20 19 4 10 47 15 40 26 7 50 22 28 12 33 3 6 2 8 44 9 45 13 25 31 30 48 46 34 27 11 35 21 24 5 
student 297: 32 41 13 20 48 35 25 38 4 37 11 42 45 49 31 15 17 19 5 14 39 16 36 18 8 46 30 26 12 28 1 9 2 6 44 21 43 10 40 34 24 47 50 29 23 3 33 27 22 7 
student 298: 37 42 15 18 48 26 31 40 2 34 14 43 41 47 27 17 21 22 10 11 49 16 33 29 12 50 25 24 9 32 1 8 4 6 45 7 36 13 28 38 30 44 46 35 23 3 39 19 20 5 
student 299: 39 49 18 12 48 24 37 40 5 33 17 42 41 38 31 20 19 22 1 15 46 11 35 16 14 50 29 26 9 32 4 7 2 3 45 13 43 10 28 30 27 44 47 36 25 8 34 23 21 6 
student 300: 34 45 8 17 49 31 26 40 2 30 18 43 38 41 32 23 19 16 5 9 37 15 36 25 11 50 27 24 3 33 1 7 4 10 47 14 44 12 29 39 22 46 48 42 28 6 35 20 21 13 
student 301: 36 48 13 23 49 22 30 38 8 33 11 40 41 39 27 18 14 21 5 17 46 16 35 20 19 50 25 24 9 34 1 4 2 7 47 10 42 12 31 37 29 43 45 32 28 6 44 26 15 3 
student 302: 39 48 14 17 47 27 32 38 4 36 10 45 43 40 29 13 23 18 1 11 49 15 35 25 19 50 24 21 9 33 3 22 2 6 42 7 37 16 28 31 30 46 44 34 26 5 41 20 12 8 
student 303: 35 37 20 18 48 26 28 43 1 39 17 32 42 34 29 14 15 23 9 7 47 11 45 30 12 49 24 31 10 36 2 16 4 6 41 8 50 13 27 25 40 46 44 38 21 5 33 22 19 3 
student 304: 39 44 13 19 50 24 31 41 3 33 9 42 40 38 32 16 17 20 1 10 49 18 36 29 12 46 26 35 11 28 2 8 4 5 48 15 43 6 30 25 27 47 45 34 23 7 37 21 22 14 
student 305: 36 41 15 22 48 25 33 32 6 37 11 43 38 42 28 17 14 23 4 10 50 19 39 24 16 49 29 18 9 31 1 7 2 12 45 8 44 13 30 35 27 46 47 34 21 5 40 26 20 3 
student 306: 32 48 15 18 46 24 27 39 6 34 7 43 38 42 31 14 19 21 2 11 47 16 41 22 17 49 25 29 8 36 3 10 1 9 50 13 40 12 37 33 28 44 45 30 23 5 35 26 20 4 
student 307: 36 43 16 20 49 27 31 37 3 35 4 42 41 39 28 10 21 17 6 15 46 14 38 26 12 50 24 25 9 34 1 13 2 8 48 7 44 19 30 33 29 47 45 32 23 5 40 22 18 11 
student 308: 36 44 13 23 49 19 33 40 2 34 10 43 35 37 24 14 20 16 3 8 45 15 48 29 17 50 27 28 7 26 1 9 12 6 39 11 42 18 38 32 25 46 47 31 22 5 41 30 21 4 
student 309: 35 48 9 19 49 23 37 41 7 31 10 39 47 40 24 20 17 25 1 12 42 16 38 26 13 46 28 27 14 30 3 4 11 2 50 8 43 15 32 29 33 44 45 36 22 5 34 21 18 6 
student 310: 41 44 11 16 50 28 32 40 2 38 15 46 42 31 29 22 18 19 6 10 45 8 33 21 23 48 20 24 4 35 5 7 9 13 49 12 47 14 36 34 26 39 43 30 27 1 37 25 17 3 
student 311: 37 42 14 19 50 22 31 36 4 38 11 46 39 40 32 18 17 23 3 6 48 15 41 21 10 49 24 27 9 29 2 7 1 13 43 12 47 20 34 33 30 45 44 28 26 8 35 25 16 5 
student 312: 35 47 14 16 50 39 30 40 2 32 13 42 41 38 27 15 19 22 12 9 49 23 37 20 17 48 26 24 6 28 3 7 4 10 45 1 43 11 29 33 31 44 46 36 25 8 34 21 18 5 
student 313: 35 41 19 14 48 26 37 33 1 34 17 44 46 36 30 21 22 20 7 4 50 13 43 27 18 49 24 16 15 31 3 5 10 9 38 11 40 12 32 28 29 47 45 39 25 2 42 23 8 6 
student 314: 46 42 13 22 49 23 33 38 1 31 14 44 41 39 29 17 18 30 7 11 47 16 37 27 15 50 25 28 8 32 2 5 4 10 45 6 35 12 26 34 24 43 48 36 20 9 40 21 19 3 
student 315: 27 45 16 14 47 26 32 39 3 38 11 41 40 44 28 20 19 25 1 18 48 17 36 24 13 49 22 29 7 33 2 5 4 10 50 12 43 9 30 35 31 42 46 34 23 8 37 15 21 6 
student 316: 35 47 12 27 46 30 31 39 2 36 9 40 41 42 16 17 19 18 1 23 50 14 37 25 15 49 21 22 11 29 4 7 5 10 44 8 43 13 32 34 28 45 48 38 26 6 33 24 20 3 
student 317: 37 43 20 14 50 25 31 41 1 33 11 40 35 46 26 13 19 18 6 10 49 16 38 27 12 45 24 30 9 34 8 5 2 17 47 7 42 15 32 29 28 44 48 39 21 3 36 23 22 4 
student 318: 35 48 16 20 47 25 32 40 8 37 7 39 36 42 31 15 19 27 6 10 49 17 38 23 14 50 22 28 13 29 1 4 2 3 46 12 41 9 30 33 24 44 43 34 26 11 45 18 21 5 
student 319: 38 45 12 26 49 21 32 41 3 37 7 43 36 40 31 16 19 23 2 11 50 17 39 25 15 47 24 28 9 33 1 8 4 6 46 10 42 13 30 29 27 44 48 34 18 14 35 22 20 5 
student 320: 36 39 15 24 50 26 37 38 1 34 16 44 43 40 33 17 18 23 5 11 49 13 41 25 14 48 22 30 9 29 6 8 2 12 47 3 42 4 31 28 27 46 45 32 21 10 35 20 19 7 
student 321: 33 42 18 23 50 26 27 35 8 41 7 38 40 46 30 16 20 19 9 10 48 17 36 31 11 49 24 22 6 32 2 14 3 4 47 12 43 15 28 39 29 44 45 34 21 5 37 25 13 1 
student 322: 36 44 10 26 41 19 27 42 3 35 14 45 39 40 29 25 17 20 1 12 49 15 32 18 16 50 23 30 8 33 9 7 6 5 46 11 43 13 31 38 28 48 47 34 22 4 37 24 21 2 
student 323: 46 39 11 19 45 26 38 40 4 35 12 44 34 41 28 13 18 21 5 15 48 16 31 23 17 50 22 30 9 42 2 14 3 8 43 6 37 10 32 29 25 47 49 33 27 1 36 20 24 7 
student 324: 34 42 15 18 50 29 33 39 2 35 12 44 41 43 30 20 13 22 5 10 48 16 37 27 9 47 25 26 7 28 1 14 4 6 45 11 40 19 31 32 21 46 49 36 24 8 38 23 17 3 
student 325: 40 41 16 20 50 33 24 38 6 36 10 39 42 44 31 14 21 19 3 9 47 17 37 29 11 49 23 30 7 28 1 12 2 4 48 13 45 15 32 25 27 43 46 34 26 8 35 22 18 5 
student 326: 31 45 13 17 50 26 35 36 3 42 14 41 39 40 32 18 16 19 7 15 48 20 34 25 11 49 28 24 8 30 2 9 1 4 46 10 43 12 27 33 29 44 47 37 21 6 38 23 22 5 
student 327: 36 47 7 20 43 27 34 40 8 33 15 44 41 38 23 14 9 12 5 16 48 19 35 24 22 50 21 31 10 32 1 3 2 4 49 13 45 17 28 39 26 46 42 30 29 11 37 25 18 6 
student 328: 39 44 16 21 49 30 31 34 3 35 13 38 41 42 25 15 18 22 5 11 45 17 40 23 14 50 19 26 10 28 4 9 1 2 43 6 46 12 32 33 29 47 48 36 24 8 37 27 20 7 
student 329: 36 49 17 21 48 26 31 39 2 33 11 41 40 43 29 13 25 20 7 12 47 18 38 23 15 50 22 24 9 34 3 4 1 8 45 10 46 14 35 30 28 42 44 32 16 5 37 27 19 6 
student 330: 32 49 12 19 45 24 27 41 5 39 15 29 38 40 31 17 21 20 3 18 43 11 42 30 14 48 26 25 10 34 6 8 1 7 47 9 44 13 36 37 28 46 50 35 22 4 33 23 16 2 
student 331: 39 46 14 23 50 29 35 40 8 25 13 37 49 43 30 22 15 19 2 7 42 18 36 24 12 45 26 32 11 31 1 4 3 9 41 10 47 16 20 38 27 44 48 34 17 6 33 28 21 5 
student 332: 41 45 13 18 49 26 29 44 3 34 12 33 39 43 31 22 20 19 1 10 48 17 38 23 14 50 24 25 11 35 2 8 4 7 47 9 37 16 27 40 28 42 46 36 30 5 32 21 15 6 
student 333: 40 41 15 24 46 28 33 43 6 39 18 30 47 45 22 19 20 26 9 7 44 16 34 31 12 49 23 32 8 25 2 11 1 3 48 5 38 10 36 29 27 42 50 37 17 14 35 13 21 4 
student 334: 36 48 8 17 50 27 35 39 3 38 16 45 43 40 26 18 21 20 4 12 47 19 33 25 14 49 23 30 7 29 1 11 2 9 46 10 41 13 28 31 32 44 42 34 24 6 37 22 15 5 
student 335: 35 47 22 18 48 23 30 38 4 29 3 36 39 45 28 15 11 19 7 16 49 21 40 26 17 50 25 27 8 32 1 9 2 5 43 13 46 10 33 41 31 42 44 34 24 12 37 20 14 6 
student 336: 36 44 15 18 45 23 32 37 4 34 9 42 43 38 31 19 17 21 6 13 47 16 40 25 12 50 22 28 14 26 2 11 1 7 46 8 41 3 29 35 33 48 49 30 27 10 39 24 20 5 
student 337: 38 42 18 19 48 26 36 40 4 31 15 49 39 41 34 16 17 24 7 9 47 14 37 21 12 50 25 33 10 29 5 2 3 11 44 6 45 13 28 27 30 43 46 32 20 1 35 23 22 8 
student 338: 36 46 15 22 50 25 27 38 2 34 10 42 41 39 32 7 19 23 6 13 47 18 35 21 24 48 29 31 4 40 1 11 3 8 45 9 43 14 28 30 26 44 49 33 20 12 37 17 16 5 
student 339: 35 38 12 21 47 22 28 42 3 32 17 50 41 43 33 16 18 19 7 10 48 15 36 31 14 49 29 23 4 37 2 8 1 11 40 6 46 13 25 34 24 45 44 30 27 5 39 26 20 9 
student 340: 40 48 22 18 50 23 34 43 3 28 8 44 39 36 29 20 19 26 6 11 49 15 33 27 12 41 24 30 5 38 2 14 1 7 47 13 45 17 32 31 25 42 46 37 16 10 35 21 9 4 
student 341: 35 49 14 22 47 32 23 39 3 31 8 44 40 42 27 18 21 19 2 10 46 16 38 28 13 48 25 24 9 33 1 12 6 7 45 4 41 15 30 34 26 43 50 36 29 11 37 20 17 5 
student 342: 39 44 17 30 49 32 28 40 2 38 11 43 41 42 23 19 12 20 4 8 47 18 36 25 15 50 24 26 7 34 10 9 1 13 37 5 45 14 27 33 35 46 48 29 21 6 31 22 16 3 
student 343: 37 43 13 18 49 24 32 40 6 34 5 44 35 42 30 12 20 27 10 14 48 21 39 25 15 50 22 29 4 36 2 7 1 9 46 16 41 11 33 28 31 45 47 26 23 8 38 19 17 3 
student 344: 36 45 18 26 46 29 30 38 2 35 7 50 43 40 22 14 17 21 1 13 49 16 39 28 15 47 25 20 10 27 3 4 6 11 48 12 41 9 31 32 34 44 42 33 23 8 37 24 19 5 
student 345: 42 45 16 20 47 28 22 36 7 31 11 44 40 39 32 19 21 18 4 10 49 15 34 24 14 48 27 30 2 29 12 9 1 3 50 5 41 13 37 33 26 46 43 35 23 8 38 25 17 6 
student 346: 40 41 15 21 45 23 38 37 2 34 14 50 39 44 29 19 18 16 5 13 47 17 36 27 8 48 26 25 9 32 1 10 4 7 46 11 42 12 30 33 28 43 49 31 20 3 35 24 22 6 
student 347: 39 46 18 14 48 27 31 40 8 36 4 41 37 43 25 19 17 22 2 13 50 12 38 26 16 49 24 28 10 32 1 9 6 7 42 15 44 5 30 33 29 47 45 34 23 11 35 21 20 3 
student 348: 42 47 15 20 48 19 35 38 6 37 16 45 41 43 28 17 18 22 2 12 46 13 31 26 14 50 32 24 4 29 1 9 3 10 40 11 44 8 36 30 27 39 49 33 25 7 34 23 21 5 
student 349: 40 43 10 22 50 26 33 36 3 35 6 46 48 37 27 18 21 12 7 15 44 14 39 23 17 49 25 31 13 29 1 8 2 11 45 16 41 9 32 30 34 47 42 38 19 4 28 24 20 5 
student 350: 33 49 10 20 48 26 31 39 3 40 11 43 41 42 30 18 16 22 6 9 46 17 37 23 12 50 29 25 15 35 1 8 2 7 38 13 45 14 27 34 24 47 44 28 21 5 36 32 19 4 
student 351: 40 49 18 17 42 19 31 29 5 38 13 44 39 35 28 16 21 24 6 11 48 15 43 30 14 50 26 27 7 33 2 8 10 4 46 12 41 9 25 34 32 45 47 36 23 1 37 22 20 3 
student 352: 36 42 19 17 48 27 31 39 2 37 14 41 43 46 28 9 16 21 4 11 47 20 38 24 15 49 23 25 6 34 5 12 1 3 40 10 44 13 29 35 33 45 50 30 22 8 32 26 18 7 
student 353: 32 47 14 22 48 29 34 35 2 39 12 43 42 40 30 26 21 23 3 11 45 17 38 25 13 49 20 28 7 33 1 6 8 9 50 10 36 15 27 37 24 44 46 31 18 5 41 19 16 4 
student 354: 39 45 18 21 48 19 34 44 6 36 14 40 38 41 27 20 17 26 2 12 49 10 37 28 23 50 16 24 8 33 3 7 1 5 46 13 43 15 29 30 35 42 47 31 25 4 32 22 11 9 
student 355: 37 48 12 20 47 26 32 39 3 30 11 41 38 36 33 19 13 24 5 7 49 18 40 21 17 50 22 27 10 31 1 9 4 2 45 16 42 14 29 34 28 44 46 35 25 8 43 23 15 6 
student 356: 36 44 15 20 43 25 32 45 8 39 13 34 37 40 30 18 17 22 2 5 50 16 35 24 14 47 23 28 12 33 1 9 6 11 46 3 48 10 26 29 31 42 49 41 21 7 38 19 27 4 
student 357: 38 48 14 19 50 28 26 40 2 34 12 43 41 44 31 18 17 24 5 9 46 20 39 21 11 49 27 30 6 35 3 8 1 10 37 7 42 13 22 33 29 47 45 32 23 15 36 25 16 4 
student 358: 32 40 20 19 46 26 28 44 4 37 11 38 41 39 31 15 16 18 7 13 50 17 48 24 14 47 25 29 1 34 5 12 3 9 49 6 43 10 30 33 27 45 42 35 23 8 36 22 21 2 
student 359: 37 48 20 23 44 24 32 36 4 42 13 47 43 41 27 9 18 15 10 19 50 16 38 22 12 49 26 28 11 31 1 6 3 14 46 2 34 8 30 33 29 45 39 35 21 7 40 25 17 5 
student 360: 37 46 12 20 50 27 34 41 2 33 13 39 40 43 28 15 17 21 4 11 47 23 36 29 16 44 22 25 6 35 3 9 1 8 49 10 42 14 30 31 24 45 48 32 18 5 38 26 19 7 
student 361: 34 44 14 20 50 24 31 39 5 36 12 40 41 42 32 17 15 19 8 16 43 18 38 21 13 49 26 28 11 27 2 4 3 10 48 7 45 6 35 33 29 46 47 30 22 9 37 25 23 1 
student 362: 32 43 12 24 48 25 34 37 5 33 16 44 40 45 30 11 17 19 6 14 49 22 41 23 15 50 26 27 9 29 1 3 2 7 42 10 46 13 31 35 28 39 47 36 20 8 38 21 18 4 
student 363: 37 42 20 17 49 36 29 35 2 38 15 44 39 41 27 16 14 22 10 7 46 19 40 25 13 48 23 24 11 34 1 6 3 9 47 8 45 12 26 32 30 43 50 31 28 4 33 18 21 5 
student 364: 33 42 18 19 50 22 35 40 3 39 7 41 43 37 30 17 14 23 5 12 48 15 38 24 13 49 28 27 8 29 4 9 1 6 44 11 45 16 31 32 26 47 46 34 25 10 36 20 21 2 
student 365: 40 44 13 17 48 24 30 42 4 32 12 43 38 37 27 20 21 19 1 10 50 15 36 29 11 47 18 31 9 35 2 8 3 6 46 14 49 16 33 34 25 45 41 28 26 5 39 22 23 7 
student 366: 32 46 13 19 49 23 33 42 1 36 14 40 43 37 31 18 17 20 4 9 50 16 34 25 15 48 28 24 8 26 2 11 3 10 44 12 41 7 29 38 30 47 45 35 21 6 39 22 27 5 
student 367: 35 47 21 32 50 24 29 38 3 34 11 43 37 41 39 16 20 18 5 15 49 13 36 25 19 46 22 28 9 30 4 8 2 1 45 10 44 14 33 27 26 42 48 31 17 7 40 23 12 6 
student 368: 41 48 13 15 46 21 29 38 5 31 14 44 43 37 30 24 19 23 2 12 47 16 39 35 3 49 27 25 11 26 1 10 4 7 40 9 45 17 34 32 28 42 50 33 18 8 36 22 20 6 
student 369: 41 43 14 22 46 27 31 39 5 38 12 44 34 40 28 17 19 21 2 4 48 16 37 35 15 50 29 18 9 30 1 10 6 3 45 11 42 13 26 33 24 47 49 32 20 8 36 25 23 7 
student 370: 36 43 10 23 42 24 31 37 1 33 9 49 38 40 32 17 14 19 12 7 48 21 46 29 16 44 22 26 13 34 8 6 3 4 47 15 41 11 27 35 28 45 50 30 25 5 39 20 18 2 
student 371: 37 43 23 19 48 26 31 39 5 35 14 40 41 42 28 20 15 18 2 9 47 17 32 24 16 49 21 34 6 38 4 11 3 7 46 10 45 12 29 33 27 44 50 30 25 8 36 22 13 1 
student 372: 34 42 13 19 46 21 27 39 5 38 17 43 40 48 26 18 15 23 4 11 44 16 37 30 10 50 29 36 7 33 2 9 1 8 47 12 41 14 28 31 24 45 49 32 20 3 35 22 25 6 
student 373: 35 46 11 20 44 26 30 42 4 32 14 41 37 40 27 13 23 18 3 12 49 15 38 25 17 50 19 28 7 31 1 9 2 8 43 10 45 16 29 34 33 47 48 39 22 5 36 24 21 6 
student 374: 36 42 20 24 50 25 32 37 2 29 10 44 38 43 30 12 22 17 3 15 48 13 40 21 14 49 26 31 9 33 1 5 4 8 45 11 41 19 28 34 27 47 46 39 16 7 35 18 23 6 
student 375: 36 45 18 17 48 23 34 42 2 33 5 41 40 38 28 16 19 22 6 12 46 14 30 29 13 50 24 26 9 39 1 8 7 11 47 10 43 15 25 32 37 44 49 31 27 4 35 20 21 3 
student 376: 36 44 15 21 43 28 30 38 3 35 8 45 40 41 29 19 18 22 1 17 49 13 39 23 14 46 26 27 11 31 5 9 4 10 47 7 42 12 32 33 24 50 48 34 16 6 37 25 20 2 
student 377: 39 49 12 28 46 23 31 40 8 35 14 41 36 43 29 20 21 17 3 15 50 18 38 26 16 47 24 22 4 33 1 2 6 10 45 9 42 5 30 34 27 44 48 32 25 7 37 19 13 11 
student 378: 37 47 15 21 45 25 33 42 2 36 11 44 39 46 31 16 20 22 4 10 48 17 40 27 12 49 24 23 14 34 9 6 1 5 43 7 38 13 30 26 28 41 50 32 29 8 35 19 18 3 
student 379: 36 43 14 20 49 22 35 40 6 34 10 41 39 42 24 17 18 23 3 8 48 21 33 30 13 50 27 15 11 32 2 16 1 9 47 7 44 12 25 37 29 45 46 31 28 5 38 26 19 4 
student 380: 33 42 13 18 50 28 26 39 6 36 12 34 41 45 27 24 16 22 2 9 46 14 40 20 19 48 32 25 7 31 1 8 3 4 49 11 43 15 30 37 29 44 47 35 21 5 38 23 17 10 
student 381: 39 45 6 21 49 28 34 42 2 37 9 47 43 40 26 23 15 17 5 13 48 19 36 27 12 50 25 22 8 35 3 10 4 1 38 16 44 11 30 31 29 41 46 32 24 7 33 18 20 14 
student 382: 34 46 11 23 43 32 27 39 3 35 6 45 40 33 24 20 14 22 2 9 49 15 41 29 18 47 26 19 7 28 1 13 5 12 50 16 42 10 30 36 25 44 48 37 31 8 38 21 17 4 
student 383: 35 47 18 19 48 26 28 39 1 40 14 38 34 43 31 16 17 23 4 13 46 21 41 22 12 50 33 25 5 37 3 10 2 6 44 8 42 11 27 30 29 45 49 32 20 9 36 24 15 7 
student 384: 40 45 18 16 48 26 36 34 5 35 6 42 41 38 33 15 21 19 3 17 46 9 39 22 10 50 27 25 11 30 1 4 2 13 49 14 43 12 31 32 28 44 47 37 23 8 29 24 20 7 
student 385: 40 42 13 19 48 30 31 41 6 34 12 45 33 39 29 16 20 21 2 10 50 14 38 25 15 47 24 26 7 32 3 8 1 11 44 18 43 9 27 35 28 46 49 36 22 4 37 23 17 5 
student 386: 37 49 17 19 44 27 32 38 4 35 14 40 47 41 29 13 20 21 2 7 50 15 36 24 12 46 25 26 16 31 1 11 3 6 43 10 48 8 30 34 28 42 45 33 23 9 39 22 18 5 
student 387: 30 45 16 23 48 22 36 34 3 33 14 38 42 35 27 17 15 18 5 10 49 12 40 19 13 50 29 37 8 28 2 7 1 11 47 9 43 21 31 39 26 46 44 32 25 6 41 24 20 4 
student 388: 39 42 19 17 50 25 38 37 4 31 14 45 40 44 28 15 22 21 2 9 46 13 36 24 18 47 26 29 11 32 1 10 3 5 49 7 43 16 30 34 27 41 48 33 23 8 35 20 12 6 
student 389: 33 46 22 17 48 30 28 49 5 35 11 43 37 41 24 14 19 21 6 10 47 16 40 29 18 50 26 27 12 32 1 7 2 3 38 8 45 13 31 39 20 42 44 34 25 4 36 23 15 9 
student 390: 39 46 19 18 49 30 26 40 7 37 12 50 41 38 31 10 16 27 14 9 47 21 36 24 15 48 23 22 6 32 1 5 4 8 45 11 42 13 28 34 29 43 44 35 20 2 33 17 25 3 
student 391: 36 47 16 20 48 30 29 38 2 39 4 44 37 35 32 13 18 28 10 12 41 24 40 22 9 50 26 23 8 31 1 7 3 5 49 14 45 15 25 33 27 46 43 34 19 6 42 21 17 11 
student 392: 37 41 17 19 47 31 30 39 1 35 3 43 42 40 25 13 20 23 4 11 46 16 36 28 15 48 24 18 12 29 14 8 2 5 44 10 45 7 26 33 32 50 49 34 22 6 38 27 21 9 
student 393: 33 43 10 19 50 31 25 37 1 38 11 40 44 45 30 13 17 21 4 12 47 20 42 27 14 49 22 23 8 28 3 15 2 5 46 6 39 16 29 36 34 48 41 32 24 9 35 26 18 7 
student 394: 22 48 15 13 50 24 27 41 6 37 12 42 40 46 33 17 19 20 3 14 47 18 39 28 11 43 25 26 9 32 1 8 2 5 45 10 44 16 35 34 30 49 38 31 29 4 36 23 21 7 
student 395: 34 41 13 15 48 30 25 40 3 32 11 39 46 42 28 16 17 26 1 22 50 20 38 31 9 49 21 27 8 29 5 10 2 7 47 14 43 12 33 37 24 44 45 35 19 6 36 18 23 4 
student 396: 31 47 11 20 49 27 32 39 2 35 12 41 40 43 29 16 25 15 1 14 48 18 37 21 7 50 23 28 9 36 3 6 8 17 45 5 46 13 30 34 26 42 44 33 24 10 38 19 22 4 
student 397: 37 45 20 22 49 30 28 40 1 35 18 43 41 42 31 14 19 24 10 13 48 16 38 25 8 50 26 17 7 32 2 9 5 4 39 12 47 11 27 33 29 44 46 36 23 6 34 21 15 3 
student 398: 33 44 21 24 50 23 28 35 3 31 9 42 43 41 32 20 16 25 2 13 49 12 39 29 15 46 18 27 8 36 1 7 5 10 48 11 47 14 30 34 26 37 45 40 19 6 38 17 22 4 
student 399: 36 46 13 19 47 25 33 40 2 39 11 37 44 45 27 15 21 22 5 7 49 16 35 9 18 50 23 24 14 30 1 8 4 12 48 3 41 20 32 31 28 42 43 34 17 10 38 26 29 6 
student 400: 40 46 15 20 47 29 38 42 1 34 12 39 28 41 31 19 13 21 8 11 48 18 36 24 16 50 22 26 9 35 5 4 2 7 49 10 43 14 30 32 27 45 44 33 25 3 37 17 23 6 
student 401: 36 46 17 21 49 25 29 35 5 30 15 41 40 37 34 8 16 20 13 4 47 18 44 27 14 50 22 32 9 33 1 11 2 7 48 10 43 12 28 31 26 42 45 38 23 6 39 24 19 3 
student 402: 41 44 13 19 49 21 38 39 4 33 6 43 36 40 29 9 14 20 5 18 48 16 31 17 26 50 32 27 11 37 2 8 1 10 45 24 47 12 28 30 25 42 46 34 15 3 35 23 22 7 
student 403: 42 48 10 19 46 26 27 37 2 33 11 44 39 40 21 13 18 23 6 7 45 15 38 29 16 50 24 30 14 32 4 3 1 5 49 12 43 17 31 28 25 41 47 36 35 9 34 22 20 8 
student 404: 38 44 13 20 49 25 28 33 2 40 11 45 41 37 29 24 17 31 3 14 47 15 34 18 22 50 26 23 7 36 5 8 1 6 48 10 42 16 27 35 30 46 43 39 21 4 32 19 12 9 
student 405: 38 47 11 22 49 16 35 42 3 37 15 34 40 44 25 13 18 21 4 8 45 19 39 24 10 50 26 29 9 36 2 14 1 6 46 12 41 17 30 32 31 43 48 28 27 7 33 23 20 5 
student 406: 31 39 19 20 42 30 29 36 2 35 7 44 40 43 27 15 18 22 6 12 47 13 37 28 11 49 23 26 14 33 1 10 3 5 50 17 45 8 32 38 25 46 48 41 24 4 34 21 16 9 
student 407: 34 42 9 18 49 24 33 40 5 32 13 41 37 45 30 15 19 22 7 11 48 16 38 26 17 46 21 29 12 36 2 8 1 6 50 10 43 14 35 31 27 44 47 28 25 3 39 23 20 4 
student 408: 43 49 13 21 50 25 28 32 7 33 6 41 39 40 29 17 26 20 4 10 47 18 38 19 14 48 22 23 3 34 5 8 1 9 46 12 42 15 35 31 27 44 45 37 30 2 36 24 16 11 
student 409: 38 46 9 23 50 25 34 36 7 35 21 47 40 44 26 11 16 20 4 13 48 14 41 27 6 42 24 29 10 31 2 12 3 8 45 22 37 15 30 33 28 49 43 32 19 1 39 18 17 5 
student 410: 37 42 7 21 50 28 29 39 6 33 12 47 41 40 27 14 20 34 8 10 48 15 36 24 16 49 23 25 9 35 3 5 11 2 45 1 43 13 30 32 26 44 46 31 18 4 38 19 22 17 
student 411: 38 47 13 18 46 28 33 40 2 36 10 43 37 41 29 23 19 15 7 9 45 14 30 24 12 49 21 22 6 32 4 16 1 8 48 11 42 17 27 35 31 44 50 34 20 5 39 25 26 3 
student 412: 41 46 14 22 50 31 33 40 5 28 12 43 35 39 32 13 23 15 7 11 47 21 37 20 9 48 25 29 3 34 4 10 2 6 45 8 44 18 26 30 27 42 49 36 24 16 38 17 19 1 
student 413: 40 44 15 23 47 26 29 41 9 35 13 39 38 43 31 18 19 21 5 10 49 14 34 17 12 50 24 25 6 33 2 4 1 3 46 11 42 16 28 36 30 45 48 32 20 7 37 22 27 8 
student 414: 33 48 11 16 42 26 35 38 4 34 14 37 40 44 29 20 15 18 1 12 50 10 43 22 19 49 25 30 7 36 2 6 8 13 45 9 47 17 31 32 27 39 46 28 23 3 41 24 21 5 
student 415: 37 42 14 21 48 25 30 40 3 39 16 43 33 49 29 12 20 19 5 9 50 15 38 24 17 45 27 28 11 31 2 7 1 10 44 8 46 13 32 35 26 41 47 34 23 4 36 18 22 6 
student 416: 39 45 13 20 48 33 34 31 1 35 12 44 41 42 27 24 15 21 3 8 49 18 38 28 11 50 22 29 6 32 2 5 4 14 47 7 43 16 30 23 26 46 37 36 25 10 40 19 17 9 
student 417: 40 45 13 23 47 32 34 37 1 33 8 39 38 42 30 18 12 26 2 10 43 16 36 27 15 50 24 25 14 35 4 11 5 3 44 7 41 20 22 31 29 48 46 49 21 9 28 19 17 6 
student 418: 37 48 11 16 47 26 32 36 4 34 10 42 45 40 27 14 18 21 7 17 49 22 43 29 8 50 24 30 6 35 2 13 3 9 39 15 41 1 28 31 25 44 46 33 23 12 38 20 19 5 
student 419: 36 48 11 25 47 29 23 34 1 33 10 45 43 46 32 13 14 24 5 8 41 18 37 16 21 50 26 27 12 31 6 9 3 4 42 17 39 20 28 38 30 44 49 35 22 2 40 19 15 7 
student 420: 43 26 14 22 44 29 33 37 7 38 11 41 39 46 28 21 13 15 10 12 48 18 40 27 20 50 24 32 5 25 3 6 4 2 47 8 42 16 34 31 30 45 49 35 19 9 36 23 17 1 
student 421: 33 31 10 21 50 29 26 41 3 35 15 43 46 38 30 19 16 18 8 11 44 17 42 25 9 49 27 24 7 32 1 4 2 5 48 13 39 14 36 34 40 47 45 28 22 6 37 23 20 12 
student 422: 30 45 19 21 49 25 33 36 7 31 12 41 43 44 29 13 17 20 6 10 47 16 40 22 15 50 23 27 5 34 1 8 3 9 46 11 39 14 37 32 28 42 48 35 26 2 38 18 24 4 
student 423: 42 49 17 15 47 24 32 39 2 36 11 44 38 45 30 21 18 25 3 14 48 12 37 27 16 50 23 29 7 31 5 10 1 6 46 9 41 13 34 26 28 40 43 33 20 8 35 22 19 4 
student 424: 33 41 14 20 48 21 37 40 2 35 8 46 44 42 27 17 18 25 4 15 50 10 39 30 16 49 22 26 6 31 1 7 3 9 47 11 38 12 29 36 32 45 43 28 24 13 34 19 23 5 
student 425: 37 45 10 19 48 25 31 39 3 34 8 40 50 35 24 17 15 16 4 18 42 11 47 26 21 49 22 27 12 32 1 5 2 9 41 13 43 14 30 28 29 44 46 33 23 7 38 20 36 6 
student 426: 32 50 12 17 49 26 34 42 1 37 13 44 35 40 30 16 24 19 2 15 46 14 39 23 11 48 25 28 9 38 3 6 4 10 43 7 41 18 31 33 22 47 45 29 20 8 36 27 21 5 
student 427: 38 42 18 30 47 25 28 40 1 36 16 44 43 35 26 19 12 24 6 7 41 9 37 23 15 48 21 27 13 32 2 8 3 5 45 11 50 14 33 31 29 46 49 39 22 10 34 20 17 4 
student 428: 32 41 12 26 49 28 34 37 3 35 18 42 39 43 33 13 14 16 5 23 47 21 40 29 11 48 27 25 10 30 1 8 6 7 45 4 50 17 19 31 24 44 46 36 22 2 38 20 15 9 
student 429: 34 45 30 19 50 31 27 41 5 39 13 40 42 38 32 11 18 21 4 6 48 17 36 25 14 47 24 20 7 33 1 9 2 8 49 10 43 15 26 28 29 44 46 35 23 3 37 22 16 12 
student 430: 34 44 18 19 48 24 31 41 6 33 13 42 43 39 25 20 12 21 4 9 46 17 40 23 10 49 27 28 7 38 1 8 2 11 35 14 50 16 36 29 32 45 47 30 26 5 37 22 15 3 
student 431: 36 43 18 25 49 26 31 40 1 33 15 42 39 46 27 20 13 21 5 9 48 17 38 29 12 50 23 28 8 34 3 4 2 11 47 10 44 14 32 37 24 45 41 30 19 6 35 22 16 7 
student 432: 36 41 15 23 49 26 32 39 1 35 12 42 44 38 28 16 21 19 9 10 46 11 40 27 4 47 24 25 8 30 2 7 3 6 48 13 45 22 31 34 29 43 50 33 20 5 37 18 17 14 
student 433: 36 50 14 16 48 21 31 41 5 37 10 40 35 44 24 18 19 20 3 8 46 15 38 25 17 49 32 28 11 27 2 9 1 6 42 12 45 13 26 33 29 43 47 30 34 7 39 23 22 4 
student 434: 38 42 9 17 49 26 31 40 3 35 13 36 41 43 34 18 22 21 6 8 45 14 37 23 11 47 25 28 12 33 1 7 4 15 44 10 50 19 27 29 30 48 46 32 20 2 39 24 16 5 
student 435: 36 46 16 18 48 19 30 38 3 31 15 43 42 41 28 11 21 17 5 13 50 22 37 25 14 47 24 33 6 34 1 10 2 9 40 8 44 12 27 32 29 49 45 35 23 7 39 26 20 4 
student 436: 39 41 12 24 46 29 21 37 2 34 14 45 43 38 32 19 16 26 5 8 40 18 42 27 15 50 22 23 11 31 1 9 3 4 49 10 48 13 30 33 28 44 47 36 20 6 35 25 17 7 
student 437: 35 44 9 21 45 26 29 37 5 40 13 42 41 39 27 12 20 19 2 10 46 17 32 25 15 50 24 31 6 36 1 14 11 3 49 7 43 16 28 33 30 47 48 34 23 8 38 18 22 4 
student 438: 32 43 11 22 49 24 34 35 8 37 18 42 40 44 33 9 17 20 6 2 48 12 38 29 21 50 27 26 14 25 1 4 3 15 46 13 47 5 28 31 30 41 45 39 23 10 36 19 16 7 
student 439: 33 40 16 21 47 34 32 42 5 37 10 27 45 39 29 19 15 24 7 11 46 13 36 25 20 48 22 23 4 35 1 3 2 8 50 12 43 14 26 38 30 44 49 31 17 9 41 28 18 6 
student 440: 41 35 13 19 50 26 31 40 8 30 10 45 38 39 33 14 15 20 1 4 48 27 37 24 17 43 28 21 12 34 2 3 5 7 46 11 44 16 25 36 29 49 47 32 18 9 42 23 22 6 
student 441: 37 45 17 21 42 27 30 44 4 33 12 46 39 40 29 13 15 20 3 10 50 19 41 34 16 47 25 28 9 31 1 7 2 8 48 5 38 14 26 36 23 49 43 32 22 11 35 24 18 6 
student 442: 37 47 17 21 50 28 32 44 5 36 13 43 38 42 26 23 15 20 4 9 40 22 39 24 14 48 27 25 10 33 2 8 1 6 46 11 41 19 29 31 30 45 49 34 18 7 35 16 12 3 
student 443: 42 45 16 18 50 30 32 35 2 39 12 34 40 43 23 19 17 20 3 7 48 13 37 27 15 36 21 28 4 31 1 10 6 9 47 11 41 14 29 33 26 46 49 38 24 8 44 25 22 5 
student 444: 40 35 13 21 46 28 24 47 7 33 15 43 39 38 31 16 18 22 5 9 50 20 42 27 14 49 26 25 6 34 2 11 3 8 45 10 48 17 30 32 29 41 44 36 23 1 37 19 12 4 
student 445: 35 42 9 24 50 28 30 43 1 34 8 41 40 37 29 17 16 22 6 12 49 20 39 25 15 48 26 23 11 32 3 7 2 5 44 13 46 14 33 31 27 45 47 38 21 4 36 19 18 10 
student 446: 38 44 14 15 43 22 31 35 3 36 6 45 37 41 26 23 16 20 5 8 50 9 42 33 21 49 17 24 10 30 1 13 4 11 40 12 46 19 25 34 29 47 48 32 18 2 39 28 27 7 
student 447: 37 48 17 19 50 28 29 35 5 40 15 42 36 43 27 16 18 22 4 11 45 12 38 23 14 44 24 26 9 33 3 7 2 10 49 6 46 13 30 31 32 47 41 34 25 8 39 21 20 1 
student 448: 36 40 14 16 49 26 29 38 4 34 17 44 39 43 31 15 21 20 5 1 47 23 41 25 18 50 22 28 9 32 3 6 2 10 46 13 45 12 30 33 27 42 48 35 19 8 37 24 11 7 
student 449: 37 44 18 15 47 24 32 41 1 34 11 46 36 42 31 16 14 21 6 9 40 17 39 25 13 50 20 26 3 27 4 10 2 7 43 12 49 19 30 33 29 45 48 35 28 8 38 23 22 5 
student 450: 36 41 15 27 48 23 31 45 2 33 17 46 42 37 28 19 20 21 10 6 47 12 40 25 13 39 29 22 7 32 4 9 1 8 49 11 43 14 30 34 26 44 50 35 16 5 38 24 18 3 
student 451: 39 44 16 14 49 24 29 35 6 37 13 43 31 38 25 19 21 20 1 10 47 17 40 28 15 46 27 32 11 34 3 8 2 4 50 7 36 12 41 30 26 45 48 33 18 9 42 23 22 5 
student 452: 39 43 15 18 46 25 28 37 5 34 10 45 38 40 30 16 19 26 8 12 49 17 41 23 14 48 22 32 6 35 2 11 4 9 47 7 44 13 31 29 27 42 50 33 24 3 36 21 20 1 
student 453: 41 44 20 22 36 30 27 39 3 35 14 43 49 42 31 15 17 25 6 11 50 12 40 24 13 46 23 18 10 32 2 7 1 8 45 9 38 19 34 37 26 48 47 28 29 4 33 16 21 5 
student 454: 36 50 19 21 48 23 33 37 7 29 16 41 43 40 28 17 18 14 5 3 44 13 39 24 15 49 27 25 10 38 1 6 4 12 42 9 45 11 22 32 30 46 47 35 31 8 34 26 20 2 
student 455: 35 43 17 31 47 25 24 38 1 36 15 41 40 42 29 12 19 30 6 10 48 16 28 21 14 49 23 26 9 34 3 8 4 2 50 11 45 13 32 27 33 44 46 39 22 7 37 20 18 5 
student 456: 32 40 12 17 46 26 30 41 5 34 14 38 43 35 27 19 24 20 6 4 45 16 39 23 11 47 18 28 13 31 2 9 1 8 50 15 42 10 33 36 29 49 44 48 22 7 37 21 25 3 
student 457: 33 45 9 18 50 27 29 38 2 34 11 46 40 41 36 24 20 22 3 7 49 17 35 26 15 47 21 28 8 37 5 14 1 10 44 12 43 13 30 31 23 48 42 32 16 6 39 25 19 4 
student 458: 39 46 16 24 48 26 28 36 2 37 10 42 33 40 21 15 17 18 3 14 45 20 38 23 11 49 25 27 8 30 1 9 4 5 41 13 43 12 31 35 29 47 50 32 34 6 44 22 19 7 
student 459: 37 46 20 13 47 19 31 38 2 34 11 40 35 43 36 17 18 22 3 12 44 21 42 29 14 50 23 30 8 24 1 16 5 10 48 7 39 15 28 26 33 45 49 41 27 6 32 25 9 4 
student 460: 36 45 16 20 50 24 23 38 4 34 13 42 40 43 31 19 17 25 1 11 44 15 39 22 14 49 26 21 12 33 2 9 3 7 46 8 41 10 27 35 32 48 47 28 29 5 37 30 18 6 
student 461: 33 48 20 14 47 26 30 31 13 35 11 44 37 38 34 10 28 21 1 7 49 19 43 25 12 50 16 24 8 32 2 5 6 4 41 9 42 15 29 36 27 45 46 40 23 3 39 22 18 17 
student 462: 40 43 25 20 50 22 31 36 1 33 13 42 44 41 26 14 19 23 6 10 49 18 34 27 17 48 30 28 12 32 4 8 2 3 46 9 38 16 29 35 15 45 47 37 24 7 39 21 11 5 
student 463: 37 38 16 20 47 31 27 35 8 40 14 42 39 44 29 19 17 18 9 13 50 12 34 28 15 49 23 24 3 30 1 11 2 6 48 7 43 10 22 33 32 46 45 36 26 4 41 21 25 5 
student 464: 33 44 22 12 49 16 31 40 2 32 13 42 39 41 35 20 15 21 4 8 50 18 38 24 14 48 25 29 11 36 5 9 1 7 45 10 43 19 27 28 30 46 47 34 26 3 37 23 17 6 
student 465: 44 46 19 22 47 30 35 41 11 36 12 38 37 40 29 26 13 8 2 14 42 17 39 24 18 50 25 27 5 31 1 4 9 6 49 10 43 16 28 32 23 45 48 33 20 7 34 15 21 3 
student 466: 41 45 15 20 47 24 32 37 8 39 13 38 35 42 30 10 16 22 4 5 50 19 33 34 12 49 21 27 9 29 6 11 1 3 48 17 46 18 28 31 23 40 44 36 26 7 43 25 14 2 
student 467: 39 46 15 20 48 18 32 35 7 36 10 42 40 41 31 22 16 21 2 12 49 17 37 28 14 50 29 24 8 30 3 11 1 6 44 9 43 13 27 33 23 45 47 34 26 5 38 25 19 4 
student 468: 34 43 14 23 50 28 31 41 6 38 13 42 44 37 26 16 21 20 1 8 47 15 40 24 11 49 22 33 7 27 4 10 3 2 45 9 39 18 29 30 35 48 46 32 25 5 36 19 17 12 
student 469: 39 46 15 19 48 29 32 47 2 37 12 41 45 40 26 20 14 18 5 8 50 16 31 24 13 44 23 30 9 33 1 17 4 6 42 10 38 11 28 34 27 49 43 35 22 7 36 21 25 3 
student 470: 35 45 15 20 49 28 31 39 3 38 13 41 44 43 30 19 11 23 8 12 48 14 37 27 17 50 24 25 10 34 2 7 4 9 46 5 40 16 26 33 29 42 47 32 22 1 36 21 18 6 
student 471: 35 41 14 19 50 25 38 39 4 37 8 42 47 40 34 16 18 22 2 13 48 17 36 30 15 44 24 26 9 29 1 11 6 7 43 10 49 3 27 31 28 46 45 32 23 12 33 21 20 5 
student 472: 34 44 21 20 46 25 32 38 5 35 16 42 43 40 30 13 18 19 4 9 49 11 39 24 14 50 28 26 7 27 3 15 1 8 47 10 41 12 29 37 31 45 48 33 17 6 36 23 22 2 
student 473: 29 47 12 19 49 21 32 42 3 36 11 44 35 39 26 17 22 16 1 13 46 18 45 27 15 50 23 25 8 33 7 9 4 6 40 10 41 14 28 37 31 43 48 34 30 5 38 24 20 2 
student 474: 34 43 20 19 48 21 27 33 1 31 13 45 40 37 30 10 17 23 5 12 50 15 42 16 7 49 25 26 14 35 3 8 2 11 46 9 44 18 38 32 29 39 47 36 24 6 41 28 22 4 
student 475: 38 47 15 20 50 32 30 39 2 34 6 40 41 43 29 21 19 18 4 11 48 14 37 27 17 49 28 25 10 31 1 8 3 12 44 7 46 13 22 33 26 42 45 35 23 9 36 24 16 5 
student 476: 36 49 22 19 40 28 31 33 1 39 12 42 43 44 34 18 17 16 2 8 50 15 38 26 14 48 20 27 5 32 3 7 6 10 45 11 41 13 30 35 29 46 47 37 25 9 24 21 23 4 
student 477: 40 46 14 20 47 26 36 37 4 34 8 42 44 43 31 16 15 17 6 10 41 18 38 24 12 50 21 25 2 30 1 13 3 9 48 23 49 11 33 35 29 39 45 32 22 5 28 27 19 7 
student 478: 33 49 17 22 48 29 30 37 2 34 12 47 43 41 32 16 18 20 1 9 40 15 39 25 14 46 24 26 10 36 3 6 4 11 42 8 45 13 28 31 27 44 50 35 19 7 38 23 21 5 
student 479: 38 46 16 12 41 20 30 43 13 31 11 40 42 45 27 22 18 21 7 9 50 17 28 32 15 47 23 19 6 35 4 8 1 5 48 10 44 14 29 36 33 34 49 37 26 3 39 25 24 2 
student 480: 35 43 15 22 50 23 28 38 1 34 11 41 40 42 33 19 20 18 5 9 49 13 39 21 17 48 26 27 8 31 3 2 4 6 44 12 47 14 32 36 30 45 46 29 25 7 37 24 16 10 
student 481: 39 46 17 23 47 19 32 43 2 37 14 36 31 41 33 16 18 21 4 10 45 11 40 24 15 50 22 28 12 26 1 5 8 9 49 3 42 13 30 35 29 48 44 34 25 7 38 27 20 6 
student 482: 32 50 19 20 49 27 31 38 1 33 9 43 40 45 29 15 22 18 3 12 46 10 37 26 16 48 24 30 8 34 4 7 6 13 44 11 41 14 28 36 25 42 47 39 21 2 35 23 17 5 
student 483: 40 45 15 18 48 28 25 38 19 35 11 41 39 44 32 10 20 17 2 9 49 13 36 26 16 50 24 33 7 29 1 6 4 12 46 8 42 14 31 34 27 43 47 37 23 5 30 21 22 3 
student 484: 38 41 13 19 49 21 30 44 4 29 16 46 35 37 26 17 20 23 3 10 45 15 43 32 11 50 27 25 14 31 2 7 1 5 47 8 39 12 28 34 33 40 48 36 24 9 42 22 18 6 
student 485: 38 42 13 17 49 27 30 40 5 36 12 43 39 37 32 15 16 25 2 7 44 18 41 26 23 50 22 19 10 33 3 1 4 6 48 14 45 11 29 31 28 47 46 34 24 8 35 21 20 9 
student 486: 37 46 14 20 48 28 30 36 7 38 19 41 39 43 31 13 18 21 4 11 47 22 35 29 12 50 25 23 9 33 2 6 5 10 49 15 44 8 32 27 26 45 40 34 24 3 42 17 16 1 
student 487: 37 44 12 15 47 34 29 41 1 36 17 32 39 40 31 18 21 22 4 9 49 14 48 23 16 43 33 27 10 26 2 7 3 6 45 8 42 13 25 30 28 46 50 35 20 11 38 19 24 5 
student 488: 41 43 12 19 49 27 30 42 3 34 14 45 48 32 33 18 20 21 4 10 46 15 37 28 11 50 24 23 9 38 2 7 1 8 40 13 39 17 29 31 26 47 44 36 25 6 35 22 16 5 
student 489: 35 45 15 19 50 27 29 37 5 34 11 36 41 42 25 14 20 24 6 10 47 17 39 26 13 49 22 28 9 32 1 8 3 7 48 16 44 12 30 40 31 43 46 33 18 2 38 23 21 4 
student 490: 35 42 20 24 48 28 36 37 4 34 9 44 40 43 33 18 12 22 2 14 46 15 31 27 13 50 23 25 10 30 3 8 1 7 45 11 41 17 39 26 32 47 49 29 16 6 38 21 19 5 
student 491: 42 46 15 26 48 28 34 38 3 36 14 43 37 40 31 12 17 16 2 10 49 11 39 24 22 50 23 27 8 30 1 9 7 4 47 18 45 13 29 33 25 44 41 35 32 5 20 19 21 6 
student 492: 32 42 17 19 43 26 34 45 2 37 12 39 41 35 27 18 23 25 5 10 50 13 44 24 16 47 22 33 9 30 4 7 3 1 48 11 40 15 29 31 28 46 49 38 21 8 36 20 14 6 
student 493: 36 45 18 15 48 22 34 39 8 27 17 44 43 38 32 12 26 21 2 14 47 19 40 28 13 50 20 29 7 30 1 10 4 5 46 9 49 11 31 35 33 42 41 25 24 3 37 16 23 6 
student 494: 33 48 16 26 50 30 36 39 6 35 9 43 42 46 34 14 20 21 1 5 49 15 41 22 13 40 25 24 10 31 2 12 3 4 45 19 37 11 28 29 27 44 47 32 23 8 38 17 18 7 
student 495: 41 46 17 21 47 28 27 37 3 36 5 39 38 42 33 18 20 23 6 12 48 16 40 14 15 49 25 29 7 31 1 11 2 4 50 10 43 13 30 35 26 45 44 34 22 8 32 24 19 9 
student 496: 36 46 17 19 50 24 30 35 3 33 13 48 38 42 22 15 16 31 6 9 45 14 41 32 18 49 21 34 10 37 4 1 12 2 44 5 40 11 29 26 28 47 43 27 25 8 39 23 20 7 
student 497: 38 46 18 19 42 28 32 44 6 35 11 41 39 40 33 15 17 20 8 13 48 14 37 25 12 45 24 27 2 34 3 7 1 5 49 9 43 16 29 36 26 47 50 31 23 4 30 21 22 10 
student 498: 41 42 14 27 44 28 30 43 7 37 11 48 38 46 26 15 19 18 2 10 49 16 39 25 12 50 23 22 3 31 1 9 6 13 45 17 36 4 33 34 29 40 47 35 24 8 32 21 20 5 
student 499: 36 44 16 21 49 26 31 43 6 33 11 41 38 42 28 15 23 17 4 9 48 20 34 30 14 50 19 32 8 35 1 7 3 5 45 12 37 13 25 39 29 46 47 24 27 2 40 22 18 10 
