student 0: 38 37 20 10 19 3 21 31 46 41 44 24 34 6 39 45 33 4 48 36 15 23 26 43 9 47 1 42 8 27 5 14 16 28 49 17 32 11 40 7 18 29 22 50 13 12 30 25 35 2 
student 1: 46 40 17 12 20 1 13 29 50 38 44 32 36 6 37 43 21 2 48 41 16 26 24 35 5 49 7 45 11 23 4 18 22 28 47 10 30 15 33 8 19 27 25 42 9 14 39 31 34 3 
student 2: 48 39 21 12 19 1 17 32 42 41 34 28 37 3 33 45 23 6 50 40 10 24 16 44 9 47 4 49 5 30 7 20 18 27 43 11 31 14 35 8 22 26 25 38 13 15 29 36 46 2 
student 3: 41 40 21 13 16 2 10 32 45 44 36 27 26 11 38 43 25 6 49 39 17 19 24 37 7 48 3 47 5 33 4 12 18 29 50 20 28 14 35 8 30 31 22 42 15 9 23 34 46 1 
student 4: 41 42 20 13 16 9 15 27 46 43 37 29 36 12 34 44 26 2 47 40 17 24 22 50 11 45 6 48 7 38 3 18 19 28 49 14 25 8 35 4 21 32 23 39 5 10 30 31 33 1 
student 5: 42 40 24 9 16 4 17 30 49 44 38 27 37 18 36 48 28 5 50 39 10 22 23 41 7 43 3 46 2 31 6 12 19 21 47 15 35 13 34 11 20 29 25 45 14 8 32 26 33 1 
student 6: 45 43 21 6 17 2 13 30 42 44 40 29 38 7 35 46 25 3 48 37 18 24 20 39 11 47 1 50 8 28 9 12 23 26 49 15 36 14 32 5 19 27 22 41 16 10 31 33 34 4 
student 7: 47 38 19 8 16 2 18 31 42 39 36 30 41 3 35 44 27 4 48 37 14 20 23 46 9 49 7 43 10 29 6 12 22 24 50 17 32 15 34 13 21 26 25 45 11 5 28 33 40 1 
student 8: 44 39 18 10 20 2 19 29 45 42 38 28 35 4 32 46 27 6 49 36 17 23 22 48 9 50 3 47 8 26 5 12 16 25 43 24 31 14 40 7 15 30 21 41 11 13 33 34 37 1 
student 9: 41 39 21 12 20 4 19 33 46 32 40 26 37 9 38 44 30 6 47 42 15 22 23 45 13 49 2 50 7 28 3 11 5 24 48 10 31 16 29 14 18 25 27 43 17 8 34 36 35 1 
student 10: 42 40 22 6 19 4 20 30 45 46 36 28 38 5 33 44 26 11 43 39 10 23 24 48 7 47 3 49 8 29 1 18 15 25 50 16 34 13 32 12 17 21 27 41 9 14 35 37 31 2 
student 11: 46 40 12 6 25 2 18 33 44 41 37 24 39 5 35 42 29 11 48 45 17 19 26 43 15 49 7 47 3 28 4 14 22 27 50 10 30 16 31 9 20 32 21 38 13 8 23 34 36 1 
student 12: 45 36 19 10 18 1 17 28 41 39 37 27 42 4 35 46 26 5 47 40 14 24 20 48 11 49 2 44 8 31 6 12 21 32 50 9 30 16 29 7 25 23 22 43 13 15 34 33 38 3 
student 13: 45 41 21 11 19 1 18 33 50 42 35 28 40 4 37 47 26 5 46 39 17 24 14 44 10 43 2 49 7 31 6 15 20 22 48 12 30 13 32 8 23 27 25 38 9 16 34 36 29 3 
student 14: 47 41 16 9 23 1 15 30 46 45 39 25 37 11 28 44 26 6 50 35 20 18 22 42 10 48 3 49 5 32 8 13 21 24 43 4 31 19 38 7 17 27 29 40 12 14 33 36 34 2 
student 15: 40 42 25 8 15 3 18 22 47 44 41 24 38 6 32 45 19 5 48 43 10 21 31 46 7 39 1 49 4 30 12 23 17 27 50 13 36 14 35 11 29 26 20 34 16 9 37 28 33 2 
student 16: 41 31 24 8 17 3 20 30 45 36 39 29 40 9 28 44 25 7 49 43 15 22 14 42 6 46 2 47 4 35 1 16 21 26 48 11 27 18 37 13 19 23 32 50 12 10 34 38 33 5 
student 17: 43 38 22 6 12 4 18 29 47 42 44 27 34 3 37 45 23 10 49 41 21 17 26 46 7 40 5 48 11 28 1 13 20 24 50 16 35 14 30 8 25 31 19 39 9 15 32 33 36 2 
student 18: 46 38 24 13 18 2 14 30 41 42 37 26 32 3 40 44 22 4 48 39 19 28 16 47 10 50 1 45 8 27 7 11 20 21 49 12 33 17 35 6 25 29 23 43 15 9 34 36 31 5 
student 19: 45 43 27 10 23 4 18 30 47 39 40 28 38 9 33 46 20 5 48 35 14 24 19 41 11 50 2 44 7 25 1 12 22 29 49 16 34 17 21 6 15 31 26 42 13 8 32 36 37 3 
student 20: 46 42 19 10 18 1 16 26 33 40 34 30 38 6 32 45 36 5 49 44 14 23 22 43 17 47 3 48 7 39 9 11 13 25 50 12 35 15 29 8 21 28 24 41 20 4 27 31 37 2 
student 21: 39 41 19 8 24 2 15 34 44 35 36 25 43 9 38 47 27 3 48 42 12 23 22 40 6 46 5 49 4 30 11 18 17 26 50 14 31 16 28 7 20 29 21 45 13 10 32 37 33 1 
student 22: 35 39 22 12 19 2 21 25 49 46 43 15 38 3 32 45 23 4 50 40 7 16 24 47 10 48 1 44 8 31 9 14 13 26 42 33 28 20 34 11 17 29 37 41 18 6 27 30 36 5 
student 23: 42 39 20 16 19 2 23 29 41 44 34 27 37 3 32 45 28 15 49 40 11 18 24 47 7 48 5 43 6 36 4 12 17 22 50 13 31 14 35 9 21 26 25 46 10 8 33 30 38 1 
student 24: 49 41 16 5 12 3 18 31 43 40 35 26 37 6 29 45 32 4 50 44 20 24 23 39 7 47 2 46 15 27 8 14 22 19 48 17 30 10 33 13 21 28 25 42 9 11 34 38 36 1 
student 25: 44 38 15 8 20 1 18 25 49 41 39 29 33 7 34 45 22 2 50 37 16 21 24 43 11 46 5 47 6 28 3 17 19 26 48 9 30 14 40 10 27 31 23 42 12 13 35 32 36 4 
student 26: 40 37 16 12 18 2 15 31 48 42 36 22 38 3 35 47 24 13 49 39 19 25 20 44 10 45 5 50 8 28 6 7 21 27 46 11 33 23 32 4 17 26 29 41 14 9 30 43 34 1 
student 27: 33 37 21 5 23 4 20 30 46 43 39 24 41 8 34 47 26 1 50 42 17 18 9 40 14 48 3 45 11 28 6 16 19 27 49 13 32 10 38 7 22 31 25 44 15 12 29 36 35 2 
student 28: 49 36 12 11 22 3 21 15 45 37 40 27 39 8 34 46 28 4 48 42 19 26 18 47 10 41 2 44 7 33 6 9 20 24 50 16 31 13 38 5 23 29 25 43 17 14 30 32 35 1 
student 29: 41 42 14 6 16 3 18 27 46 36 38 22 39 5 31 44 30 10 49 40 20 21 23 45 12 48 4 47 8 33 7 13 19 26 50 9 29 15 37 2 24 28 25 43 11 17 32 34 35 1 
student 30: 48 36 22 10 18 6 17 35 45 37 40 25 43 3 34 44 28 5 50 39 13 24 20 42 11 47 2 49 7 27 4 8 21 26 46 16 31 15 32 9 19 38 23 41 14 12 29 30 33 1 
student 31: 50 35 16 11 19 3 18 40 48 41 34 29 37 7 38 44 24 9 46 42 14 26 22 43 8 49 5 45 6 33 1 12 17 27 47 15 30 23 32 4 20 21 25 39 10 13 28 31 36 2 
student 32: 42 39 19 13 18 2 14 32 48 40 38 27 36 3 35 46 24 5 45 44 22 25 21 43 11 49 4 47 6 29 7 16 17 23 50 12 31 10 33 8 20 34 28 41 15 9 30 26 37 1 
student 33: 43 36 21 7 16 1 19 24 44 39 41 28 37 12 33 48 29 4 49 38 18 17 20 40 6 46 2 42 10 26 13 8 22 25 50 11 32 14 34 5 23 30 27 47 9 15 31 35 45 3 
student 34: 40 38 23 10 22 4 14 31 46 39 37 24 43 3 35 44 20 2 49 41 16 28 21 42 11 50 7 47 6 25 5 17 15 26 48 13 32 18 34 9 19 29 27 45 12 8 30 33 36 1 
student 35: 45 40 15 8 22 3 14 29 49 44 35 24 37 6 33 39 31 5 50 43 16 21 20 48 12 46 1 41 9 27 4 17 18 26 47 13 32 19 38 10 23 28 25 42 11 7 36 34 30 2 
student 36: 45 38 17 8 14 2 15 29 47 42 39 27 34 3 36 46 26 1 48 40 25 24 18 43 7 50 4 44 6 28 13 11 19 23 49 21 31 22 30 9 16 37 20 41 10 12 33 35 32 5 
student 37: 42 44 27 10 17 3 15 28 45 41 38 26 35 1 34 48 21 5 50 39 12 23 20 40 18 49 2 46 7 30 6 13 16 24 47 14 36 19 37 8 22 31 25 43 11 9 29 32 33 4 
student 38: 42 41 19 14 12 1 18 33 46 40 38 27 35 7 32 44 26 3 48 36 20 21 23 43 6 47 4 49 8 29 5 17 16 25 50 11 39 15 31 9 22 30 24 45 13 10 28 37 34 2 
student 39: 40 45 19 11 18 4 16 28 43 38 37 26 36 1 39 49 25 5 50 44 21 20 27 42 10 47 3 41 8 30 6 13 17 23 48 9 31 15 34 7 22 29 24 46 12 14 35 32 33 2 
student 40: 49 46 15 9 23 1 18 33 50 42 39 21 37 3 35 44 27 5 40 41 13 26 25 43 6 45 2 48 10 24 7 14 20 22 47 11 30 17 34 8 19 32 28 38 12 16 31 36 29 4 
student 41: 42 37 22 7 18 3 17 23 39 43 36 29 35 2 33 45 27 9 50 41 16 26 19 44 12 47 5 46 8 28 6 15 20 25 48 4 38 13 34 10 21 31 24 49 11 14 30 32 40 1 
student 42: 44 40 19 14 22 3 18 29 50 42 35 30 37 4 36 46 24 5 49 41 16 21 20 47 8 43 2 45 7 31 6 12 28 25 48 17 32 15 34 11 13 26 23 38 9 10 27 33 39 1 
student 43: 45 41 20 10 22 2 13 29 40 39 44 23 33 3 34 43 24 6 50 38 17 21 25 46 7 48 4 47 14 26 8 11 18 30 49 15 36 19 32 5 16 28 27 42 9 12 31 35 37 1 
student 44: 46 36 13 11 19 2 21 27 44 38 42 29 39 3 37 40 24 4 49 41 16 22 23 48 12 47 5 45 15 30 7 17 10 26 50 9 35 20 28 6 18 33 25 43 8 14 31 32 34 1 
student 45: 40 42 19 13 18 5 16 30 48 36 39 31 24 9 35 44 25 3 50 46 20 22 23 47 6 49 1 45 10 29 4 11 14 28 43 7 33 12 37 8 21 26 27 41 17 15 34 32 38 2 
student 46: 42 38 17 6 20 2 19 26 44 47 41 25 37 9 35 40 30 4 49 39 14 27 21 43 15 46 1 48 7 28 5 13 18 24 50 10 36 16 32 12 23 29 22 45 8 11 31 33 34 3 
student 47: 42 37 22 10 19 1 17 26 44 34 48 28 40 3 38 45 27 4 49 41 16 24 20 39 14 46 7 50 5 29 6 13 18 30 47 12 33 15 36 9 25 31 21 43 11 8 35 23 32 2 
student 48: 42 31 21 9 19 5 15 28 49 39 43 33 36 4 30 44 20 2 48 37 14 26 22 45 13 47 7 46 1 23 11 16 18 27 50 12 29 17 41 6 25 34 24 40 8 10 35 38 32 3 
student 49: 45 37 19 10 20 6 15 28 47 44 41 26 36 5 33 39 21 1 50 35 24 22 18 42 8 46 2 49 7 32 4 14 17 31 48 12 29 16 38 9 23 27 25 43 11 13 30 34 40 3 
student 50: 43 40 18 9 17 2 20 33 48 44 38 25 36 7 35 41 27 3 47 42 14 22 21 39 8 49 4 46 5 26 6 15 16 29 50 12 31 19 32 10 23 28 24 45 11 13 30 34 37 1 
student 51: 46 41 24 19 18 4 17 30 45 40 35 29 38 12 34 43 28 2 49 39 16 23 22 44 3 50 1 48 6 25 8 11 15 21 47 13 32 14 33 7 20 27 26 42 10 9 31 36 37 5 
student 52: 40 36 21 9 23 2 19 34 46 44 37 28 41 6 38 43 26 4 47 33 12 25 20 42 8 45 5 50 10 29 3 18 16 24 49 17 31 11 35 7 14 27 22 48 15 13 30 32 39 1 
student 53: 43 41 18 13 21 1 15 26 45 44 38 29 40 9 37 42 27 5 49 34 19 17 22 39 7 50 4 47 6 32 3 14 24 23 46 11 25 16 35 10 20 30 28 48 8 12 33 31 36 2 
student 54: 45 41 22 13 20 2 18 24 48 39 44 29 35 3 38 40 28 4 49 37 16 19 17 46 9 43 6 47 11 32 5 12 26 23 50 8 27 15 33 7 30 25 21 42 14 10 31 36 34 1 
student 55: 46 38 20 7 19 2 17 33 49 42 37 29 35 3 36 48 25 4 50 40 16 24 23 44 12 41 6 45 8 28 1 11 18 22 47 14 30 15 27 10 21 26 34 43 13 9 31 32 39 5 
student 56: 43 40 20 9 19 2 15 29 33 46 41 27 36 11 32 50 25 4 47 38 17 22 21 42 7 48 3 45 10 28 8 13 18 24 49 16 31 14 30 5 23 37 26 39 6 12 34 35 44 1 
student 57: 48 40 18 10 22 1 20 34 44 45 39 23 36 2 38 42 29 11 43 46 15 25 16 41 6 50 3 49 8 26 7 17 21 28 47 13 27 14 33 9 19 30 24 37 12 5 35 31 32 4 
student 58: 44 35 21 9 19 3 13 29 48 41 43 27 36 12 34 39 23 7 49 38 16 24 22 42 6 47 4 45 8 33 2 14 20 26 50 18 30 17 37 5 15 28 25 46 10 11 31 32 40 1 
student 59: 41 40 18 8 17 2 16 31 46 42 37 27 36 4 39 47 26 6 49 38 14 23 22 44 10 50 3 45 7 28 5 19 21 25 48 13 29 15 30 9 20 32 24 43 11 12 33 34 35 1 
student 60: 44 41 14 13 22 2 20 32 45 39 40 26 38 9 29 49 28 1 50 35 21 24 17 43 10 46 3 47 7 30 4 15 19 25 48 11 34 16 37 6 18 27 23 42 8 12 33 36 31 5 
student 61: 43 40 16 11 13 7 21 29 47 36 39 38 37 3 33 44 23 6 45 46 5 25 24 42 10 48 1 50 12 27 4 15 17 22 49 9 30 20 31 8 18 26 34 41 19 14 28 32 35 2 
student 62: 43 34 14 8 25 9 21 24 46 41 37 29 40 4 33 48 23 1 47 39 16 26 20 44 3 50 7 45 5 32 6 12 18 27 49 19 30 13 35 11 17 28 22 42 15 10 31 36 38 2 
student 63: 44 39 23 10 22 1 17 29 46 40 38 20 34 6 37 45 26 5 49 41 15 28 27 43 7 47 3 48 8 35 2 12 24 19 50 11 36 16 31 9 21 30 18 42 14 13 32 25 33 4 
student 64: 49 39 13 11 21 1 20 32 42 41 36 28 37 5 34 47 33 3 48 40 17 26 19 45 18 46 6 43 9 27 4 2 15 30 50 14 29 16 25 10 23 24 22 44 12 8 35 38 31 7 
student 65: 44 35 21 10 17 2 20 39 45 41 33 25 36 12 37 40 29 6 46 43 18 24 26 47 7 49 5 48 9 23 4 15 16 28 50 14 30 13 31 1 19 22 27 38 8 11 32 34 42 3 
student 66: 45 32 21 4 19 7 16 23 46 43 40 26 39 5 34 41 25 1 49 38 15 24 20 42 9 47 6 50 8 31 2 11 12 29 48 17 35 18 30 14 22 33 27 44 13 10 37 28 36 3 
student 67: 42 41 23 11 21 5 16 28 46 47 35 25 38 2 37 50 26 4 45 39 15 22 17 43 10 48 1 44 6 31 9 8 18 29 49 20 30 13 32 7 19 27 24 40 12 14 33 36 34 3 
student 68: 40 36 18 12 17 4 13 30 39 43 42 28 37 9 35 44 24 6 45 41 11 22 21 46 10 50 1 48 7 26 5 19 25 23 49 15 31 16 32 2 20 29 27 47 8 14 33 38 34 3 
student 69: 44 40 19 10 16 15 14 33 45 41 36 27 35 4 25 43 26 5 49 47 20 21 24 39 9 46 3 50 8 31 6 12 28 29 48 13 30 17 37 2 23 22 18 42 7 11 32 38 34 1 
student 70: 38 39 18 9 17 2 15 31 41 45 35 30 42 3 32 47 24 6 48 40 21 19 23 43 4 50 8 49 11 29 5 10 20 26 44 7 34 13 22 14 27 28 25 46 12 16 36 37 33 1 
student 71: 44 40 18 8 20 2 19 29 50 37 39 26 34 4 31 43 23 1 49 35 11 30 21 46 6 48 5 47 7 27 9 16 17 25 45 15 36 14 33 10 22 28 24 42 12 13 32 38 41 3 
student 72: 46 38 13 8 22 2 11 36 43 39 37 27 44 6 33 41 25 14 50 42 15 21 18 45 12 49 3 47 1 32 4 20 24 23 48 16 26 17 34 7 19 30 28 40 9 10 31 29 35 5 
student 73: 42 37 21 7 20 2 16 26 46 40 44 24 38 6 33 47 30 4 50 39 15 18 29 43 10 48 3 45 8 25 5 14 19 27 49 13 31 22 34 11 17 28 23 41 9 12 32 35 36 1 
student 74: 43 42 24 10 16 2 7 25 49 34 37 22 38 1 33 45 29 4 41 39 23 18 19 46 8 48 6 47 5 26 9 12 14 28 50 15 31 20 36 11 21 30 27 40 17 13 32 44 35 3 
student 75: 44 41 20 11 19 4 17 31 46 43 39 25 36 9 38 45 28 1 48 35 15 23 21 42 10 47 3 49 5 29 2 8 18 26 50 16 32 14 30 7 22 27 24 40 12 13 33 34 37 6 
student 76: 40 38 15 5 20 1 18 23 45 39 42 27 37 7 41 47 30 2 48 36 17 24 26 44 11 50 4 46 6 31 8 16 19 28 49 13 25 14 32 10 21 33 22 43 3 12 29 34 35 9 
student 77: 43 36 20 11 22 3 15 28 45 48 38 32 35 2 33 44 24 5 47 42 17 21 23 41 10 50 4 46 7 27 16 12 18 26 49 14 31 8 39 6 19 37 25 40 9 13 29 30 34 1 
student 78: 45 40 22 15 14 5 21 32 48 42 39 27 37 6 33 41 26 3 50 38 18 23 19 46 7 47 1 43 2 30 10 17 16 25 49 8 28 12 31 9 20 29 24 44 11 13 35 34 36 4 
student 79: 45 41 18 7 24 9 21 27 42 40 39 29 34 4 32 47 30 2 49 37 16 22 25 44 10 46 3 50 11 35 5 8 14 23 48 15 26 17 38 6 20 31 19 43 12 13 33 28 36 1 
student 80: 45 43 17 15 13 4 18 31 46 44 38 23 39 5 33 40 26 3 50 37 16 25 22 42 8 49 1 47 6 27 7 14 19 30 48 9 24 11 34 10 20 29 28 41 21 12 32 35 36 2 
student 81: 44 36 22 5 17 3 11 27 50 38 39 28 45 7 37 49 29 4 47 40 10 24 21 43 2 48 6 46 12 33 8 16 18 25 41 13 35 20 30 9 19 26 23 42 15 14 31 34 32 1 
student 82: 43 33 22 9 20 4 27 38 47 40 42 35 48 7 44 37 25 2 45 36 19 18 24 46 3 49 5 39 6 30 8 13 14 21 50 15 28 23 26 10 16 29 17 41 11 12 34 32 31 1 
student 83: 45 40 22 10 16 1 15 31 50 36 39 25 41 5 34 46 17 20 47 49 18 28 23 38 8 48 3 44 2 29 7 11 14 24 42 12 33 13 30 6 21 26 27 43 9 19 32 35 37 4 
student 84: 43 38 21 9 18 1 17 26 42 40 39 30 34 5 36 46 27 4 50 45 16 25 20 44 10 47 2 48 8 22 7 19 12 24 49 14 31 15 33 6 29 28 23 37 11 13 32 35 41 3 
student 85: 49 39 20 8 15 3 16 30 44 41 40 26 33 6 36 43 29 5 50 42 14 23 22 38 12 47 4 48 1 27 7 13 19 25 46 18 31 9 32 10 21 34 24 45 17 11 28 35 37 2 
student 86: 40 35 20 14 18 2 19 32 45 47 42 27 31 6 34 43 26 7 50 38 15 25 22 46 9 48 4 44 3 30 1 12 21 24 49 11 33 17 36 8 16 28 23 37 10 13 39 29 41 5 
student 87: 40 42 24 14 18 2 15 32 41 33 38 23 36 10 35 47 21 5 46 39 16 20 22 50 6 45 4 43 7 28 3 19 17 26 49 11 27 12 34 8 31 30 25 44 13 9 29 37 48 1 
student 88: 45 40 20 11 18 1 16 27 50 39 38 30 32 4 37 49 28 2 46 44 19 21 22 42 9 35 6 43 7 26 5 15 13 24 47 17 29 8 33 10 23 31 25 48 12 14 34 36 41 3 
student 89: 45 40 21 12 20 9 8 31 44 41 38 28 37 3 36 46 33 11 49 39 5 25 23 43 10 47 1 50 2 29 13 16 19 26 48 14 24 17 34 7 22 27 18 42 15 4 30 35 32 6 
student 90: 45 38 20 7 19 8 15 31 42 41 36 23 30 5 32 44 24 4 49 39 16 29 28 47 13 48 1 46 3 26 6 18 17 25 50 11 35 10 40 9 21 27 22 43 14 12 34 37 33 2 
student 91: 42 37 23 5 18 6 15 29 45 40 31 28 35 4 38 43 32 3 47 41 16 27 24 48 11 49 2 50 7 34 8 13 17 22 46 12 30 14 33 9 19 25 21 44 10 20 26 36 39 1 
student 92: 44 50 25 13 18 2 15 28 46 39 34 32 42 8 33 45 29 1 35 40 17 19 21 41 10 47 3 49 7 36 6 16 23 22 48 14 30 12 37 4 20 24 27 43 11 9 31 26 38 5 
student 93: 37 39 16 6 22 2 21 30 45 42 38 24 40 5 35 48 27 3 46 41 18 23 25 47 13 49 4 44 7 29 11 14 17 19 50 10 28 15 33 9 20 36 26 43 8 12 32 31 34 1 
student 94: 43 36 21 5 20 2 18 27 47 39 32 28 33 6 34 46 26 8 50 38 16 25 19 41 7 49 3 45 4 30 11 13 23 14 48 17 37 12 42 9 22 31 24 44 10 15 29 40 35 1 
student 95: 43 41 21 12 15 2 23 31 47 37 38 25 39 4 30 45 29 8 48 36 13 19 17 46 10 50 1 44 5 26 3 11 18 27 49 16 32 20 35 9 24 28 22 42 7 14 33 34 40 6 
student 96: 43 42 19 8 18 4 14 31 47 46 39 27 37 3 34 40 30 5 48 41 21 22 26 45 11 44 6 50 9 29 2 13 17 23 49 15 36 16 28 12 20 25 24 38 7 10 32 33 35 1 
student 97: 43 40 20 13 17 3 19 31 45 44 36 28 37 4 35 49 25 10 50 42 15 26 12 41 7 48 1 47 6 27 5 14 22 23 46 18 33 16 39 11 24 29 21 38 8 9 30 32 34 2 
student 98: 39 42 20 12 18 1 17 27 48 43 38 25 34 10 31 44 28 9 50 41 16 24 21 49 5 45 2 46 7 29 3 14 19 23 47 13 33 15 35 4 22 32 26 40 8 11 30 36 37 6 
student 99: 38 42 21 12 20 1 15 29 46 44 40 27 37 3 35 39 26 4 48 45 8 25 22 49 13 47 10 43 5 30 6 11 18 24 50 16 32 14 34 7 19 28 23 41 17 9 31 33 36 2 
student 100: 45 39 19 10 24 1 18 34 48 41 36 26 35 6 32 47 21 3 44 40 14 22 25 46 9 49 4 43 7 27 5 15 17 31 50 8 38 16 30 11 20 33 23 42 12 13 28 29 37 2 
student 101: 40 30 20 9 17 2 18 26 45 46 42 28 37 6 33 43 21 5 50 41 15 24 25 44 14 48 3 47 7 32 8 11 23 19 49 16 27 12 34 4 22 29 39 38 13 10 35 31 36 1 
student 102: 46 36 15 11 21 1 18 31 47 38 34 26 39 8 44 43 23 7 41 42 13 24 22 45 4 50 5 48 3 27 6 12 20 29 49 16 35 17 33 14 19 30 25 40 10 9 28 32 37 2 
student 103: 44 36 23 12 16 3 25 31 47 38 42 33 40 7 45 46 20 1 49 43 13 26 21 41 14 30 6 48 8 28 4 15 19 22 50 11 34 18 35 5 17 27 24 39 10 9 29 32 37 2 
student 104: 46 37 28 13 22 1 12 30 47 38 29 26 34 5 32 44 24 8 49 39 19 18 17 42 9 45 3 48 6 25 2 11 21 35 50 15 36 14 43 7 23 27 20 41 10 16 33 31 40 4 
student 105: 42 44 21 12 20 3 18 30 46 38 40 32 39 4 36 47 29 2 50 41 14 19 25 43 7 48 6 45 8 31 15 13 16 28 49 11 27 24 33 5 17 23 26 37 9 10 34 22 35 1 
student 106: 39 37 22 8 20 2 16 30 43 46 38 33 42 5 34 45 28 7 50 40 14 23 18 48 3 47 6 44 9 27 11 13 19 24 49 15 25 17 32 10 21 31 26 41 4 12 29 35 36 1 
student 107: 39 35 19 10 23 9 17 34 49 28 40 25 38 7 37 47 24 4 48 42 13 21 20 43 8 50 2 45 3 31 5 14 26 29 46 12 33 18 36 6 15 27 22 44 11 16 32 30 41 1 
student 108: 45 42 20 9 15 1 22 25 49 43 33 26 37 8 35 40 24 6 46 44 11 27 21 47 5 48 2 41 10 30 7 16 19 28 50 12 31 14 34 4 17 39 23 38 18 13 29 32 36 3 
student 109: 42 39 19 17 15 1 21 29 49 38 34 27 40 9 37 43 26 6 50 36 16 22 24 41 14 46 2 45 5 30 3 12 7 28 44 18 32 11 33 4 20 23 25 48 8 10 31 35 47 13 
student 110: 45 36 18 10 24 1 25 28 43 40 35 26 32 6 39 42 27 2 50 44 21 23 22 47 9 49 4 48 7 30 5 16 13 20 46 14 15 12 37 8 19 34 29 41 17 11 31 33 38 3 
student 111: 43 40 19 10 23 2 18 29 45 41 27 26 39 1 36 47 22 4 50 37 16 21 20 44 9 46 6 48 7 25 5 17 15 24 49 12 33 14 34 8 28 31 30 42 11 13 32 35 38 3 
student 112: 44 45 22 16 20 11 18 23 47 39 38 28 37 3 34 41 27 2 50 42 19 25 21 43 10 46 1 48 4 36 9 8 15 24 49 7 30 12 32 6 17 31 26 40 13 14 35 29 33 5 
student 113: 49 43 17 4 15 1 14 30 41 39 37 28 38 6 31 44 27 5 50 42 21 25 19 40 13 45 3 47 7 26 10 16 22 34 48 9 36 12 24 8 23 29 20 46 11 18 32 35 33 2 
student 114: 39 40 17 8 18 6 19 30 43 45 42 27 36 11 48 41 24 2 46 37 15 26 23 49 14 44 4 47 5 29 3 12 20 28 50 10 32 16 31 7 22 25 21 38 9 13 34 33 35 1 
student 115: 42 39 17 11 14 5 13 29 45 47 37 26 46 6 35 30 28 3 48 38 15 24 20 41 9 40 4 50 8 23 1 18 16 22 49 19 34 21 31 7 25 27 33 43 10 12 36 32 44 2 
student 116: 43 37 21 6 19 3 17 27 44 40 47 28 36 8 32 46 29 5 49 41 23 25 14 45 12 48 4 42 1 31 7 18 22 24 50 11 34 9 35 10 20 33 16 39 15 13 30 38 26 2 
student 117: 46 39 20 6 18 1 16 31 50 41 40 28 37 4 35 45 29 7 47 38 17 25 22 42 11 44 2 48 8 26 5 15 10 27 49 14 32 19 30 9 21 33 24 43 12 13 23 34 36 3 
student 118: 47 44 19 8 22 4 26 35 49 40 39 28 38 9 37 45 27 6 50 34 13 25 23 41 11 48 1 46 3 32 2 14 21 18 43 12 30 15 31 5 20 24 17 42 10 7 33 29 36 16 
student 119: 39 40 24 18 28 2 23 34 46 41 42 26 37 5 35 44 25 7 49 38 15 21 19 48 6 45 4 50 8 22 11 12 20 30 47 10 29 13 31 9 17 27 16 43 3 14 32 33 36 1 
student 120: 47 43 17 10 21 1 16 35 49 40 38 34 32 6 39 46 27 4 48 36 20 28 22 42 11 50 3 45 8 23 7 15 18 25 44 9 33 13 30 5 24 29 19 41 12 14 37 26 31 2 
student 121: 42 35 16 11 20 4 18 39 48 40 34 27 43 3 31 45 24 2 50 41 14 26 23 44 15 46 7 49 10 30 8 17 22 33 47 13 28 12 36 6 19 25 21 38 9 5 29 37 32 1 
student 122: 40 37 6 12 25 2 11 36 49 45 38 28 32 4 31 43 29 1 48 46 13 26 21 41 10 44 8 42 7 33 3 19 20 24 47 14 34 16 35 9 22 17 23 39 15 18 27 30 50 5 
student 123: 46 40 21 10 23 1 16 24 45 47 36 30 39 4 37 42 28 5 49 38 9 25 22 41 8 48 3 44 6 31 12 14 17 20 50 18 33 15 32 11 19 27 26 43 13 7 29 34 35 2 
student 124: 39 40 23 8 20 9 16 27 43 41 36 31 38 5 34 48 30 2 49 42 17 21 24 45 10 47 3 46 6 19 4 15 18 25 50 13 32 14 28 7 22 29 26 44 12 11 33 35 37 1 
student 125: 44 37 19 4 20 3 16 29 43 46 39 31 38 9 34 42 23 5 49 40 17 25 30 45 8 47 2 48 6 27 7 12 13 26 50 18 24 15 35 14 21 28 22 41 10 11 32 33 36 1 
student 126: 49 46 15 12 16 7 20 34 47 39 43 32 35 4 31 40 22 3 48 36 14 26 23 45 11 44 2 41 5 27 8 9 21 30 50 17 33 18 24 10 19 28 25 42 6 13 29 37 38 1 
student 127: 47 38 22 10 19 2 18 25 40 39 33 24 36 8 32 48 29 4 50 43 14 23 27 41 11 45 5 46 9 28 6 21 15 31 49 13 34 16 26 3 17 30 20 44 12 7 37 42 35 1 
student 128: 42 37 18 14 19 2 16 33 45 44 39 31 38 6 34 46 25 5 50 41 17 23 26 43 10 49 4 48 8 28 7 13 20 21 47 12 30 15 32 11 22 27 24 40 3 9 35 29 36 1 
student 129: 44 41 20 9 19 4 15 28 45 38 39 26 37 6 36 46 32 2 47 40 18 22 27 42 10 49 1 48 8 33 7 13 14 23 50 16 24 17 29 3 21 34 30 43 11 12 25 31 35 5 
student 130: 45 38 20 9 18 1 16 30 46 40 41 28 34 2 35 49 26 7 47 39 19 21 23 43 11 48 5 44 6 25 3 13 17 24 50 12 33 14 36 4 22 29 27 42 10 15 31 32 37 8 
student 131: 41 40 17 11 23 2 18 31 48 45 39 24 37 5 36 47 29 4 44 43 13 19 26 42 7 49 3 50 8 34 6 16 21 22 28 14 25 9 33 10 20 35 27 46 15 12 30 32 38 1 
student 132: 45 39 19 11 20 2 23 32 47 42 48 28 38 5 33 40 27 4 46 34 15 22 8 43 9 49 3 44 14 30 7 18 12 24 50 13 26 17 31 6 21 37 25 41 10 16 29 35 36 1 
student 133: 40 44 17 10 19 2 16 27 41 42 38 25 39 13 45 46 28 3 48 37 18 26 23 43 9 47 7 50 5 33 8 14 20 24 49 11 31 15 34 6 21 36 22 32 4 12 30 35 29 1 
student 134: 47 41 23 14 27 3 10 34 46 37 39 26 35 9 32 44 22 7 45 40 17 21 19 43 12 48 2 49 6 31 4 11 18 24 50 13 28 15 36 8 20 29 25 42 5 16 30 33 38 1 
student 135: 45 40 20 12 18 1 17 25 46 42 31 24 26 6 37 41 28 3 49 43 15 27 23 44 9 48 2 47 5 32 8 14 22 30 50 16 35 13 36 10 19 33 21 38 7 11 29 34 39 4 
student 136: 42 38 24 9 18 2 15 32 48 44 36 25 39 5 35 45 27 4 50 40 14 22 20 47 11 46 3 43 7 26 6 10 17 23 49 16 28 13 33 8 21 34 31 41 12 19 30 29 37 1 
student 137: 46 40 23 8 18 3 16 35 44 39 38 29 37 4 32 48 28 1 50 43 14 26 21 42 7 47 10 36 6 22 11 15 17 25 49 13 30 19 31 5 20 45 24 41 12 9 27 34 33 2 
student 138: 40 42 19 6 17 4 24 33 46 45 38 30 39 5 31 43 26 3 48 37 13 21 22 41 8 49 1 47 10 28 7 11 16 25 50 18 32 12 29 9 20 27 23 44 14 15 36 35 34 2 
student 139: 46 39 22 13 18 6 21 28 42 41 36 26 37 4 31 44 29 3 48 34 11 27 19 49 10 47 7 43 9 38 8 17 15 24 50 14 30 20 33 1 16 25 23 45 5 12 32 35 40 2 
student 140: 43 38 13 8 21 1 18 31 39 48 41 29 35 6 40 49 20 5 46 37 16 22 19 47 3 45 4 42 10 34 7 15 17 27 50 9 32 24 36 14 25 30 23 44 11 12 33 26 28 2 
student 141: 46 30 20 10 19 4 15 26 48 45 39 32 40 7 35 42 29 1 47 38 16 24 21 50 9 41 5 44 6 36 3 17 18 22 49 11 28 14 37 12 23 25 27 43 8 13 31 34 33 2 
student 142: 43 38 18 10 21 2 12 31 49 44 36 23 33 4 37 41 24 5 48 40 17 25 22 45 7 42 3 47 9 27 8 13 19 26 50 14 35 11 39 6 29 28 30 46 16 15 20 32 34 1 
student 143: 38 39 20 11 24 3 8 34 42 44 35 23 33 9 43 48 28 13 49 36 17 22 19 41 10 46 2 47 5 30 7 12 14 21 50 4 31 16 32 6 18 26 25 45 27 15 29 37 40 1 
student 144: 39 42 25 9 20 2 19 31 48 43 40 24 37 3 38 41 22 5 47 32 17 23 21 49 7 45 1 50 6 27 4 16 18 28 46 11 30 14 36 12 15 29 26 44 10 13 34 33 35 8 
student 145: 41 39 13 18 17 9 16 30 44 34 38 27 45 8 35 40 28 3 47 42 22 23 21 50 10 49 4 46 2 29 7 15 20 24 48 14 36 6 33 5 19 26 25 43 11 12 31 37 32 1 
student 146: 44 36 20 12 19 2 14 37 48 42 39 27 38 6 32 43 30 3 50 40 23 22 16 45 4 49 7 46 10 26 8 18 21 25 47 13 31 17 35 11 15 28 24 41 9 5 29 33 34 1 
student 147: 42 36 20 7 19 4 16 30 50 40 35 26 38 5 43 48 27 6 46 39 18 21 23 44 13 49 3 45 2 28 8 14 15 25 47 12 31 17 33 9 22 29 24 41 11 10 32 34 37 1 
student 148: 41 39 19 11 25 2 14 27 50 40 42 21 35 4 33 47 23 5 48 45 15 28 18 43 6 49 3 44 10 30 8 22 17 24 46 16 32 13 31 7 20 29 26 38 12 9 37 36 34 1 
student 149: 41 40 22 13 19 3 17 27 48 42 37 25 36 5 31 44 21 6 47 39 15 30 23 43 12 46 4 45 2 28 9 11 16 24 50 10 29 18 35 8 26 32 20 49 7 14 34 33 38 1 
student 150: 44 41 15 11 16 2 14 37 49 42 35 36 32 6 34 40 28 9 47 43 13 21 19 46 25 45 3 50 5 27 17 20 22 26 48 8 31 12 29 4 18 23 33 39 7 10 38 30 24 1 
student 151: 44 41 18 10 17 2 14 30 48 42 40 26 39 1 38 45 25 3 47 36 21 16 24 37 5 49 4 46 7 28 8 12 22 23 50 15 31 20 34 13 29 27 19 43 11 9 32 33 35 6 
student 152: 41 42 10 18 15 4 23 37 49 43 38 28 35 7 39 40 32 3 46 36 17 24 19 45 2 50 6 47 11 25 12 13 22 30 48 8 29 14 20 1 26 31 21 44 16 9 27 33 34 5 
student 153: 46 44 20 11 24 2 14 28 41 39 40 23 36 10 34 42 22 4 47 33 16 19 21 43 6 50 7 49 9 29 3 18 15 25 48 8 35 12 37 5 32 27 26 45 13 17 30 31 38 1 
student 154: 43 41 22 10 14 6 16 26 48 40 39 32 37 4 31 45 27 7 44 34 15 28 23 42 12 47 3 49 1 33 5 17 21 25 50 13 29 18 36 11 20 35 19 46 8 9 24 30 38 2 
student 155: 40 37 22 11 20 3 16 31 47 45 43 28 39 6 38 41 25 4 48 44 9 18 30 46 7 49 2 42 5 27 8 17 23 21 50 15 32 14 35 10 24 29 19 26 12 13 34 36 33 1 
student 156: 43 37 26 12 17 3 14 31 42 47 38 27 35 6 36 45 25 5 50 41 20 19 22 44 11 48 2 49 8 30 4 15 21 28 46 9 32 16 34 7 18 24 23 39 10 13 29 33 40 1 
student 157: 43 40 20 13 18 1 24 29 45 37 38 28 41 7 35 46 25 4 49 39 17 23 21 44 2 48 6 47 8 27 5 12 19 14 50 10 34 16 33 11 22 36 26 42 9 15 30 32 31 3 
student 158: 48 39 19 10 20 4 16 33 45 42 38 29 37 3 36 49 28 1 41 43 24 21 18 44 11 50 5 46 7 31 8 13 17 23 47 12 35 14 34 6 22 30 26 40 9 15 27 25 32 2 
student 159: 44 38 20 7 15 1 12 32 42 41 37 26 43 5 31 47 23 4 46 36 16 25 29 45 19 48 8 50 6 28 2 18 22 24 49 11 30 14 33 9 17 27 21 39 13 10 34 40 35 3 
student 160: 47 40 17 8 16 3 19 30 45 41 38 27 36 6 37 44 24 9 48 39 15 26 22 42 1 46 4 49 5 25 12 10 23 21 50 7 31 14 33 13 20 29 28 43 18 11 32 35 34 2 
student 161: 38 42 19 1 17 5 16 29 46 49 40 25 41 9 30 43 36 7 48 35 15 23 21 45 6 47 3 37 12 28 10 27 11 22 50 13 31 14 39 4 20 26 24 44 18 8 32 33 34 2 
student 162: 46 44 21 12 30 2 18 29 50 34 37 26 39 3 36 45 24 8 47 40 15 20 25 38 10 42 5 48 4 27 6 13 9 23 49 14 33 16 32 17 19 28 22 43 11 7 31 35 41 1 
student 163: 44 36 23 8 19 3 18 28 47 39 41 29 38 5 37 45 25 7 46 43 12 24 20 40 6 49 4 48 14 26 1 10 22 21 50 16 30 15 35 9 17 34 27 42 13 11 31 33 32 2 
student 164: 43 37 20 9 11 5 18 29 42 39 38 26 36 4 35 41 28 3 48 44 12 24 19 45 8 50 2 47 10 22 6 15 21 25 49 14 31 16 32 7 17 33 27 46 13 23 30 34 40 1 
student 165: 46 42 28 8 20 5 11 23 44 38 35 29 36 10 31 45 24 6 50 40 15 21 25 43 13 48 3 47 4 32 2 17 18 22 49 12 30 14 33 9 19 26 27 41 7 16 37 34 39 1 
student 166: 45 37 17 8 22 11 14 31 46 43 33 26 36 2 25 47 28 4 50 41 20 21 24 44 16 48 1 42 6 30 3 12 18 27 49 13 35 15 38 7 19 29 23 40 9 10 34 39 32 5 
student 167: 47 39 19 11 23 2 13 26 43 41 38 30 35 3 36 42 27 4 49 40 14 20 17 44 9 48 1 46 7 29 5 22 16 25 50 15 32 18 28 10 21 31 24 45 6 12 33 34 37 8 
student 168: 42 40 28 8 20 2 18 32 44 39 38 22 36 6 37 41 24 9 48 45 17 23 21 47 10 46 4 50 5 27 3 16 15 29 49 13 31 14 33 7 19 26 25 35 12 11 34 30 43 1 
student 169: 40 38 19 7 23 4 18 31 47 41 35 29 34 1 28 44 20 5 50 39 21 17 22 46 10 45 6 48 9 37 3 12 16 25 49 11 26 15 33 13 27 30 24 43 8 14 36 32 42 2 
student 170: 42 38 21 4 17 8 16 34 49 40 43 26 37 5 32 45 28 1 47 36 13 19 24 41 11 50 7 46 9 30 3 10 20 25 48 15 29 18 31 6 23 22 27 44 12 14 39 33 35 2 
student 171: 38 40 21 11 17 2 18 32 49 42 37 30 36 5 33 41 22 4 46 39 15 24 23 45 12 48 3 47 6 27 10 14 19 25 50 13 31 16 29 7 20 28 26 44 9 8 34 43 35 1 
student 172: 44 40 21 10 19 2 14 30 47 36 39 24 35 8 38 43 25 4 46 41 11 26 22 42 5 50 3 49 6 28 7 13 16 18 45 12 31 15 33 9 23 29 27 48 17 20 34 32 37 1 
student 173: 41 39 22 12 14 5 20 34 44 40 37 26 38 7 36 42 18 1 47 43 11 16 25 45 8 49 4 46 9 28 3 13 21 23 50 15 32 19 30 6 24 27 31 48 17 10 29 33 35 2 
student 174: 42 39 20 10 21 3 16 30 46 38 40 28 37 1 35 44 25 2 49 43 15 26 22 45 9 48 6 47 7 29 4 14 17 24 50 12 31 18 36 8 19 23 27 41 13 11 33 34 32 5 
student 175: 46 38 21 10 16 3 20 29 48 39 45 25 40 4 35 47 24 7 50 36 15 22 23 41 13 49 2 43 6 27 5 14 17 30 44 12 26 19 32 8 18 28 31 42 9 11 33 34 37 1 
student 176: 42 38 19 11 21 3 15 30 45 43 39 28 35 6 36 44 24 5 47 37 23 25 20 46 14 48 4 49 7 29 2 12 17 26 50 8 31 16 34 9 18 27 22 41 13 10 32 33 40 1 
student 177: 44 42 23 15 13 5 21 31 46 35 41 30 40 6 37 45 25 2 47 38 11 19 16 39 12 48 1 49 14 27 8 17 20 22 50 7 28 18 34 10 26 29 24 43 3 9 33 36 32 4 
student 178: 43 41 20 13 21 2 28 34 46 39 37 31 38 11 35 45 22 5 48 42 14 23 18 44 8 49 1 47 6 26 4 9 15 27 50 12 29 16 33 7 25 19 24 32 17 10 40 30 36 3 
student 179: 41 39 19 10 20 1 15 28 48 40 37 24 42 6 35 43 27 5 45 38 18 26 21 50 7 44 3 49 12 32 9 16 22 23 47 13 31 14 36 4 17 25 29 46 8 11 30 33 34 2 
student 180: 49 39 31 3 15 1 21 24 48 41 40 32 37 9 35 46 19 7 44 45 16 23 20 42 8 50 6 43 4 33 12 14 18 26 47 11 36 17 29 10 22 34 25 38 13 5 28 27 30 2 
student 181: 42 39 20 9 19 1 17 29 46 41 43 30 34 4 38 45 21 6 50 33 13 23 22 40 8 44 5 47 3 27 7 10 18 28 48 11 31 12 35 15 26 25 24 49 16 14 36 37 32 2 
student 182: 42 39 10 12 14 1 16 26 43 46 33 20 36 7 35 44 25 2 49 37 21 18 24 41 8 47 3 48 6 30 4 19 22 29 50 17 34 11 40 9 23 28 27 45 15 13 38 31 32 5 
student 183: 42 40 16 8 21 4 19 31 44 45 32 25 38 2 35 47 24 6 46 37 10 23 26 41 15 48 1 49 11 28 9 12 20 27 50 18 36 14 33 5 17 29 22 43 13 7 39 34 30 3 
student 184: 44 42 19 14 13 3 10 29 43 39 41 26 37 11 33 48 28 6 47 36 16 20 23 46 9 45 2 49 1 30 7 18 22 25 50 8 27 17 34 4 21 31 24 40 12 15 38 32 35 5 
student 185: 42 40 20 10 14 2 19 28 45 41 35 25 32 5 29 46 24 3 49 39 11 26 23 43 7 47 4 50 6 22 8 21 18 30 48 13 31 15 36 16 17 33 27 44 9 12 34 38 37 1 
student 186: 39 38 22 13 17 3 20 23 48 42 30 31 37 7 36 40 27 6 49 41 21 25 15 44 5 47 1 46 9 26 2 16 19 24 50 14 28 12 32 10 18 33 29 43 8 11 35 34 45 4 
student 187: 43 37 22 9 20 5 15 30 45 49 40 25 35 4 38 47 31 2 46 41 18 24 23 39 16 48 6 44 7 26 8 14 17 21 50 10 32 11 29 3 19 27 28 42 13 12 33 36 34 1 
student 188: 43 38 20 10 23 2 12 18 50 40 33 28 41 8 37 47 29 1 46 39 19 21 17 42 9 48 4 44 6 34 14 16 24 26 49 13 27 5 32 7 25 30 22 45 15 11 36 35 31 3 
student 189: 44 35 23 10 20 1 17 34 46 42 40 29 32 2 30 43 31 4 49 38 15 21 24 45 7 50 5 47 9 28 8 14 19 22 48 13 27 16 37 6 18 26 25 41 11 12 36 33 39 3 
student 190: 43 37 23 10 15 2 19 27 44 42 39 29 41 5 38 40 26 4 48 34 9 24 21 45 6 49 3 47 7 28 12 13 17 25 50 18 32 16 36 8 20 30 22 46 14 11 33 31 35 1 
student 191: 46 37 19 9 17 6 21 29 49 30 43 28 38 7 34 44 25 1 47 40 23 22 20 48 12 45 2 42 8 35 4 14 15 27 50 16 26 10 36 5 18 31 24 41 13 11 33 32 39 3 
student 192: 38 39 17 11 21 5 27 30 44 43 45 25 31 6 32 48 26 3 50 41 16 19 20 42 7 49 2 40 8 22 4 14 35 24 47 9 29 12 33 10 15 28 23 37 13 18 34 46 36 1 
student 193: 43 41 22 11 19 5 16 34 48 37 39 28 33 4 36 46 23 1 47 38 18 25 17 42 10 44 3 49 8 30 7 14 15 26 50 13 29 24 35 9 20 27 21 45 12 6 40 32 31 2 
student 194: 44 36 18 7 20 3 14 30 42 40 37 31 39 4 33 49 24 1 50 41 19 26 22 46 6 48 5 47 10 29 2 11 16 25 45 13 28 15 35 12 21 27 23 43 17 9 34 32 38 8 
student 195: 42 40 20 10 18 3 13 31 43 38 39 28 37 5 35 47 26 1 50 41 14 23 22 46 7 49 4 48 8 29 6 11 17 24 44 16 32 15 36 9 19 27 25 45 12 21 30 33 34 2 
student 196: 39 43 18 12 21 3 14 33 45 40 37 24 36 5 35 48 26 7 50 38 13 22 25 44 10 46 6 47 4 32 2 20 17 28 49 16 30 11 29 9 23 27 19 42 8 15 31 41 34 1 
student 197: 50 37 20 2 22 1 18 34 46 42 39 29 38 3 36 45 27 5 47 41 17 23 19 44 11 49 4 43 10 26 6 16 15 25 48 9 28 13 33 12 24 30 21 40 8 14 32 35 31 7 
student 198: 39 37 23 4 17 3 14 30 44 42 41 29 38 8 34 46 26 9 47 36 19 27 20 50 10 43 7 48 5 22 2 13 16 25 49 12 28 18 35 6 21 33 24 45 11 15 32 31 40 1 
student 199: 43 34 20 10 18 1 16 28 44 42 38 36 40 5 32 50 26 2 46 41 15 21 22 47 9 48 4 45 6 23 11 8 14 30 49 13 29 19 35 7 25 24 27 39 12 17 31 33 37 3 
student 200: 47 40 23 11 20 3 7 29 45 42 41 24 34 5 35 48 30 2 44 43 19 28 25 37 10 46 9 49 6 27 1 14 12 15 50 13 32 18 36 8 22 26 21 39 17 16 31 33 38 4 
student 201: 43 44 23 12 21 2 15 31 37 42 32 16 36 3 40 48 26 5 49 39 17 20 19 45 8 46 6 47 7 29 4 13 18 28 50 14 30 9 33 10 24 27 25 41 11 22 34 35 38 1 
student 202: 40 48 17 12 15 1 19 31 45 43 28 27 35 4 34 41 22 5 50 39 20 25 21 42 11 47 2 46 6 29 7 18 10 26 49 8 33 16 30 9 23 32 24 44 13 14 37 36 38 3 
student 203: 44 42 19 12 20 1 17 29 45 38 40 26 43 7 36 39 30 5 46 35 10 16 22 49 15 50 3 48 6 28 4 14 21 24 47 13 32 18 34 9 23 25 27 41 8 11 31 33 37 2 
student 204: 44 42 23 9 18 2 17 27 47 41 40 30 38 6 34 46 19 4 43 37 21 24 31 45 8 48 3 50 5 29 11 14 16 25 49 13 28 15 35 7 20 26 22 39 10 12 33 36 32 1 
student 205: 47 33 19 11 18 2 24 30 43 41 35 28 42 3 36 44 25 7 46 39 16 17 29 45 8 50 5 49 6 26 4 15 20 23 48 13 32 12 31 9 21 27 22 40 10 14 34 37 38 1 
student 206: 39 38 24 11 19 2 15 29 45 46 40 23 37 5 34 43 30 7 47 41 20 22 21 44 12 48 4 49 6 27 3 8 17 26 50 16 35 18 36 10 9 28 25 42 13 14 31 33 32 1 
student 207: 46 40 23 7 31 2 13 32 42 48 39 21 38 1 29 43 22 4 50 41 16 25 18 44 9 45 3 49 5 27 6 15 17 20 47 14 33 19 36 8 26 28 24 37 11 10 30 35 34 12 
student 208: 45 42 17 9 20 2 13 31 46 39 34 27 40 4 33 43 29 7 50 44 19 18 22 41 10 47 5 48 6 28 3 11 21 23 49 14 35 15 32 8 25 24 26 36 12 16 38 30 37 1 
student 209: 44 38 21 12 19 3 20 28 41 43 39 24 37 11 34 48 32 7 50 40 17 25 23 46 5 47 4 45 2 26 10 8 13 22 49 16 33 14 30 18 15 27 29 42 6 9 31 35 36 1 
student 210: 38 41 21 13 20 8 17 29 47 43 39 27 36 4 37 45 23 5 49 33 11 25 22 44 7 50 2 46 6 28 3 15 18 26 40 14 35 16 31 9 24 32 19 48 10 12 34 30 42 1 
student 211: 43 40 21 11 18 2 24 25 48 35 41 22 34 7 37 46 29 6 45 44 14 28 17 47 5 49 3 39 13 26 8 12 10 27 50 19 31 16 32 9 20 30 23 42 15 4 33 36 38 1 
student 212: 46 36 20 11 13 1 14 31 48 42 40 15 32 4 35 45 25 5 47 41 12 19 28 44 10 50 3 49 6 27 8 18 22 23 43 17 33 16 37 9 24 29 21 38 26 7 30 34 39 2 
student 213: 43 36 24 15 17 4 16 27 46 38 37 25 35 3 40 49 33 2 48 41 21 19 20 45 9 47 5 44 12 26 8 13 10 28 50 7 39 14 32 6 22 30 23 42 11 18 31 34 29 1 
student 214: 42 43 27 12 18 2 17 33 44 39 38 29 35 3 32 46 22 4 50 41 13 21 25 48 9 47 5 45 6 30 7 15 19 26 49 11 34 16 37 8 20 24 23 40 10 14 31 28 36 1 
student 215: 41 39 23 12 15 2 16 30 48 42 35 25 37 4 38 43 27 7 49 46 18 20 22 45 6 44 3 50 5 29 9 11 14 26 47 17 34 19 32 10 24 28 21 40 8 13 31 33 36 1 
student 216: 44 38 19 9 17 4 13 29 45 40 36 28 43 5 37 46 25 3 49 41 15 20 21 39 8 50 2 47 7 33 6 14 16 26 48 11 27 24 31 10 23 32 22 42 18 12 30 35 34 1 
student 217: 45 36 25 3 23 1 18 24 50 43 40 28 34 7 38 44 31 9 49 39 19 21 14 42 10 41 12 48 6 29 4 15 16 26 46 13 30 20 37 5 17 27 22 47 8 11 32 33 35 2 
student 218: 44 34 20 10 16 3 15 35 50 41 39 27 40 7 42 46 23 1 49 36 11 25 22 47 12 45 5 43 8 29 6 17 24 26 48 14 30 21 31 4 18 28 19 38 9 13 33 37 32 2 
student 219: 40 35 18 9 22 4 19 33 45 47 44 21 31 13 37 48 27 3 49 38 11 28 23 41 7 50 8 43 6 26 2 17 20 25 46 16 36 15 34 5 12 30 24 42 10 14 29 39 32 1 
student 220: 47 42 25 13 20 2 19 27 49 41 40 23 30 6 32 46 33 5 50 36 10 21 28 43 16 45 4 44 7 24 3 14 12 18 48 17 31 15 29 8 26 35 22 39 11 9 37 38 34 1 
student 221: 42 36 29 10 20 2 14 25 45 40 35 30 39 5 37 43 24 3 47 41 19 21 22 46 11 48 7 50 4 31 8 13 18 23 49 27 28 16 33 9 17 26 15 44 6 12 32 34 38 1 
student 222: 49 41 13 8 16 3 15 32 48 44 38 28 42 4 34 35 26 5 46 39 18 25 22 40 6 47 1 43 11 29 2 20 21 24 50 12 31 17 27 10 23 30 19 45 14 9 33 36 37 7 
student 223: 35 40 18 13 17 3 21 32 48 43 37 29 30 7 38 49 28 6 50 44 16 23 24 45 2 47 4 41 5 25 8 15 20 22 42 10 26 14 34 9 19 31 27 46 11 12 33 36 39 1 
student 224: 35 32 16 10 18 1 24 29 46 45 40 28 44 5 41 42 26 8 49 39 19 22 17 37 11 48 3 43 6 30 4 12 20 25 50 13 34 15 38 7 21 27 23 47 14 9 31 33 36 2 
student 225: 44 39 18 11 22 2 16 30 47 43 35 24 36 5 37 41 29 1 48 42 15 20 25 46 6 45 4 49 10 27 3 21 17 28 50 7 26 14 32 8 19 31 23 40 12 13 33 34 38 9 
student 226: 33 38 19 9 22 1 18 29 45 40 50 28 37 6 36 43 24 7 48 42 15 23 17 46 8 47 3 44 11 25 5 14 27 26 49 13 34 16 31 4 20 30 21 39 10 12 35 32 41 2 
student 227: 46 39 23 8 15 2 18 27 45 37 43 28 35 5 42 49 22 11 48 44 25 26 17 36 9 50 4 47 6 29 3 13 19 24 41 14 32 16 30 7 20 38 21 40 12 10 31 33 34 1 
student 228: 43 40 20 6 21 2 16 34 44 39 30 25 38 3 33 49 32 4 47 41 17 23 19 45 9 46 1 48 10 24 8 14 15 29 50 11 31 18 36 7 22 27 26 42 12 13 28 35 37 5 
student 229: 41 38 18 15 17 2 10 28 46 40 32 30 43 7 34 39 27 11 50 42 20 22 26 45 12 48 6 47 4 24 3 8 19 25 49 9 31 16 36 5 21 29 23 44 13 14 35 33 37 1 
student 230: 45 31 22 6 30 3 17 27 44 41 39 23 38 5 32 47 26 2 49 40 19 20 21 42 10 48 4 50 9 25 7 13 15 24 46 12 33 18 28 11 16 34 29 43 8 14 36 35 37 1 
student 231: 40 39 20 15 16 1 9 35 46 44 33 25 34 5 38 45 24 3 48 42 23 28 21 43 12 47 2 50 8 31 7 11 14 26 49 17 37 13 36 4 18 30 22 41 19 10 27 32 29 6 
student 232: 44 40 23 11 19 4 15 37 41 42 36 25 39 3 33 46 26 2 47 45 17 12 24 38 9 48 1 50 5 31 8 21 18 22 49 10 35 13 32 7 20 28 27 43 14 16 29 30 34 6 
student 233: 47 41 24 9 16 7 17 31 49 45 37 27 39 6 34 43 26 3 46 44 20 22 21 38 10 48 5 40 2 30 4 18 15 25 50 12 29 14 36 13 19 35 23 42 8 11 32 33 28 1 
student 234: 45 44 13 10 22 3 23 33 41 42 35 25 34 5 31 48 26 4 47 40 24 19 17 32 9 50 2 46 7 29 6 14 27 20 49 15 37 16 38 8 18 28 21 39 11 12 36 30 43 1 
student 235: 41 38 19 13 21 1 18 29 46 42 35 28 37 4 39 48 27 3 49 40 16 22 20 47 11 43 5 45 8 26 6 15 10 24 50 14 30 9 33 7 25 31 23 44 17 12 32 36 34 2 
student 236: 45 38 23 11 16 3 21 26 42 44 37 27 35 6 34 40 25 5 49 36 12 24 18 48 13 46 2 47 7 29 4 14 20 28 50 10 31 15 30 8 19 32 22 43 9 17 39 33 41 1 
student 237: 39 37 24 12 14 8 19 35 47 42 43 26 41 2 40 36 27 3 48 34 16 17 25 50 7 44 1 49 4 28 5 15 22 23 45 20 31 10 30 9 21 29 18 46 11 13 32 33 38 6 
student 238: 44 38 17 12 11 5 16 24 47 41 33 32 37 6 40 48 27 2 50 39 20 29 23 46 3 45 1 43 8 25 7 15 19 26 49 14 31 18 35 9 21 30 22 42 10 13 28 34 36 4 
student 239: 45 38 18 10 17 3 20 32 44 36 37 29 34 4 41 46 25 8 47 42 15 23 19 39 9 49 1 48 16 28 6 13 14 24 50 11 35 22 33 7 21 26 27 43 12 5 31 40 30 2 
student 240: 46 40 17 10 19 4 26 33 43 42 35 27 38 6 37 44 25 7 47 49 13 23 18 41 3 50 5 45 9 30 8 21 16 22 48 12 28 15 32 2 20 24 31 39 11 14 34 29 36 1 
student 241: 45 42 22 14 13 4 17 29 48 40 39 27 37 8 35 46 25 3 50 38 21 19 24 44 9 47 5 41 7 28 2 18 16 20 49 12 31 15 33 6 23 30 26 43 10 11 32 34 36 1 
student 242: 43 40 26 9 15 1 14 29 45 41 39 24 38 5 34 47 28 4 49 37 18 16 22 44 8 42 2 48 12 36 7 17 21 25 50 11 27 20 32 6 19 31 23 46 10 13 35 30 33 3 
student 243: 45 36 22 9 13 3 20 30 47 41 38 26 40 7 37 42 25 2 49 39 15 21 23 48 14 44 1 46 4 28 12 11 18 24 50 10 33 19 34 8 17 27 29 43 5 16 32 31 35 6 
student 244: 39 37 19 12 18 2 16 29 41 43 38 24 44 1 34 46 26 7 49 40 13 22 20 45 8 48 4 47 6 30 5 15 17 28 50 11 31 23 33 9 21 27 25 42 14 10 32 35 36 3 
student 245: 39 41 24 13 20 1 15 29 49 38 40 26 37 12 34 47 22 4 48 43 16 23 28 44 6 46 2 45 9 30 5 8 18 25 50 14 35 17 32 7 10 27 21 42 11 19 33 31 36 3 
student 246: 43 41 18 13 26 1 17 34 47 37 40 23 35 2 39 44 25 8 45 36 15 24 21 46 11 49 7 48 10 31 4 22 16 29 50 12 32 14 19 6 20 30 27 42 5 9 33 28 38 3 
student 247: 37 43 26 12 25 2 14 31 48 42 38 27 39 6 33 40 28 3 49 44 17 23 19 46 10 47 5 41 7 24 4 16 15 22 50 13 32 20 35 9 18 29 21 45 11 8 34 30 36 1 
student 248: 37 42 27 9 19 2 15 29 45 43 40 25 36 6 38 39 26 3 50 41 16 22 18 47 7 44 4 48 8 30 5 12 17 24 49 11 31 20 32 10 21 28 23 46 14 13 33 35 34 1 
student 249: 41 40 20 9 19 4 18 31 38 36 37 29 39 1 43 50 30 2 44 46 15 23 21 45 8 47 7 48 10 24 5 12 17 27 49 16 28 13 32 11 26 25 22 42 14 6 33 34 35 3 
student 250: 41 48 17 12 21 7 16 31 38 37 36 24 33 3 40 49 25 2 39 43 18 20 22 46 13 44 6 47 11 26 4 10 15 27 50 14 29 19 34 5 35 28 23 45 8 9 30 32 42 1 
student 251: 47 29 20 12 15 2 18 33 44 39 37 24 45 4 34 43 27 8 49 40 17 19 26 42 3 48 6 46 5 31 9 14 23 21 50 10 32 13 30 7 22 38 25 41 11 16 35 28 36 1 
student 252: 42 38 21 8 17 1 18 25 46 43 37 24 36 5 40 39 20 2 48 44 15 23 22 41 12 45 3 49 10 26 7 13 19 31 50 11 32 14 33 6 28 29 27 47 9 16 30 34 35 4 
student 253: 42 36 19 9 21 2 14 32 49 43 37 27 35 6 40 46 25 3 48 38 12 23 18 39 7 50 1 45 5 31 8 20 17 22 47 16 33 13 34 10 24 28 26 44 11 15 29 30 41 4 
student 254: 43 36 20 13 16 4 19 30 35 37 38 23 33 5 42 47 28 6 50 41 18 27 21 40 7 48 1 44 3 25 8 15 17 22 49 9 29 14 34 12 26 24 31 46 10 11 32 45 39 2 
student 255: 41 38 18 7 19 2 17 25 46 40 49 23 32 8 33 45 27 3 50 39 20 24 30 42 9 47 6 43 11 28 1 15 16 22 48 12 31 13 36 4 26 29 21 44 10 14 35 37 34 5 
student 256: 43 37 24 15 19 3 11 25 47 40 46 23 35 4 38 45 30 2 50 39 16 22 21 44 10 48 8 42 7 31 1 12 17 27 49 14 29 18 34 5 20 28 26 41 9 13 33 32 36 6 
student 257: 44 36 22 10 17 7 19 30 45 40 39 32 35 4 34 48 26 2 47 41 13 27 20 42 5 49 3 46 6 31 9 18 11 25 50 15 33 16 28 8 21 29 23 43 14 12 24 38 37 1 
student 258: 47 38 22 5 26 2 16 30 45 43 37 25 33 9 42 40 23 8 48 36 20 24 21 44 4 50 3 49 10 28 7 17 18 19 46 11 31 14 35 12 13 29 27 39 6 15 32 34 41 1 
student 259: 35 39 21 4 20 1 19 34 43 45 41 22 40 9 33 47 26 8 49 44 16 14 27 38 12 42 6 48 3 25 5 18 17 28 50 11 31 7 32 13 23 29 24 46 15 10 30 36 37 2 
student 260: 43 32 19 6 16 3 17 33 48 42 41 29 39 9 36 44 24 8 49 40 18 22 20 45 12 47 1 38 5 27 4 14 23 26 50 10 30 15 31 7 21 28 25 46 13 11 35 34 37 2 
student 261: 42 39 21 7 24 1 14 27 46 45 35 31 38 5 28 43 16 4 50 41 19 25 23 48 3 47 2 49 10 37 9 11 15 26 40 22 30 13 36 12 20 32 18 44 8 17 29 34 33 6 
student 262: 43 40 21 2 19 3 17 30 50 47 38 29 36 9 35 41 26 13 48 42 11 24 27 39 5 45 4 46 7 20 6 15 18 25 49 12 32 16 33 8 22 34 23 44 10 14 28 31 37 1 
student 263: 41 42 20 10 21 5 15 27 48 44 34 26 38 6 31 43 25 2 49 37 19 24 18 47 13 46 1 45 8 29 7 12 17 28 39 11 32 14 33 4 22 30 23 50 9 16 35 36 40 3 
student 264: 42 38 21 12 20 4 16 28 46 43 31 26 39 9 36 44 32 3 50 40 17 19 25 48 6 45 1 49 5 27 10 14 18 30 47 8 29 24 33 11 15 23 22 41 7 13 34 37 35 2 
student 265: 44 40 18 6 21 5 17 29 45 43 36 39 42 1 25 46 33 8 41 48 16 22 24 37 14 49 3 47 11 26 4 9 19 32 50 15 23 12 34 7 20 30 28 38 13 10 31 27 35 2 
student 266: 37 35 15 7 20 5 13 28 48 44 45 24 36 3 33 43 26 4 49 39 14 19 23 46 6 47 1 41 10 27 8 17 38 25 50 12 32 21 29 16 22 31 18 42 9 11 30 34 40 2 
student 267: 43 34 20 9 15 1 19 27 47 48 37 24 39 7 28 45 23 14 50 36 22 25 29 42 4 44 6 46 2 31 8 12 16 26 49 11 38 17 35 5 18 33 21 40 10 13 32 30 41 3 
student 268: 38 33 21 8 15 2 18 29 46 48 37 20 41 6 36 44 28 4 45 40 19 26 24 43 5 49 3 47 7 30 9 14 16 23 50 11 34 12 32 13 25 31 22 42 10 17 27 39 35 1 
student 269: 44 40 21 10 19 1 15 34 49 41 37 36 32 4 33 45 26 5 47 38 16 23 20 43 7 48 3 46 9 28 6 8 18 27 50 14 24 17 30 11 22 29 25 39 12 13 31 35 42 2 
student 270: 41 36 24 11 20 4 15 29 46 42 37 26 39 6 38 48 27 8 50 40 13 22 21 45 9 43 2 49 3 28 5 17 19 23 47 12 30 16 32 7 18 31 25 44 10 14 35 33 34 1 
student 271: 41 39 23 12 16 3 18 31 44 42 40 26 38 8 33 50 28 2 47 34 19 25 21 43 6 46 4 48 7 22 5 17 14 32 49 10 29 13 36 9 20 27 24 45 11 15 35 37 30 1 
student 272: 43 38 22 4 23 1 17 30 48 44 40 24 36 10 34 45 31 3 47 41 14 21 25 39 12 46 2 49 15 33 7 11 19 27 50 13 32 18 20 8 16 29 26 42 6 9 28 35 37 5 
student 273: 46 38 23 6 16 2 22 27 45 42 41 24 37 8 35 44 28 3 36 40 9 21 17 49 13 47 1 50 12 25 7 14 18 30 48 15 33 20 32 5 19 29 31 43 10 11 26 34 39 4 
student 274: 40 37 21 6 18 2 10 28 48 38 49 26 41 12 30 46 27 5 44 39 19 23 24 45 8 43 1 50 13 29 3 20 16 22 47 11 33 14 32 15 17 31 25 42 9 7 34 35 36 4 
student 275: 45 37 23 13 17 1 15 29 46 42 36 21 39 4 38 43 31 3 50 40 14 26 22 44 12 48 6 49 5 27 8 9 20 28 47 19 30 16 35 11 18 25 24 41 10 7 33 32 34 2 
student 276: 49 39 19 12 16 3 18 34 45 40 36 22 38 5 37 44 29 2 48 46 17 20 25 50 6 41 4 43 8 26 9 15 23 31 47 13 35 14 28 7 21 27 24 42 10 11 33 30 32 1 
student 277: 48 43 25 13 18 3 14 27 46 38 32 29 36 4 42 44 31 7 50 35 16 24 21 40 6 41 1 45 5 30 8 23 20 28 49 12 34 15 37 10 17 22 19 47 11 9 26 33 39 2 
student 278: 45 38 18 11 23 5 9 29 46 43 36 28 33 10 30 40 26 4 50 41 21 20 25 39 3 48 8 49 2 22 7 15 19 24 47 16 32 6 34 12 17 31 27 44 14 13 37 35 42 1 
student 279: 45 40 23 8 24 3 20 27 48 41 38 18 36 5 39 42 26 6 49 35 14 17 30 46 10 47 2 44 9 22 7 19 16 32 50 15 29 4 37 12 21 31 25 43 11 13 28 34 33 1 
student 280: 44 40 20 2 19 1 15 31 49 45 29 24 38 7 35 42 30 6 50 39 16 22 26 37 8 46 4 43 10 27 5 12 18 28 48 13 33 17 34 11 21 25 23 47 9 14 32 36 41 3 
student 281: 48 41 17 7 18 4 16 32 44 39 38 26 37 8 33 43 23 2 46 42 22 19 35 40 3 50 5 47 6 25 9 11 21 29 49 12 36 13 24 10 14 27 31 45 15 20 34 28 30 1 
student 282: 45 34 14 7 23 6 15 24 50 48 41 28 37 1 36 42 27 8 47 39 12 25 11 43 4 49 2 44 9 29 3 17 20 26 46 16 31 22 40 13 21 35 18 38 19 10 32 33 30 5 
student 283: 43 35 21 13 20 2 14 30 44 41 39 22 40 5 34 47 26 6 50 36 15 24 23 46 10 48 4 45 3 27 8 12 16 28 49 11 31 18 37 7 19 32 25 42 17 9 29 33 38 1 
student 284: 47 37 10 8 22 1 20 31 45 42 36 26 41 12 38 44 25 4 49 39 16 21 24 43 5 46 6 48 7 29 2 18 17 28 50 14 33 19 30 15 27 11 23 40 13 9 32 34 35 3 
student 285: 45 43 22 11 21 2 17 31 44 41 40 28 32 4 39 48 25 5 50 37 14 18 27 47 6 46 3 38 8 30 10 13 19 24 49 16 33 15 35 9 20 23 26 42 12 7 34 36 29 1 
student 286: 44 40 21 13 15 7 18 30 45 41 35 19 39 5 29 46 24 3 47 38 22 23 27 42 11 49 2 48 4 25 9 14 16 32 50 12 26 17 31 10 20 28 36 43 6 8 34 37 33 1 
student 287: 41 39 28 9 23 2 13 25 47 40 49 19 31 5 33 50 30 6 48 35 17 24 15 42 8 46 3 43 4 29 11 21 14 27 44 18 32 16 34 7 20 26 22 38 10 12 36 45 37 1 
student 288: 43 40 16 3 23 2 18 33 46 37 35 26 39 8 32 44 30 5 48 45 15 20 21 47 9 49 1 42 6 27 7 13 17 25 50 19 29 14 31 12 22 28 24 41 10 11 34 38 36 4 
student 289: 43 34 21 15 19 3 20 33 48 38 41 29 36 6 32 44 25 5 47 39 16 23 18 45 10 46 7 49 9 30 2 13 17 26 50 14 27 11 37 8 22 31 24 40 4 12 28 35 42 1 
student 290: 43 39 19 7 20 2 18 32 45 38 37 25 48 1 33 40 31 5 47 44 14 22 15 50 12 46 4 42 10 30 9 13 11 28 49 17 26 24 36 3 21 27 23 41 8 16 34 35 29 6 
student 291: 42 39 21 9 18 2 17 35 48 43 37 27 45 5 30 46 23 11 49 40 19 25 16 38 4 47 3 44 10 32 8 12 20 26 50 13 28 15 36 6 22 24 31 41 14 7 33 29 34 1 
student 292: 40 37 17 9 21 3 13 27 46 41 39 26 36 7 38 45 30 2 50 42 14 22 19 43 6 48 5 47 4 28 12 16 15 25 49 20 31 18 34 8 23 29 24 44 10 11 32 33 35 1 
student 293: 45 39 18 7 16 4 20 30 50 40 38 29 37 5 32 43 25 8 49 42 14 21 24 41 1 46 11 47 2 26 10 13 19 23 48 12 31 17 33 6 22 28 27 44 15 9 34 36 35 3 
student 294: 42 44 12 14 21 3 19 24 50 39 40 25 37 5 34 47 27 4 46 38 17 22 23 45 10 43 1 49 6 31 8 13 15 29 48 18 28 11 35 7 20 33 26 41 9 16 32 30 36 2 
student 295: 46 36 17 9 22 3 14 30 45 40 42 25 34 2 38 48 27 4 50 39 15 23 24 44 7 47 8 43 6 37 5 19 20 21 49 12 32 13 31 16 18 28 26 41 10 11 29 33 35 1 
student 296: 41 43 18 14 20 4 16 30 47 39 40 23 34 6 31 45 25 3 49 42 17 29 22 44 5 46 7 48 12 33 1 13 19 27 50 15 38 11 32 8 28 24 21 26 9 10 37 36 35 2 
student 297: 46 33 16 11 20 1 12 27 42 39 35 26 40 3 34 48 19 7 47 41 14 25 23 44 18 43 2 49 9 31 6 21 17 28 50 10 29 13 32 5 22 36 24 45 15 8 38 30 37 4 
student 298: 44 39 24 15 19 4 20 31 48 41 38 25 34 5 37 42 29 7 49 40 13 18 23 45 8 47 1 46 9 27 2 16 17 30 50 12 33 14 35 10 22 32 21 43 6 11 28 36 26 3 
student 299: 44 36 21 13 12 1 20 30 47 39 40 22 34 5 35 41 23 2 48 43 15 26 28 42 4 50 3 45 9 29 6 10 16 27 49 18 31 19 46 7 17 25 24 38 8 14 33 32 37 11 
student 300: 47 35 20 11 15 3 27 18 46 44 42 24 36 4 30 45 33 2 50 38 16 22 23 40 17 49 1 48 10 28 7 14 19 29 41 9 31 12 34 6 21 26 25 43 8 13 32 37 39 5 
student 301: 45 39 17 20 18 4 15 30 37 43 40 25 41 12 35 42 19 3 49 36 16 27 24 47 11 46 1 50 6 26 5 10 21 29 48 9 32 14 28 7 22 31 23 44 8 13 34 33 38 2 
student 302: 48 43 24 8 19 4 17 34 42 45 40 30 36 2 39 46 26 10 50 35 16 22 27 41 11 44 1 47 6 29 7 14 18 25 49 12 28 15 37 5 20 32 21 38 13 9 23 31 33 3 
student 303: 38 39 20 16 15 2 24 31 45 42 41 29 36 10 28 48 27 6 49 37 14 22 19 43 7 46 4 50 5 30 9 13 17 23 47 12 32 18 34 3 25 26 21 40 11 8 33 44 35 1 
student 304: 45 36 26 9 18 7 17 23 48 38 40 25 37 3 42 46 32 2 47 39 13 19 22 44 4 41 5 49 15 30 8 20 16 24 50 11 29 12 34 6 21 28 27 43 10 14 31 33 35 1 
student 305: 46 33 20 10 15 3 18 34 45 40 36 23 35 6 43 48 24 5 49 37 16 22 21 41 8 47 1 50 4 29 7 14 19 26 44 17 30 11 32 9 27 28 25 42 12 13 31 38 39 2 
student 306: 43 45 27 22 23 4 17 32 48 34 39 36 35 3 41 42 19 5 50 37 13 20 24 47 10 44 1 49 6 26 7 15 16 21 46 14 33 12 31 8 18 29 25 40 9 11 38 30 28 2 
student 307: 43 38 16 13 21 9 17 34 48 46 30 32 40 10 35 44 26 3 50 42 19 24 22 39 5 41 2 47 7 20 8 6 25 29 49 15 31 14 36 11 18 23 28 45 12 4 27 33 37 1 
student 308: 43 41 20 13 19 1 17 28 44 36 31 30 42 11 38 40 29 10 49 35 15 25 14 47 7 48 9 46 8 23 4 16 18 26 50 3 32 22 37 6 21 34 24 45 5 12 27 33 39 2 
student 309: 49 40 22 8 15 5 20 23 45 41 39 28 38 7 30 35 27 2 47 36 17 26 19 43 1 46 6 50 4 21 9 13 18 32 48 14 29 16 37 11 24 31 25 42 12 10 34 44 33 3 
student 310: 44 39 24 10 19 1 18 32 48 37 40 27 35 2 41 49 26 11 47 38 20 21 17 46 9 45 3 43 5 28 6 7 14 23 50 13 34 16 31 8 25 30 22 42 15 12 36 29 33 4 
student 311: 46 39 20 10 22 1 19 31 37 44 40 29 36 6 30 48 26 4 38 33 16 21 23 43 8 50 5 47 9 28 3 13 17 24 49 18 34 15 41 7 11 25 27 45 14 12 32 35 42 2 
student 312: 41 43 20 9 19 4 13 29 47 38 37 27 33 10 36 42 25 8 49 44 21 22 26 50 11 46 1 48 6 28 5 16 17 23 45 2 32 12 31 7 18 34 24 40 14 15 30 35 39 3 
student 313: 45 41 25 9 15 3 17 33 43 38 42 29 36 6 30 47 24 4 48 37 12 28 23 46 7 44 1 49 14 31 5 11 20 26 50 8 22 19 32 13 18 27 21 40 10 16 34 35 39 2 
student 314: 44 35 20 12 22 4 17 25 45 40 38 29 37 9 39 43 19 3 49 42 15 27 18 41 8 47 6 46 2 24 5 16 21 30 50 14 31 10 32 7 23 28 26 48 11 13 33 34 36 1 
student 315: 42 40 22 12 17 1 16 26 48 47 38 29 39 6 33 43 27 5 50 36 15 25 20 45 8 46 3 49 4 31 7 13 24 21 44 14 28 18 32 9 19 30 23 41 11 10 37 35 34 2 
student 316: 44 39 17 15 23 1 21 22 50 40 37 29 32 6 36 48 25 3 45 41 16 24 19 47 5 46 4 43 8 33 9 13 20 28 49 14 30 18 34 7 10 26 27 42 11 12 31 35 38 2 
student 317: 43 37 21 14 20 3 15 33 42 40 35 26 46 7 36 45 24 6 50 39 10 28 22 48 8 44 4 41 2 29 5 12 18 23 49 17 34 19 25 9 16 31 32 47 13 11 27 30 38 1 
student 318: 45 39 19 7 16 3 18 28 47 41 40 27 38 6 37 44 25 5 50 36 15 26 23 48 1 49 2 43 8 29 9 14 20 24 46 11 30 17 33 12 22 31 21 42 10 13 32 35 34 4 
student 319: 42 39 19 9 18 1 10 31 40 47 41 26 38 2 34 50 27 8 49 46 21 20 22 37 13 44 4 45 5 25 6 14 28 23 48 12 30 15 29 11 17 33 24 43 16 7 35 32 36 3 
student 320: 44 38 24 8 17 12 18 26 47 40 39 28 36 4 31 42 27 1 48 46 20 33 21 45 5 50 3 43 6 29 7 13 16 19 49 10 37 15 34 14 23 30 22 41 9 11 32 25 35 2 
student 321: 47 42 20 8 18 2 24 27 46 36 33 28 29 3 41 44 26 4 49 43 17 22 21 40 14 45 9 48 6 23 5 11 15 19 50 16 31 12 37 7 25 35 30 38 13 10 32 34 39 1 
student 322: 46 37 18 10 17 11 26 27 42 47 39 25 40 4 35 44 20 2 48 38 13 22 19 41 7 49 3 45 8 30 5 12 24 29 50 15 23 16 33 9 21 28 31 43 6 14 32 34 36 1 
student 323: 43 37 20 12 18 1 21 33 45 44 35 30 39 4 38 46 24 3 42 41 16 22 23 47 7 49 5 48 6 26 2 11 17 25 50 14 28 13 29 8 19 31 27 32 15 10 36 34 40 9 
student 324: 38 41 19 8 13 1 14 30 43 40 35 28 31 7 39 44 22 9 48 42 18 21 23 46 10 47 5 49 4 26 3 17 27 24 50 15 32 12 34 6 20 29 25 45 11 16 33 36 37 2 
student 325: 48 36 19 12 16 2 22 29 44 38 41 32 34 5 37 46 25 3 49 40 11 28 27 42 8 47 6 45 7 26 4 17 9 30 50 15 24 18 31 10 21 33 23 43 13 14 20 35 39 1 
student 326: 48 40 18 16 17 2 12 26 43 46 37 28 39 11 35 44 27 4 49 42 14 23 20 38 6 50 1 47 5 31 8 15 21 25 45 13 32 19 34 9 22 29 24 41 7 10 30 33 36 3 
student 327: 48 42 22 11 20 3 17 27 46 43 39 30 37 6 33 40 24 4 47 38 15 21 23 41 9 45 2 49 5 29 10 12 19 28 50 14 32 13 34 7 18 31 25 44 8 16 26 36 35 1 
student 328: 46 41 19 1 16 4 18 28 39 44 33 25 38 10 34 47 30 3 48 37 15 26 24 43 6 45 2 49 11 23 5 17 22 20 50 13 42 12 27 9 21 32 31 40 7 14 29 35 36 8 
student 329: 46 41 19 10 20 6 16 28 44 43 39 25 38 7 32 47 27 5 48 40 17 23 26 45 9 49 2 42 8 24 4 15 18 31 50 13 29 14 33 1 21 37 22 36 11 12 34 30 35 3 
student 330: 43 42 16 11 24 4 18 32 44 41 40 29 33 3 38 50 25 5 46 37 20 22 23 45 13 47 2 49 8 28 6 10 14 19 48 17 26 12 30 7 21 31 27 36 9 15 34 35 39 1 
student 331: 44 38 19 9 18 1 16 26 45 40 36 27 41 4 35 46 23 7 48 39 22 20 21 43 8 50 3 47 13 31 5 12 15 24 49 14 29 10 33 6 28 30 25 42 17 11 32 37 34 2 
student 332: 46 39 28 11 17 1 19 30 40 43 35 32 38 3 36 44 26 15 45 41 16 22 20 47 6 50 2 48 5 25 4 12 14 23 49 10 27 13 37 7 21 29 24 42 18 9 31 34 33 8 
student 333: 50 40 21 11 17 1 18 30 41 38 37 32 33 15 39 49 27 5 47 48 12 23 22 44 10 42 4 45 7 25 2 9 19 26 46 16 29 13 34 6 20 31 24 43 14 8 36 28 35 3 
student 334: 44 41 16 9 21 10 20 32 47 43 33 27 29 4 34 42 26 1 50 39 15 24 23 46 11 45 3 48 5 28 6 17 14 25 49 12 31 13 36 8 18 30 22 35 19 7 37 38 40 2 
student 335: 45 38 17 9 21 1 20 31 48 39 46 30 42 4 36 43 28 6 47 32 16 24 22 41 12 50 5 44 11 26 7 14 10 23 49 15 34 18 35 3 19 29 27 37 8 13 25 33 40 2 
student 336: 46 32 22 10 20 4 13 30 47 41 45 28 39 6 37 38 26 9 48 35 16 23 24 49 11 43 3 42 7 19 5 8 21 31 50 15 33 18 29 2 25 27 17 40 14 12 36 44 34 1 
student 337: 41 40 16 10 21 4 20 29 45 42 39 23 38 1 31 44 24 8 50 33 15 27 17 47 9 46 2 48 6 30 5 13 22 25 49 12 34 18 35 7 19 28 26 43 14 11 32 36 37 3 
student 338: 47 38 25 12 22 1 19 27 43 44 34 30 46 4 36 39 26 3 50 41 14 31 18 49 13 45 2 42 5 35 6 15 17 23 48 11 29 16 33 8 20 24 21 40 9 10 32 28 37 7 
student 339: 45 36 11 4 19 2 20 37 47 39 24 27 42 8 35 44 28 5 49 43 17 21 22 41 16 50 3 46 12 29 7 13 18 26 48 14 34 10 38 15 23 30 25 40 9 6 32 31 33 1 
student 340: 44 35 20 11 21 2 18 27 46 40 41 24 42 8 34 45 29 5 48 37 19 31 23 43 12 49 4 47 6 28 9 14 15 17 50 7 30 13 33 3 22 26 25 38 16 10 32 36 39 1 
student 341: 38 28 19 7 20 1 23 30 43 41 42 26 33 2 37 45 31 8 48 40 15 21 17 44 6 49 10 50 5 35 3 18 16 25 46 14 27 11 36 9 22 29 24 47 12 13 32 34 39 4 
student 342: 41 39 21 13 18 3 20 29 47 37 36 28 32 5 40 43 27 2 50 42 16 25 24 45 10 46 4 49 7 22 9 17 19 26 48 11 34 15 38 6 12 30 23 44 8 14 31 33 35 1 
student 343: 44 40 16 9 22 4 17 34 38 42 39 28 37 8 33 41 30 3 46 48 13 24 21 45 10 47 1 50 6 25 5 15 23 19 49 14 26 18 29 7 20 32 31 36 12 11 27 35 43 2 
student 344: 42 32 23 10 14 6 8 34 45 39 40 28 38 2 31 44 25 4 47 46 22 20 19 43 13 49 3 48 5 30 7 15 16 26 50 21 29 17 37 9 18 27 24 41 11 12 33 35 36 1 
student 345: 42 35 17 9 21 4 23 30 48 41 38 36 39 5 32 43 26 6 50 40 14 18 20 47 8 49 3 46 10 24 1 15 16 29 45 13 27 12 34 11 22 37 25 44 7 19 28 31 33 2 
student 346: 44 39 23 11 19 5 14 27 47 43 40 24 37 3 36 45 30 2 50 33 12 26 21 42 10 41 4 48 6 28 7 17 18 22 49 9 32 15 31 8 20 29 25 46 16 13 34 35 38 1 
student 347: 41 42 24 15 20 2 18 31 44 40 36 28 34 6 35 43 26 3 50 39 12 23 14 46 8 49 5 47 9 30 7 16 21 25 48 13 29 17 32 4 19 27 22 45 11 10 33 38 37 1 
student 348: 42 43 17 11 23 8 16 25 46 41 44 29 39 3 37 45 27 2 47 34 12 24 18 49 10 38 4 50 22 20 6 15 14 19 48 13 30 26 35 7 21 31 28 40 5 9 32 36 33 1 
student 349: 45 40 21 13 20 1 16 25 41 38 36 27 37 5 34 49 26 6 50 44 14 24 22 46 8 47 2 43 11 33 10 18 15 30 48 9 31 19 32 7 17 29 23 42 12 4 28 35 39 3 
student 350: 44 42 20 16 12 1 15 27 43 45 30 31 39 3 29 40 28 7 49 34 14 26 25 46 11 47 9 48 6 33 5 13 21 22 50 19 36 8 32 2 17 23 24 41 18 10 37 38 35 4 
student 351: 39 38 15 10 14 1 17 30 49 43 40 25 36 8 32 42 28 3 50 41 20 24 22 48 7 47 5 45 4 27 6 12 18 21 46 16 33 19 37 9 23 31 26 44 13 11 34 29 35 2 
student 352: 42 29 24 10 17 2 19 26 46 44 34 35 38 8 39 48 30 7 43 40 18 23 25 47 1 50 3 45 9 27 6 14 21 20 49 13 31 15 33 5 22 28 16 41 12 11 32 36 37 4 
student 353: 37 42 17 9 23 2 16 33 47 39 41 28 35 4 36 46 26 6 50 45 20 24 22 40 10 44 5 49 7 31 8 13 18 25 48 14 30 15 32 3 21 29 19 43 12 11 27 34 38 1 
student 354: 46 44 15 22 20 1 12 30 42 40 35 21 38 3 36 43 28 5 48 39 14 27 19 45 6 49 4 47 10 25 9 11 17 23 50 8 24 18 33 7 26 31 29 41 13 16 32 34 37 2 
student 355: 46 43 18 7 23 2 20 19 45 44 38 27 36 3 37 42 25 8 49 40 14 16 24 41 11 48 6 47 9 26 5 15 22 31 50 12 32 17 28 4 21 29 35 39 10 13 33 34 30 1 
student 356: 47 41 23 14 19 11 15 29 39 38 31 24 40 7 36 45 30 5 48 42 18 21 22 49 6 44 1 50 4 28 10 12 13 25 46 9 34 16 35 8 20 27 26 43 17 3 32 33 37 2 
student 357: 41 39 15 11 18 1 27 25 48 45 37 24 38 5 36 42 23 4 50 40 13 32 26 43 8 47 2 46 6 29 9 16 17 19 49 14 33 21 28 7 22 20 30 44 10 12 31 34 35 3 
student 358: 41 35 19 12 25 1 18 27 48 44 43 32 31 2 33 46 23 5 45 38 16 22 17 42 9 47 4 49 8 30 7 15 20 24 50 14 40 11 29 6 21 28 26 39 10 13 34 36 37 3 
student 359: 47 40 22 3 16 5 17 21 45 46 42 24 37 2 32 44 28 11 43 39 15 25 19 41 10 48 7 49 9 30 8 12 20 27 50 18 29 13 31 4 23 34 26 36 6 14 33 38 35 1 
student 360: 45 36 19 11 16 2 18 30 46 39 40 23 38 8 35 44 28 12 48 42 15 27 22 43 14 47 3 50 7 26 5 9 20 25 49 10 33 17 31 6 24 34 21 41 13 1 32 29 37 4 
student 361: 41 46 19 11 22 7 18 30 44 40 34 29 36 2 35 45 27 6 49 38 16 23 20 47 10 50 5 42 1 31 9 14 8 25 48 12 28 17 37 4 21 26 24 39 15 13 32 33 43 3 
student 362: 41 38 17 10 22 3 16 23 50 39 45 31 35 6 34 46 28 2 43 36 19 21 20 42 1 49 7 44 8 30 5 14 13 25 48 15 32 18 29 9 24 27 26 40 11 12 33 37 47 4 
student 363: 47 39 23 8 19 7 21 28 45 44 36 30 35 4 37 41 27 1 50 34 15 25 17 43 11 46 2 49 10 29 3 12 18 24 48 9 26 33 32 6 20 16 22 40 13 14 42 31 38 5 
student 364: 43 41 19 4 16 2 17 29 49 39 46 28 38 13 34 44 22 9 50 36 14 24 23 40 10 45 5 47 8 31 3 7 20 25 48 12 30 18 32 6 21 27 26 37 11 15 35 42 33 1 
student 365: 45 37 27 15 19 4 16 22 47 42 35 26 38 6 31 46 25 5 48 40 12 23 21 41 14 49 1 44 9 32 8 11 18 34 50 17 29 2 39 10 20 28 24 43 7 13 30 36 33 3 
student 366: 47 39 23 14 18 2 16 30 48 41 31 24 37 5 35 44 29 4 49 43 8 19 20 42 10 46 3 45 7 26 6 15 17 28 50 11 32 9 36 21 22 27 25 40 12 13 33 34 38 1 
student 367: 41 42 22 9 18 3 17 31 49 45 37 26 48 5 39 44 24 7 46 38 14 23 19 47 11 40 2 43 6 30 4 15 12 27 50 16 29 20 35 13 21 28 25 36 10 8 33 34 32 1 
student 368: 44 43 19 13 15 2 20 32 47 38 39 29 41 4 33 46 24 6 48 40 10 27 23 45 8 42 3 49 9 17 5 21 22 26 50 14 30 11 31 7 16 28 25 37 12 18 35 36 34 1 
student 369: 45 43 22 12 21 5 16 24 48 44 30 19 37 3 32 46 31 8 47 42 20 25 23 34 6 49 1 41 7 29 4 2 18 27 50 15 36 13 39 11 17 35 26 40 14 10 28 33 38 9 
student 370: 39 35 19 10 22 2 17 30 42 38 32 29 37 7 40 46 25 5 44 43 16 21 20 50 9 47 4 48 6 33 3 14 18 27 49 15 26 12 28 8 23 31 24 45 13 11 36 34 41 1 
student 371: 43 38 19 13 22 2 15 28 48 39 40 27 36 5 32 46 26 4 50 41 17 20 21 42 11 47 6 44 8 30 9 14 18 24 49 7 31 16 34 3 23 35 25 45 12 10 29 37 33 1 
student 372: 43 34 21 11 19 8 18 29 48 36 40 31 38 6 33 41 30 1 49 45 16 23 22 42 10 47 2 46 5 24 4 13 17 26 50 14 44 15 32 7 20 27 25 39 9 12 28 35 37 3 
student 373: 45 41 18 10 15 8 17 30 48 40 42 26 34 7 35 39 24 4 46 33 11 19 22 50 9 44 1 49 5 27 3 16 20 28 47 14 32 13 38 6 21 29 25 43 12 23 31 37 36 2 
student 374: 38 43 17 9 20 2 19 32 48 39 33 28 36 5 37 47 23 3 49 40 16 21 24 45 7 50 4 44 6 26 8 15 18 27 46 13 30 14 34 11 22 29 25 42 12 10 31 35 41 1 
student 375: 41 36 22 12 17 1 19 25 44 42 39 28 37 5 35 43 26 6 47 46 16 20 21 38 13 49 2 50 10 27 8 14 18 24 48 15 30 4 32 11 29 23 31 45 9 7 33 34 40 3 
student 376: 48 42 21 9 20 4 14 36 47 40 32 27 38 7 37 44 25 5 43 45 18 22 26 41 3 49 2 46 6 31 10 17 16 24 50 11 30 15 33 13 19 23 29 39 8 12 28 35 34 1 
student 377: 39 38 21 11 19 5 14 32 47 41 35 22 33 2 37 42 20 1 49 43 16 27 29 44 8 48 4 46 6 26 7 12 18 28 50 13 31 17 34 9 23 30 24 45 10 15 25 36 40 3 
student 378: 40 37 21 15 17 3 18 32 47 39 36 22 41 5 43 42 31 9 49 38 13 20 25 46 4 48 2 45 10 28 7 16 19 24 50 12 33 14 30 6 23 29 27 44 11 8 26 34 35 1 
student 379: 41 43 19 6 16 2 18 28 48 40 37 25 36 8 39 44 30 1 45 38 13 24 21 42 12 50 7 47 3 29 4 14 17 20 49 11 34 22 27 10 23 33 26 46 9 15 35 31 32 5 
student 380: 47 38 22 11 16 1 18 26 48 39 40 27 41 7 33 44 28 6 46 32 14 21 20 43 2 45 3 49 9 23 4 17 19 31 50 15 34 12 36 8 24 29 25 42 10 13 35 30 37 5 
student 381: 41 42 18 7 20 2 15 33 44 36 37 23 39 10 38 45 25 13 49 40 19 27 24 43 6 50 4 46 1 34 8 17 16 29 47 11 30 14 32 5 21 26 22 48 9 12 28 31 35 3 
student 382: 43 37 25 10 16 2 19 36 45 41 39 24 35 4 31 47 29 5 48 42 14 23 17 44 11 46 3 49 9 28 6 13 22 21 50 8 30 15 26 18 20 33 27 40 12 7 34 32 38 1 
student 383: 43 33 22 13 23 6 12 37 44 41 36 25 40 8 35 48 21 2 47 38 19 7 27 45 5 46 4 49 3 28 9 14 20 26 50 16 31 17 30 11 24 32 18 42 10 15 29 34 39 1 
student 384: 42 41 26 8 15 1 17 33 46 39 47 31 37 11 38 40 23 4 43 44 19 18 24 45 10 48 7 49 2 20 5 12 25 30 50 14 29 16 28 6 22 27 21 35 13 9 34 32 36 3 
student 385: 42 41 19 14 21 2 18 32 43 33 29 25 35 1 37 49 24 3 48 45 16 17 22 44 8 47 7 46 13 26 4 12 20 23 50 15 36 9 34 5 28 27 31 39 10 11 30 38 40 6 
student 386: 43 37 19 10 24 3 15 30 48 44 33 29 41 5 38 40 18 6 50 42 17 21 26 39 8 49 2 46 4 35 7 14 20 22 47 16 28 12 31 9 25 27 23 45 11 13 36 32 34 1 
student 387: 45 41 18 9 20 3 15 29 47 40 38 28 39 4 34 44 27 1 50 37 16 24 26 43 6 49 13 46 8 21 5 14 19 25 48 17 31 12 35 10 22 30 23 42 7 11 32 33 36 2 
student 388: 41 43 19 6 17 2 22 33 47 40 39 25 36 1 37 42 23 3 44 28 14 29 24 46 10 49 7 48 5 26 9 15 18 21 50 8 35 16 34 11 20 31 30 45 12 13 27 38 32 4 
student 389: 35 39 13 20 19 1 16 32 43 42 41 22 40 4 34 46 23 10 45 37 18 24 28 47 6 49 8 48 5 27 2 15 25 21 50 9 38 7 31 12 26 30 17 44 11 14 29 33 36 3 
student 390: 42 37 20 10 15 1 18 30 50 38 40 31 36 5 35 49 28 6 46 41 13 22 19 44 3 43 9 48 7 26 8 12 16 25 47 11 33 21 39 4 24 29 23 45 14 17 27 34 32 2 
student 391: 42 35 22 8 19 3 12 31 45 36 46 23 33 7 39 47 25 10 50 40 15 20 24 44 9 48 6 43 2 37 1 11 14 26 49 5 29 16 32 17 21 28 27 38 13 18 30 34 41 4 
student 392: 42 41 18 10 21 3 20 27 46 43 39 29 36 4 35 45 25 1 49 38 16 23 19 44 9 48 2 47 7 26 6 15 22 24 50 14 31 11 37 8 17 30 28 40 13 12 32 33 34 5 
student 393: 43 38 25 13 18 5 16 31 44 41 40 29 35 9 37 47 26 2 48 42 15 28 22 45 1 46 7 50 11 24 3 12 21 23 49 19 32 14 34 8 17 27 20 39 6 10 33 30 36 4 
student 394: 47 33 24 10 21 5 18 29 44 39 40 27 46 3 49 43 25 4 48 38 20 17 13 41 9 50 1 45 6 28 8 15 23 22 42 7 31 14 36 11 19 30 26 37 16 12 32 34 35 2 
student 395: 37 41 18 9 20 1 22 34 44 46 42 24 35 10 39 47 30 8 50 40 12 19 23 36 17 48 3 45 7 26 6 16 13 25 49 15 29 14 43 5 21 27 28 38 11 4 31 32 33 2 
student 396: 43 38 19 7 17 2 18 29 41 37 45 26 36 6 32 46 34 1 49 42 16 22 23 47 13 50 9 44 8 28 5 10 20 25 48 4 30 11 31 12 21 27 24 40 14 15 39 33 35 3 
student 397: 41 36 17 10 26 2 19 25 44 40 39 28 37 8 35 43 24 1 49 42 16 20 27 48 9 47 5 46 6 32 3 14 18 22 50 7 31 15 33 11 21 30 23 45 12 13 29 34 38 4 
student 398: 42 39 16 12 21 2 18 25 43 38 41 26 35 5 37 45 28 4 49 46 23 24 20 44 9 48 3 47 10 30 7 15 19 27 50 8 33 11 36 6 17 31 22 40 13 14 34 29 32 1 
student 399: 44 40 21 13 20 8 15 33 42 41 36 23 38 3 27 46 31 1 48 39 17 26 24 47 9 45 4 49 5 25 2 11 14 16 50 18 28 19 35 7 22 32 29 43 10 12 34 30 37 6 
student 400: 42 37 23 11 20 3 14 30 48 45 40 31 39 4 36 43 24 9 47 38 18 17 22 44 2 50 6 49 8 28 5 13 19 21 46 16 32 15 33 10 25 26 27 41 12 7 29 35 34 1 
student 401: 39 40 21 3 19 2 17 29 44 38 37 28 41 7 34 50 26 5 47 43 14 22 23 48 10 46 4 45 8 27 6 16 11 25 49 15 31 18 30 13 20 32 24 42 9 12 35 36 33 1 
student 402: 45 44 22 14 21 8 13 32 38 42 35 33 37 5 30 47 28 3 49 39 18 26 19 50 7 48 11 43 4 29 6 16 20 24 46 15 25 12 31 2 17 27 23 40 9 10 36 41 34 1 
student 403: 45 34 20 9 23 3 17 27 46 42 33 31 41 2 36 40 21 5 49 38 15 25 22 44 7 48 1 43 6 29 4 11 18 26 50 10 30 14 32 12 19 39 24 47 16 13 28 35 37 8 
student 404: 41 40 18 6 17 5 14 34 43 45 38 32 37 7 28 46 22 3 49 39 15 20 19 42 10 50 2 48 9 29 8 16 25 23 47 12 30 27 33 4 21 26 24 44 11 13 36 31 35 1 
student 405: 44 36 20 12 19 3 18 24 43 42 31 32 37 4 38 46 27 10 49 40 15 25 23 48 7 50 6 45 5 33 2 13 22 21 47 8 34 14 39 11 17 26 30 41 16 9 29 28 35 1 
student 406: 42 43 19 7 17 3 23 34 50 38 41 27 40 6 33 48 25 8 47 30 22 20 18 44 5 45 4 49 1 28 12 15 11 21 46 13 29 16 35 9 24 31 26 39 10 14 32 36 37 2 
student 407: 45 39 17 7 19 2 23 29 48 42 38 30 32 8 33 43 27 3 49 40 18 20 26 44 10 47 4 46 6 21 11 15 16 25 50 13 37 14 31 9 24 28 22 41 12 5 34 35 36 1 
student 408: 38 39 16 11 27 5 15 29 48 37 42 28 41 7 36 33 25 3 46 44 18 23 17 43 4 47 1 45 10 24 6 14 19 26 49 13 34 20 40 9 21 30 22 50 12 8 35 31 32 2 
student 409: 35 40 18 9 21 1 19 28 44 43 46 33 36 4 37 48 30 3 45 42 15 25 24 39 5 47 2 50 6 27 10 12 16 22 49 14 32 20 34 8 23 17 26 41 13 11 29 31 38 7 
student 410: 43 39 23 12 17 5 19 30 49 40 38 26 35 8 36 46 24 1 45 41 20 15 18 44 11 47 3 50 7 28 6 14 21 22 48 13 31 16 33 4 25 29 27 42 10 9 32 37 34 2 
student 411: 45 43 19 17 18 4 22 31 47 41 38 34 36 11 32 48 25 2 44 40 14 23 27 46 9 42 7 49 5 35 3 13 15 26 50 10 28 16 33 8 21 29 24 30 6 12 20 37 39 1 
student 412: 44 35 18 11 23 1 15 34 48 39 40 25 38 4 36 46 22 6 49 41 14 19 26 43 3 47 5 50 8 32 7 12 17 27 45 16 28 13 29 9 20 33 24 42 10 21 31 37 30 2 
student 413: 46 40 24 14 20 2 17 28 42 44 41 27 36 5 38 50 16 7 47 39 19 12 26 35 9 43 3 45 6 34 4 10 11 23 49 21 31 15 32 8 25 29 22 48 13 18 30 33 37 1 
student 414: 40 42 14 10 19 3 11 23 48 49 37 31 38 7 29 41 28 6 47 44 21 25 22 45 8 46 4 43 5 32 2 15 18 24 50 13 30 16 39 9 20 34 27 33 17 12 26 35 36 1 
student 415: 42 39 18 13 23 8 17 32 49 40 45 25 37 3 36 44 22 5 48 35 12 21 24 41 10 50 9 47 4 30 2 16 19 28 46 14 27 15 34 6 20 29 26 43 11 7 31 33 38 1 
student 416: 44 39 20 10 24 1 18 31 46 45 38 27 36 3 34 50 25 4 49 37 14 26 21 47 8 40 2 41 6 28 13 16 17 23 48 9 33 15 29 7 19 30 22 42 12 11 32 43 35 5 
student 417: 40 43 21 10 16 3 15 36 49 38 37 27 41 1 30 46 25 4 47 34 17 33 22 44 9 45 6 48 5 26 13 14 19 24 50 12 28 18 32 7 20 29 23 42 8 11 31 35 39 2 
student 418: 41 44 19 13 22 12 17 32 46 40 36 24 34 4 31 42 28 2 50 37 18 23 21 45 7 48 5 47 6 27 3 9 10 26 49 16 35 11 33 8 15 29 25 43 20 14 30 38 39 1 
student 419: 46 38 19 10 20 1 22 36 40 41 43 27 39 6 31 42 28 4 47 35 15 24 17 44 7 49 2 50 3 30 5 13 16 23 48 14 34 18 26 12 21 29 25 45 11 9 32 33 37 8 
student 420: 40 39 17 10 21 2 16 25 47 44 38 37 35 1 36 45 28 7 41 46 6 24 22 43 12 48 4 49 5 26 3 18 19 23 50 15 29 14 31 9 20 27 34 42 11 13 32 30 33 8 
student 421: 43 42 16 10 23 1 20 31 47 40 38 30 33 6 41 46 22 2 44 35 15 25 18 45 8 48 4 50 9 26 7 14 19 28 49 13 24 17 36 5 21 32 27 39 11 12 29 34 37 3 
student 422: 43 40 21 15 14 8 25 31 46 41 39 28 38 5 34 45 24 9 50 36 13 23 20 44 4 48 1 47 6 26 2 18 22 29 49 10 27 12 35 7 19 30 16 42 11 17 32 33 37 3 
student 423: 43 46 22 7 18 5 19 28 39 42 36 32 35 4 29 47 25 2 45 40 16 26 24 41 14 44 3 50 6 30 8 12 21 23 48 15 31 11 37 9 17 20 27 49 13 10 34 33 38 1 
student 424: 42 35 19 5 22 6 18 32 47 43 40 37 39 8 33 45 29 3 50 38 14 20 27 44 9 49 2 46 1 25 7 16 15 24 48 13 26 17 34 10 21 30 23 41 11 12 28 31 36 4 
student 425: 45 39 16 13 19 4 18 32 49 42 31 26 40 8 35 41 30 2 47 36 12 24 22 44 7 43 1 50 5 27 6 10 20 25 48 9 33 14 29 11 21 28 23 46 15 17 37 34 38 3 
student 426: 36 40 27 7 21 6 18 30 44 42 37 29 35 5 38 48 20 2 45 41 15 22 16 46 3 49 10 47 13 25 4 17 24 23 50 8 34 14 32 9 19 28 26 43 11 12 31 33 39 1 
student 427: 44 35 23 11 17 3 18 36 45 43 41 26 40 6 37 47 30 2 49 39 13 21 22 42 5 48 1 46 10 29 7 16 9 24 50 15 25 19 31 8 20 33 27 34 12 14 32 28 38 4 
student 428: 39 45 28 4 20 2 17 26 43 44 36 32 38 7 34 40 23 3 48 42 16 22 21 46 11 50 8 47 5 29 6 12 18 24 49 14 31 15 33 10 19 27 25 41 13 9 37 30 35 1 
student 429: 40 41 16 12 22 1 20 32 46 38 33 29 34 4 37 48 24 10 47 42 13 18 11 44 19 49 3 45 7 25 14 9 21 28 50 6 27 17 35 2 23 30 26 43 15 8 39 31 36 5 
student 430: 44 37 26 12 21 5 16 33 50 39 38 28 36 15 41 45 27 9 49 42 4 23 18 40 10 46 3 47 7 29 1 11 17 22 48 14 30 19 31 6 25 24 20 43 13 8 34 35 32 2 
student 431: 45 38 22 16 19 7 21 32 46 41 35 15 36 6 33 43 27 4 49 39 20 25 23 44 3 48 5 47 10 31 1 11 29 18 50 9 30 12 26 8 17 28 24 42 13 14 37 40 34 2 
student 432: 41 39 25 5 19 6 18 29 46 37 36 26 35 4 38 42 24 2 50 43 17 20 21 44 10 47 8 49 9 28 3 14 23 27 48 12 31 15 34 7 16 30 22 45 13 11 33 32 40 1 
student 433: 43 37 22 8 20 7 17 34 46 39 41 30 36 3 26 42 28 2 48 45 16 21 23 44 4 40 1 49 9 31 6 14 13 32 50 11 25 18 29 10 19 27 24 47 12 15 38 33 35 5 
student 434: 46 37 21 12 19 1 17 28 49 38 43 25 40 7 35 44 32 4 47 36 16 24 23 41 6 48 3 42 8 27 5 15 14 22 50 18 33 11 39 10 20 26 31 45 13 9 29 30 34 2 
student 435: 49 35 20 7 16 3 25 27 44 40 36 28 30 2 37 50 22 5 45 46 18 23 21 43 12 41 4 42 6 34 11 10 15 24 48 8 29 13 33 19 17 26 32 39 9 14 31 47 38 1 
student 436: 46 37 22 5 15 1 17 29 48 39 35 33 43 3 34 44 40 6 49 38 19 21 24 42 8 47 4 45 7 27 12 13 18 26 50 11 28 14 31 10 20 25 23 41 9 16 32 30 36 2 
student 437: 44 43 16 11 20 7 19 30 48 39 42 29 33 2 37 46 24 1 45 35 13 27 21 38 9 49 6 41 3 26 5 14 18 25 47 12 32 10 34 17 22 28 23 50 8 15 31 36 40 4 
student 438: 47 38 23 9 17 3 14 30 42 40 44 27 36 7 39 45 25 2 50 43 20 16 24 41 13 48 6 46 8 29 4 15 21 22 49 11 37 19 32 5 18 28 26 34 12 10 31 33 35 1 
student 439: 44 37 21 11 15 2 14 28 45 42 35 25 38 6 33 47 24 9 50 41 13 29 22 43 5 49 1 46 7 26 4 12 19 23 48 16 31 20 34 8 18 40 27 39 10 17 30 32 36 3 
student 440: 42 41 24 9 18 2 17 38 46 36 37 26 29 3 35 44 27 4 49 39 15 22 21 45 10 47 5 48 7 28 6 11 19 23 50 13 25 14 33 12 20 31 30 43 8 16 34 32 40 1 
student 441: 41 31 16 10 17 1 15 21 44 40 37 34 45 7 38 42 26 2 48 39 13 30 20 43 8 47 3 50 9 27 6 24 18 23 49 11 35 28 33 4 19 25 22 46 14 12 32 36 29 5 
student 442: 43 36 23 3 25 2 11 38 40 39 41 34 33 5 32 45 28 7 42 44 18 19 22 37 12 46 4 47 8 26 6 16 20 24 50 14 29 15 48 9 17 35 21 49 10 13 27 30 31 1 
student 443: 36 41 21 8 19 9 16 31 42 46 37 26 40 5 34 48 28 4 47 45 14 24 22 43 11 44 1 50 7 27 3 20 17 25 49 15 30 10 33 6 18 29 23 39 12 13 32 35 38 2 
student 444: 43 40 21 11 22 2 15 28 50 42 38 25 37 13 33 44 23 3 49 39 12 20 26 46 8 48 6 45 4 31 1 9 17 27 47 14 29 16 34 7 19 35 24 41 10 18 30 32 36 5 
student 445: 41 43 16 12 17 2 11 31 45 37 38 25 40 5 28 49 24 4 48 44 14 23 21 42 10 46 1 50 9 30 7 27 15 26 47 22 33 18 35 8 19 29 20 39 6 13 36 32 34 3 
student 446: 44 40 17 8 10 5 14 23 46 41 38 29 39 4 33 43 28 2 49 31 21 26 27 45 9 50 6 48 7 25 3 13 19 24 47 12 32 16 34 11 20 30 22 42 18 15 36 35 37 1 
student 447: 44 29 21 6 19 2 18 30 49 42 37 27 41 5 33 40 24 3 46 39 14 34 22 48 12 38 1 45 8 43 7 13 17 31 50 15 26 16 32 9 20 25 23 47 10 11 28 35 36 4 
student 448: 45 47 20 5 17 2 25 29 40 43 35 24 36 7 30 42 26 8 46 41 11 19 15 49 9 44 4 48 3 31 10 13 22 28 50 12 38 16 32 1 21 27 23 37 14 18 33 34 39 6 
student 449: 47 39 17 9 20 2 14 33 45 41 40 29 42 4 36 46 27 5 49 37 16 24 23 43 6 48 3 44 8 28 7 13 19 26 50 18 30 15 34 10 21 22 25 35 11 12 31 38 32 1 
student 450: 41 42 18 13 19 1 14 30 46 47 38 27 40 5 34 36 28 9 50 43 16 21 22 45 4 44 3 48 10 31 11 15 20 26 49 12 29 17 33 2 25 24 23 39 8 6 32 37 35 7 
student 451: 44 43 22 12 14 2 21 28 46 40 32 27 39 4 35 47 29 3 48 33 11 24 20 41 8 45 6 49 9 26 5 15 19 25 50 13 30 18 37 7 16 36 23 42 17 10 34 31 38 1 
student 452: 45 32 20 13 15 3 19 29 50 46 35 26 37 5 38 41 25 1 49 39 34 24 21 47 9 40 8 44 4 27 6 16 18 23 48 12 33 14 36 7 17 31 22 43 10 11 28 30 42 2 
student 453: 46 39 20 12 17 2 16 31 47 41 37 28 38 6 35 40 24 4 50 43 15 23 25 42 9 49 3 48 5 26 8 18 19 33 45 10 32 13 30 11 21 27 22 44 14 7 29 34 36 1 
student 454: 39 40 20 12 22 1 18 27 48 35 47 29 38 14 37 41 25 10 46 43 19 23 21 45 9 42 3 49 2 32 5 11 16 24 50 8 26 13 28 6 17 33 30 44 7 15 34 31 36 4 
student 455: 39 35 24 11 22 7 15 29 46 36 30 21 42 2 38 45 31 14 49 43 19 25 37 44 9 47 5 50 8 26 4 16 17 23 48 3 27 10 32 6 18 28 20 41 13 12 33 34 40 1 
student 456: 43 36 26 8 23 3 18 30 44 40 35 19 37 7 32 48 20 1 50 41 14 21 28 45 11 42 6 46 5 31 4 17 16 27 47 15 33 9 34 13 22 29 25 49 12 10 24 39 38 2 
student 457: 40 35 23 6 19 4 22 30 44 42 33 28 37 7 39 48 27 5 49 43 13 24 20 45 10 50 2 46 12 26 1 16 14 21 47 18 32 8 34 9 17 29 25 41 11 15 31 36 38 3 
student 458: 45 39 21 13 18 2 17 31 38 37 42 27 41 8 29 46 24 3 50 36 16 19 26 44 9 48 7 47 4 28 5 15 25 22 49 14 33 11 34 6 23 30 20 40 10 12 32 43 35 1 
student 459: 43 41 26 10 21 2 20 33 44 42 39 28 38 11 35 46 24 4 45 32 18 22 23 47 8 48 6 49 7 25 3 13 16 29 50 17 30 15 37 5 19 34 31 40 12 9 14 27 36 1 
student 460: 40 38 17 13 23 3 19 31 49 39 36 29 35 7 34 48 21 6 46 43 9 26 20 42 11 47 4 44 2 25 5 12 15 24 50 14 30 18 37 8 22 28 27 45 16 10 33 41 32 1 
student 461: 39 37 19 9 18 1 17 27 44 47 41 23 38 4 33 45 28 5 50 43 14 24 22 42 10 48 3 49 16 31 8 11 20 26 46 12 32 13 35 6 21 29 25 40 7 15 34 30 36 2 
student 462: 41 39 19 10 21 3 13 29 47 40 35 25 37 7 36 44 23 5 49 45 15 22 20 42 6 48 2 46 8 38 4 14 18 26 50 11 32 28 33 16 17 27 24 43 12 9 34 30 31 1 
student 463: 40 41 19 8 22 1 11 31 43 42 37 26 36 5 34 46 27 6 47 38 17 21 23 44 9 49 2 48 7 25 3 16 18 24 50 14 32 12 30 13 20 33 28 45 10 15 29 35 39 4 
student 464: 43 40 22 10 23 3 25 31 45 42 38 29 37 1 34 49 30 5 47 41 20 21 17 44 9 48 4 46 7 26 6 13 15 19 50 12 24 18 35 16 14 28 27 39 8 11 32 33 36 2 
student 465: 41 36 22 9 21 4 16 31 46 40 44 19 38 6 35 45 26 1 48 39 18 17 29 42 8 49 5 47 7 23 11 15 20 28 50 13 30 14 34 3 27 24 25 43 12 10 32 33 37 2 
student 466: 38 40 21 11 24 1 15 29 47 39 44 26 42 3 35 41 28 4 48 45 13 20 25 43 10 50 2 46 6 27 7 19 14 23 49 18 31 9 37 5 17 36 22 33 16 12 30 32 34 8 
student 467: 39 42 10 11 20 1 24 27 41 38 36 26 43 8 35 46 25 5 48 37 19 15 22 44 9 47 2 49 3 30 17 14 18 23 50 13 28 16 31 4 21 33 34 40 12 6 29 32 45 7 
student 468: 42 39 20 9 19 4 13 30 48 44 36 26 41 3 37 50 28 7 49 40 15 25 24 47 5 46 6 43 11 27 10 16 18 22 45 14 32 17 29 2 23 31 21 38 12 8 34 33 35 1 
student 469: 37 36 22 14 13 1 18 32 48 41 33 25 46 11 38 45 26 4 47 42 17 19 24 44 7 49 2 43 5 27 6 10 23 21 50 15 28 16 31 8 20 29 30 39 9 12 34 40 35 3 
student 470: 46 38 18 9 20 4 16 28 47 39 40 32 37 5 36 44 25 3 48 42 14 21 22 45 6 50 2 43 8 29 13 12 15 24 49 11 27 19 33 17 23 30 26 41 10 7 31 34 35 1 
student 471: 45 35 25 10 19 5 17 31 40 38 44 20 39 3 37 47 27 6 46 41 15 23 21 43 7 49 2 48 4 30 9 14 22 28 50 12 34 16 32 8 18 26 24 42 13 11 33 36 29 1 
student 472: 48 33 21 9 19 1 18 30 49 45 38 29 42 2 34 36 27 5 50 39 22 25 24 46 8 47 6 37 4 28 10 15 13 23 43 14 26 16 41 7 17 31 20 44 11 12 32 40 35 3 
student 473: 45 41 19 9 17 8 20 27 44 43 37 26 36 7 38 47 31 10 49 40 4 25 22 46 13 42 3 48 2 32 5 15 16 21 50 14 28 18 33 6 23 24 30 39 11 12 29 34 35 1 
student 474: 39 40 21 10 18 5 17 33 48 35 44 29 36 1 38 46 22 6 47 45 12 25 26 42 9 49 2 43 11 34 4 16 24 27 50 15 31 14 37 8 23 19 20 41 7 13 28 32 30 3 
student 475: 46 42 21 7 20 4 17 29 47 41 37 28 38 8 34 40 24 1 43 44 15 18 25 49 10 45 6 50 9 30 3 14 19 27 48 12 26 16 33 11 22 31 23 39 13 2 35 32 36 5 
student 476: 45 39 23 8 19 3 20 27 42 44 37 29 36 6 34 46 22 5 48 41 15 25 24 43 12 49 1 47 4 28 10 11 21 16 50 9 30 18 33 7 17 35 26 40 13 14 31 32 38 2 
student 477: 42 45 19 10 21 2 17 25 44 38 37 32 39 3 33 43 26 1 49 48 15 24 18 40 5 47 7 46 16 29 6 12 20 23 50 14 31 13 34 4 22 28 27 41 9 11 30 36 35 8 
student 478: 41 39 13 6 22 2 7 28 47 45 33 31 30 4 32 46 25 9 43 36 15 20 23 42 10 50 3 48 5 27 8 12 19 26 49 16 29 18 37 14 21 38 24 34 11 17 35 40 44 1 
student 479: 44 35 22 8 17 1 24 27 48 40 34 29 38 4 33 46 28 7 47 41 9 21 20 45 13 49 3 42 6 25 2 10 18 26 50 16 30 15 32 5 19 36 23 43 14 12 31 37 39 11 
student 480: 42 41 21 9 15 2 18 29 45 43 33 27 40 13 37 38 28 4 47 39 17 22 23 44 3 49 5 48 8 34 6 12 25 26 50 14 31 20 36 7 19 24 16 46 10 11 30 32 35 1 
student 481: 46 42 19 10 18 1 17 30 48 37 39 20 33 6 40 44 38 8 49 35 21 25 23 47 2 45 3 43 9 28 5 16 13 24 50 14 31 15 34 7 22 29 27 41 11 12 32 26 36 4 
student 482: 41 38 21 1 22 3 20 28 46 40 42 24 35 6 39 48 27 4 44 32 17 30 23 43 10 49 8 47 7 31 5 18 9 19 50 15 29 16 26 11 14 33 25 45 13 12 36 34 37 2 
student 483: 44 39 19 9 17 1 21 34 47 43 33 29 32 5 38 46 28 2 49 41 12 26 22 50 11 42 4 45 8 24 6 13 16 25 48 18 36 15 35 7 20 27 30 40 14 10 23 37 31 3 
student 484: 48 40 23 12 18 5 20 29 47 42 35 28 39 6 33 43 25 7 49 41 15 24 22 44 16 50 2 45 4 30 1 11 17 26 46 9 27 13 34 10 19 32 21 36 8 14 31 37 38 3 
student 485: 43 42 23 4 17 6 16 30 47 38 41 28 39 5 31 45 27 3 49 37 20 19 22 48 14 46 2 35 8 21 7 13 18 32 50 11 36 15 34 10 25 24 26 44 9 12 29 40 33 1 
student 486: 45 39 16 8 21 2 15 29 49 36 43 27 38 12 35 48 26 9 46 42 13 23 25 40 5 44 3 50 4 32 6 14 19 28 47 7 31 18 33 10 20 22 24 41 11 17 30 34 37 1 
student 487: 37 42 14 13 18 4 22 31 43 41 39 26 30 3 34 49 25 7 45 46 17 21 24 38 5 48 2 44 8 33 6 15 19 28 50 10 29 16 40 12 20 32 23 47 9 11 27 35 36 1 
student 488: 40 37 20 10 24 4 21 28 41 45 33 26 38 3 32 42 27 1 46 39 14 22 17 44 8 49 5 47 7 29 6 13 16 23 50 11 36 15 35 9 19 34 25 43 18 12 30 48 31 2 
student 489: 45 36 19 9 16 1 18 25 43 42 37 30 35 8 31 47 29 10 50 40 17 21 22 41 7 49 2 46 5 32 3 12 23 24 48 13 33 15 34 6 26 27 28 44 11 14 38 20 39 4 
student 490: 42 39 21 14 17 2 13 30 47 48 37 24 35 8 31 43 29 6 46 40 19 18 26 45 9 49 3 44 4 25 10 16 20 22 50 12 32 7 27 15 23 33 28 41 5 11 34 36 38 1 
student 491: 37 42 23 13 18 9 10 31 46 39 30 27 41 2 35 47 28 6 49 40 14 21 22 44 16 48 3 45 7 24 4 17 19 26 50 20 36 12 33 11 15 29 25 43 5 8 32 34 38 1 
student 492: 41 42 17 11 22 2 16 29 48 45 39 24 35 3 36 44 23 7 43 38 9 20 18 47 10 49 4 46 6 31 5 14 21 26 50 12 30 19 33 8 27 32 25 40 13 15 28 34 37 1 
student 493: 46 34 21 7 14 1 11 25 50 38 43 26 39 5 32 41 29 2 44 48 16 27 24 45 9 47 4 42 6 31 10 18 17 20 49 13 28 22 33 15 23 35 19 37 8 12 30 40 36 3 
student 494: 45 40 23 6 17 1 21 34 48 38 41 26 32 5 31 46 24 4 49 36 12 25 22 42 8 44 3 47 9 30 11 15 18 27 50 14 29 16 37 7 20 33 19 43 13 10 35 28 39 2 
student 495: 41 37 21 11 20 9 14 29 47 38 39 23 35 5 28 46 27 7 49 40 10 19 24 48 8 44 3 43 6 30 2 18 16 26 50 15 32 17 34 4 22 31 25 45 13 12 33 42 36 1 
student 496: 42 41 20 8 13 1 19 26 49 48 39 36 33 11 38 43 21 2 50 40 16 27 18 45 6 44 5 47 14 31 4 12 25 24 46 15 28 17 34 10 22 30 23 37 9 7 29 35 32 3 
student 497: 41 44 22 2 19 5 14 32 47 40 36 29 39 12 37 46 27 1 45 38 15 25 21 43 16 48 4 50 10 31 6 11 18 24 49 13 26 17 33 8 20 30 23 42 9 7 28 34 35 3 
student 498: 44 42 21 12 20 2 17 33 43 40 36 31 38 3 34 47 24 8 48 39 18 28 16 41 5 50 1 46 10 27 6 14 15 23 49 13 29 22 26 7 25 30 19 45 11 9 32 35 37 4 
student 499: 43 46 16 5 12 9 20 26 48 39 40 30 38 1 34 37 27 6 49 41 13 19 23 47 14 50 3 45 8 36 4 22 21 28 44 18 32 15 29 7 17 24 25 42 10 11 31 33 35 2 
