student 0: 47 36 4 12 6 19 2 49 16 9 40 18 7 34 44 37 3 48 25 5 28 39 13 32 33 31 24 27 45 43 38 15 46 17 23 35 20 11 26 50 29 41 22 21 8 10 42 30 1 14 
student 1: 43 37 4 11 8 23 1 48 10 3 40 12 17 32 34 42 6 46 25 13 31 35 18 33 39 38 21 30 41 45 36 20 49 14 19 26 16 15 27 50 29 44 24 22 5 9 47 28 7 2 
student 2: 44 40 7 8 10 14 4 46 12 2 29 17 16 35 30 41 6 49 26 1 34 38 15 36 39 32 20 24 42 45 37 19 47 33 21 31 18 13 22 48 27 43 25 23 11 9 50 28 5 3 
student 3: 41 40 6 11 10 18 2 49 15 1 43 17 16 31 39 42 3 48 26 8 28 33 23 34 36 37 22 29 38 47 35 14 46 20 24 32 4 13 25 50 30 44 19 21 12 5 45 27 7 9 
student 4: 46 45 1 12 5 26 6 50 10 3 41 13 14 31 35 40 4 48 23 11 33 38 19 36 24 32 20 22 37 42 39 15 47 17 21 28 16 18 27 44 30 49 25 29 9 8 43 34 2 7 
student 5: 47 35 3 8 5 18 2 50 9 1 41 13 15 28 30 44 12 45 22 11 32 39 19 37 36 33 14 34 43 46 40 17 48 20 25 31 23 16 24 42 27 49 26 21 6 10 38 29 7 4 
student 6: 36 43 7 11 4 26 3 46 12 6 40 17 13 29 33 41 2 49 22 9 32 35 20 38 34 39 18 24 45 50 37 15 48 16 21 27 19 14 25 47 31 44 23 30 5 10 42 28 1 8 
student 7: 47 41 2 8 12 25 11 49 14 1 38 7 15 36 40 42 4 48 26 3 29 37 23 34 33 30 22 28 39 46 35 20 43 16 18 27 13 19 17 50 32 44 24 21 6 10 45 31 5 9 
student 8: 49 40 2 14 7 19 8 44 12 5 41 15 11 37 26 47 1 48 22 3 35 27 21 34 28 33 20 32 42 43 39 13 46 16 24 36 17 18 23 50 25 45 29 30 6 10 38 31 4 9 
student 9: 46 43 6 11 15 21 9 50 10 2 40 12 8 35 28 37 3 48 19 5 30 34 24 33 38 36 22 31 44 45 41 20 49 17 14 32 18 13 23 47 27 42 26 25 7 16 39 29 1 4 
student 10: 48 29 8 7 5 18 1 47 10 6 46 12 19 28 31 37 13 49 22 2 33 43 14 34 40 35 23 25 45 44 36 20 41 15 21 27 17 16 26 50 32 38 24 30 11 4 42 39 3 9 
student 11: 46 37 3 12 6 22 7 48 5 2 39 14 18 41 35 30 1 44 20 8 29 25 24 43 38 34 19 33 42 49 36 15 40 13 26 31 16 23 21 50 32 45 17 27 9 10 47 28 4 11 
student 12: 43 39 10 16 3 19 6 49 13 1 38 9 15 30 34 42 4 41 20 7 37 35 25 33 28 44 22 32 45 48 36 18 47 14 24 31 17 12 21 50 26 40 23 27 8 5 46 29 2 11 
student 13: 45 39 5 6 8 23 3 49 15 2 40 19 14 33 31 37 4 48 26 7 27 38 17 36 42 34 16 30 41 44 32 13 47 12 20 35 22 18 24 50 28 43 21 25 11 10 46 29 1 9 
student 14: 43 37 5 10 6 23 4 50 13 2 40 15 18 34 30 47 3 48 21 7 29 35 20 39 36 41 11 31 32 44 38 16 45 19 22 33 14 17 24 46 26 49 28 25 8 12 42 27 1 9 
student 15: 43 37 2 14 6 21 12 48 13 4 40 11 18 31 30 41 7 50 27 5 34 35 20 39 32 36 19 29 42 46 44 16 38 15 23 24 17 9 22 49 25 45 26 28 3 10 47 33 1 8 
student 16: 39 44 11 12 13 19 2 48 8 3 35 16 15 36 34 28 1 46 32 6 31 40 27 33 38 37 14 21 49 47 41 23 50 17 22 29 20 5 18 45 30 42 24 25 9 10 43 26 4 7 
student 17: 43 33 10 13 6 21 2 47 17 1 38 14 9 36 34 41 5 48 18 8 32 31 27 39 35 37 19 30 40 44 46 15 49 12 22 24 20 16 26 50 25 42 29 23 7 3 45 28 4 11 
student 18: 49 33 1 11 3 20 7 48 12 2 35 13 15 39 37 40 6 45 21 8 28 43 25 34 38 31 17 26 44 42 36 14 46 19 24 27 18 16 30 50 29 47 22 23 5 10 41 32 4 9 
student 19: 47 39 13 3 5 27 7 50 12 2 42 14 11 32 33 41 4 49 20 9 31 38 22 35 34 29 19 30 45 48 37 17 46 16 23 36 15 18 21 43 28 40 24 25 6 10 44 26 1 8 
student 20: 43 40 7 17 9 23 2 49 10 3 41 11 13 28 31 36 4 48 25 5 35 34 26 39 29 38 22 32 42 50 37 15 47 14 20 30 19 16 18 44 33 46 24 21 8 12 45 27 1 6 
student 21: 42 40 4 13 9 26 5 47 7 1 45 12 14 30 32 39 3 46 27 8 23 38 22 37 35 33 18 29 41 43 34 19 44 20 21 31 15 16 17 48 25 49 28 24 10 11 50 36 2 6 
student 22: 43 40 3 13 10 21 7 49 11 1 33 18 12 35 41 36 2 50 22 4 34 31 20 37 45 32 17 29 38 47 39 15 48 19 23 27 16 14 24 46 30 42 28 26 6 8 44 25 9 5 
student 23: 29 41 1 10 8 20 6 48 12 3 38 11 16 36 31 42 7 50 35 2 33 27 19 37 40 34 15 32 43 47 39 18 45 21 24 30 13 17 23 49 28 44 26 22 14 9 46 25 4 5 
student 24: 43 42 6 8 9 25 4 50 12 2 34 14 11 30 28 36 3 44 24 10 32 31 20 41 38 33 19 37 47 45 40 18 48 16 22 29 17 15 21 46 27 39 23 26 13 5 49 35 1 7 
student 25: 45 36 8 12 4 29 5 48 9 2 43 18 11 33 31 40 3 50 27 6 39 41 22 34 30 35 20 26 38 44 37 17 49 15 25 23 16 14 19 46 24 42 32 21 7 13 47 28 1 10 
student 26: 47 41 7 14 8 23 4 45 11 2 34 13 16 30 31 42 3 49 25 6 38 33 24 39 37 32 18 35 43 40 36 17 46 12 22 28 21 15 20 48 29 44 19 27 10 9 50 26 1 5 
student 27: 42 35 5 7 6 22 2 50 18 1 40 10 17 32 24 44 4 41 23 9 33 36 19 37 38 34 20 30 49 48 39 16 46 12 21 27 13 14 25 47 28 43 26 31 15 11 45 29 3 8 
student 28: 43 39 7 10 6 23 5 50 12 1 44 16 22 28 32 47 2 49 19 9 29 36 20 35 34 33 17 26 38 42 40 15 46 13 21 31 18 14 25 48 27 45 30 24 11 8 41 37 3 4 
student 29: 42 50 5 15 6 21 4 45 12 1 41 18 13 31 34 33 2 48 24 7 28 32 17 38 35 36 14 27 43 44 40 20 49 19 22 26 10 16 25 47 39 37 29 23 8 9 46 30 3 11 
student 30: 47 39 3 5 12 20 6 43 14 8 42 17 7 32 34 45 4 50 21 10 31 40 27 37 33 35 19 30 41 46 36 13 48 15 24 26 18 16 25 49 28 38 22 23 11 9 44 29 1 2 
student 31: 46 40 3 11 9 16 2 48 10 5 42 13 17 32 33 35 8 49 18 4 28 37 15 34 36 39 20 31 41 47 38 24 45 22 25 26 19 14 21 50 29 43 23 27 7 12 44 30 1 6 
student 32: 46 42 2 20 9 24 6 49 11 1 43 13 10 27 35 36 7 48 26 5 39 32 22 28 37 34 15 33 40 47 41 21 45 16 25 30 17 14 31 50 29 38 19 23 8 12 44 18 4 3 
student 33: 40 43 7 10 9 18 4 49 13 5 42 14 12 34 32 38 2 45 28 8 30 39 16 36 35 33 17 26 46 48 37 20 47 15 19 29 21 22 23 50 27 41 24 25 6 11 44 31 1 3 
student 34: 48 42 10 12 6 24 5 50 14 1 43 13 18 32 33 40 3 45 22 2 29 37 20 35 39 36 21 31 38 46 34 9 49 17 16 26 19 15 23 47 28 41 27 25 7 11 44 30 4 8 
student 35: 44 39 4 14 10 22 1 47 8 5 33 17 16 32 31 40 3 46 25 6 36 41 21 38 34 35 18 30 42 45 37 11 49 13 19 27 20 12 23 50 29 43 28 24 15 9 48 26 2 7 
student 36: 43 40 1 12 5 19 3 47 11 4 35 17 20 29 33 37 8 48 16 2 30 38 23 39 36 34 18 31 45 41 42 13 46 22 21 28 15 14 24 50 32 49 25 27 6 10 44 26 7 9 
student 37: 47 32 8 12 9 18 1 45 11 2 40 16 14 39 36 43 5 49 24 4 31 34 26 38 33 29 21 35 44 50 37 19 48 13 20 30 23 15 17 46 25 41 28 22 6 10 42 27 3 7 
student 38: 37 35 5 12 4 24 2 49 15 9 44 21 13 36 33 40 6 47 19 3 32 38 17 34 41 27 23 22 39 48 42 11 45 14 25 28 16 20 18 50 29 46 30 26 8 7 43 31 1 10 
student 39: 45 38 10 11 13 28 4 49 8 1 37 14 12 36 32 41 3 46 25 5 27 39 18 43 34 33 20 31 40 48 35 23 44 15 29 22 16 17 19 50 24 42 30 21 7 9 47 26 2 6 
student 40: 35 39 9 17 5 30 6 47 8 4 46 12 13 32 36 43 3 50 20 1 29 33 25 37 38 31 24 34 41 45 40 11 49 18 19 28 21 14 27 48 22 44 15 23 10 16 42 26 2 7 
student 41: 45 36 3 16 5 18 1 50 14 9 39 12 13 26 32 42 4 44 30 7 31 37 23 33 35 43 25 34 40 47 38 17 49 15 20 29 19 10 22 46 24 41 27 21 8 6 48 28 2 11 
student 42: 44 41 1 9 11 17 4 49 18 2 38 13 10 33 32 43 6 46 19 7 30 36 20 37 35 34 16 28 40 48 39 15 50 8 25 29 26 21 23 47 27 42 24 22 14 12 45 31 5 3 
student 43: 47 39 6 12 7 24 3 46 5 2 36 13 11 41 33 43 1 45 21 9 32 37 20 38 34 23 18 28 40 48 35 19 49 17 16 31 14 22 25 50 27 44 26 29 15 10 42 30 4 8 
student 44: 43 45 5 10 9 23 3 48 8 1 40 12 15 32 31 41 2 49 20 13 34 39 18 35 33 36 11 27 37 47 38 19 42 17 26 21 14 22 25 50 30 44 29 28 16 7 46 24 4 6 
student 45: 42 35 8 7 12 21 9 45 11 5 41 14 13 37 32 49 2 50 23 4 30 38 20 31 40 34 19 33 39 47 36 16 48 18 22 25 17 15 26 46 28 44 27 24 10 6 43 29 1 3 
student 46: 42 39 6 11 7 20 3 47 13 2 40 14 17 36 30 46 1 50 19 9 32 33 25 38 34 26 18 35 43 44 41 24 45 12 23 28 15 16 27 48 31 37 22 21 10 8 49 29 5 4 
student 47: 45 33 2 12 9 18 7 50 14 1 37 16 13 30 34 40 8 47 22 4 31 36 25 35 41 39 19 28 42 49 43 17 48 15 23 26 20 6 29 46 32 44 24 21 11 10 38 27 5 3 
student 48: 43 37 3 6 8 19 7 50 9 2 39 15 12 35 31 40 1 42 27 13 33 36 16 47 34 32 20 28 41 45 38 17 49 14 22 26 21 18 29 48 23 44 25 24 10 11 46 30 4 5 
student 49: 45 44 3 9 5 19 7 46 16 1 39 21 12 37 33 47 4 43 23 13 27 38 22 36 28 34 18 32 40 48 35 8 50 17 20 25 14 15 24 49 26 42 30 29 6 11 41 31 2 10 
student 50: 47 39 9 14 11 18 6 49 8 1 42 20 15 33 36 35 2 50 23 3 28 45 13 37 34 31 22 30 38 46 41 16 44 17 21 24 26 12 19 48 32 40 25 27 10 7 43 29 4 5 
student 51: 45 34 3 8 6 19 5 47 11 1 42 9 16 31 30 44 4 46 22 7 37 38 18 27 36 35 21 25 43 48 39 15 41 12 23 33 17 20 26 50 29 40 24 32 10 13 49 28 2 14 
student 52: 46 38 6 11 7 19 4 49 14 3 40 10 18 33 31 44 2 48 26 5 27 37 20 42 36 35 16 30 43 50 34 17 45 12 22 25 24 15 21 41 23 47 28 29 13 8 39 32 1 9 
student 53: 47 36 8 11 6 19 2 45 4 1 41 13 16 31 34 40 12 49 21 5 26 37 20 32 38 39 14 29 43 48 35 22 46 15 17 23 18 24 27 50 33 44 25 28 9 7 42 30 3 10 
student 54: 44 47 7 13 3 15 11 46 22 1 38 14 10 34 31 40 8 48 25 4 30 36 19 35 32 37 16 29 41 50 39 17 45 21 24 26 12 18 23 49 33 42 27 28 9 5 43 20 2 6 
student 55: 45 40 4 8 5 21 9 50 11 2 39 18 12 29 32 46 3 44 24 6 26 34 19 37 38 35 16 33 42 48 36 15 41 17 25 30 20 14 27 47 28 49 22 23 13 10 43 31 1 7 
student 56: 42 38 4 12 8 18 6 50 14 2 46 13 11 29 33 44 3 48 23 5 24 31 21 43 30 36 20 28 41 40 35 19 47 17 25 34 15 16 26 49 32 37 27 22 10 9 45 39 1 7 
student 57: 47 41 9 16 7 19 5 49 12 1 40 13 11 32 31 43 4 48 23 8 33 34 22 37 36 35 24 27 44 45 38 17 46 15 21 28 18 14 25 50 20 39 26 29 10 2 42 30 3 6 
student 58: 48 38 9 13 6 22 5 47 14 1 42 15 10 32 33 34 3 50 24 4 30 43 11 37 39 35 20 28 36 44 45 19 46 18 23 26 17 16 21 49 31 41 25 29 7 8 40 27 2 12 
student 59: 50 35 5 8 14 21 2 48 10 3 40 17 12 34 31 38 7 47 27 6 25 41 20 39 33 37 15 32 44 45 36 18 46 16 22 26 19 13 24 49 29 42 28 23 9 11 43 30 1 4 
student 60: 43 40 3 13 8 21 2 50 9 4 35 16 11 32 30 39 1 45 27 6 31 28 12 37 33 38 20 34 48 46 42 15 49 19 25 17 26 18 36 47 29 44 22 23 10 14 41 24 5 7 
student 61: 47 39 7 5 9 17 4 46 11 2 43 13 14 33 28 40 3 50 21 6 29 36 20 38 32 30 27 35 41 44 37 16 49 15 19 24 22 18 25 45 31 42 34 23 8 10 48 26 1 12 
student 62: 40 31 5 17 9 21 6 47 14 1 37 10 11 34 29 46 3 48 25 2 33 35 18 36 39 38 20 27 42 43 41 16 49 15 24 26 19 12 22 45 28 44 23 30 8 7 50 32 4 13 
student 63: 43 36 10 8 6 22 1 50 5 2 39 14 12 33 30 45 3 47 24 11 28 38 19 35 34 37 25 29 40 46 41 15 49 13 20 27 17 18 23 48 26 42 21 31 16 9 44 32 4 7 
student 64: 44 39 4 6 1 22 3 50 14 7 41 20 19 36 30 43 5 48 21 8 33 32 24 35 42 34 12 28 45 47 38 17 46 15 18 26 23 9 16 49 25 37 31 27 10 13 40 29 2 11 
student 65: 45 36 5 13 11 16 2 49 8 3 39 15 20 34 33 40 4 44 21 9 29 35 18 37 38 31 22 30 42 47 41 14 48 17 25 32 19 7 24 50 23 43 27 28 12 10 46 26 1 6 
student 66: 40 43 7 13 5 22 4 50 11 2 39 12 9 31 32 46 3 47 24 6 28 38 21 37 34 33 19 25 41 48 36 18 44 16 15 30 20 14 23 49 35 42 26 27 10 17 45 29 1 8 
student 67: 38 40 4 13 7 19 12 47 11 1 39 15 10 32 35 42 5 46 24 8 31 34 21 36 33 30 20 28 43 45 41 18 50 17 23 26 14 16 25 49 29 44 22 27 6 9 48 37 3 2 
student 68: 41 40 5 12 9 18 3 47 14 1 43 11 10 35 34 39 2 46 26 7 30 38 23 31 33 27 20 36 44 48 37 19 49 16 24 32 17 15 25 50 22 42 21 28 13 8 45 29 4 6 
student 69: 46 36 7 14 6 22 4 50 20 1 39 19 5 41 33 44 3 49 23 18 30 37 21 31 35 34 16 29 48 38 40 15 45 12 17 27 13 11 26 47 25 43 32 24 10 9 42 28 2 8 
student 70: 46 38 5 12 8 23 7 50 13 1 32 11 14 36 39 44 2 47 22 4 26 35 21 41 34 30 20 29 42 48 37 16 40 15 18 33 19 17 25 49 27 45 24 28 10 9 43 31 3 6 
student 71: 38 42 5 9 8 19 1 48 11 2 30 7 14 32 36 46 4 49 20 6 34 40 23 37 39 33 22 26 41 47 35 18 45 13 21 29 16 15 31 50 27 43 24 25 10 17 44 28 3 12 
student 72: 45 43 3 15 9 25 4 50 16 5 39 13 11 34 29 37 2 49 21 8 28 40 20 42 38 30 19 33 32 47 36 17 46 12 24 31 18 14 27 48 23 41 22 35 10 6 44 26 1 7 
student 73: 43 44 1 17 8 24 6 47 13 3 41 12 11 34 27 42 4 45 21 2 35 30 20 39 37 32 19 25 36 48 38 18 40 14 23 31 16 15 28 50 26 49 22 29 7 9 46 33 5 10 
student 74: 34 38 1 10 7 21 5 42 16 2 48 18 12 40 33 41 4 50 30 6 28 29 23 36 37 35 19 32 43 46 39 15 47 14 22 26 13 17 25 49 24 45 27 20 11 9 44 31 3 8 
student 75: 44 41 5 6 16 17 2 50 8 4 37 9 10 32 30 43 7 48 27 11 33 40 23 38 35 34 15 25 39 46 36 18 47 13 22 21 20 14 31 49 28 42 26 29 3 12 45 24 1 19 
student 76: 49 41 5 13 11 23 4 50 10 1 37 15 17 33 22 36 2 47 24 3 30 31 16 38 27 35 21 40 43 45 39 19 42 12 28 20 14 18 25 46 29 44 26 32 8 7 48 34 6 9 
student 77: 45 31 7 10 5 19 4 49 12 1 44 18 11 33 29 39 2 48 24 8 34 35 23 37 30 36 17 28 41 43 38 14 46 20 22 26 15 13 21 47 32 42 27 25 9 6 50 40 3 16 
student 78: 44 38 5 11 6 16 1 46 12 3 39 20 14 35 32 42 4 50 24 13 33 34 15 40 36 29 19 31 41 47 37 17 45 18 23 26 21 7 30 49 27 48 22 25 10 8 43 28 2 9 
student 79: 48 38 6 4 3 24 5 44 11 1 40 15 9 32 34 41 2 50 13 10 29 30 21 37 36 35 22 33 42 43 39 18 49 20 23 25 17 16 19 47 31 46 26 27 14 12 45 28 7 8 
student 80: 44 38 6 10 7 20 4 46 19 1 36 11 13 34 28 43 2 40 21 5 29 41 17 37 35 32 14 30 39 48 45 18 50 26 22 31 16 15 23 49 25 42 24 27 9 12 47 33 3 8 
student 81: 47 34 12 11 3 20 2 49 9 1 40 23 13 28 35 41 6 44 22 5 31 38 15 45 36 33 18 32 43 50 39 24 48 16 29 30 17 14 21 46 27 42 25 19 7 10 37 26 4 8 
student 82: 43 35 5 10 2 16 11 49 8 1 37 13 14 33 31 38 9 48 30 3 34 40 19 39 32 36 17 29 42 46 47 22 50 18 20 28 21 15 26 45 27 41 23 25 4 7 44 24 6 12 
student 83: 50 38 7 16 6 22 9 49 4 1 39 13 17 35 32 41 3 44 24 8 31 34 21 37 36 33 20 28 40 43 48 14 45 19 18 23 15 11 26 46 25 42 27 29 12 5 47 30 2 10 
student 84: 32 48 2 14 4 21 5 46 10 3 38 13 9 29 33 34 6 47 20 8 30 42 19 39 35 37 15 36 44 41 40 18 49 16 23 25 22 17 24 50 26 43 27 28 12 7 45 31 1 11 
student 85: 47 37 7 13 5 23 2 50 14 6 38 15 11 30 33 41 3 49 20 1 35 40 17 36 31 32 22 34 39 45 44 12 43 24 18 28 16 19 26 46 29 42 27 21 8 9 48 25 10 4 
student 86: 44 34 5 8 7 20 4 49 17 1 40 18 16 37 28 42 3 46 26 10 30 36 13 38 35 32 19 22 41 45 39 15 50 12 23 27 21 14 25 48 33 47 29 24 9 11 43 31 2 6 
student 87: 46 41 6 12 9 21 1 42 14 4 43 13 10 26 27 39 7 50 22 2 33 38 23 36 35 34 18 32 45 44 40 20 47 17 15 30 24 16 19 49 28 37 25 29 11 8 48 31 3 5 
student 88: 50 37 5 12 2 20 4 49 17 3 38 13 16 36 35 42 7 44 22 10 32 34 21 39 40 25 8 24 41 45 28 23 47 18 19 30 15 14 27 46 29 43 26 31 11 9 48 33 1 6 
student 89: 49 34 12 8 6 18 5 50 7 3 41 14 11 36 27 44 4 48 24 10 33 38 19 35 32 37 22 29 42 39 40 13 46 25 15 30 20 17 23 47 21 43 28 26 16 9 45 31 1 2 
student 90: 43 32 5 9 10 28 4 50 6 2 37 15 11 23 34 40 3 49 22 7 25 41 19 36 30 35 18 38 47 44 39 17 48 21 20 24 16 14 27 45 33 46 31 26 12 13 42 29 1 8 
student 91: 46 45 6 12 5 27 3 49 13 1 41 14 11 24 34 42 4 48 20 7 26 30 15 36 39 31 18 33 37 47 38 16 43 19 22 32 25 17 29 50 35 40 21 23 10 9 44 28 2 8 
student 92: 44 37 4 11 8 23 3 50 13 2 45 15 14 29 30 38 5 42 20 10 35 39 28 32 31 36 19 40 41 47 33 24 46 22 18 21 9 16 17 49 26 43 25 34 7 12 48 27 1 6 
student 93: 47 40 6 12 4 26 3 49 14 1 42 15 13 41 31 36 5 45 22 7 30 38 20 37 34 35 21 33 39 46 32 18 43 16 24 19 17 11 25 48 28 44 29 23 8 10 50 27 2 9 
student 94: 44 40 5 9 8 19 10 50 14 2 49 20 16 30 36 41 4 48 21 6 34 39 7 33 37 31 22 24 38 46 35 18 47 23 25 28 17 15 13 45 26 42 27 29 3 12 43 32 1 11 
student 95: 42 30 6 7 3 22 1 48 14 2 41 13 11 36 34 45 4 46 20 10 32 39 17 35 37 33 21 31 40 47 38 16 49 19 18 28 24 15 25 50 26 43 29 27 9 12 44 23 5 8 
student 96: 43 39 2 8 11 20 7 44 16 3 40 10 14 23 31 45 1 50 24 5 30 38 17 37 35 33 19 28 41 36 42 15 46 21 22 32 18 13 26 47 34 49 25 27 9 12 48 29 4 6 
student 97: 44 38 3 13 8 16 2 45 9 5 43 17 15 34 37 40 1 49 25 4 27 36 23 35 31 33 7 29 41 47 39 12 48 14 24 20 21 19 28 50 26 42 30 22 11 6 46 32 10 18 
student 98: 40 44 4 15 11 21 10 45 12 6 46 19 13 33 29 39 5 48 24 2 32 38 23 35 36 34 17 28 42 49 37 18 43 1 20 31 14 16 22 50 26 41 27 25 8 9 47 30 3 7 
student 99: 40 33 5 19 7 18 2 48 13 1 42 10 12 37 34 39 3 47 24 6 32 41 16 38 28 30 20 36 43 50 44 15 45 11 22 26 21 14 23 49 27 35 25 29 8 17 46 31 4 9 
student 100: 49 39 10 9 2 20 3 43 12 1 42 21 7 35 27 37 4 40 22 8 26 50 17 38 34 31 16 33 41 46 36 15 47 18 25 32 19 14 29 45 30 44 23 24 11 13 48 28 5 6 
student 101: 44 35 3 9 11 21 2 47 12 1 43 16 13 38 31 41 7 45 22 5 36 49 20 30 33 34 17 29 40 46 39 18 48 15 25 28 19 14 26 50 23 37 24 27 10 6 42 32 8 4 
student 102: 36 40 9 6 14 18 10 44 11 5 48 13 8 27 30 41 2 45 19 4 26 29 25 38 35 37 33 32 47 42 39 21 50 15 20 28 16 12 24 46 23 43 22 31 17 7 49 34 1 3 
student 103: 45 37 4 11 12 21 3 50 1 2 42 9 16 34 35 36 6 46 26 5 28 39 20 44 33 31 18 38 41 43 32 17 48 14 15 24 25 19 22 47 23 40 30 27 10 13 49 29 7 8 
student 104: 39 40 5 7 10 26 3 47 11 4 37 15 13 31 29 43 1 46 18 8 24 35 23 38 36 34 21 28 42 49 41 17 48 12 25 30 19 16 22 50 32 44 33 20 9 14 45 27 2 6 
student 105: 46 37 3 10 9 22 6 43 11 1 41 15 14 33 30 45 5 49 23 7 28 35 21 39 34 32 17 38 40 50 36 25 44 16 27 24 12 20 29 48 26 42 18 19 4 13 47 31 2 8 
student 106: 45 43 2 10 4 24 1 50 14 7 32 12 11 31 36 44 6 49 25 9 30 37 18 35 39 34 19 27 40 46 38 16 48 17 23 29 20 15 26 47 21 41 28 22 13 3 42 33 5 8 
student 107: 47 39 6 16 5 19 8 49 14 3 40 11 15 30 25 41 4 50 18 2 32 38 22 34 31 33 21 28 37 44 42 20 46 17 24 27 12 10 23 48 29 43 26 36 9 13 45 35 1 7 
student 108: 43 42 1 10 4 18 5 49 16 2 37 15 17 30 31 44 6 47 24 8 34 35 14 39 38 36 13 29 41 45 33 23 50 19 21 32 25 11 20 48 27 46 28 22 12 9 40 26 3 7 
student 109: 43 37 8 9 3 12 20 50 7 1 41 15 13 33 32 38 4 48 22 10 30 36 19 39 35 31 21 34 44 46 42 14 47 17 24 25 18 16 23 49 28 45 26 27 11 6 40 29 2 5 
student 110: 47 37 5 10 8 22 3 49 9 2 41 19 14 31 33 40 1 46 21 7 36 39 12 35 34 30 15 32 44 48 38 20 45 18 24 29 4 17 23 50 27 42 25 26 16 11 43 28 6 13 
student 111: 47 40 5 17 7 24 4 46 14 1 36 12 11 34 33 43 2 49 22 6 30 37 19 39 26 32 20 35 44 41 38 21 48 15 18 25 16 10 23 50 29 45 31 28 13 9 42 27 3 8 
student 112: 46 35 8 6 12 22 4 49 13 2 37 14 11 33 32 44 3 47 24 9 31 40 18 34 38 30 21 28 41 45 42 15 48 20 19 26 17 16 25 50 27 39 23 29 5 10 43 36 1 7 
student 113: 48 39 12 8 6 22 1 47 15 2 41 9 11 34 33 40 4 49 21 7 32 44 19 35 31 30 18 29 43 45 37 14 46 17 25 24 16 20 23 50 36 38 27 28 13 10 42 26 3 5 
student 114: 48 38 6 11 5 16 4 46 17 2 40 20 8 35 31 42 1 47 24 7 34 43 22 32 39 33 18 30 41 45 36 13 49 12 21 29 19 14 23 50 28 44 27 25 10 15 37 26 3 9 
student 115: 45 40 4 13 7 15 2 49 8 1 36 11 14 34 31 38 3 47 20 12 30 37 24 35 32 41 21 33 42 44 39 16 50 19 25 27 17 18 23 48 29 43 26 22 6 5 46 28 9 10 
student 116: 48 39 4 9 1 25 7 49 10 2 40 14 16 31 32 37 3 47 18 6 30 35 19 44 38 34 20 23 43 50 36 17 45 11 21 24 26 15 22 46 28 42 29 27 12 8 41 33 5 13 
student 117: 44 41 6 8 9 20 4 49 7 1 43 18 14 29 36 42 3 45 22 2 25 37 13 38 32 34 15 33 39 50 35 19 48 17 21 28 24 16 26 47 30 40 23 27 12 11 46 31 5 10 
student 118: 46 37 7 8 5 21 4 50 15 1 39 17 14 35 30 40 6 43 22 2 32 36 19 38 34 33 16 29 44 45 42 10 47 20 26 27 18 12 23 49 31 48 25 24 11 13 41 28 3 9 
student 119: 43 35 10 7 8 21 4 49 14 3 45 15 17 34 37 38 2 50 24 5 29 36 12 40 33 30 16 32 41 44 39 19 46 18 20 28 22 13 25 48 26 42 27 23 6 11 47 31 1 9 
student 120: 46 39 4 10 11 19 3 48 12 2 42 13 20 31 33 34 9 50 24 5 37 38 22 36 35 30 15 32 44 43 40 17 47 16 21 23 18 14 28 49 27 45 25 26 7 8 41 29 1 6 
student 121: 45 40 6 18 9 16 1 49 12 4 42 8 15 30 33 41 2 47 24 7 29 39 19 38 37 34 17 31 32 46 36 20 44 13 22 35 25 14 21 50 28 43 26 27 10 11 48 23 3 5 
student 122: 43 39 6 12 3 29 5 49 11 4 42 13 15 36 32 48 7 47 27 2 26 41 16 37 34 35 18 24 40 44 38 19 33 17 22 30 20 14 28 46 31 45 25 21 9 10 50 23 1 8 
student 123: 44 41 2 10 7 20 6 49 8 3 38 15 12 34 30 40 1 50 24 4 28 36 14 39 37 35 19 31 43 46 33 16 45 18 21 26 22 13 23 47 25 42 27 32 11 17 48 29 5 9 
student 124: 49 40 7 8 1 25 4 48 12 2 42 14 17 34 31 47 6 44 23 5 32 35 22 39 33 36 20 29 43 46 37 21 38 10 15 27 19 18 26 50 28 41 16 24 11 13 45 30 3 9 
student 125: 43 38 6 12 7 17 4 48 8 2 39 22 18 20 31 42 1 46 28 9 34 40 15 37 35 33 14 27 44 47 36 13 49 23 21 26 19 16 25 50 32 41 29 24 5 11 45 30 3 10 
student 126: 47 29 3 10 4 21 7 46 8 1 38 12 15 34 31 43 2 49 22 9 32 39 18 36 35 33 19 37 40 50 42 16 45 13 27 30 20 14 24 48 23 41 25 28 17 11 44 26 5 6 
student 127: 44 42 1 14 9 31 7 46 13 2 40 16 12 35 30 39 3 48 20 4 29 36 22 38 32 34 17 28 37 43 41 18 50 24 15 25 8 19 26 49 21 45 27 33 10 6 47 23 5 11 
student 128: 46 36 10 12 2 18 6 49 1 3 40 15 13 34 33 41 8 47 22 5 45 35 23 39 31 30 14 27 38 48 37 20 42 17 26 24 16 19 21 50 29 44 25 28 11 7 43 32 4 9 
student 129: 46 45 7 6 9 22 8 50 10 1 37 12 15 32 33 41 3 49 21 2 34 38 23 40 35 18 19 31 39 42 36 20 44 14 26 30 17 16 25 48 24 43 27 29 11 13 47 28 4 5 
student 130: 45 41 5 11 12 20 1 50 10 7 38 13 15 32 29 48 2 46 22 4 31 35 18 34 39 37 17 33 40 44 43 19 47 14 21 27 28 16 23 49 25 36 24 26 8 6 42 30 3 9 
student 131: 44 40 3 17 4 20 8 48 13 2 42 11 10 32 30 41 1 46 25 5 26 38 18 36 33 34 14 35 37 45 39 24 50 15 28 31 16 9 27 49 22 43 29 21 7 12 47 23 6 19 
student 132: 40 38 5 18 6 23 2 44 11 1 43 8 12 37 34 39 7 49 20 3 33 36 17 35 32 31 22 30 48 46 42 15 47 19 21 29 16 13 25 45 28 41 26 27 10 14 50 24 4 9 
student 133: 44 38 7 14 5 17 2 48 10 6 43 13 15 33 32 47 3 49 23 9 30 36 21 34 37 35 20 28 41 42 39 11 46 19 22 27 16 18 26 50 31 40 24 25 12 4 45 29 1 8 
student 134: 44 40 4 15 8 21 1 46 6 2 36 10 17 33 32 39 3 45 24 13 31 35 18 34 41 37 26 30 42 47 38 20 50 12 22 19 16 11 23 48 27 49 25 29 5 14 43 28 7 9 
student 135: 43 36 2 14 11 21 10 47 8 7 42 13 17 31 27 48 1 44 22 6 30 39 18 33 38 35 20 34 41 49 37 24 45 16 23 29 15 12 25 50 28 40 32 26 5 9 46 19 3 4 
student 136: 43 45 5 6 10 21 3 50 12 4 38 13 11 33 32 37 2 46 20 7 31 39 25 35 34 40 17 23 47 44 36 15 48 18 22 29 19 16 24 49 30 41 28 27 8 14 42 26 1 9 
student 137: 49 45 5 11 12 21 4 46 14 1 38 17 9 31 29 39 3 43 26 6 32 37 25 36 35 30 19 24 41 48 40 18 50 13 28 23 15 16 20 47 34 42 22 33 10 8 44 27 2 7 
student 138: 45 39 12 14 10 20 8 49 7 1 40 13 9 31 32 41 5 43 16 2 27 36 21 42 35 34 19 33 38 48 37 15 47 24 22 28 17 18 23 50 30 44 25 29 6 11 46 26 3 4 
student 139: 43 47 7 4 10 20 2 50 11 1 37 13 8 35 40 34 5 46 22 9 33 36 19 45 41 32 16 30 38 44 31 18 39 17 28 25 23 14 21 49 29 48 24 27 15 12 42 26 3 6 
student 140: 46 39 8 12 7 29 2 47 11 1 37 13 16 38 33 44 3 48 21 4 30 36 18 35 34 32 19 26 42 49 41 23 40 17 14 22 20 15 24 50 25 43 31 27 10 9 45 28 5 6 
student 141: 45 37 7 13 3 23 1 47 15 2 40 16 11 29 32 44 6 49 19 5 28 35 21 33 39 34 17 36 38 42 41 12 46 24 20 26 14 18 22 50 27 43 25 30 10 8 48 31 4 9 
student 142: 39 41 5 11 6 21 3 49 13 1 42 7 15 29 31 40 4 44 18 8 34 36 17 35 32 27 20 37 47 45 38 23 48 19 22 24 14 16 28 50 33 46 25 26 9 10 43 30 2 12 
student 143: 47 40 5 14 8 18 3 49 12 2 39 15 10 35 38 42 4 48 20 6 31 36 22 33 34 29 17 32 43 45 37 16 46 23 25 26 21 11 24 50 28 44 19 27 7 13 41 30 1 9 
student 144: 42 37 4 6 10 24 2 45 9 5 46 11 15 26 34 36 3 50 21 8 29 39 18 32 31 35 17 41 40 44 38 20 43 16 30 25 19 12 22 47 27 49 23 28 14 13 48 33 1 7 
student 145: 42 44 6 14 8 18 5 48 12 1 40 13 19 32 35 39 3 49 24 7 34 30 17 38 27 37 23 36 41 45 33 15 43 16 21 31 20 10 22 47 29 46 25 28 11 9 50 26 2 4 
student 146: 43 44 9 8 2 19 4 50 10 1 42 16 27 38 31 41 6 48 22 5 26 36 21 40 37 32 17 30 39 46 35 15 47 12 20 28 14 18 25 49 24 34 29 23 7 13 45 33 3 11 
student 147: 43 37 7 10 5 24 3 48 15 1 39 20 13 36 33 44 6 47 14 4 32 41 22 38 35 34 18 31 49 50 42 17 40 12 25 27 19 16 21 46 29 30 26 23 8 11 45 28 2 9 
student 148: 45 39 9 10 3 22 2 48 12 7 42 13 14 33 34 43 1 41 24 6 29 30 19 37 32 38 23 28 44 49 35 16 50 17 20 31 18 15 25 47 27 40 26 21 8 11 46 36 4 5 
student 149: 45 36 3 5 8 18 7 49 9 2 43 15 11 28 30 42 4 46 22 10 31 38 20 37 33 35 17 40 34 48 39 14 44 19 23 29 21 13 24 50 26 41 25 27 12 16 47 32 1 6 
student 150: 45 40 10 16 2 22 5 47 14 1 42 11 15 34 29 39 4 49 23 6 32 37 21 36 33 25 20 35 43 46 38 17 48 13 18 31 19 12 26 50 28 41 24 27 8 9 44 30 3 7 
student 151: 45 42 12 8 1 21 7 47 9 3 40 16 15 31 35 41 6 46 23 11 29 38 18 37 36 33 19 34 43 49 30 17 48 14 22 28 25 13 20 50 27 39 26 24 10 4 44 32 2 5 
student 152: 44 38 9 2 7 20 4 49 11 6 39 15 14 34 30 42 1 43 22 5 31 35 16 37 36 33 19 26 40 47 41 21 45 18 23 32 17 13 27 50 28 46 24 25 10 12 48 29 3 8 
student 153: 38 30 1 13 4 22 7 45 8 2 40 17 14 31 34 43 3 48 20 6 33 37 24 41 35 39 18 29 46 44 36 16 47 21 15 26 19 12 25 50 28 49 27 23 11 10 42 32 5 9 
student 154: 38 42 2 13 6 22 4 44 11 3 41 16 8 33 31 43 7 50 21 9 29 37 23 35 36 34 19 32 40 45 39 14 48 20 26 27 15 17 30 49 24 46 18 25 10 5 47 28 1 12 
student 155: 47 40 3 4 8 20 5 48 12 1 43 22 11 33 34 41 2 46 24 6 31 38 23 36 35 32 15 30 39 50 37 18 44 19 21 25 13 16 26 49 27 45 17 28 14 10 42 29 9 7 
student 156: 46 40 9 8 10 20 3 49 11 1 36 12 13 30 35 41 6 42 29 2 28 37 16 38 34 31 15 33 44 43 39 17 47 19 25 22 24 18 26 50 23 45 32 21 4 7 48 27 5 14 
student 157: 38 42 4 13 5 22 1 50 14 2 36 7 10 39 31 40 11 45 16 6 29 41 19 43 35 32 21 28 37 49 34 18 44 17 23 30 8 15 25 48 26 46 33 24 9 20 47 27 3 12 
student 158: 37 36 8 6 7 20 11 49 10 1 35 15 12 42 21 48 2 46 27 3 31 38 14 40 34 33 17 30 41 45 39 28 43 18 23 32 22 16 25 50 24 47 19 29 9 13 44 26 4 5 
student 159: 48 36 2 8 10 22 4 43 13 1 47 16 15 24 33 41 6 50 27 5 30 38 17 34 32 37 20 35 42 45 39 18 40 19 21 31 14 11 25 49 28 44 23 26 12 9 46 29 3 7 
student 160: 43 39 8 10 2 20 6 50 12 4 40 13 17 35 30 42 1 49 22 9 29 34 18 37 31 36 16 32 44 47 45 15 48 14 23 27 19 21 24 46 33 38 25 26 3 7 41 28 5 11 
student 161: 45 40 4 7 5 23 6 50 12 1 41 22 15 33 32 39 3 46 21 8 27 31 26 38 37 34 20 28 42 49 35 17 47 11 19 25 16 10 24 48 29 44 30 18 13 14 43 36 2 9 
student 162: 45 39 15 10 4 11 9 48 13 3 41 18 12 36 32 43 2 50 25 5 29 42 22 35 34 27 21 30 38 49 37 16 46 14 20 23 19 7 28 47 33 40 24 31 17 6 44 26 1 8 
student 163: 44 38 6 10 7 22 3 47 12 2 42 13 14 35 29 45 5 48 21 4 37 34 20 33 32 40 19 30 43 50 36 18 46 15 26 31 16 17 23 49 25 39 27 24 8 11 41 28 1 9 
student 164: 44 36 3 8 9 21 4 50 10 2 41 17 13 33 40 43 5 48 27 6 32 35 18 37 34 31 20 30 47 42 45 19 49 15 22 26 14 16 25 46 28 38 24 23 7 12 39 29 1 11 
student 165: 47 36 3 13 5 23 2 46 9 1 38 17 15 26 42 41 12 48 27 10 33 35 22 45 34 29 14 28 44 49 39 16 43 18 19 24 20 11 21 50 30 40 25 31 6 7 37 32 4 8 
student 166: 46 38 6 9 5 20 2 50 11 4 42 17 12 31 32 39 1 49 25 13 27 41 22 36 33 35 16 34 40 47 37 18 48 15 24 26 19 14 29 45 28 43 21 23 8 7 44 30 3 10 
student 167: 41 33 5 9 7 21 10 46 14 1 42 12 11 32 36 47 3 48 25 4 31 34 17 39 38 35 24 29 45 49 37 16 43 18 20 26 19 15 23 50 22 40 28 27 8 13 44 30 2 6 
student 168: 35 45 3 11 7 18 5 50 12 2 31 13 14 29 37 42 4 48 22 1 32 40 19 39 23 36 17 34 38 41 44 20 46 16 24 28 27 15 33 49 30 47 21 25 9 10 43 26 6 8 
student 169: 45 39 4 15 8 19 3 49 10 1 40 12 11 31 35 43 5 46 26 6 24 36 23 37 33 32 20 34 44 48 38 14 42 17 21 28 22 13 18 50 30 41 29 25 7 16 47 27 2 9 
student 170: 46 35 4 9 8 19 5 49 10 2 40 11 14 34 33 39 3 47 25 6 37 38 20 31 27 36 24 30 41 48 44 15 45 18 22 28 16 17 21 50 29 42 23 26 13 12 43 32 1 7 
student 171: 40 38 1 12 8 24 4 49 11 5 41 15 13 32 31 43 10 47 25 6 28 34 21 37 36 33 17 35 45 44 39 16 50 14 27 30 19 18 23 42 29 46 20 22 3 7 48 26 2 9 
student 172: 43 35 4 12 5 21 7 49 13 1 36 14 8 33 28 41 6 45 26 2 31 46 18 34 37 30 19 38 40 50 39 17 48 11 22 25 20 16 29 44 32 42 24 23 9 15 47 27 3 10 
student 173: 43 36 6 12 8 23 5 47 11 1 38 18 15 34 35 41 3 48 17 7 32 33 16 42 37 29 20 26 39 45 44 19 49 14 22 28 2 21 24 50 30 40 27 25 9 10 46 31 4 13 
student 174: 46 44 3 13 4 22 1 48 7 12 40 18 14 29 33 41 2 50 21 10 27 35 20 34 32 38 19 28 42 39 37 16 49 17 23 26 11 8 24 47 36 43 25 31 15 9 45 30 5 6 
student 175: 38 42 3 14 10 21 7 48 5 2 31 8 16 33 32 43 1 50 25 11 30 36 22 37 41 35 18 28 40 47 39 15 45 13 23 26 17 19 24 44 34 46 20 29 6 9 49 27 4 12 
student 176: 43 42 9 11 2 22 4 48 12 5 40 15 14 34 32 46 6 50 24 1 30 35 20 33 39 38 19 26 41 45 36 17 49 16 21 25 18 13 27 47 31 37 23 29 10 7 44 28 3 8 
student 177: 48 38 6 13 7 20 3 46 14 2 44 12 11 35 30 40 1 43 23 4 32 34 22 37 36 33 18 28 42 45 41 19 49 17 21 29 15 16 24 50 25 39 26 27 8 10 47 31 5 9 
student 178: 46 39 3 7 8 17 4 49 13 1 42 9 16 34 26 40 5 48 25 11 33 36 19 31 37 35 14 32 44 43 38 20 45 15 28 30 21 18 22 47 27 41 23 29 6 10 50 24 2 12 
student 179: 44 40 5 14 6 24 4 48 15 1 36 17 12 41 25 38 7 49 26 8 34 42 13 32 29 35 21 27 46 47 37 19 45 16 20 33 18 11 23 50 28 43 30 22 9 10 39 31 3 2 
student 180: 46 43 3 21 9 20 2 50 8 4 42 16 11 32 37 38 7 47 27 5 31 40 18 35 34 33 12 29 45 36 39 22 41 15 23 26 10 14 24 48 28 44 17 25 19 6 49 30 1 13 
student 181: 43 41 7 14 9 20 2 48 15 3 38 16 10 34 32 39 1 49 24 8 30 40 21 36 31 35 19 27 42 45 37 17 44 13 29 23 18 12 22 50 26 46 25 33 5 4 47 28 6 11 
student 182: 46 38 2 15 12 19 4 50 10 1 42 13 7 35 34 44 6 48 24 8 29 36 20 31 40 30 18 28 43 41 37 14 49 17 21 23 22 16 26 39 33 45 25 32 9 11 47 27 3 5 
student 183: 44 42 5 13 10 22 7 45 9 1 43 14 17 32 34 37 2 50 26 6 25 38 18 36 33 35 20 31 39 49 41 16 47 15 21 30 12 19 28 46 27 40 23 24 11 8 48 29 3 4 
student 184: 45 40 4 22 3 20 2 48 13 1 42 16 9 29 35 41 6 49 24 5 30 38 17 33 36 34 19 32 37 43 39 18 47 14 23 28 26 12 21 50 31 44 15 27 7 8 46 25 10 11 
student 185: 44 39 6 7 8 21 4 50 10 1 40 17 16 32 35 36 3 49 23 5 31 42 14 33 46 37 19 30 43 45 34 13 47 18 22 25 20 11 24 48 28 38 27 26 12 15 41 29 2 9 
student 186: 41 40 6 13 7 22 5 48 10 1 42 18 11 35 33 45 2 39 24 4 32 38 21 34 36 31 17 30 43 44 37 16 46 19 26 27 14 15 20 50 28 47 23 25 12 9 49 29 3 8 
student 187: 41 38 6 9 5 15 2 48 18 8 40 14 7 37 32 42 1 49 19 4 33 34 31 35 39 36 20 29 46 43 30 17 47 16 22 25 24 11 23 50 27 44 21 26 3 13 45 28 12 10 
student 188: 45 40 3 13 8 18 5 50 11 2 41 17 9 29 32 43 1 46 25 7 28 36 26 33 34 38 22 35 42 48 39 19 44 15 20 27 16 14 21 49 31 37 23 24 6 10 47 30 4 12 
student 189: 46 38 3 13 6 22 5 47 10 1 39 17 16 31 29 42 2 50 30 11 27 41 20 35 36 33 32 34 44 49 37 18 48 19 21 28 12 15 23 45 26 43 14 25 7 9 40 24 4 8 
student 190: 38 37 9 7 13 23 1 50 16 5 42 14 10 32 33 39 6 48 26 4 31 43 19 36 41 34 20 29 44 46 35 17 47 18 21 25 11 15 24 49 28 40 27 22 12 3 45 30 2 8 
student 191: 43 38 3 10 4 11 8 47 9 2 39 19 15 33 36 40 6 50 25 1 32 35 23 41 34 26 21 31 44 48 37 12 46 17 18 27 22 16 20 49 29 42 30 28 14 5 45 24 7 13 
student 192: 45 46 4 11 13 20 7 49 15 1 39 12 14 33 32 34 6 47 25 2 21 40 22 35 27 37 19 31 41 48 42 18 50 10 24 30 17 16 26 38 29 44 36 23 8 9 43 28 5 3 
student 193: 43 37 9 7 5 19 10 48 14 3 44 15 6 33 38 42 2 47 23 8 32 28 12 39 34 36 17 29 40 49 35 20 46 18 22 27 21 16 25 50 30 41 24 26 4 13 45 31 1 11 
student 194: 45 39 10 9 7 21 6 50 12 1 40 16 19 35 33 42 5 43 25 3 31 46 15 32 37 34 20 30 44 48 36 17 41 14 23 29 18 13 24 49 26 38 22 28 8 4 47 27 2 11 
student 195: 46 47 3 9 8 21 13 50 10 4 39 15 11 35 30 40 5 43 23 14 31 37 18 33 36 34 19 32 41 48 42 16 44 12 22 28 17 20 26 49 24 38 27 25 2 6 45 29 7 1 
student 196: 38 49 4 9 8 26 5 48 14 2 39 13 12 31 34 41 1 47 20 6 27 33 24 37 36 35 15 29 42 43 44 18 46 11 22 25 19 16 21 50 28 40 30 23 7 17 45 32 3 10 
student 197: 40 30 9 12 5 20 10 46 7 1 37 16 8 35 34 43 4 38 25 2 26 36 23 39 42 33 21 31 44 50 41 15 47 17 29 32 19 14 18 48 24 49 22 27 11 6 45 28 3 13 
student 198: 44 31 6 8 10 19 5 45 13 2 37 18 9 36 33 38 3 50 28 4 32 35 20 29 43 41 16 34 40 48 49 21 46 12 23 27 22 17 25 47 26 42 14 24 15 11 39 30 1 7 
student 199: 42 44 5 9 8 21 1 47 13 2 32 15 10 34 26 48 7 46 24 6 33 40 22 38 30 37 20 31 41 49 35 16 43 18 17 27 19 14 28 50 29 45 25 23 11 4 39 36 3 12 
student 200: 46 34 12 10 6 21 3 47 11 1 37 15 16 35 38 43 4 50 23 5 29 33 22 39 31 36 17 32 41 45 40 18 48 13 24 30 19 14 28 49 25 44 26 20 8 7 42 27 2 9 
student 201: 44 35 13 8 6 14 3 50 12 1 38 16 10 30 40 42 2 47 15 5 21 32 23 39 36 34 18 33 43 49 37 19 48 20 28 25 27 17 26 41 29 45 22 24 7 9 46 31 4 11 
student 202: 42 39 7 10 13 21 4 50 11 2 40 19 15 29 34 36 6 48 32 1 31 38 12 43 35 37 20 30 41 46 33 16 47 22 24 26 17 8 25 49 28 44 18 27 14 5 45 23 3 9 
student 203: 44 39 5 12 3 19 1 49 10 4 42 11 13 33 30 41 6 48 24 8 37 38 20 35 32 29 22 28 43 45 34 15 47 14 27 26 21 17 25 50 31 46 18 36 9 16 40 23 2 7 
student 204: 41 39 5 4 11 19 2 46 14 1 44 16 12 33 29 45 6 47 21 8 24 37 18 34 35 36 20 28 40 50 38 7 48 17 22 30 25 15 23 49 27 42 26 31 9 13 43 32 3 10 
student 205: 41 38 2 12 10 23 7 49 9 1 40 18 13 34 32 46 3 47 21 6 29 33 15 35 43 28 19 31 37 44 36 16 48 20 17 27 25 14 39 50 22 45 26 24 4 11 42 30 5 8 
student 206: 45 42 7 9 11 25 5 50 10 1 41 17 12 31 33 36 2 48 20 8 32 40 14 35 39 24 19 30 46 44 37 18 47 15 23 28 22 16 21 49 29 38 26 27 6 13 43 34 3 4 
student 207: 40 37 5 16 7 24 4 49 6 1 38 9 8 33 32 45 2 47 18 15 30 34 21 39 36 35 22 31 41 43 42 20 46 19 17 26 13 12 29 50 28 48 23 25 10 14 44 27 3 11 
student 208: 47 38 5 6 10 21 7 49 17 1 44 16 14 30 32 43 3 40 19 11 35 33 23 42 37 31 18 29 41 46 36 12 48 20 26 28 8 15 25 50 22 45 34 24 4 9 39 27 2 13 
student 209: 41 40 4 11 8 20 1 49 12 2 35 16 14 34 30 36 5 50 24 3 31 33 22 43 37 42 18 27 44 38 39 19 45 15 21 25 13 17 26 46 28 48 32 23 6 9 47 29 7 10 
student 210: 37 36 1 8 6 24 4 47 9 2 38 15 12 29 31 42 11 48 19 5 20 41 22 40 30 34 17 35 44 50 43 18 46 16 21 33 28 13 25 49 23 39 27 32 7 14 45 26 3 10 
student 211: 43 42 7 9 6 28 2 48 10 1 39 13 14 35 31 40 4 45 23 5 25 38 24 34 36 33 18 30 46 49 37 19 47 20 17 16 22 15 21 50 29 41 32 26 8 12 44 27 3 11 
student 212: 45 43 7 10 8 21 5 49 13 1 47 14 6 33 35 36 2 46 23 4 32 40 19 37 39 30 18 29 38 48 34 17 44 16 25 27 12 24 28 50 22 42 20 26 11 15 41 31 3 9 
student 213: 44 43 5 16 7 25 3 49 10 2 37 19 12 32 35 39 4 47 20 6 31 38 17 34 33 42 18 28 40 48 36 13 45 9 26 24 22 15 27 46 23 50 30 21 14 11 41 29 1 8 
student 214: 45 39 4 10 11 17 5 50 13 1 41 8 14 36 33 47 3 48 22 6 31 38 18 35 37 32 24 27 46 42 28 16 44 19 34 29 21 15 20 49 26 40 23 25 9 12 43 30 2 7 
student 215: 44 35 5 12 9 21 8 47 13 2 39 14 10 36 31 42 4 46 34 6 29 38 24 40 32 37 17 30 41 48 33 18 45 16 20 26 19 15 27 50 28 43 22 23 3 7 49 25 1 11 
student 216: 38 37 7 12 9 22 10 49 13 1 40 14 15 35 30 46 3 44 23 8 32 36 18 39 33 34 20 31 42 47 41 16 48 11 25 24 17 19 29 50 27 43 28 21 5 6 45 26 2 4 
student 217: 38 43 4 11 9 18 1 50 12 3 45 14 21 34 33 37 5 49 26 6 29 39 23 36 42 35 22 24 32 47 40 16 48 10 20 30 19 15 25 46 28 41 27 17 8 13 44 31 2 7 
student 218: 45 37 7 9 8 25 5 50 11 2 43 15 13 40 31 48 4 44 22 12 33 47 21 32 34 35 17 30 36 49 38 18 42 16 20 24 23 14 29 46 28 39 27 19 10 6 41 26 1 3 
student 219: 44 45 7 10 9 21 4 48 11 1 37 14 16 32 31 39 2 46 25 5 33 35 19 34 36 38 17 30 42 43 41 18 50 15 22 29 20 12 24 49 23 47 28 27 13 8 40 26 3 6 
student 220: 46 40 6 12 7 19 4 50 10 1 48 16 15 36 32 42 5 49 22 2 28 39 21 27 37 33 17 31 45 47 41 20 44 14 25 24 18 13 23 43 30 35 26 29 9 11 38 34 3 8 
student 221: 42 38 4 11 7 18 3 50 13 2 28 9 6 35 34 41 17 46 23 5 33 37 21 31 36 39 19 32 49 47 45 20 43 16 22 29 14 15 24 48 27 40 25 26 10 12 44 30 1 8 
student 222: 43 37 5 12 8 25 3 50 17 2 44 14 16 39 32 38 4 47 24 7 33 36 19 30 35 27 22 34 41 45 40 21 48 11 23 31 15 13 20 49 26 42 18 28 10 9 46 29 1 6 
student 223: 50 38 9 12 8 20 3 49 13 4 40 17 11 34 36 39 7 45 24 2 27 37 22 41 32 35 16 26 43 48 31 18 47 14 21 29 19 15 25 44 28 42 23 33 6 10 46 30 1 5 
student 224: 40 36 9 11 5 21 6 47 7 3 43 30 12 29 38 37 1 49 23 4 32 35 13 34 41 33 10 31 42 46 39 19 44 18 20 26 16 14 22 48 27 45 25 24 17 8 50 28 2 15 
student 225: 39 40 8 6 10 23 7 46 11 1 42 9 15 35 31 38 2 48 25 3 28 37 20 36 34 33 19 30 41 47 50 21 44 18 27 29 17 16 22 49 24 45 14 26 12 13 43 32 4 5 
student 226: 44 38 7 20 2 25 5 49 11 3 41 21 8 32 31 46 6 48 24 4 29 39 19 36 35 34 22 33 40 47 37 16 43 13 23 28 15 17 26 50 18 42 14 27 9 12 45 30 1 10 
student 227: 39 40 11 13 1 27 2 49 14 10 41 9 18 30 37 42 3 47 17 12 34 35 23 33 38 32 6 28 44 45 36 15 43 19 26 29 22 16 20 50 24 48 21 25 5 8 46 31 7 4 
student 228: 44 36 5 11 10 23 2 48 14 4 38 15 16 32 31 41 1 49 20 6 27 40 21 35 34 33 17 30 42 45 37 18 47 13 22 29 19 9 26 50 39 43 28 24 7 12 46 25 3 8 
student 229: 41 43 11 16 9 22 7 48 15 3 37 18 10 33 32 42 5 46 19 4 30 39 21 31 36 35 13 27 40 45 38 17 47 14 23 26 20 8 24 49 25 50 28 29 6 12 44 34 2 1 
student 230: 43 39 6 10 13 24 2 49 14 1 40 16 12 35 32 44 3 42 25 8 31 37 19 33 29 34 18 36 48 45 38 11 50 20 23 21 22 15 17 47 30 41 26 27 9 7 46 28 5 4 
student 231: 44 32 3 13 6 27 1 50 2 7 38 12 15 36 28 42 4 49 23 8 34 40 22 41 35 37 20 29 39 43 33 18 47 17 19 30 14 16 21 48 25 45 26 24 11 9 46 31 5 10 
student 232: 49 39 8 10 4 20 2 46 11 3 41 7 15 31 33 37 5 47 24 1 30 36 19 35 32 38 22 21 42 48 40 17 44 13 23 28 18 12 25 50 29 45 27 26 9 16 43 34 6 14 
student 233: 38 32 5 11 7 21 1 49 13 3 39 17 15 31 35 42 4 50 25 6 30 41 24 34 37 36 22 33 45 48 40 20 47 12 14 18 19 8 23 44 27 43 26 29 9 16 46 28 2 10 
student 234: 35 41 2 9 6 19 4 49 13 3 40 33 12 38 39 43 5 45 26 11 29 36 21 32 28 31 20 34 44 47 30 17 48 14 18 24 16 15 22 50 37 46 23 25 10 7 42 27 1 8 
student 235: 43 39 5 7 9 22 3 47 11 2 41 18 10 37 33 40 4 49 19 8 32 38 25 34 36 29 20 31 42 48 35 15 46 12 21 30 16 17 24 50 27 44 23 26 14 6 45 28 1 13 
student 236: 43 34 6 8 3 18 15 49 7 2 37 13 14 41 31 36 5 48 24 9 28 39 22 38 35 33 20 30 42 47 40 17 45 16 21 29 19 12 25 50 27 46 26 23 4 11 44 32 1 10 
student 237: 46 41 6 10 4 24 2 50 13 1 43 17 15 34 23 42 5 45 20 9 31 40 19 38 36 35 11 28 37 48 32 16 39 14 27 30 22 21 29 49 18 47 25 26 8 12 44 33 3 7 
student 238: 43 39 3 8 10 24 7 50 11 1 40 9 13 27 31 41 2 47 18 4 33 38 15 36 35 37 23 32 42 44 34 16 49 12 20 26 21 17 22 45 29 46 25 28 14 19 48 30 5 6 
student 239: 39 40 6 12 4 16 1 45 9 2 41 14 18 42 36 38 5 44 29 8 33 28 23 37 31 30 17 32 43 49 35 19 48 15 20 26 22 13 21 50 27 47 24 25 10 11 46 34 3 7 
student 240: 44 39 10 11 7 29 4 46 9 1 43 14 13 33 31 35 2 47 21 3 32 38 17 40 28 37 16 34 36 49 42 18 50 19 25 26 20 15 22 41 27 48 24 23 12 8 45 30 5 6 
student 241: 43 37 8 9 7 20 5 49 14 6 42 23 16 33 32 45 1 47 27 4 34 21 19 39 36 41 18 24 40 46 35 22 48 15 25 11 17 10 26 50 31 44 30 28 13 12 38 29 2 3 
student 242: 40 41 3 12 11 20 4 48 26 9 39 15 10 37 30 42 2 46 28 1 31 33 19 36 29 25 24 32 45 44 38 17 49 16 27 22 14 13 18 50 35 47 21 34 5 7 43 23 8 6 
student 243: 49 37 12 5 9 18 7 47 13 2 39 14 11 31 29 43 3 40 22 4 27 33 23 32 42 35 21 30 41 45 38 20 50 17 19 25 16 15 34 46 24 44 26 28 10 6 48 36 1 8 
student 244: 50 38 3 4 7 20 8 42 15 1 40 14 12 37 34 41 2 48 27 5 31 36 16 35 32 39 18 30 43 44 33 17 45 19 24 28 26 13 21 49 25 46 22 23 11 10 47 29 6 9 
student 245: 43 42 6 12 4 19 2 49 11 3 40 14 13 31 37 38 1 48 28 9 32 41 21 34 35 36 18 30 44 50 33 22 47 16 20 29 17 15 25 45 23 46 26 27 10 8 39 24 7 5 
student 246: 42 37 3 7 6 26 8 50 13 5 39 16 14 35 36 38 2 44 24 4 33 43 17 32 31 30 21 29 45 46 40 19 47 11 20 25 15 18 22 48 27 41 28 23 10 12 49 34 1 9 
student 247: 41 37 6 18 8 21 4 45 13 1 44 9 11 32 33 42 5 48 25 2 28 38 15 36 40 35 14 24 39 47 34 22 49 19 26 29 16 20 17 50 27 43 30 23 7 12 46 31 3 10 
student 248: 45 42 14 6 7 18 2 46 10 3 37 11 12 35 33 40 1 48 22 5 27 28 21 41 39 32 19 36 47 44 34 16 49 17 23 24 20 15 25 50 26 38 30 29 13 9 43 31 4 8 
student 249: 41 37 2 10 9 21 5 48 8 4 42 14 17 32 30 39 1 49 26 7 29 36 12 33 31 35 18 38 43 47 40 19 45 16 23 22 20 15 27 50 24 46 25 34 3 13 44 28 6 11 
student 250: 43 40 6 13 7 23 5 49 11 1 44 14 12 30 31 39 4 47 22 2 35 41 20 25 34 32 19 37 38 46 36 17 48 18 21 29 15 16 24 50 28 42 26 27 10 9 45 33 3 8 
student 251: 41 43 6 10 7 28 5 49 15 2 42 12 9 24 34 39 3 44 25 4 38 37 19 36 32 31 18 30 40 46 35 22 48 13 26 33 20 17 16 50 27 45 21 23 8 11 47 29 1 14 
student 252: 44 39 4 7 6 27 5 49 12 3 41 15 10 37 34 45 1 47 24 2 32 28 18 38 33 35 23 29 43 48 36 14 50 20 21 31 16 11 30 42 22 40 26 19 8 17 46 25 13 9 
student 253: 43 38 6 12 4 17 3 48 16 1 42 14 13 34 30 45 5 41 28 9 27 36 20 32 37 33 21 35 44 40 39 22 50 10 26 29 19 15 23 47 25 46 18 24 7 8 49 31 2 11 
student 254: 45 37 3 14 6 28 11 50 16 1 39 12 10 32 34 41 4 48 31 5 30 35 24 33 42 38 22 29 44 43 36 18 46 15 19 25 17 23 13 49 21 47 26 20 7 9 40 27 2 8 
student 255: 44 39 2 12 5 28 1 49 11 4 40 14 13 35 38 42 6 45 22 7 36 30 18 34 33 32 17 29 41 48 37 16 47 19 26 25 21 15 24 50 27 43 20 23 9 10 46 31 3 8 
student 256: 45 36 6 11 4 20 8 49 12 1 34 18 17 29 33 42 5 46 27 3 31 40 24 35 39 32 16 38 37 41 43 15 47 10 25 26 19 13 22 50 28 44 21 23 9 14 48 30 2 7 
student 257: 48 32 4 11 3 22 9 49 15 1 41 16 13 33 28 39 7 44 21 5 36 38 18 40 35 34 17 31 43 46 37 14 42 20 29 27 19 6 25 50 26 45 23 24 12 10 47 30 2 8 
student 258: 41 37 5 10 7 25 6 50 20 1 45 14 12 36 34 43 4 48 26 3 30 40 18 35 42 33 23 29 38 46 31 15 47 16 17 32 11 22 24 49 27 39 19 21 8 13 44 28 2 9 
student 259: 44 38 11 9 4 21 3 50 14 8 36 12 15 30 29 43 5 48 20 2 28 35 24 40 34 33 23 37 41 45 46 22 47 18 19 27 17 13 26 49 31 39 25 16 10 6 42 32 1 7 
student 260: 47 32 4 8 5 19 3 49 13 1 40 14 15 31 38 43 6 45 24 9 34 41 25 30 37 36 20 33 44 35 39 18 46 10 23 28 17 16 22 50 27 42 26 21 7 12 48 29 2 11 
student 261: 43 39 3 13 2 18 8 48 10 4 45 20 12 33 32 37 6 47 23 5 31 38 19 36 34 35 21 30 42 50 40 14 44 11 22 26 15 17 25 49 28 41 24 27 7 16 46 29 1 9 
student 262: 41 38 2 12 11 16 7 47 10 1 37 13 18 30 40 39 6 42 27 4 33 44 22 32 34 36 15 31 43 49 35 21 46 19 26 25 17 14 28 50 29 45 23 20 8 9 48 24 3 5 
student 263: 46 41 3 14 10 25 6 47 9 1 44 11 20 32 37 42 2 49 26 5 29 38 22 33 35 34 18 28 48 50 36 13 40 15 19 31 17 16 21 45 30 43 23 24 8 12 39 27 4 7 
student 264: 42 37 1 13 5 29 10 50 11 2 40 18 12 34 33 41 4 47 22 6 28 39 17 30 35 36 19 27 48 44 38 15 46 16 24 25 14 20 23 49 26 43 21 31 8 9 45 32 3 7 
student 265: 44 41 8 13 11 17 3 49 10 12 43 19 18 30 33 38 4 48 24 5 31 37 9 36 34 35 23 29 42 46 39 21 47 20 27 28 25 14 15 50 22 40 26 32 2 6 45 16 1 7 
student 266: 44 43 4 10 6 22 3 50 15 1 39 16 13 34 26 35 2 47 30 9 29 36 20 27 37 31 18 33 42 46 41 19 49 14 23 32 12 17 21 48 40 38 25 28 8 11 45 24 5 7 
student 267: 34 41 5 9 2 20 10 50 18 3 40 12 13 35 31 48 1 49 22 6 30 36 19 39 42 33 24 23 38 45 37 15 46 16 25 26 17 14 21 47 29 44 27 28 8 11 43 32 4 7 
student 268: 48 38 8 9 2 21 4 50 7 1 41 13 16 34 33 39 5 49 26 6 32 36 22 44 46 35 19 27 42 45 30 18 47 17 24 29 11 15 23 43 25 40 20 28 12 14 37 31 3 10 
student 269: 39 37 1 13 6 18 4 48 9 2 47 16 10 38 34 36 12 50 22 7 31 30 20 40 32 33 19 29 43 44 41 17 46 15 25 28 24 14 23 45 26 49 21 27 8 3 42 35 5 11 
student 270: 44 36 6 15 11 22 1 48 16 4 39 12 13 32 34 41 3 50 20 8 33 38 19 28 35 40 18 30 46 43 37 14 47 21 24 23 17 10 29 49 31 42 27 25 7 9 45 26 5 2 
student 271: 39 43 4 10 9 17 7 47 8 1 40 15 11 32 30 37 6 46 23 12 33 36 19 34 41 35 22 27 48 44 38 14 50 18 25 29 20 16 21 49 28 42 26 24 13 5 45 31 2 3 
student 272: 44 41 14 15 5 17 3 48 7 6 39 8 12 35 36 43 1 47 24 9 33 38 22 28 34 32 16 31 37 46 40 19 50 13 21 29 20 18 25 49 30 42 23 26 10 11 45 27 2 4 
student 273: 44 40 5 20 11 19 8 48 16 1 41 12 15 35 31 43 4 47 25 2 30 36 22 38 33 34 18 32 39 45 37 13 46 14 23 28 17 7 21 50 26 42 29 24 6 10 49 27 3 9 
student 274: 47 36 4 8 5 16 7 48 19 1 41 10 14 32 37 43 2 44 20 9 33 34 15 39 26 35 18 29 40 49 31 17 46 21 24 27 22 12 23 50 28 42 38 25 11 13 45 30 3 6 
student 275: 50 42 5 11 6 21 4 49 9 1 36 13 12 33 35 43 2 45 25 8 29 34 18 30 32 40 23 38 44 48 41 19 37 15 20 22 16 14 27 47 31 39 24 26 10 17 46 28 3 7 
student 276: 44 40 1 14 3 20 5 48 15 6 43 13 11 29 33 39 7 49 22 9 27 34 23 36 31 37 28 24 42 46 38 17 50 16 19 35 18 12 30 47 32 41 25 21 10 8 45 26 2 4 
student 277: 46 40 5 12 10 19 6 43 9 4 37 11 13 35 31 50 1 42 25 8 20 34 16 39 36 30 32 29 41 48 38 17 45 21 22 33 18 15 23 49 26 44 27 24 7 14 47 28 2 3 
student 278: 43 40 2 7 13 22 5 46 18 1 35 15 14 39 34 44 3 42 26 6 32 29 19 45 37 27 20 33 41 50 38 16 49 9 23 31 17 11 21 47 25 48 28 24 8 10 36 30 4 12 
student 279: 44 37 5 13 11 20 2 46 8 1 41 15 10 31 34 39 4 49 16 12 32 35 23 38 40 26 18 29 43 47 33 21 45 19 22 24 14 17 28 50 25 42 27 36 6 9 48 30 3 7 
student 280: 41 46 5 12 10 22 2 44 13 6 39 15 9 38 34 36 1 50 24 11 30 40 16 37 31 28 17 33 48 42 27 20 47 18 23 32 19 14 25 49 35 43 29 21 7 8 45 26 3 4 
student 281: 46 40 5 11 6 21 2 49 14 1 44 12 7 36 35 29 4 48 27 10 34 39 20 38 33 37 19 32 42 45 30 15 47 18 22 24 16 17 23 50 31 41 26 28 13 8 43 25 3 9 
student 282: 43 40 6 10 4 18 5 49 7 1 35 9 12 29 32 45 3 50 22 11 25 34 24 39 36 33 21 31 41 42 38 16 48 15 28 30 19 14 20 47 23 44 37 26 17 13 46 27 2 8 
student 283: 49 42 5 11 3 23 4 46 17 2 37 15 13 33 30 47 6 45 20 8 31 38 21 34 36 35 14 32 40 41 39 16 48 10 19 26 25 18 24 50 27 43 22 29 12 9 44 28 1 7 
student 284: 41 43 1 11 8 19 7 47 13 4 36 16 15 33 30 39 3 50 26 10 34 37 20 45 35 31 18 29 38 46 40 5 49 21 22 27 14 17 23 48 32 44 25 24 6 12 42 28 2 9 
student 285: 47 39 7 12 6 22 5 50 14 3 42 13 11 35 27 43 1 49 21 9 31 38 20 37 33 29 19 32 41 44 34 18 45 17 23 28 15 16 24 46 36 40 25 26 10 8 48 30 2 4 
student 286: 45 32 6 10 7 22 2 49 11 1 39 12 20 42 34 40 3 48 25 5 31 35 21 38 37 29 14 28 43 41 36 13 44 19 24 30 16 18 26 50 27 46 15 23 17 9 47 33 4 8 
student 287: 49 41 6 11 9 19 8 48 15 3 38 12 14 34 33 42 2 45 21 4 35 39 24 32 36 29 17 31 40 46 37 13 43 20 23 28 16 18 22 50 30 44 25 26 10 7 47 27 1 5 
student 288: 41 34 5 11 7 19 1 46 13 4 39 15 12 36 32 43 2 49 20 9 33 31 21 40 35 37 23 29 44 47 38 16 42 17 24 22 18 14 26 50 27 48 25 28 6 8 45 30 3 10 
student 289: 46 37 9 6 10 22 4 50 13 2 47 14 15 36 33 39 8 41 30 1 31 43 21 32 35 34 20 29 42 44 38 16 49 12 24 19 18 17 26 48 25 45 23 27 11 5 40 28 3 7 
student 290: 43 41 7 10 2 19 6 48 15 4 39 16 14 32 33 40 1 49 20 3 34 42 22 38 37 30 21 31 35 46 36 13 47 17 29 23 12 18 24 50 27 44 25 28 9 11 45 26 5 8 
student 291: 45 37 7 10 4 19 3 48 12 1 47 15 14 30 34 40 6 49 25 5 38 39 18 27 36 32 24 33 42 46 35 13 50 16 20 29 21 23 22 44 28 43 17 26 11 9 41 31 2 8 
student 292: 46 40 5 9 3 22 7 49 23 6 45 10 16 35 33 41 2 43 25 8 28 38 20 36 37 34 14 31 39 48 32 15 42 19 29 27 17 1 21 50 30 44 26 18 11 13 47 24 4 12 
student 293: 41 40 6 11 9 24 1 49 7 3 39 19 15 31 33 45 2 47 28 5 35 43 13 38 32 34 18 29 42 46 36 16 48 17 21 26 20 14 22 50 27 37 23 25 8 10 44 30 4 12 
student 294: 41 42 4 13 8 21 7 49 11 1 38 19 16 35 32 40 3 50 28 6 36 33 23 25 30 37 17 24 46 45 39 18 47 15 20 22 14 9 31 48 34 44 27 29 10 12 43 26 2 5 
student 295: 44 40 10 6 8 21 1 48 13 2 37 15 14 36 39 38 4 47 23 9 32 41 12 34 33 30 22 31 42 50 35 16 46 17 24 28 19 20 25 49 27 45 18 26 7 11 43 29 5 3 
student 296: 46 43 12 16 11 24 1 50 8 3 37 13 10 31 32 38 4 49 25 2 30 41 19 35 36 33 18 26 40 44 42 17 48 14 22 27 20 15 21 47 29 45 23 28 6 9 39 34 5 7 
student 297: 45 43 7 8 5 20 1 46 10 4 41 13 17 32 29 39 3 49 23 6 35 37 19 36 34 33 18 30 40 50 38 14 47 15 22 25 21 12 26 48 24 44 28 27 11 16 42 31 2 9 
student 298: 41 34 6 8 5 21 4 48 13 3 35 12 15 30 33 44 1 47 23 14 36 38 20 32 39 37 18 29 43 49 40 10 50 16 22 27 19 17 24 45 28 46 25 26 7 11 42 31 2 9 
student 299: 47 36 5 13 9 24 3 49 6 2 39 17 12 27 35 44 1 46 25 4 33 42 21 38 32 31 18 34 37 45 41 19 48 16 29 28 14 15 23 50 26 43 22 20 11 10 40 30 7 8 
student 300: 44 41 4 9 8 17 5 47 13 2 39 18 15 32 30 42 1 46 19 6 27 40 24 37 33 38 16 31 34 50 36 12 49 23 20 22 21 11 25 48 35 43 26 29 10 14 45 28 3 7 
student 301: 47 37 10 1 7 21 9 43 15 2 40 12 5 34 28 41 4 50 24 8 29 36 16 38 30 33 19 35 42 44 39 17 46 13 22 27 20 18 23 49 31 45 25 26 11 6 48 32 3 14 
student 302: 45 42 8 14 5 20 3 43 12 1 40 16 15 37 32 39 4 49 23 6 31 38 19 30 35 34 18 29 44 47 36 21 48 17 22 26 9 13 25 50 33 41 24 27 11 10 46 28 2 7 
student 303: 43 41 12 2 14 13 5 42 6 1 35 16 15 32 34 46 4 49 19 7 31 37 10 39 38 33 18 28 45 50 36 20 40 17 23 29 22 26 21 47 25 44 27 24 11 8 48 30 3 9 
student 304: 44 36 2 8 10 23 9 49 12 4 39 15 11 27 33 47 3 50 20 6 34 35 21 31 40 37 16 32 48 41 42 17 45 14 18 25 30 19 29 43 26 38 22 24 13 5 46 28 1 7 
student 305: 41 39 5 11 3 24 2 49 12 1 36 14 13 33 31 47 4 46 22 8 26 34 17 38 37 35 19 32 42 44 40 16 48 21 20 25 18 15 23 50 28 43 30 27 9 10 45 29 6 7 
student 306: 42 32 3 10 5 17 7 50 9 2 46 16 11 37 33 40 4 49 28 8 30 35 25 39 36 34 23 26 38 45 41 18 44 15 22 29 19 14 20 48 24 43 21 27 13 6 47 31 1 12 
student 307: 40 43 8 13 12 18 6 46 10 2 41 14 11 34 28 38 1 47 23 5 29 39 21 37 35 31 22 33 44 48 36 17 49 15 19 32 20 25 30 50 27 42 26 16 7 9 45 24 3 4 
student 308: 41 38 7 14 5 20 6 48 13 1 43 9 11 36 31 40 2 49 27 3 30 29 24 37 33 39 22 32 47 50 35 18 45 16 26 25 19 17 15 44 28 46 23 21 10 8 42 34 4 12 
student 309: 40 36 1 11 5 22 3 48 12 2 43 10 20 33 35 39 6 49 23 8 32 30 25 42 38 34 18 31 44 45 37 14 46 17 19 21 24 15 16 50 29 47 27 26 13 9 41 28 4 7 
student 310: 45 41 6 12 7 14 4 48 11 1 40 21 17 30 34 42 3 46 25 5 33 38 24 35 36 32 16 26 37 47 39 19 50 15 20 22 18 9 23 49 29 44 27 28 8 10 43 31 2 13 
student 311: 44 41 3 12 8 19 2 49 13 1 38 5 14 32 36 39 9 45 18 4 30 35 27 33 31 40 24 34 48 47 37 16 50 17 20 29 21 15 26 46 25 42 22 28 6 10 43 23 7 11 
student 312: 46 38 5 11 6 28 7 45 15 3 40 13 12 36 34 41 1 50 21 2 35 37 16 31 33 32 23 30 43 48 39 19 47 14 20 29 18 17 24 49 25 42 22 27 10 8 44 26 4 9 
student 313: 48 43 8 11 3 24 7 46 12 1 40 13 22 31 35 41 6 42 34 5 28 33 21 32 38 36 18 30 37 44 39 14 49 17 26 23 15 16 19 47 20 45 29 25 10 4 50 27 2 9 
student 314: 40 38 7 10 8 23 2 44 9 3 46 14 12 29 32 39 1 49 27 4 36 37 19 41 35 34 20 30 43 48 33 18 47 11 24 22 17 15 21 50 31 42 28 25 6 16 45 26 5 13 
student 315: 39 44 6 12 9 24 2 40 13 3 38 20 14 29 26 46 1 49 28 8 33 42 16 36 34 35 23 32 41 45 37 19 50 15 18 30 17 7 21 47 27 48 22 31 10 5 43 25 4 11 
student 316: 45 37 9 12 6 20 3 47 11 2 39 8 19 33 27 42 4 44 22 5 26 36 18 40 38 35 16 32 43 49 34 14 48 21 23 28 17 15 24 50 29 41 30 25 7 13 46 31 1 10 
student 317: 43 41 7 12 3 26 5 49 11 1 36 17 16 37 30 39 2 46 23 6 33 42 24 28 34 35 22 31 38 48 40 19 47 8 18 27 15 13 20 50 21 44 25 32 10 14 45 29 4 9 
student 318: 38 36 5 7 2 25 6 49 12 1 37 19 8 27 35 41 4 48 22 10 33 39 17 40 34 29 18 28 42 44 43 20 45 13 21 31 16 14 24 50 30 47 23 26 9 11 46 32 3 15 
student 319: 45 37 5 17 11 20 3 50 15 2 38 13 12 42 34 43 8 49 25 4 31 35 18 33 36 32 21 30 41 47 39 16 48 14 24 29 19 10 22 46 23 40 26 27 6 7 44 28 1 9 
student 320: 43 37 3 9 5 19 4 49 10 2 40 18 14 26 34 42 6 50 24 7 33 32 22 31 39 38 20 41 44 46 35 16 45 17 21 28 15 12 25 48 29 47 23 27 13 11 36 30 1 8 
student 321: 41 37 6 11 10 20 3 49 18 2 42 14 12 32 39 43 1 46 23 7 33 36 9 30 35 34 17 29 47 45 38 19 48 16 25 27 22 15 24 50 31 40 26 21 8 13 44 28 5 4 
student 322: 48 40 10 14 11 19 3 50 13 1 39 12 8 31 30 43 2 42 24 9 35 37 16 33 36 34 22 29 41 44 38 18 47 15 23 28 20 17 21 49 25 45 32 27 5 7 46 26 4 6 
student 323: 47 44 5 17 8 24 4 48 11 3 41 13 6 38 23 39 2 43 19 7 33 37 30 35 29 31 21 28 42 49 36 26 45 14 18 22 15 20 25 50 27 40 16 34 12 10 46 32 1 9 
student 324: 45 42 7 8 11 27 3 50 20 1 36 25 21 35 30 41 6 49 17 5 32 37 19 33 28 38 16 31 46 43 39 13 47 10 15 24 22 14 18 48 29 44 23 26 12 4 40 34 2 9 
student 325: 46 38 1 18 6 24 3 47 11 5 41 16 12 31 35 45 7 50 22 4 29 36 19 37 34 39 20 33 42 44 32 13 49 15 21 25 17 10 23 48 28 43 26 27 14 9 40 30 2 8 
student 326: 35 38 5 13 6 19 3 47 11 1 44 15 12 32 28 37 4 49 23 8 30 24 27 41 40 31 21 36 39 46 42 20 45 16 22 29 14 17 25 50 34 43 33 26 10 7 48 18 2 9 
student 327: 41 40 5 9 8 18 3 47 15 1 37 12 11 36 34 49 4 48 21 7 28 33 26 43 38 35 22 29 46 45 32 19 42 14 20 27 17 16 23 50 25 39 24 30 10 13 44 31 2 6 
student 328: 44 40 4 12 7 21 6 50 9 1 47 16 13 31 39 37 2 49 24 5 34 33 18 28 38 35 17 30 42 46 36 19 43 15 23 26 22 14 32 45 27 41 20 25 11 10 48 29 3 8 
student 329: 45 42 7 12 8 28 2 49 19 4 38 11 13 34 35 40 3 48 20 6 29 43 16 39 31 33 21 32 46 41 37 23 44 15 18 26 17 14 25 50 27 36 30 22 9 10 47 24 1 5 
student 330: 42 45 4 11 7 16 1 49 15 3 39 14 10 32 30 44 8 46 25 5 27 38 18 33 29 37 22 34 41 48 35 17 43 12 24 26 21 20 19 50 31 40 28 23 6 9 47 36 2 13 
student 331: 38 39 6 13 4 21 5 40 8 1 46 26 14 36 31 47 3 50 22 7 30 41 16 42 33 34 17 32 35 44 37 18 45 9 23 28 20 19 24 48 15 43 27 25 11 12 49 29 2 10 
student 332: 46 37 5 9 4 22 7 47 13 1 40 10 12 36 31 39 3 48 20 6 29 34 27 41 32 33 21 26 43 50 38 16 42 18 17 24 19 15 25 49 28 44 30 23 11 14 45 35 2 8 
student 333: 46 40 6 12 4 20 3 50 11 2 41 14 13 31 29 45 1 47 24 7 32 43 23 37 38 34 22 30 33 48 36 19 44 15 18 25 16 17 21 49 28 42 27 35 8 10 39 26 5 9 
student 334: 47 43 15 11 6 19 4 48 18 2 39 14 8 34 35 41 1 46 22 9 31 37 24 32 38 33 17 30 36 42 40 16 49 13 21 28 20 12 26 50 25 44 27 23 10 7 45 29 3 5 
student 335: 39 34 4 8 3 15 6 49 11 10 43 17 12 33 32 42 2 47 23 5 31 38 20 37 41 35 21 30 40 45 36 19 44 16 27 29 18 14 25 46 26 50 22 24 9 13 48 28 1 7 
student 336: 43 39 4 11 6 16 7 48 10 2 33 17 12 35 34 46 5 49 25 3 32 37 22 38 29 36 21 30 40 45 41 15 47 19 20 31 14 18 23 50 24 42 28 26 8 9 44 27 1 13 
student 337: 43 39 8 18 10 19 3 49 17 2 40 11 12 37 29 41 4 48 23 6 32 45 25 36 35 34 20 31 33 47 38 15 46 14 22 26 21 13 16 50 30 42 24 27 5 7 44 28 1 9 
student 338: 39 37 4 8 1 19 7 50 13 2 38 17 18 32 33 40 3 48 23 5 31 35 20 46 41 34 9 30 43 45 36 14 47 16 25 28 21 10 22 49 29 42 26 27 12 11 44 24 6 15 
student 339: 47 40 11 10 6 18 2 46 9 5 41 13 15 34 29 44 3 43 26 4 33 31 17 37 36 38 21 28 45 42 39 16 49 14 25 30 20 19 23 48 24 35 27 22 7 12 50 32 1 8 
student 340: 46 40 4 12 6 23 5 39 19 3 42 14 2 30 33 44 7 47 17 8 27 31 25 41 37 35 15 32 38 50 36 16 45 10 21 24 20 13 22 48 29 43 26 28 11 18 49 34 1 9 
student 341: 32 40 6 20 14 26 4 48 15 1 41 8 12 29 25 44 2 49 21 11 33 35 17 38 36 37 24 31 42 45 39 16 47 5 22 28 18 9 27 50 34 43 19 23 10 13 46 30 3 7 
student 342: 41 39 7 5 4 23 2 47 12 1 40 13 14 33 37 35 3 45 26 10 30 31 21 34 48 36 19 29 46 44 38 18 43 16 22 28 20 15 24 50 27 42 25 17 11 9 49 32 8 6 
student 343: 43 41 9 14 6 18 3 48 15 1 44 10 19 29 34 42 5 46 27 4 30 38 17 36 37 33 22 31 40 49 39 11 35 13 21 23 20 16 24 50 25 45 26 28 12 8 47 32 2 7 
student 344: 44 34 3 14 9 17 5 49 19 2 39 20 8 33 31 40 4 48 22 11 30 38 16 37 36 32 24 26 41 46 42 15 50 12 23 28 13 18 27 47 25 43 29 21 7 10 45 35 1 6 
student 345: 43 44 2 5 3 18 9 50 17 1 42 8 12 27 34 41 7 49 24 10 35 32 22 39 36 28 20 33 40 47 38 15 46 14 25 31 19 16 23 37 30 45 26 29 13 6 48 21 11 4 
student 346: 42 35 4 9 11 19 2 49 12 3 46 15 14 36 33 40 1 48 22 5 32 34 21 37 39 30 16 31 41 45 38 18 47 17 23 29 26 13 24 50 27 43 25 20 8 10 44 28 6 7 
student 347: 44 37 3 11 4 23 7 42 17 1 41 13 12 32 36 43 6 48 22 10 30 35 21 33 31 38 20 34 40 50 39 15 47 14 27 24 19 18 16 49 29 45 26 25 8 9 46 28 2 5 
student 348: 50 43 4 11 7 26 3 44 13 1 38 15 10 33 32 39 2 49 20 6 31 35 17 34 37 40 21 30 46 47 36 18 42 14 27 22 19 16 23 48 25 45 28 24 9 12 41 29 5 8 
student 349: 37 41 4 16 8 21 5 50 15 1 44 12 11 35 29 36 2 42 22 6 30 40 18 38 34 31 25 33 46 48 39 20 49 17 19 27 14 13 23 43 28 45 24 26 10 7 47 32 3 9 
student 350: 45 44 8 5 7 22 3 46 12 1 38 9 20 28 33 43 2 36 19 6 42 35 23 37 34 30 27 32 49 48 41 15 50 13 24 31 17 11 21 47 26 40 29 18 16 14 39 25 4 10 
student 351: 37 44 15 13 5 24 4 49 14 1 39 7 6 40 31 46 12 47 25 3 30 35 20 38 33 27 19 34 36 42 41 18 43 11 22 23 17 10 21 48 32 45 29 26 9 16 50 28 2 8 
student 352: 34 41 4 14 9 22 5 50 10 1 40 17 16 31 33 47 3 46 19 13 27 35 20 39 36 32 15 37 43 44 38 18 48 12 24 28 25 6 21 42 29 45 26 23 7 11 49 30 2 8 
student 353: 42 40 10 14 4 17 2 48 18 1 43 13 23 31 35 44 3 47 22 5 36 33 25 39 34 32 24 30 37 45 38 16 50 15 20 28 12 9 19 49 26 41 21 27 7 11 46 29 8 6 
student 354: 42 43 2 11 7 26 6 47 13 1 40 12 24 34 31 41 5 45 22 4 35 38 18 29 32 36 21 33 48 44 37 16 49 14 23 27 17 15 19 50 30 39 25 28 9 10 46 20 3 8 
student 355: 42 37 4 23 7 24 3 50 11 1 38 13 12 29 33 41 6 46 25 9 30 36 21 39 35 31 17 20 43 44 40 18 45 16 14 28 22 15 19 47 27 48 32 26 8 10 49 34 2 5 
student 356: 42 40 2 10 8 20 4 49 12 5 39 13 15 33 26 45 3 41 25 6 32 36 16 38 34 35 18 31 48 47 46 19 44 14 23 30 21 17 22 50 27 43 28 24 7 9 37 29 1 11 
student 357: 44 42 7 13 6 21 2 48 8 3 39 9 16 34 33 45 1 49 22 5 29 38 19 36 31 35 18 32 41 43 37 17 46 15 25 28 20 12 23 50 26 40 27 24 11 10 47 30 4 14 
student 358: 42 37 3 22 9 24 2 46 13 4 39 12 11 35 33 43 6 49 19 7 30 47 20 38 34 32 26 31 40 45 36 17 48 15 18 29 16 14 23 50 28 41 21 25 8 10 44 27 1 5 
student 359: 42 36 10 9 4 17 3 46 14 5 34 22 12 37 33 44 1 48 27 7 26 35 16 39 28 38 21 31 43 47 40 19 45 15 23 25 13 20 18 49 32 50 24 29 11 6 41 30 2 8 
student 360: 44 41 5 12 6 23 1 49 9 7 40 14 11 34 32 42 4 48 17 3 26 29 18 28 37 35 19 30 39 47 38 21 45 20 24 25 15 16 22 50 36 43 27 33 13 10 46 31 2 8 
student 361: 42 39 3 12 5 15 9 49 13 1 41 19 14 33 36 43 2 45 26 8 28 35 22 37 34 30 18 32 40 46 38 24 50 16 21 29 17 11 25 47 23 48 27 20 6 10 44 31 4 7 
student 362: 44 39 9 13 5 22 3 50 11 4 38 12 14 37 34 43 2 47 23 6 33 42 19 31 36 32 17 29 40 46 35 16 49 15 21 30 26 18 20 48 27 41 24 25 7 10 45 28 1 8 
student 363: 45 38 8 11 7 22 6 46 9 3 41 18 16 33 32 43 5 48 23 4 31 39 21 35 36 34 19 30 47 42 37 13 50 14 20 27 15 17 26 49 28 44 24 25 2 10 40 29 1 12 
student 364: 43 40 4 13 11 19 7 48 14 1 38 10 15 32 27 42 5 49 24 6 29 35 20 37 33 36 17 31 44 41 39 12 45 21 23 28 22 16 18 50 34 47 25 26 9 2 46 30 3 8 
student 365: 41 40 7 15 8 20 5 49 6 1 36 12 11 35 31 37 3 43 24 4 34 48 26 38 33 32 14 29 39 42 47 19 50 13 18 23 16 22 27 45 28 44 21 25 17 9 46 30 2 10 
student 366: 44 41 10 9 6 26 4 46 14 1 38 18 16 34 33 45 2 48 27 5 31 37 21 40 36 32 19 30 42 39 35 11 50 12 22 23 17 8 20 49 29 47 25 24 7 13 43 28 3 15 
student 367: 41 33 8 14 10 20 3 50 9 5 40 6 16 24 34 44 2 43 21 4 32 39 22 35 37 29 17 36 45 42 38 19 46 15 25 23 18 13 26 49 27 48 30 31 11 12 47 28 1 7 
student 368: 47 35 9 10 7 17 6 46 11 2 40 18 12 31 34 36 5 48 27 1 24 32 26 37 39 38 16 33 42 45 44 19 41 20 21 22 14 13 30 49 25 43 23 29 8 15 50 28 3 4 
student 369: 47 38 6 9 7 13 3 50 15 1 43 12 14 32 28 40 4 49 24 5 31 37 19 41 36 34 27 33 39 45 35 16 44 20 18 22 21 17 23 48 26 46 30 25 8 10 42 29 2 11 
student 370: 40 45 2 15 7 19 1 48 18 5 36 11 14 32 31 41 6 43 24 3 34 38 25 37 35 33 17 29 47 46 42 12 49 13 22 27 20 16 23 50 26 39 28 21 9 8 44 30 4 10 
student 371: 42 46 13 10 7 17 3 48 9 1 39 15 14 35 34 44 2 49 22 6 28 30 19 37 29 36 11 33 40 45 41 21 43 16 27 32 20 18 24 50 25 38 31 23 5 8 47 26 12 4 
student 372: 41 40 5 10 9 12 3 47 11 1 36 15 13 31 28 37 4 50 23 6 25 39 18 34 42 30 20 38 44 45 35 19 48 17 21 33 26 16 24 49 32 43 22 27 8 14 46 29 2 7 
student 373: 44 40 5 8 7 18 1 49 9 4 39 12 11 31 37 41 10 48 23 3 34 32 16 42 36 33 20 30 43 45 35 19 46 15 24 28 21 17 26 50 29 38 25 27 13 14 47 22 2 6 
student 374: 45 37 4 14 10 21 11 50 8 1 41 16 17 34 32 40 2 46 23 5 30 36 19 35 31 38 18 33 42 47 43 20 48 13 22 27 12 15 24 49 29 39 26 25 6 9 44 28 3 7 
student 375: 49 38 3 14 9 28 2 47 12 1 40 7 13 32 31 43 4 45 24 8 26 37 21 36 35 39 18 25 41 46 34 17 50 16 27 30 19 15 20 48 33 44 23 22 11 10 42 29 5 6 
student 376: 49 39 5 10 12 21 4 50 9 2 42 8 13 36 35 44 1 47 22 15 31 37 20 34 32 29 19 33 41 43 40 14 45 17 27 25 18 16 30 46 26 38 24 23 6 11 48 28 3 7 
student 377: 39 40 3 11 5 22 9 45 12 2 41 15 14 29 31 35 8 47 23 7 25 43 20 34 38 33 19 37 42 46 36 17 50 13 21 26 18 16 24 49 28 48 27 32 1 10 44 30 4 6 
student 378: 32 36 3 10 9 20 1 49 12 2 44 15 14 33 31 41 7 50 26 5 37 35 19 34 25 38 16 30 48 39 46 22 47 17 21 28 18 13 23 43 29 42 24 27 11 8 45 40 4 6 
student 379: 43 37 6 13 8 22 3 48 16 1 40 7 14 33 28 41 4 44 24 5 36 31 25 38 39 34 19 29 42 47 35 10 46 18 26 30 15 17 27 50 21 49 23 20 11 9 45 32 2 12 
student 380: 44 42 8 13 5 22 7 49 12 2 38 14 16 34 30 43 1 48 21 4 26 33 19 40 37 35 18 31 39 45 36 15 46 11 24 27 20 17 28 50 29 41 25 23 10 6 47 32 3 9 
student 381: 46 43 4 19 6 21 5 49 10 1 40 13 11 34 31 41 3 45 26 8 32 33 22 36 35 37 17 30 42 47 39 15 48 14 20 27 18 16 29 50 25 38 23 24 9 12 44 28 2 7 
student 382: 43 38 6 2 9 22 3 49 11 1 41 15 12 34 33 39 10 48 25 7 29 36 18 37 32 35 19 27 46 45 42 16 44 17 20 28 21 14 26 50 31 40 23 24 8 13 47 30 5 4 
student 383: 47 42 6 16 5 21 4 46 17 3 39 14 10 35 28 41 2 49 24 7 23 40 15 36 37 38 20 34 33 43 30 18 45 12 22 32 19 13 29 50 27 48 31 26 11 9 44 25 1 8 
student 384: 47 46 2 19 6 17 5 45 9 1 39 15 10 30 40 36 4 49 26 8 33 37 21 35 29 28 22 31 41 43 42 16 48 12 18 24 20 14 27 50 32 44 23 25 13 11 38 34 3 7 
student 385: 41 36 2 11 9 19 5 50 10 1 40 14 12 32 31 42 4 48 27 7 22 38 24 34 29 35 21 33 44 43 37 13 46 17 20 23 18 15 25 49 39 45 26 28 8 16 47 30 3 6 
student 386: 44 41 8 12 11 21 9 49 4 2 37 13 10 34 30 46 6 47 31 7 29 36 20 35 33 38 19 32 40 43 39 14 45 16 23 26 18 17 22 50 25 42 28 24 1 5 48 27 3 15 
student 387: 45 37 5 12 11 18 4 49 14 3 41 20 8 32 30 43 1 46 24 10 29 40 19 39 35 34 16 31 42 47 36 17 48 22 21 28 15 13 27 50 33 38 25 26 6 7 44 23 2 9 
student 388: 39 34 6 12 5 21 3 49 15 4 38 14 10 32 19 37 7 50 24 2 40 43 20 46 35 36 17 30 44 42 33 16 48 13 22 41 25 18 23 47 31 29 26 28 8 11 45 27 1 9 
student 389: 35 42 6 3 8 20 5 49 9 1 44 14 12 32 31 46 4 48 24 7 30 39 21 37 38 36 17 34 41 43 33 26 47 16 22 28 15 18 25 50 23 45 27 19 13 11 40 29 2 10 
student 390: 48 39 2 10 9 20 5 45 13 3 40 15 14 34 33 43 4 49 21 8 35 31 22 37 36 25 18 28 41 47 38 17 46 12 23 24 19 16 26 50 27 42 29 30 6 11 44 32 1 7 
student 391: 43 39 6 12 3 20 8 48 10 5 42 17 13 31 30 40 2 50 22 4 32 38 16 37 36 34 15 33 44 47 35 18 46 21 24 25 19 14 28 41 29 49 23 27 9 11 45 26 1 7 
student 392: 46 36 4 11 9 15 1 48 13 8 38 6 18 33 31 43 5 47 26 2 30 40 24 39 35 34 22 32 41 45 37 20 49 19 23 28 14 17 21 50 29 44 16 25 10 12 42 27 3 7 
student 393: 45 35 5 8 7 24 4 48 20 1 28 14 11 41 37 40 3 47 25 6 30 34 19 33 32 38 15 31 42 46 39 22 49 17 18 23 12 16 21 50 26 44 27 36 13 10 43 29 2 9 
student 394: 41 43 6 8 3 22 10 47 9 2 39 15 13 33 27 36 4 48 25 11 32 37 19 38 34 35 14 28 44 42 40 21 46 18 24 29 16 20 26 50 31 49 17 23 7 12 45 30 1 5 
student 395: 46 36 1 13 4 19 8 45 10 3 41 17 11 26 21 43 6 48 20 14 34 38 31 30 37 35 18 28 40 49 39 15 47 12 23 29 16 22 25 50 27 42 32 24 7 9 44 33 2 5 
student 396: 50 38 2 8 6 20 5 47 12 4 37 11 16 30 29 39 3 49 24 7 32 41 23 35 36 34 17 31 42 44 40 15 46 13 22 33 21 14 25 48 26 43 18 28 10 19 45 27 1 9 
student 397: 46 41 1 13 8 17 6 50 16 2 38 11 14 33 25 45 7 40 22 3 29 36 19 37 35 31 24 34 44 48 42 15 47 5 21 30 20 18 23 49 27 39 28 26 9 10 43 32 4 12 
student 398: 49 39 2 11 7 20 3 48 13 14 40 16 9 34 31 42 6 46 22 8 32 37 24 36 38 33 4 30 45 47 35 19 41 18 15 26 21 17 25 50 29 43 23 28 10 12 44 27 1 5 
student 399: 45 42 6 10 11 20 3 49 12 2 36 14 13 37 32 40 8 46 16 4 26 35 25 33 34 29 18 24 43 44 39 22 50 17 28 21 19 15 27 47 38 41 30 23 5 7 48 31 1 9 
student 400: 43 37 9 15 10 24 6 47 8 2 39 12 16 35 29 40 1 50 22 5 31 46 13 32 36 38 19 34 49 42 33 18 45 17 21 26 23 14 30 48 28 44 20 25 7 11 41 27 3 4 
student 401: 46 43 8 15 3 17 4 49 13 2 38 12 10 34 32 39 6 50 25 7 24 37 22 36 35 33 21 30 41 45 44 19 48 20 23 31 18 16 29 47 28 40 27 14 11 5 42 26 1 9 
student 402: 44 37 3 8 5 20 13 48 14 1 39 10 9 33 32 40 4 49 24 6 31 41 21 30 36 35 22 29 43 45 38 18 46 15 23 28 16 17 27 50 25 42 34 19 12 11 47 26 2 7 
student 403: 45 39 2 21 10 22 1 49 11 4 40 12 14 31 32 41 7 48 19 8 25 35 13 33 38 37 24 34 42 46 36 17 47 16 23 26 18 15 20 50 28 43 30 27 6 9 44 29 3 5 
student 404: 43 38 6 9 10 21 4 49 15 1 45 17 13 32 33 40 3 48 23 8 31 41 16 36 35 34 18 27 39 50 37 19 44 12 24 25 22 14 28 47 29 42 26 30 11 5 46 20 2 7 
student 405: 45 37 2 16 13 20 4 49 14 5 41 7 12 30 28 43 1 48 23 6 33 39 21 31 32 36 18 35 42 44 38 19 47 9 22 26 17 15 24 50 27 40 25 34 10 8 46 29 3 11 
student 406: 46 33 7 14 9 25 2 47 15 1 38 11 12 35 29 41 6 48 27 3 26 34 23 44 40 37 19 32 42 43 36 16 49 13 22 31 18 17 20 50 24 39 21 28 10 5 45 30 4 8 
student 407: 42 37 6 9 4 24 5 48 13 2 44 15 14 32 30 45 8 43 25 1 33 39 20 36 35 34 19 29 40 46 38 17 47 12 21 31 22 16 26 50 27 41 23 18 11 10 49 28 3 7 
student 408: 44 40 8 7 10 24 9 48 22 3 38 16 15 33 25 39 6 50 29 5 28 36 14 37 35 34 19 27 42 49 41 17 45 13 18 26 21 1 20 47 32 43 30 23 11 12 46 31 4 2 
student 409: 47 36 1 7 5 21 6 49 11 3 41 12 13 32 37 38 4 45 24 9 31 39 25 34 33 35 19 30 40 48 42 18 46 17 23 26 10 16 20 50 28 44 27 22 14 8 43 29 2 15 
student 410: 42 45 4 14 5 20 7 47 11 2 40 15 8 33 30 46 1 43 23 6 32 37 25 36 35 34 18 29 41 38 39 26 49 12 19 22 17 16 24 50 28 44 21 27 9 10 48 31 3 13 
student 411: 39 33 8 10 11 17 6 49 13 7 43 16 5 40 23 45 2 48 24 9 34 41 20 36 30 27 18 35 37 44 38 19 47 12 25 29 21 14 22 50 28 46 26 32 1 15 42 31 3 4 
student 412: 40 45 5 11 6 22 2 49 12 3 37 15 14 33 32 39 4 46 21 8 29 38 19 36 35 34 16 31 47 44 41 18 48 17 23 25 28 13 20 50 27 42 24 26 7 10 43 30 1 9 
student 413: 46 36 8 5 12 22 2 50 7 1 42 15 13 34 35 43 6 49 23 9 27 33 21 39 37 32 20 29 41 48 38 18 47 16 17 30 19 11 26 45 28 40 24 25 3 14 44 31 4 10 
student 414: 46 32 10 9 6 22 4 47 13 3 43 15 11 42 31 38 2 48 26 5 35 39 20 36 30 34 17 29 44 50 41 19 45 18 23 28 16 14 21 49 33 37 24 27 8 12 40 25 1 7 
student 415: 46 40 6 9 10 19 5 50 12 2 43 13 7 28 30 39 3 47 32 14 36 29 21 33 38 35 18 34 42 45 41 16 44 15 22 26 20 17 23 49 27 37 25 31 11 4 48 24 1 8 
student 416: 50 39 9 12 7 22 1 46 11 4 37 19 18 33 30 41 3 44 26 6 28 35 16 34 32 36 14 38 42 49 40 17 48 20 23 29 13 15 24 47 31 45 21 25 5 8 43 27 2 10 
student 417: 42 40 2 12 7 23 5 48 13 4 34 15 11 32 30 43 1 47 21 6 35 38 20 37 27 33 24 31 44 49 41 19 46 16 25 28 17 14 29 50 36 39 22 18 9 10 45 26 3 8 
student 418: 43 41 9 11 3 20 2 47 10 1 40 12 18 31 36 46 5 48 27 7 35 33 16 42 38 32 19 30 37 44 34 15 50 21 23 28 13 14 25 49 29 39 26 22 6 8 45 24 4 17 
student 419: 45 36 7 12 6 16 2 49 10 3 37 15 9 40 32 39 5 48 26 4 33 44 21 31 38 34 19 30 46 43 42 20 47 17 22 28 18 13 23 50 27 35 25 24 11 14 41 29 1 8 
student 420: 42 39 5 3 9 22 6 48 7 2 38 15 13 35 33 40 4 44 25 10 27 46 20 23 37 36 19 30 43 45 32 17 50 12 24 28 18 8 26 49 31 47 29 21 14 16 41 34 1 11 
student 421: 49 30 2 9 5 20 7 50 11 4 34 14 16 35 28 43 8 48 23 12 22 40 19 39 38 27 24 37 41 45 33 18 44 15 26 36 17 13 21 47 25 42 31 32 10 6 46 29 1 3 
student 422: 47 40 6 10 11 14 3 46 15 4 38 17 13 35 26 42 2 49 22 9 27 36 12 32 39 34 21 33 37 45 50 20 48 19 23 25 18 16 24 43 31 41 28 29 7 8 44 30 1 5 
student 423: 48 38 5 11 4 17 9 49 8 2 44 14 12 35 37 41 3 47 19 6 36 40 21 32 28 30 18 25 39 45 34 15 46 22 27 23 16 20 24 50 26 43 33 29 10 7 42 31 1 13 
student 424: 41 42 11 10 12 16 1 49 6 2 40 17 13 32 34 39 3 50 24 4 31 37 20 36 33 35 19 29 47 48 38 18 46 14 22 28 21 15 27 43 26 44 23 25 8 5 45 30 7 9 
student 425: 42 43 2 9 10 25 7 46 12 4 35 15 14 33 21 44 3 48 23 8 32 39 22 34 37 38 20 30 49 41 40 18 45 17 28 19 16 13 24 50 26 36 29 27 6 11 47 31 1 5 
student 426: 43 38 4 12 11 26 7 50 17 2 42 9 14 22 32 40 3 48 25 6 33 41 19 36 35 34 23 28 39 45 37 16 49 15 20 31 18 10 30 46 29 44 27 24 5 13 47 21 1 8 
student 427: 48 40 2 10 6 21 5 49 11 1 39 14 13 34 31 41 4 43 25 17 29 38 22 27 35 36 18 30 42 47 37 15 44 16 19 28 23 12 24 50 32 46 20 26 7 8 45 33 3 9 
student 428: 42 39 5 11 9 24 4 49 18 2 38 12 13 35 28 41 3 46 22 6 25 37 19 36 31 34 21 33 43 45 40 16 44 15 20 32 17 14 30 50 27 47 23 26 8 7 48 29 1 10 
student 429: 46 38 12 13 11 23 7 50 17 2 34 14 15 33 30 40 1 47 3 4 32 42 24 31 35 37 16 39 48 45 36 10 41 18 21 22 19 20 25 49 26 43 28 29 5 9 44 27 6 8 
student 430: 47 37 7 10 9 31 8 50 12 4 40 15 16 35 43 41 3 48 21 1 29 38 23 30 33 22 20 32 39 42 36 19 46 18 24 27 13 17 14 49 34 44 26 28 5 11 45 25 2 6 
student 431: 47 37 5 13 6 21 8 50 14 2 38 16 20 35 30 39 1 45 31 10 33 42 18 34 36 41 23 27 40 44 32 11 49 15 19 22 17 12 24 48 26 46 25 28 9 4 43 29 3 7 
student 432: 35 40 4 13 6 23 1 49 10 2 42 12 18 34 33 43 5 48 24 3 30 41 22 36 37 32 14 29 39 50 38 19 47 16 20 26 17 15 25 46 28 45 21 27 11 7 44 31 8 9 
student 433: 46 29 8 12 5 21 4 49 9 2 40 15 13 24 35 38 1 48 25 6 31 39 19 36 32 37 18 34 45 43 42 17 44 14 22 27 20 16 23 50 33 41 30 28 11 10 47 26 3 7 
student 434: 45 38 7 10 3 23 5 46 11 1 42 16 13 30 33 41 4 50 27 8 25 37 20 36 35 34 18 26 39 44 40 14 49 21 17 29 19 15 24 47 22 48 28 31 9 12 43 32 2 6 
student 435: 46 39 6 15 7 23 4 48 9 1 38 16 13 29 33 43 2 47 28 5 27 45 21 35 36 31 22 34 40 50 37 18 42 14 17 25 20 11 19 49 32 44 26 24 10 12 41 30 3 8 
student 436: 49 38 5 10 8 28 2 45 17 4 42 16 12 35 32 43 7 46 18 9 37 40 30 33 31 36 23 29 39 41 34 14 47 15 20 22 21 13 24 48 26 44 25 19 11 3 50 27 1 6 
student 437: 44 38 1 9 5 22 4 47 10 2 39 20 12 35 34 42 6 49 24 7 31 32 18 37 28 36 21 30 46 43 41 14 40 17 16 33 19 13 23 48 29 50 27 25 11 15 45 26 3 8 
student 438: 42 40 3 16 4 20 8 46 12 7 41 14 1 24 31 39 6 50 19 9 36 38 22 34 35 33 23 28 43 45 37 18 44 15 21 29 17 13 27 49 26 47 30 25 10 11 48 32 2 5 
student 439: 44 43 6 8 9 24 3 47 14 2 42 15 12 36 31 45 4 48 20 5 35 38 17 32 37 34 13 30 39 46 33 19 49 16 25 23 21 18 28 50 29 40 22 27 7 10 41 26 1 11 
student 440: 46 38 2 13 8 22 1 47 16 6 41 20 14 39 30 42 5 48 18 7 31 36 17 35 33 34 21 32 43 45 37 15 40 11 23 25 19 10 24 49 29 44 26 28 12 9 50 27 3 4 
student 441: 45 40 4 13 7 27 3 47 16 1 39 11 9 38 20 42 2 49 25 6 35 36 22 37 33 34 15 29 43 41 31 23 48 21 19 28 12 18 17 50 30 44 24 26 8 14 46 32 5 10 
student 442: 46 40 9 11 6 25 2 49 8 1 38 14 4 34 33 44 5 50 20 7 30 36 24 35 32 37 15 31 42 45 41 16 47 18 22 23 21 10 17 48 29 39 27 26 19 13 43 28 3 12 
student 443: 34 39 7 14 9 23 6 50 10 1 40 17 11 37 36 42 3 47 25 2 31 38 21 41 33 35 22 30 45 48 32 16 46 15 24 28 18 13 19 49 27 43 26 20 8 12 44 29 4 5 
student 444: 44 40 3 8 12 26 5 49 13 1 41 10 14 38 28 48 4 47 25 6 32 34 19 36 33 35 20 27 43 45 37 18 46 17 21 30 15 16 31 50 29 39 22 23 11 7 42 24 2 9 
student 445: 44 37 5 12 8 18 14 49 7 1 40 11 24 36 34 41 3 48 25 6 31 32 22 33 39 38 17 28 42 46 35 16 47 13 23 27 19 15 20 50 30 45 26 21 9 10 43 29 2 4 
student 446: 45 37 8 11 6 21 1 49 15 9 44 10 17 38 32 41 4 39 16 5 30 29 22 33 40 34 20 36 43 50 42 14 35 12 23 31 18 19 26 47 28 46 24 25 13 7 48 27 2 3 
student 447: 46 38 5 17 7 23 4 49 11 2 42 15 13 35 33 40 3 43 25 6 32 39 14 34 31 36 16 30 41 48 37 19 45 18 21 24 22 12 26 50 28 44 20 27 10 8 47 29 1 9 
student 448: 46 38 4 11 5 21 9 47 12 2 39 13 14 32 35 40 8 44 31 1 29 33 20 43 36 34 17 30 42 48 37 15 45 16 22 27 19 18 23 50 26 41 24 25 10 6 49 28 7 3 
student 449: 47 37 8 12 4 16 6 46 3 5 39 14 10 30 33 44 15 49 20 2 32 34 23 40 38 35 18 31 41 50 36 21 43 13 24 22 19 17 25 42 29 45 26 27 9 11 48 28 1 7 
student 450: 44 39 4 14 8 22 6 48 16 2 42 7 15 34 27 40 3 49 25 5 31 41 21 37 36 35 19 30 43 46 32 17 45 18 20 33 23 12 24 50 13 47 28 26 10 11 38 29 1 9 
student 451: 43 40 5 10 8 23 2 49 9 4 37 11 17 32 25 41 3 47 19 6 33 38 24 34 36 35 16 29 42 46 44 14 45 20 27 30 18 13 21 48 22 39 26 28 15 12 50 31 1 7 
student 452: 43 39 2 14 15 25 6 47 11 1 42 12 9 35 31 41 8 49 23 4 26 40 18 36 34 33 20 32 45 48 38 19 44 13 21 28 16 17 29 50 27 46 24 22 10 3 37 30 5 7 
student 453: 47 37 10 12 4 27 6 49 22 1 42 8 13 36 30 41 3 48 17 5 32 35 20 39 33 34 18 28 43 46 38 15 45 16 21 29 19 14 26 50 24 40 23 25 11 9 44 31 2 7 
student 454: 43 41 11 9 7 21 3 44 17 8 42 10 13 30 28 37 2 49 23 4 32 33 20 35 38 34 19 29 46 48 39 14 40 15 22 25 18 12 26 50 31 47 27 24 16 5 45 36 1 6 
student 455: 47 39 5 14 8 18 4 44 6 2 42 17 13 30 40 46 3 48 22 7 32 34 16 43 35 33 15 31 41 45 37 19 49 23 21 24 20 12 25 50 27 36 26 29 9 11 38 28 1 10 
student 456: 44 35 3 12 6 20 5 48 11 4 39 10 8 37 28 43 2 50 25 9 30 34 17 38 33 32 23 36 41 49 40 19 46 13 22 24 21 16 14 47 29 42 27 26 18 15 45 31 1 7 
student 457: 50 34 6 12 7 20 2 45 13 3 42 11 17 33 27 41 1 49 32 10 29 40 21 38 35 37 9 24 39 44 36 25 47 15 22 30 18 16 23 48 26 46 28 19 5 14 43 31 4 8 
student 458: 46 33 5 10 7 19 4 48 13 3 45 27 14 34 31 43 2 49 22 8 29 39 16 37 38 32 15 30 36 47 42 17 44 18 21 23 24 9 25 50 35 40 20 26 6 12 41 28 1 11 
student 459: 45 40 4 7 10 19 5 48 17 1 37 13 11 35 33 41 3 44 24 8 30 39 22 38 31 34 14 32 49 42 36 12 47 16 23 26 20 18 28 50 21 43 27 25 15 9 46 29 2 6 
student 460: 42 39 8 9 4 28 6 48 10 1 43 11 17 33 32 40 2 46 20 7 30 35 19 34 36 37 21 26 41 45 38 14 49 13 22 27 18 16 24 50 25 44 23 31 5 15 47 29 3 12 
student 461: 47 41 6 12 5 17 2 48 15 1 34 18 13 33 39 40 4 49 23 8 32 38 16 35 36 31 21 29 42 46 37 19 44 7 20 27 22 14 24 50 30 43 26 25 10 11 45 28 3 9 
student 462: 44 40 6 11 5 29 7 35 13 4 39 15 22 37 36 42 2 50 26 3 24 32 17 38 34 33 12 31 46 45 41 14 48 16 20 27 23 18 19 47 21 43 30 28 10 8 49 25 1 9 
student 463: 48 47 5 15 12 19 6 50 10 2 43 14 8 32 33 41 13 42 21 3 31 36 11 39 35 38 20 29 34 40 37 22 49 18 27 28 16 17 23 44 24 45 25 26 9 7 46 30 1 4 
student 464: 43 33 7 11 5 24 3 49 12 1 38 13 15 36 27 40 2 44 18 8 31 41 19 37 35 32 17 34 46 47 42 16 48 22 29 28 20 14 21 50 25 39 23 26 10 9 45 30 4 6 
student 465: 47 38 5 11 7 22 2 49 13 1 42 14 9 33 32 46 4 45 21 6 31 37 19 39 35 34 23 30 43 40 41 15 48 20 24 28 17 16 26 50 18 44 27 25 10 8 36 29 3 12 
student 466: 41 34 4 11 8 18 2 48 13 1 38 19 14 40 35 45 9 46 24 6 30 37 21 39 36 33 16 27 44 47 31 20 43 15 25 29 17 12 23 50 26 42 28 22 10 5 49 32 7 3 
student 467: 45 36 7 6 8 22 3 46 10 2 41 13 9 31 33 44 1 42 23 5 26 32 21 37 34 39 18 35 43 49 40 17 50 15 25 27 19 16 20 48 29 38 24 28 12 14 47 30 4 11 
student 468: 38 37 5 18 4 23 2 50 11 1 44 12 13 29 33 42 6 43 24 7 31 36 16 32 34 40 20 30 46 47 45 17 41 15 19 35 22 14 21 48 26 39 27 25 10 9 49 28 3 8 
student 469: 45 39 8 21 3 24 2 49 17 1 41 12 11 40 33 37 6 50 20 5 28 34 15 35 38 31 19 32 43 46 36 18 48 13 16 26 14 23 22 47 25 44 27 30 7 10 42 29 4 9 
student 470: 42 39 5 10 12 22 4 49 13 1 40 20 11 30 33 47 3 46 21 6 32 37 24 36 41 34 17 28 43 48 35 16 45 15 18 26 19 9 25 50 29 44 23 31 8 14 38 27 2 7 
student 471: 41 39 8 6 1 23 5 45 12 3 44 27 13 25 35 40 4 49 29 7 32 37 17 36 26 34 15 33 42 46 38 19 50 18 22 11 20 16 24 48 28 43 21 30 10 9 47 31 2 14 
student 472: 40 39 5 9 4 22 7 50 12 3 37 15 16 35 32 44 2 41 20 6 31 38 21 36 34 33 17 30 45 48 42 14 46 13 18 28 23 19 25 47 29 43 27 24 10 11 49 26 1 8 
student 473: 42 35 4 11 12 17 9 45 19 7 39 8 13 36 32 43 2 49 16 5 31 40 22 33 37 38 24 30 41 47 34 21 48 14 25 28 15 18 27 50 29 46 26 20 6 10 44 23 1 3 
student 474: 42 37 5 9 6 17 3 50 10 2 38 14 12 33 32 45 1 48 27 11 31 36 25 40 35 34 18 30 43 47 39 16 49 20 22 24 19 15 23 46 26 41 21 29 13 7 44 28 4 8 
student 475: 40 41 2 13 7 15 6 44 9 3 39 18 14 26 34 42 5 45 23 4 35 37 21 27 36 33 17 25 43 49 38 30 48 19 20 32 11 16 24 50 29 46 22 28 12 10 47 31 1 8 
student 476: 42 39 12 10 4 23 2 50 8 1 44 18 13 33 37 41 5 48 15 6 31 35 19 34 38 30 14 32 45 43 36 17 46 26 24 28 22 11 21 47 20 40 27 25 7 16 49 29 3 9 
student 477: 45 37 3 14 8 24 5 47 7 1 41 9 15 34 23 43 4 49 18 6 26 35 21 38 36 33 16 31 44 46 39 13 42 19 25 28 20 17 27 50 30 48 22 32 11 12 40 29 2 10 
student 478: 39 42 9 11 7 23 8 45 20 4 44 18 14 26 28 37 5 49 24 3 31 36 21 35 32 48 17 30 41 47 38 15 46 10 22 25 6 16 33 50 34 40 19 27 13 2 43 29 1 12 
student 479: 44 39 3 9 5 22 6 48 11 1 41 13 16 34 33 45 2 50 23 4 30 37 21 35 38 32 18 31 42 46 36 19 49 15 27 28 17 14 20 47 25 43 24 26 7 12 40 29 8 10 
student 480: 43 40 2 15 5 18 3 50 8 6 41 21 19 31 32 38 12 49 26 4 34 35 11 39 36 33 20 29 42 44 37 16 47 17 25 27 9 10 22 46 28 45 24 23 7 14 48 30 1 13 
student 481: 43 40 6 14 11 22 4 48 8 2 38 25 18 35 34 42 1 45 27 7 33 36 15 28 30 39 19 32 41 50 37 17 44 13 20 31 16 12 24 46 29 47 21 26 10 5 49 23 3 9 
student 482: 38 37 7 12 10 16 4 49 9 1 39 13 18 34 24 41 5 47 30 2 33 36 21 35 40 32 22 31 44 46 42 14 48 17 19 28 6 20 23 50 27 43 25 26 11 15 45 29 3 8 
student 483: 45 36 8 14 7 16 6 43 13 2 42 12 11 35 33 40 1 44 24 3 29 34 22 32 37 38 21 18 39 47 41 23 49 15 19 31 26 20 28 50 27 46 25 17 10 9 48 30 4 5 
student 484: 43 39 4 12 7 21 8 50 13 3 48 14 15 28 35 40 2 46 22 10 29 38 26 34 36 33 19 31 41 45 37 17 49 18 24 30 20 9 25 47 23 42 16 27 1 11 44 32 5 6 
student 485: 42 39 7 8 4 23 3 49 14 5 40 13 10 32 30 46 9 50 28 2 34 37 22 33 36 35 20 25 45 44 41 19 48 17 16 31 18 15 24 38 29 43 27 26 11 12 47 21 1 6 
student 486: 43 41 6 11 8 28 1 48 18 4 37 14 12 34 36 38 3 46 21 5 31 40 22 39 32 29 17 30 45 44 35 16 47 15 19 33 20 13 25 50 24 42 23 27 10 7 49 26 2 9 
student 487: 45 38 5 12 7 23 3 50 10 2 39 16 13 34 33 44 4 49 26 8 32 40 20 41 29 30 15 28 37 46 35 17 48 14 21 27 18 19 22 47 36 42 24 31 6 11 43 25 1 9 
student 488: 43 38 3 12 5 21 7 41 10 6 44 15 14 31 36 45 4 47 23 2 33 37 17 34 39 35 18 28 40 46 32 16 48 11 22 27 19 20 26 50 30 42 24 25 13 8 49 29 1 9 
student 489: 37 39 5 11 2 20 3 50 16 1 44 14 12 36 33 46 10 42 23 4 32 38 17 31 35 34 22 30 40 47 43 8 48 15 18 27 21 19 24 49 28 41 26 25 9 7 45 29 6 13 
student 490: 46 44 6 14 3 23 4 49 10 1 37 17 15 33 31 45 2 48 18 7 35 36 19 38 34 32 21 30 41 50 39 16 40 13 22 28 20 12 24 47 29 42 25 27 8 5 43 26 11 9 
student 491: 42 40 12 14 6 13 3 46 8 2 48 18 16 31 24 37 1 50 22 4 33 38 21 39 35 34 20 29 41 47 36 10 43 23 17 26 25 19 15 49 28 44 27 32 11 5 45 30 9 7 
student 492: 45 33 4 9 6 20 5 44 14 1 40 17 12 38 37 39 3 48 22 8 28 36 19 35 32 30 21 34 46 50 43 16 47 15 24 31 18 13 27 49 29 41 25 23 11 7 42 26 2 10 
student 493: 44 39 6 9 2 19 5 48 13 3 42 14 12 32 33 40 1 49 22 7 27 34 25 35 36 38 18 30 43 47 37 17 46 11 21 29 20 16 23 50 31 45 24 26 10 8 41 28 4 15 
student 494: 43 36 4 21 8 29 1 49 10 3 41 9 15 35 37 42 2 45 22 7 34 27 24 39 33 26 17 32 40 47 38 19 46 14 30 28 11 16 18 50 23 48 20 25 13 5 44 31 6 12 
student 495: 42 38 12 10 13 19 6 46 16 2 41 11 17 39 35 37 3 50 24 9 30 34 20 32 33 36 21 31 43 44 40 14 47 1 22 25 18 15 23 48 26 45 27 28 8 7 49 29 5 4 
student 496: 45 37 2 9 6 21 8 49 18 5 42 10 14 33 32 41 11 46 25 3 31 40 23 38 35 34 13 30 36 47 39 17 50 12 19 27 20 16 24 48 28 44 22 26 7 15 43 29 1 4 
student 497: 44 39 3 13 8 20 5 48 17 1 40 12 18 34 32 38 4 49 23 6 31 41 24 36 35 33 19 30 43 47 37 10 45 14 21 28 16 15 26 50 25 42 22 27 7 11 46 29 2 9 
student 498: 40 39 1 10 4 19 2 48 11 5 45 13 14 32 38 43 7 44 26 9 35 37 21 36 33 30 20 28 41 50 34 15 47 18 22 29 16 17 27 46 25 49 23 24 8 6 42 31 3 12 
student 499: 41 40 6 10 2 22 7 48 4 1 44 14 15 34 28 30 5 46 20 9 27 31 21 39 35 36 19 25 43 45 37 18 49 16 23 42 17 13 29 50 32 38 26 33 11 12 47 24 3 8 
