student 0: 24 39 29 3 31 13 36 42 5 23 18 15 14 41 50 8 22 33 28 12 11 49 48 47 25 45 34 38 2 40 4 35 44 10 19 30 20 26 7 46 37 43 6 32 1 16 21 17 9 27 
student 1: 24 36 31 9 27 11 37 42 3 18 13 17 16 40 45 7 21 32 28 19 4 47 46 48 33 41 34 44 2 35 1 29 50 15 14 30 22 38 8 49 39 43 6 25 12 5 20 26 10 23 
student 2: 29 40 30 11 31 12 36 35 6 22 16 13 19 43 42 10 18 32 26 21 5 47 37 44 27 45 33 41 2 38 1 34 50 7 20 28 24 39 4 46 48 49 9 23 3 8 14 17 15 25 
student 3: 20 39 31 11 29 12 35 40 4 22 14 17 26 42 50 8 21 34 36 18 6 47 49 48 27 43 32 41 2 37 3 33 45 9 15 28 24 30 7 46 38 44 5 19 1 10 25 16 13 23 
student 4: 29 46 33 15 16 18 36 37 1 24 17 14 22 41 49 11 21 32 30 20 7 47 44 48 27 38 39 40 4 31 2 43 45 8 9 25 23 34 10 42 35 50 5 28 3 6 12 19 13 26 
student 5: 24 35 30 11 28 17 41 39 2 25 10 9 22 37 48 14 19 40 27 18 3 47 46 50 26 45 33 43 4 34 1 36 42 12 16 31 23 32 5 49 38 44 8 29 6 13 21 15 7 20 
student 6: 22 38 32 12 26 15 43 46 1 30 17 14 16 40 50 10 27 34 33 21 3 48 44 49 19 42 36 45 9 37 2 35 47 8 7 28 23 31 5 41 24 39 6 29 11 4 20 18 13 25 
student 7: 18 38 30 12 28 17 33 35 8 23 11 14 24 40 50 4 16 32 34 20 10 47 45 46 26 48 37 43 1 39 5 36 49 9 19 31 27 29 3 41 44 42 2 22 6 7 21 15 13 25 
student 8: 19 36 28 10 34 14 39 43 1 25 15 13 18 38 49 8 21 33 27 29 4 47 45 50 23 48 35 42 3 37 2 30 46 12 20 31 22 32 5 44 41 40 9 26 6 7 17 16 11 24 
student 9: 29 43 37 17 30 19 39 47 6 24 11 15 21 45 49 3 20 34 25 9 4 48 44 50 26 46 35 41 1 33 2 28 42 10 16 32 23 31 5 40 38 36 12 27 8 7 18 13 14 22 
student 10: 22 39 36 10 28 12 38 35 2 21 18 15 19 40 50 9 20 30 25 16 4 48 43 49 26 46 37 45 1 32 3 34 47 6 14 31 24 33 5 42 44 41 8 29 7 13 23 17 11 27 
student 11: 25 37 33 9 28 12 36 43 1 18 14 15 21 39 49 4 22 30 27 19 3 48 47 50 34 44 40 42 7 26 2 35 45 10 17 31 24 29 8 38 41 46 5 23 6 13 20 16 11 32 
student 12: 21 39 32 11 27 18 38 49 2 26 10 14 23 37 48 6 20 33 28 13 15 46 47 50 25 43 34 42 8 36 1 35 45 9 19 31 24 30 4 44 40 41 7 29 5 3 16 17 12 22 
student 13: 21 40 35 9 29 15 39 43 1 25 16 23 13 31 49 4 20 36 28 19 6 46 48 50 26 38 33 44 5 37 2 32 45 11 12 34 22 30 8 47 42 41 3 27 10 7 18 17 14 24 
student 14: 25 41 33 10 30 12 43 35 4 22 16 11 29 38 47 7 21 31 37 17 6 48 45 50 23 44 32 46 2 36 1 34 49 13 15 28 19 27 5 39 40 42 9 26 3 18 20 14 8 24 
student 15: 22 39 31 12 27 19 36 38 3 23 16 14 24 37 42 8 20 32 29 11 4 48 50 49 26 47 40 41 1 35 2 34 43 9 13 33 18 28 5 46 45 44 6 30 7 15 17 21 10 25 
student 16: 18 38 31 15 32 19 35 39 2 20 23 13 25 41 50 10 21 34 28 16 1 48 46 49 24 45 37 42 6 36 4 33 44 8 14 27 17 29 3 47 40 43 7 26 5 12 9 22 11 30 
student 17: 25 38 36 10 29 14 47 39 3 23 13 18 17 37 43 8 21 31 26 16 4 48 50 49 27 44 42 45 2 35 1 32 40 15 9 33 22 28 5 46 34 41 6 30 12 11 19 20 7 24 
student 18: 27 41 33 10 30 15 37 42 1 24 16 12 29 40 48 11 21 32 31 9 5 46 49 47 25 44 35 39 7 36 4 34 45 8 17 26 22 28 6 50 38 43 2 19 14 13 20 18 3 23 
student 19: 22 37 35 7 33 13 41 40 1 23 14 16 19 39 49 11 24 26 31 18 2 48 43 50 27 42 32 45 3 36 4 34 44 12 15 28 20 29 9 47 38 46 5 30 6 8 21 17 10 25 
student 20: 21 27 37 7 28 10 38 40 1 23 14 17 20 36 48 9 19 34 31 15 5 45 49 42 35 50 39 46 8 32 2 29 47 4 16 30 22 33 3 43 41 44 6 26 11 12 25 18 13 24 
student 21: 26 34 28 4 31 10 44 46 7 29 17 11 20 41 47 15 13 35 30 16 2 49 48 50 25 36 39 45 3 38 1 32 42 6 19 27 21 33 9 43 40 37 12 24 5 8 23 18 14 22 
student 22: 29 41 28 8 33 10 36 42 1 30 15 13 24 39 49 7 21 35 27 18 5 47 43 50 32 44 31 48 3 37 2 25 45 6 16 34 23 19 4 46 38 40 14 17 11 12 22 20 9 26 
student 23: 21 35 29 13 26 10 40 39 3 27 15 12 20 43 50 7 18 32 31 19 4 48 49 46 25 44 37 47 2 42 1 33 41 8 24 34 23 28 5 45 36 38 9 22 6 11 16 17 14 30 
student 24: 21 39 31 15 24 27 32 44 2 20 14 7 12 40 48 11 17 36 29 16 1 49 46 50 22 47 34 45 3 38 4 33 43 6 10 30 26 35 5 42 37 41 18 28 9 13 23 19 8 25 
student 25: 20 39 37 10 29 14 34 42 2 23 16 13 15 45 50 7 18 28 30 19 4 49 48 47 24 36 38 43 5 35 3 33 41 11 17 32 25 31 6 46 40 44 8 27 9 21 22 12 1 26 
student 26: 22 39 30 13 27 15 35 42 1 23 12 16 19 40 45 8 18 36 29 10 2 46 44 49 25 43 34 41 4 33 11 37 47 7 17 32 20 31 3 50 38 48 6 28 5 14 21 24 9 26 
student 27: 25 37 32 10 26 14 36 41 4 23 15 12 22 39 49 8 17 29 31 20 6 46 48 47 27 50 30 44 5 35 1 40 45 9 16 34 18 33 2 43 38 42 7 28 3 11 21 19 13 24 
student 28: 16 40 30 10 32 14 42 43 1 17 15 18 22 39 50 6 23 29 28 21 9 48 47 49 24 45 33 44 5 38 2 34 41 7 13 36 25 31 3 46 35 37 12 26 8 4 20 19 11 27 
student 29: 19 38 32 5 28 10 37 41 1 24 16 22 20 46 47 8 17 30 26 23 7 48 45 49 27 43 35 44 12 39 4 33 40 13 14 31 21 34 2 50 36 42 6 25 3 9 18 11 15 29 
student 30: 20 43 32 8 28 16 38 37 1 29 13 15 25 36 48 7 19 30 26 18 5 47 41 49 24 45 35 40 3 34 2 33 46 6 14 31 23 42 4 50 39 44 9 27 12 11 21 17 10 22 
student 31: 22 40 32 8 19 15 38 44 1 29 18 16 20 41 50 6 24 34 30 13 4 48 47 49 26 45 33 35 2 37 3 36 39 12 14 27 25 31 5 46 43 42 9 28 7 10 21 17 11 23 
student 32: 27 39 32 5 30 16 37 38 4 20 10 14 21 42 50 12 22 33 26 18 1 49 35 46 29 47 36 44 3 34 6 40 45 13 15 28 24 31 2 41 43 48 8 25 7 9 17 19 11 23 
student 33: 21 38 35 12 20 19 36 47 1 24 11 16 27 40 49 14 15 28 32 18 2 48 46 50 29 42 37 39 5 34 3 30 45 4 10 31 23 33 6 44 41 43 8 25 7 13 22 17 9 26 
student 34: 24 43 33 11 28 19 37 44 1 26 15 16 17 38 49 5 18 36 27 20 2 47 46 50 25 41 31 40 4 34 3 39 45 10 23 29 21 30 6 48 35 42 12 32 8 13 9 14 7 22 
student 35: 16 37 33 10 27 14 40 39 3 24 18 12 20 42 49 6 25 31 26 21 1 46 45 50 28 48 35 43 11 36 2 34 47 9 17 30 23 29 5 44 38 41 7 32 4 13 19 15 8 22 
student 36: 24 38 32 10 29 16 37 40 4 21 17 11 23 39 48 6 20 31 25 22 7 50 49 47 28 42 35 41 2 36 1 33 46 8 14 27 15 34 3 43 44 45 9 30 5 12 18 19 13 26 
student 37: 19 43 31 9 25 12 36 41 5 27 18 17 15 39 48 4 22 32 26 20 3 46 49 50 30 44 38 42 1 33 6 35 45 11 13 24 23 34 2 47 37 40 8 28 7 10 21 14 16 29 
student 38: 19 33 29 6 32 14 37 40 2 22 13 15 17 41 47 11 20 34 26 23 3 45 44 49 28 46 36 50 4 35 1 42 48 12 10 30 24 25 5 39 38 43 8 27 9 7 21 18 16 31 
student 39: 21 36 32 8 30 16 39 42 1 23 13 14 17 40 49 12 15 34 33 20 6 46 47 50 25 44 26 38 4 37 2 28 45 7 19 35 24 31 9 48 43 41 5 29 3 10 18 22 11 27 
student 40: 24 33 35 11 34 15 41 44 3 25 9 18 22 42 50 7 20 32 26 23 1 46 48 49 28 47 29 45 13 38 2 36 37 6 10 30 17 31 5 43 40 39 12 21 4 8 19 16 14 27 
student 41: 22 43 32 8 23 14 41 46 2 28 15 11 26 39 47 5 20 30 25 19 6 48 45 50 31 42 35 49 4 38 3 33 44 7 16 40 21 29 1 36 34 37 10 24 17 9 18 13 12 27 
student 42: 30 32 34 17 26 9 40 35 2 15 16 13 18 37 50 6 24 36 27 21 4 47 46 49 31 41 39 42 5 45 8 38 43 7 12 28 23 29 3 48 33 44 14 25 10 11 20 19 1 22 
student 43: 25 39 24 14 30 15 37 42 5 26 12 10 23 41 44 11 22 34 29 18 7 50 45 48 27 49 36 43 4 32 1 33 46 2 16 31 17 35 3 47 38 40 13 28 6 9 20 19 8 21 
student 44: 23 40 31 13 34 16 37 41 1 15 17 18 27 42 48 2 24 36 32 20 4 47 45 50 22 39 35 44 3 38 5 33 46 7 11 29 19 26 6 49 30 43 10 25 8 12 21 14 9 28 
student 45: 25 39 35 9 28 13 37 43 1 21 15 19 20 36 48 7 26 33 29 17 3 46 45 50 24 44 38 41 4 34 2 32 49 16 22 31 23 30 5 47 42 40 8 27 6 12 18 11 10 14 
student 46: 17 37 34 7 26 11 40 38 2 31 14 16 12 41 50 1 20 25 24 23 5 49 44 48 32 45 35 42 4 30 3 36 47 13 19 28 18 33 8 46 39 43 6 29 9 10 27 22 15 21 
student 47: 23 31 29 12 24 10 44 38 1 30 13 14 21 41 50 7 19 39 28 11 5 47 49 48 25 42 33 40 2 34 4 36 43 8 22 32 26 35 3 45 37 46 9 27 6 17 20 18 16 15 
student 48: 28 42 40 12 27 14 29 37 5 24 18 11 22 36 50 4 17 34 30 19 2 45 46 49 32 48 35 43 1 26 3 33 47 8 15 39 20 31 10 44 38 41 7 25 6 9 23 16 13 21 
student 49: 22 38 31 15 28 8 40 42 3 23 18 14 17 37 50 9 24 32 27 19 11 43 47 49 25 48 35 45 6 36 1 34 44 13 10 30 20 33 4 46 39 41 2 29 7 12 21 16 5 26 
student 50: 17 39 33 15 26 13 38 47 5 22 16 12 18 41 49 11 23 32 31 21 4 50 46 48 29 43 34 37 2 35 1 36 40 9 8 30 27 28 3 44 42 45 6 24 7 10 25 19 14 20 
student 51: 22 43 25 12 33 13 38 46 3 26 14 15 21 40 45 8 16 35 32 18 4 50 48 49 24 44 37 41 6 34 1 31 42 9 17 28 27 29 5 47 36 39 7 30 2 11 20 19 10 23 
student 52: 25 36 32 9 34 14 31 39 1 20 19 16 24 37 50 8 21 38 22 23 5 48 45 46 27 44 43 40 2 33 3 35 47 7 18 29 17 30 4 49 41 42 13 26 6 10 15 12 11 28 
student 53: 26 35 25 10 32 14 28 43 2 24 15 11 23 39 46 8 18 38 30 20 3 49 48 50 29 45 34 42 1 40 6 33 44 9 17 31 21 36 4 47 41 37 5 27 7 16 19 13 12 22 
student 54: 23 43 28 11 29 12 37 38 1 26 17 14 20 41 47 7 16 32 31 19 2 48 46 49 24 50 39 40 4 36 3 33 42 8 18 27 25 35 5 44 34 45 6 30 9 13 21 15 10 22 
student 55: 18 36 35 15 32 6 37 38 1 23 14 19 22 40 48 8 20 29 28 17 5 47 50 49 30 44 39 46 3 43 2 34 42 11 13 25 27 26 7 45 33 41 10 31 4 9 24 16 12 21 
student 56: 22 40 27 12 31 13 32 42 2 25 16 14 18 41 48 5 24 36 30 15 4 47 46 49 28 44 38 39 3 35 1 34 45 11 17 33 20 26 9 50 37 43 6 23 7 10 21 19 8 29 
student 57: 22 39 29 12 30 13 37 41 4 23 10 14 25 42 50 9 24 32 27 17 5 44 49 45 20 34 36 46 1 35 2 40 48 8 16 31 21 33 7 47 38 43 11 28 3 19 15 18 6 26 
student 58: 21 37 22 9 33 12 40 38 1 25 15 23 20 42 45 14 19 31 27 18 2 50 44 47 28 49 35 43 7 36 3 32 48 13 8 34 17 29 6 39 41 46 10 30 4 5 24 16 11 26 
student 59: 21 28 36 8 31 13 39 43 1 27 17 11 20 40 48 15 22 35 29 16 3 45 47 50 19 49 34 44 2 38 4 32 42 6 23 33 24 30 7 46 37 41 9 26 5 12 18 14 10 25 
student 60: 25 37 33 9 23 18 36 42 1 26 13 11 21 41 49 6 19 32 31 15 4 50 46 48 30 40 34 43 3 38 7 35 44 10 16 22 24 29 2 47 39 45 8 27 5 17 20 14 12 28 
student 61: 22 39 32 6 29 13 37 48 4 25 12 23 26 38 43 10 19 27 20 21 3 49 50 44 28 42 31 46 7 35 1 36 45 9 17 34 16 33 8 47 41 40 5 30 2 11 18 14 15 24 
student 62: 20 38 33 6 29 14 37 46 1 23 8 15 24 42 45 9 19 36 30 18 3 48 43 50 25 49 40 34 2 28 5 35 44 12 17 31 22 32 7 47 39 41 4 26 11 13 21 16 10 27 
student 63: 23 36 31 15 27 7 44 40 1 20 28 12 17 43 46 3 25 33 32 18 8 42 48 50 24 41 35 45 4 37 2 34 47 9 14 29 21 30 11 49 39 38 16 26 5 13 19 6 10 22 
student 64: 22 35 28 8 30 4 36 39 1 17 15 10 21 43 47 11 24 33 29 20 3 48 44 50 27 45 38 42 6 37 2 34 46 13 14 31 23 32 7 49 40 41 5 25 9 12 19 16 18 26 
student 65: 20 40 34 12 27 13 41 46 5 25 14 17 22 38 49 11 23 30 28 21 9 43 50 48 19 44 32 39 3 36 8 35 45 2 16 29 31 33 1 47 37 42 10 26 4 7 18 15 6 24 
student 66: 23 34 33 9 31 6 42 47 1 26 11 15 20 30 40 8 17 29 28 19 7 49 48 50 27 46 36 45 3 37 2 38 43 5 18 35 21 32 4 41 44 39 16 24 10 13 14 22 12 25 
student 67: 23 39 31 11 26 10 36 44 3 20 12 19 18 41 50 1 22 32 29 14 4 46 45 49 25 47 35 40 9 38 2 34 43 15 16 30 24 33 5 48 37 42 6 28 7 8 21 17 13 27 
student 68: 19 38 31 10 29 13 35 40 4 23 17 15 24 45 49 11 21 36 28 16 2 48 46 50 26 47 32 41 1 34 5 33 42 8 14 37 25 30 3 43 39 44 6 22 7 9 20 18 12 27 
student 69: 22 35 34 8 32 13 43 36 1 24 14 12 23 41 48 11 18 38 26 17 5 49 42 50 27 44 31 46 3 40 2 33 47 6 15 28 19 29 9 39 37 45 20 25 7 4 21 16 10 30 
student 70: 19 37 31 10 28 14 40 45 2 23 17 13 24 39 49 5 22 32 26 18 3 50 42 48 25 46 34 41 6 36 1 33 43 9 16 29 21 35 7 47 38 44 8 27 4 11 20 15 12 30 
student 71: 22 41 33 10 34 11 35 42 1 32 14 16 18 43 46 9 21 37 28 19 2 49 47 50 29 44 36 40 8 27 5 31 45 12 15 23 25 30 6 48 38 39 4 24 3 7 20 13 17 26 
student 72: 22 34 31 3 28 14 33 42 2 26 15 9 21 45 43 4 19 35 29 18 1 47 40 48 23 46 39 36 6 41 5 38 49 12 16 27 17 32 11 50 37 44 7 24 8 13 25 20 10 30 
student 73: 23 40 30 7 32 10 43 41 1 24 17 12 21 38 48 8 13 35 27 16 5 46 49 50 25 44 36 42 4 37 2 31 47 9 19 33 22 29 6 45 34 39 11 28 3 14 20 18 15 26 
student 74: 21 35 43 5 33 17 36 37 2 26 14 13 24 39 44 10 22 30 23 18 3 49 47 48 31 50 38 41 4 34 1 32 42 11 15 27 19 28 6 45 40 46 7 29 8 9 20 16 12 25 
student 75: 23 38 29 9 36 15 40 37 1 26 13 14 21 39 48 11 25 34 30 19 3 49 41 47 28 45 24 42 2 33 6 44 46 5 16 32 20 31 4 50 35 43 8 27 7 10 18 17 12 22 
student 76: 28 42 31 13 27 12 39 38 2 19 14 4 20 40 50 10 26 32 34 21 6 45 48 46 29 44 25 43 3 35 1 33 49 11 17 30 24 36 5 47 37 41 7 22 8 15 16 18 9 23 
student 77: 21 38 35 14 31 15 34 43 1 25 11 12 19 44 50 6 20 29 28 18 8 48 45 49 27 46 37 40 5 33 3 36 42 9 17 26 24 32 2 47 41 39 7 30 4 10 22 16 13 23 
student 78: 24 39 30 4 29 16 36 40 2 26 19 14 22 44 49 11 18 32 27 21 3 47 43 50 23 46 34 45 1 38 6 33 48 12 7 35 25 31 5 42 37 41 10 28 8 9 13 17 15 20 
student 79: 24 37 34 15 23 5 29 41 1 25 14 7 20 42 50 11 19 27 31 22 8 45 47 48 28 44 33 49 6 35 2 38 46 10 16 36 21 32 3 40 39 43 9 30 4 12 17 18 13 26 
student 80: 19 36 28 9 32 12 31 37 6 26 15 17 30 43 48 2 23 34 27 13 1 50 47 49 24 44 38 39 5 29 3 40 45 10 21 33 20 35 8 46 41 42 4 25 7 11 16 18 14 22 
student 81: 26 38 37 8 29 14 36 35 3 22 10 12 17 40 49 7 13 33 28 20 1 45 48 50 27 43 42 44 4 34 2 32 46 6 18 31 19 30 9 47 39 41 11 25 15 5 21 24 16 23 
student 82: 23 42 34 11 29 25 39 40 2 27 16 12 19 37 48 14 15 36 30 17 4 46 50 47 24 41 35 43 5 38 3 33 44 8 13 26 20 31 1 45 32 49 7 22 6 9 21 18 10 28 
student 83: 23 41 33 15 28 13 36 38 2 26 16 12 22 40 49 7 20 37 27 19 6 50 42 43 25 46 34 47 5 35 1 31 44 11 18 30 21 32 9 45 39 48 4 29 3 10 24 14 8 17 
student 84: 24 38 27 11 26 12 36 42 1 25 15 13 21 41 48 6 19 33 32 18 4 50 47 49 35 45 31 44 3 37 2 30 40 7 14 28 20 34 8 46 39 43 9 29 5 17 22 16 10 23 
student 85: 21 41 32 9 25 12 36 40 2 28 14 13 24 39 47 11 22 30 29 20 4 49 50 44 33 42 35 46 1 37 5 34 45 8 15 27 18 31 3 48 38 43 17 23 7 6 19 16 10 26 
student 86: 23 39 32 9 29 13 33 41 1 28 17 15 20 42 50 4 18 25 27 19 3 46 45 49 26 47 38 43 2 37 5 35 48 10 12 36 24 22 6 44 40 34 8 30 7 14 21 16 11 31 
student 87: 22 37 29 8 34 12 46 38 3 26 15 10 19 36 47 6 23 24 30 17 7 48 49 50 27 45 35 44 1 42 2 33 41 13 16 31 20 32 4 40 39 43 11 28 5 9 18 21 14 25 
student 88: 18 34 31 10 33 13 40 42 1 29 20 19 25 35 50 8 17 38 27 16 5 46 48 39 23 45 32 47 3 37 2 36 49 7 15 24 26 30 6 44 43 41 9 28 4 14 21 11 12 22 
student 89: 22 35 31 12 24 15 38 41 1 27 13 11 23 37 46 8 21 32 30 20 6 50 48 49 29 43 36 40 4 33 3 39 44 10 14 34 18 26 2 47 45 42 9 28 7 16 5 17 19 25 
student 90: 22 37 29 10 28 16 38 43 1 23 14 11 21 40 49 9 20 39 26 17 5 47 44 46 27 45 35 42 2 34 4 31 36 7 18 32 25 33 8 50 41 48 6 24 3 12 19 15 13 30 
student 91: 20 40 32 5 28 16 36 43 6 23 13 12 22 37 47 11 21 34 26 17 3 50 42 49 30 45 33 39 2 35 1 38 46 15 19 31 25 29 4 48 41 44 10 27 7 9 18 14 8 24 
student 92: 24 39 30 4 31 3 36 37 1 25 17 14 21 40 48 10 18 33 28 15 5 49 47 50 26 46 38 41 8 35 6 34 45 13 20 32 22 27 2 43 44 42 11 29 9 7 12 19 16 23 
student 93: 23 40 32 12 28 14 37 38 1 27 16 11 17 42 43 10 22 33 19 20 3 50 45 48 30 47 35 46 4 36 2 34 41 8 18 29 26 31 7 49 39 44 6 25 5 9 21 15 13 24 
student 94: 19 35 32 8 20 10 36 40 9 27 14 11 15 39 49 5 12 33 23 21 3 48 46 50 31 43 34 37 2 41 1 38 45 6 25 29 17 30 4 47 42 44 7 24 22 13 18 26 16 28 
student 95: 20 36 33 9 28 11 31 42 1 16 15 8 27 39 46 7 24 30 32 14 2 50 48 49 19 45 37 43 5 38 3 35 47 12 22 26 13 34 4 44 40 41 6 29 10 18 23 21 17 25 
student 96: 26 42 28 10 31 23 37 43 1 27 21 12 25 36 49 14 16 30 18 20 5 46 41 50 29 47 34 40 7 38 2 32 45 3 15 35 17 33 4 48 39 44 6 22 8 9 19 13 11 24 
student 97: 27 46 32 10 28 12 39 49 1 22 15 21 20 42 50 11 25 35 30 16 2 44 48 47 23 45 36 41 4 38 3 33 40 6 17 29 18 31 5 43 34 37 8 24 7 9 26 13 14 19 
student 98: 22 38 31 14 27 10 30 42 1 24 18 13 19 32 48 7 17 34 28 16 4 43 50 49 29 45 37 40 3 47 2 36 44 8 12 33 20 26 5 46 41 39 6 35 11 23 21 15 9 25 
student 99: 26 37 33 10 30 19 42 38 5 25 12 13 17 44 50 7 14 36 29 20 2 48 47 49 32 46 35 41 8 31 1 34 43 11 16 27 21 24 9 45 39 40 4 28 3 6 18 23 15 22 
student 100: 24 39 38 8 20 13 33 42 3 16 11 12 21 32 44 7 18 34 27 14 10 47 45 48 26 46 36 43 1 40 2 37 35 9 17 31 28 30 4 50 41 49 6 29 5 15 23 22 19 25 
student 101: 17 40 30 12 31 16 35 44 4 21 15 10 27 43 49 5 19 37 28 23 3 46 48 50 25 41 32 42 2 36 1 34 47 11 8 22 24 33 6 45 39 38 7 29 9 13 18 20 14 26 
student 102: 23 37 34 12 33 17 39 41 1 24 15 14 22 40 49 5 20 30 29 16 2 47 45 50 26 46 28 43 7 38 4 35 44 6 19 31 21 32 3 48 36 42 9 27 8 11 18 13 10 25 
student 103: 20 36 31 12 28 11 38 35 2 21 13 15 19 39 48 7 22 32 26 25 3 47 46 50 29 49 34 41 1 37 4 33 43 14 16 30 23 42 5 45 40 44 6 27 8 9 17 18 10 24 
student 104: 25 36 33 14 34 12 38 40 6 21 13 10 20 41 49 3 23 32 29 16 8 47 48 50 27 44 30 39 4 37 2 24 43 9 15 35 22 31 1 45 46 42 7 28 5 11 17 18 19 26 
student 105: 26 35 32 10 29 18 48 41 13 27 17 11 20 37 49 7 14 31 28 19 3 46 47 50 24 43 36 42 1 39 8 33 44 9 12 34 21 30 6 45 38 40 2 25 5 4 22 15 16 23 
student 106: 22 39 33 9 32 18 37 40 1 25 13 15 23 36 50 8 24 31 28 12 5 41 49 46 30 44 34 43 6 38 4 35 48 10 20 21 14 27 3 47 42 45 7 29 2 11 19 17 16 26 
student 107: 26 39 36 11 31 16 38 41 2 23 20 13 19 37 48 8 18 28 32 17 6 50 49 46 25 43 34 45 1 35 4 33 44 10 14 29 21 30 7 47 40 42 3 27 9 12 15 24 5 22 
student 108: 20 38 30 13 24 14 35 40 1 28 21 16 25 37 50 7 15 33 22 19 6 49 47 48 29 42 36 41 5 43 2 32 44 17 10 26 27 34 11 46 39 45 4 31 3 8 23 12 9 18 
student 109: 23 46 34 9 36 13 35 44 1 20 16 14 19 39 50 5 21 33 28 15 2 48 45 49 25 47 32 43 3 38 6 31 42 10 17 27 22 29 4 40 37 41 8 30 7 12 24 18 11 26 
student 110: 26 43 29 10 30 13 36 47 1 23 14 16 22 38 40 6 17 33 28 18 3 49 48 50 24 42 37 41 4 35 2 31 44 8 15 34 20 32 5 45 39 46 7 25 11 9 21 19 12 27 
student 111: 21 38 39 11 30 13 41 37 5 29 18 16 23 40 42 6 19 27 25 17 1 50 47 49 28 45 32 44 3 36 4 34 43 9 15 31 14 33 7 48 46 35 2 24 8 10 22 20 12 26 
student 112: 19 36 29 6 30 18 39 44 1 20 9 22 21 37 48 10 23 33 32 17 8 45 46 50 27 41 38 47 5 35 2 34 49 13 7 28 24 31 3 42 43 40 11 26 4 14 16 15 12 25 
student 113: 25 35 41 9 33 12 29 36 1 20 13 15 23 43 49 6 22 27 24 16 3 46 48 50 30 47 31 40 2 37 4 38 42 11 18 34 21 32 8 44 39 45 7 28 5 10 17 19 14 26 
student 114: 22 41 40 10 31 11 36 42 1 27 23 14 21 43 45 9 20 26 24 17 6 47 50 49 13 39 32 35 5 34 2 37 38 7 16 33 29 28 3 44 46 48 8 25 4 12 19 18 15 30 
student 115: 24 44 27 8 29 13 39 36 1 21 17 14 22 35 48 9 18 30 33 20 7 46 49 50 28 43 37 41 4 31 5 40 42 10 19 38 26 23 2 47 34 45 3 32 6 11 16 15 12 25 
student 116: 25 37 28 18 31 10 40 34 2 26 11 13 16 47 49 8 20 32 21 19 4 42 48 50 23 44 35 43 3 36 1 39 45 5 17 33 24 30 7 46 41 38 9 29 6 12 22 14 15 27 
student 117: 23 38 30 15 32 10 33 39 1 25 18 12 20 41 49 7 19 35 22 24 2 48 44 50 21 47 36 43 4 37 3 31 42 14 13 29 9 34 5 45 40 46 8 28 6 11 26 17 16 27 
student 118: 28 38 46 11 33 18 39 35 1 21 12 13 23 41 49 6 22 30 31 20 5 48 43 50 27 44 34 32 8 37 2 36 45 10 15 17 26 29 3 47 40 42 4 25 7 9 16 19 14 24 
student 119: 22 34 37 11 31 19 36 39 2 20 7 14 27 41 48 4 17 29 26 18 1 46 44 49 24 50 35 45 8 40 6 32 43 10 15 28 23 33 12 47 42 38 5 25 3 9 21 16 13 30 
student 120: 19 39 27 9 33 11 34 37 1 21 14 13 23 41 49 6 20 25 24 18 5 48 47 50 29 42 38 46 4 35 2 36 44 17 16 31 26 30 7 45 43 40 10 32 3 12 15 22 8 28 
student 121: 21 41 32 8 28 9 33 39 2 30 13 16 22 42 47 7 20 31 27 12 6 50 48 49 24 46 35 40 3 36 1 37 43 11 18 29 15 34 4 45 38 44 17 26 5 14 19 23 10 25 
student 122: 25 40 34 8 33 22 36 38 4 19 11 15 18 42 50 5 21 32 26 17 3 47 49 48 24 45 39 43 2 37 1 31 44 9 16 30 23 29 6 46 35 41 12 27 7 13 20 14 10 28 
student 123: 33 35 32 8 28 14 36 44 2 25 10 15 20 39 50 7 22 29 26 19 5 41 49 47 27 46 34 42 1 40 3 37 43 16 12 30 23 31 4 48 38 45 9 24 6 13 17 21 11 18 
student 124: 22 41 25 9 30 12 38 44 3 31 19 8 21 42 47 5 13 29 24 15 6 48 49 50 26 39 34 35 7 37 1 36 43 17 23 33 11 32 4 46 40 45 10 28 2 14 20 18 16 27 
student 125: 24 40 33 9 26 12 37 42 2 22 13 15 20 41 49 4 21 32 30 18 14 46 47 50 25 44 38 36 1 34 3 35 48 10 19 27 23 31 5 45 39 43 8 28 6 11 16 17 7 29 
student 126: 20 41 30 9 34 16 40 42 2 21 14 11 28 38 44 5 18 31 24 13 3 45 50 49 23 48 36 46 6 37 4 32 43 10 19 33 29 26 1 47 35 39 7 25 8 12 27 17 15 22 
student 127: 21 41 38 4 30 11 37 23 1 25 14 16 19 36 50 9 17 35 28 26 5 49 46 48 27 43 33 44 7 40 3 31 45 2 12 34 20 32 8 47 42 39 10 29 6 13 22 18 15 24 
student 128: 22 38 36 5 30 15 34 43 1 19 12 11 20 40 50 8 21 32 35 14 7 49 44 45 28 46 39 47 3 33 2 31 48 10 16 23 26 29 4 41 37 42 9 24 6 13 18 17 25 27 
student 129: 23 35 29 10 27 16 34 48 3 25 15 13 20 43 50 8 19 30 26 18 5 46 44 49 24 45 36 40 6 41 2 37 47 11 17 33 32 31 1 42 38 39 7 28 4 9 22 12 14 21 
student 130: 19 40 32 26 30 15 39 46 2 22 25 9 17 38 44 8 18 36 24 14 7 48 41 49 23 43 37 45 1 33 3 31 42 12 13 29 20 34 4 50 35 47 6 28 11 5 21 10 16 27 
student 131: 20 34 35 9 28 14 39 43 2 21 12 10 15 40 50 5 16 36 29 17 1 49 48 47 30 44 25 42 8 33 3 38 41 6 24 32 18 31 13 46 37 45 11 26 4 22 23 19 7 27 
student 132: 23 35 32 12 30 10 39 42 1 24 14 19 22 37 45 2 21 34 29 17 7 50 46 43 25 44 38 40 5 41 4 33 49 11 16 31 18 27 9 47 36 48 8 28 3 6 20 13 15 26 
student 133: 24 36 26 6 28 13 38 37 1 25 17 15 21 43 45 7 20 33 29 19 5 48 49 50 27 44 32 41 4 34 2 39 42 11 14 31 22 35 3 47 46 40 9 30 8 10 18 16 12 23 
student 134: 29 37 31 8 24 10 39 40 2 21 19 12 23 41 48 1 26 36 25 14 7 46 47 49 32 45 38 44 5 22 3 35 50 11 15 30 18 33 4 43 34 42 6 28 9 16 20 13 17 27 
student 135: 19 37 35 9 30 15 38 39 1 23 10 13 21 41 47 5 14 33 29 22 7 48 50 49 28 43 36 42 4 32 2 40 46 8 17 31 20 34 3 45 26 44 6 25 12 11 24 18 16 27 
student 136: 25 37 33 15 30 7 41 42 1 27 13 10 20 44 48 4 18 36 28 24 6 43 50 49 21 39 34 46 2 29 3 31 47 14 17 32 22 26 8 45 40 38 11 35 5 9 19 16 12 23 
student 137: 22 36 39 12 29 9 34 41 1 25 10 17 23 38 47 2 18 30 28 20 5 46 44 50 19 42 31 48 4 35 3 37 45 6 16 33 24 32 8 49 40 43 7 27 13 15 21 14 11 26 
student 138: 22 37 30 7 34 14 31 42 2 24 19 16 17 41 46 5 13 38 33 21 6 48 50 45 23 39 32 49 3 36 1 27 44 11 18 35 20 26 8 43 40 47 10 29 4 9 25 15 12 28 
student 139: 23 37 26 6 31 13 38 41 1 22 12 15 19 40 48 7 21 28 30 20 3 49 47 50 25 44 35 42 2 36 5 34 45 10 16 29 27 33 4 46 39 43 11 32 9 14 18 17 8 24 
student 140: 30 37 31 8 27 12 36 41 4 22 16 14 21 42 46 7 13 38 26 18 9 43 48 50 25 47 44 34 3 35 1 33 49 2 17 32 23 29 5 45 40 39 15 28 10 6 20 19 11 24 
student 141: 28 38 42 12 27 10 37 39 1 21 15 14 22 41 48 7 19 26 30 18 3 50 47 49 24 46 33 43 4 32 2 31 45 11 16 36 20 35 5 40 34 44 8 29 6 9 23 17 13 25 
student 142: 16 37 31 9 30 13 36 46 4 24 14 15 19 39 43 6 22 38 25 21 2 44 50 47 27 45 35 48 3 34 1 33 49 10 20 29 23 32 8 41 40 42 5 28 7 12 17 18 11 26 
student 143: 29 41 32 12 31 14 40 42 4 22 20 19 21 44 50 2 18 34 25 13 1 46 47 49 23 38 37 48 5 39 7 36 45 8 17 27 16 30 3 43 33 35 10 26 6 9 15 28 11 24 
student 144: 20 38 32 11 29 14 36 42 1 28 13 15 26 37 48 5 24 21 31 17 7 46 49 45 25 47 34 44 6 40 3 23 43 9 16 35 27 33 2 50 41 39 8 30 4 12 19 10 22 18 
student 145: 22 43 34 8 26 12 36 40 1 19 16 14 21 44 50 11 23 33 24 25 4 38 49 47 29 45 28 42 2 35 3 31 46 7 18 32 15 41 5 48 37 39 6 30 10 9 20 17 13 27 
student 146: 24 37 33 10 26 14 38 40 1 25 16 11 20 44 49 8 18 31 28 21 3 47 45 50 22 42 36 48 2 35 4 34 46 9 17 29 23 30 5 43 39 41 6 27 12 7 19 15 13 32 
student 147: 21 47 30 17 26 7 38 40 1 24 15 14 12 36 50 11 19 32 28 18 6 48 44 46 25 37 41 43 3 34 2 39 42 10 16 35 29 27 9 45 31 49 4 33 5 13 22 20 8 23 
student 148: 23 37 34 7 27 13 41 46 2 22 16 14 25 38 49 10 20 32 31 17 4 47 48 50 24 43 45 35 3 33 1 36 42 11 8 28 26 29 5 44 39 40 6 21 9 15 18 19 12 30 
student 149: 26 40 29 9 31 11 35 41 1 30 18 13 17 42 49 6 21 27 28 16 3 46 47 50 22 45 33 48 5 37 4 39 44 10 15 32 24 34 2 43 36 38 8 25 7 14 19 23 12 20 
student 150: 37 33 30 11 28 14 39 38 2 20 12 15 17 35 48 1 18 36 27 24 5 50 49 47 23 44 31 42 4 41 3 34 45 16 22 32 19 29 6 43 46 40 8 25 7 9 21 13 10 26 
student 151: 28 36 26 10 29 5 33 37 2 30 18 14 24 38 48 11 20 34 25 19 6 49 46 50 22 47 35 43 4 39 1 40 41 9 15 31 27 32 3 45 42 44 7 23 8 13 16 17 12 21 
student 152: 24 35 44 7 21 12 37 41 4 22 13 14 20 39 50 5 25 36 28 18 1 49 46 43 26 48 33 42 3 34 9 31 45 8 19 32 23 29 2 47 38 40 6 27 10 11 16 15 17 30 
student 153: 28 33 30 5 31 11 39 46 2 18 12 24 17 35 48 13 19 32 26 20 4 47 50 49 25 40 37 44 6 38 1 36 43 3 14 29 23 34 8 45 41 42 10 27 9 7 21 15 16 22 
student 154: 23 33 32 13 34 14 37 41 1 20 12 10 24 40 43 8 22 30 26 19 2 50 45 49 27 47 35 38 3 42 5 36 48 7 16 28 21 29 11 46 39 44 6 31 4 15 18 17 9 25 
student 155: 24 37 40 12 26 10 33 43 2 27 14 13 23 39 47 9 20 35 31 18 5 46 38 50 21 48 41 45 1 29 3 36 44 11 16 30 22 32 8 49 34 42 7 25 6 15 19 17 4 28 
student 156: 23 41 30 11 33 13 38 37 1 25 16 15 20 40 46 7 19 32 29 18 3 48 47 50 26 42 35 43 2 36 6 34 44 10 17 31 21 27 4 45 39 49 8 28 5 14 24 12 9 22 
student 157: 24 39 33 9 28 18 38 42 4 27 17 16 22 43 41 12 21 32 25 19 7 49 48 50 31 44 36 45 2 37 5 30 47 1 15 26 20 34 10 46 35 40 6 29 11 13 8 3 14 23 
student 158: 28 36 31 16 30 14 42 41 3 22 15 10 20 44 48 6 19 37 29 24 4 50 47 49 21 46 35 40 2 38 1 27 34 12 11 32 25 33 7 45 39 43 5 23 13 8 18 17 9 26 
student 159: 23 38 37 9 35 11 36 40 2 22 17 18 27 32 50 4 21 28 31 13 8 47 46 48 26 44 29 43 1 42 7 30 49 12 14 33 20 34 3 45 39 41 5 25 10 6 16 19 15 24 
student 160: 26 39 34 11 35 20 45 40 1 23 13 14 25 38 42 5 16 33 29 15 9 47 44 48 27 49 37 41 4 30 6 31 46 10 19 24 22 32 3 50 36 43 7 28 2 8 21 17 12 18 
student 161: 23 38 31 10 25 19 37 40 1 22 17 12 24 39 50 7 20 43 29 21 4 46 48 49 27 44 34 42 2 33 6 35 47 8 15 30 14 32 3 45 36 41 13 28 5 11 9 18 16 26 
student 162: 24 38 31 12 29 13 34 41 3 23 10 11 20 40 48 9 28 33 25 17 5 50 43 46 22 47 37 42 6 36 2 35 49 1 15 27 19 32 7 45 39 44 16 26 4 8 21 18 14 30 
student 163: 16 37 34 8 39 13 35 40 1 20 11 14 23 43 44 7 19 30 33 26 5 42 49 50 24 41 31 48 3 46 2 28 47 10 15 29 21 32 4 38 36 45 9 27 6 12 18 25 17 22 
student 164: 23 40 34 10 24 17 35 45 1 25 14 12 22 41 48 3 19 37 27 20 2 50 49 36 28 44 39 43 5 38 4 29 46 13 18 33 26 31 6 47 32 42 8 30 7 9 16 15 11 21 
student 165: 24 40 28 8 27 15 36 41 1 26 11 14 19 42 45 9 17 35 30 21 5 44 47 49 25 48 32 50 4 37 3 39 43 7 18 34 23 33 10 46 38 31 6 29 2 12 20 16 13 22 
student 166: 20 33 34 10 30 14 37 39 1 25 22 13 18 38 50 6 23 35 27 15 7 48 47 49 26 44 42 43 2 32 4 36 46 11 17 31 19 29 3 45 40 41 8 24 5 9 16 21 12 28 
student 167: 19 36 35 10 28 16 37 40 4 21 14 9 13 39 50 8 20 33 30 22 6 49 46 48 26 42 38 41 2 47 15 34 44 7 17 32 24 31 1 43 29 45 5 27 3 11 23 18 12 25 
student 168: 28 36 32 9 27 11 41 40 6 26 16 14 20 45 50 3 18 37 33 17 4 42 48 49 29 43 35 38 2 34 1 23 44 10 25 31 22 30 5 46 39 47 8 24 7 13 19 21 12 15 
student 169: 29 36 37 11 25 7 35 38 1 28 15 23 17 40 50 9 16 30 21 14 8 49 46 47 24 45 31 43 5 33 2 39 48 12 13 32 20 27 4 44 41 42 10 22 6 19 34 18 3 26 
student 170: 16 39 32 20 26 10 36 41 2 17 25 12 21 42 45 7 15 35 27 14 4 48 44 49 22 46 38 37 1 31 3 34 43 5 11 30 33 28 6 47 40 50 9 29 8 13 18 23 19 24 
student 171: 23 38 36 11 33 14 34 42 2 24 13 17 22 48 50 4 19 31 27 16 6 49 44 47 25 35 32 45 3 46 1 37 40 10 15 30 21 29 8 43 39 41 9 26 7 5 20 18 12 28 
student 172: 23 38 34 9 24 14 36 42 2 21 18 13 17 40 49 5 20 30 28 22 1 48 46 50 27 41 37 43 3 35 7 31 45 8 15 32 25 33 10 47 39 44 6 26 4 11 16 19 12 29 
student 173: 33 39 28 10 26 14 37 40 1 19 21 17 13 44 47 6 16 31 24 18 3 48 46 50 20 43 36 45 9 35 2 34 41 5 22 32 25 30 4 49 38 42 11 27 8 12 29 15 7 23 
student 174: 24 28 32 12 29 14 47 39 1 21 15 17 22 37 50 7 20 38 30 23 2 49 43 46 25 44 34 40 5 35 3 36 45 6 18 31 26 33 10 48 41 42 4 27 8 9 13 16 11 19 
student 175: 24 38 31 8 29 13 36 44 1 28 10 15 22 45 50 6 21 35 27 19 5 47 46 48 23 40 32 41 3 37 2 30 43 12 16 34 26 33 9 49 39 42 7 25 4 14 17 18 11 20 
student 176: 25 33 31 17 30 13 45 37 2 15 20 10 23 35 48 6 24 34 36 14 5 47 44 49 22 42 38 50 3 41 1 32 46 16 12 28 19 29 4 39 43 40 7 27 8 9 18 21 11 26 
student 177: 22 39 33 12 29 15 41 43 1 24 19 17 21 38 49 8 18 28 32 20 3 47 48 50 26 44 37 40 5 35 2 34 42 6 16 30 23 31 4 45 36 46 10 27 7 11 9 13 14 25 
student 178: 12 38 30 6 33 14 35 42 1 25 15 11 23 40 50 5 19 36 22 20 2 48 46 49 31 39 32 44 4 37 3 28 45 7 24 29 21 34 10 47 43 41 13 27 9 8 17 18 16 26 
student 179: 23 34 35 7 26 16 40 42 2 24 12 11 27 41 44 9 21 30 29 19 3 49 47 50 28 45 36 39 1 33 4 38 48 10 13 31 22 32 5 46 37 43 18 25 8 6 15 14 20 17 
student 180: 22 34 31 10 28 11 37 39 2 24 16 17 21 42 48 8 23 33 26 19 4 49 45 50 20 43 35 44 5 41 1 36 46 6 14 32 25 29 7 47 38 40 12 27 3 9 15 18 13 30 
student 181: 14 39 31 10 30 16 35 40 3 22 13 9 25 37 48 8 19 33 29 18 6 45 50 49 24 42 41 43 1 34 5 36 46 11 17 20 26 32 2 44 38 47 4 28 7 15 21 23 12 27 
student 182: 24 45 34 5 19 15 39 37 1 26 18 22 20 36 46 8 17 31 28 23 2 50 44 41 27 47 33 42 4 35 3 38 49 10 12 21 30 32 6 48 40 43 9 25 7 11 16 14 13 29 
student 183: 18 34 37 12 31 16 33 42 10 20 11 8 17 40 48 9 22 36 25 7 5 39 47 49 24 46 32 43 1 41 2 26 45 3 23 35 29 28 4 50 38 44 6 30 15 13 14 19 21 27 
student 184: 18 33 30 6 32 21 37 39 2 25 13 15 17 41 45 7 22 36 27 19 1 48 40 49 26 44 35 46 9 42 3 31 47 10 14 29 20 34 8 50 38 43 5 28 11 4 23 16 12 24 
student 185: 24 36 31 11 33 14 37 41 5 25 20 13 23 43 50 8 18 34 26 16 1 49 46 47 29 42 28 44 2 32 3 35 45 9 15 39 22 30 6 48 38 40 7 27 4 10 21 17 12 19 
student 186: 21 36 28 10 30 13 35 39 3 25 16 14 20 38 46 4 23 33 29 15 8 43 49 50 22 47 31 48 1 45 11 42 40 12 2 34 27 26 7 41 37 44 5 24 6 18 19 17 9 32 
student 187: 25 37 33 11 28 12 34 44 2 19 17 16 23 39 49 8 18 24 31 14 5 47 42 48 22 46 36 43 3 38 1 35 45 4 13 26 27 32 6 50 40 41 9 29 7 10 21 20 15 30 
student 188: 22 42 35 8 32 18 36 43 1 23 10 13 17 41 50 3 15 28 26 21 4 45 48 47 24 46 29 33 6 37 2 38 44 11 25 34 16 31 9 49 40 39 7 30 5 12 19 20 14 27 
student 189: 24 36 30 10 31 15 37 41 1 20 17 8 16 39 40 9 22 32 23 18 3 50 48 47 25 42 44 43 2 34 4 38 46 12 21 29 26 33 6 49 35 45 7 28 5 14 19 11 13 27 
student 190: 18 38 35 13 27 11 40 39 2 22 17 12 16 41 50 8 29 30 28 21 6 48 45 49 25 47 31 46 1 37 5 36 43 10 15 33 20 32 3 44 34 42 9 23 4 7 24 19 14 26 
student 191: 24 37 34 8 29 7 39 40 2 25 13 14 20 38 50 9 21 31 26 17 3 47 48 49 27 42 36 45 4 32 6 33 43 10 15 30 23 35 16 46 41 44 5 22 1 11 19 18 12 28 
student 192: 25 32 39 14 29 8 35 34 1 22 11 13 20 43 50 7 18 40 33 15 3 45 48 49 24 44 30 41 4 36 2 37 42 10 12 28 31 27 6 46 38 47 9 26 5 17 21 19 16 23 
student 193: 21 47 29 5 28 11 38 36 1 25 16 14 22 41 50 7 18 37 24 15 3 40 43 48 27 45 35 49 2 32 6 34 42 9 19 33 23 31 10 46 39 44 8 30 4 13 20 17 12 26 
student 194: 20 40 32 7 28 9 39 38 5 23 15 14 19 36 47 10 21 35 26 27 11 45 50 49 25 48 37 44 8 33 1 34 46 2 17 30 24 31 4 43 41 42 6 29 3 13 18 16 12 22 
student 195: 22 40 27 11 30 14 37 42 1 24 16 12 21 41 46 2 23 31 29 15 4 47 49 48 20 38 34 44 5 35 9 33 45 6 10 39 25 32 8 50 36 43 17 26 7 3 18 19 13 28 
student 196: 20 37 26 8 30 7 39 41 2 29 13 21 19 40 47 10 16 31 33 23 3 49 48 50 25 43 35 42 4 38 1 32 46 12 11 34 24 27 6 45 36 44 9 28 5 14 18 17 15 22 
student 197: 18 38 35 6 32 14 31 37 1 22 11 16 23 41 48 12 20 40 24 17 2 46 49 50 28 42 34 47 4 36 3 30 43 9 21 33 27 26 10 45 39 44 5 29 7 8 19 15 13 25 
student 198: 25 38 33 14 28 15 35 41 1 22 13 9 17 40 44 4 24 34 30 23 7 50 48 49 26 47 36 46 6 37 2 32 43 10 20 31 18 29 11 42 39 45 5 19 3 8 21 16 12 27 
student 199: 24 36 32 8 28 20 38 45 3 25 16 13 22 35 50 7 21 34 39 17 4 48 46 49 26 40 30 44 5 37 1 31 47 10 9 19 23 29 2 41 42 43 12 33 6 14 27 15 11 18 
student 200: 25 37 33 16 27 15 34 41 1 28 17 12 14 42 46 7 20 32 23 8 6 49 50 45 26 43 35 40 3 39 2 36 47 13 21 24 19 31 9 48 38 44 5 22 4 11 18 29 10 30 
student 201: 27 38 36 11 21 14 39 40 1 28 15 12 17 47 49 5 25 32 33 20 2 50 48 46 29 41 30 45 9 35 4 34 42 8 19 31 18 23 3 43 37 44 7 26 13 6 24 16 10 22 
student 202: 26 37 34 10 23 8 40 44 2 29 20 17 22 35 48 3 18 36 30 15 1 46 50 38 28 41 31 42 7 32 4 39 47 9 21 27 24 33 12 49 43 45 5 25 6 13 16 14 11 19 
student 203: 22 44 34 15 30 10 37 36 1 28 17 14 23 39 48 8 18 33 26 13 5 47 46 50 25 49 35 38 4 42 3 31 45 7 19 32 21 29 11 41 43 40 9 27 2 12 16 20 6 24 
student 204: 22 37 39 13 33 2 35 38 1 26 17 15 21 46 47 9 14 41 27 20 10 49 48 50 28 44 30 42 4 31 3 34 40 7 24 29 23 32 5 43 36 45 8 25 6 11 19 12 18 16 
student 205: 23 39 38 9 27 13 34 40 3 28 14 15 20 42 37 10 25 31 30 18 4 48 46 50 26 41 35 49 5 36 1 32 43 12 17 29 22 33 8 47 44 45 7 21 2 6 19 16 11 24 
student 206: 22 40 33 10 23 14 34 36 4 25 12 13 18 41 44 7 16 35 30 17 3 49 47 45 26 50 38 42 1 39 2 28 46 9 19 32 21 31 5 43 37 48 8 29 6 15 24 20 11 27 
student 207: 19 40 35 6 31 15 44 39 1 28 13 12 21 34 50 9 18 37 27 20 5 49 47 45 26 48 29 43 4 32 2 30 46 14 16 36 23 38 3 42 33 41 10 24 7 11 22 17 8 25 
student 208: 30 36 37 8 28 15 33 41 1 22 11 16 21 40 49 7 18 29 26 19 9 46 50 47 24 45 39 44 2 35 6 32 42 5 14 31 23 34 4 48 38 43 13 27 3 10 20 17 12 25 
student 209: 19 41 26 9 27 17 39 40 1 28 7 10 25 38 48 3 23 32 31 16 8 49 46 50 21 45 34 44 4 37 6 35 43 12 14 29 20 33 2 47 36 42 11 24 5 13 18 22 15 30 
student 210: 24 39 27 4 26 7 35 42 6 22 13 14 21 37 50 5 20 34 32 18 1 48 47 49 23 43 36 40 11 38 2 33 46 12 10 29 25 30 3 44 41 45 16 28 8 9 19 17 15 31 
student 211: 21 40 35 7 32 12 42 39 1 23 18 13 20 43 47 8 24 29 28 19 6 48 41 49 26 50 31 45 3 36 2 34 46 15 17 33 22 30 4 44 37 38 9 27 5 11 14 16 10 25 
student 212: 21 36 29 11 33 17 41 40 1 24 15 10 22 50 48 8 18 37 27 20 6 45 46 49 26 43 38 32 2 35 5 34 47 12 14 31 19 30 7 44 39 42 9 25 3 13 16 23 4 28 
student 213: 21 36 31 9 25 13 32 42 1 24 12 19 17 40 49 7 28 33 26 20 2 46 47 48 23 44 34 45 4 35 3 38 41 10 16 37 18 29 6 50 39 43 5 30 8 11 22 15 14 27 
student 214: 19 38 34 9 37 8 30 40 3 22 15 14 17 35 46 10 24 42 28 18 7 49 50 48 25 45 32 44 2 33 1 36 47 6 23 29 20 31 4 41 43 39 12 26 5 11 21 16 13 27 
student 215: 25 38 26 19 21 15 41 42 1 28 9 17 14 35 47 7 20 37 27 13 6 50 40 48 29 44 33 43 3 34 2 36 45 10 18 32 23 30 4 46 39 49 8 31 5 11 16 22 12 24 
student 216: 19 36 39 9 27 12 44 41 3 25 14 15 24 37 48 2 22 33 30 16 5 50 43 49 20 42 32 46 10 31 4 34 45 7 17 28 23 35 8 47 38 40 1 29 6 11 18 21 13 26 
student 217: 21 37 36 13 34 8 32 47 3 22 20 9 25 43 49 16 19 24 31 17 4 48 46 50 28 45 35 40 2 33 1 42 44 7 14 29 23 30 6 41 38 39 12 26 10 5 18 15 11 27 
student 218: 24 42 32 7 29 10 45 37 2 30 18 12 20 38 49 3 16 33 27 19 6 46 43 50 28 36 40 48 4 41 1 34 47 11 14 31 21 25 5 39 35 44 13 22 8 15 26 17 9 23 
student 219: 15 37 38 8 30 13 40 39 4 25 17 14 24 43 47 11 23 36 29 22 2 45 46 49 26 42 35 41 1 31 3 33 44 6 20 27 19 32 7 50 34 48 5 21 9 12 18 16 10 28 
student 220: 18 33 35 6 29 11 30 40 2 26 25 13 21 39 49 5 19 36 28 23 4 48 46 50 15 41 37 47 3 42 1 32 44 12 17 34 20 31 8 45 38 43 10 24 7 16 27 14 9 22 
student 221: 23 41 33 12 31 21 38 42 3 24 13 16 22 40 48 10 20 34 30 14 4 49 47 50 25 39 35 44 2 32 1 36 46 6 19 29 18 28 9 43 37 45 11 26 5 8 17 15 7 27 
student 222: 21 41 22 10 25 8 45 37 1 15 14 19 28 36 50 12 17 34 30 20 4 47 48 49 24 43 39 40 3 35 2 33 46 11 16 29 26 31 5 44 38 42 7 27 6 9 23 18 13 32 
student 223: 25 39 36 8 32 13 40 38 3 22 17 16 20 41 48 15 21 30 27 14 5 49 47 50 28 42 35 43 7 31 1 34 44 9 18 29 24 33 2 46 37 45 6 26 4 11 19 12 10 23 
student 224: 31 38 28 9 24 21 35 43 4 19 20 17 18 41 47 1 22 34 26 14 6 49 50 46 29 42 37 44 7 40 3 32 45 5 13 30 23 33 2 48 36 39 10 27 8 11 15 12 16 25 
student 225: 21 38 36 12 29 15 41 40 2 24 14 19 22 44 49 5 18 31 27 20 4 48 47 50 26 42 28 46 1 37 9 33 43 11 16 34 30 32 3 45 39 35 7 25 6 10 17 13 8 23 
student 226: 23 40 31 12 34 15 35 37 2 25 17 13 22 43 47 5 19 30 28 18 3 48 50 46 27 42 32 41 6 33 1 39 44 9 14 29 16 36 7 45 38 49 8 26 4 11 20 21 10 24 
student 227: 22 35 32 11 28 16 36 43 2 25 17 10 21 41 50 1 19 39 30 20 6 48 47 49 26 40 42 44 4 34 3 31 45 9 15 29 24 33 8 38 37 46 5 27 7 12 18 14 13 23 
student 228: 26 38 33 11 32 13 35 37 1 23 16 15 22 40 42 10 19 31 28 18 6 49 50 44 30 45 36 43 4 41 2 34 47 3 14 24 20 29 8 48 39 46 7 27 5 9 21 17 12 25 
student 229: 24 36 30 9 31 16 46 39 5 22 17 11 18 34 44 14 20 32 25 21 6 49 42 50 28 41 37 35 3 38 1 33 45 7 12 29 23 40 2 48 43 47 8 27 4 10 19 15 13 26 
student 230: 23 37 30 17 28 9 35 41 1 24 11 15 22 42 50 7 20 38 31 13 2 48 47 46 25 44 34 45 5 36 4 32 43 12 16 27 18 33 3 49 39 40 8 29 6 14 19 21 10 26 
student 231: 22 39 34 12 33 19 41 36 7 20 14 17 23 38 50 10 16 32 30 15 1 49 48 47 27 46 37 40 3 24 2 31 45 6 25 35 18 29 4 44 43 42 9 28 5 8 21 13 11 26 
student 232: 26 41 25 9 30 18 37 45 1 27 13 12 20 39 47 3 22 32 21 16 8 46 44 50 23 40 34 43 7 36 5 35 48 2 15 33 24 31 4 49 38 42 6 28 10 11 17 19 14 29 
student 233: 23 36 35 9 27 12 37 50 1 24 17 16 21 39 47 8 19 33 32 14 4 48 46 49 29 43 38 42 3 31 2 30 44 6 13 28 18 34 10 45 40 41 5 25 7 20 22 15 11 26 
student 234: 20 42 31 9 29 13 38 39 4 23 14 12 21 41 50 6 22 30 28 19 5 46 48 47 26 44 36 40 3 37 1 35 49 11 17 27 25 34 2 45 33 43 8 32 7 16 18 15 10 24 
student 235: 21 38 33 11 24 14 36 40 2 28 13 18 17 41 49 7 26 35 25 12 4 43 48 44 29 46 37 47 3 31 1 34 50 9 20 32 22 30 5 42 39 45 6 23 8 15 19 16 10 27 
student 236: 23 37 33 13 30 10 36 41 2 27 11 14 24 40 46 7 17 31 26 16 1 49 44 50 25 43 35 48 3 34 5 20 45 4 15 32 19 38 6 42 39 47 9 29 8 12 22 21 18 28 
student 237: 22 35 32 12 27 11 43 45 1 19 15 17 21 39 48 6 24 33 28 18 3 46 49 50 31 41 34 44 4 38 2 36 47 9 16 29 23 30 7 42 40 37 5 26 8 14 10 20 13 25 
student 238: 21 44 30 22 28 12 37 39 1 20 15 14 25 40 49 9 24 31 29 16 4 50 48 47 27 42 34 43 2 36 3 32 41 5 17 26 11 35 6 46 38 45 13 33 8 7 19 18 10 23 
student 239: 23 38 36 11 31 15 37 42 2 20 13 16 21 39 49 7 14 30 28 18 1 47 48 50 27 44 34 41 4 32 10 33 46 9 17 24 26 35 5 45 40 43 8 29 3 6 19 25 12 22 
student 240: 23 38 28 6 41 12 39 35 7 24 13 11 19 44 48 14 18 32 29 22 8 47 46 50 27 45 34 42 3 37 2 33 40 15 17 25 21 31 1 49 43 36 4 20 5 10 30 16 9 26 
student 241: 23 39 33 13 29 14 38 47 2 27 15 16 21 42 49 10 20 35 26 18 6 50 44 46 28 36 37 43 4 31 3 34 45 7 19 32 24 30 5 48 40 41 1 22 8 9 17 11 12 25 
student 242: 26 31 35 9 36 15 39 34 1 23 13 12 16 42 46 10 21 30 27 19 3 49 44 50 22 43 37 48 7 45 2 33 47 6 17 28 24 32 4 40 38 41 5 29 8 14 20 18 11 25 
student 243: 26 38 32 11 25 13 35 43 3 22 15 17 23 42 50 6 18 33 27 19 1 47 46 49 30 48 37 44 4 36 5 34 41 7 24 29 12 31 2 45 39 40 9 20 10 16 21 14 8 28 
student 244: 24 41 29 8 31 14 39 40 2 23 15 12 18 38 47 5 20 34 28 16 1 50 46 49 21 45 30 43 9 35 4 36 48 13 17 33 25 32 6 44 37 42 7 27 3 10 22 19 11 26 
student 245: 23 46 32 9 28 13 35 45 2 22 25 15 21 36 50 7 18 37 29 24 6 48 47 49 27 44 30 41 4 33 1 38 40 8 17 34 19 31 5 43 39 42 11 26 3 10 20 14 12 16 
student 246: 28 40 35 9 29 15 31 42 2 20 14 8 18 41 49 6 22 30 33 17 10 48 47 50 27 46 36 38 4 37 3 32 44 12 24 34 19 26 7 45 39 43 1 23 5 11 16 21 13 25 
student 247: 23 39 32 11 30 14 36 42 2 24 8 13 21 41 47 7 20 37 29 15 3 48 50 49 27 45 33 44 5 38 1 35 43 10 17 28 25 31 4 46 40 34 9 26 6 12 19 18 16 22 
student 248: 23 40 27 11 28 14 33 45 1 31 19 15 20 39 44 5 22 30 26 18 2 49 42 47 25 50 35 41 3 36 7 37 46 8 13 34 21 32 4 48 38 43 6 29 9 10 17 16 12 24 
student 249: 25 47 26 12 33 14 35 37 2 23 19 9 20 43 46 7 17 31 21 11 3 49 45 50 27 44 36 40 4 32 1 34 42 10 16 24 28 38 6 48 39 41 8 29 5 15 18 22 13 30 
student 250: 24 38 32 13 31 11 41 35 1 25 16 12 17 39 48 9 21 33 28 20 5 50 47 49 23 46 36 42 3 43 4 34 44 6 15 26 22 29 7 45 37 40 8 30 2 10 19 18 14 27 
student 251: 33 39 31 13 28 16 35 44 1 22 18 11 24 41 49 7 19 30 27 8 6 48 43 50 23 47 32 42 4 38 3 34 45 12 14 29 21 36 5 46 37 40 10 25 2 9 20 17 15 26 
student 252: 23 39 35 9 25 15 38 40 3 32 16 18 26 37 50 8 21 27 20 13 7 48 45 49 28 44 33 43 2 47 1 34 36 12 19 30 22 29 6 41 42 46 11 31 4 5 14 17 10 24 
student 253: 25 47 34 9 27 12 33 40 3 18 19 15 22 36 49 11 17 30 28 14 2 48 46 50 24 42 35 44 4 37 1 31 43 8 20 32 23 38 5 45 39 41 6 21 7 10 16 26 13 29 
student 254: 26 41 40 13 25 17 36 48 4 21 14 24 23 37 50 9 15 34 31 19 1 45 47 46 28 38 29 42 6 33 11 49 43 10 12 35 18 32 3 39 30 44 2 22 5 8 20 16 7 27 
student 255: 23 44 28 6 30 10 48 37 4 21 15 19 22 39 50 12 20 34 16 17 3 46 45 49 33 40 38 42 1 35 7 32 41 14 11 26 27 31 5 47 36 43 2 25 8 9 24 18 13 29 
student 256: 23 39 29 11 31 14 38 42 5 15 13 17 22 37 47 4 20 33 24 19 3 43 50 49 27 44 36 48 2 32 1 34 41 8 16 30 25 35 6 46 40 45 9 28 7 10 21 18 12 26 
student 257: 30 36 37 7 32 22 33 39 2 21 11 9 16 40 46 5 20 25 26 14 4 45 47 50 24 43 34 48 10 38 3 29 44 12 19 18 28 31 6 49 41 42 17 27 1 13 23 15 8 35 
student 258: 17 38 31 9 32 19 37 40 1 27 16 12 25 45 50 8 18 35 26 20 4 47 48 49 24 41 33 46 3 34 2 36 43 10 11 30 22 28 5 44 39 42 7 29 6 13 23 14 15 21 
student 259: 24 37 35 8 29 12 38 42 1 22 14 15 19 36 41 7 20 33 28 18 2 49 48 50 25 45 34 43 3 40 6 32 47 9 17 31 23 30 4 46 39 44 10 27 5 11 26 16 13 21 
student 260: 28 39 33 9 29 18 38 45 1 23 16 10 22 43 46 2 20 35 27 15 5 42 50 49 19 48 32 44 7 36 4 34 47 11 14 31 24 30 3 41 37 40 8 25 6 21 17 12 13 26 
student 261: 26 38 34 11 28 10 36 40 1 25 18 13 24 35 45 5 21 32 23 17 4 50 48 49 29 46 44 42 2 37 3 27 47 8 15 31 22 33 6 43 39 41 12 30 9 16 20 14 7 19 
student 262: 23 39 31 11 32 19 40 37 3 25 14 16 20 36 49 7 15 42 26 13 5 46 48 50 22 43 34 45 2 38 1 35 44 8 10 33 21 29 4 47 28 41 9 30 6 12 18 27 17 24 
student 263: 25 42 31 11 24 13 40 39 1 32 14 18 23 38 49 6 21 30 28 17 3 47 46 48 26 44 36 43 10 34 4 37 50 8 16 33 22 29 2 41 35 45 7 27 5 9 19 15 12 20 
student 264: 20 38 33 10 29 14 35 42 4 27 15 19 21 40 50 9 16 30 28 18 3 46 49 48 25 39 34 43 1 36 2 41 45 8 12 32 23 31 5 47 37 44 7 26 6 13 17 22 11 24 
student 265: 22 41 32 10 23 6 36 39 13 28 20 12 29 38 49 5 18 35 33 17 2 47 48 50 25 42 37 40 4 30 11 26 43 1 7 24 19 34 3 44 45 46 8 31 9 14 15 21 16 27 
student 266: 23 36 32 14 31 19 41 37 3 21 12 9 15 44 49 4 20 34 30 13 8 46 48 45 24 39 35 50 2 33 5 43 40 7 11 28 26 29 1 38 42 47 16 25 6 10 17 22 18 27 
student 267: 24 35 42 10 29 15 40 44 2 19 14 22 21 41 48 7 17 30 25 20 8 49 47 50 27 39 34 45 5 37 1 26 46 4 6 31 28 32 3 43 36 38 11 33 9 12 18 16 13 23 
student 268: 23 28 35 9 19 17 36 41 3 26 10 14 21 40 49 11 18 32 27 22 5 47 45 50 25 46 39 48 1 38 2 37 42 12 13 33 24 30 4 44 34 43 7 31 6 8 20 15 16 29 
student 269: 24 35 34 10 30 14 39 42 5 28 19 9 20 41 46 6 18 31 29 15 7 49 48 50 25 43 36 44 1 37 3 27 47 8 21 33 22 32 4 45 38 40 12 26 2 11 16 13 17 23 
student 270: 24 38 29 5 30 13 37 39 1 25 17 15 21 36 49 7 20 41 28 19 6 48 47 50 32 40 35 44 4 43 3 33 45 12 10 27 22 31 8 46 34 42 9 26 2 18 16 14 11 23 
student 271: 27 47 32 14 26 23 35 42 1 20 11 9 19 41 49 7 15 34 29 13 4 46 50 45 28 48 36 38 3 39 2 33 40 16 17 31 25 30 5 44 37 43 6 24 21 8 18 12 10 22 
student 272: 25 38 32 8 30 10 36 41 3 26 15 11 21 37 46 4 22 31 23 20 1 47 49 50 29 45 35 43 5 33 7 39 44 9 13 28 17 34 2 48 42 40 6 24 18 12 16 19 14 27 
student 273: 25 33 29 11 31 13 42 47 1 21 19 14 27 38 49 5 18 34 24 16 4 48 46 50 22 41 32 43 2 35 3 36 44 12 15 26 23 37 6 45 39 40 9 28 8 10 17 20 7 30 
student 274: 21 37 30 13 26 6 36 44 1 23 17 14 20 39 47 7 22 35 25 19 4 50 41 42 31 45 32 46 3 43 5 34 48 2 18 33 29 28 8 49 38 40 11 24 9 10 16 12 15 27 
student 275: 23 41 34 7 33 14 36 46 1 30 17 10 21 37 49 9 19 31 24 20 6 47 38 50 26 48 40 44 5 35 2 32 45 11 13 25 28 27 3 42 43 39 4 29 8 12 18 16 15 22 
student 276: 22 31 30 5 32 17 40 39 1 23 14 18 21 41 50 7 20 29 26 13 2 46 48 49 25 44 36 42 6 37 3 35 45 10 16 33 27 34 8 47 38 43 9 24 4 11 19 15 12 28 
student 277: 24 37 32 16 25 13 40 44 4 26 14 12 19 38 50 7 18 35 28 20 10 49 48 45 27 42 33 46 3 36 1 34 41 9 15 21 29 31 2 47 39 43 6 23 5 11 22 17 8 30 
student 278: 23 37 27 12 33 18 41 39 7 24 15 13 20 38 49 9 26 32 25 21 2 42 48 50 31 44 35 47 1 36 3 34 45 14 11 30 19 17 5 46 40 43 10 29 6 16 4 22 8 28 
student 279: 24 34 28 11 27 14 40 45 1 25 20 12 23 39 43 7 19 36 26 15 4 50 47 49 16 41 37 44 3 38 2 33 42 9 17 35 22 31 6 48 32 46 13 30 5 8 21 18 10 29 
student 280: 26 44 29 8 27 12 39 40 1 24 15 18 23 36 50 4 16 32 21 19 9 49 45 43 25 42 38 47 3 35 2 34 46 10 14 33 28 31 5 48 37 41 6 30 7 11 17 20 13 22 
student 281: 24 36 32 9 33 14 38 39 1 23 15 17 22 45 49 5 20 34 30 25 8 47 50 48 26 44 29 42 3 35 4 37 46 10 16 28 19 31 2 40 43 41 6 27 7 11 21 13 12 18 
student 282: 24 39 33 11 30 14 38 43 1 22 19 12 25 37 50 9 21 34 31 16 5 46 47 48 26 49 35 44 4 36 3 29 45 7 15 28 27 32 6 42 41 40 10 23 2 13 18 17 8 20 
student 283: 29 41 24 13 28 21 39 34 1 18 16 11 20 42 47 8 23 33 25 12 4 44 46 48 30 45 37 43 2 36 3 35 49 6 19 31 26 32 5 50 38 40 9 27 14 7 17 15 10 22 
student 284: 25 32 42 10 23 17 37 43 1 28 8 13 22 40 48 5 19 24 29 18 14 50 46 49 27 38 35 30 3 36 6 41 47 15 11 33 21 34 2 44 39 45 7 31 12 16 20 4 9 26 
student 285: 19 33 32 9 31 11 36 37 1 20 15 16 22 41 46 6 17 35 25 21 2 48 47 50 27 42 38 45 4 40 5 43 39 8 18 29 23 30 3 49 34 44 7 28 13 10 14 24 12 26 
student 286: 16 43 32 8 29 10 35 41 2 23 14 9 22 38 50 7 15 34 26 24 1 48 47 49 20 45 40 44 3 36 5 33 42 17 19 28 25 31 12 46 37 39 4 27 6 13 11 21 18 30 
student 287: 22 35 26 8 32 16 41 38 5 27 15 11 21 39 48 12 20 33 29 18 4 47 45 46 25 42 37 44 1 36 2 31 49 7 17 30 23 34 6 50 40 43 3 28 9 10 19 14 13 24 
student 288: 24 43 33 12 27 15 37 38 5 30 19 10 23 42 50 11 16 35 31 18 2 48 47 49 25 41 34 44 3 36 1 32 45 8 14 28 21 29 4 46 40 39 6 26 9 17 20 13 7 22 
student 289: 25 34 38 12 30 16 37 42 3 24 8 18 15 40 50 7 21 32 29 19 1 49 47 48 20 44 35 41 2 36 4 33 45 9 13 26 23 31 5 46 39 43 10 28 6 11 22 17 14 27 
student 290: 26 35 28 11 29 9 43 40 1 30 17 12 20 41 49 7 23 37 27 19 4 47 45 50 25 48 36 46 3 34 2 31 38 13 14 33 21 32 6 44 39 42 10 24 5 8 15 18 16 22 
student 291: 30 42 31 15 28 11 37 36 1 23 14 6 22 35 50 2 20 38 24 17 7 49 48 47 26 44 32 41 4 34 3 33 46 9 13 29 21 39 5 45 40 43 10 27 8 12 18 16 19 25 
student 292: 24 40 23 8 29 12 37 38 2 26 17 15 19 42 49 3 13 35 28 22 6 48 47 50 30 44 33 43 10 36 1 34 45 9 16 27 18 32 11 46 39 41 4 31 5 14 20 21 7 25 
student 293: 20 36 35 13 29 14 39 44 1 24 17 19 21 43 50 9 18 32 30 26 2 42 48 49 28 47 37 40 4 34 3 33 45 6 15 22 23 31 7 46 38 41 8 25 5 11 16 12 10 27 
student 294: 28 39 31 5 24 16 37 35 1 21 11 14 26 38 47 8 19 32 25 20 2 50 48 45 29 44 40 42 10 33 4 34 46 9 17 30 22 36 6 49 41 43 7 27 3 12 13 18 15 23 
student 295: 21 38 30 3 29 12 36 39 1 25 14 13 23 37 49 9 17 33 28 20 4 46 50 47 26 45 43 41 2 35 5 32 48 8 18 31 22 34 7 44 40 42 11 27 6 10 19 15 16 24 
student 296: 27 36 30 12 33 14 37 43 1 23 13 10 24 38 44 5 20 19 31 22 7 50 46 48 25 47 41 40 4 35 2 34 45 6 17 29 21 32 11 49 39 42 3 28 8 9 16 18 15 26 
student 297: 17 38 35 11 30 12 31 39 1 24 15 14 26 42 49 9 25 36 28 18 4 46 47 50 19 45 37 41 2 34 5 29 44 8 23 32 20 33 7 48 40 43 10 27 6 13 21 16 3 22 
student 298: 22 36 29 11 30 9 40 41 6 23 17 13 25 45 49 12 19 31 26 18 8 48 42 50 20 47 34 44 1 37 5 35 46 7 14 28 24 33 2 43 38 39 15 32 3 4 21 16 10 27 
student 299: 24 37 35 14 27 11 36 45 2 23 13 16 20 39 43 7 19 32 29 18 1 49 46 50 26 47 33 41 3 34 5 40 42 12 15 25 21 30 6 48 38 44 10 28 4 9 31 17 8 22 
student 300: 19 45 34 11 25 16 36 46 2 22 24 13 21 40 43 6 18 33 30 14 5 50 48 49 31 44 32 37 4 35 1 39 42 10 20 28 23 27 8 47 38 41 7 26 3 12 15 17 9 29 
student 301: 24 40 34 7 30 14 37 41 2 27 12 15 21 39 49 3 17 31 28 19 5 48 46 50 22 44 36 42 4 33 1 35 45 10 16 29 23 32 6 47 43 38 11 26 8 9 18 20 13 25 
student 302: 9 41 34 11 24 17 38 35 1 23 18 14 20 39 49 5 21 30 32 15 7 47 48 50 27 42 36 45 4 37 3 33 46 8 19 31 25 28 6 44 43 40 10 29 2 12 22 16 13 26 
student 303: 22 37 28 10 30 7 38 39 3 29 18 11 24 43 48 6 16 31 26 19 2 49 47 50 27 46 36 44 5 35 1 34 45 9 17 32 20 33 12 42 40 41 8 23 4 13 21 15 14 25 
student 304: 15 40 37 10 30 5 35 41 7 18 17 12 26 34 48 11 21 33 28 20 13 47 46 49 25 45 36 42 2 39 1 31 44 8 14 27 23 32 3 50 38 43 9 29 4 6 19 22 16 24 
student 305: 24 39 29 9 26 13 36 42 2 20 14 11 22 38 44 12 19 37 27 18 3 48 49 50 21 41 34 47 5 35 1 33 43 10 15 32 23 30 7 46 45 40 4 25 8 6 28 16 17 31 
student 306: 24 36 29 10 32 13 35 43 2 27 16 15 14 41 49 7 23 34 26 22 1 50 47 42 25 45 38 44 3 37 4 31 46 12 20 30 18 33 6 48 39 40 9 21 5 8 19 17 11 28 
student 307: 21 36 31 9 32 15 37 35 1 23 20 13 22 43 50 10 25 38 29 17 3 48 44 49 26 47 34 39 2 42 6 40 45 5 14 24 16 27 4 46 33 41 8 28 7 12 19 18 11 30 
student 308: 24 44 37 8 31 11 38 42 1 21 16 15 23 39 50 5 22 30 28 19 6 47 46 49 26 48 32 40 4 34 2 33 43 14 12 25 18 35 7 45 36 41 9 29 3 10 17 20 13 27 
student 309: 25 39 27 12 32 10 37 41 3 24 8 11 23 38 49 5 19 33 29 16 1 46 48 50 31 43 40 47 4 36 2 34 44 9 15 30 22 26 6 45 35 42 13 21 14 7 20 18 17 28 
student 310: 23 39 34 11 28 5 38 49 2 20 16 21 26 40 50 6 19 31 27 24 9 48 45 47 25 43 35 41 3 32 8 36 42 10 12 30 22 33 1 44 37 46 4 18 7 14 17 15 13 29 
student 311: 27 38 39 6 23 13 40 42 5 31 15 14 20 36 43 7 18 33 34 17 2 46 49 48 26 44 35 45 1 32 3 30 37 8 16 29 22 28 9 47 50 41 12 24 4 19 21 11 10 25 
student 312: 20 46 30 10 34 18 44 42 5 23 14 12 26 39 45 7 21 31 25 16 2 50 40 41 19 48 32 37 6 36 3 35 49 9 22 33 24 29 8 43 38 47 4 27 1 11 17 15 13 28 
student 313: 27 39 30 11 40 17 33 37 4 23 16 18 21 41 49 7 19 28 25 13 5 50 48 47 34 38 35 43 1 36 2 31 45 8 20 29 22 32 6 46 42 44 3 26 10 12 15 9 14 24 
student 314: 15 35 31 3 34 12 45 39 2 25 13 19 24 36 50 9 17 32 27 20 5 47 48 49 28 44 38 40 4 33 6 37 43 18 10 23 21 30 7 42 41 46 8 29 1 11 22 14 16 26 
student 315: 28 39 31 7 30 15 35 42 1 20 16 12 22 40 48 9 19 38 26 23 5 50 47 49 21 45 34 43 2 37 3 33 36 6 17 32 25 27 4 46 41 44 14 24 10 13 18 8 11 29 
student 316: 19 37 31 11 30 9 33 42 1 24 22 14 20 39 44 6 16 26 34 13 5 41 48 50 23 45 35 38 3 36 2 29 46 7 17 28 27 40 4 49 47 43 12 32 8 18 21 15 10 25 
student 317: 25 37 32 9 29 12 39 35 3 26 15 14 24 41 46 1 16 33 28 23 5 47 49 50 21 44 34 42 4 38 2 36 43 7 19 30 18 31 8 48 40 45 6 22 13 11 17 20 10 27 
student 318: 19 38 30 10 32 14 39 43 2 28 8 17 22 36 48 7 20 33 26 18 3 45 47 50 24 46 35 44 4 37 1 31 42 11 21 27 16 34 6 49 40 41 9 25 5 15 29 13 12 23 
student 319: 15 35 31 11 29 10 34 41 3 23 26 19 18 48 50 8 17 37 33 16 2 42 46 47 27 44 40 45 1 39 6 32 43 9 21 24 20 30 4 49 36 38 12 28 5 7 22 14 13 25 
student 320: 24 37 31 13 29 11 41 43 3 26 18 14 25 38 50 1 20 33 28 22 4 47 46 48 23 42 34 40 5 36 2 35 44 8 16 30 21 32 9 45 39 49 6 17 7 10 19 15 12 27 
student 321: 22 44 30 6 25 11 39 34 2 19 16 15 21 38 46 7 23 31 33 20 5 50 47 49 27 41 37 42 3 32 1 36 48 9 8 29 18 35 4 45 43 40 12 28 10 13 24 17 14 26 
student 322: 22 41 33 6 21 13 36 43 1 26 9 12 23 48 45 10 20 29 34 18 5 46 40 47 28 38 37 49 3 35 2 31 42 14 16 30 25 32 4 50 44 39 8 27 7 11 17 19 15 24 
student 323: 20 40 33 9 35 13 37 41 8 29 15 11 19 38 47 6 18 32 25 21 4 50 46 48 24 45 34 43 1 36 2 31 49 16 14 30 22 28 5 44 39 42 7 27 3 12 23 17 10 26 
student 324: 23 37 31 15 28 16 35 42 1 24 13 12 27 40 44 8 21 38 32 18 5 45 49 50 25 47 29 46 3 34 2 36 48 9 14 30 20 26 4 41 39 43 10 33 6 7 19 17 11 22 
student 325: 25 42 31 10 29 6 36 37 2 24 16 15 22 38 50 9 21 39 28 18 1 49 43 48 26 40 35 44 5 34 4 33 47 11 14 32 23 30 3 45 46 41 8 27 7 12 17 19 13 20 
student 326: 26 40 29 15 32 12 38 42 2 27 16 10 20 39 49 9 21 31 28 17 5 48 45 50 30 47 36 41 4 43 3 34 33 6 19 25 23 35 7 46 37 44 1 22 8 11 18 13 14 24 
student 327: 22 41 33 11 39 6 32 38 4 24 15 9 17 40 48 7 21 35 30 19 8 47 50 49 25 44 34 42 1 36 2 31 46 10 16 28 23 29 3 45 37 43 18 27 5 14 20 12 13 26 
student 328: 25 36 31 8 26 14 35 37 1 24 15 11 19 41 49 7 22 38 29 18 3 48 47 50 27 46 39 44 4 30 2 34 43 10 16 33 21 32 5 45 40 42 9 23 6 12 20 17 13 28 
student 329: 26 38 34 13 30 10 36 43 2 25 15 14 23 41 47 7 22 33 29 20 5 48 46 50 28 49 39 40 4 37 1 35 42 3 16 27 21 31 6 45 32 44 11 18 8 12 19 17 9 24 
student 330: 23 35 28 6 29 11 40 39 2 24 16 15 21 37 47 4 19 38 33 17 5 49 44 50 25 42 34 43 7 32 1 41 46 8 18 27 20 30 9 48 36 45 12 31 3 10 13 22 14 26 
student 331: 21 43 33 5 28 13 36 39 2 23 14 17 15 45 49 8 18 34 26 16 9 48 41 50 24 42 37 38 7 35 1 31 44 6 19 32 20 29 3 47 46 40 12 25 4 11 27 22 10 30 
student 332: 24 33 29 10 23 18 42 35 1 26 12 11 21 38 46 6 22 34 28 17 2 50 48 49 27 43 36 41 5 40 3 39 45 13 14 31 20 37 4 47 32 44 7 25 8 9 19 15 16 30 
student 333: 24 36 29 2 31 11 44 42 3 21 9 16 20 40 49 6 22 30 28 18 8 48 45 50 25 43 35 37 4 38 7 33 46 12 19 32 23 34 5 47 39 41 1 27 10 13 14 17 15 26 
student 334: 25 38 33 6 30 10 37 41 1 31 14 11 18 40 45 7 20 36 26 17 5 50 47 48 24 46 32 44 3 39 2 29 42 13 16 34 22 27 8 49 35 43 9 19 4 12 28 23 15 21 
student 335: 22 41 38 9 23 17 39 44 1 25 15 12 33 40 50 10 20 32 21 19 5 46 48 47 24 36 30 45 4 35 3 34 42 8 18 31 26 29 2 49 37 43 7 27 6 13 16 14 11 28 
student 336: 21 38 31 10 30 9 37 43 2 29 14 17 18 33 50 22 16 35 27 15 5 46 40 49 23 48 36 47 3 39 1 32 44 7 12 26 24 28 4 45 41 42 6 25 8 13 20 19 11 34 
student 337: 24 39 31 6 28 9 36 43 1 22 15 11 27 37 50 2 20 33 26 18 4 48 45 49 23 40 35 44 7 38 3 34 42 13 19 32 25 30 8 47 41 46 14 29 5 10 16 17 12 21 
student 338: 26 39 35 10 30 13 37 38 2 22 12 19 20 42 49 6 24 28 25 18 4 41 48 50 27 45 36 46 1 34 3 32 47 8 21 31 16 33 9 43 40 44 7 29 5 11 17 15 14 23 
student 339: 26 37 33 12 32 9 40 42 1 27 16 10 19 38 47 7 21 31 30 17 4 46 50 49 23 48 35 43 3 36 2 34 45 14 15 28 25 22 6 44 41 39 11 29 5 8 20 18 13 24 
student 340: 18 39 31 10 27 12 37 41 1 24 14 9 20 43 48 4 17 38 30 19 16 49 50 47 28 42 32 45 2 36 3 35 46 7 22 34 23 29 8 44 33 40 6 26 5 11 21 15 13 25 
student 341: 20 39 36 10 27 11 38 40 2 23 17 14 24 45 46 15 21 31 30 19 4 48 49 50 22 47 33 42 3 35 1 32 37 6 16 28 26 34 7 41 44 43 5 29 8 9 13 18 12 25 
student 342: 25 32 30 13 29 12 37 43 2 21 20 16 23 39 47 7 19 38 24 18 3 49 45 50 28 48 35 42 4 36 1 41 33 8 17 40 27 31 5 46 34 44 9 26 6 10 15 11 14 22 
student 343: 22 38 35 5 34 11 36 41 4 27 14 16 18 40 50 12 21 31 30 19 2 48 42 49 23 44 32 46 1 39 3 37 45 9 13 29 20 28 6 47 33 43 7 24 8 10 26 17 15 25 
student 344: 23 39 31 10 32 9 37 40 6 24 16 14 19 38 50 7 22 30 27 18 4 47 46 49 26 44 34 45 2 35 1 36 48 12 17 29 21 33 5 43 42 41 8 28 3 13 20 15 11 25 
student 345: 24 39 32 16 30 13 31 45 2 20 14 12 19 41 50 8 21 33 27 17 3 46 44 47 34 38 37 40 4 36 7 35 49 9 15 26 23 28 1 48 43 42 5 29 6 10 22 18 11 25 
student 346: 23 38 34 9 28 12 33 37 2 22 18 16 20 46 49 8 21 27 30 19 1 48 47 50 25 42 39 44 3 31 5 35 43 7 14 36 32 29 4 45 40 41 10 26 6 13 17 15 11 24 
student 347: 21 37 33 17 29 13 34 41 1 24 14 15 23 39 47 6 20 32 28 19 9 48 49 50 25 43 36 46 3 38 2 35 45 12 18 30 22 31 4 42 44 40 11 26 5 8 16 7 10 27 
student 348: 21 38 33 9 29 17 40 41 6 27 13 11 22 44 48 4 20 35 25 14 7 46 45 49 24 50 28 43 1 34 12 32 42 8 16 30 23 37 3 47 36 39 5 31 2 15 19 18 10 26 
student 349: 21 33 34 2 28 14 44 41 1 26 12 17 23 39 50 9 15 35 24 20 5 49 45 48 16 38 32 43 4 37 6 36 42 7 19 31 25 30 8 47 40 46 13 29 3 10 22 18 11 27 
student 350: 22 39 34 8 32 15 43 40 3 24 9 16 17 36 50 11 14 30 29 21 1 48 49 45 26 46 28 42 5 35 2 37 41 10 20 27 23 33 7 47 38 44 6 31 4 12 18 19 13 25 
student 351: 24 35 36 13 29 11 38 39 9 23 16 14 22 44 49 6 20 33 28 21 1 47 46 45 19 48 32 41 7 37 3 34 43 10 30 31 18 26 2 50 40 42 5 25 4 12 17 15 8 27 
student 352: 24 37 32 9 27 16 41 44 3 21 12 10 26 45 49 4 17 31 30 19 5 47 48 43 22 38 36 46 6 34 2 35 39 11 14 25 23 33 1 50 40 42 8 28 7 13 20 18 15 29 
student 353: 24 38 32 8 30 11 34 39 1 22 18 12 21 44 49 7 16 36 27 15 3 47 46 50 26 37 33 41 5 35 2 40 48 9 19 29 23 31 4 45 42 43 14 28 6 10 20 13 17 25 
student 354: 10 35 31 7 29 14 36 46 4 24 19 13 22 37 49 12 21 34 27 20 5 48 44 50 28 40 38 45 3 39 1 33 47 8 18 32 23 30 6 43 41 42 11 26 2 16 9 17 15 25 
student 355: 19 35 30 13 33 16 37 41 2 23 11 25 22 47 50 6 17 34 26 15 8 46 45 49 24 48 40 38 1 36 4 31 43 7 14 27 21 32 3 44 39 42 12 28 5 9 20 18 10 29 
student 356: 23 35 34 5 31 12 36 40 16 24 13 9 18 39 46 11 22 30 32 14 3 50 49 48 27 42 33 45 2 38 1 37 47 10 15 26 20 28 4 43 44 41 21 29 8 6 19 17 7 25 
student 357: 29 36 31 13 30 12 35 42 2 24 16 5 23 41 47 8 21 34 28 15 3 49 43 50 25 40 39 46 7 33 1 37 48 10 17 32 27 26 9 45 38 44 4 20 6 11 19 18 14 22 
student 358: 18 42 32 7 26 13 36 39 4 24 20 16 30 40 47 6 15 28 21 22 2 46 49 48 29 45 35 41 3 33 1 38 50 11 12 27 23 34 8 43 37 44 9 31 5 10 25 17 14 19 
student 359: 25 37 32 11 26 13 35 40 3 21 14 12 22 41 43 1 23 34 28 19 6 50 49 47 30 45 31 42 4 38 2 36 46 9 16 29 15 33 5 48 39 44 8 27 7 10 18 17 20 24 
student 360: 23 36 35 11 29 6 40 48 1 25 18 16 17 44 49 3 22 32 24 12 5 42 47 45 27 46 33 41 4 38 2 37 39 8 21 28 19 31 9 50 34 43 7 26 10 14 20 15 13 30 
student 361: 19 38 32 6 33 9 34 45 1 25 15 12 20 41 49 11 22 36 24 18 4 48 42 50 28 47 35 44 2 30 7 37 46 10 17 27 23 31 5 40 39 43 8 29 3 14 16 21 13 26 
student 362: 19 46 30 10 33 13 39 42 1 22 14 15 23 41 49 9 17 31 25 21 2 50 45 47 26 40 28 48 4 35 3 36 43 8 18 34 32 29 6 44 37 38 7 24 5 12 20 16 11 27 
student 363: 19 39 34 11 32 14 36 43 2 21 15 17 16 41 47 3 26 33 28 25 12 50 46 49 23 37 35 45 1 38 4 31 44 5 20 27 22 29 7 48 40 42 9 24 8 6 18 10 13 30 
student 364: 21 28 40 10 27 14 35 33 3 22 12 13 37 49 50 15 20 38 34 17 4 44 47 48 29 45 41 42 1 32 5 26 43 9 18 30 23 25 2 46 36 39 6 31 7 11 19 16 8 24 
student 365: 26 33 29 7 30 14 37 41 2 25 17 13 24 39 50 10 22 38 27 20 9 49 43 48 23 42 35 44 4 36 3 34 45 6 19 32 16 31 5 47 40 46 8 28 1 12 18 15 11 21 
student 366: 16 39 31 5 27 18 32 38 1 26 12 15 23 42 44 8 21 36 29 19 7 48 47 50 28 46 40 43 3 34 4 33 49 6 17 30 22 35 11 45 37 41 10 25 2 9 20 14 13 24 
student 367: 22 35 23 12 25 11 34 46 3 28 15 16 19 41 50 9 21 42 29 20 7 49 47 43 26 38 33 39 6 36 2 37 48 5 18 30 31 32 1 44 45 40 8 27 4 13 14 17 10 24 
student 368: 19 34 31 6 28 14 38 47 9 26 12 16 21 39 48 7 24 36 22 15 2 50 49 44 30 42 41 46 1 35 3 33 45 13 20 32 23 29 5 43 37 40 11 25 4 10 18 17 8 27 
student 369: 24 43 30 4 28 17 42 44 2 22 18 15 21 38 49 6 16 34 31 14 13 47 46 50 25 45 33 39 3 35 1 36 41 10 12 27 23 37 11 48 32 40 9 29 5 7 19 20 8 26 
student 370: 20 41 33 12 34 13 32 39 3 31 21 19 23 40 47 7 22 38 26 16 5 44 45 48 25 50 37 49 4 36 1 28 43 9 14 29 18 30 2 42 35 46 8 27 6 10 17 15 11 24 
student 371: 25 38 31 9 36 17 39 35 2 29 13 15 24 40 47 8 21 23 30 20 6 46 44 48 22 41 32 45 1 33 5 28 50 4 16 34 10 37 7 42 49 43 11 27 3 14 18 19 12 26 
student 372: 20 39 34 8 28 15 37 35 2 24 14 11 18 45 49 6 19 32 27 22 4 43 44 50 25 41 40 48 3 36 1 30 42 16 13 29 23 31 5 47 38 46 7 33 9 10 21 17 12 26 
student 373: 19 38 30 13 22 15 37 41 1 23 18 11 21 36 50 7 20 35 29 16 3 45 43 47 26 48 40 42 2 34 6 33 49 9 14 28 24 31 5 39 44 46 4 32 8 10 17 25 12 27 
student 374: 23 38 29 7 34 11 46 40 1 24 16 10 22 41 47 5 21 32 26 19 4 45 48 49 28 43 37 44 2 31 3 35 33 6 15 30 20 36 14 42 39 50 13 27 9 12 18 17 8 25 
student 375: 17 38 34 11 31 19 33 42 1 24 12 9 25 41 46 13 21 30 26 15 4 45 50 49 32 44 39 43 3 36 2 35 48 8 16 28 22 29 5 47 37 40 10 27 6 7 18 20 14 23 
student 376: 25 38 33 6 30 18 39 44 5 22 20 13 19 40 46 10 26 35 31 14 8 48 49 50 27 45 36 43 1 34 7 32 42 9 3 28 16 29 2 47 37 41 12 23 4 15 24 21 11 17 
student 377: 19 37 27 11 35 20 38 40 1 23 14 16 31 39 47 3 26 36 32 17 2 48 49 50 25 41 30 45 6 42 5 34 46 9 15 22 18 28 4 44 33 43 7 29 8 13 24 12 10 21 
student 378: 25 39 30 9 31 19 32 42 1 29 15 12 14 38 46 8 20 33 26 22 4 48 45 50 27 44 36 43 3 37 2 24 47 7 16 28 18 35 6 49 41 40 5 34 11 13 17 21 10 23 
student 379: 15 36 29 10 31 16 41 42 2 24 17 11 33 35 50 4 22 30 27 19 5 48 47 49 25 43 34 45 1 32 7 39 46 8 13 38 20 28 3 44 40 37 9 26 6 14 23 18 12 21 
student 380: 21 38 26 13 24 5 39 40 1 19 15 16 25 36 48 10 18 29 30 11 8 49 47 50 27 45 37 43 6 35 2 32 44 12 17 28 23 33 3 46 41 42 4 34 7 9 20 22 14 31 
student 381: 27 40 33 13 32 17 37 41 1 25 8 16 22 39 50 9 21 30 26 19 4 49 48 47 24 42 31 43 3 36 6 35 46 10 14 34 20 29 2 44 38 45 5 28 7 11 18 15 12 23 
student 382: 28 38 27 14 26 9 40 39 3 23 12 16 19 41 47 7 25 33 24 15 4 45 49 50 29 44 37 46 2 35 1 36 43 6 18 34 22 32 5 48 31 42 11 30 8 13 17 21 10 20 
student 383: 29 37 30 12 24 15 36 35 1 25 14 13 21 41 43 5 22 33 28 18 4 46 38 50 26 49 39 47 3 40 2 34 45 11 16 27 19 32 7 48 42 44 8 31 9 6 20 17 10 23 
student 384: 22 42 33 13 31 14 34 41 2 23 18 12 26 38 50 6 20 35 30 21 7 48 45 49 25 44 36 43 1 40 3 24 46 10 16 32 19 28 5 47 37 39 11 27 9 4 15 17 8 29 
student 385: 23 37 34 14 28 16 40 39 1 24 19 17 15 38 49 7 22 36 21 18 2 48 44 50 25 46 43 47 5 32 6 31 42 8 9 30 27 29 3 45 35 41 10 33 4 12 20 13 11 26 
student 386: 23 33 40 7 32 15 31 39 2 24 14 17 19 37 47 6 21 29 28 16 5 43 48 50 26 44 49 42 3 34 1 38 46 4 18 35 22 30 9 45 36 41 11 27 10 13 20 8 12 25 
student 387: 23 40 30 10 29 17 34 36 2 25 16 13 21 50 45 3 18 33 26 14 5 42 46 48 24 43 35 41 4 39 1 32 47 11 20 38 22 27 6 49 37 44 8 31 7 9 19 15 12 28 
student 388: 22 37 31 10 33 12 39 42 1 23 14 17 16 38 49 5 20 35 32 18 2 50 48 47 26 44 36 43 3 34 4 30 45 11 19 28 21 29 9 46 40 41 7 27 6 13 15 24 8 25 
student 389: 24 32 34 13 28 12 40 37 1 19 15 16 18 38 49 9 23 30 33 21 7 48 47 50 25 44 39 42 3 46 2 31 41 10 17 36 26 29 4 45 35 43 6 27 8 14 11 22 5 20 
student 390: 27 36 39 8 22 6 40 38 1 24 15 14 20 43 48 3 18 41 31 13 2 49 46 50 25 42 35 34 11 33 5 30 47 9 23 28 26 29 12 45 37 44 7 32 4 10 17 19 16 21 
student 391: 22 38 31 9 30 14 37 43 7 26 15 12 23 41 47 6 20 33 28 16 1 44 48 49 25 46 29 42 3 36 2 35 50 11 17 32 21 34 5 40 39 45 10 24 4 8 19 18 13 27 
student 392: 24 47 35 12 34 16 33 39 1 26 14 11 21 40 45 7 17 30 22 18 4 49 44 50 27 46 32 38 2 43 5 36 48 8 15 31 20 28 3 42 37 41 6 29 9 10 19 23 13 25 
student 393: 22 36 34 14 29 6 39 46 1 17 16 18 26 44 49 10 20 37 25 23 4 48 35 45 24 50 32 41 2 33 5 38 43 12 13 30 21 31 8 47 40 42 9 28 3 11 19 7 15 27 
student 394: 26 32 31 12 29 10 34 39 1 20 14 17 22 42 47 7 13 36 24 19 3 48 49 50 28 46 38 40 5 37 2 35 44 15 4 33 23 25 6 43 45 41 11 30 8 16 18 21 9 27 
student 395: 21 34 32 6 27 14 41 42 4 26 17 15 19 37 50 8 22 33 29 18 1 44 46 48 23 39 35 43 2 40 3 36 47 12 16 31 20 30 9 49 38 45 10 24 5 7 25 11 13 28 
student 396: 28 36 34 3 29 11 41 40 1 25 15 12 18 38 49 6 14 30 32 24 4 48 47 50 21 45 42 43 2 37 5 33 44 8 17 31 23 26 7 46 35 39 10 19 9 20 16 22 13 27 
student 397: 22 35 31 8 27 14 39 41 3 24 21 18 17 37 43 6 23 33 26 20 2 49 48 50 19 45 38 44 1 32 4 42 47 10 15 30 28 34 5 46 36 40 7 25 9 11 12 16 13 29 
student 398: 24 34 38 9 31 17 30 42 1 25 11 19 16 37 44 7 18 36 27 21 4 49 50 47 23 46 32 43 2 41 3 35 45 12 20 28 22 33 15 48 39 40 6 29 5 8 14 13 10 26 
student 399: 23 39 29 10 43 12 36 42 2 24 17 7 27 34 48 5 18 28 15 21 3 46 44 49 22 41 35 38 8 32 6 37 47 14 16 33 30 26 1 40 45 50 9 25 4 13 19 20 11 31 
student 400: 25 43 27 8 28 9 33 45 1 22 15 17 18 36 49 6 24 31 23 13 4 42 47 50 30 40 37 41 3 38 2 35 44 10 16 29 19 34 5 48 39 46 7 32 11 12 20 21 14 26 
student 401: 19 38 28 8 29 12 37 39 1 26 15 14 16 40 50 11 23 35 31 18 3 46 44 48 27 42 33 47 2 36 7 32 45 13 17 30 22 41 4 43 34 49 9 25 6 5 20 21 10 24 
student 402: 19 41 31 16 25 13 36 43 1 24 14 15 21 38 48 9 18 34 30 22 5 49 47 50 40 46 35 42 3 33 2 32 45 11 17 28 23 29 7 44 37 39 12 26 4 10 20 8 6 27 
student 403: 26 44 34 17 29 12 36 39 1 22 13 5 23 38 47 6 20 32 28 18 10 48 49 50 16 43 33 41 2 35 4 37 46 8 15 30 25 31 3 42 40 45 11 27 7 9 21 19 14 24 
student 404: 28 35 34 9 30 13 43 40 1 22 12 16 25 39 50 3 18 33 26 17 2 49 45 48 27 47 37 46 8 38 5 32 44 7 19 31 21 23 6 42 36 41 14 29 4 10 20 11 15 24 
student 405: 20 39 30 11 25 8 40 45 2 28 16 12 22 33 50 5 24 31 15 19 1 47 46 49 29 42 32 38 4 37 3 35 44 10 17 34 23 36 7 48 43 41 6 27 9 13 21 18 14 26 
student 406: 19 44 30 11 32 15 40 38 3 26 14 9 22 41 50 2 23 33 31 16 4 49 46 47 25 45 37 42 1 34 5 36 43 10 17 21 28 29 6 48 35 39 8 27 7 12 20 18 13 24 
student 407: 21 35 36 9 31 13 33 41 3 23 15 14 25 37 50 7 19 39 28 16 1 44 46 48 24 47 40 45 10 34 2 22 49 6 17 30 27 32 4 43 38 42 8 26 5 11 20 18 12 29 
student 408: 18 37 33 12 23 19 36 42 2 24 21 13 22 40 49 7 27 38 29 17 10 50 46 48 28 47 35 44 1 32 5 34 45 6 14 26 16 31 4 43 39 41 8 25 3 9 15 20 11 30 
student 409: 21 39 29 9 36 15 37 41 7 26 12 14 20 46 49 6 22 33 30 18 3 47 42 48 27 44 32 40 2 35 1 34 50 8 16 31 23 24 4 45 43 38 13 28 5 11 19 17 10 25 
student 410: 24 39 32 10 28 11 37 41 4 26 15 14 22 40 49 6 19 34 25 16 3 50 48 46 23 44 36 43 1 30 8 35 45 9 13 33 21 29 5 47 38 42 12 31 2 7 18 17 20 27 
student 411: 23 43 35 9 30 2 36 41 3 25 16 15 22 42 46 8 20 32 28 18 5 47 48 50 26 44 34 40 6 38 4 33 45 11 17 24 21 31 13 49 39 37 1 29 10 7 19 14 12 27 
student 412: 25 39 29 9 28 17 38 37 3 20 15 13 23 47 50 6 22 31 34 21 1 46 49 48 24 43 32 42 12 33 4 36 44 14 16 35 26 18 2 45 40 41 8 30 5 10 19 11 7 27 
student 413: 21 41 31 11 32 9 36 40 3 22 20 15 23 50 44 7 17 30 26 19 2 49 46 48 27 43 34 45 5 33 4 37 47 10 16 35 25 29 6 42 38 39 8 28 1 12 24 13 14 18 
student 414: 25 38 33 9 28 19 37 42 1 22 8 15 20 40 49 10 16 35 27 21 4 50 46 47 26 41 34 44 2 32 5 36 43 3 13 31 18 29 6 48 39 45 12 30 7 11 23 14 17 24 
student 415: 24 37 38 14 32 15 36 39 2 26 11 10 22 42 50 12 20 28 25 21 6 48 46 47 23 45 33 44 5 35 1 34 41 8 16 27 17 30 3 49 43 40 4 31 7 9 18 19 13 29 
student 416: 23 41 31 10 28 16 40 35 1 29 12 18 17 38 50 2 21 37 26 22 7 48 44 47 27 46 36 39 6 42 5 33 43 8 15 32 13 30 3 49 34 45 4 25 9 11 24 19 14 20 
student 417: 26 41 32 13 30 14 36 43 6 31 17 15 20 48 50 4 21 29 27 19 11 49 44 42 25 45 37 40 3 35 2 34 38 5 22 33 24 23 7 47 39 46 9 28 1 8 16 12 10 18 
student 418: 24 37 28 13 26 11 39 40 2 23 16 15 20 35 50 8 19 31 30 18 6 49 44 48 34 43 29 41 1 38 3 33 47 4 17 32 22 36 5 46 42 45 10 27 7 9 14 21 12 25 
student 419: 24 41 32 7 29 21 37 43 4 25 17 13 20 36 50 11 19 34 27 18 2 48 44 47 26 46 38 42 1 35 3 33 45 14 9 30 22 31 5 49 40 39 6 28 10 8 15 16 12 23 
student 420: 23 39 35 9 30 13 37 41 1 25 15 14 19 38 49 5 22 29 28 20 7 48 46 50 24 43 36 42 4 31 2 40 47 8 16 32 17 33 3 45 34 44 10 26 6 12 21 18 11 27 
student 421: 22 40 27 12 28 11 38 44 3 25 17 10 23 39 47 8 16 33 31 14 4 45 48 50 26 46 36 41 5 34 1 35 43 9 18 32 21 29 2 49 37 42 7 30 6 15 20 13 19 24 
student 422: 21 39 31 12 29 5 42 41 4 22 13 15 19 44 48 10 23 32 35 20 3 40 43 50 25 45 34 38 2 36 1 33 49 8 17 30 24 28 7 47 37 46 9 27 6 14 18 16 11 26 
student 423: 22 40 29 15 32 14 37 42 6 21 10 12 26 43 48 9 19 28 31 20 2 39 47 50 27 45 30 49 3 35 5 38 46 8 13 36 25 33 1 41 34 44 4 24 7 11 18 16 17 23 
student 424: 25 40 28 12 32 18 37 42 2 24 14 13 23 38 49 8 21 33 29 17 6 47 48 50 26 46 35 43 1 34 4 31 45 3 15 30 16 36 10 39 41 44 5 27 7 9 19 20 11 22 
student 425: 27 39 33 11 22 14 37 38 1 24 15 8 19 50 49 10 20 31 29 17 7 42 48 47 25 44 36 43 5 34 2 28 45 9 16 30 23 35 3 46 41 40 6 26 4 12 21 18 13 32 
student 426: 25 41 38 11 28 14 32 45 3 26 18 10 17 34 47 7 22 35 23 19 1 50 46 48 21 42 36 49 5 39 4 31 43 8 16 29 24 30 2 40 37 44 9 27 6 15 20 13 12 33 
student 427: 19 38 37 12 30 9 32 44 1 21 17 15 18 43 50 7 20 33 29 28 6 48 47 49 27 40 35 42 5 36 3 23 41 8 14 31 24 34 2 46 39 45 10 26 4 11 22 16 13 25 
student 428: 28 37 25 10 29 19 42 44 6 23 14 11 15 41 50 8 21 30 31 17 4 49 47 48 26 46 35 45 1 36 2 32 40 18 16 33 24 34 3 43 39 38 9 27 7 12 20 13 5 22 
student 429: 28 39 36 9 25 19 38 41 1 23 13 11 20 31 46 2 17 35 27 18 5 47 50 49 26 44 34 43 4 37 3 33 48 14 12 30 24 32 7 45 40 42 6 29 8 10 21 16 15 22 
student 430: 23 40 32 6 29 12 37 43 1 18 20 16 24 39 50 10 19 33 28 17 3 47 49 48 25 45 35 41 2 38 5 34 44 11 14 30 22 31 4 46 36 42 8 27 9 7 21 15 13 26 
student 431: 25 38 30 13 31 3 36 46 1 21 10 15 24 37 47 6 20 33 28 18 7 50 44 48 22 45 35 40 12 42 2 32 43 8 16 27 19 34 5 49 39 41 11 26 4 14 23 17 9 29 
student 432: 19 33 35 12 28 13 39 42 1 20 15 16 25 38 48 5 27 34 31 21 8 47 45 50 24 46 37 41 6 36 4 32 44 10 14 29 23 30 2 49 40 43 7 26 3 9 18 17 11 22 
student 433: 20 42 34 7 28 11 40 47 2 21 16 13 23 32 49 6 19 37 27 17 5 43 48 50 24 36 38 44 4 39 3 29 41 8 14 30 31 33 1 46 45 35 9 25 10 12 22 18 15 26 
student 434: 24 45 28 9 29 15 38 39 1 23 11 14 20 41 50 6 21 33 25 22 3 46 47 49 26 44 36 42 4 35 2 34 48 13 16 30 19 32 7 40 37 43 8 27 5 12 18 17 10 31 
student 435: 23 36 30 12 29 11 34 40 1 25 19 10 17 44 50 14 21 31 28 18 2 49 47 48 24 42 35 38 4 41 3 33 46 6 15 32 22 26 5 45 37 43 8 27 7 9 20 16 13 39 
student 436: 21 45 34 7 27 16 38 40 4 26 12 11 25 39 37 6 19 29 32 17 8 50 49 46 23 47 30 42 2 41 1 35 44 3 20 28 22 33 14 48 36 43 5 31 13 9 15 18 10 24 
student 437: 23 38 36 7 32 9 41 40 1 25 14 12 21 39 47 5 22 34 29 19 4 48 49 50 28 43 30 45 2 33 3 37 44 13 20 26 24 31 8 46 35 42 11 17 6 15 18 16 10 27 
student 438: 23 41 33 20 30 10 35 43 2 17 16 15 25 40 49 7 19 29 28 18 1 46 47 50 24 39 38 45 3 36 5 32 42 9 13 34 22 31 11 48 37 44 6 27 4 8 21 14 12 26 
student 439: 20 39 32 12 30 11 37 38 3 27 13 14 16 41 50 9 23 29 26 18 6 48 47 49 24 45 36 42 4 33 1 34 46 10 15 35 22 31 5 44 40 43 7 28 2 8 21 19 17 25 
student 440: 19 38 22 10 29 13 39 40 1 28 15 18 20 37 47 8 23 32 31 21 7 45 50 49 25 44 33 41 2 35 3 34 46 6 16 30 27 36 4 48 43 42 5 26 9 12 14 17 11 24 
student 441: 24 36 30 9 29 12 34 40 3 26 13 18 23 45 44 8 21 33 41 19 1 47 48 50 31 38 35 46 5 39 2 28 49 10 15 25 20 32 4 42 37 43 6 22 7 14 11 16 17 27 
student 442: 22 40 33 18 23 17 32 41 1 16 19 9 26 38 48 8 10 31 36 15 2 47 45 49 25 43 37 44 3 39 11 29 46 12 14 35 24 30 4 50 34 42 7 27 6 5 20 21 13 28 
student 443: 20 37 38 9 31 12 34 44 2 25 11 15 22 40 46 7 19 35 28 13 8 49 43 50 29 48 33 39 5 36 1 30 42 10 16 23 24 32 3 47 41 45 6 27 4 18 17 21 14 26 
student 444: 24 36 31 9 28 14 37 40 1 25 13 11 21 44 50 6 23 38 32 18 4 47 43 49 19 45 35 39 5 34 8 33 46 16 17 30 26 29 3 48 41 42 2 22 10 7 20 15 12 27 
student 445: 23 38 36 13 28 12 32 42 4 24 14 16 21 40 46 7 25 29 22 19 2 49 50 47 33 43 31 44 1 37 6 39 48 9 11 30 18 35 3 45 34 41 15 26 8 5 17 20 10 27 
student 446: 25 38 33 11 29 21 32 42 1 31 15 9 17 40 50 12 20 28 26 19 4 46 44 49 23 43 39 45 3 35 2 37 47 10 13 34 24 30 5 48 41 36 8 27 6 7 18 16 14 22 
student 447: 23 47 31 13 27 10 40 38 1 28 17 12 30 45 49 6 22 35 24 25 3 43 41 50 20 44 34 42 4 36 8 33 46 9 16 32 19 26 2 48 37 39 11 29 7 5 15 21 14 18 
student 448: 24 30 35 7 25 14 39 40 5 28 11 16 21 41 49 15 20 31 32 18 2 44 45 46 29 43 36 42 1 38 8 37 50 10 19 26 23 33 3 48 47 34 6 27 4 12 13 17 9 22 
student 449: 21 35 34 9 36 18 38 42 1 27 19 13 22 39 48 11 26 33 32 14 5 47 46 49 17 45 37 44 3 30 6 31 43 2 16 28 23 29 7 50 41 40 4 25 8 10 20 15 12 24 
student 450: 22 41 34 12 29 17 39 43 4 25 16 11 20 36 49 5 21 33 24 15 9 45 46 44 30 42 32 50 1 35 3 37 48 10 14 27 23 31 2 40 38 47 7 26 6 13 18 19 8 28 
student 451: 21 39 31 20 28 12 37 41 1 24 9 18 19 40 48 8 17 32 23 16 3 47 46 50 26 49 35 42 4 36 2 33 45 15 11 34 29 30 5 44 38 43 7 27 6 10 22 13 14 25 
student 452: 22 37 32 8 29 14 41 44 3 27 18 11 21 42 49 1 20 31 28 17 13 47 46 48 23 39 33 45 4 38 2 34 50 5 15 35 26 24 7 43 36 40 6 30 9 10 19 16 12 25 
student 453: 24 36 30 11 28 18 44 49 7 26 20 19 16 37 48 8 22 31 29 15 4 45 47 50 12 39 35 41 3 46 1 34 43 2 6 25 23 33 5 42 40 38 17 32 9 13 10 21 14 27 
student 454: 25 31 36 12 32 18 39 43 1 21 17 10 20 35 45 6 19 27 33 16 4 41 49 48 28 46 37 44 8 38 3 34 50 9 15 26 24 29 5 47 42 40 11 23 2 7 22 14 13 30 
student 455: 24 36 32 11 31 13 38 40 5 26 15 16 23 37 48 10 20 33 22 18 2 45 42 47 27 44 34 41 7 39 1 35 49 6 14 30 21 29 3 50 43 46 9 28 4 12 19 17 8 25 
student 456: 15 37 33 12 24 16 40 43 1 18 9 10 20 42 50 7 25 36 23 14 4 48 41 49 32 44 34 38 2 30 3 31 47 6 21 29 22 35 5 46 39 45 8 28 11 17 19 26 13 27 
student 457: 24 40 32 9 33 11 39 35 4 21 15 13 19 42 46 7 23 34 27 20 1 49 48 47 30 38 31 43 5 36 3 37 50 10 14 25 22 28 2 45 41 44 8 29 6 12 16 17 18 26 
student 458: 23 38 31 10 30 7 43 39 1 26 20 14 22 40 50 2 18 35 29 16 6 46 48 49 24 44 32 42 3 37 5 33 45 12 13 28 21 34 8 47 36 41 9 25 4 19 17 15 11 27 
student 459: 19 38 26 10 33 15 34 40 3 23 13 17 21 37 47 9 46 28 30 18 4 43 48 49 25 41 35 42 2 39 1 29 45 14 12 31 22 32 5 44 36 50 6 27 7 8 20 16 11 24 
student 460: 12 40 33 8 23 13 37 42 1 25 17 15 21 39 50 9 18 34 27 20 2 48 49 46 28 43 38 44 6 35 4 32 47 5 14 31 24 29 3 45 41 36 7 26 11 16 22 19 10 30 
student 461: 23 37 30 10 32 13 34 43 3 24 12 19 21 41 48 8 18 31 29 17 1 46 44 50 26 47 36 39 9 33 4 38 49 11 15 28 20 35 6 45 42 40 5 27 2 7 22 16 14 25 
student 462: 28 36 34 9 26 14 38 41 2 24 20 16 21 40 48 4 18 37 30 17 3 49 47 50 25 45 35 42 6 32 1 33 44 10 15 29 22 31 5 43 39 46 7 27 8 11 19 13 12 23 
student 463: 25 36 28 5 30 14 35 43 6 26 10 15 20 37 45 7 18 34 23 19 1 47 48 49 24 41 38 44 4 39 8 33 46 9 17 27 22 32 2 50 42 40 3 31 13 11 21 12 16 29 
student 464: 22 36 30 13 28 16 40 37 1 24 14 6 20 41 45 8 17 34 29 19 2 49 47 48 33 43 31 42 7 38 4 35 50 5 10 26 23 32 3 46 39 44 11 27 9 12 21 18 15 25 
student 465: 22 38 34 12 25 14 36 42 1 24 16 11 21 40 47 8 19 33 31 18 3 50 48 49 27 43 35 41 2 29 4 37 45 9 15 30 23 32 5 44 39 46 7 28 6 13 20 17 10 26 
student 466: 23 38 39 16 29 19 36 44 7 21 17 9 20 41 49 4 14 32 27 22 2 43 47 50 24 45 34 42 1 35 3 33 46 10 12 31 30 28 5 48 40 37 8 26 6 13 15 18 11 25 
student 467: 26 34 29 6 30 16 43 40 4 24 13 12 19 32 46 8 22 31 27 17 5 49 50 48 23 42 37 45 3 38 1 35 44 9 14 33 25 36 11 47 39 41 7 28 2 15 18 21 10 20 
student 468: 24 38 32 8 28 12 37 43 2 25 16 14 19 41 47 9 26 27 30 18 4 49 46 50 23 45 34 42 1 36 3 35 39 7 17 33 21 44 6 48 29 40 11 31 5 13 22 15 10 20 
student 469: 23 36 35 14 25 11 38 41 4 24 19 12 22 44 43 5 20 33 28 17 7 47 48 49 27 50 34 46 3 37 2 31 45 10 16 29 21 32 1 40 39 42 9 26 6 8 18 15 13 30 
student 470: 25 40 30 9 32 10 35 44 1 24 13 12 23 36 47 7 19 37 29 20 5 48 43 49 22 38 31 46 3 39 2 34 50 11 14 33 21 28 8 41 42 45 6 26 4 18 16 15 17 27 
student 471: 22 34 30 10 28 18 40 42 1 29 20 15 26 36 48 7 19 38 24 17 2 47 46 49 25 44 37 43 4 41 11 32 50 9 8 31 16 33 6 45 39 35 3 27 5 14 21 12 13 23 
student 472: 23 35 32 10 26 19 40 38 8 25 14 11 20 37 48 7 28 31 33 17 4 46 45 50 34 47 36 44 1 39 5 29 49 3 13 27 22 21 2 43 41 42 9 30 6 12 16 18 15 24 
student 473: 25 40 30 14 28 12 43 39 7 21 19 11 20 45 44 6 23 31 27 16 1 42 49 46 29 32 35 47 2 37 3 38 48 4 15 33 22 34 5 50 36 41 13 26 8 10 18 17 9 24 
student 474: 24 41 25 3 30 12 36 37 1 22 18 14 21 44 48 7 20 32 29 19 5 49 42 50 28 47 34 38 4 35 2 39 46 11 15 33 23 31 8 43 40 45 9 27 6 10 13 17 16 26 
student 475: 16 36 31 9 29 10 41 44 1 28 14 11 24 37 48 4 18 32 27 22 5 49 50 47 20 42 33 45 2 38 6 34 43 8 19 35 23 30 3 46 40 39 12 26 7 15 13 17 21 25 
student 476: 24 38 31 11 33 14 34 45 2 25 15 18 23 41 49 12 16 32 27 17 3 48 46 50 22 43 37 42 4 35 1 36 47 10 9 28 19 30 6 44 39 40 7 26 5 13 20 21 8 29 
student 477: 24 38 34 12 29 15 36 42 1 23 17 13 19 41 44 7 14 28 27 25 3 49 43 50 26 39 35 46 6 40 2 30 47 8 11 31 22 33 5 48 37 45 9 32 4 16 18 21 10 20 
student 478: 20 40 34 9 28 11 35 41 4 24 21 13 19 38 47 6 25 36 29 17 5 50 44 48 26 46 33 43 2 39 1 32 49 10 16 30 23 31 8 45 37 42 7 27 3 12 15 14 18 22 
student 479: 24 35 32 10 30 14 42 44 5 27 11 16 21 37 43 9 15 36 25 18 2 45 50 48 23 47 33 41 7 38 1 34 46 8 17 29 22 31 3 49 39 40 6 26 4 12 19 20 13 28 
student 480: 25 37 29 7 32 15 38 44 4 23 22 9 19 41 50 8 17 33 31 18 2 47 46 48 26 42 35 43 1 40 6 36 45 12 13 28 21 24 3 49 34 39 10 27 5 14 20 16 11 30 
student 481: 15 37 29 11 28 13 38 39 1 22 26 16 21 40 47 8 18 35 27 17 6 49 48 50 31 45 36 44 2 34 3 33 46 5 14 32 24 23 7 43 42 41 4 25 12 20 19 10 9 30 
student 482: 26 32 33 9 24 13 39 36 4 22 15 20 19 35 45 3 21 34 29 16 6 47 50 48 28 44 38 42 1 37 7 30 49 12 17 31 25 43 2 40 41 46 10 27 5 14 18 11 8 23 
student 483: 27 35 31 11 30 12 34 44 1 26 15 14 22 37 46 13 19 33 24 21 3 45 49 50 23 48 38 43 2 39 7 32 41 6 16 25 20 29 5 47 40 42 4 36 9 8 18 17 10 28 
student 484: 24 39 34 11 33 1 38 43 9 23 19 20 21 35 50 5 18 36 32 17 7 47 46 49 26 40 30 37 4 42 6 29 41 8 22 28 16 31 2 44 48 45 14 27 3 10 15 12 13 25 
student 485: 26 41 32 10 30 15 33 47 1 22 9 18 23 36 43 8 17 34 29 16 2 46 42 50 27 48 39 40 5 35 4 37 49 11 14 28 21 31 3 44 38 45 7 25 6 12 20 19 13 24 
student 486: 21 38 31 8 28 10 34 43 2 26 23 16 20 42 49 6 19 35 30 14 3 48 47 50 27 45 32 39 4 37 1 33 40 11 17 36 22 29 5 46 41 44 9 25 7 12 18 13 15 24 
student 487: 19 40 35 15 28 14 44 41 1 25 17 13 22 42 43 9 18 31 21 16 3 47 48 49 30 39 34 46 2 38 6 36 37 10 8 29 23 33 4 50 32 45 11 26 7 5 24 27 12 20 
student 488: 21 39 33 15 32 18 38 45 3 22 14 13 20 37 49 5 19 35 27 17 7 50 41 48 24 44 30 42 6 31 1 36 47 9 2 34 28 29 4 43 40 46 11 25 12 10 23 16 8 26 
student 489: 20 42 33 8 28 9 34 37 4 23 11 17 22 46 45 7 19 40 29 18 2 50 49 47 24 38 32 41 6 39 3 35 43 5 21 31 26 30 1 48 36 44 13 27 10 15 12 14 16 25 
student 490: 24 30 33 16 26 13 40 36 1 22 15 10 21 45 39 6 20 32 25 18 5 49 46 48 23 38 34 43 4 44 8 37 47 7 17 28 27 31 3 50 41 42 2 29 14 9 19 12 11 35 
student 491: 26 34 39 17 22 16 40 42 2 28 11 6 23 36 48 9 18 41 25 14 8 45 49 50 31 47 30 43 3 35 1 27 44 12 15 32 21 33 4 46 37 38 13 29 5 7 20 19 10 24 
student 492: 28 39 29 13 27 14 30 45 2 22 15 18 21 40 43 3 12 38 23 19 5 49 50 46 26 42 31 44 9 33 1 36 47 8 10 34 24 35 6 48 37 41 4 32 7 11 20 17 16 25 
student 493: 16 35 33 19 29 11 36 45 1 21 14 12 23 39 47 5 22 25 32 20 2 48 43 50 27 42 38 37 3 41 4 34 40 13 15 30 26 31 10 49 44 46 9 28 6 8 18 17 7 24 
student 494: 31 36 33 14 30 11 41 39 1 21 12 16 23 38 46 4 20 37 27 17 5 47 49 50 24 43 34 48 2 35 6 28 44 8 15 22 18 29 9 42 45 40 7 32 3 10 19 25 13 26 
student 495: 15 41 33 2 29 16 36 45 3 24 9 8 21 37 47 12 28 40 32 22 7 48 50 44 25 43 27 42 5 34 4 31 46 11 18 38 26 30 1 49 35 39 10 23 6 13 14 17 20 19 
student 496: 22 38 34 15 29 14 42 32 5 23 10 12 18 36 49 4 27 39 28 19 1 45 44 47 25 43 37 48 6 33 2 30 50 9 21 31 24 35 3 40 41 46 8 16 7 11 20 17 13 26 
student 497: 21 35 32 14 29 5 39 40 3 26 13 10 22 37 47 12 20 31 28 17 2 46 43 50 23 48 41 38 1 34 6 36 42 11 15 30 24 33 8 49 44 45 4 27 7 9 18 16 19 25 
student 498: 21 38 31 7 24 11 37 46 2 25 17 16 26 39 48 10 14 33 30 18 8 49 42 47 23 50 36 40 4 35 1 32 44 3 19 34 22 28 5 41 45 43 9 29 6 13 12 20 15 27 
student 499: 27 43 32 11 22 16 33 37 2 17 23 9 19 34 48 6 24 36 28 18 4 46 44 50 29 38 35 42 1 47 3 40 49 10 13 31 25 30 8 45 39 41 7 20 5 12 15 21 14 26 
