student 0: 12 45 21 29 22 33 18 50 32 15 35 6 40 3 9 46 24 30 2 43 23 36 31 41 42 17 34 37 28 25 47 38 8 49 5 14 27 10 26 48 7 44 19 39 20 11 16 1 13 4 
student 1: 18 48 19 24 21 40 17 39 30 15 35 7 41 5 8 49 14 34 9 42 27 31 32 36 43 22 28 37 25 20 47 38 13 50 4 10 33 3 29 46 6 45 16 44 23 12 11 2 26 1 
student 2: 13 44 23 27 29 38 18 43 34 12 31 1 46 6 9 45 19 36 10 49 22 28 32 35 39 25 20 37 30 21 48 40 5 50 3 14 33 2 26 47 7 42 17 41 24 11 16 4 15 8 
student 3: 12 50 16 30 25 43 17 42 31 8 37 11 41 7 18 46 21 32 9 48 27 35 29 33 38 24 23 36 26 22 47 40 6 49 3 10 34 2 28 44 5 39 15 45 19 13 20 1 14 4 
student 4: 13 46 23 22 25 35 18 42 34 14 33 8 37 1 11 47 17 39 9 48 20 29 27 30 40 26 31 44 28 21 43 36 10 49 4 15 41 6 32 50 7 45 19 38 24 5 16 3 12 2 
student 5: 13 50 14 22 27 33 23 45 30 12 36 11 42 1 10 44 21 34 7 47 24 28 32 38 41 15 35 39 20 25 48 37 8 49 3 17 31 5 29 46 9 43 19 40 26 4 16 2 18 6 
student 6: 14 42 16 26 24 48 21 44 27 12 34 4 40 2 10 45 20 36 8 47 17 32 35 33 37 23 29 39 28 19 49 38 11 50 3 18 30 7 25 46 6 41 13 43 22 9 31 1 15 5 
student 7: 11 43 20 27 21 39 15 45 30 13 44 5 40 3 17 47 16 36 6 49 26 38 33 25 41 23 22 35 29 24 46 28 9 50 1 8 31 7 34 48 14 42 12 37 32 10 19 2 18 4 
student 8: 11 42 20 29 26 40 19 39 33 12 36 8 46 1 14 47 22 34 7 49 23 35 27 37 30 21 24 41 28 17 45 38 10 48 4 15 32 2 31 50 5 44 16 43 25 9 13 6 18 3 
student 9: 11 47 20 23 27 37 18 44 31 13 33 5 41 7 10 48 21 34 12 46 25 35 29 40 42 15 28 38 26 22 50 36 4 49 1 17 32 8 30 45 6 43 14 39 24 9 19 2 16 3 
student 10: 11 41 18 26 29 40 22 44 31 8 34 9 45 4 16 46 19 33 2 48 21 30 28 39 43 23 35 38 25 20 47 32 13 50 1 10 36 6 27 49 7 37 14 42 24 12 15 5 17 3 
student 11: 9 47 20 24 25 38 23 44 32 12 37 4 43 2 10 46 19 31 8 50 41 33 30 34 28 21 29 40 26 17 45 36 14 42 3 13 35 7 27 48 6 39 15 49 22 11 16 1 18 5 
student 12: 12 45 18 22 27 40 24 44 30 5 31 8 41 1 10 48 20 35 13 49 25 36 28 34 38 19 29 39 26 21 46 33 11 50 2 16 32 7 37 47 9 43 17 42 23 6 15 4 14 3 
student 13: 11 47 18 26 23 43 17 41 31 13 34 7 38 1 10 46 20 36 9 48 22 37 35 39 42 21 30 25 27 24 44 33 8 50 3 16 32 5 28 45 15 49 6 40 29 19 14 4 12 2 
student 14: 13 43 19 21 25 35 23 45 22 12 36 5 44 3 9 39 17 32 11 49 24 34 29 41 38 18 37 40 28 30 47 31 14 50 4 10 33 6 27 48 7 46 20 42 26 8 16 2 15 1 
student 15: 18 50 22 26 29 34 17 45 31 10 35 6 42 1 12 44 27 33 8 47 25 38 24 36 39 15 20 40 28 21 46 37 11 49 2 13 32 5 30 48 9 41 14 43 23 7 19 3 16 4 
student 16: 15 48 21 28 26 33 20 44 30 11 35 5 45 6 12 43 19 29 10 49 18 36 22 37 40 24 34 38 32 23 47 39 2 50 4 13 31 9 27 46 8 41 16 42 25 1 17 7 14 3 
student 17: 24 48 25 17 23 37 19 46 33 18 34 7 41 2 14 45 21 36 8 50 27 30 20 35 42 22 31 40 26 15 39 38 9 49 5 11 32 6 29 47 1 44 12 43 28 13 16 4 10 3 
student 18: 10 44 18 25 26 38 17 46 39 27 31 6 40 5 12 49 19 30 14 48 22 35 24 34 41 20 32 37 28 23 45 36 7 50 3 11 33 9 29 47 8 43 13 42 21 1 16 4 15 2 
student 19: 17 43 13 26 25 38 24 40 31 11 33 5 36 1 15 48 20 34 8 45 19 44 30 35 41 18 29 39 27 21 46 37 9 47 2 12 32 6 28 50 7 49 22 42 23 4 14 10 16 3 
student 20: 10 42 19 28 27 39 18 43 25 15 45 4 41 5 17 46 22 30 8 49 24 32 33 38 37 13 35 36 29 23 47 34 11 50 2 12 31 3 21 48 6 40 14 44 26 9 20 7 16 1 
student 21: 14 44 22 23 25 41 18 45 28 11 34 4 36 2 13 46 19 33 6 50 24 35 30 38 43 20 31 42 29 17 39 40 10 47 1 12 32 9 27 48 5 49 16 37 26 7 21 8 15 3 
student 22: 8 44 24 26 20 38 22 43 33 13 31 7 48 4 15 49 18 35 6 46 10 34 30 32 36 23 39 37 27 17 47 41 11 45 3 21 29 5 25 50 9 42 19 40 28 12 14 2 16 1 
student 23: 15 48 24 19 26 42 21 43 38 11 37 8 45 3 23 44 22 34 9 50 25 33 29 30 36 12 27 39 28 20 46 35 10 47 1 14 32 4 31 49 7 41 17 40 13 5 18 2 16 6 
student 24: 9 41 19 23 18 38 22 49 29 14 34 7 47 2 12 46 20 33 11 48 27 39 28 37 42 26 31 36 24 21 40 35 10 50 1 17 32 4 25 44 8 43 13 45 30 6 15 5 16 3 
student 25: 13 45 23 29 24 36 18 50 31 17 34 7 42 1 10 44 14 33 8 47 22 35 27 39 40 28 25 37 30 19 43 38 12 49 2 11 32 6 26 48 5 41 15 46 21 9 16 4 20 3 
student 26: 11 46 21 28 24 39 20 43 33 9 37 2 42 3 12 47 19 32 10 48 22 30 29 41 45 18 31 38 26 25 44 34 8 49 1 15 36 6 23 50 13 35 16 40 27 7 14 5 17 4 
student 27: 13 48 27 29 21 37 19 42 30 15 35 5 41 1 12 44 16 31 10 50 25 33 26 40 39 22 23 36 32 18 49 43 9 46 4 7 28 2 34 47 11 38 20 45 24 14 17 6 8 3 
student 28: 13 48 20 30 22 38 19 43 29 12 35 9 41 3 8 45 21 26 5 42 17 27 25 36 46 23 31 40 34 28 47 37 11 50 4 15 33 1 32 49 7 39 18 44 24 10 16 6 14 2 
student 29: 18 46 17 20 25 40 15 43 31 11 32 6 45 7 16 39 19 35 3 49 28 34 27 29 41 14 33 38 26 23 44 42 10 50 5 12 36 4 30 48 8 47 21 37 22 9 24 2 13 1 
student 30: 21 46 17 34 31 36 11 50 33 15 39 9 38 1 12 45 20 30 14 42 27 32 25 35 40 22 28 41 23 19 43 37 7 47 2 18 29 6 26 48 8 44 10 49 24 5 16 4 13 3 
student 31: 11 41 19 25 28 46 20 43 31 18 38 6 44 2 13 50 24 37 5 45 21 32 26 34 40 22 27 39 23 17 48 35 10 47 1 12 33 4 30 49 7 36 15 42 29 8 16 3 9 14 
student 32: 8 49 16 23 27 39 22 42 30 13 37 5 33 2 12 46 19 32 9 50 34 26 28 40 41 24 25 36 31 29 44 35 10 48 1 14 38 11 20 47 6 43 18 45 21 7 17 3 15 4 
student 33: 20 48 16 23 25 35 14 44 28 13 38 9 39 2 11 43 17 33 5 50 24 32 30 41 45 22 19 36 34 26 47 37 6 49 4 12 31 7 29 46 3 42 15 40 27 21 18 1 10 8 
student 34: 14 45 24 34 28 33 19 44 30 11 35 4 39 3 13 47 20 37 8 48 18 32 31 36 40 25 23 42 22 27 43 38 10 50 1 15 29 7 26 49 5 46 16 41 21 6 17 2 12 9 
student 35: 11 45 19 26 31 38 25 47 29 13 35 7 41 1 9 46 22 33 3 50 24 28 32 36 40 21 34 39 23 16 44 37 10 48 2 12 30 5 27 49 6 43 15 42 20 8 18 14 17 4 
student 36: 12 46 19 25 28 35 15 43 27 13 33 8 45 1 10 48 17 34 7 49 23 38 30 31 41 24 36 40 29 22 44 42 9 50 3 18 32 5 26 39 2 47 14 37 21 6 16 11 20 4 
student 37: 10 47 24 29 21 35 16 45 30 12 38 9 42 1 8 48 20 36 7 49 22 33 28 31 40 26 27 39 25 18 43 37 13 50 5 15 32 4 34 44 11 46 14 41 23 3 19 6 17 2 
student 38: 13 45 24 23 27 39 19 48 31 11 35 5 38 1 7 49 17 32 8 47 26 37 30 36 40 21 25 43 29 20 42 34 12 50 4 16 33 3 28 46 14 41 18 44 22 9 15 6 10 2 
student 39: 12 49 18 26 28 44 21 45 31 13 34 8 37 4 11 47 17 39 10 50 16 33 29 36 41 15 30 35 24 20 40 38 9 48 2 19 32 1 27 46 6 42 25 43 22 5 23 3 14 7 
student 40: 13 47 24 25 29 38 16 46 32 18 34 8 43 2 12 44 21 31 6 49 26 35 27 37 42 17 30 39 22 23 45 28 11 48 3 15 36 7 33 50 4 40 19 41 20 10 9 5 14 1 
student 41: 12 49 26 23 27 38 20 44 31 16 35 7 39 1 9 48 19 32 6 47 21 42 24 36 40 18 29 33 22 30 45 37 11 46 3 14 34 5 28 50 10 43 13 41 25 2 17 8 15 4 
student 42: 15 43 12 23 31 36 19 47 32 16 28 5 39 8 10 48 20 34 1 44 27 45 30 35 38 21 29 33 24 22 46 40 7 49 3 13 37 4 25 50 6 41 14 42 18 9 17 11 26 2 
student 43: 12 45 19 21 27 41 18 42 30 15 37 6 33 3 9 47 26 32 7 49 24 36 25 34 38 20 35 44 22 17 46 39 8 48 1 16 31 2 29 50 5 43 13 40 23 11 28 4 14 10 
student 44: 4 48 19 21 24 40 14 36 30 15 34 9 41 2 8 45 23 35 12 49 20 37 31 39 42 26 27 38 29 18 44 32 16 50 3 10 25 7 33 47 11 43 28 46 22 6 17 5 13 1 
student 45: 24 43 19 23 21 38 20 39 35 17 37 7 40 5 11 49 16 30 8 46 27 34 28 41 42 22 32 36 26 13 47 33 10 48 1 12 31 2 29 50 6 44 18 45 25 14 9 4 15 3 
student 46: 16 48 28 23 27 33 19 43 29 14 38 3 35 1 9 50 26 31 6 45 22 30 25 42 36 12 37 39 20 21 49 32 10 47 2 11 41 8 34 46 13 44 18 40 24 7 17 4 15 5 
student 47: 11 47 15 28 23 42 25 39 33 13 37 8 43 1 10 48 19 32 6 49 27 34 31 35 38 24 30 41 22 21 44 36 9 50 2 14 29 5 17 45 7 46 20 40 26 12 18 4 16 3 
student 48: 12 41 22 25 26 40 21 42 32 13 29 3 45 1 8 49 18 23 2 48 20 37 30 38 36 27 35 34 28 24 47 39 9 50 4 15 33 6 31 43 10 46 14 44 19 11 16 5 17 7 
student 49: 13 43 22 26 36 45 19 41 27 11 34 12 44 3 17 47 21 31 5 49 18 35 30 40 38 24 29 33 10 23 42 37 8 50 2 14 32 4 28 48 9 39 20 46 25 7 16 6 15 1 
student 50: 14 48 20 19 26 37 13 44 33 11 32 10 39 1 15 45 16 35 8 49 22 36 31 40 41 25 30 38 29 23 46 34 9 50 2 18 28 6 27 47 5 43 12 42 24 7 17 3 21 4 
student 51: 13 43 17 20 27 40 25 49 30 12 29 2 41 6 10 45 16 32 8 48 28 36 23 33 47 21 31 42 26 24 46 39 15 50 3 14 35 7 34 38 5 44 19 37 22 11 18 4 9 1 
student 52: 15 45 19 25 27 40 23 46 29 9 36 6 42 4 10 47 18 31 11 49 21 34 35 41 33 17 28 37 30 16 44 38 12 50 2 13 32 3 26 48 7 39 22 43 24 20 14 1 8 5 
student 53: 8 47 17 25 26 39 21 48 42 9 35 6 37 2 15 43 20 31 7 50 19 33 28 34 38 24 27 40 29 22 45 41 4 44 1 13 32 5 30 49 10 46 18 36 23 12 16 3 14 11 
student 54: 15 45 21 28 23 40 12 42 32 9 43 3 34 1 5 47 19 33 11 49 16 39 27 36 41 22 26 35 29 25 46 37 14 50 4 20 31 10 24 48 8 38 18 44 30 6 17 2 13 7 
student 55: 11 45 19 24 28 39 18 49 31 13 33 3 42 5 10 40 23 36 9 47 22 34 32 38 46 25 30 37 21 14 43 35 16 50 6 12 26 2 29 48 7 41 20 44 27 8 15 4 17 1 
student 56: 12 40 16 23 29 36 21 46 28 9 41 8 43 5 10 50 18 35 17 49 25 32 33 34 39 13 27 38 30 24 45 37 6 47 4 14 31 11 26 48 3 44 19 42 20 7 22 2 15 1 
student 57: 12 44 36 22 24 39 18 48 29 10 43 5 35 1 9 45 13 32 8 49 16 34 30 37 47 25 28 38 21 20 42 33 11 46 2 14 31 7 26 50 3 40 23 41 27 19 17 4 15 6 
student 58: 7 47 24 25 34 41 23 40 29 13 35 2 49 1 9 43 17 30 10 45 22 33 28 46 36 21 32 38 27 19 48 37 11 50 4 14 26 6 31 44 5 39 16 42 15 20 18 3 12 8 
student 59: 14 42 16 26 24 34 19 44 31 7 35 11 36 3 15 45 21 39 12 49 22 30 28 41 46 25 32 43 23 20 48 37 13 50 1 9 33 2 27 47 8 40 18 38 29 6 10 5 17 4 
student 60: 5 43 22 29 19 44 17 37 34 13 36 10 35 4 12 47 18 30 6 49 23 38 31 41 48 24 32 33 26 21 45 40 11 50 1 14 28 2 27 39 7 42 16 46 25 9 20 8 15 3 
student 61: 12 45 22 29 31 39 19 48 35 7 36 6 40 2 9 49 16 30 3 44 23 34 28 33 41 24 27 37 26 18 47 38 8 46 1 14 25 5 32 50 10 43 21 42 20 13 17 11 15 4 
student 62: 12 49 16 23 24 39 17 45 31 9 35 8 40 3 13 50 15 32 25 47 26 33 30 37 42 18 28 38 27 21 44 36 7 48 6 10 34 2 29 46 11 43 19 41 20 5 22 4 14 1 
student 63: 15 48 17 27 29 45 21 41 31 9 36 11 43 4 16 44 19 32 3 47 22 33 30 37 40 25 28 39 26 23 38 34 7 50 2 18 35 5 20 49 1 46 12 42 24 6 14 13 10 8 
student 64: 13 45 22 26 20 44 19 40 21 15 35 9 37 3 10 49 25 34 5 46 30 33 31 36 43 27 29 38 24 23 41 39 6 47 2 11 32 7 28 48 8 42 18 50 16 12 14 4 17 1 
student 65: 5 50 16 22 21 38 27 45 31 10 37 4 40 14 9 46 17 35 8 47 24 33 29 34 42 30 23 36 25 13 44 39 11 48 6 15 32 3 26 43 7 41 18 49 28 20 19 1 12 2 
student 66: 20 48 19 26 29 34 18 43 30 8 35 4 39 2 12 46 16 38 9 49 21 28 33 36 41 25 27 40 37 22 42 32 11 50 1 14 31 5 24 47 6 45 15 44 23 10 13 3 17 7 
student 67: 15 50 18 20 26 38 22 49 29 4 36 3 40 8 14 44 19 42 9 47 13 34 32 35 41 21 31 33 24 28 46 37 12 48 1 11 27 5 30 45 6 43 16 39 25 10 23 2 17 7 
student 68: 15 46 20 23 24 40 16 44 25 10 30 9 45 2 12 48 13 26 11 47 27 36 31 37 42 22 33 32 28 21 43 38 3 49 7 14 34 4 35 50 8 39 17 41 29 6 19 5 18 1 
student 69: 15 42 21 22 25 35 17 44 33 14 37 6 41 2 11 50 18 31 7 45 27 43 29 36 48 20 28 34 30 19 46 38 8 47 1 24 32 5 26 49 4 40 13 39 23 12 16 3 9 10 
student 70: 12 40 23 20 26 43 21 41 30 17 35 7 44 2 14 49 22 29 8 50 16 34 27 36 37 19 31 38 32 28 48 39 9 47 1 13 33 10 25 46 5 45 15 42 24 11 18 3 6 4 
student 71: 14 50 19 27 21 38 18 45 29 12 33 7 41 4 9 47 11 35 5 48 22 36 26 34 39 24 31 40 30 20 44 37 17 49 1 13 32 3 28 46 6 43 16 42 25 8 23 10 15 2 
student 72: 16 49 21 30 23 38 14 45 33 12 35 6 36 2 10 41 19 32 8 48 24 34 27 37 42 25 29 40 28 20 46 39 9 50 1 17 31 3 26 43 7 44 13 47 18 11 15 5 22 4 
student 73: 20 47 23 25 27 40 21 44 30 13 35 9 45 3 7 48 22 31 10 49 16 34 26 36 38 17 29 42 28 19 43 39 12 50 1 18 33 4 32 46 6 41 14 37 24 11 15 2 8 5 
student 74: 12 49 18 28 25 38 17 39 31 13 34 5 42 6 10 48 19 45 7 47 23 36 29 33 40 22 32 37 26 21 44 35 8 50 4 14 30 2 27 46 9 43 15 41 24 11 20 1 16 3 
student 75: 21 42 25 22 37 47 18 46 30 4 41 10 40 5 13 43 23 35 2 48 20 36 28 32 34 15 29 38 24 19 45 39 11 50 3 17 33 6 26 49 7 31 16 44 27 9 14 8 12 1 
student 76: 14 46 23 20 33 42 22 41 29 13 35 10 40 4 6 50 16 34 9 48 21 32 27 36 43 24 31 38 28 19 45 37 12 47 1 17 30 7 25 49 5 44 15 39 26 11 18 2 8 3 
student 77: 10 44 15 33 32 41 21 43 29 16 39 4 40 2 11 46 19 31 9 49 24 36 27 34 42 22 28 35 25 20 50 47 6 45 1 14 37 7 26 48 12 30 13 38 23 8 18 3 17 5 
student 78: 15 46 21 29 22 41 18 42 31 12 28 4 40 3 13 48 20 35 2 50 23 33 16 39 43 26 34 37 30 25 47 36 5 49 1 9 32 11 24 45 7 44 14 38 27 10 19 8 17 6 
student 79: 15 41 17 25 33 38 22 46 26 14 30 2 42 5 9 48 13 31 12 45 21 34 32 35 43 23 27 36 29 20 44 40 8 50 1 18 39 7 28 49 6 47 16 37 24 10 19 4 11 3 
student 80: 12 44 18 28 27 39 21 48 33 13 36 6 41 3 11 47 19 29 9 49 20 34 24 37 40 23 31 38 26 22 46 35 7 50 2 15 32 5 30 43 1 45 14 42 25 10 17 8 16 4 
student 81: 12 44 18 29 25 41 15 43 30 10 27 1 37 5 14 46 22 33 8 49 20 36 32 35 40 24 34 38 21 23 48 39 11 50 2 13 31 7 28 47 4 45 17 42 26 9 19 6 16 3 
student 82: 11 48 19 25 27 39 18 45 29 12 38 2 36 5 6 47 22 32 10 44 28 34 33 40 42 21 24 37 20 26 46 35 8 50 1 15 30 13 31 49 7 41 14 43 23 9 16 4 17 3 
student 83: 14 47 23 25 12 37 15 44 26 9 39 10 42 1 7 49 22 31 6 46 24 33 29 35 43 18 30 36 28 20 41 40 21 50 2 11 34 3 32 48 8 45 16 38 27 13 17 4 19 5 
student 84: 17 50 20 24 26 44 21 39 30 10 41 2 40 3 13 42 18 32 8 48 23 29 28 31 38 19 33 37 27 22 45 35 11 49 1 14 36 7 34 47 4 43 15 46 25 9 12 6 16 5 
student 85: 13 41 23 25 29 37 20 43 34 12 38 9 42 2 8 44 14 30 10 49 24 32 31 35 45 21 33 36 26 18 46 39 11 48 6 16 28 3 27 50 7 40 22 47 17 4 15 5 19 1 
student 86: 14 44 15 29 25 34 19 47 28 10 40 5 38 2 9 45 21 31 6 46 20 35 30 36 42 17 23 39 27 24 43 33 8 49 11 12 32 3 26 50 13 41 18 48 37 7 22 4 16 1 
student 87: 14 50 17 26 27 40 16 49 30 13 31 5 38 1 10 44 19 28 8 45 22 39 33 32 43 20 34 35 29 24 48 37 11 46 6 12 36 4 25 47 7 42 15 41 23 9 18 3 21 2 
student 88: 14 45 17 23 26 37 22 43 31 10 38 8 39 4 12 50 28 29 7 49 24 32 20 34 41 18 35 42 27 21 46 36 9 47 1 13 33 5 30 48 2 44 16 40 25 11 19 6 15 3 
student 89: 15 50 21 25 31 36 19 44 34 6 41 10 40 4 5 45 18 33 8 47 23 39 32 28 37 20 26 38 29 22 46 35 11 49 7 13 27 3 30 48 9 42 17 43 24 12 16 1 14 2 
student 90: 12 44 22 25 21 40 16 38 26 11 35 4 42 5 10 50 19 31 15 49 32 34 27 41 37 23 30 36 29 20 46 39 7 47 2 14 28 3 33 45 6 48 17 43 24 9 18 8 13 1 
student 91: 13 46 17 30 22 35 23 44 36 12 41 7 40 2 11 48 16 28 9 49 20 42 32 37 31 21 33 38 25 24 47 34 8 50 1 15 29 6 26 39 3 45 14 43 27 10 19 5 18 4 
student 92: 17 46 20 25 24 35 21 42 31 8 37 6 43 3 9 48 19 38 10 50 14 41 26 33 36 18 29 44 28 27 40 34 13 47 1 16 32 11 30 49 7 45 22 39 23 12 15 4 5 2 
student 93: 15 46 19 17 25 43 18 45 34 7 35 10 38 2 12 50 21 30 5 48 26 31 29 37 39 23 32 40 28 22 44 36 11 49 1 14 33 8 27 47 6 42 16 41 20 9 24 3 13 4 
student 94: 13 44 19 22 25 38 16 45 34 8 33 7 39 4 12 46 20 31 11 49 28 41 29 35 40 23 32 37 26 21 43 36 10 50 3 14 30 9 24 48 6 42 17 47 27 5 18 2 15 1 
student 95: 9 44 19 29 32 39 20 40 30 12 36 15 43 2 11 48 18 33 6 46 23 34 27 35 41 25 26 38 22 21 47 37 8 49 1 13 31 7 28 45 4 50 17 42 24 10 16 5 14 3 
student 96: 16 47 24 25 26 38 21 41 30 8 37 11 42 3 10 46 20 33 9 49 18 31 27 35 43 22 29 36 28 15 44 39 13 50 2 14 34 7 32 48 1 45 17 40 23 6 19 4 12 5 
student 97: 20 50 19 21 30 43 16 44 28 14 32 2 39 1 8 47 18 31 11 48 26 46 34 33 38 24 29 36 25 22 40 35 6 49 3 10 37 4 27 45 17 41 15 42 23 7 12 9 13 5 
student 98: 14 46 12 22 28 41 17 45 30 8 33 13 38 5 11 44 18 36 7 50 20 32 26 35 39 21 27 43 29 25 49 37 2 48 1 19 34 6 24 47 9 42 16 40 31 10 15 3 23 4 
student 99: 12 48 22 20 21 40 19 39 36 8 27 5 37 2 14 41 18 33 7 44 29 49 30 28 42 25 26 35 32 23 47 34 9 50 4 17 38 3 31 45 6 43 13 46 24 11 15 10 16 1 
student 100: 11 48 26 25 21 39 20 46 32 13 36 3 34 2 15 47 16 31 10 50 18 37 22 42 45 24 29 38 28 23 41 30 6 44 1 7 35 14 33 49 9 43 12 40 27 8 19 5 17 4 
student 101: 11 45 23 24 26 39 17 44 33 14 38 5 43 1 10 50 19 31 13 47 20 32 27 35 41 25 28 37 30 18 40 36 9 49 2 15 34 6 29 48 8 42 16 46 22 7 12 4 21 3 
student 102: 10 45 26 33 21 39 15 42 31 11 35 9 38 3 8 49 22 34 13 46 16 30 24 36 40 28 29 41 23 27 48 37 5 50 2 12 32 17 25 47 4 43 18 44 20 7 19 6 14 1 
student 103: 11 45 16 26 22 50 21 47 31 10 34 6 41 1 17 43 14 30 8 49 20 33 29 38 39 18 35 36 25 28 44 32 9 48 3 13 37 5 27 46 7 42 19 40 23 15 12 4 24 2 
student 104: 15 45 22 19 25 49 16 40 33 4 31 3 41 8 9 47 17 36 7 44 24 34 28 35 43 26 30 37 23 18 42 39 10 48 1 13 32 12 29 50 6 46 20 38 27 11 14 2 21 5 
student 105: 8 48 23 19 27 39 16 42 25 14 33 5 37 1 12 45 20 31 10 50 24 36 28 32 47 26 30 35 29 21 43 40 17 49 4 9 34 3 38 46 7 44 18 41 22 13 11 2 15 6 
student 106: 7 45 22 24 30 33 23 43 26 11 36 9 41 3 12 46 16 32 5 50 27 35 34 37 42 19 29 38 25 17 47 39 10 48 2 18 28 6 31 49 8 44 15 40 20 13 14 4 21 1 
student 107: 3 46 22 24 36 40 14 42 26 18 38 7 41 2 9 47 17 30 8 50 28 31 29 34 37 21 27 39 25 23 45 35 11 43 1 16 33 4 32 49 10 44 12 48 19 13 20 5 15 6 
student 108: 17 44 19 27 24 38 15 36 32 14 34 1 37 8 11 48 25 35 9 47 20 33 29 41 43 26 31 40 23 18 45 39 13 49 3 10 30 6 28 46 7 42 21 50 22 16 5 2 12 4 
student 109: 9 47 21 22 26 43 24 46 38 12 31 14 37 6 11 44 18 30 7 48 25 33 29 35 39 20 27 40 32 19 34 42 3 49 8 13 36 4 28 50 2 45 16 41 23 10 17 5 15 1 
student 110: 13 45 19 29 28 39 17 47 27 11 34 8 37 5 12 49 20 33 7 46 21 31 26 36 38 25 32 35 24 22 41 43 10 48 4 14 40 6 30 50 2 44 15 42 23 9 16 1 18 3 
student 111: 11 46 22 21 27 41 17 40 35 13 33 2 43 1 14 47 24 32 9 49 25 36 30 38 39 20 26 34 28 16 45 37 8 50 4 12 31 7 29 48 6 44 18 42 23 10 19 3 15 5 
student 112: 12 46 21 23 26 34 18 45 30 13 39 3 42 2 10 49 19 36 9 50 24 33 31 35 44 22 29 38 28 20 47 40 8 41 1 11 32 4 27 48 7 43 16 37 25 14 15 6 17 5 
student 113: 9 38 19 26 29 42 18 44 32 14 36 3 39 2 12 48 15 31 8 49 22 35 30 33 40 20 27 37 25 23 47 41 11 50 10 16 34 7 28 46 4 43 21 45 24 6 17 5 13 1 
student 114: 12 49 20 27 25 40 19 39 29 13 36 9 42 4 10 46 17 31 8 48 23 34 33 38 41 18 35 37 26 22 44 32 11 50 2 15 30 7 28 47 5 43 14 45 24 6 21 3 16 1 
student 115: 12 46 24 30 22 39 19 48 25 4 33 6 44 2 17 47 14 36 10 49 20 34 26 38 41 27 29 32 31 21 43 37 16 45 1 8 35 5 28 50 9 42 13 40 23 11 15 3 18 7 
student 116: 7 44 22 27 26 38 20 45 35 15 41 4 37 1 10 43 21 29 11 46 23 40 31 36 42 19 32 33 24 18 49 30 5 48 3 13 39 6 28 47 9 50 17 34 25 12 16 8 14 2 
student 117: 8 47 20 24 23 40 17 43 35 15 41 18 34 1 3 50 21 32 14 49 12 38 26 33 37 25 31 36 30 22 44 42 16 46 2 9 29 6 27 48 4 39 13 45 28 10 19 7 11 5 
student 118: 19 42 26 28 30 34 16 47 25 11 36 5 43 2 7 40 20 33 8 49 22 32 31 37 44 23 24 41 29 21 46 38 4 48 3 14 35 6 27 50 12 45 15 39 18 13 17 10 9 1 
student 119: 7 39 23 20 27 40 19 43 31 17 35 8 41 2 6 49 22 34 9 50 24 33 29 37 45 21 30 36 32 16 47 44 14 48 1 13 28 5 25 38 11 46 12 42 26 10 18 4 15 3 
student 120: 10 46 17 21 30 37 11 48 32 9 29 7 36 3 12 47 28 34 8 42 27 38 22 40 41 23 25 39 24 19 45 35 13 49 1 15 33 5 31 50 4 43 16 44 26 14 18 6 20 2 
student 121: 13 43 21 25 26 39 17 46 31 18 36 7 41 2 11 48 20 32 4 50 23 34 33 44 35 16 30 38 27 24 45 37 12 49 1 10 29 6 28 42 8 47 14 40 19 9 22 5 15 3 
student 122: 17 47 14 23 25 38 21 50 31 12 35 9 40 2 10 45 26 27 1 46 24 34 28 37 39 20 30 43 32 15 42 36 8 49 3 13 29 7 33 48 6 41 22 44 19 11 18 4 16 5 
student 123: 15 49 16 23 32 37 21 40 30 11 41 5 38 1 10 48 18 28 8 47 24 33 26 36 39 22 29 35 27 20 42 45 6 50 2 13 31 3 34 46 12 43 14 44 25 9 19 4 17 7 
student 124: 9 49 18 25 26 39 15 41 31 20 36 16 38 5 12 46 19 33 3 48 27 34 30 37 43 21 28 42 29 22 44 35 8 50 4 10 32 1 24 40 2 45 13 47 23 7 14 6 11 17 
student 125: 17 47 18 24 25 39 26 41 31 9 34 5 43 1 12 48 19 27 7 49 28 33 30 35 40 21 23 38 29 20 46 37 13 50 2 15 32 11 36 45 3 44 14 42 22 8 16 4 10 6 
student 126: 12 47 19 25 28 41 13 42 32 14 36 9 39 4 8 46 15 35 6 50 21 33 29 38 43 22 26 34 31 20 44 37 11 49 1 16 30 3 27 48 2 40 17 45 24 10 23 5 18 7 
student 127: 9 44 23 27 31 34 22 46 33 12 35 4 39 7 13 47 17 32 6 49 21 36 29 40 41 19 26 37 28 20 42 38 8 50 3 14 30 10 25 48 5 45 15 43 24 11 18 1 16 2 
student 128: 13 47 28 22 23 44 19 40 36 15 37 6 38 1 11 48 20 29 10 50 18 32 25 33 42 26 34 41 24 21 43 39 12 45 2 14 31 5 35 49 9 46 16 30 27 8 7 4 17 3 
student 129: 14 46 24 23 27 39 15 44 29 12 30 7 40 11 10 47 20 22 1 45 16 34 28 36 43 17 26 38 32 33 48 37 9 41 4 13 35 6 25 50 8 49 19 42 21 2 31 3 18 5 
student 130: 12 48 19 21 24 39 20 44 33 6 32 8 41 2 9 35 22 34 5 50 25 29 38 36 42 17 28 31 26 23 47 40 13 46 3 14 37 7 27 49 4 45 16 43 30 15 18 10 11 1 
student 131: 7 45 23 32 25 39 16 44 31 6 35 8 41 2 10 48 20 29 9 50 27 33 28 36 40 22 30 38 19 21 49 37 12 47 1 15 34 3 26 46 13 43 18 42 24 11 14 5 17 4 
student 132: 10 48 22 25 31 40 17 41 30 7 39 5 42 4 16 47 20 37 9 49 32 28 26 34 36 14 27 44 23 21 38 35 18 45 2 11 33 3 29 50 6 43 15 46 24 13 19 1 12 8 
student 133: 11 45 20 25 28 44 15 49 29 5 34 13 40 1 8 47 19 30 18 50 24 38 32 33 46 23 31 37 26 21 39 36 6 42 3 12 35 7 27 48 9 43 16 41 22 10 17 4 14 2 
student 134: 9 46 17 26 22 34 18 48 28 10 35 7 42 2 8 47 25 31 13 49 21 37 32 36 41 23 33 39 27 19 40 38 6 50 1 20 24 12 30 43 3 44 16 45 29 4 14 5 15 11 
student 135: 11 46 17 27 26 50 20 44 30 13 32 5 43 7 3 49 19 34 8 48 24 36 22 39 35 21 33 38 28 25 45 31 12 42 6 14 37 4 29 47 9 40 18 41 23 10 15 1 16 2 
student 136: 13 43 22 23 28 42 17 48 34 10 33 9 36 3 11 46 21 37 2 49 20 31 29 35 39 26 30 38 27 19 44 40 5 50 6 16 32 4 25 47 7 45 15 41 24 12 18 8 14 1 
student 137: 11 42 17 27 20 40 13 47 32 15 35 5 43 3 12 48 18 33 10 45 23 36 29 34 41 24 30 37 26 22 44 38 8 49 2 14 31 7 28 46 6 39 21 50 25 9 16 1 19 4 
student 138: 11 44 27 28 30 39 16 48 31 10 35 9 40 1 4 50 20 38 17 49 23 32 37 34 41 18 21 36 25 22 43 33 8 45 6 12 29 5 26 46 3 47 13 42 24 19 15 7 14 2 
student 139: 13 46 27 15 29 39 19 44 31 11 36 6 41 3 9 47 20 34 8 48 22 33 24 37 43 23 30 38 26 21 45 35 14 49 1 16 32 5 28 50 7 42 18 40 25 12 17 4 10 2 
student 140: 11 46 16 24 27 40 20 45 35 17 33 8 38 6 13 44 23 34 10 49 25 32 28 36 41 21 29 39 30 19 47 37 9 50 2 12 31 3 26 48 7 42 14 43 22 1 18 4 15 5 
student 141: 14 42 23 30 26 40 17 47 29 11 33 2 41 5 10 46 19 31 8 50 24 32 27 37 22 21 35 38 36 20 45 39 9 49 1 13 34 7 28 48 6 44 16 43 25 12 18 4 15 3 
student 142: 14 45 21 31 36 41 19 49 32 12 30 7 39 1 10 42 17 38 5 50 23 29 33 37 43 22 25 34 27 20 47 44 11 46 2 13 24 6 28 48 8 40 16 35 26 9 18 4 15 3 
student 143: 14 42 21 16 27 34 15 41 31 12 37 5 47 2 7 49 17 33 8 50 24 35 28 36 43 25 30 40 22 18 45 38 10 48 1 13 32 6 29 46 11 44 23 39 26 19 9 4 20 3 
student 144: 9 45 21 26 31 43 19 46 36 14 32 7 39 2 11 47 18 34 10 48 24 29 27 30 41 22 28 35 33 20 42 38 12 50 1 15 37 4 23 49 8 40 16 44 25 6 17 5 13 3 
student 145: 17 48 15 23 30 40 22 42 36 12 34 9 45 6 10 44 19 35 11 50 24 29 27 39 47 26 31 33 25 16 49 38 7 43 1 18 32 8 28 46 4 41 13 37 21 3 20 5 14 2 
student 146: 10 49 18 28 29 42 14 44 35 12 39 3 40 5 11 45 23 33 8 48 22 31 25 34 36 21 26 38 27 19 46 43 9 50 4 15 30 6 32 47 7 37 17 41 24 16 20 1 13 2 
student 147: 14 49 21 23 26 41 22 45 32 12 33 4 40 2 11 48 16 30 8 50 25 35 31 36 37 17 29 38 27 20 42 39 10 47 1 13 34 3 28 46 6 44 15 43 24 9 18 7 19 5 
student 148: 14 48 19 22 32 41 20 45 28 12 33 6 43 7 11 44 21 35 9 47 24 38 27 29 42 25 34 39 26 23 46 36 10 50 3 13 30 5 31 49 4 37 17 40 18 8 16 1 15 2 
student 149: 18 49 23 22 28 39 20 48 30 11 36 5 41 2 13 46 16 31 9 44 27 34 26 43 37 21 29 35 19 25 42 38 12 50 1 10 33 4 24 47 8 45 17 40 32 7 14 6 15 3 
student 150: 13 46 24 21 25 43 19 42 41 16 34 3 35 1 10 45 28 32 7 47 22 33 30 49 40 18 31 36 23 20 44 37 12 50 6 11 29 8 27 48 9 39 17 38 26 4 15 5 14 2 
student 151: 16 50 18 28 26 39 21 43 29 12 33 6 38 2 9 48 23 34 10 46 24 31 25 35 42 20 36 41 32 19 44 37 11 49 1 17 30 5 27 47 7 45 14 40 22 8 15 3 13 4 
student 152: 13 43 21 24 26 40 28 42 37 12 31 4 44 10 9 45 18 33 11 47 19 34 30 32 46 22 27 35 36 20 50 38 7 49 3 14 29 6 25 39 8 48 17 41 23 5 16 1 15 2 
student 153: 16 45 18 24 28 37 20 47 25 12 38 3 36 2 11 48 14 34 6 49 23 42 31 30 41 15 29 39 27 19 44 35 9 50 1 17 33 13 32 46 8 43 7 40 26 5 21 10 22 4 
student 154: 12 48 23 24 28 26 19 43 31 14 35 7 34 4 10 45 21 36 2 50 25 32 22 39 33 18 37 44 29 20 46 41 9 49 1 13 38 6 30 42 11 47 16 40 27 8 17 5 15 3 
student 155: 16 49 23 25 32 43 21 44 31 17 36 9 45 4 11 46 15 38 7 50 19 30 20 39 40 26 27 33 28 22 47 35 8 48 1 18 34 5 29 42 14 41 6 37 24 10 13 3 12 2 
student 156: 14 46 22 23 29 42 18 39 28 11 37 3 43 5 13 45 19 35 9 49 25 36 27 34 38 21 32 40 30 20 48 41 8 50 1 16 31 4 24 47 7 44 17 33 26 10 12 2 15 6 
student 157: 13 48 14 30 19 41 16 45 35 22 37 6 44 1 12 49 18 29 8 47 28 36 31 38 43 24 32 33 23 21 46 40 7 50 4 20 26 5 27 34 10 42 17 39 25 9 15 3 11 2 
student 158: 14 44 16 30 22 42 19 47 35 11 39 5 33 3 15 45 20 36 9 48 25 37 29 38 43 24 26 46 23 21 49 32 12 50 2 13 31 4 27 41 6 40 17 34 28 7 18 1 8 10 
student 159: 10 49 18 31 26 39 20 48 32 14 35 3 41 2 17 45 21 30 7 50 22 34 28 37 40 27 33 42 24 23 46 38 11 44 1 12 16 4 29 47 8 36 15 43 25 9 19 6 13 5 
student 160: 20 49 13 27 32 37 21 48 35 14 33 8 41 4 10 44 25 31 1 47 23 26 34 40 39 17 28 42 19 22 50 36 3 46 2 15 30 7 29 43 9 45 16 38 24 11 18 5 12 6 
student 161: 16 49 11 28 29 41 18 44 34 25 32 7 38 3 14 47 21 31 6 45 20 36 33 37 43 27 30 35 19 22 48 40 9 50 2 15 24 5 26 42 8 39 13 46 23 17 10 1 12 4 
student 162: 14 46 18 25 26 44 16 42 37 13 30 7 39 3 1 47 17 29 11 48 23 32 31 35 41 24 34 38 28 22 40 36 9 43 2 15 33 6 27 49 5 50 20 45 21 8 19 10 12 4 
student 163: 13 48 17 24 27 42 25 47 29 12 39 1 43 4 11 49 14 33 5 46 28 37 30 34 44 18 22 38 26 20 45 41 8 50 2 19 31 6 32 35 7 40 15 36 23 9 16 10 21 3 
student 164: 15 47 19 35 22 42 23 50 32 13 37 5 36 2 11 41 18 30 8 45 29 33 26 39 43 20 28 34 25 21 48 38 9 46 1 12 31 4 27 49 7 40 14 44 24 10 17 3 16 6 
student 165: 6 49 19 30 23 43 14 39 29 10 31 8 37 9 4 47 20 33 12 45 22 40 28 44 42 21 25 36 26 24 41 38 13 50 2 11 32 7 35 48 5 34 18 46 27 16 15 3 17 1 
student 166: 13 43 21 28 23 40 16 47 31 11 39 8 38 4 15 49 18 35 6 50 27 29 32 36 41 25 30 37 19 26 46 34 10 45 3 12 33 5 24 44 2 42 17 48 22 9 20 1 14 7 
student 167: 14 40 29 22 25 39 20 45 32 7 36 4 42 2 13 48 18 30 9 49 17 35 26 38 43 23 27 37 31 21 46 34 10 50 1 12 33 6 28 47 5 41 15 44 24 11 19 8 16 3 
student 168: 16 45 21 27 25 35 23 43 29 7 36 9 37 4 11 47 17 32 10 48 20 39 26 38 40 22 34 41 30 15 44 33 12 50 1 14 31 6 28 49 8 46 18 42 24 13 19 3 5 2 
student 169: 12 49 18 24 22 41 17 46 33 19 38 5 42 1 10 40 21 39 6 47 27 29 32 36 30 25 31 37 26 20 45 34 8 50 2 15 35 4 28 48 7 44 14 43 23 9 13 11 16 3 
student 170: 13 41 19 22 29 39 17 47 24 14 35 9 38 4 10 44 26 33 12 48 21 40 23 34 45 16 32 36 30 20 49 37 11 50 3 25 28 1 31 46 8 42 7 43 27 6 18 2 15 5 
student 171: 14 45 21 22 31 38 12 39 33 11 32 8 41 2 9 40 20 35 15 50 26 36 27 37 43 18 25 34 28 23 47 42 10 49 1 16 30 6 29 48 5 44 19 46 24 7 17 4 13 3 
student 172: 9 41 24 27 26 47 14 42 36 15 35 8 44 4 12 45 19 38 7 46 23 31 32 34 40 18 28 39 25 22 48 30 11 50 1 13 33 3 29 49 5 37 17 43 21 10 16 6 20 2 
student 173: 15 46 22 24 23 47 25 41 35 9 37 3 38 2 13 48 19 33 12 45 21 34 29 39 43 11 30 36 26 20 40 32 14 50 1 16 31 5 28 49 6 42 10 44 27 7 18 8 17 4 
student 174: 13 45 21 26 22 36 20 47 30 12 31 7 38 4 15 48 11 39 10 50 29 37 27 34 40 24 33 42 23 17 44 35 6 49 2 14 28 5 25 46 9 43 16 41 32 8 19 1 18 3 
student 175: 14 44 16 28 25 38 23 46 30 13 34 2 36 7 12 47 9 37 8 48 19 35 31 33 43 22 27 39 20 17 45 40 6 50 3 21 32 4 29 49 11 42 24 41 26 10 15 5 18 1 
student 176: 14 50 15 26 32 39 17 44 31 19 35 5 41 1 12 48 23 33 7 47 24 34 30 38 42 18 29 37 25 21 46 40 9 49 4 16 28 10 27 45 2 36 11 43 22 8 13 6 20 3 
student 177: 11 48 21 24 26 34 16 44 33 14 38 8 42 1 13 47 23 32 3 45 19 36 27 37 35 25 28 40 29 22 41 39 5 50 2 10 30 6 31 49 9 46 15 43 18 12 20 7 17 4 
student 178: 12 47 20 29 33 38 17 36 27 11 31 7 44 2 5 45 25 37 8 49 21 32 28 34 39 22 30 40 13 23 46 35 10 50 1 15 41 6 26 48 9 43 18 42 24 14 19 4 16 3 
student 179: 13 47 17 26 32 38 18 39 35 12 36 6 41 1 11 49 22 30 10 48 31 33 34 37 42 25 27 40 19 24 45 28 2 50 8 14 29 7 20 46 5 43 21 44 23 9 16 4 15 3 
student 180: 16 49 20 28 32 40 15 45 30 14 36 13 42 3 11 46 17 31 9 48 23 29 25 34 39 21 33 38 24 19 41 37 10 50 5 22 35 6 26 47 1 44 8 43 27 7 12 4 18 2 
student 181: 13 48 21 24 28 40 18 43 35 14 37 4 41 5 12 39 19 30 7 44 27 32 31 33 34 23 29 38 25 20 47 46 11 50 2 9 36 10 26 49 8 45 16 42 22 6 15 3 17 1 
student 182: 10 47 26 25 27 34 19 40 30 15 37 9 36 7 12 48 23 24 16 41 18 31 35 33 38 4 32 39 29 28 46 43 11 50 5 13 42 1 21 49 3 45 17 44 22 8 20 2 6 14 
student 183: 13 44 20 27 29 39 15 40 32 11 35 7 46 1 10 48 21 28 8 45 25 33 22 38 41 26 34 36 30 17 47 37 12 49 3 18 31 5 23 50 6 43 16 42 24 9 19 4 14 2 
student 184: 12 50 18 24 26 37 20 44 28 7 31 6 42 3 11 46 21 34 9 49 22 35 33 36 43 19 30 40 27 23 45 38 10 47 2 14 32 5 29 48 13 41 17 39 25 8 16 1 15 4 
student 185: 14 48 18 25 26 37 20 46 31 13 38 11 41 5 10 50 28 33 4 49 23 29 27 36 39 21 22 44 34 19 47 35 8 42 1 16 30 2 32 43 6 40 9 45 24 12 17 3 15 7 
student 186: 8 47 16 19 22 40 24 45 29 15 35 7 43 6 4 49 23 32 5 46 27 33 34 37 39 18 26 38 25 21 42 36 12 48 1 10 28 9 31 50 17 44 13 41 30 11 20 2 14 3 
student 187: 13 44 22 19 30 39 17 45 33 10 35 4 40 5 12 48 20 34 9 49 21 36 32 37 41 23 27 31 29 24 43 38 2 50 6 16 28 7 25 47 8 42 18 46 26 11 15 3 14 1 
student 188: 11 46 20 18 27 38 14 42 32 12 33 3 39 9 17 44 16 34 8 47 23 37 31 35 40 22 26 41 29 24 49 36 15 50 6 13 30 5 28 48 10 45 21 43 25 4 19 2 7 1 
student 189: 9 44 10 21 26 40 20 47 31 15 35 6 39 5 14 46 18 30 12 49 24 32 25 37 41 28 27 34 23 16 45 38 7 50 2 13 33 4 36 48 11 43 22 42 29 3 19 1 17 8 
student 190: 11 48 18 28 35 36 16 45 30 10 39 4 41 3 14 44 24 29 8 49 22 37 31 33 38 21 23 40 27 20 46 34 9 50 1 13 32 5 26 47 2 43 19 42 25 6 17 12 15 7 
student 191: 13 47 21 27 29 41 22 40 31 10 38 3 39 2 12 45 18 33 8 49 17 36 32 37 42 26 30 35 28 19 44 34 14 50 5 15 25 4 23 48 1 46 16 43 20 6 24 7 9 11 
student 192: 15 49 19 25 28 45 12 38 31 9 24 2 36 3 11 41 21 35 13 47 23 40 33 42 43 16 29 39 27 26 44 34 18 48 6 17 32 1 30 50 8 37 22 46 20 4 14 7 10 5 
student 193: 19 46 23 33 25 36 15 45 27 16 34 9 42 3 11 40 21 31 7 50 26 32 29 35 43 18 30 37 22 20 47 41 10 48 1 12 39 4 28 49 6 38 13 44 24 8 14 2 17 5 
student 194: 12 47 21 27 28 41 17 46 23 10 45 11 38 1 6 44 19 35 5 48 22 37 36 32 34 24 25 39 29 20 42 33 13 50 3 16 30 4 31 49 7 43 15 40 26 9 14 8 18 2 
student 195: 14 47 20 17 30 43 13 46 31 18 35 6 41 5 16 39 21 33 11 40 28 37 27 34 50 19 26 38 32 23 49 36 12 48 1 4 29 2 22 45 9 42 15 44 25 10 7 3 24 8 
student 196: 11 43 16 25 22 40 17 44 33 12 37 5 42 3 8 50 15 32 7 47 23 36 27 34 39 21 31 38 28 24 48 35 6 49 2 13 30 9 29 46 19 45 18 41 26 10 20 4 14 1 
student 197: 13 49 20 23 26 38 15 47 27 17 35 5 42 1 10 43 16 39 8 46 21 33 28 30 45 24 34 37 29 18 41 31 9 50 2 11 36 7 32 48 6 44 25 40 19 12 14 4 22 3 
student 198: 14 47 19 27 33 39 21 46 30 11 37 9 45 3 13 49 20 34 7 50 18 35 23 32 41 24 28 38 22 25 42 36 4 48 2 17 31 1 29 44 6 43 15 40 26 12 16 5 10 8 
student 199: 15 49 19 31 27 37 18 42 32 16 36 1 41 5 12 45 23 33 10 50 22 34 29 35 38 21 25 40 26 14 43 46 13 47 4 11 30 3 28 44 9 48 6 39 24 2 20 7 17 8 
student 200: 13 44 23 30 26 41 16 42 22 12 29 7 35 2 6 49 20 34 5 48 24 33 31 38 45 25 27 43 37 21 40 36 10 50 1 14 32 8 28 46 11 47 18 39 17 9 19 4 15 3 
student 201: 12 43 21 25 24 38 20 44 28 14 30 8 47 1 10 46 18 36 5 50 27 37 26 32 41 22 35 34 23 33 40 48 4 49 3 15 31 7 29 45 9 42 13 39 19 11 16 6 17 2 
student 202: 12 50 19 31 25 37 17 42 30 15 36 7 44 4 9 45 24 33 11 47 20 40 26 41 38 22 27 35 28 21 46 34 10 49 3 14 29 5 32 48 8 39 18 43 23 2 13 6 16 1 
student 203: 12 46 19 30 26 41 22 44 29 10 34 8 36 3 18 47 15 28 5 50 21 33 31 37 45 20 32 38 25 24 42 40 11 49 2 14 35 6 27 48 9 43 16 39 23 7 17 1 13 4 
student 204: 18 46 16 27 33 40 12 42 37 10 29 6 43 5 15 48 19 31 8 47 25 39 26 36 41 23 28 35 21 20 45 38 9 50 3 11 22 4 32 49 7 44 17 34 24 13 30 1 14 2 
student 205: 15 46 18 29 25 38 20 43 31 14 32 9 40 1 8 47 22 33 7 49 23 36 30 35 44 21 28 39 26 24 41 45 11 50 2 17 34 5 27 48 6 42 13 37 12 10 19 3 16 4 
student 206: 18 47 19 28 32 38 17 46 30 15 34 3 40 5 12 44 14 43 10 50 25 36 24 33 39 21 29 35 23 20 42 41 8 37 4 22 31 6 27 49 7 45 13 48 26 9 16 2 11 1 
student 207: 14 45 21 28 25 38 13 44 30 4 41 10 39 7 3 47 17 31 6 50 19 33 34 35 46 22 27 36 23 24 43 37 12 49 1 16 32 8 29 48 11 40 15 42 26 9 18 5 20 2 
student 208: 10 46 13 25 28 35 18 47 31 15 38 6 37 1 12 44 14 36 9 48 26 30 33 39 40 19 29 43 24 21 42 34 7 49 2 16 32 5 27 50 4 45 20 41 23 8 17 3 22 11 
student 209: 12 42 21 22 29 39 14 37 30 11 38 4 47 1 10 45 20 32 9 46 24 34 27 41 40 18 28 36 35 17 43 33 13 50 2 15 31 8 23 49 7 44 16 48 26 6 25 3 19 5 
student 210: 15 42 19 24 26 35 20 47 31 12 39 2 36 5 8 45 21 34 10 50 22 32 29 43 48 23 28 40 27 18 44 38 11 46 1 14 33 6 30 49 9 37 17 41 25 7 16 3 13 4 
student 211: 14 43 19 28 25 34 17 46 32 10 35 8 40 2 11 38 15 30 7 48 27 33 26 41 42 20 23 36 31 22 49 44 9 50 1 18 39 5 29 45 6 47 12 37 24 13 21 4 16 3 
student 212: 15 43 14 27 21 38 18 44 33 13 32 5 37 3 17 49 23 31 4 48 25 39 26 34 40 19 35 36 29 20 45 42 7 50 1 16 30 2 24 46 8 41 11 47 28 10 22 9 12 6 
student 213: 13 50 19 25 29 43 18 46 30 17 33 7 39 2 14 42 21 34 8 47 22 36 35 37 28 24 38 40 31 23 44 27 10 48 1 12 32 4 20 49 3 41 15 45 26 9 16 6 11 5 
student 214: 8 45 15 23 30 36 20 44 28 11 37 5 43 4 13 47 17 31 3 50 24 33 29 35 40 21 32 41 25 26 42 39 10 49 1 14 34 2 22 48 9 46 18 38 27 12 19 7 16 6 
student 215: 11 43 18 24 25 37 17 41 30 19 29 8 36 2 10 46 15 35 12 47 23 38 31 33 39 22 32 42 34 20 44 40 6 50 3 13 28 5 27 49 9 48 16 45 26 7 14 4 21 1 
student 216: 18 49 22 12 26 39 15 46 31 13 35 9 41 6 10 42 23 32 5 48 27 34 28 36 44 21 29 40 24 19 45 37 17 50 8 14 33 3 30 47 2 43 20 38 25 7 16 4 11 1 
student 217: 16 47 20 27 30 35 18 44 31 13 32 3 40 1 9 43 19 29 10 49 23 33 24 38 42 21 25 39 28 17 45 36 12 46 2 11 34 8 37 50 7 48 14 41 26 5 22 6 15 4 
student 218: 15 48 20 26 23 38 14 47 30 5 33 11 39 4 10 49 17 35 9 50 24 31 32 34 41 25 28 37 27 22 46 43 13 45 2 21 36 3 29 42 6 44 18 40 19 8 16 7 12 1 
student 219: 9 48 20 26 28 36 19 50 31 7 35 11 34 1 14 46 24 30 8 47 22 37 29 33 44 25 27 43 23 12 42 38 5 49 2 15 32 13 39 41 6 45 21 40 18 10 17 4 16 3 
student 220: 18 49 13 26 27 42 22 44 31 11 35 7 40 2 15 48 16 34 10 47 25 33 29 38 41 23 30 36 28 24 45 37 4 50 1 20 32 5 19 46 8 39 14 43 17 9 21 3 12 6 
student 221: 9 48 24 26 27 39 20 44 36 4 33 2 40 7 14 46 15 25 3 50 22 34 30 35 41 21 32 37 28 19 43 38 13 47 1 16 31 6 29 49 11 45 18 42 23 8 17 5 12 10 
student 222: 11 46 19 27 21 45 18 43 36 8 40 4 34 3 14 41 22 31 5 50 23 32 30 39 35 25 28 38 26 16 48 37 24 49 2 15 33 7 29 44 10 42 13 47 20 12 17 6 9 1 
student 223: 17 46 21 29 30 37 18 38 40 11 36 6 43 4 14 50 20 33 9 48 23 32 28 34 42 19 24 39 31 22 44 35 10 47 1 12 26 8 27 45 7 41 13 49 25 2 16 3 15 5 
student 224: 14 45 16 27 24 42 22 44 28 10 29 1 39 2 13 43 26 40 6 47 25 34 31 38 36 18 32 37 23 20 49 35 7 50 4 15 33 11 30 48 3 46 17 41 21 5 19 9 12 8 
student 225: 8 50 22 23 28 39 21 43 31 6 33 11 40 2 12 48 17 32 13 49 26 35 25 34 42 24 29 38 30 18 46 36 5 44 4 14 37 9 27 47 10 41 19 45 20 1 16 3 15 7 
student 226: 13 49 18 32 25 40 21 46 30 14 37 6 36 2 7 42 20 31 10 50 22 35 29 34 41 23 26 39 28 19 43 38 9 48 1 17 33 11 27 47 4 44 12 45 24 8 16 3 15 5 
student 227: 15 44 22 28 27 41 17 45 30 14 36 9 37 3 12 46 16 32 10 50 24 33 26 39 40 21 29 35 47 20 42 34 4 48 1 8 31 7 25 49 2 43 18 38 23 11 13 6 19 5 
student 228: 13 49 19 29 24 38 20 46 27 9 34 7 43 1 11 48 17 35 5 44 30 33 25 37 39 12 31 40 26 21 47 36 15 50 10 14 32 2 28 45 4 42 16 41 23 8 22 6 18 3 
student 229: 10 45 18 27 21 34 19 47 38 8 39 2 42 5 11 46 22 32 3 50 17 35 33 36 40 24 25 30 28 20 37 41 14 49 1 13 29 9 31 48 4 44 23 43 26 16 12 7 15 6 
student 230: 11 46 19 23 25 33 17 45 27 14 37 6 40 3 9 49 21 39 7 48 24 30 31 32 38 20 36 35 29 22 41 42 12 50 4 13 34 1 26 47 8 43 16 44 28 10 18 5 15 2 
student 231: 15 45 21 23 22 41 11 40 27 13 33 5 43 3 10 46 16 36 7 49 26 37 30 34 44 20 32 39 29 25 42 35 9 50 2 17 31 12 28 48 4 47 14 38 24 6 19 8 18 1 
student 232: 9 48 21 26 29 41 13 40 32 14 28 11 47 2 12 44 19 34 10 46 25 33 30 39 38 22 35 37 23 20 45 36 8 49 5 16 31 4 24 50 6 43 18 42 27 7 15 3 17 1 
student 233: 10 48 21 26 28 43 18 44 31 12 35 3 38 5 8 49 22 30 7 42 19 32 33 39 46 23 29 36 27 20 40 37 16 45 1 15 34 6 25 50 4 41 13 47 24 11 17 2 14 9 
student 234: 10 46 21 22 26 39 18 47 30 12 37 5 38 3 13 42 17 35 8 49 27 32 31 34 44 23 29 40 25 20 45 36 11 50 1 15 33 4 28 48 7 43 16 41 24 9 19 6 14 2 
student 235: 10 48 17 25 22 39 18 45 31 7 33 5 41 1 14 43 21 32 8 50 26 36 29 37 42 24 34 35 28 15 47 40 13 46 2 23 30 4 27 49 3 44 16 38 20 12 19 6 11 9 
student 236: 10 43 21 27 20 36 19 42 28 9 35 6 40 4 16 44 15 32 11 48 18 39 26 37 41 23 31 38 29 24 46 33 25 50 3 7 34 5 30 49 8 45 14 47 22 12 17 1 13 2 
student 237: 15 47 14 24 31 36 22 44 30 12 32 8 40 2 9 45 21 38 11 50 19 34 26 37 41 28 33 43 25 20 46 35 6 48 3 16 27 4 29 49 5 42 18 39 23 10 17 7 13 1 
student 238: 13 44 18 22 31 36 21 45 29 12 42 3 40 6 11 48 17 37 10 46 20 34 27 28 39 25 33 35 24 23 47 32 14 49 1 15 41 4 26 50 8 43 16 38 30 5 19 2 9 7 
student 239: 9 46 23 15 27 49 21 44 32 16 36 10 41 2 11 45 19 35 5 50 22 34 30 38 42 24 28 37 29 26 43 33 18 48 1 14 25 7 31 47 4 39 13 40 20 8 17 3 12 6 
student 240: 9 46 16 26 27 35 19 44 31 10 38 1 42 6 15 47 24 37 11 50 23 36 28 32 41 21 30 39 34 18 45 33 13 49 2 8 29 7 22 48 5 40 14 43 25 12 20 4 17 3 
student 241: 11 49 21 29 25 37 18 43 31 12 35 7 34 5 10 47 19 32 14 46 22 40 26 38 42 23 30 33 24 16 41 39 4 50 9 20 36 6 28 48 2 45 13 44 27 8 17 3 15 1 
student 242: 13 47 22 25 21 41 19 43 29 11 30 7 39 2 12 48 15 34 9 44 20 36 27 42 40 23 31 35 28 18 45 38 10 49 1 16 32 4 33 50 8 37 17 46 26 5 24 6 14 3 
student 243: 16 48 25 21 24 35 20 45 32 15 37 8 38 6 12 46 23 33 1 43 26 34 27 36 47 7 29 42 28 17 44 39 10 50 2 14 31 13 30 49 5 41 9 40 18 11 19 4 22 3 
student 244: 11 45 19 28 21 38 16 43 32 5 35 7 39 1 10 46 18 31 12 49 25 36 33 41 42 20 30 34 27 24 47 37 17 50 4 14 29 2 26 48 9 40 8 44 23 13 22 6 15 3 
student 245: 10 48 19 29 25 36 20 42 28 12 35 9 40 4 16 45 23 31 11 47 24 37 30 39 41 21 27 33 38 22 43 32 13 49 1 3 34 5 26 50 8 46 17 44 18 7 15 2 14 6 
student 246: 14 43 19 25 28 37 20 44 27 17 35 5 45 3 16 49 24 33 8 48 23 34 30 40 38 21 31 36 22 15 47 39 6 42 2 7 32 9 29 50 10 41 11 46 26 12 13 1 18 4 
student 247: 17 42 18 28 29 40 16 39 27 7 33 13 44 4 8 48 21 37 9 49 25 30 31 36 41 22 35 38 19 23 47 32 11 50 2 15 34 6 24 43 5 45 14 46 26 1 20 12 10 3 
student 248: 15 43 20 28 23 42 10 45 31 13 36 9 49 2 22 46 19 32 5 41 14 34 30 37 47 24 35 40 26 21 48 33 12 38 1 16 27 6 29 50 8 44 18 39 25 11 7 4 17 3 
student 249: 17 47 18 27 23 34 15 50 32 21 33 4 41 1 9 48 19 37 14 45 22 38 30 36 43 24 31 35 28 25 42 40 13 46 2 10 26 3 29 49 5 44 16 39 20 7 12 6 11 8 
student 250: 8 45 20 26 21 43 16 42 22 9 39 10 44 1 15 47 23 35 6 48 27 30 29 36 40 24 32 38 31 25 41 37 7 50 2 14 34 5 28 49 4 46 12 33 17 18 11 13 19 3 
student 251: 14 50 17 20 28 39 16 45 32 11 34 2 41 4 9 44 18 26 6 48 23 37 27 36 43 24 30 38 29 21 47 35 12 49 3 15 31 7 33 46 8 42 13 40 25 10 22 5 19 1 
student 252: 9 47 19 20 29 41 12 49 26 16 42 3 37 7 11 48 22 34 6 45 24 35 30 38 39 23 33 36 27 21 44 28 10 46 4 13 32 2 25 50 14 40 18 43 31 8 15 1 17 5 
student 253: 12 44 18 24 33 38 16 49 29 11 36 5 40 2 13 46 19 32 9 48 23 35 30 42 43 22 27 37 28 21 45 34 6 50 1 14 31 8 26 47 7 39 20 41 25 10 17 4 15 3 
student 254: 12 48 25 38 24 37 13 47 21 7 34 3 39 5 11 49 17 33 9 46 18 35 30 32 42 28 29 40 26 15 44 36 10 50 1 14 31 8 20 43 2 41 23 45 27 16 19 6 22 4 
student 255: 17 47 20 27 19 40 13 44 31 14 36 6 42 5 12 43 24 32 7 49 22 34 28 41 35 30 37 38 33 11 45 29 9 50 2 16 25 1 23 48 8 39 18 46 26 10 21 3 15 4 
student 256: 11 40 20 21 24 37 18 46 32 13 31 6 42 4 9 45 19 34 7 50 23 38 30 39 43 27 33 35 28 22 47 36 12 48 1 15 29 5 26 49 10 41 16 44 25 8 14 3 17 2 
student 257: 19 47 18 24 33 44 15 45 29 11 37 17 41 3 10 46 13 34 16 48 25 35 26 36 32 21 28 39 31 23 43 42 7 49 1 9 30 2 27 50 5 40 12 38 22 6 20 8 14 4 
student 258: 10 47 21 24 23 41 17 39 33 12 35 6 40 2 11 49 22 37 3 48 27 31 29 36 45 20 28 34 25 19 44 38 7 46 1 13 32 8 26 50 5 43 16 42 30 15 18 9 14 4 
student 259: 14 46 17 22 26 33 18 43 32 9 37 6 38 4 13 47 31 30 8 48 21 35 25 41 34 20 29 44 28 27 45 39 7 50 3 16 36 1 24 49 5 40 15 42 23 11 19 2 12 10 
student 260: 11 44 16 27 21 38 20 48 28 8 32 9 37 2 10 43 14 36 18 49 25 40 22 33 41 23 39 35 29 17 45 34 6 50 1 19 30 5 31 47 15 46 13 42 26 24 12 3 7 4 
student 261: 19 45 23 25 27 38 18 49 32 13 34 7 41 5 9 47 17 28 2 50 24 31 29 37 46 20 33 39 30 22 43 35 6 48 3 10 36 4 21 44 12 42 14 40 26 8 16 11 15 1 
student 262: 15 48 19 26 27 39 17 40 31 4 41 11 37 5 13 43 16 33 7 50 20 36 30 35 44 22 28 38 25 29 42 34 12 47 2 18 32 1 24 45 9 49 21 46 23 8 14 6 10 3 
student 263: 16 50 20 29 26 37 17 46 31 15 32 4 38 1 12 44 19 35 5 48 23 34 28 39 45 22 27 33 21 25 43 40 13 49 2 11 36 8 30 47 7 42 9 41 24 10 18 3 14 6 
student 264: 19 45 17 21 31 38 16 44 22 8 33 7 41 6 11 43 14 34 5 50 26 36 29 37 48 20 27 40 28 24 46 35 2 47 4 12 32 1 30 49 10 42 13 39 25 18 15 9 23 3 
student 265: 17 50 18 24 25 37 12 44 27 10 39 7 38 2 15 47 20 36 8 46 23 30 32 29 41 22 34 35 28 21 45 40 14 49 3 16 33 1 31 48 9 42 13 43 26 6 19 5 11 4 
student 266: 14 47 19 25 32 38 12 48 29 13 35 8 44 1 11 40 17 36 5 46 24 37 33 34 43 20 30 41 28 21 39 26 10 50 2 18 22 3 31 49 9 42 15 45 27 7 23 6 16 4 
student 267: 13 45 19 24 26 37 21 42 34 12 31 1 41 7 16 44 9 35 5 50 22 32 27 36 46 23 33 40 28 18 47 38 11 48 2 17 30 3 29 49 6 39 14 43 25 10 20 8 15 4 
student 268: 14 48 20 21 24 37 19 44 30 17 36 3 34 2 6 45 16 38 9 49 25 32 29 35 39 18 28 41 31 27 43 40 12 50 1 10 33 5 26 47 7 46 23 42 22 11 15 8 13 4 
student 269: 13 45 26 24 27 37 19 46 30 15 34 4 35 3 11 47 22 32 12 50 16 33 29 44 42 28 31 41 18 21 39 36 6 49 1 14 43 9 23 48 5 40 20 38 25 7 17 2 10 8 
student 270: 7 43 21 28 25 34 14 45 27 12 32 4 44 2 16 47 18 36 5 50 24 31 29 41 39 23 33 38 22 20 46 37 10 49 3 17 35 11 30 48 6 42 15 40 26 9 19 8 13 1 
student 271: 16 41 23 20 27 36 19 43 30 10 34 5 45 3 15 47 21 32 6 48 22 33 31 37 40 24 25 42 28 18 46 39 11 50 1 7 35 8 26 49 9 38 12 44 29 13 17 4 14 2 
student 272: 15 46 11 30 26 36 19 44 33 10 35 4 42 2 13 50 24 29 8 48 23 38 25 37 41 21 28 32 34 18 45 39 12 49 1 14 27 3 31 47 7 40 17 43 22 9 20 6 16 5 
student 273: 13 48 16 24 25 37 22 45 29 12 40 10 35 4 11 41 23 36 2 49 21 31 28 33 42 20 34 38 27 17 50 39 8 46 5 18 30 6 26 43 3 47 14 44 32 9 19 1 15 7 
student 274: 14 43 21 30 27 41 20 42 36 16 35 13 44 3 9 49 19 32 8 46 12 28 26 34 47 24 31 38 29 23 48 40 4 50 2 15 33 6 25 45 7 37 18 39 22 10 11 1 17 5 
student 275: 16 47 20 28 27 38 17 45 35 12 39 13 40 1 10 48 19 32 7 50 23 33 29 34 43 22 24 36 31 21 41 37 8 49 2 14 30 5 26 46 3 44 15 42 25 9 18 6 11 4 
student 276: 15 45 23 24 28 36 17 41 34 12 39 6 49 2 13 44 19 32 9 48 20 35 30 33 38 21 26 42 27 22 43 37 10 50 1 11 31 7 29 47 3 40 16 46 25 8 14 5 18 4 
student 277: 11 38 17 27 30 39 18 45 41 14 29 3 44 5 8 50 16 32 12 46 19 35 37 34 40 26 31 36 24 21 47 28 7 49 4 20 33 6 25 48 9 42 15 43 23 10 22 1 13 2 
student 278: 13 44 20 28 23 41 16 40 29 11 36 7 43 4 10 46 18 31 5 42 25 35 33 38 37 17 30 39 27 22 49 34 12 50 2 15 32 1 24 47 8 48 14 45 26 9 21 6 19 3 
student 279: 14 40 20 28 27 36 16 46 34 12 38 7 41 9 11 45 24 25 8 49 22 39 30 31 42 21 29 37 23 33 44 35 5 50 3 13 32 1 19 48 10 47 15 43 26 6 18 2 17 4 
student 280: 14 50 24 31 28 34 21 44 25 6 36 4 41 3 12 46 20 27 13 49 16 33 40 39 38 26 30 35 18 22 45 43 15 48 2 19 32 5 29 47 9 37 17 42 23 10 11 8 7 1 
student 281: 12 43 17 28 27 38 19 42 33 14 30 9 37 4 11 46 16 34 5 48 24 36 26 40 39 21 31 49 25 20 44 35 8 47 1 13 32 6 29 50 7 45 15 41 22 10 23 2 18 3 
student 282: 17 45 19 28 29 37 13 44 31 10 35 6 41 2 8 47 22 33 9 48 20 34 30 36 40 21 27 42 26 23 46 38 15 50 1 14 32 11 24 49 5 43 16 39 25 4 18 7 12 3 
student 283: 17 43 5 22 28 39 21 44 30 12 35 2 46 8 10 45 23 25 14 50 26 33 29 41 49 18 34 37 24 20 42 32 9 47 3 13 36 4 31 48 7 38 19 40 27 11 16 6 15 1 
student 284: 14 44 20 19 23 38 22 41 31 13 34 9 40 2 3 46 16 33 8 50 24 35 28 39 42 25 29 37 27 17 47 36 10 49 4 18 32 7 30 48 6 43 21 45 26 12 11 5 15 1 
student 285: 12 48 21 29 20 36 25 45 24 10 30 8 37 3 2 46 15 33 4 50 27 31 32 38 40 23 28 43 34 19 44 39 13 49 1 16 35 6 26 47 11 41 22 42 18 7 17 5 14 9 
student 286: 19 50 15 26 20 40 17 46 33 16 36 12 38 2 14 47 18 30 8 43 31 37 24 34 45 27 32 39 28 25 42 35 7 49 1 10 29 3 21 44 13 48 22 41 23 4 11 6 9 5 
student 287: 11 48 16 23 32 40 18 41 34 13 36 7 44 2 10 45 14 33 8 49 22 31 27 35 42 25 30 37 29 19 43 38 9 50 4 17 28 6 24 46 12 39 21 47 26 15 20 3 5 1 
student 288: 14 43 18 23 27 32 20 41 29 16 36 3 44 4 13 47 24 34 2 49 25 35 30 37 40 26 31 39 28 19 45 38 11 50 9 15 33 10 21 46 7 48 17 42 22 6 12 5 8 1 
student 289: 16 45 20 28 30 39 19 42 27 8 38 4 43 7 14 49 15 32 9 50 24 26 29 34 47 21 31 35 23 22 44 36 10 48 2 17 37 6 33 46 5 41 18 40 25 13 12 1 11 3 
student 290: 11 46 18 23 26 40 8 43 34 7 33 1 42 2 13 47 16 35 4 44 24 37 30 31 38 22 28 36 27 21 41 45 20 48 3 19 32 6 25 49 9 50 15 39 29 14 17 10 12 5 
student 291: 13 43 23 24 28 45 18 40 27 10 29 5 39 1 7 48 21 36 9 49 20 38 35 33 42 22 32 37 31 25 44 30 11 50 2 15 34 6 26 47 8 46 12 41 19 14 17 3 16 4 
student 292: 8 44 20 30 22 42 17 41 38 12 29 11 43 3 9 45 18 25 6 49 23 36 35 32 34 24 28 40 27 21 47 37 13 50 1 16 31 4 33 48 7 46 15 39 26 10 19 5 14 2 
student 293: 10 46 17 26 24 49 15 41 31 14 37 8 35 3 12 50 22 32 13 47 21 36 27 34 40 7 30 42 33 18 43 38 11 48 1 19 23 5 29 45 4 44 16 39 25 9 20 6 28 2 
student 294: 8 43 18 28 32 37 15 50 30 13 35 10 40 3 6 45 24 33 12 48 20 31 26 36 41 23 29 39 21 22 47 38 11 49 2 16 34 5 27 46 7 44 19 42 25 9 17 1 14 4 
student 295: 14 44 24 26 25 42 20 43 29 8 32 9 45 4 12 48 15 28 10 46 21 33 30 37 40 22 35 36 27 18 41 38 11 50 1 13 31 3 34 49 6 47 16 39 23 7 19 2 17 5 
student 296: 11 46 24 23 28 45 18 43 30 13 34 9 37 4 6 49 20 33 10 48 25 38 31 39 41 19 35 32 27 17 47 36 14 50 1 15 22 2 29 44 8 40 21 42 26 7 16 5 12 3 
student 297: 12 45 17 32 19 39 24 47 31 11 33 10 40 1 3 49 9 30 13 46 21 36 29 35 37 26 34 41 27 25 43 38 16 50 4 14 28 8 22 48 2 42 18 44 23 7 20 6 15 5 
student 298: 15 40 21 29 23 41 14 43 32 10 36 13 45 3 11 46 16 33 8 50 20 31 28 38 39 25 27 35 34 22 47 37 6 49 2 12 26 4 24 48 5 42 19 44 30 9 18 7 17 1 
student 299: 15 46 16 25 26 38 21 48 33 12 34 11 43 6 9 45 20 31 5 47 23 35 29 36 41 22 30 44 28 18 40 37 10 50 1 14 32 7 27 49 3 39 17 42 24 8 13 4 19 2 
student 300: 10 46 19 25 28 45 16 43 34 13 30 9 44 4 14 47 17 36 6 42 22 32 27 37 33 23 31 40 26 21 48 38 8 49 3 15 35 7 29 50 1 41 12 39 24 11 20 2 18 5 
student 301: 8 47 23 27 24 42 22 41 31 10 35 5 37 2 12 48 17 38 15 50 16 30 26 29 46 21 33 40 28 20 44 36 7 49 6 9 32 3 25 45 4 39 14 43 34 19 18 11 13 1 
student 302: 11 50 15 23 24 45 19 49 35 14 31 9 40 2 10 46 20 29 1 47 28 30 34 33 38 21 36 39 27 22 43 37 6 48 4 12 32 7 25 44 8 42 16 41 26 13 17 3 18 5 
student 303: 11 45 21 28 23 38 19 47 31 14 36 9 39 2 13 48 15 33 4 49 24 35 29 37 41 20 26 27 25 22 43 40 10 50 1 18 34 3 30 46 7 42 17 44 32 8 16 6 12 5 
student 304: 13 48 24 26 27 42 15 41 31 17 37 6 34 3 9 47 20 33 10 43 22 36 30 38 44 14 29 35 25 23 46 40 16 49 1 12 32 2 28 50 4 45 11 39 18 7 19 8 21 5 
student 305: 19 50 16 20 29 39 22 46 30 12 40 5 41 3 10 47 21 32 6 48 25 36 28 33 38 23 34 37 26 17 44 35 11 45 4 14 31 2 27 49 9 43 15 42 24 7 13 8 18 1 
student 306: 13 45 16 34 25 42 19 44 29 11 31 4 38 1 8 50 21 32 9 46 26 33 36 39 40 22 24 35 28 20 47 37 7 49 2 17 30 6 27 48 10 41 15 43 23 5 14 12 18 3 
student 307: 13 44 17 22 26 39 16 46 34 19 24 6 41 5 11 50 25 33 9 48 21 37 30 40 42 18 28 38 27 31 43 35 7 49 1 20 32 4 29 47 10 36 14 45 23 3 15 8 12 2 
student 308: 9 50 19 29 30 36 16 45 31 6 34 8 40 1 10 42 20 33 14 46 22 32 28 38 43 24 37 35 27 21 47 39 12 49 3 13 23 5 26 48 11 44 15 41 25 2 18 7 17 4 
student 309: 13 46 26 20 19 38 21 44 25 10 35 5 40 6 4 45 16 34 9 47 24 36 31 32 41 22 30 37 28 27 48 39 11 50 3 14 33 2 23 49 7 42 18 43 29 12 17 8 15 1 
student 310: 16 50 20 25 30 35 17 42 26 15 37 7 39 1 9 43 18 38 11 49 23 36 29 34 41 13 31 28 32 24 47 40 12 48 2 10 33 5 27 45 8 44 14 46 22 6 21 3 19 4 
student 311: 22 45 21 31 24 38 18 44 29 11 37 5 36 4 20 48 19 35 8 49 27 33 28 34 41 16 32 40 25 23 46 39 12 50 1 13 30 3 26 47 7 43 15 42 14 9 17 6 10 2 
student 312: 20 48 16 28 25 41 19 43 30 13 39 7 34 2 11 46 12 38 3 49 24 37 35 31 44 22 29 42 23 21 45 33 10 47 1 17 32 4 27 50 8 40 15 36 26 9 18 6 14 5 
student 313: 12 46 24 26 28 37 18 45 34 11 41 8 40 5 14 44 23 32 10 47 17 35 31 43 39 25 30 36 27 22 49 33 9 50 1 15 19 3 29 48 6 38 20 42 21 4 13 7 16 2 
student 314: 11 47 15 35 27 42 14 48 29 17 39 10 36 2 9 49 22 33 7 50 25 31 21 37 40 24 26 38 30 23 46 45 8 44 3 13 32 1 28 41 4 43 18 34 20 6 19 12 16 5 
student 315: 17 48 24 26 25 37 11 45 30 14 35 3 39 2 12 40 19 34 9 47 22 38 29 44 42 21 28 36 27 16 46 32 6 49 1 20 31 5 33 50 15 43 8 41 23 13 10 4 18 7 
student 316: 13 45 19 27 29 37 17 44 28 10 32 6 35 4 12 47 23 31 8 48 22 34 25 36 41 20 33 40 30 18 46 39 14 50 2 15 38 5 24 49 7 42 16 43 26 9 21 1 11 3 
student 317: 9 43 6 29 22 37 15 41 27 13 35 7 40 3 10 50 20 33 19 45 21 30 32 36 39 26 34 38 23 24 46 44 11 49 1 12 31 8 28 47 14 42 16 48 25 4 17 5 18 2 
student 318: 10 44 23 26 27 33 21 43 32 9 31 1 41 12 15 40 18 36 8 49 24 34 25 38 37 20 28 29 35 19 47 42 11 50 3 13 39 7 30 48 2 46 17 45 22 6 16 5 14 4 
student 319: 16 47 26 25 22 36 19 42 31 14 37 1 40 3 13 45 17 35 8 49 23 33 29 34 41 20 27 39 24 5 44 38 6 50 2 15 32 9 30 48 10 46 28 43 21 11 18 4 12 7 
student 320: 12 46 25 24 27 40 16 44 28 10 34 6 31 2 14 50 22 35 8 49 21 41 32 36 42 23 33 43 29 19 37 38 13 47 5 15 30 7 26 48 1 39 20 45 18 9 17 4 11 3 
student 321: 11 45 22 28 30 47 18 50 33 8 29 5 43 3 16 48 25 35 7 44 26 27 31 34 40 20 32 38 23 14 46 36 13 49 1 15 39 2 24 42 10 37 12 41 21 9 19 4 17 6 
student 322: 11 44 20 25 28 37 17 41 34 15 31 7 39 3 9 49 18 30 8 47 12 35 32 36 43 26 33 45 24 19 42 38 10 48 2 21 29 5 27 50 6 40 14 46 23 13 16 4 22 1 
student 323: 14 46 17 19 24 36 15 41 31 4 30 7 35 8 13 47 26 32 5 48 23 33 27 40 43 18 34 38 29 22 45 39 12 50 1 21 37 6 28 49 10 44 9 42 25 11 20 3 16 2 
student 324: 13 44 21 27 18 39 20 45 29 12 37 6 40 2 14 50 19 32 11 48 23 33 31 34 41 22 35 36 25 24 46 38 7 49 1 9 28 3 26 47 8 43 15 42 30 10 16 4 17 5 
student 325: 15 43 20 23 22 40 21 44 28 14 36 4 38 3 8 48 17 34 6 50 27 35 30 33 41 25 32 39 26 24 47 37 11 49 1 9 31 13 29 46 10 45 18 42 19 5 12 7 16 2 
student 326: 21 45 19 24 32 38 18 43 29 11 34 9 37 1 13 46 16 30 3 47 26 33 31 44 42 20 28 36 22 23 39 40 8 50 2 14 35 5 25 49 10 41 12 48 27 7 17 6 15 4 
student 327: 16 47 19 22 23 40 12 45 25 14 36 8 37 1 13 49 24 34 9 48 26 32 28 33 41 21 31 38 29 18 44 39 11 46 3 10 35 5 27 50 6 43 15 42 30 7 17 2 20 4 
student 328: 11 42 23 27 31 39 16 46 32 13 34 5 43 3 12 45 19 30 7 48 22 35 25 36 40 24 28 37 29 33 44 38 10 50 1 15 26 9 21 47 6 49 17 41 20 8 18 4 14 2 
student 329: 14 42 19 24 28 37 18 49 32 12 31 8 46 5 11 43 15 35 10 48 16 34 30 38 47 22 29 36 27 20 50 40 7 45 4 17 33 1 25 44 3 39 26 41 23 9 21 6 13 2 
student 330: 14 44 23 26 16 40 27 48 34 12 33 9 39 3 7 47 17 31 10 49 22 36 24 38 46 21 29 37 25 20 42 35 6 50 2 18 32 8 30 45 5 43 15 41 28 11 19 1 13 4 
student 331: 17 47 20 23 26 41 18 46 31 10 37 3 43 5 4 49 15 35 9 44 24 32 27 33 42 25 34 38 29 16 48 36 13 50 1 12 28 8 30 45 6 39 14 40 22 11 21 7 19 2 
student 332: 13 45 21 32 26 40 16 46 33 17 36 7 39 9 12 49 19 35 8 47 25 29 34 38 37 23 24 30 28 20 44 42 10 50 3 11 27 5 31 48 6 41 14 43 22 4 15 1 18 2 
student 333: 12 40 18 21 22 39 15 45 33 14 37 4 44 5 11 49 20 34 6 48 26 32 29 35 38 25 31 36 28 23 46 42 9 50 1 19 24 7 27 41 10 47 17 43 30 16 13 2 8 3 
student 334: 15 45 24 30 25 46 14 32 27 22 31 17 40 4 6 47 19 35 7 50 20 37 28 38 44 21 33 39 26 23 43 34 12 42 3 16 36 1 29 48 9 41 8 49 18 10 11 5 13 2 
student 335: 7 48 20 31 27 38 16 45 32 14 30 8 39 1 18 49 21 35 10 41 24 36 26 29 44 25 28 40 33 17 46 37 9 50 3 11 34 4 23 47 6 42 12 43 22 13 19 5 15 2 
student 336: 8 47 20 25 26 46 16 39 29 14 45 9 36 4 12 49 23 31 5 48 22 32 27 41 37 24 34 35 30 21 40 38 11 42 2 15 28 1 33 50 6 44 17 43 19 7 18 10 13 3 
student 337: 17 38 22 23 30 43 20 39 29 2 35 8 45 7 14 46 18 34 6 49 25 32 31 37 44 24 27 42 26 19 47 40 12 50 3 13 33 5 28 48 9 41 16 36 21 10 15 1 11 4 
student 338: 15 43 24 25 28 40 18 47 31 11 36 5 39 4 16 49 20 33 10 50 13 34 32 37 42 21 22 35 29 23 45 38 9 48 1 19 30 8 26 46 6 44 12 41 27 7 17 2 14 3 
student 339: 16 45 24 22 23 39 12 38 29 13 35 7 43 2 18 48 19 31 8 46 20 33 25 34 40 27 32 42 30 14 41 37 11 50 1 10 36 4 26 49 6 47 21 44 28 9 15 3 17 5 
student 340: 15 44 21 25 27 40 14 50 32 13 31 9 38 8 10 45 18 33 5 49 23 37 29 36 41 19 30 39 26 22 35 42 6 47 1 12 28 3 34 48 7 43 17 46 24 16 20 4 11 2 
student 341: 14 45 23 17 26 38 19 40 30 12 35 9 46 3 7 43 20 33 10 48 25 34 29 36 37 22 24 42 27 21 50 39 11 49 1 13 28 4 32 47 6 44 18 41 31 8 16 5 15 2 
student 342: 13 46 18 25 29 38 21 45 28 12 35 7 39 2 8 49 24 32 9 50 23 34 33 37 40 19 31 36 27 20 41 44 11 47 1 15 30 4 26 48 10 43 17 42 22 6 16 5 14 3 
student 343: 14 44 29 24 25 39 15 47 31 11 37 5 42 3 12 46 19 35 6 50 23 33 26 38 40 21 30 36 27 20 43 34 10 49 1 17 32 7 28 45 8 48 16 41 22 9 18 4 13 2 
student 344: 14 40 22 28 21 33 18 45 32 10 38 4 42 1 11 46 16 37 8 49 25 31 23 35 36 27 30 41 20 24 48 39 12 50 2 17 34 6 29 47 5 43 15 44 26 9 19 3 13 7 
student 345: 16 46 20 23 27 30 17 38 33 18 36 3 40 2 8 47 19 34 9 48 29 35 31 39 44 22 32 43 25 21 45 37 13 50 1 7 28 6 26 49 10 42 12 41 24 14 11 4 15 5 
student 346: 7 48 20 28 22 40 16 45 29 13 30 4 35 2 10 47 18 34 12 49 25 36 26 33 37 19 31 42 32 21 43 39 11 50 5 15 38 6 27 41 8 46 14 44 24 9 23 1 17 3 
student 347: 10 48 21 25 28 44 18 38 30 12 40 7 46 1 9 49 17 32 16 50 23 35 26 34 45 29 24 36 27 19 43 41 8 47 14 13 31 2 33 39 5 42 15 37 22 6 20 3 11 4 
student 348: 12 46 23 26 20 37 14 49 31 11 33 8 38 1 18 41 17 35 7 48 22 36 29 44 39 24 32 34 27 10 47 40 15 50 5 13 30 2 28 45 4 43 19 42 25 9 21 3 16 6 
student 349: 14 46 15 24 31 47 12 48 37 13 38 5 39 2 10 50 16 30 9 41 22 34 25 36 42 18 29 40 26 21 45 32 6 49 7 19 28 4 27 44 8 43 11 35 23 20 17 3 33 1 
student 350: 12 48 24 20 23 38 21 44 32 9 40 3 43 5 10 37 18 31 17 50 28 34 29 33 42 19 26 41 30 22 47 36 13 45 1 14 35 2 27 39 8 49 16 46 25 6 11 7 15 4 
student 351: 14 45 24 23 26 42 21 44 35 11 38 3 36 2 12 46 19 33 9 49 22 29 30 43 37 27 34 41 13 20 40 32 6 50 4 15 31 5 25 47 8 48 18 39 28 10 17 1 16 7 
student 352: 13 45 21 25 23 31 16 48 32 11 22 7 38 2 15 47 18 39 10 50 19 27 34 33 40 24 30 41 29 26 44 36 8 43 1 14 37 9 35 49 4 42 17 46 28 6 20 5 12 3 
student 353: 13 47 23 22 25 37 17 41 33 11 45 6 40 3 19 44 20 36 10 49 15 30 28 35 38 18 32 43 27 24 48 39 9 50 4 16 31 5 29 46 7 34 14 42 26 8 21 2 12 1 
student 354: 11 45 12 34 25 38 20 42 33 10 41 4 35 3 13 48 18 36 7 50 22 26 28 32 39 21 31 43 30 27 44 37 14 47 1 17 23 2 29 49 6 46 19 40 24 9 16 8 15 5 
student 355: 12 45 22 23 24 31 15 47 33 8 37 2 38 3 16 50 17 39 7 49 26 34 28 36 43 21 29 35 30 19 48 40 11 46 10 13 32 5 27 41 9 44 18 42 25 6 20 4 14 1 
student 356: 8 47 23 29 25 40 24 41 30 17 38 2 39 4 13 44 18 31 6 49 22 33 32 37 46 21 34 35 27 19 45 36 11 50 1 12 28 10 26 48 3 42 14 43 20 9 15 5 16 7 
student 357: 15 49 18 27 26 40 16 47 35 11 36 8 41 1 14 50 13 30 9 46 24 34 29 38 33 23 31 39 28 22 44 37 10 45 4 12 32 2 20 48 7 43 17 42 25 6 19 5 21 3 
student 358: 16 48 9 20 23 42 14 43 33 13 37 6 41 4 12 50 15 30 8 40 21 34 27 35 46 24 28 39 31 29 45 36 11 49 1 18 26 5 32 47 3 38 19 44 25 10 22 7 17 2 
student 359: 9 50 19 24 26 35 16 46 29 12 37 7 42 5 15 47 20 36 6 49 22 31 28 38 44 25 32 34 23 21 43 39 10 48 2 13 33 4 27 45 8 41 18 40 30 11 17 3 14 1 
student 360: 13 48 20 22 28 39 15 34 31 7 37 8 41 3 12 43 24 33 1 49 23 40 25 36 47 16 29 38 27 21 45 35 14 42 2 10 32 6 30 50 9 46 17 44 26 11 19 5 18 4 
student 361: 11 43 18 28 22 39 16 41 34 13 35 8 40 3 9 46 19 27 10 50 20 36 29 37 32 24 31 48 23 25 45 38 12 49 2 21 33 4 30 47 7 44 15 42 26 6 17 1 14 5 
student 362: 18 49 25 28 29 41 14 44 34 10 26 13 42 2 11 48 19 33 9 46 23 36 27 38 43 21 30 39 24 20 37 32 8 50 1 15 35 7 22 45 3 47 17 40 31 5 16 6 12 4 
student 363: 17 44 21 23 26 33 27 43 31 14 38 5 42 1 9 49 19 34 10 48 22 37 29 36 41 15 30 35 20 24 47 39 8 50 2 13 32 6 28 46 7 45 18 40 25 16 12 4 11 3 
student 364: 8 46 26 23 24 40 20 44 29 16 36 9 41 2 14 45 18 32 11 50 27 39 25 38 43 21 28 35 31 19 47 34 10 49 4 15 33 5 30 48 3 37 12 42 22 13 17 6 7 1 
student 365: 12 42 24 26 25 39 19 45 32 17 31 6 40 3 9 46 15 36 5 48 27 33 35 37 43 20 23 38 29 22 49 34 10 50 1 13 30 8 28 44 14 47 16 41 21 4 18 7 11 2 
student 366: 10 47 24 17 28 41 21 40 31 12 38 11 37 2 9 45 18 34 7 50 22 35 26 33 42 15 23 39 29 25 46 36 14 49 3 20 30 5 27 48 6 43 16 44 32 8 19 4 13 1 
student 367: 15 47 25 22 27 41 12 46 32 23 29 7 36 2 11 48 19 39 10 43 14 34 30 31 40 18 42 37 24 26 38 35 9 50 1 13 28 3 33 49 5 44 16 45 21 8 17 4 20 6 
student 368: 14 44 24 31 23 47 22 45 30 13 35 5 42 1 10 48 19 33 9 50 18 34 32 36 39 16 28 41 25 12 38 37 8 49 4 17 29 6 27 46 11 43 20 40 26 7 21 3 15 2 
student 369: 9 48 15 24 29 38 16 41 27 23 34 3 37 6 14 47 25 33 7 49 21 39 31 36 43 17 26 32 30 19 44 42 20 45 4 8 35 2 28 50 5 40 18 46 22 12 13 10 11 1 
student 370: 14 46 20 27 30 37 18 42 44 13 32 7 39 3 10 48 23 35 11 50 26 25 33 36 40 19 29 28 22 21 43 38 8 49 4 17 34 5 24 47 1 45 15 41 31 9 16 6 12 2 
student 371: 14 43 21 22 27 35 16 48 29 11 32 5 37 7 10 41 18 31 8 47 23 36 33 39 42 20 30 38 26 24 49 46 9 50 3 17 34 2 25 45 6 44 15 40 28 13 19 4 12 1 
student 372: 15 47 20 18 27 39 10 46 30 19 38 5 41 2 9 45 11 31 13 50 24 36 32 35 42 22 26 34 29 25 43 37 7 48 1 16 33 12 28 49 6 44 21 40 17 14 23 3 8 4 
student 373: 14 49 23 24 26 36 20 48 33 15 39 3 41 1 4 46 19 31 8 47 21 38 29 32 44 22 30 37 28 17 50 34 13 43 6 18 35 9 27 45 5 42 12 40 25 10 16 7 11 2 
student 374: 16 46 17 29 25 37 12 41 28 14 38 6 40 4 9 47 20 27 5 49 13 35 33 34 42 23 30 44 26 22 45 36 15 50 1 18 31 7 32 48 11 43 21 39 24 8 19 2 10 3 
student 375: 15 47 21 25 32 40 17 50 33 13 30 11 39 2 12 45 20 34 3 48 22 37 26 41 43 27 31 35 24 19 46 36 8 49 1 14 28 10 29 44 9 42 18 38 23 6 16 7 5 4 
student 376: 11 46 17 26 22 38 18 48 31 8 37 3 35 5 21 42 20 40 1 47 28 30 32 36 43 24 33 34 29 25 49 39 4 50 2 14 27 9 23 44 7 45 12 41 19 16 15 6 10 13 
student 377: 15 45 29 23 25 40 14 43 32 13 33 4 38 2 11 50 22 37 8 49 20 34 26 36 39 12 30 27 31 21 42 35 10 47 6 17 28 5 46 48 7 44 18 41 24 9 19 1 16 3 
student 378: 14 49 18 25 22 32 21 42 30 12 37 9 48 3 11 50 17 36 7 47 23 33 27 40 38 16 29 34 26 24 46 41 10 45 1 13 35 4 31 44 6 39 19 43 28 8 20 5 15 2 
student 379: 15 48 18 28 25 41 17 40 30 19 34 8 39 4 7 43 20 32 6 50 21 33 29 36 45 23 31 37 26 22 47 38 12 49 2 11 35 1 27 44 10 42 13 46 24 9 14 3 16 5 
student 380: 10 42 19 29 30 40 11 45 27 12 37 4 35 2 8 47 21 33 7 50 24 34 31 36 43 22 26 38 28 18 46 41 13 49 1 15 32 9 25 48 5 44 20 39 23 14 17 3 16 6 
student 381: 13 46 20 36 27 39 19 44 30 14 34 4 49 1 9 48 23 29 11 43 22 31 32 35 42 25 28 38 24 16 40 37 7 50 3 17 33 8 21 47 15 41 10 45 26 5 12 2 18 6 
student 382: 14 49 20 30 19 33 18 43 32 17 38 7 48 2 13 47 15 34 8 46 26 37 31 28 39 24 35 41 21 22 44 40 11 50 1 12 29 6 25 45 5 36 16 42 27 9 23 4 10 3 
student 383: 15 49 16 19 28 41 22 45 26 18 35 6 39 5 12 46 20 31 8 44 25 36 33 32 47 24 34 38 29 23 48 37 7 50 2 10 27 9 30 43 11 42 13 40 14 4 17 3 21 1 
student 384: 10 44 18 25 28 40 19 43 29 9 35 6 41 13 17 49 21 33 8 48 24 34 31 37 42 14 32 39 22 20 46 38 7 50 1 15 30 5 27 47 4 36 26 45 23 11 16 3 12 2 
student 385: 16 44 22 24 29 41 20 42 35 10 36 11 32 5 9 48 18 39 4 49 25 28 27 31 34 19 23 40 33 21 45 38 8 50 1 15 37 3 26 47 7 43 13 46 30 12 14 2 17 6 
student 386: 16 45 24 25 23 39 18 46 36 14 32 6 34 2 10 47 20 30 9 50 22 37 26 35 42 17 33 31 29 19 40 41 15 49 1 11 43 3 27 48 7 44 21 38 28 8 12 5 13 4 
student 387: 11 44 13 30 23 41 20 46 29 6 37 5 42 1 12 49 19 33 7 40 21 32 28 34 39 25 31 36 26 22 47 35 10 50 4 17 38 3 27 48 8 43 16 45 24 9 18 14 15 2 
student 388: 16 49 21 27 24 37 15 42 30 19 40 4 43 18 7 45 23 39 10 47 22 31 32 35 44 20 26 36 29 17 48 34 12 50 1 11 33 6 28 46 8 41 9 38 25 5 14 2 13 3 
student 389: 12 44 23 15 26 34 20 42 32 10 41 4 45 6 13 47 17 35 8 48 25 33 29 36 37 22 30 39 27 18 43 38 11 50 1 14 31 5 28 49 7 40 19 46 24 2 21 3 16 9 
student 390: 17 43 18 25 22 27 11 45 29 12 36 9 38 2 10 46 20 30 5 49 26 34 32 42 40 21 35 47 31 23 44 37 8 50 4 16 33 6 28 48 3 39 13 41 24 14 19 1 15 7 
student 391: 17 50 19 28 21 35 16 43 32 13 40 7 39 3 10 47 9 33 4 48 22 34 26 36 42 24 31 37 25 20 44 38 11 49 1 18 29 12 30 45 6 41 23 46 27 8 14 5 15 2 
student 392: 15 47 18 24 27 39 19 48 32 13 36 7 40 2 8 46 20 33 9 42 21 34 29 37 43 22 31 38 28 17 49 35 12 44 4 14 30 3 26 50 5 45 16 41 25 11 23 6 10 1 
student 393: 15 44 14 24 28 41 25 45 32 12 31 4 38 1 11 49 18 35 8 47 23 34 20 39 40 22 27 36 29 21 48 37 10 50 9 19 33 3 30 46 7 42 16 43 26 5 13 6 17 2 
student 394: 15 50 22 28 24 37 17 44 30 14 39 2 43 1 7 47 13 32 9 48 25 31 34 40 41 23 29 33 26 20 46 36 11 49 8 18 35 5 27 45 6 42 12 38 19 10 16 4 21 3 
student 395: 12 47 19 23 28 41 18 46 34 11 39 6 43 2 8 45 15 31 9 50 22 36 30 35 40 21 27 38 29 25 44 33 17 49 1 20 32 4 26 48 7 42 14 37 24 10 16 5 13 3 
student 396: 3 45 18 24 26 40 11 44 34 14 42 7 39 4 10 46 19 33 12 50 23 30 29 35 41 25 32 36 27 16 43 37 13 48 2 21 31 5 28 47 9 38 22 49 20 6 15 1 17 8 
student 397: 12 47 22 28 23 37 18 45 32 11 26 6 43 4 5 46 21 33 8 50 20 35 31 36 40 24 29 41 30 19 44 38 14 48 3 13 34 1 25 49 9 42 15 39 27 10 16 7 17 2 
student 398: 14 46 16 25 20 38 21 45 35 7 34 4 44 1 10 50 19 33 3 49 18 32 26 37 42 23 30 40 27 24 41 36 5 48 2 15 31 6 28 47 9 39 17 43 29 8 22 13 12 11 
student 399: 10 47 20 27 25 41 16 45 33 12 39 5 37 1 18 46 19 26 3 49 21 31 35 32 43 29 23 40 30 17 42 36 11 50 2 13 34 4 28 48 8 44 15 38 22 9 24 6 14 7 
student 400: 12 45 16 25 24 37 22 48 28 10 36 7 38 4 11 46 21 34 14 49 17 33 30 39 41 23 31 40 26 20 42 35 9 50 1 13 29 5 27 47 2 43 18 44 32 8 19 3 15 6 
student 401: 12 44 15 31 30 40 17 45 25 8 36 5 46 2 9 48 21 39 11 49 24 34 32 37 43 10 33 38 26 20 47 27 19 50 4 16 29 1 28 42 6 35 18 41 22 13 23 3 14 7 
student 402: 4 48 19 22 25 38 17 42 29 12 35 9 37 5 7 39 18 32 2 50 28 36 30 34 43 24 27 41 31 20 44 40 13 49 8 11 33 6 26 47 16 45 14 46 23 10 15 3 21 1 
student 403: 4 47 17 23 24 36 18 42 29 14 40 9 41 1 8 44 19 33 7 49 25 35 31 39 37 22 32 38 26 20 46 34 12 50 2 16 30 10 28 48 3 43 13 45 27 11 21 6 15 5 
student 404: 17 44 20 26 29 36 25 43 32 16 33 10 40 1 11 45 19 39 6 50 21 31 30 37 38 23 24 35 27 14 46 41 9 49 4 12 34 5 28 48 8 47 15 42 22 7 13 2 18 3 
student 405: 10 46 17 25 23 40 6 42 28 11 35 3 37 2 20 48 18 41 9 49 21 26 31 43 36 27 30 38 33 19 45 32 12 50 1 13 34 5 29 47 7 44 15 39 24 14 16 8 22 4 
student 406: 11 43 19 25 23 42 18 44 30 17 34 8 38 1 14 46 22 33 9 49 28 35 26 39 41 21 31 37 24 27 47 36 10 50 2 12 32 3 29 48 7 45 16 40 20 4 13 5 15 6 
student 407: 11 50 19 22 30 37 23 40 28 12 31 5 44 6 10 48 15 35 7 45 21 38 29 34 41 24 32 36 25 20 42 39 18 49 2 13 33 4 26 43 8 47 16 46 27 9 17 1 14 3 
student 408: 12 46 20 26 25 36 19 49 28 13 37 1 41 7 14 45 21 33 8 48 18 38 30 35 43 22 31 34 27 23 44 39 11 50 3 10 32 6 29 47 4 42 16 40 24 9 17 2 15 5 
student 409: 15 47 16 25 22 40 14 43 36 10 44 5 35 2 11 45 19 33 4 46 24 27 23 34 41 29 26 38 32 21 49 39 18 50 3 12 30 7 28 48 8 42 17 37 31 9 13 1 20 6 
student 410: 14 41 16 23 27 39 21 49 30 10 33 5 35 3 13 40 19 38 7 48 22 31 32 36 42 26 28 37 29 20 47 44 9 50 1 15 34 6 24 43 8 45 18 46 25 12 11 4 17 2 
student 411: 15 45 20 21 22 35 16 44 32 11 34 2 39 5 12 46 18 31 8 50 25 33 24 36 42 30 29 37 26 23 43 41 9 49 3 13 40 1 28 48 7 38 17 47 27 10 19 4 14 6 
student 412: 14 49 15 19 25 36 20 42 32 9 29 7 37 3 8 45 24 44 4 50 26 35 28 34 40 17 31 43 27 22 46 38 13 47 1 21 33 10 30 48 11 39 16 41 23 5 18 2 12 6 
student 413: 10 50 11 24 27 43 17 46 30 14 32 8 44 5 13 45 18 33 9 49 22 34 29 38 35 21 36 37 26 20 42 40 16 48 1 12 31 6 28 47 2 41 19 39 23 7 25 3 15 4 
student 414: 11 37 23 24 26 46 13 44 32 16 31 7 42 3 14 47 20 33 8 49 15 35 29 38 40 21 30 36 27 18 45 41 5 50 4 19 34 2 28 48 9 39 22 43 25 12 10 1 17 6 
student 415: 23 46 25 27 18 45 12 44 31 17 35 6 39 2 10 48 20 34 9 50 22 33 30 36 42 21 32 40 26 14 47 38 8 49 3 11 29 4 28 37 15 43 16 41 24 7 19 5 13 1 
student 416: 15 46 23 26 27 39 20 40 28 14 38 8 41 2 12 48 17 24 6 47 25 37 32 34 36 22 30 42 29 19 43 35 11 50 1 10 33 5 31 49 9 45 16 44 21 7 18 3 13 4 
student 417: 12 49 21 30 24 37 17 42 31 11 36 13 43 3 10 46 20 35 4 47 22 34 28 38 40 23 29 39 27 16 45 33 5 50 1 18 32 7 26 48 9 44 19 41 25 14 15 6 8 2 
student 418: 6 49 24 25 23 39 21 42 27 15 34 8 38 3 7 44 22 33 12 48 20 35 32 36 40 26 18 46 30 17 45 37 10 50 4 16 28 1 31 43 11 41 9 47 29 13 19 5 14 2 
student 419: 7 44 22 25 21 39 16 41 32 13 34 10 40 1 17 50 19 29 12 47 27 33 28 38 42 20 31 43 30 26 46 36 11 49 2 8 35 6 23 45 4 48 15 37 24 5 18 9 14 3 
student 420: 13 44 25 26 24 45 19 43 33 7 36 6 40 3 12 47 20 34 9 49 23 32 30 35 39 21 27 37 29 15 46 38 10 50 1 14 31 2 28 48 5 42 17 41 22 11 18 4 16 8 
student 421: 15 44 20 25 28 41 18 43 23 12 36 9 39 1 11 45 16 34 5 47 26 29 35 37 38 21 33 31 27 19 46 40 14 49 6 22 32 4 30 48 2 42 17 50 24 10 8 3 13 7 
student 422: 13 38 21 29 30 41 17 40 33 6 36 7 44 5 10 48 16 28 8 49 27 35 31 34 43 22 32 42 24 20 45 37 14 50 3 12 25 2 26 46 11 39 15 47 23 9 19 4 18 1 
student 423: 12 46 18 23 33 42 16 37 30 15 34 8 38 3 9 48 20 35 7 50 25 43 32 36 39 22 21 28 29 31 45 41 17 47 2 11 26 5 24 49 6 40 14 44 27 10 19 4 13 1 
student 424: 20 39 17 21 25 41 15 48 36 10 33 4 40 5 14 46 22 38 7 47 13 35 29 37 43 23 30 34 28 24 45 31 9 49 2 16 32 8 27 50 6 42 12 44 26 11 19 3 18 1 
student 425: 10 38 19 27 28 36 18 47 32 6 33 3 44 4 12 45 23 37 7 46 24 34 26 41 42 20 30 35 29 21 49 40 13 50 1 14 31 8 22 48 9 43 16 39 25 11 17 5 15 2 
student 426: 9 50 16 28 24 40 15 38 32 12 41 1 46 5 26 49 18 36 4 48 19 34 25 42 37 23 30 35 27 21 44 31 11 47 2 17 33 8 29 39 6 45 14 43 22 10 20 3 13 7 
student 427: 12 42 10 24 29 39 20 47 25 16 34 4 43 2 11 49 19 28 13 48 23 33 32 37 40 22 31 38 27 21 50 35 14 46 1 15 36 5 30 44 6 45 7 41 26 9 17 8 18 3 
student 428: 15 47 19 30 26 39 18 48 29 12 34 11 41 5 6 44 23 37 4 50 22 32 25 36 43 24 31 45 28 21 42 35 10 46 3 13 33 8 27 49 7 40 17 38 20 9 14 2 16 1 
student 429: 16 48 23 24 35 40 15 44 28 14 36 6 37 2 18 46 19 34 13 49 17 38 29 30 39 21 31 32 26 20 47 41 3 50 1 11 33 4 25 45 10 43 12 42 27 8 9 5 22 7 
student 430: 12 44 23 24 28 38 20 41 31 17 35 8 36 2 11 48 13 34 9 50 16 33 29 39 42 25 30 40 26 21 45 37 3 47 4 15 32 1 27 49 6 43 14 46 22 10 19 7 18 5 
student 431: 16 46 18 24 35 42 13 43 27 14 33 1 40 4 10 44 21 37 7 48 25 32 29 34 41 20 31 36 23 22 45 38 11 50 2 15 30 6 28 47 8 49 17 39 26 9 19 3 12 5 
student 432: 14 48 18 26 32 43 23 50 25 11 38 6 40 3 9 42 19 30 7 47 21 33 28 37 39 24 29 35 27 20 41 36 13 49 1 15 34 10 31 44 4 45 12 46 22 8 17 2 16 5 
student 433: 12 49 19 17 22 43 21 44 30 20 34 4 37 2 14 47 8 31 6 48 27 33 28 40 42 25 32 38 26 23 45 36 10 50 1 11 35 7 24 46 3 41 18 39 29 9 13 15 16 5 
student 434: 11 36 21 22 31 29 19 48 32 8 33 1 46 3 16 45 17 42 9 49 24 38 37 40 30 20 27 34 23 28 43 41 14 50 2 12 35 5 25 47 6 44 15 39 26 10 18 7 13 4 
student 435: 10 46 24 32 22 40 14 41 30 13 38 6 42 2 11 39 15 31 7 45 25 33 28 35 44 17 27 36 23 21 43 37 18 48 3 12 34 4 26 50 9 49 19 47 29 8 20 5 16 1 
student 436: 13 45 21 26 25 39 14 44 33 10 40 2 41 4 19 48 12 32 8 50 24 34 30 35 38 29 31 37 22 16 46 36 9 49 7 11 27 17 28 47 6 43 15 42 23 3 20 5 18 1 
student 437: 12 46 18 26 27 39 20 44 28 13 40 4 37 3 9 50 25 32 15 47 21 35 30 42 38 34 31 33 22 23 45 36 11 49 2 10 29 6 24 48 7 41 16 43 19 8 17 5 14 1 
student 438: 20 47 19 30 29 38 7 44 27 10 33 5 43 2 17 50 15 32 1 49 25 35 23 37 40 24 26 39 31 18 45 34 12 48 3 13 28 6 36 46 9 42 16 41 22 8 14 4 21 11 
student 439: 16 39 22 26 23 42 11 47 29 9 37 6 36 1 7 48 17 30 10 45 24 32 28 38 46 21 33 35 27 18 43 40 13 49 5 20 34 3 25 50 12 41 14 44 31 8 15 2 19 4 
student 440: 7 48 21 22 29 37 24 45 32 14 33 8 43 4 13 50 18 35 9 49 25 36 31 41 40 20 28 34 23 19 44 38 11 47 1 12 30 3 27 46 5 39 15 42 26 10 17 6 16 2 
student 441: 13 42 23 26 28 43 17 41 31 14 37 5 46 2 10 47 22 32 7 44 24 33 27 34 40 20 36 39 30 19 45 38 11 50 1 15 29 8 21 49 6 35 16 48 25 9 18 4 12 3 
student 442: 10 41 22 25 24 43 20 44 27 5 34 7 39 4 15 48 19 35 13 49 14 36 32 29 46 23 33 37 26 21 47 38 8 50 3 18 28 9 31 42 2 40 17 45 30 12 11 6 16 1 
student 443: 13 47 17 22 30 44 23 42 31 14 33 12 40 3 18 45 16 34 5 49 26 36 27 35 43 28 24 39 29 19 46 37 8 50 1 15 32 2 25 48 9 38 11 41 21 6 20 7 10 4 
student 444: 14 47 24 23 28 37 18 46 38 13 25 6 39 3 9 45 15 32 12 50 21 33 34 36 42 20 30 41 27 22 40 35 11 48 1 16 31 5 29 49 8 44 17 43 26 10 19 2 7 4 
student 445: 15 47 19 26 24 38 16 44 37 14 33 5 41 1 11 50 18 31 8 48 22 36 27 32 43 20 30 39 28 17 49 35 10 45 2 12 34 6 29 46 9 42 13 40 21 7 25 3 23 4 
student 446: 11 43 21 30 32 39 16 42 28 17 35 5 40 7 10 50 15 29 8 48 22 33 27 31 41 18 34 47 23 26 49 36 12 44 1 14 37 3 25 38 2 46 19 45 24 9 20 4 13 6 
student 447: 15 47 17 26 33 41 16 48 30 13 32 1 37 4 12 46 18 35 7 49 24 31 29 38 39 23 25 40 36 21 43 34 11 42 2 8 27 3 28 50 10 45 20 44 22 9 19 5 14 6 
student 448: 12 47 25 26 27 38 18 43 32 14 29 2 37 7 11 45 23 34 9 49 24 35 30 36 39 19 31 41 22 21 46 40 8 50 3 13 33 10 28 48 5 44 16 42 20 6 17 4 15 1 
student 449: 3 46 13 24 27 39 14 47 30 15 33 6 40 4 9 44 18 38 7 49 22 31 29 35 41 21 32 37 28 19 42 36 17 50 2 16 34 11 26 48 8 45 20 43 25 10 23 5 12 1 
student 450: 11 45 24 28 27 42 16 44 34 8 35 9 39 2 14 49 21 36 12 50 23 31 29 33 40 20 30 38 25 22 47 37 6 48 1 15 32 10 26 46 4 43 18 41 19 5 13 7 17 3 
student 451: 13 40 17 23 31 34 19 50 27 11 32 6 43 3 9 45 18 35 14 48 22 38 29 36 39 20 28 37 26 21 47 41 8 49 5 12 30 2 33 44 7 46 16 42 24 10 25 4 15 1 
student 452: 12 50 22 26 27 38 20 43 32 16 33 9 42 6 11 44 24 34 8 45 18 37 29 35 41 21 30 36 28 23 46 39 5 49 2 14 31 4 25 48 1 40 17 47 19 10 15 3 13 7 
student 453: 13 40 20 26 30 35 19 41 38 12 42 6 39 7 11 48 21 32 8 49 24 28 29 37 46 17 36 34 25 22 47 33 2 43 4 15 31 5 27 50 9 45 18 44 23 10 16 1 14 3 
student 454: 15 44 17 26 25 40 20 47 33 11 34 9 38 3 13 46 23 32 10 49 21 39 29 37 41 22 30 36 27 19 43 35 8 50 2 12 31 6 28 48 5 45 16 42 24 7 18 1 14 4 
student 455: 14 47 22 25 26 40 16 43 33 12 30 8 37 1 9 49 17 31 10 50 21 38 27 39 48 20 28 35 23 34 45 36 7 46 3 18 32 5 29 44 4 41 15 42 24 11 13 6 19 2 
student 456: 13 50 22 25 27 39 17 49 44 9 36 5 37 3 11 41 21 33 6 45 23 28 30 34 40 19 31 35 26 18 42 47 10 48 2 14 32 12 29 46 8 43 20 38 24 7 16 1 15 4 
student 457: 16 44 14 24 37 41 19 45 28 15 30 9 40 4 13 46 21 36 7 49 20 34 29 35 43 26 27 39 23 22 42 31 10 50 1 18 33 2 32 48 5 47 11 38 25 8 12 6 17 3 
student 458: 16 46 19 24 27 39 13 45 31 12 34 6 41 3 15 44 21 29 7 48 23 33 28 37 40 20 30 36 43 22 47 35 10 49 1 11 32 2 25 50 9 42 18 38 26 8 17 5 14 4 
student 459: 11 39 18 32 27 45 26 47 25 13 36 2 40 4 12 44 17 34 8 49 24 35 29 37 43 20 31 33 22 19 42 38 9 50 1 14 30 6 28 48 7 46 16 41 23 10 21 5 15 3 
student 460: 13 46 19 32 27 38 21 39 29 12 33 5 41 3 9 45 14 36 6 50 24 34 18 31 48 30 26 37 25 22 44 40 7 49 2 17 35 8 28 47 10 43 16 42 23 11 20 1 15 4 
student 461: 6 44 19 24 26 37 14 43 27 9 34 8 40 3 12 50 16 39 5 48 21 33 32 38 42 22 28 35 29 20 47 36 7 49 1 15 31 4 30 46 11 41 18 45 25 13 23 10 17 2 
student 462: 18 46 24 30 26 41 17 48 28 10 42 6 31 3 9 47 20 33 7 49 21 34 29 35 45 22 32 36 25 19 43 40 5 50 1 12 37 4 27 44 11 38 16 39 23 13 15 14 8 2 
student 463: 14 45 26 25 24 37 17 44 32 8 35 7 38 1 9 47 16 34 10 49 27 33 29 40 42 19 28 39 31 23 43 36 13 50 2 15 30 4 20 48 5 41 22 46 21 11 12 6 18 3 
student 464: 12 37 25 23 28 43 15 44 33 13 40 7 41 1 10 46 27 30 8 49 14 32 26 29 42 20 36 35 31 22 47 38 11 48 4 17 34 5 24 50 6 39 19 45 21 9 16 2 18 3 
student 465: 12 44 19 25 26 41 20 42 40 13 37 5 39 2 14 45 22 34 11 48 23 32 30 43 35 21 24 36 31 18 49 28 6 50 1 16 27 3 33 46 8 38 15 47 29 10 17 7 9 4 
student 466: 13 49 21 22 39 41 12 37 26 16 35 9 44 4 10 48 17 32 8 47 27 29 30 34 40 19 33 38 28 25 45 36 15 50 1 6 31 7 23 46 11 43 20 42 24 5 18 3 14 2 
student 467: 13 46 19 24 23 42 18 44 31 11 34 4 38 5 7 45 20 35 6 49 27 33 32 37 41 21 29 40 28 22 39 36 12 50 2 15 30 9 25 47 8 43 16 48 26 10 17 1 14 3 
student 468: 14 50 20 28 22 39 19 43 33 7 35 3 42 5 9 46 16 34 10 47 23 37 31 36 41 25 32 40 26 21 45 30 13 48 1 12 29 6 24 49 4 38 18 44 27 8 15 11 17 2 
student 469: 13 44 22 25 26 40 16 43 27 15 38 6 35 4 10 48 20 37 7 46 19 32 29 31 41 24 33 39 28 23 45 36 8 49 2 12 34 3 30 50 5 47 17 42 21 9 18 1 14 11 
student 470: 11 37 21 30 28 39 15 40 27 14 31 3 50 2 6 41 22 35 7 48 23 33 24 36 43 20 32 38 25 19 45 46 10 47 4 12 29 8 34 49 5 44 18 42 26 13 17 9 16 1 
student 471: 14 45 18 25 26 39 19 43 31 13 33 5 41 2 11 49 20 32 6 50 27 34 24 36 44 23 29 40 28 22 46 37 9 48 1 16 35 10 30 47 7 38 15 42 21 8 17 4 12 3 
student 472: 5 46 22 25 28 40 21 41 27 10 39 7 42 3 11 43 16 34 8 49 20 38 33 35 37 23 32 29 31 19 50 36 9 47 4 18 30 2 26 44 17 48 13 45 24 14 15 6 12 1 
student 473: 20 45 18 26 29 36 16 41 32 15 34 2 39 3 10 47 19 35 9 50 23 33 31 40 37 21 30 43 28 22 46 38 8 49 1 14 27 5 24 48 6 44 13 42 25 11 17 7 12 4 
student 474: 17 49 23 27 25 46 18 42 28 10 37 6 36 4 11 39 19 35 8 44 22 33 34 38 41 21 32 40 29 24 43 31 9 45 1 13 30 3 26 50 7 48 15 47 20 14 16 2 12 5 
student 475: 17 47 21 26 25 37 19 48 39 10 34 4 33 2 12 50 22 32 6 49 23 31 28 38 40 20 27 36 30 18 43 42 11 46 1 14 24 13 29 45 7 44 16 41 35 3 9 5 15 8 
student 476: 12 46 19 24 26 40 15 43 31 8 34 7 38 9 10 47 18 33 6 49 23 37 27 39 42 21 28 35 30 20 44 36 11 50 1 22 29 4 32 45 5 48 17 41 25 13 16 3 14 2 
student 477: 14 46 17 28 29 40 12 37 38 13 42 7 41 1 11 47 18 27 16 50 22 24 26 39 36 23 32 35 30 19 44 34 9 45 2 10 33 4 31 48 5 49 15 43 25 8 20 6 21 3 
student 478: 20 47 23 27 25 44 22 41 32 16 36 11 39 4 13 48 21 33 10 49 17 30 26 38 45 24 29 37 31 18 46 35 9 50 2 12 28 5 34 42 1 43 14 40 19 8 6 7 15 3 
student 479: 15 48 23 24 28 38 20 44 30 7 36 6 29 1 12 49 22 33 8 45 25 34 31 35 43 21 37 40 26 17 47 39 11 50 3 18 27 2 32 46 5 42 16 41 19 10 13 4 14 9 
student 480: 8 44 27 25 24 41 18 36 30 17 35 5 43 4 7 46 19 37 11 50 21 33 28 34 42 22 29 38 31 20 45 39 14 49 1 13 32 2 26 48 10 47 15 40 23 3 16 6 9 12 
student 481: 12 48 21 25 27 40 19 45 33 14 34 4 37 3 11 46 17 36 10 50 20 30 26 38 42 23 29 39 32 22 47 35 9 41 1 18 31 7 28 49 5 44 16 43 24 8 15 6 13 2 
student 482: 15 46 25 22 23 42 16 43 30 14 34 3 38 2 11 49 17 32 6 47 24 35 29 41 40 27 26 37 28 20 44 36 9 50 4 19 31 5 33 48 8 45 18 39 21 10 13 7 12 1 
student 483: 18 43 21 26 28 39 8 47 25 4 42 7 38 5 6 48 17 35 9 45 20 30 32 34 40 22 33 37 29 23 44 36 11 49 2 19 31 1 27 50 10 41 16 46 24 13 14 15 12 3 
student 484: 14 47 18 27 26 37 17 42 33 13 34 1 44 5 12 50 20 31 2 49 23 36 25 35 41 22 30 39 28 21 45 40 8 43 4 16 32 9 29 48 10 38 11 46 24 6 19 7 15 3 
student 485: 13 45 22 25 23 44 15 42 30 8 34 9 41 3 19 50 14 37 18 47 17 36 26 35 38 20 31 39 29 21 46 32 10 49 5 16 33 6 28 48 1 40 11 43 27 7 24 2 12 4 
student 486: 11 47 23 22 24 40 14 45 33 18 41 10 43 3 6 48 15 35 9 44 28 34 31 37 46 21 29 39 27 20 36 30 12 50 1 13 32 2 16 49 8 42 17 38 26 7 25 5 19 4 
student 487: 19 46 22 18 33 36 17 48 32 11 34 6 44 1 9 45 20 30 10 50 26 40 28 41 38 27 31 37 23 24 43 35 7 49 3 14 29 4 25 47 8 42 13 39 21 12 16 2 15 5 
student 488: 15 46 24 26 27 38 18 40 33 10 32 8 41 2 7 50 21 34 9 48 19 36 30 39 42 25 22 35 29 20 45 37 6 47 3 13 31 4 28 43 11 49 16 44 23 12 17 1 14 5 
student 489: 21 47 26 17 25 35 15 43 29 10 39 4 41 12 11 46 19 32 7 49 24 34 28 37 38 18 31 33 27 13 45 40 9 50 6 20 36 2 30 44 5 48 16 42 23 8 22 3 14 1 
student 490: 16 47 22 23 35 38 19 44 33 14 36 11 41 3 10 45 13 31 6 48 27 34 32 37 39 20 29 26 25 21 43 40 12 50 8 5 30 4 28 46 1 49 15 42 24 7 17 2 18 9 
student 491: 13 45 22 23 28 41 18 44 31 11 33 5 42 2 12 49 19 32 7 48 21 37 29 35 34 24 30 39 27 20 46 38 10 50 1 16 36 9 26 47 4 43 15 40 25 8 17 6 14 3 
student 492: 12 48 17 15 19 43 21 41 34 16 40 5 44 2 14 50 22 33 7 42 27 29 32 36 37 31 25 38 24 26 45 35 8 47 1 11 28 6 30 49 9 46 23 39 20 10 18 4 13 3 
student 493: 14 49 19 25 24 38 15 43 33 12 36 7 40 3 5 47 22 37 9 48 28 34 29 35 41 20 31 39 26 23 45 30 11 50 1 16 32 6 27 44 10 46 18 42 21 8 17 4 13 2 
student 494: 12 45 19 24 25 41 21 46 30 10 29 2 42 3 17 44 18 34 8 48 26 35 32 36 47 23 31 37 27 20 40 38 14 50 1 11 33 4 28 49 7 43 15 39 22 9 13 6 16 5 
student 495: 11 48 20 28 29 32 13 50 30 12 36 14 41 1 10 44 19 33 9 47 21 35 26 37 45 22 24 38 31 25 42 40 4 46 2 16 34 6 23 49 5 39 17 43 27 8 15 7 18 3 
student 496: 15 45 19 27 24 39 18 43 29 13 32 5 40 1 12 48 21 34 8 47 26 35 30 36 46 20 31 38 28 23 44 37 10 50 2 16 33 4 22 49 7 42 14 41 25 11 17 6 9 3 
student 497: 18 44 16 27 23 38 15 49 32 20 35 11 43 7 9 47 17 33 8 50 26 34 31 39 41 19 29 37 24 21 42 36 6 48 4 13 28 3 30 45 5 40 22 46 25 12 10 1 14 2 
student 498: 16 49 25 29 31 39 18 43 28 14 36 3 46 1 13 44 17 38 6 50 23 30 24 34 45 15 26 37 20 27 42 35 12 48 2 10 33 7 32 47 8 41 22 40 21 9 19 5 11 4 
student 499: 12 48 20 26 31 43 18 45 33 11 37 1 36 4 10 47 19 27 9 49 21 34 25 35 42 24 32 39 28 22 46 38 5 50 2 16 30 7 29 44 3 40 15 41 23 13 17 8 14 6 
