student 0: 21 16 19 1 15 20 6 32 30 42 36 2 10 33 28 23 5 3 38 27 47 18 26 34 12 48 4 13 43 39 46 29 45 8 17 37 35 24 44 50 40 7 49 9 22 14 31 25 11 41 
student 1: 18 17 14 5 11 23 4 29 27 42 37 2 15 38 30 25 3 1 41 22 45 16 28 36 21 46 8 13 34 43 50 26 39 9 19 33 40 24 48 47 35 6 49 7 20 12 32 31 10 44 
student 2: 20 17 16 2 10 25 4 32 19 44 31 3 13 30 27 18 7 9 41 21 49 22 38 36 11 45 5 23 35 37 42 34 47 6 14 33 43 24 50 46 39 1 48 12 28 15 29 26 8 40 
student 3: 19 14 17 3 18 21 2 27 33 37 34 1 11 29 28 24 6 8 47 22 48 16 25 32 13 45 5 15 36 40 43 30 39 10 20 35 44 38 49 46 42 4 50 7 23 12 31 26 9 41 
student 4: 18 14 16 4 20 22 6 31 32 42 38 1 15 33 28 27 7 2 40 29 47 19 26 35 12 48 5 10 36 46 41 24 43 8 17 34 39 25 50 45 37 3 44 11 21 13 30 23 9 49 
student 5: 22 16 19 9 14 32 4 27 38 43 36 1 11 26 29 28 5 2 42 24 48 18 23 33 10 44 15 13 37 41 46 30 40 7 17 34 39 20 50 49 35 3 47 6 21 12 31 25 8 45 
student 6: 15 16 18 5 10 20 1 28 32 40 31 6 13 34 26 27 4 8 39 23 45 21 30 38 11 47 9 19 43 42 44 29 41 2 14 37 36 25 49 48 35 3 50 12 22 17 33 24 7 46 
student 7: 22 20 19 6 13 21 2 27 29 41 38 1 14 35 28 24 10 4 48 26 42 16 25 33 5 49 9 15 36 43 47 32 37 3 18 34 40 17 45 46 39 8 50 11 23 12 31 30 7 44 
student 8: 22 16 18 1 15 23 2 34 29 44 33 3 11 36 27 21 4 5 46 24 45 14 28 39 9 47 8 13 30 31 41 32 40 6 19 26 43 25 50 49 37 7 42 10 20 12 35 38 17 48 
student 9: 23 10 11 6 9 19 3 28 32 41 34 4 12 33 27 21 7 2 42 24 48 18 20 40 17 47 5 16 38 43 39 30 44 14 13 35 36 25 50 45 37 8 49 1 22 15 29 31 26 46 
student 10: 19 13 18 7 15 23 4 31 32 35 40 5 14 30 29 22 6 1 43 26 49 20 27 38 12 45 8 16 42 46 39 25 41 3 21 34 37 28 50 47 33 2 48 9 17 11 36 24 10 44 
student 11: 21 10 17 2 19 23 6 25 30 43 40 1 18 34 31 15 12 7 42 24 44 20 26 28 14 47 4 11 37 46 48 35 39 9 16 27 36 33 50 49 38 3 45 13 22 8 32 29 5 41 
student 12: 12 16 21 6 13 22 4 26 28 43 39 1 14 29 31 17 10 2 38 24 47 18 25 30 11 45 5 20 36 41 48 33 46 9 23 35 40 27 42 50 49 7 37 3 19 15 34 32 8 44 
student 13: 28 15 21 3 12 19 4 27 30 39 36 2 11 35 34 22 6 1 42 23 46 13 24 32 18 49 5 17 37 44 45 29 43 14 16 31 40 25 50 47 38 9 48 7 20 8 26 33 10 41 
student 14: 20 17 29 2 16 23 4 25 33 42 37 1 12 34 28 21 11 5 38 22 46 19 30 32 3 45 8 18 35 39 44 27 43 7 14 31 41 26 47 50 40 6 49 10 15 13 36 24 9 48 
student 15: 16 17 20 8 13 23 3 29 31 42 34 2 10 36 30 25 7 4 40 27 44 14 28 33 11 45 12 18 35 43 48 24 37 1 19 41 39 26 47 50 38 5 46 6 15 21 32 22 9 49 
student 16: 21 13 28 7 14 23 5 33 26 46 30 3 17 35 34 15 1 4 32 24 43 19 25 36 12 44 9 16 31 45 42 29 47 8 22 27 39 18 48 49 38 2 50 6 20 11 37 41 10 40 
student 17: 20 23 18 8 17 25 2 30 27 38 39 5 13 32 34 21 3 1 37 26 48 12 24 33 9 50 11 16 40 44 42 31 47 6 15 35 43 22 46 49 36 4 45 7 19 14 28 29 10 41 
student 18: 27 17 22 4 7 20 1 29 31 38 33 3 12 32 30 21 8 2 48 26 45 18 24 36 15 49 9 14 37 42 41 28 40 11 16 34 39 23 47 50 44 5 46 13 19 6 25 35 10 43 
student 19: 21 14 7 2 12 29 5 27 37 35 33 1 17 38 30 22 9 4 41 25 42 13 23 31 11 50 8 18 36 40 45 28 39 16 19 43 32 24 47 48 49 6 46 3 20 15 34 26 10 44 
student 20: 15 17 19 10 22 27 3 28 32 38 39 1 11 36 30 21 5 2 42 25 48 18 26 34 9 46 7 16 35 45 44 29 40 6 14 31 41 20 47 50 37 4 49 8 23 13 33 24 12 43 
student 21: 24 17 16 6 14 28 3 29 21 36 33 1 12 32 31 13 7 2 43 30 45 18 25 34 11 44 4 19 35 40 47 37 41 8 20 38 39 23 49 46 42 5 50 15 22 9 27 26 10 48 
student 22: 15 20 23 2 21 17 6 18 31 45 33 3 13 32 35 28 12 5 38 22 43 14 25 36 9 49 1 10 42 41 44 30 37 7 24 34 39 19 47 50 40 4 48 8 26 16 29 27 11 46 
student 23: 17 19 20 7 14 21 5 26 39 42 31 2 9 32 30 22 1 4 38 18 37 13 23 40 10 46 8 16 36 43 45 27 44 3 29 33 35 25 49 50 41 15 47 12 24 11 34 28 6 48 
student 24: 24 18 21 6 13 19 2 31 26 42 37 3 12 29 30 20 1 4 38 23 47 17 27 36 14 49 5 15 34 45 44 32 41 7 11 35 39 25 50 48 43 8 46 16 22 9 33 28 10 40 
student 25: 22 23 16 7 17 31 3 26 29 43 38 2 13 37 28 21 5 1 32 24 45 20 27 36 10 42 8 12 46 41 44 30 34 9 18 35 40 14 48 50 39 4 47 6 19 11 33 25 15 49 
student 26: 22 8 18 3 14 25 6 26 34 40 44 7 13 33 31 24 11 1 36 20 46 15 32 37 9 49 4 21 35 42 45 28 41 10 16 30 39 27 47 50 29 2 48 17 19 12 38 23 5 43 
student 27: 21 16 22 4 12 31 5 34 25 38 27 1 14 40 28 23 8 2 44 26 48 18 29 33 11 49 7 15 41 36 42 35 37 6 17 20 39 24 47 50 43 10 45 9 19 13 32 30 3 46 
student 28: 24 5 19 2 16 23 1 27 30 41 38 3 9 36 31 21 11 4 40 29 46 15 26 37 10 48 8 18 42 39 45 28 43 12 14 32 34 25 47 50 35 6 49 13 22 7 33 20 17 44 
student 29: 20 15 13 6 14 24 2 28 29 40 41 1 12 36 32 23 5 3 37 22 44 21 26 34 16 45 8 17 33 46 47 30 35 7 18 38 39 25 48 49 42 4 50 10 19 9 31 27 11 43 
student 30: 13 10 26 5 18 21 4 25 36 42 32 1 7 29 34 19 12 2 39 28 49 23 24 38 16 41 6 11 33 46 44 30 37 3 20 31 43 27 48 47 40 8 50 9 17 14 35 22 15 45 
student 31: 23 13 20 10 8 16 7 27 31 44 35 2 17 28 29 24 4 9 41 25 45 22 30 37 11 49 1 18 40 42 46 33 38 5 14 36 34 19 47 50 39 3 48 6 21 15 32 26 12 43 
student 32: 22 16 17 10 12 26 2 27 36 37 39 1 21 33 29 23 6 5 40 24 45 20 18 32 8 46 4 15 41 49 44 31 35 7 19 38 42 25 47 50 34 3 48 9 14 13 30 28 11 43 
student 33: 23 18 21 8 10 26 3 28 29 40 39 1 14 33 31 16 6 2 44 22 48 13 27 36 12 49 7 19 34 46 47 30 41 9 15 35 38 24 50 43 37 4 45 5 20 17 32 25 11 42 
student 34: 20 15 21 5 8 25 3 28 31 48 32 2 11 23 30 24 10 1 39 22 45 12 29 33 7 47 4 18 34 41 44 35 38 9 19 40 37 27 50 49 36 6 46 16 17 14 42 26 13 43 
student 35: 21 13 17 1 10 24 12 27 31 41 36 7 11 32 37 22 3 2 44 23 42 19 25 34 4 47 5 18 39 40 46 30 43 14 16 35 38 28 48 49 33 8 50 9 20 15 29 26 6 45 
student 36: 27 16 13 2 14 20 3 31 32 38 36 4 11 33 26 18 1 6 42 23 43 12 25 35 7 48 8 21 44 40 41 30 47 10 17 34 39 29 45 50 37 9 49 15 22 19 28 24 5 46 
student 37: 19 16 21 4 23 18 1 28 32 42 35 3 13 36 30 27 7 2 44 22 47 14 26 31 8 50 5 17 37 48 43 33 41 11 10 40 38 24 39 49 34 6 46 9 20 12 25 29 15 45 
student 38: 15 17 20 3 16 23 2 26 24 42 40 1 13 29 37 21 6 4 44 30 49 18 28 31 10 46 11 14 35 47 36 25 39 7 19 38 33 32 45 50 41 5 48 8 27 12 34 22 9 43 
student 39: 25 15 19 6 10 22 3 30 32 42 40 8 13 34 28 20 5 1 41 26 43 21 24 39 7 46 4 16 35 44 47 31 38 11 18 37 29 23 49 50 36 2 48 9 17 14 33 27 12 45 
student 40: 19 13 18 4 17 21 5 26 29 36 39 1 12 33 28 27 7 3 46 30 44 24 22 37 11 48 10 15 34 45 47 32 40 2 16 35 43 25 42 50 38 6 49 9 20 14 31 23 8 41 
student 41: 16 17 22 1 14 25 4 23 31 44 37 2 13 33 27 24 10 6 41 28 50 18 32 34 12 43 7 15 35 42 45 30 40 9 19 36 38 26 48 46 39 3 47 5 20 11 29 21 8 49 
student 42: 18 14 24 3 12 28 5 27 30 41 37 1 11 35 32 22 9 2 46 25 44 17 29 31 16 49 7 15 39 45 38 20 36 10 21 34 42 26 48 50 40 4 47 6 19 8 33 23 13 43 
student 43: 17 13 20 5 15 25 2 19 35 38 27 8 14 30 31 24 4 1 39 26 49 16 29 32 10 48 11 21 41 43 47 28 34 3 22 37 46 23 44 50 42 9 45 6 18 12 36 33 7 40 
student 44: 23 17 11 4 15 24 1 27 29 45 36 3 13 34 28 16 7 6 38 22 46 19 30 39 8 50 5 18 40 43 42 32 41 9 21 35 33 26 48 49 37 2 47 10 20 12 31 25 14 44 
student 45: 16 15 18 2 13 24 7 31 29 41 36 1 10 34 22 25 4 5 42 20 44 21 28 32 17 47 3 23 38 43 39 30 45 12 14 33 37 26 46 49 40 6 50 11 19 9 35 27 8 48 
student 46: 18 14 20 4 15 22 1 30 27 45 36 2 12 33 31 21 8 3 40 28 47 16 29 34 10 44 6 19 43 48 46 26 38 7 17 35 39 23 50 42 37 5 49 9 25 13 32 24 11 41 
student 47: 20 11 15 6 16 26 5 32 30 40 42 3 13 29 25 22 10 2 39 23 46 18 27 31 12 48 9 19 33 43 44 36 41 8 21 35 37 24 50 49 38 4 47 1 17 7 34 28 14 45 
student 48: 27 8 19 5 11 24 3 28 36 44 35 4 13 32 25 20 6 1 43 21 45 17 26 33 15 46 10 12 37 41 34 29 40 9 18 38 42 22 48 47 39 2 50 7 23 14 30 31 16 49 
student 49: 21 19 1 2 13 17 4 24 29 40 39 3 15 31 34 22 8 5 43 27 44 16 25 33 12 47 6 20 32 48 46 28 36 10 23 37 42 38 49 45 35 7 50 14 26 11 30 18 9 41 
student 50: 15 16 25 4 12 21 3 28 32 45 35 1 7 33 29 23 8 2 46 22 43 17 24 34 5 44 6 14 31 41 49 36 40 20 19 27 38 26 48 50 37 9 47 10 18 11 39 30 13 42 
student 51: 14 13 22 2 19 20 4 26 36 45 29 1 12 35 33 23 10 3 41 32 47 15 30 27 9 46 8 18 38 42 44 28 40 16 17 37 43 24 48 50 39 5 49 7 21 6 34 25 11 31 
student 52: 19 11 14 6 15 21 9 30 39 41 34 2 17 35 32 23 3 1 44 24 45 20 25 33 12 46 4 18 36 42 47 26 38 13 16 28 37 27 50 49 40 5 48 10 22 8 31 29 7 43 
student 53: 20 15 21 4 13 29 3 24 30 38 31 1 10 34 25 17 5 2 45 22 48 18 23 36 9 49 7 19 35 46 44 32 42 11 16 39 37 28 50 47 40 8 43 6 27 12 33 26 14 41 
student 54: 20 15 21 6 16 25 5 24 28 42 33 4 13 32 31 17 7 2 47 22 49 19 26 36 12 40 8 14 38 43 46 27 41 11 18 39 35 34 48 50 37 3 44 9 23 10 30 29 1 45 
student 55: 18 22 19 5 16 20 1 32 30 40 37 2 13 26 31 23 12 3 39 24 46 15 27 34 10 49 9 14 35 41 45 29 44 7 17 36 43 25 50 48 38 4 47 8 21 6 33 28 11 42 
student 56: 21 14 9 3 17 23 2 28 32 43 38 1 19 29 22 20 11 6 40 25 47 15 30 35 4 48 8 18 37 42 46 27 41 7 13 33 39 26 49 50 36 5 44 12 24 16 34 31 10 45 
student 57: 24 17 19 4 15 25 3 26 35 38 32 1 8 36 33 21 11 2 39 23 49 16 18 30 22 46 7 10 34 43 41 29 40 5 12 42 44 27 45 47 37 6 50 14 20 13 31 28 9 48 
student 58: 18 16 20 1 15 24 2 23 30 33 36 6 12 38 28 22 5 4 41 27 50 17 26 34 11 47 8 10 37 42 45 31 43 9 19 35 40 21 48 46 39 3 49 7 25 13 32 29 14 44 
student 59: 23 15 22 3 14 18 5 30 32 41 33 2 13 34 20 28 4 1 44 25 43 17 29 35 10 49 9 16 37 42 46 24 40 7 21 36 39 26 50 48 38 6 47 8 19 12 31 27 11 45 
student 60: 22 7 21 3 13 31 1 26 36 43 35 2 11 38 29 24 6 4 37 25 44 17 19 39 16 46 5 12 33 45 48 28 40 8 18 30 34 23 50 47 42 9 49 14 20 10 32 27 15 41 
student 61: 25 14 17 3 18 21 1 29 26 45 34 6 15 31 36 16 7 2 38 23 43 22 27 32 11 41 5 20 37 47 46 28 42 8 19 33 40 30 48 50 39 4 49 9 12 13 35 24 10 44 
student 62: 19 9 18 4 15 20 3 27 32 44 34 1 14 29 31 23 7 2 38 30 46 22 25 40 11 49 5 13 36 43 41 24 39 12 21 42 37 26 50 48 35 6 47 10 16 17 33 28 8 45 
student 63: 23 18 20 1 10 17 6 25 30 40 33 4 15 35 34 22 9 2 43 26 47 16 24 32 12 48 5 14 36 41 45 28 39 11 19 37 42 27 49 50 38 3 46 8 21 7 31 29 13 44 
student 64: 24 16 19 9 10 23 2 25 38 40 39 1 15 31 29 22 7 3 41 26 46 18 32 33 8 45 5 12 35 44 43 28 36 6 17 37 34 27 49 50 42 4 48 14 21 13 30 20 11 47 
student 65: 24 14 19 8 15 23 2 29 30 41 35 1 18 32 27 37 3 4 43 20 49 17 26 31 13 47 9 16 34 45 46 28 39 7 22 38 36 21 44 50 40 6 42 10 12 11 33 25 5 48 
student 66: 16 13 27 5 14 28 3 23 25 42 37 2 17 36 30 20 8 1 47 22 44 19 26 33 12 46 6 15 39 38 45 31 41 10 21 34 40 24 48 49 35 7 50 11 18 9 32 29 4 43 
student 67: 23 18 19 5 16 24 9 27 29 40 28 4 15 34 35 20 3 2 41 32 44 14 22 37 12 46 8 13 33 43 48 25 39 6 17 30 47 31 50 45 38 1 49 7 21 11 36 26 10 42 
student 68: 21 15 16 2 8 25 9 28 32 39 35 1 14 37 31 22 7 3 43 26 46 17 24 33 12 50 4 20 36 41 45 30 38 6 19 34 44 23 48 49 40 10 47 5 18 11 27 29 13 42 
student 69: 22 14 21 3 11 25 2 28 29 39 31 1 13 32 30 24 6 5 44 20 46 17 27 35 15 47 9 18 42 43 45 36 41 12 16 37 34 23 50 48 38 10 49 4 19 8 33 26 7 40 
student 70: 14 13 24 7 16 26 2 30 28 43 31 11 15 36 23 18 5 1 40 27 42 25 20 35 9 50 10 21 38 47 49 32 37 4 17 29 41 22 48 46 39 6 45 8 19 3 34 33 12 44 
student 71: 18 19 23 6 16 27 4 31 30 49 35 1 7 37 32 15 5 2 36 21 46 13 29 34 17 47 10 11 42 39 44 26 43 12 20 33 38 28 41 50 40 3 48 8 22 14 24 25 9 45 
student 72: 21 14 18 7 17 26 4 34 30 50 25 6 9 38 24 19 2 1 44 22 41 20 27 31 8 47 12 23 35 42 45 29 40 11 16 37 39 32 48 49 36 3 46 10 15 13 33 28 5 43 
student 73: 24 16 17 8 14 29 1 22 34 40 35 2 11 37 27 23 3 6 45 28 49 13 21 31 9 42 15 12 39 47 44 33 36 10 19 32 38 25 48 50 41 7 43 4 20 18 30 26 5 46 
student 74: 19 10 26 9 17 20 3 28 24 44 36 2 13 31 30 22 4 1 43 25 47 23 21 32 11 45 14 8 38 48 42 29 40 6 15 41 37 35 39 49 33 7 50 5 18 12 34 27 16 46 
student 75: 18 14 9 4 16 21 2 29 32 43 34 1 13 33 31 25 8 3 38 27 50 19 22 23 15 46 5 24 36 42 44 30 35 10 17 39 41 26 47 48 37 7 49 11 20 12 40 28 6 45 
student 76: 22 14 13 6 12 24 4 26 27 43 37 3 19 32 29 18 9 1 49 25 44 16 31 35 20 46 7 15 33 42 40 30 41 2 17 36 39 23 50 47 38 5 48 8 21 10 28 34 11 45 
student 77: 24 21 27 4 12 25 3 37 29 41 34 1 18 26 36 22 5 2 39 19 46 14 31 28 13 47 7 11 42 43 48 30 35 6 17 38 40 20 50 49 33 10 45 8 23 15 32 16 9 44 
student 78: 18 14 20 2 15 21 4 27 29 42 37 5 9 32 30 28 3 1 40 23 47 19 24 36 17 49 8 16 38 44 45 31 35 7 13 39 43 25 46 50 34 10 48 6 22 11 33 26 12 41 
student 79: 24 17 18 5 14 23 6 31 34 42 37 1 10 25 32 26 2 4 41 19 46 13 28 33 12 47 3 16 36 43 45 29 40 7 21 30 39 22 44 48 38 8 50 9 20 11 35 27 15 49 
student 80: 20 16 23 5 13 22 6 25 31 42 34 1 18 32 26 27 4 2 33 24 43 10 21 36 8 46 3 9 35 44 45 30 38 14 19 39 41 29 49 50 40 12 47 7 15 17 37 28 11 48 
student 81: 23 20 13 3 17 21 1 30 31 42 41 2 11 33 24 19 8 4 35 22 50 14 26 34 16 38 6 15 36 44 43 27 39 12 18 37 45 28 47 48 40 5 46 10 25 7 32 29 9 49 
student 82: 24 12 25 6 15 22 1 29 31 40 34 9 10 27 32 28 4 8 44 23 50 19 20 39 11 46 3 16 36 45 41 30 43 5 21 37 35 17 49 47 42 2 48 13 18 14 33 26 7 38 
student 83: 25 13 15 6 22 19 3 29 30 43 35 1 14 37 31 20 11 2 39 16 45 17 27 34 10 49 4 12 32 46 47 28 38 7 21 36 40 23 48 50 42 5 41 8 24 18 33 26 9 44 
student 84: 28 12 18 5 14 20 3 27 34 42 36 1 11 35 33 21 17 4 39 23 50 19 25 32 6 44 8 16 38 41 47 30 43 9 15 37 29 24 45 49 40 7 48 13 22 10 31 26 2 46 
student 85: 22 14 21 8 15 23 2 29 31 39 35 4 13 34 30 16 12 1 38 24 46 19 26 37 6 47 3 17 41 44 43 27 42 10 20 32 36 25 48 49 40 7 50 5 18 11 33 28 9 45 
student 86: 21 12 24 4 11 22 3 34 37 41 32 2 17 31 16 29 8 9 36 23 50 7 27 30 14 47 6 15 25 44 42 38 43 10 20 39 40 33 45 48 35 1 46 5 19 18 28 26 13 49 
student 87: 23 17 22 8 16 20 3 28 31 36 34 5 14 33 30 24 7 1 42 25 49 13 27 37 15 48 4 12 40 41 43 29 46 10 18 39 35 21 50 45 38 2 47 9 19 11 32 26 6 44 
student 88: 24 14 18 6 13 26 2 33 27 42 36 4 10 31 34 19 8 1 40 29 44 25 23 35 7 49 16 17 37 48 45 21 41 3 15 32 38 20 47 50 39 5 43 9 22 12 30 28 11 46 
student 89: 24 12 17 3 15 21 4 32 31 39 37 2 11 36 29 18 7 1 41 28 43 19 25 30 9 44 5 16 38 42 46 27 35 8 20 40 34 23 50 49 47 6 48 10 22 14 33 26 13 45 
student 90: 16 18 21 7 15 28 3 26 35 41 43 1 14 34 31 20 6 2 39 29 47 19 30 36 13 46 11 17 37 45 49 27 44 9 12 25 38 24 40 48 33 5 50 10 22 4 32 23 8 42 
student 91: 32 19 14 6 16 21 2 26 34 41 37 3 12 31 24 27 8 1 42 22 43 15 30 35 13 48 10 18 40 44 45 33 39 5 20 36 38 17 46 49 28 9 47 4 23 11 29 25 7 50 
student 92: 23 21 18 2 13 27 4 25 30 42 41 1 14 38 28 22 8 3 40 19 46 17 29 34 10 32 7 15 35 45 44 26 37 9 16 36 39 24 49 50 43 5 47 6 20 12 31 33 11 48 
student 93: 23 12 17 4 16 19 2 29 28 38 37 5 15 33 35 22 7 1 44 21 48 24 26 34 9 46 10 14 41 42 45 30 43 6 18 36 32 25 40 49 39 3 47 8 20 11 31 27 13 50 
student 94: 22 12 17 8 14 19 3 26 29 44 40 1 11 30 27 16 4 2 38 31 49 23 25 37 7 42 9 15 32 45 46 28 39 6 18 34 41 33 50 47 43 5 35 13 21 20 36 24 10 48 
student 95: 23 16 28 1 12 18 2 29 30 42 35 4 13 34 31 27 3 5 38 22 41 14 25 32 11 48 6 15 39 44 47 26 36 10 20 37 43 24 49 50 40 9 46 17 19 8 33 21 7 45 
student 96: 25 12 20 7 13 22 2 28 29 41 42 1 9 30 33 24 5 10 40 23 43 17 26 34 11 50 3 14 37 46 47 27 39 4 16 31 38 19 44 49 36 15 48 8 21 18 35 32 6 45 
student 97: 20 12 16 4 18 26 3 27 25 40 37 2 10 33 32 21 8 1 41 19 48 15 22 34 17 42 6 23 46 44 43 31 35 7 14 36 47 30 49 50 38 5 45 9 24 11 29 28 13 39 
student 98: 18 19 21 8 15 26 7 24 32 40 37 2 4 28 34 25 9 5 42 20 45 17 31 33 12 43 6 13 35 38 46 29 39 10 23 30 44 22 50 49 41 1 48 3 16 14 36 27 11 47 
student 99: 21 2 17 4 15 23 9 26 29 40 32 6 19 33 27 22 1 5 42 20 43 16 28 37 10 47 3 14 36 48 45 31 38 8 25 35 44 24 50 49 39 13 46 11 18 12 34 30 7 41 
student 100: 23 14 21 2 16 18 8 25 37 43 35 3 10 28 34 24 5 4 41 26 50 19 20 29 13 42 11 12 36 45 47 33 39 9 17 31 38 27 44 46 40 1 49 6 22 15 32 30 7 48 
student 101: 23 20 19 3 15 24 4 35 30 42 32 2 14 37 31 22 8 6 41 27 44 16 26 29 12 46 9 21 36 48 45 28 34 11 18 38 39 25 50 47 40 1 49 5 13 7 33 17 10 43 
student 102: 18 14 25 9 3 28 7 29 32 41 39 1 17 30 26 21 4 2 37 31 45 16 24 34 10 44 6 15 36 43 47 22 42 12 23 35 40 19 49 50 38 8 48 13 20 11 33 27 5 46 
student 103: 26 18 20 4 14 17 1 32 30 43 29 2 13 35 34 27 12 3 41 21 45 24 25 23 11 46 5 15 39 49 47 28 40 7 10 33 36 22 44 50 37 6 48 8 19 9 38 31 16 42 
student 104: 27 14 16 6 19 15 3 33 35 40 32 2 18 28 26 23 7 1 41 24 49 21 22 31 11 45 4 20 38 37 48 34 39 8 12 29 43 30 46 47 44 5 50 9 17 10 36 25 13 42 
student 105: 18 12 19 4 13 25 1 30 34 44 38 3 20 36 28 22 5 2 41 23 46 16 24 31 11 48 6 15 35 39 47 32 37 7 17 29 40 26 49 50 42 9 45 8 21 14 33 27 10 43 
student 106: 25 20 22 3 16 17 2 29 28 42 37 1 14 35 27 15 7 6 44 24 43 12 31 33 9 49 4 21 39 46 40 26 38 5 19 34 41 18 50 48 36 8 47 10 23 13 30 32 11 45 
student 107: 27 18 21 1 13 22 7 25 31 42 35 3 15 39 29 14 6 2 44 24 38 17 28 34 10 47 5 16 40 45 36 33 43 9 23 30 41 26 50 49 37 4 48 8 20 12 32 19 11 46 
student 108: 18 21 15 3 23 25 5 29 30 49 37 1 11 36 27 20 16 4 42 24 44 17 28 35 8 32 7 12 39 46 45 38 43 2 13 33 41 26 47 48 40 6 50 9 19 14 34 22 10 31 
student 109: 23 22 17 2 18 24 7 33 29 45 34 1 11 28 27 19 3 6 40 30 44 15 21 36 10 46 4 13 43 41 47 35 37 5 16 32 38 26 48 49 39 8 50 14 20 12 31 25 9 42 
student 110: 17 16 21 12 15 27 3 30 32 45 36 2 14 33 29 23 6 1 37 19 48 18 28 34 7 47 4 20 44 43 46 26 42 9 11 38 39 25 49 50 35 5 41 13 22 8 31 24 10 40 
student 111: 22 16 17 8 12 21 2 25 27 39 36 4 14 30 37 19 9 3 43 23 42 18 32 31 13 50 6 15 38 45 44 24 33 11 20 34 41 28 48 46 40 5 47 1 26 10 35 29 7 49 
student 112: 19 13 12 7 16 22 6 27 31 44 37 4 14 35 30 24 11 1 41 25 46 21 28 33 10 48 2 17 38 42 45 23 39 3 18 34 36 26 50 49 40 8 43 5 15 9 32 29 20 47 
student 113: 26 16 15 5 18 25 3 24 31 43 35 1 10 30 32 22 9 2 40 17 45 12 28 36 7 44 4 19 37 41 48 29 39 8 21 34 46 23 50 47 38 6 49 11 20 14 33 27 13 42 
student 114: 20 13 16 2 15 24 5 28 31 40 35 1 9 38 30 21 8 3 45 23 44 18 25 32 12 47 6 17 34 43 46 29 39 10 22 36 37 19 50 49 41 4 42 7 27 14 33 26 11 48 
student 115: 22 17 20 3 13 21 5 33 30 39 34 2 15 38 24 19 8 4 45 26 44 14 27 41 10 47 6 11 35 40 48 28 43 7 18 29 37 23 50 46 36 1 49 12 25 16 31 32 9 42 
student 116: 19 13 23 4 16 26 2 32 35 49 37 3 11 30 29 22 5 1 39 24 44 17 21 28 12 48 8 15 38 41 50 31 46 10 18 43 40 25 47 45 33 6 42 7 20 14 36 27 9 34 
student 117: 18 11 22 3 12 21 2 29 27 42 30 1 14 31 32 20 6 7 41 24 44 19 26 37 8 45 4 16 40 46 47 35 38 10 17 33 36 25 48 50 39 5 49 13 23 15 34 28 9 43 
student 118: 21 14 20 4 13 26 3 28 24 43 34 1 16 35 32 25 5 2 45 23 42 15 27 36 12 50 8 19 40 44 47 17 39 9 18 31 38 29 49 48 37 6 46 10 22 7 30 33 11 41 
student 119: 18 13 17 4 16 25 5 19 33 45 32 2 12 34 28 21 9 1 42 24 44 20 27 38 10 46 3 22 35 39 48 31 41 6 15 36 40 26 50 49 37 7 47 8 23 11 29 30 14 43 
student 120: 23 17 20 11 13 21 2 30 25 40 37 1 12 32 28 19 4 3 39 26 45 15 33 31 8 49 7 16 29 44 43 36 42 6 22 38 35 24 50 47 41 5 46 10 18 14 34 27 9 48 
student 121: 20 10 27 1 6 25 5 28 32 44 35 2 16 33 30 22 12 4 42 21 36 19 26 45 9 47 8 14 40 48 46 31 41 7 17 29 38 24 50 49 37 3 43 11 18 15 34 23 13 39 
student 122: 24 20 16 4 12 18 5 30 28 45 33 1 17 32 35 10 8 2 41 23 46 19 29 38 11 44 13 15 34 50 43 27 40 3 21 37 36 26 49 48 39 7 47 9 22 6 31 25 14 42 
student 123: 24 16 17 6 13 23 3 30 41 43 38 1 11 31 28 21 9 2 40 25 45 18 26 36 8 48 7 19 34 42 47 32 37 10 15 35 39 22 49 50 33 5 44 4 20 14 27 29 12 46 
student 124: 24 12 21 7 16 26 6 29 37 42 34 9 14 32 25 27 5 2 45 20 47 15 22 31 4 44 11 18 39 43 46 33 40 1 17 38 35 28 50 49 41 3 48 10 19 13 30 23 8 36 
student 125: 20 15 17 8 18 24 1 31 30 40 44 2 12 32 26 22 7 3 43 23 46 13 28 33 10 50 4 19 35 41 42 39 38 6 16 34 36 25 45 49 37 5 48 9 21 11 29 27 14 47 
student 126: 18 15 16 4 14 23 1 29 34 42 38 7 13 49 32 22 11 8 43 24 44 20 28 30 12 45 2 17 39 35 40 27 46 5 19 33 37 25 48 50 41 3 47 9 21 10 31 26 6 36 
student 127: 21 14 17 4 11 24 5 32 30 40 36 2 13 31 28 23 8 1 43 25 45 18 26 38 10 50 3 15 39 48 42 29 41 9 19 33 37 22 47 49 35 6 44 7 20 16 34 27 12 46 
student 128: 19 17 21 2 15 37 6 20 34 43 36 5 9 24 31 26 12 3 38 23 46 16 27 33 10 45 4 13 35 40 42 28 39 7 18 30 48 29 47 49 41 1 50 8 22 11 32 25 14 44 
student 129: 25 16 18 10 13 20 4 29 30 41 38 1 14 32 36 24 15 2 44 26 45 17 22 31 12 47 3 11 39 37 43 27 40 7 19 34 42 23 50 49 35 5 48 9 21 6 33 28 8 46 
student 130: 20 15 19 3 14 25 6 29 37 43 42 1 11 27 30 23 10 2 41 24 47 17 26 35 13 45 5 16 32 44 46 33 40 9 18 38 39 22 48 49 36 4 50 7 21 12 34 28 8 31 
student 131: 25 11 19 7 15 30 2 24 33 43 45 3 17 34 32 20 14 1 36 22 38 16 29 31 10 48 9 12 37 41 44 26 46 8 18 35 40 23 50 49 39 5 47 13 21 6 28 27 4 42 
student 132: 21 17 24 5 14 25 1 22 30 43 41 4 9 31 23 20 10 2 37 28 48 18 35 33 15 46 7 16 38 40 39 29 45 6 12 42 36 26 49 50 34 3 47 8 19 13 32 27 11 44 
student 133: 23 15 17 4 10 28 2 26 34 44 33 1 14 42 32 20 7 3 37 27 47 19 25 30 11 46 5 12 39 38 45 29 36 8 18 35 40 21 48 50 43 6 49 13 24 16 31 22 9 41 
student 134: 24 13 21 9 11 20 2 31 37 43 34 3 17 32 28 30 6 1 42 23 40 15 27 41 8 48 4 12 38 44 45 26 50 7 18 33 36 25 35 49 39 5 47 10 19 16 29 22 14 46 
student 135: 28 15 16 3 14 22 1 29 31 42 37 4 6 33 27 23 5 2 41 20 48 18 25 35 8 47 11 17 38 43 46 32 40 7 21 34 36 24 45 50 39 9 49 10 19 13 30 26 12 44 
student 136: 17 16 22 3 14 25 4 31 30 41 40 2 12 34 26 20 9 6 37 29 48 18 27 35 11 47 13 15 38 39 45 23 43 5 19 33 36 21 49 46 42 1 50 7 24 8 32 28 10 44 
student 137: 19 10 15 2 22 29 1 23 31 36 37 3 13 33 30 16 6 5 43 24 49 18 26 39 12 42 9 21 35 41 44 28 40 7 20 34 48 27 47 50 38 4 46 11 17 8 32 25 14 45 
student 138: 18 15 16 9 14 22 3 27 33 44 45 2 10 32 29 20 7 4 39 23 50 19 25 43 11 47 5 21 34 41 37 30 38 12 26 36 42 24 40 48 35 1 49 6 17 13 31 28 8 46 
student 139: 15 12 24 7 16 21 5 30 31 39 35 3 8 34 27 22 11 1 47 29 44 18 25 37 2 46 13 20 42 41 43 32 45 4 19 36 28 26 50 48 38 10 49 6 14 17 33 23 9 40 
student 140: 15 16 22 2 14 25 4 30 34 33 40 1 13 32 27 21 8 3 42 20 46 19 28 35 11 44 5 17 37 45 48 31 39 9 18 36 43 24 47 49 38 7 41 6 26 12 29 23 10 50 
student 141: 21 15 20 10 18 27 8 26 35 42 37 4 16 36 33 23 2 6 40 22 46 13 25 28 9 43 3 14 39 45 50 31 44 5 17 29 38 24 48 49 34 1 47 7 19 11 32 30 12 41 
student 142: 17 19 25 5 11 22 1 24 30 41 33 2 13 34 28 16 15 4 40 21 45 20 27 36 8 46 7 14 38 42 48 35 43 3 18 32 39 23 50 47 26 6 49 9 31 10 29 37 12 44 
student 143: 24 15 21 4 12 20 3 29 27 44 33 1 16 35 34 17 8 2 41 23 50 13 28 32 10 39 6 19 37 45 46 30 36 7 18 40 38 25 47 48 42 5 49 9 22 14 31 26 11 43 
student 144: 23 11 18 4 10 26 2 32 25 42 38 1 16 19 36 21 8 5 39 27 49 17 28 37 14 45 6 15 34 43 44 24 40 7 22 29 35 30 46 48 41 3 50 12 20 9 33 31 13 47 
student 145: 23 16 17 10 12 26 1 24 32 43 31 2 11 34 29 21 8 3 36 22 44 18 27 35 14 49 5 15 40 45 47 30 41 6 19 33 38 25 46 50 37 4 48 7 20 13 39 28 9 42 
student 146: 20 18 17 6 16 24 7 30 34 36 29 1 10 35 27 22 8 5 47 28 44 11 25 37 14 45 4 19 39 42 41 33 43 13 15 38 40 23 50 46 32 2 48 3 21 9 31 26 12 49 
student 147: 26 8 18 2 14 23 3 31 33 44 36 1 19 32 30 21 9 5 37 20 48 13 25 35 11 47 4 12 34 42 43 29 40 7 24 27 41 22 50 46 38 6 49 10 17 16 39 28 15 45 
student 148: 21 14 20 6 11 24 2 33 34 39 32 3 15 31 28 19 5 1 45 23 43 16 26 38 9 47 8 17 37 41 48 25 46 10 22 42 36 29 50 49 35 4 44 7 18 13 30 27 12 40 
student 149: 21 15 19 3 9 20 10 32 22 50 39 1 8 34 25 17 2 4 45 29 44 23 28 36 13 47 7 16 35 41 42 33 40 11 18 38 37 26 48 49 30 5 43 14 24 12 31 27 6 46 
student 150: 21 16 20 7 15 24 5 32 29 39 35 1 13 36 28 25 9 2 42 23 46 18 27 31 10 44 4 14 40 43 49 33 37 12 19 34 38 22 50 45 41 3 48 8 17 11 30 26 6 47 
student 151: 24 15 16 6 12 19 4 30 33 36 31 1 8 34 32 22 5 3 41 25 46 17 29 40 7 49 9 13 37 42 44 28 38 11 20 27 43 23 47 50 39 2 45 14 18 21 35 26 10 48 
student 152: 18 19 16 2 21 30 6 33 31 43 39 5 10 29 28 20 8 4 40 27 47 17 22 34 9 48 11 14 37 45 46 26 38 3 15 36 35 24 50 49 41 1 44 13 23 12 32 25 7 42 
student 153: 18 13 20 3 19 25 6 32 26 44 35 4 14 28 33 27 2 1 42 22 48 16 30 34 10 40 12 15 36 43 46 23 41 5 17 39 37 24 49 50 38 7 45 8 21 9 31 29 11 47 
student 154: 25 11 17 5 13 22 3 32 29 45 33 1 12 30 35 15 10 4 42 24 46 21 23 36 16 48 14 18 34 49 43 28 41 6 19 38 40 26 47 50 37 7 44 2 20 9 31 27 8 39 
student 155: 19 15 20 2 13 21 6 28 27 43 35 1 12 33 29 17 5 7 42 22 48 18 24 34 26 41 11 16 39 45 50 32 36 4 14 37 40 30 46 49 38 3 44 8 25 9 23 31 10 47 
student 156: 19 15 16 3 18 23 4 27 35 42 36 2 11 29 34 22 6 1 43 24 49 13 28 32 14 48 5 12 33 46 44 30 39 9 17 40 38 26 45 41 37 8 50 10 21 20 31 25 7 47 
student 157: 24 13 16 8 21 23 7 28 36 41 39 3 15 34 29 27 11 1 44 25 45 2 22 32 10 43 5 12 37 42 50 30 40 6 19 20 38 26 49 48 35 4 46 9 17 14 31 33 18 47 
student 158: 21 16 22 4 7 25 9 30 28 39 50 2 15 36 27 19 10 1 42 23 49 12 24 34 11 41 3 18 35 44 43 26 33 6 20 40 38 31 46 48 37 5 45 8 17 13 32 29 14 47 
student 159: 22 15 19 6 13 18 1 27 32 43 34 2 17 33 30 23 7 4 36 24 44 16 26 37 14 46 9 11 35 49 45 31 39 5 21 38 41 25 47 50 42 3 48 8 20 10 29 28 12 40 
student 160: 23 14 20 6 22 19 1 31 34 38 37 3 15 24 29 21 12 2 44 27 47 17 26 30 7 49 4 16 40 43 50 25 42 8 18 35 39 28 41 48 36 5 46 10 13 11 33 32 9 45 
student 161: 21 17 13 12 15 24 6 29 30 40 32 1 11 33 34 19 9 2 37 22 43 18 25 31 7 39 3 14 41 46 42 28 45 4 20 36 44 26 49 50 38 5 48 8 23 10 35 27 16 47 
student 162: 25 16 18 4 12 22 9 28 37 42 34 3 7 33 31 23 6 1 43 21 48 17 26 32 15 47 11 19 36 44 41 29 38 14 13 35 40 24 46 50 39 5 49 2 20 10 30 27 8 45 
student 163: 22 10 19 7 15 23 2 34 32 44 37 1 14 30 29 24 11 3 41 28 46 17 21 31 9 47 4 18 39 42 43 35 38 6 16 33 40 26 48 50 36 5 49 12 20 13 25 27 8 45 
student 164: 20 12 21 4 19 23 5 25 28 39 42 3 14 32 26 16 11 2 41 30 47 17 22 31 7 49 1 13 33 35 43 40 38 9 15 37 46 27 50 48 34 6 45 8 18 10 36 24 29 44 
student 165: 24 16 18 6 14 19 5 34 35 43 36 2 15 33 30 25 4 3 39 22 46 17 27 29 8 48 1 13 37 42 47 31 45 9 20 32 40 23 50 49 38 7 44 12 21 11 28 26 10 41 
student 166: 19 17 24 2 15 23 1 29 30 39 35 3 14 33 31 21 7 4 42 25 41 16 28 34 13 46 5 20 37 44 48 32 43 8 18 40 38 22 50 49 36 6 47 10 11 9 26 27 12 45 
student 167: 10 16 28 2 13 29 4 25 33 40 39 3 15 36 31 19 6 1 30 26 48 18 32 24 9 50 12 20 43 41 46 34 37 11 17 35 38 23 44 49 45 8 47 7 22 14 27 21 5 42 
student 168: 18 16 17 5 14 23 4 27 29 36 41 1 21 31 32 19 9 2 37 25 47 15 26 34 12 50 6 20 30 42 44 28 39 3 7 38 46 35 48 45 43 8 49 10 22 13 33 24 11 40 
student 169: 18 12 17 5 8 21 2 33 35 46 39 1 15 40 27 19 10 3 38 26 45 16 31 34 9 47 7 20 32 44 43 24 37 6 22 36 30 28 49 50 42 4 48 11 23 13 29 25 14 41 
student 170: 18 16 23 10 11 24 4 31 27 42 40 3 15 33 32 25 5 1 47 21 50 17 28 29 9 43 13 14 37 45 39 26 41 8 20 35 38 22 44 48 36 2 49 12 19 7 34 30 6 46 
student 171: 23 18 20 2 9 19 1 30 34 46 33 3 14 38 25 24 4 8 42 27 39 21 29 28 12 47 6 15 37 41 48 32 36 7 17 35 45 22 50 43 40 5 49 11 16 10 31 26 13 44 
student 172: 21 15 26 5 19 25 3 27 29 40 37 1 14 35 31 20 7 2 49 22 45 17 30 36 11 50 4 12 38 43 44 24 41 8 18 32 39 23 47 48 33 6 42 10 16 13 34 28 9 46 
student 173: 13 15 27 1 11 22 7 25 24 39 36 5 14 34 31 23 6 2 40 32 46 17 26 35 16 48 4 19 41 42 44 28 38 10 18 33 43 20 45 50 37 3 47 8 21 9 29 30 12 49 
student 174: 19 9 15 4 21 25 1 31 26 38 36 2 18 30 28 24 5 3 44 22 43 12 23 35 6 45 13 17 37 49 46 32 41 8 14 39 40 27 50 48 33 7 47 10 20 16 34 29 11 42 
student 175: 21 6 24 4 16 26 1 27 29 43 40 2 14 34 28 20 9 3 37 23 46 17 25 35 13 47 7 15 33 41 45 31 39 12 18 36 42 22 49 50 38 8 48 10 19 11 32 30 5 44 
student 176: 17 13 25 3 11 20 4 28 32 42 37 1 9 31 29 23 10 2 41 24 45 12 27 36 15 44 7 21 33 46 48 34 40 14 19 30 39 22 50 49 38 5 47 8 18 6 35 26 16 43 
student 177: 16 18 13 1 14 22 3 27 28 45 36 4 7 31 30 20 11 2 41 29 47 19 23 40 9 46 6 17 35 44 48 32 39 15 21 34 38 26 43 49 37 5 50 8 24 12 33 25 10 42 
student 178: 22 12 15 4 21 18 3 27 31 45 37 1 14 30 28 23 11 2 40 33 46 10 24 34 6 47 8 13 38 42 44 29 39 16 20 36 43 26 48 49 35 7 50 9 17 19 32 25 5 41 
student 179: 20 16 21 1 13 18 6 30 25 43 44 9 7 31 28 23 5 4 40 24 49 15 27 32 12 47 3 22 38 41 46 34 35 14 17 37 39 26 50 48 33 11 45 2 19 8 36 29 10 42 
student 180: 17 16 24 10 12 25 2 28 30 41 38 3 8 34 29 20 7 4 47 22 42 18 21 32 13 46 6 15 35 40 49 33 39 5 19 36 44 23 48 45 37 1 43 9 27 14 31 26 11 50 
student 181: 28 20 16 2 14 22 8 26 32 39 37 1 15 33 27 17 10 4 40 23 44 19 29 34 12 47 5 13 42 46 49 30 38 6 18 36 43 25 41 50 35 3 48 7 24 9 31 21 11 45 
student 182: 23 16 20 4 14 24 6 28 29 41 38 1 13 33 31 19 10 2 36 22 48 18 30 34 11 50 3 17 46 39 45 25 40 12 15 35 44 27 43 47 37 5 49 7 21 9 32 26 8 42 
student 183: 22 17 9 7 8 21 2 27 29 44 36 6 15 32 31 20 4 3 40 26 50 16 28 34 14 43 10 19 35 48 42 30 39 11 23 41 38 24 46 47 37 1 49 12 18 13 33 25 5 45 
student 184: 22 11 19 4 13 25 3 31 30 45 32 2 17 34 28 23 5 1 42 21 44 15 26 36 12 47 16 14 38 37 40 27 46 6 20 35 41 24 43 49 39 7 48 8 18 10 33 29 9 50 
student 185: 20 17 9 3 12 25 1 23 31 45 37 4 11 35 30 21 5 6 34 18 44 15 27 43 19 46 2 16 38 36 49 32 39 13 24 33 40 28 47 50 41 10 48 8 22 7 26 29 14 42 
student 186: 23 18 21 4 15 22 6 30 31 42 35 1 9 28 32 27 7 2 40 20 47 19 25 36 8 49 5 17 41 46 44 26 39 11 13 34 37 24 50 48 38 3 45 10 16 12 33 29 14 43 
student 187: 25 15 19 9 10 18 3 28 27 39 38 1 17 35 30 22 13 2 43 24 49 20 23 36 12 48 7 14 33 41 44 26 42 6 21 31 40 29 47 50 37 5 45 4 16 11 32 34 8 46 
student 188: 16 13 19 8 15 20 3 28 36 48 41 1 18 34 30 22 10 2 35 23 46 17 25 33 7 44 4 14 40 45 39 29 37 11 21 31 43 24 50 47 32 6 49 9 27 12 38 26 5 42 
student 189: 22 17 21 6 13 15 3 26 29 42 40 2 12 33 28 23 8 1 41 24 45 16 31 38 14 50 9 20 36 43 46 30 37 5 19 35 39 27 49 48 34 4 47 10 18 7 32 25 11 44 
student 190: 22 21 17 6 20 24 10 27 31 41 36 3 14 33 30 19 5 1 37 23 43 13 26 34 12 47 4 18 38 42 48 29 39 7 11 35 40 25 49 50 44 2 45 15 16 9 32 28 8 46 
student 191: 19 14 18 4 16 27 3 24 28 43 35 1 11 29 31 23 6 2 39 17 42 20 25 38 10 44 12 15 41 45 47 33 48 8 22 34 36 26 50 46 32 7 49 9 21 13 37 30 5 40 
student 192: 25 14 21 11 18 19 4 27 31 48 36 3 13 34 30 20 1 2 40 28 45 15 24 32 8 43 10 17 37 42 46 23 39 5 16 38 35 29 47 50 41 7 49 9 22 12 33 26 6 44 
student 193: 22 10 20 4 16 21 3 23 32 34 33 2 13 37 30 25 5 1 41 35 42 19 24 28 15 47 6 14 39 46 38 29 43 9 17 31 40 27 48 49 44 7 50 8 18 12 36 26 11 45 
student 194: 26 17 21 2 16 18 3 24 29 41 31 4 14 35 30 15 7 1 48 23 44 9 28 32 10 45 11 19 37 46 43 38 39 6 22 36 33 25 49 50 34 5 47 13 20 12 40 27 8 42 
student 195: 24 13 17 5 15 25 4 29 31 45 41 1 12 35 30 19 7 2 42 28 39 18 20 32 11 44 6 16 37 47 38 27 40 14 21 34 43 26 49 50 36 3 48 8 22 10 33 23 9 46 
student 196: 21 18 20 1 14 27 4 26 38 42 31 2 15 28 35 24 7 3 41 23 44 13 22 30 11 46 5 17 34 36 45 32 43 10 19 37 39 29 50 49 40 8 48 6 16 12 25 33 9 47 
student 197: 20 16 21 5 12 23 2 27 36 42 35 1 17 29 30 34 6 4 44 25 43 11 24 37 15 47 9 8 32 41 45 28 39 3 18 31 40 22 50 49 38 7 48 14 19 13 33 26 10 46 
student 198: 17 20 23 3 14 21 2 26 18 43 40 8 13 36 31 19 5 1 39 25 46 15 27 34 12 45 7 22 35 41 48 29 42 6 16 33 37 28 49 50 38 4 47 10 24 11 32 30 9 44 
student 199: 23 16 17 2 10 21 4 26 32 45 35 1 20 33 28 19 9 6 41 31 37 18 27 38 3 46 7 15 34 43 44 29 40 11 12 36 39 25 49 50 42 5 47 14 22 13 30 24 8 48 
student 200: 19 14 21 3 12 28 6 26 32 37 34 2 20 35 29 24 9 1 45 25 40 13 18 39 8 41 4 15 38 46 48 27 42 5 17 33 36 30 49 47 43 7 44 11 22 10 31 23 16 50 
student 201: 22 13 24 5 14 21 2 30 31 41 34 1 11 36 32 23 7 4 45 26 42 16 28 35 3 48 20 15 37 44 43 29 40 8 19 33 39 27 50 46 38 6 49 9 18 12 17 25 10 47 
student 202: 20 17 18 9 12 27 1 26 35 41 34 2 16 37 30 21 5 6 40 28 46 14 32 29 11 50 4 19 36 43 44 24 38 8 15 33 42 22 45 47 39 3 49 10 23 13 31 25 7 48 
student 203: 20 17 25 7 15 28 11 29 34 43 35 3 14 32 26 23 4 5 40 24 46 10 27 37 8 47 2 18 30 42 48 33 39 12 19 38 36 21 44 50 41 1 49 13 16 9 31 22 6 45 
student 204: 23 17 19 1 11 30 6 31 35 39 33 2 20 32 28 26 4 3 38 16 42 18 15 29 9 48 8 25 43 46 44 27 40 5 14 41 37 22 47 50 36 7 49 13 21 12 34 24 10 45 
student 205: 15 14 12 3 16 21 5 24 33 43 35 2 8 42 26 25 10 1 38 23 50 18 29 40 17 37 7 20 41 44 46 32 39 11 22 31 34 28 48 49 36 6 47 9 19 4 30 27 13 45 
student 206: 19 15 20 3 10 23 2 27 35 40 36 6 12 34 31 22 7 8 42 29 41 17 24 33 14 45 1 16 32 47 44 26 38 9 18 37 39 28 46 49 43 5 48 11 21 13 30 25 4 50 
student 207: 22 17 19 4 12 26 1 29 30 40 39 10 13 34 31 9 6 2 44 20 45 18 27 32 11 47 5 14 37 43 46 28 41 8 21 35 42 25 48 49 36 3 50 7 24 16 33 23 15 38 
student 208: 22 12 20 8 9 25 1 27 31 45 37 6 18 34 29 23 5 2 41 24 39 15 26 33 11 46 10 19 35 40 47 30 43 3 16 36 42 21 49 48 38 4 50 13 17 14 32 28 7 44 
student 209: 23 17 18 4 25 26 3 27 32 39 33 1 11 30 43 21 5 2 41 19 42 13 22 31 8 50 7 16 40 47 45 28 37 9 14 35 34 24 46 48 38 6 49 12 20 10 36 29 15 44 
student 210: 23 14 20 2 13 22 5 30 31 41 33 3 15 32 28 21 11 1 44 24 42 16 29 40 9 48 8 19 37 43 46 27 38 4 17 35 36 25 49 50 39 6 45 7 18 12 34 26 10 47 
student 211: 20 18 19 2 15 25 1 28 30 41 35 3 11 31 27 23 5 6 40 21 47 13 29 38 10 44 7 17 37 43 46 33 45 8 16 34 36 24 48 50 39 4 49 9 22 12 32 26 14 42 
student 212: 14 15 16 3 17 22 7 27 25 40 38 5 13 34 31 18 9 1 43 26 48 20 30 32 10 45 8 19 36 47 39 23 37 4 21 35 41 28 46 50 42 2 49 6 24 11 33 29 12 44 
student 213: 18 15 24 10 16 23 5 26 29 43 37 1 14 46 27 28 13 2 41 20 47 22 30 34 9 42 6 12 38 44 36 32 39 3 21 31 40 19 50 49 35 4 48 8 17 11 33 25 7 45 
student 214: 20 15 28 5 14 22 3 23 37 43 38 2 9 32 30 26 7 10 36 21 40 17 25 34 13 47 8 11 42 49 45 27 39 12 24 33 35 29 50 48 44 4 46 6 19 16 31 18 1 41 
student 215: 17 15 22 1 13 21 6 32 27 42 38 3 18 29 33 20 10 4 40 23 45 14 31 36 2 48 5 19 28 43 44 26 41 7 16 37 34 25 47 50 39 11 46 8 30 12 35 24 9 49 
student 216: 12 18 28 3 11 20 1 25 32 43 35 2 16 34 31 19 8 4 38 21 49 17 29 33 10 44 7 23 36 46 47 24 41 6 15 37 40 26 50 42 39 5 48 9 22 14 30 27 13 45 
student 217: 24 17 22 6 13 27 1 26 28 44 29 2 11 37 34 20 8 5 41 25 43 12 30 35 16 42 3 21 36 46 49 32 38 9 15 39 40 19 50 48 33 4 47 7 18 14 31 23 10 45 
student 218: 22 15 23 7 13 26 4 35 32 41 38 1 12 30 28 21 5 3 39 16 48 20 27 33 9 47 10 19 31 42 46 29 44 11 17 34 37 24 50 45 40 2 49 6 18 8 36 25 14 43 
student 219: 17 14 18 5 20 22 2 25 34 38 37 1 12 30 31 24 8 4 42 26 48 15 27 33 19 46 7 21 39 43 47 29 32 6 13 36 44 28 49 50 35 3 45 11 16 9 40 23 10 41 
student 220: 22 12 19 8 17 21 3 26 30 44 31 2 15 33 28 23 5 4 42 29 41 13 36 39 16 47 6 20 38 46 45 25 43 7 14 32 35 24 50 49 40 1 48 9 18 11 27 34 10 37 
student 221: 23 14 21 4 16 26 8 32 31 43 34 2 9 33 29 24 3 1 37 25 42 18 20 35 6 49 5 15 40 46 45 28 39 11 17 36 38 22 47 50 41 7 44 10 19 13 30 27 12 48 
student 222: 21 17 19 4 14 20 6 26 34 50 37 1 15 32 24 22 7 2 39 25 38 23 35 30 12 42 3 16 46 41 45 28 47 5 11 31 40 33 49 44 36 8 48 9 18 13 29 27 10 43 
student 223: 21 12 20 4 15 19 1 35 31 48 32 6 11 37 27 22 9 2 42 23 45 17 26 29 7 39 13 16 34 43 49 25 38 5 18 41 36 28 46 50 40 3 47 10 24 8 33 30 14 44 
student 224: 23 13 20 9 10 19 1 22 34 43 38 2 16 33 31 24 15 6 39 25 44 18 26 35 12 47 7 14 40 49 46 29 36 3 17 37 30 27 48 50 41 4 45 5 21 11 32 28 8 42 
student 225: 18 16 20 3 13 23 4 30 29 46 27 1 15 34 31 19 9 2 39 25 49 21 26 37 11 48 5 14 41 42 44 33 38 10 17 36 35 22 47 50 40 8 43 6 24 12 32 28 7 45 
student 226: 20 22 16 7 13 14 3 27 31 47 36 1 5 32 30 26 8 2 39 21 46 17 25 35 10 44 9 18 41 38 45 29 42 11 19 34 37 24 50 49 40 6 48 4 23 15 33 28 12 43 
student 227: 19 14 21 1 10 30 12 24 28 50 32 2 13 37 23 22 9 6 43 25 47 18 26 29 8 40 5 16 34 39 48 33 44 4 20 36 38 27 46 49 41 3 42 17 15 11 35 31 7 45 
student 228: 25 14 19 4 15 27 1 32 29 49 36 2 11 37 34 22 6 3 38 21 40 20 28 41 13 47 7 17 33 45 50 23 48 8 18 31 42 24 46 44 35 12 43 5 16 9 30 26 10 39 
student 229: 21 14 24 4 8 26 2 29 34 39 40 1 15 36 31 23 9 5 42 22 44 18 27 32 12 43 6 19 35 45 47 25 38 3 17 30 37 20 48 50 41 7 49 13 16 11 33 28 10 46 
student 230: 21 13 18 3 14 23 4 30 35 37 29 1 12 28 33 22 5 2 46 24 47 20 31 32 10 48 7 17 36 41 39 26 40 8 16 38 45 27 50 49 34 6 42 15 19 11 43 25 9 44 
student 231: 19 14 23 4 12 20 6 34 26 44 35 1 17 36 32 18 3 2 41 27 46 16 22 33 10 42 8 13 39 47 49 30 37 7 24 31 40 25 50 48 38 5 45 15 21 11 29 28 9 43 
student 232: 22 15 20 7 12 37 6 38 28 47 36 1 9 34 26 24 10 2 39 18 44 11 25 29 16 48 8 17 33 40 43 27 41 3 19 31 42 23 46 50 35 4 49 5 21 13 32 30 14 45 
student 233: 22 21 20 3 8 18 4 28 34 44 37 1 12 29 31 19 9 2 38 25 50 13 26 33 14 47 6 17 35 42 43 30 39 15 16 36 40 23 48 45 41 5 49 11 24 10 32 27 7 46 
student 234: 17 13 16 6 12 24 3 34 29 41 38 2 19 31 30 23 7 1 37 27 45 20 25 35 9 46 5 21 40 44 50 28 36 11 10 33 42 26 48 49 39 4 47 14 22 15 32 18 8 43 
student 235: 19 10 15 1 17 22 3 37 27 43 33 4 14 40 30 18 11 9 42 21 46 24 28 31 12 48 2 20 32 45 44 29 41 7 25 34 36 26 47 50 35 6 49 5 16 13 38 23 8 39 
student 236: 22 16 24 6 9 17 2 27 35 44 30 1 14 36 33 25 10 3 39 19 42 20 26 37 12 43 7 18 38 41 49 29 46 4 15 32 34 23 47 45 40 13 50 5 21 8 31 28 11 48 
student 237: 16 15 19 4 13 21 9 27 33 38 37 2 12 31 30 17 7 1 41 23 46 20 25 34 18 44 5 14 36 50 42 28 45 8 22 35 39 32 47 48 40 3 49 11 24 10 29 26 6 43 
student 238: 22 19 20 6 13 24 5 30 31 41 37 2 12 32 28 25 3 1 39 23 43 18 15 33 14 47 8 17 35 40 42 29 48 11 16 36 44 26 49 50 38 4 45 7 21 10 34 27 9 46 
student 239: 27 13 15 6 18 22 2 32 26 43 38 1 4 33 29 28 8 5 41 23 37 19 25 34 12 46 3 17 40 44 48 24 36 9 16 35 42 20 49 50 39 7 47 11 21 14 30 31 10 45 
student 240: 28 13 21 1 14 18 6 24 33 42 34 3 15 29 35 19 5 11 36 25 45 17 26 37 8 43 4 16 38 48 47 32 41 9 20 30 40 23 50 49 39 2 44 7 22 10 27 31 12 46 
student 241: 27 19 18 4 16 23 3 30 31 42 44 1 14 36 33 20 9 2 40 22 46 13 24 32 8 48 11 17 38 43 39 26 41 12 15 37 34 25 47 50 35 5 49 6 21 10 28 29 7 45 
student 242: 26 14 17 2 15 19 5 28 29 46 37 1 12 32 30 21 10 8 45 22 43 18 25 39 13 48 3 23 44 47 42 31 36 6 16 34 35 24 50 49 38 11 40 4 20 7 33 27 9 41 
student 243: 16 14 15 1 8 22 4 31 26 48 34 2 19 32 30 18 6 3 35 23 44 11 33 36 5 47 12 21 37 39 42 24 43 17 20 38 40 27 45 49 41 7 50 10 25 13 28 29 9 46 
student 244: 22 14 20 3 19 26 6 28 31 37 35 1 13 36 27 24 8 2 41 25 48 18 23 30 10 44 5 16 40 39 43 33 42 11 15 34 38 17 49 50 47 4 45 7 21 9 32 29 12 46 
student 245: 24 15 19 6 14 27 1 31 29 35 38 3 11 30 26 21 8 4 36 25 43 18 22 34 13 48 9 16 39 41 47 33 44 7 17 32 45 28 46 50 40 2 49 5 20 12 37 23 10 42 
student 246: 20 21 18 1 13 25 3 24 34 40 32 4 17 31 29 16 9 2 41 23 49 12 28 33 11 42 7 22 36 48 37 30 44 6 14 35 39 19 47 50 43 5 46 10 26 15 38 27 8 45 
student 247: 20 13 17 3 21 25 7 28 31 43 38 2 15 29 32 22 9 1 45 26 47 16 24 40 11 46 4 18 34 37 42 30 35 6 14 39 36 23 48 50 41 5 49 10 19 12 33 27 8 44 
student 248: 26 15 16 5 11 23 4 32 33 43 31 1 10 29 30 22 6 3 41 25 49 18 27 35 9 46 2 17 39 44 36 20 42 7 19 37 40 24 47 50 38 12 45 8 21 14 34 28 13 48 
student 249: 21 11 16 4 13 26 3 28 23 35 38 2 14 36 34 25 5 1 45 30 46 12 22 37 10 48 7 9 44 43 39 29 40 8 19 31 33 24 49 50 41 6 47 15 20 18 32 27 17 42 
student 250: 22 19 20 3 14 24 4 28 38 40 35 2 6 32 33 25 11 1 39 21 45 17 26 31 10 46 7 16 34 43 47 30 41 9 15 36 49 23 42 48 37 5 50 8 18 12 27 29 13 44 
student 251: 19 20 16 7 17 23 3 27 33 40 37 2 14 32 31 21 1 6 44 28 46 22 26 29 9 49 4 15 34 48 42 30 43 5 18 35 41 24 47 45 38 10 50 11 8 13 36 25 12 39 
student 252: 24 13 16 4 14 26 3 27 31 48 33 1 10 38 32 17 18 5 40 19 47 23 25 37 2 46 7 20 35 36 43 28 44 8 12 30 41 22 50 49 39 6 42 11 21 15 34 29 9 45 
student 253: 26 10 18 2 16 29 1 32 31 45 36 9 14 30 39 19 7 4 40 28 43 17 22 34 15 50 3 20 42 44 41 23 37 11 8 33 38 21 48 47 35 6 49 12 24 13 27 25 5 46 
student 254: 20 16 22 9 15 19 2 37 31 43 39 3 11 32 24 26 6 1 40 14 46 21 23 36 12 48 8 17 30 35 44 33 42 7 18 38 34 27 49 50 41 4 47 10 25 13 29 28 5 45 
student 255: 21 17 13 16 19 25 4 30 37 41 39 1 14 32 24 18 10 2 36 22 45 20 26 34 9 49 3 12 33 42 48 28 38 5 15 35 43 29 44 50 40 6 46 7 23 8 31 27 11 47 
student 256: 20 9 21 4 12 22 3 30 32 43 38 1 15 25 36 23 11 2 40 26 46 16 24 37 10 47 6 13 34 44 50 28 39 7 14 33 35 29 48 45 41 8 49 17 19 18 31 27 5 42 
student 257: 19 21 17 4 14 36 3 25 32 46 29 1 16 35 26 20 6 2 39 22 48 13 27 33 15 44 5 11 34 42 45 28 41 7 24 38 30 23 50 47 40 10 49 9 18 12 37 31 8 43 
student 258: 18 20 25 11 9 19 6 24 36 37 47 2 13 34 31 21 7 3 39 27 44 14 23 32 5 45 4 22 41 40 48 29 38 8 17 35 33 26 50 46 43 1 49 15 16 10 30 28 12 42 
student 259: 25 18 24 4 11 23 1 20 29 41 36 2 14 34 27 26 9 3 40 31 50 21 16 32 13 47 5 15 37 43 48 30 39 7 22 33 42 17 49 44 38 8 46 10 19 6 35 28 12 45 
student 260: 19 15 18 7 10 23 3 24 29 43 39 1 11 37 28 25 2 5 41 26 46 17 32 34 14 47 8 16 40 44 48 33 42 6 21 31 38 22 45 49 36 4 50 9 20 13 30 27 12 35 
student 261: 22 16 21 7 1 23 3 25 28 39 34 6 14 31 36 20 9 4 40 24 41 18 29 35 11 48 2 17 44 43 50 30 42 15 19 32 37 26 47 49 38 5 45 8 13 12 27 33 10 46 
student 262: 20 16 18 6 17 11 3 30 26 40 33 1 15 31 32 23 10 2 42 21 44 4 29 36 13 45 5 25 39 43 46 22 41 7 24 38 37 28 49 48 34 8 50 9 19 14 35 27 12 47 
student 263: 26 12 21 2 8 18 1 25 33 43 34 6 14 22 27 19 5 4 37 28 47 20 29 31 9 46 11 15 39 41 45 32 42 13 17 35 36 23 49 50 40 3 48 7 24 16 38 30 10 44 
student 264: 21 15 20 5 9 19 2 24 34 45 32 6 13 35 30 23 12 4 40 25 42 16 27 31 7 48 3 17 36 47 44 29 39 8 22 38 33 26 50 46 41 1 49 10 18 11 28 37 14 43 
student 265: 24 15 14 1 12 29 5 20 34 40 38 2 17 33 23 22 3 4 42 25 48 18 30 26 10 45 7 16 36 49 43 35 37 9 19 32 39 28 44 47 41 6 50 8 21 11 31 27 13 46 
student 266: 20 15 17 9 11 22 8 27 30 40 37 1 14 28 31 25 7 2 39 35 47 6 26 29 10 48 13 19 38 41 44 33 42 4 18 34 36 24 50 46 43 5 49 12 21 16 32 23 3 45 
student 267: 20 13 18 3 10 25 1 24 32 42 34 7 14 33 28 23 5 4 39 30 44 22 26 37 8 50 2 16 40 41 45 31 46 9 15 38 35 21 48 49 36 6 47 12 19 17 29 27 11 43 
student 268: 19 14 20 10 16 22 2 26 33 43 37 1 13 34 23 27 4 5 42 24 46 18 28 32 11 47 3 15 35 39 41 30 44 6 17 36 38 25 50 48 40 12 49 7 21 9 31 29 8 45 
student 269: 24 14 18 3 13 20 2 23 28 41 36 1 11 32 31 26 8 5 39 25 44 15 29 35 12 43 10 22 34 46 45 21 42 6 17 33 40 27 47 49 37 4 48 7 19 16 38 30 9 50 
student 270: 22 13 23 2 15 26 4 32 31 37 40 3 12 30 28 21 9 1 39 29 44 17 25 38 14 46 8 16 36 47 48 27 41 6 18 33 35 24 49 50 42 5 45 10 20 7 34 19 11 43 
student 271: 19 21 14 5 6 25 2 31 28 50 39 1 12 35 34 22 8 3 38 23 47 17 20 32 10 48 7 16 37 36 40 26 45 9 24 29 43 27 42 49 41 15 46 4 18 11 30 33 13 44 
student 272: 23 17 16 5 13 21 3 27 31 44 35 2 12 32 29 20 8 1 38 26 45 22 24 37 10 46 6 18 36 42 47 30 39 7 19 34 40 25 50 49 41 4 48 11 14 15 33 28 9 43 
student 273: 30 16 21 7 14 20 2 26 34 43 32 3 13 33 31 24 9 1 40 23 49 15 28 42 11 50 8 17 38 45 48 27 39 4 19 36 37 18 44 47 35 5 41 6 22 12 29 25 10 46 
student 274: 21 14 18 3 12 34 4 32 29 39 43 1 15 27 28 22 10 2 40 20 45 16 26 38 11 50 6 19 35 41 46 25 37 7 17 31 42 23 49 48 36 5 47 13 24 9 33 30 8 44 
student 275: 21 10 18 7 15 22 5 30 33 46 38 1 11 31 19 23 2 4 41 24 42 16 26 34 12 47 3 17 37 49 44 29 40 9 20 35 39 27 50 48 36 6 45 8 28 13 32 25 14 43 
student 276: 20 16 17 7 15 22 9 25 29 42 38 2 10 32 36 21 3 1 41 27 49 23 28 33 14 44 8 5 35 47 43 30 37 11 18 31 40 26 50 48 39 4 46 6 19 13 34 24 12 45 
student 277: 26 15 18 13 14 23 2 29 24 39 34 1 12 33 32 22 6 3 40 27 50 7 19 35 9 44 4 17 38 49 43 28 41 5 20 37 42 25 47 46 36 8 48 11 21 10 31 30 16 45 
student 278: 21 13 19 3 16 24 1 28 31 42 39 2 15 35 29 23 9 5 40 22 46 14 26 38 10 44 8 18 32 43 48 27 37 7 20 34 41 25 47 50 36 6 49 12 17 11 33 30 4 45 
student 279: 20 19 26 3 14 22 4 28 27 39 31 1 12 35 30 21 7 5 50 24 46 11 25 40 16 47 2 17 36 43 45 32 37 9 15 33 41 23 49 48 38 6 42 10 18 8 34 29 13 44 
student 280: 24 14 20 3 19 22 7 27 29 39 41 6 15 43 30 21 9 1 35 23 42 16 18 44 8 45 4 10 34 40 47 31 36 2 17 33 38 25 48 50 37 5 49 11 32 12 28 26 13 46 
student 281: 23 19 14 3 15 28 1 25 31 42 34 4 12 32 27 24 16 2 41 22 43 18 33 38 11 46 5 17 39 45 44 26 40 8 13 36 37 21 48 50 35 9 47 7 20 10 30 29 6 49 
student 282: 22 20 19 2 15 24 3 27 30 39 37 1 11 38 28 18 6 4 42 23 47 14 26 34 17 46 7 13 31 45 43 32 40 9 16 35 36 25 49 48 41 5 50 10 21 8 29 33 12 44 
student 283: 26 16 13 5 12 25 4 24 31 44 30 2 15 33 32 21 3 7 39 22 45 19 20 41 14 47 1 17 35 42 49 29 38 6 23 28 37 27 48 43 40 8 50 9 18 11 34 36 10 46 
student 284: 19 16 24 4 13 25 2 34 31 41 38 1 8 32 26 23 5 11 39 20 46 17 30 37 12 48 15 18 22 43 45 35 42 7 14 36 40 28 50 47 33 9 49 3 21 6 29 27 10 44 
student 285: 21 22 18 5 12 28 1 26 30 45 38 2 16 31 33 19 4 3 46 23 50 15 29 32 14 49 10 13 39 47 44 27 42 9 20 35 37 25 48 40 36 8 41 11 17 7 34 24 6 43 
student 286: 25 13 17 3 19 20 1 27 35 46 37 10 11 32 34 22 4 2 40 21 47 18 28 33 8 45 5 16 38 42 41 29 43 15 14 36 39 26 49 50 31 7 48 6 24 9 30 23 12 44 
student 287: 20 11 22 2 18 23 7 24 34 42 39 6 9 32 27 21 4 1 40 26 43 16 29 35 12 49 5 17 30 44 46 31 41 10 19 37 38 25 33 48 47 3 50 14 15 13 36 28 8 45 
student 288: 19 14 21 4 16 26 3 35 31 41 34 1 12 30 29 20 13 5 40 24 45 23 27 37 17 44 7 11 36 42 49 25 43 10 15 38 32 22 48 50 39 2 47 6 18 8 33 28 9 46 
student 289: 21 16 22 10 13 25 3 23 28 42 34 1 19 31 29 17 12 2 41 30 49 14 18 32 9 46 4 15 38 48 45 35 39 6 20 33 40 27 47 43 36 5 50 7 24 8 37 26 11 44 
student 290: 20 13 19 15 14 23 1 26 31 41 37 2 18 36 28 22 6 8 40 24 47 16 27 32 5 49 7 12 38 46 45 29 35 9 17 34 42 25 43 50 39 3 48 4 21 10 30 33 11 44 
student 291: 20 15 23 2 14 22 4 31 32 40 37 1 13 34 28 24 7 3 36 26 47 16 29 27 10 49 8 17 38 42 45 25 39 9 19 35 44 21 48 50 41 5 43 6 18 12 33 30 11 46 
student 292: 23 14 22 3 15 28 7 25 34 40 32 2 12 31 30 20 4 8 42 27 48 18 21 35 13 46 1 16 38 36 44 24 41 5 17 37 39 19 45 49 47 9 50 6 33 11 29 26 10 43 
student 293: 21 17 16 8 13 25 2 23 32 40 39 1 14 31 30 24 5 3 41 29 47 19 27 36 10 48 7 18 37 42 46 22 34 12 15 28 38 35 50 44 49 4 45 9 20 11 26 33 6 43 
student 294: 20 10 12 4 18 23 5 26 34 40 32 1 15 31 30 24 7 3 41 19 46 16 33 36 14 47 11 17 35 44 48 28 42 13 25 39 38 22 50 49 37 2 45 8 21 9 29 27 6 43 
student 295: 21 14 18 6 13 24 3 28 34 49 36 1 11 30 23 22 7 2 39 26 48 16 25 33 10 46 4 17 40 42 43 29 37 5 20 38 41 31 47 50 35 9 44 8 19 15 32 27 12 45 
student 296: 18 17 19 10 15 23 2 31 24 47 43 1 12 29 38 22 6 4 40 27 45 20 25 41 7 49 5 14 39 44 48 33 35 8 21 37 36 32 46 42 26 3 50 13 16 9 28 30 11 34 
student 297: 20 12 17 7 16 21 5 31 35 45 33 1 14 29 30 22 3 2 42 23 37 18 25 36 9 49 4 15 38 47 43 28 44 6 19 39 41 27 48 50 34 8 46 11 24 13 32 26 10 40 
student 298: 25 19 17 7 14 27 3 26 32 41 34 1 12 33 29 18 10 4 38 20 44 15 30 40 11 47 6 28 39 43 45 23 37 8 24 46 36 21 50 48 35 2 49 5 16 13 31 22 9 42 
student 299: 22 16 17 1 7 19 3 28 34 42 33 2 20 37 32 23 11 5 40 27 44 18 26 35 4 48 8 14 36 47 46 30 39 12 15 29 38 25 50 43 41 9 49 6 21 10 31 24 13 45 
student 300: 16 18 19 4 15 23 5 28 33 43 30 3 12 38 32 22 10 1 41 25 46 17 29 31 11 47 7 13 37 42 44 26 39 2 20 35 36 27 48 50 40 6 49 9 21 14 34 24 8 45 
student 301: 30 14 17 2 15 22 4 31 37 40 38 1 13 41 25 21 10 5 39 27 49 18 23 32 9 48 3 20 43 36 42 28 33 6 16 35 34 24 47 50 46 12 45 8 19 11 26 29 7 44 
student 302: 21 14 19 3 11 24 7 35 32 39 36 2 16 31 27 23 5 1 38 29 43 18 28 33 13 49 4 17 40 44 42 25 37 6 20 34 46 22 47 50 41 9 45 8 15 12 30 26 10 48 
student 303: 21 11 20 5 18 22 7 29 32 42 34 4 6 36 31 25 3 2 40 28 46 15 23 37 10 49 8 14 38 45 48 24 39 9 19 41 35 26 44 47 43 1 50 16 13 17 27 33 12 30 
student 304: 22 14 15 3 13 18 6 33 28 43 39 1 12 35 27 24 10 2 37 23 48 19 31 34 9 46 8 20 36 44 49 32 38 7 25 30 40 26 45 50 41 5 47 4 17 11 29 21 16 42 
student 305: 19 14 21 6 12 23 1 29 27 40 34 2 15 35 32 22 9 4 36 24 45 18 26 41 11 48 5 16 30 43 46 31 44 8 20 28 39 25 50 47 38 3 49 7 17 13 33 37 10 42 
student 306: 18 15 17 4 16 21 3 30 27 44 36 1 10 35 38 25 6 2 50 22 47 19 24 33 13 46 5 20 34 40 43 29 49 9 14 32 39 26 42 45 37 7 48 8 23 11 31 28 12 41 
student 307: 15 17 19 4 12 22 1 33 24 39 34 2 11 28 31 20 3 5 44 26 45 16 43 35 10 47 6 14 36 46 40 27 41 8 18 32 38 23 48 50 37 7 42 9 25 21 30 29 13 49 
student 308: 21 14 18 4 8 22 3 29 25 42 39 6 5 32 23 24 10 1 43 31 47 20 30 36 13 45 7 16 34 40 46 27 37 2 17 35 41 26 50 49 38 9 48 12 19 11 33 28 15 44 
student 309: 20 19 21 1 16 22 2 29 31 40 41 3 13 32 27 17 8 4 42 26 48 11 23 34 14 47 5 18 44 45 46 30 36 6 15 35 37 25 49 50 38 7 39 9 24 10 33 28 12 43 
student 310: 19 17 22 3 14 26 4 23 31 42 33 2 13 35 28 20 6 8 41 21 46 16 27 34 9 49 5 15 38 45 44 30 47 11 18 37 36 25 43 48 39 1 50 7 24 12 32 29 10 40 
student 311: 21 17 20 4 13 22 6 28 30 37 38 1 14 35 31 24 2 3 43 25 45 16 29 33 8 49 5 15 41 42 44 18 47 7 19 40 39 26 48 50 34 10 46 11 23 9 32 27 12 36 
student 312: 23 15 20 6 13 24 3 29 28 45 34 1 8 39 30 22 7 4 40 19 47 14 27 33 10 48 11 18 36 44 41 31 38 2 17 37 42 26 49 50 35 9 46 16 21 12 32 25 5 43 
student 313: 20 10 23 14 17 19 4 30 33 42 35 1 13 34 26 22 15 2 41 27 43 16 29 28 12 47 5 11 32 44 46 24 39 7 21 40 38 25 48 49 36 3 50 8 18 9 37 31 6 45 
student 314: 17 11 20 5 13 21 2 30 29 41 35 1 16 32 31 26 3 8 42 23 49 22 24 37 10 50 4 14 38 44 43 25 40 9 19 34 39 27 46 48 36 12 47 6 18 7 33 28 15 45 
student 315: 26 16 19 6 13 21 1 32 36 38 34 5 10 30 29 25 12 4 43 22 46 17 28 35 2 49 7 14 37 45 41 27 44 8 18 33 39 24 47 48 42 3 50 15 23 11 31 20 9 40 
student 316: 23 20 14 5 11 29 6 27 32 40 37 2 13 30 28 22 19 1 42 24 45 17 26 33 12 48 10 16 35 36 46 31 43 9 21 39 41 25 49 50 34 3 47 4 18 8 38 15 7 44 
student 317: 22 16 20 2 14 21 5 26 33 41 37 1 13 36 29 18 9 3 43 24 47 19 23 31 11 49 4 15 34 42 45 27 39 8 12 35 40 30 48 50 38 6 44 7 25 17 32 28 10 46 
student 318: 20 12 23 2 6 15 3 30 31 42 39 1 19 32 29 18 5 4 38 25 45 16 24 34 14 48 10 21 36 43 44 33 41 8 17 35 40 26 49 50 37 7 47 11 22 13 28 27 9 46 
student 319: 22 16 20 5 11 26 7 28 32 40 35 4 14 34 24 23 3 6 43 18 47 15 27 36 10 48 2 17 37 42 44 31 39 9 19 30 41 25 50 45 38 1 49 8 21 13 33 29 12 46 
student 320: 15 21 22 10 9 24 6 28 32 45 39 1 13 29 34 19 5 2 43 26 47 23 30 35 8 48 7 20 37 42 44 27 40 11 17 33 36 25 50 49 38 3 46 4 16 14 31 18 12 41 
student 321: 22 17 21 6 11 26 1 15 29 41 34 2 13 27 39 23 7 3 42 25 47 18 24 31 8 45 9 12 43 37 46 30 36 4 14 33 40 28 48 49 38 5 50 16 20 10 35 32 19 44 
student 322: 16 11 18 13 17 35 3 24 32 42 37 2 12 34 30 21 4 5 41 23 45 19 22 31 9 48 10 15 47 44 43 27 39 14 20 36 46 25 49 38 28 1 50 6 26 8 33 29 7 40 
student 323: 16 18 20 2 15 23 3 32 28 37 39 8 12 26 31 24 10 1 42 25 49 14 27 29 9 46 6 17 38 44 45 33 34 5 22 36 41 30 47 48 40 4 50 7 21 13 35 19 11 43 
student 324: 21 19 20 6 18 22 3 26 27 44 36 2 13 31 39 16 5 1 46 28 49 15 29 32 9 43 4 14 34 42 47 37 38 8 17 33 40 23 48 50 41 7 45 10 25 11 30 24 12 35 
student 325: 23 11 19 3 15 27 7 22 33 43 36 1 16 35 31 25 10 2 41 26 48 12 29 28 13 45 9 17 32 44 39 37 40 6 21 30 38 24 49 50 42 4 47 5 20 14 34 18 8 46 
student 326: 22 8 20 9 15 32 1 34 21 42 37 4 5 30 26 23 6 2 41 25 49 19 28 36 12 50 3 17 38 46 43 24 40 10 16 29 45 27 44 48 31 13 47 7 14 18 35 33 11 39 
student 327: 18 15 17 2 14 26 3 23 35 42 38 1 12 31 30 21 6 4 41 22 45 16 28 36 9 47 5 25 34 44 48 29 39 10 19 33 37 20 43 50 40 8 46 11 24 7 32 27 13 49 
student 328: 21 14 20 2 17 25 3 24 38 44 41 1 11 29 33 27 4 5 40 23 46 15 31 30 16 47 6 13 34 45 42 32 36 7 18 37 39 22 50 49 35 8 43 10 19 9 26 28 12 48 
student 329: 19 16 20 6 13 23 1 24 33 44 38 5 17 30 31 28 7 3 39 21 48 15 25 32 12 45 2 18 34 40 42 27 43 10 14 37 36 29 50 49 35 4 47 8 22 11 46 26 9 41 
student 330: 23 17 18 6 16 24 4 21 31 40 34 1 10 35 29 22 8 2 37 25 47 19 27 43 5 48 12 14 32 45 41 33 42 7 20 38 36 28 49 44 39 3 50 9 15 11 30 26 13 46 
student 331: 21 16 19 2 15 24 8 34 31 42 35 1 13 32 25 22 10 3 41 23 50 17 30 38 12 46 6 9 33 45 47 27 36 5 18 37 43 28 48 49 40 4 39 7 20 14 29 26 11 44 
student 332: 7 21 25 2 15 22 3 26 28 43 41 4 16 33 29 20 8 1 42 24 49 18 27 34 14 46 5 19 38 44 39 31 36 11 13 35 40 23 47 50 37 6 48 10 17 9 32 30 12 45 
student 333: 18 16 14 9 8 22 1 28 35 40 32 2 15 27 33 20 7 6 43 30 46 11 25 31 13 49 4 17 37 48 41 29 38 19 21 34 42 24 44 50 39 3 47 10 23 12 36 26 5 45 
student 334: 22 13 14 4 16 24 1 28 31 44 36 2 15 33 30 18 7 3 42 25 50 19 20 35 9 45 6 17 34 41 43 29 39 11 21 37 38 27 49 47 40 5 48 12 23 10 32 26 8 46 
student 335: 24 14 15 3 13 22 7 25 31 44 37 1 8 34 28 17 6 2 43 29 45 18 27 33 12 47 9 19 38 46 49 30 40 10 21 36 42 26 48 41 35 4 50 5 20 16 32 23 11 39 
student 336: 19 15 21 2 13 22 8 27 34 42 38 4 20 32 28 23 3 5 41 26 44 17 29 36 9 47 6 12 37 45 43 33 40 10 18 35 25 30 49 50 39 1 48 7 16 11 31 24 14 46 
student 337: 22 15 19 8 11 20 6 28 30 42 41 3 14 33 29 24 10 2 40 21 46 18 27 34 13 47 1 12 37 44 43 25 38 4 16 31 39 26 48 50 35 9 45 17 23 7 36 32 5 49 
student 338: 24 12 27 6 18 22 3 33 31 44 35 4 11 28 29 17 1 2 48 21 38 14 20 34 13 47 10 15 42 36 45 25 43 5 23 37 40 26 50 46 39 7 49 8 19 16 30 32 9 41 
student 339: 23 20 18 2 19 24 4 17 32 44 42 1 15 34 35 22 11 8 47 26 43 21 25 36 9 41 6 16 39 38 45 29 37 5 14 40 33 27 49 50 31 3 48 7 13 10 30 28 12 46 
student 340: 18 20 26 6 13 22 5 24 32 38 35 2 7 34 25 19 9 1 47 14 44 21 29 42 10 48 4 15 36 40 43 39 27 16 17 33 37 30 49 50 41 3 46 12 23 8 31 28 11 45 
student 341: 21 14 20 1 12 25 7 29 32 45 34 6 17 35 30 23 5 3 50 24 40 15 22 31 13 42 4 19 37 44 47 28 36 9 18 33 38 16 48 49 39 2 46 8 27 11 41 26 10 43 
student 342: 21 14 19 10 16 18 1 29 28 38 31 2 12 33 30 24 9 3 35 22 46 17 25 37 8 48 4 23 34 47 39 36 42 7 15 40 44 27 49 50 41 6 43 5 20 13 32 26 11 45 
student 343: 25 14 22 4 17 16 3 35 34 44 38 1 12 33 27 21 8 2 36 23 40 20 24 31 6 49 7 15 39 43 46 30 42 10 18 32 41 26 50 47 37 5 48 13 19 9 29 28 11 45 
student 344: 21 15 20 5 14 22 8 32 37 41 35 2 10 29 31 24 11 3 40 26 49 19 25 39 13 47 6 17 34 46 42 27 44 4 16 30 38 23 50 48 36 1 45 7 18 12 33 28 9 43 
student 345: 24 13 20 3 17 22 1 32 33 43 36 2 12 35 31 25 5 7 45 21 44 18 30 38 16 47 6 14 37 41 42 29 28 10 15 34 40 23 50 49 39 4 48 8 19 11 27 26 9 46 
student 346: 29 21 14 3 17 32 4 33 31 40 30 2 12 27 36 24 1 6 47 26 44 23 19 37 11 45 5 18 38 46 41 20 42 10 16 35 39 22 49 50 34 9 48 7 25 13 28 15 8 43 
student 347: 18 14 21 5 12 20 2 24 32 45 31 1 15 37 25 28 13 3 40 23 48 19 29 34 7 43 6 16 35 42 44 30 41 8 17 36 38 26 50 47 39 4 49 9 22 11 33 27 10 46 
student 348: 22 14 20 7 15 23 3 27 31 45 37 4 16 33 28 24 6 1 41 21 46 10 25 35 12 48 9 17 42 47 44 29 40 5 19 36 38 26 50 49 34 2 43 8 18 13 32 30 11 39 
student 349: 22 15 19 3 11 20 4 25 36 41 37 1 7 28 29 26 14 8 39 23 48 16 24 40 9 47 6 18 42 43 44 30 35 12 17 34 38 27 50 49 33 2 45 5 21 10 32 31 13 46 
student 350: 22 24 16 1 12 27 6 26 31 47 37 3 13 33 30 20 9 5 45 25 43 14 23 35 8 46 2 15 36 41 42 21 39 11 19 34 38 28 48 49 40 4 50 10 18 17 32 29 7 44 
student 351: 24 14 17 3 13 29 15 26 32 35 39 2 11 40 30 21 4 6 41 22 49 20 23 34 16 47 1 10 36 43 46 31 38 8 19 28 42 25 48 50 37 7 45 5 18 9 33 27 12 44 
student 352: 24 17 12 4 16 30 2 34 25 45 36 3 10 29 26 20 8 6 38 22 50 19 23 35 11 46 7 13 42 40 39 31 37 1 18 33 43 21 48 49 41 5 47 9 27 15 28 32 14 44 
student 353: 26 6 19 8 15 21 3 30 32 45 36 1 17 35 29 20 10 4 38 22 42 16 25 34 13 44 9 14 43 47 49 27 40 2 18 37 39 24 46 50 33 7 48 11 23 12 31 28 5 41 
student 354: 16 14 18 4 13 19 3 25 31 41 33 2 11 32 30 22 6 10 37 26 44 15 23 36 20 46 1 9 38 43 45 29 42 7 21 34 35 28 48 50 39 5 49 8 24 12 40 27 17 47 
student 355: 20 14 22 3 15 25 4 24 36 45 35 1 9 30 26 19 11 2 47 23 46 17 32 34 13 41 8 16 37 40 44 21 38 7 18 33 39 27 49 48 42 6 50 12 28 10 29 31 5 43 
student 356: 23 9 17 5 19 16 7 29 31 44 37 4 11 45 34 22 6 1 39 24 50 21 28 33 12 41 3 14 42 36 47 26 40 8 20 32 35 25 43 49 38 2 48 13 18 15 30 27 10 46 
student 357: 18 15 20 5 11 19 10 30 29 47 34 4 13 32 31 24 6 1 40 23 46 17 25 43 14 50 3 16 35 44 45 28 41 9 22 36 38 26 48 49 39 2 37 12 21 8 33 27 7 42 
student 358: 22 12 18 4 15 23 5 26 32 46 37 2 13 33 31 20 3 1 39 25 48 16 27 35 10 45 7 14 38 44 43 30 41 8 17 28 42 24 50 47 36 6 49 9 19 21 34 29 11 40 
student 359: 20 7 19 5 14 22 3 36 26 45 37 11 18 32 28 23 2 9 42 29 49 16 25 34 10 47 1 21 38 41 43 30 33 12 15 35 40 24 48 50 39 4 46 8 17 6 31 27 13 44 
student 360: 19 10 22 4 8 18 5 29 30 41 36 3 16 33 32 26 2 1 42 23 47 13 25 37 12 49 6 21 35 45 43 28 40 14 15 34 39 24 46 48 38 9 50 7 20 17 31 27 11 44 
student 361: 8 23 15 5 18 21 9 27 31 43 30 4 16 38 29 20 6 2 40 25 47 17 24 34 10 48 1 14 41 45 42 35 44 7 19 36 37 26 50 46 33 3 49 13 28 12 32 22 11 39 
student 362: 15 13 21 5 11 18 3 30 27 43 39 2 19 35 29 25 4 9 38 22 45 14 28 32 12 46 10 16 33 37 50 23 41 6 17 44 36 26 48 49 42 1 47 20 24 8 34 31 7 40 
student 363: 20 18 22 4 16 21 3 27 39 44 40 1 8 30 33 23 9 2 42 24 47 19 35 29 13 45 7 12 31 43 46 25 36 6 15 34 38 28 50 48 37 5 49 10 17 11 32 26 14 41 
student 364: 24 14 20 6 16 26 5 27 32 47 37 4 11 34 28 21 3 8 43 30 45 19 23 35 7 40 2 12 29 44 46 38 42 9 17 39 31 18 48 49 36 1 50 13 22 15 33 25 10 41 
student 365: 27 15 24 1 12 18 3 28 31 45 32 4 10 33 30 21 8 2 42 25 46 16 23 41 11 49 6 17 35 39 44 29 43 9 20 34 36 22 48 50 37 7 47 5 19 14 38 26 13 40 
student 366: 21 15 20 5 18 23 4 28 30 44 41 1 17 34 24 25 9 2 42 22 45 12 27 32 7 48 8 11 35 47 43 31 39 3 14 37 36 26 50 49 38 6 46 10 19 13 33 29 16 40 
student 367: 21 14 19 5 15 25 2 29 31 40 39 1 13 34 30 22 12 3 42 26 47 16 28 37 10 46 9 17 32 45 44 24 41 4 18 38 36 23 49 50 33 7 48 8 20 6 35 27 11 43 
student 368: 21 13 19 3 15 25 9 26 27 41 37 1 11 35 29 22 12 2 42 31 44 16 24 33 14 48 6 18 40 43 45 32 39 7 20 34 38 23 50 49 36 4 47 5 17 10 30 28 8 46 
student 369: 21 17 18 2 15 22 5 30 32 41 35 1 12 33 31 27 7 4 44 24 49 14 26 36 3 42 6 19 37 46 48 25 40 11 16 34 39 23 45 50 38 9 47 10 20 8 28 29 13 43 
student 370: 16 18 19 1 13 23 3 28 30 46 33 2 14 34 29 20 4 7 45 24 48 22 26 31 8 38 6 15 37 42 44 35 40 10 17 32 41 25 50 49 39 5 47 9 21 12 36 27 11 43 
student 371: 22 14 28 1 13 18 4 25 27 42 34 3 7 33 31 15 10 2 41 30 47 23 20 32 11 48 8 17 38 43 46 21 39 9 19 36 40 24 44 49 37 6 50 12 26 5 35 29 16 45 
student 372: 24 15 22 2 13 28 12 26 25 42 35 7 10 27 31 20 3 1 36 17 48 19 29 32 8 44 5 18 40 43 47 34 41 9 16 33 37 30 50 49 39 4 46 11 21 14 38 23 6 45 
student 373: 25 5 16 8 18 19 2 20 31 40 35 1 23 32 29 26 12 4 44 22 45 15 30 38 11 46 9 17 36 42 48 27 41 6 13 33 37 21 50 49 39 7 47 3 24 14 34 28 10 43 
student 374: 24 13 16 2 8 17 1 41 33 40 37 3 14 27 32 22 12 4 43 21 46 15 26 31 7 47 6 23 39 42 48 28 36 9 20 34 44 25 45 49 35 5 50 10 19 11 30 29 18 38 
student 375: 21 16 19 5 11 17 8 31 39 46 36 4 14 30 28 23 7 2 41 26 45 20 25 34 6 43 3 18 40 42 44 24 37 9 13 38 35 32 47 48 33 1 50 15 22 10 27 29 12 49 
student 376: 21 13 20 3 17 23 6 25 33 49 34 4 12 36 29 24 5 1 41 16 42 18 26 30 14 48 8 15 47 44 45 19 38 7 22 37 31 32 40 50 39 2 46 9 28 10 35 27 11 43 
student 377: 20 14 30 2 13 19 6 25 33 40 31 1 8 32 24 27 17 4 43 26 49 15 28 34 10 47 3 23 39 41 46 29 44 7 21 36 38 22 48 50 37 5 42 9 18 11 35 16 12 45 
student 378: 19 18 22 4 17 23 1 29 32 40 35 2 14 33 27 25 16 3 43 26 48 13 30 34 11 47 6 15 36 41 45 31 39 9 21 37 46 28 50 49 38 5 42 8 10 12 24 20 7 44 
student 379: 22 15 14 2 17 25 3 30 31 41 34 4 13 33 29 20 7 1 44 21 47 18 28 27 12 46 8 16 39 42 45 38 36 10 23 37 35 24 49 50 40 5 48 6 19 9 32 26 11 43 
student 380: 25 14 22 1 13 21 4 35 29 44 36 2 9 31 27 20 15 3 43 24 48 19 33 38 12 47 10 16 34 39 46 26 42 11 17 32 41 28 40 45 37 6 50 8 18 7 30 23 5 49 
student 381: 22 15 20 4 7 23 3 25 30 44 41 1 14 34 29 26 8 2 42 21 46 11 27 24 13 49 5 16 38 45 48 31 36 9 18 35 39 32 47 50 40 10 43 6 19 17 33 28 12 37 
student 382: 30 11 16 3 13 18 5 27 31 42 37 4 10 32 25 21 1 2 38 20 43 15 23 33 14 48 6 19 41 45 44 26 40 12 17 35 39 28 50 49 36 7 47 8 24 22 34 29 9 46 
student 383: 20 12 23 3 14 21 4 30 35 44 39 5 16 41 24 28 8 1 38 22 49 15 27 26 9 46 6 17 36 37 47 29 43 7 18 32 34 25 48 50 40 2 42 10 19 11 33 31 13 45 
student 384: 24 12 26 3 16 27 1 29 28 45 33 2 15 40 30 18 5 8 43 23 39 17 25 32 13 46 11 14 41 42 49 35 34 6 19 37 38 22 48 47 36 4 50 7 20 10 31 21 9 44 
student 385: 27 15 13 10 17 22 4 29 33 41 32 3 16 36 31 19 8 1 40 23 45 12 30 24 11 49 7 20 37 42 44 26 39 6 18 35 38 28 48 50 47 2 46 5 21 14 34 25 9 43 
student 386: 23 13 22 3 12 19 4 28 34 50 38 1 15 35 31 30 2 6 45 27 48 17 26 32 10 43 5 18 37 46 47 29 41 9 16 33 40 20 49 42 36 7 44 8 21 14 25 24 11 39 
student 387: 27 12 16 6 13 23 3 21 36 40 37 5 14 32 28 24 8 4 43 26 45 17 25 31 15 39 2 20 38 42 46 34 47 7 19 33 35 18 50 48 41 1 44 10 22 9 29 30 11 49 
student 388: 11 14 20 3 19 23 6 31 32 45 35 1 16 30 34 18 12 2 43 27 49 25 22 36 8 44 13 10 37 42 46 33 39 7 17 29 41 26 47 50 38 4 48 5 21 9 28 24 15 40 
student 389: 18 14 17 3 20 22 2 31 30 42 29 7 10 36 32 24 12 1 37 25 46 21 23 33 5 48 8 13 38 43 45 28 39 6 16 34 41 26 49 50 40 4 47 15 19 11 35 27 9 44 
student 390: 20 9 19 1 13 23 6 33 30 37 36 3 8 31 26 22 4 5 39 24 43 18 25 32 17 48 15 14 35 50 40 29 45 12 16 38 42 27 49 47 41 2 46 10 21 11 34 28 7 44 
student 391: 21 15 25 2 11 18 7 30 31 44 38 3 14 33 29 22 8 1 40 24 48 19 32 34 13 49 9 16 39 43 42 27 37 5 17 35 41 23 46 50 36 4 47 6 20 10 28 26 12 45 
student 392: 24 17 19 3 15 25 4 31 28 39 38 9 14 32 44 21 12 1 45 20 46 16 30 23 6 42 5 18 40 37 43 33 41 10 13 29 36 26 50 49 35 8 48 7 22 11 34 27 2 47 
student 393: 22 20 21 3 18 26 6 29 28 40 35 5 14 34 31 16 1 2 43 23 46 17 25 39 13 47 7 9 37 49 41 30 36 8 19 33 38 24 48 50 42 4 45 10 15 11 32 27 12 44 
student 394: 21 15 19 1 9 23 3 25 34 41 33 2 12 32 30 24 10 5 43 22 48 17 26 35 7 47 6 16 39 38 44 29 45 11 18 31 40 28 50 46 37 8 49 4 20 13 36 27 14 42 
student 395: 25 18 13 1 16 20 2 30 32 43 41 3 10 33 27 22 7 6 40 19 49 12 26 35 14 48 4 11 38 47 44 28 46 9 21 36 34 29 50 45 37 5 42 15 23 17 31 24 8 39 
student 396: 22 19 15 4 14 21 3 28 34 50 36 5 12 42 30 20 11 8 33 25 44 16 26 31 17 46 6 13 38 40 47 29 43 1 18 32 39 23 49 45 37 7 48 9 24 2 35 27 10 41 
student 397: 26 18 24 5 21 14 3 28 32 41 33 6 12 35 31 22 1 2 43 20 47 11 27 38 8 42 7 10 36 45 44 23 39 16 15 34 40 25 48 49 37 4 50 9 19 13 29 30 17 46 
student 398: 17 16 18 3 21 22 2 32 29 44 30 8 12 35 26 23 9 1 40 20 48 19 27 36 11 50 6 7 37 41 42 31 39 4 14 34 47 25 49 45 38 5 46 10 24 13 33 28 15 43 
student 399: 17 20 22 3 16 26 4 25 30 45 41 2 7 29 33 23 10 1 38 21 49 14 28 36 6 47 8 12 39 48 46 32 37 11 19 34 44 18 42 50 31 5 43 13 24 9 35 27 15 40 
student 400: 23 18 9 4 15 22 3 28 31 42 33 5 12 30 29 19 7 1 41 21 46 13 25 32 16 50 2 20 37 44 45 34 43 6 17 35 36 24 48 49 40 11 47 10 26 8 38 27 14 39 
student 401: 21 15 18 6 14 25 3 27 37 43 40 2 12 30 35 19 5 4 44 26 33 17 29 28 9 45 11 16 38 49 34 31 42 7 22 32 39 23 47 48 41 1 46 10 24 13 20 36 8 50 
student 402: 19 12 22 5 10 25 4 28 30 40 38 3 14 31 26 23 6 1 41 27 39 16 24 32 8 46 9 13 35 45 49 17 37 11 20 36 44 29 50 43 42 7 48 15 18 21 34 33 2 47 
student 403: 20 17 19 6 14 22 5 23 30 40 36 1 8 33 26 21 2 4 41 32 48 16 27 35 11 44 9 18 31 45 47 34 39 12 15 38 37 24 50 49 43 3 46 7 25 10 29 28 13 42 
student 404: 18 15 17 1 13 22 5 29 31 44 39 2 9 34 27 23 3 4 43 28 47 14 26 32 12 45 7 19 37 48 40 25 41 8 21 35 46 24 42 50 36 10 49 6 20 11 33 30 16 38 
student 405: 30 16 20 7 14 19 1 24 32 41 37 3 12 33 31 21 6 5 46 23 47 18 25 29 11 48 4 17 36 42 44 34 38 8 13 35 40 26 49 50 39 2 45 9 22 15 27 28 10 43 
student 406: 24 17 15 7 14 21 4 32 29 42 38 1 12 37 28 30 11 2 35 19 47 16 22 25 9 48 3 23 39 44 46 27 41 6 26 34 36 31 43 50 40 5 49 10 18 13 33 20 8 45 
student 407: 20 14 18 1 15 24 3 27 32 39 40 2 16 34 30 22 4 5 42 26 45 9 28 31 13 48 10 21 41 43 46 29 37 7 17 33 35 25 50 47 38 6 44 11 19 12 36 23 8 49 
student 408: 21 13 18 3 15 22 6 24 32 39 33 1 14 34 30 26 9 2 42 25 45 16 31 38 10 46 8 17 40 43 44 28 41 5 19 35 36 20 49 50 37 4 47 12 23 11 29 27 7 48 
student 409: 26 17 16 6 15 27 3 30 28 44 29 1 13 36 31 24 8 2 42 21 46 19 18 38 10 48 5 14 34 45 43 32 37 7 20 33 41 22 47 49 39 4 50 9 23 12 35 25 11 40 
student 410: 24 15 17 5 14 31 3 25 35 42 36 1 19 33 32 22 8 2 38 21 50 20 23 34 12 41 6 13 44 43 47 30 40 9 16 37 39 26 48 49 29 7 45 4 18 11 28 27 10 46 
student 411: 21 15 18 4 13 22 2 30 28 42 32 3 14 37 33 24 12 1 45 23 48 19 25 41 8 46 7 16 40 44 38 31 36 6 17 39 35 27 49 50 34 5 47 9 20 11 29 26 10 43 
student 412: 26 13 18 2 19 22 7 28 32 44 35 3 8 30 23 21 9 1 48 20 46 15 27 29 16 49 6 14 37 42 38 31 36 5 17 34 41 24 50 47 40 4 43 10 25 11 33 39 12 45 
student 413: 22 17 15 3 13 27 4 23 37 44 39 1 5 33 31 20 11 2 42 25 43 12 26 32 14 50 9 18 24 40 48 34 38 8 21 41 35 28 46 47 29 6 45 7 19 16 36 30 10 49 
student 414: 21 16 17 2 13 24 8 32 30 41 38 1 11 35 25 23 3 5 42 22 48 18 28 31 14 46 4 15 36 40 43 29 39 7 20 33 45 27 47 49 37 9 50 6 19 12 34 26 10 44 
student 415: 26 10 21 1 17 19 3 28 32 44 35 7 15 29 31 16 5 6 43 22 46 13 25 30 8 47 4 20 41 40 45 33 42 9 14 36 37 23 49 50 38 2 48 18 24 12 34 27 11 39 
student 416: 23 16 20 8 14 15 6 34 31 44 30 1 11 38 29 25 9 2 50 22 45 17 27 35 5 46 4 18 39 32 49 24 40 3 19 36 33 26 48 47 43 7 42 13 21 12 37 28 10 41 
student 417: 21 17 20 5 14 22 3 27 30 40 32 2 13 36 29 23 6 1 38 25 49 15 26 39 11 41 4 18 43 45 42 24 44 12 19 34 37 28 50 46 31 8 48 10 16 9 33 35 7 47 
student 418: 17 13 23 1 9 24 3 29 28 41 39 5 10 37 32 25 7 18 44 21 49 14 26 31 15 45 2 16 38 36 48 34 30 4 19 35 42 27 46 50 40 6 47 8 20 11 33 22 12 43 
student 419: 14 18 17 3 22 20 2 28 31 42 38 4 16 30 34 23 11 1 45 33 48 13 25 36 9 44 7 10 37 49 43 27 46 5 19 35 32 26 47 40 41 6 39 15 21 12 29 24 8 50 
student 420: 25 15 7 4 14 23 3 26 38 42 39 2 13 30 27 22 5 1 34 17 46 21 28 35 10 47 9 18 37 43 48 29 41 12 19 33 36 24 45 49 40 6 50 11 20 16 32 31 8 44 
student 421: 26 7 18 15 23 19 1 25 32 44 38 2 12 33 34 22 5 4 47 24 43 10 27 36 11 41 8 16 35 40 45 31 46 14 21 37 39 20 50 49 30 3 48 6 17 13 28 29 9 42 
student 422: 21 13 18 4 14 24 3 29 34 41 38 2 12 25 33 22 7 1 37 27 47 20 28 30 11 49 5 17 39 43 42 31 40 8 15 35 36 23 46 50 44 9 48 6 19 16 32 26 10 45 
student 423: 25 10 15 7 13 20 2 27 32 41 37 4 14 34 31 24 5 1 40 26 45 17 23 35 11 47 19 16 42 43 46 30 38 8 18 36 39 21 48 50 29 3 49 6 22 12 33 28 9 44 
student 424: 19 23 20 9 15 24 1 28 35 41 36 3 13 33 32 21 7 4 37 18 49 12 29 39 11 50 5 14 34 46 45 31 42 2 16 25 40 26 44 43 38 6 47 8 22 17 30 27 10 48 
student 425: 23 15 17 4 12 18 2 26 31 47 33 19 14 30 28 22 10 3 42 27 43 21 24 37 11 46 5 9 44 41 40 34 39 6 16 35 36 29 50 49 32 1 48 8 20 13 38 25 7 45 
student 426: 19 7 23 5 14 21 2 30 36 42 34 1 9 26 31 25 8 3 43 22 48 16 28 29 11 46 6 20 35 39 45 38 44 10 18 32 40 24 49 50 37 4 47 13 17 12 33 27 15 41 
student 427: 24 13 18 7 22 23 3 37 26 41 35 1 15 33 29 19 4 2 43 25 46 20 28 30 12 49 5 10 38 42 45 31 40 8 14 39 36 27 48 50 34 9 47 11 17 16 32 21 6 44 
student 428: 7 6 17 5 20 31 3 28 32 45 27 1 14 30 33 21 11 2 41 22 48 19 18 37 15 47 10 16 34 42 43 29 44 12 23 38 36 25 49 50 40 9 46 13 24 4 35 26 8 39 
student 429: 25 16 15 8 17 22 2 31 29 41 28 1 12 38 30 23 10 3 37 24 47 20 27 35 11 44 7 19 34 43 50 33 42 4 21 36 40 26 48 49 39 6 46 5 14 13 32 18 9 45 
student 430: 22 15 16 4 11 26 2 29 28 42 34 1 9 44 31 23 10 3 39 21 37 20 25 33 12 43 5 17 36 46 48 27 40 6 18 35 38 24 47 50 41 7 45 14 19 13 32 30 8 49 
student 431: 26 18 22 4 14 24 5 27 36 42 37 1 13 33 23 21 6 2 39 20 49 16 25 34 8 44 7 15 40 47 41 31 38 12 17 30 43 29 48 50 35 11 45 9 19 3 32 28 10 46 
student 432: 22 14 18 5 12 24 3 33 32 40 35 6 17 29 30 21 4 2 42 23 50 16 26 34 10 48 7 15 44 39 45 27 36 9 19 43 38 25 46 47 37 1 49 8 20 13 31 28 11 41 
student 433: 17 9 13 3 18 28 4 30 31 45 35 6 21 34 32 20 7 1 41 23 49 15 26 29 12 46 5 22 37 42 47 25 36 11 16 33 38 24 44 50 40 2 48 8 19 14 27 39 10 43 
student 434: 21 17 15 3 13 23 8 30 29 42 32 2 19 33 25 22 7 4 36 24 45 18 35 37 12 50 5 9 41 43 40 26 46 6 16 39 34 27 48 49 38 1 47 10 20 14 31 28 11 44 
student 435: 20 17 16 4 14 23 2 29 30 43 31 3 13 32 34 24 6 1 40 21 45 15 26 38 11 46 7 22 44 39 48 28 37 10 18 35 36 25 50 49 41 5 47 9 19 12 33 27 8 42 
student 436: 26 7 16 3 15 22 6 24 38 49 35 2 13 36 25 20 4 1 34 23 46 18 31 30 14 41 12 17 40 39 44 33 45 5 19 32 43 29 50 47 37 10 48 8 21 9 27 28 11 42 
student 437: 25 16 12 2 15 21 6 32 30 41 39 3 14 31 28 20 4 1 38 26 46 19 27 33 13 47 5 18 40 37 45 29 35 8 17 36 43 24 50 49 42 7 48 9 22 11 34 23 10 44 
student 438: 16 14 20 4 13 19 12 25 28 43 36 1 10 34 33 31 5 2 38 29 45 18 27 35 9 47 3 17 37 46 44 30 41 6 21 32 40 22 48 49 39 8 50 15 24 11 26 23 7 42 
student 439: 18 17 15 11 16 22 10 29 31 41 39 4 8 36 30 20 1 2 49 27 45 19 23 32 9 44 3 24 34 43 46 28 38 7 13 37 40 25 50 47 35 14 48 5 21 12 33 26 6 42 
student 440: 21 13 15 7 20 25 4 27 29 47 36 1 6 37 34 24 8 3 44 28 43 18 31 32 12 48 2 16 39 45 42 26 40 10 17 35 30 22 49 50 41 5 46 11 19 14 33 23 9 38 
student 441: 20 8 23 4 12 27 3 30 28 43 39 1 16 31 24 21 6 5 42 33 46 15 22 35 9 44 10 19 34 45 47 26 40 11 17 38 37 29 49 50 36 2 48 13 18 14 32 25 7 41 
student 442: 21 12 19 1 6 23 4 29 32 39 36 5 14 30 31 20 8 2 41 28 45 16 26 37 9 47 7 15 34 42 50 27 38 11 22 43 40 24 48 46 35 3 49 10 18 13 33 25 17 44 
student 443: 19 14 21 6 9 23 1 32 24 42 38 3 8 34 22 27 2 4 40 26 45 17 29 35 12 41 10 16 46 49 36 25 39 5 20 33 48 31 50 43 37 7 47 13 18 11 30 28 15 44 
student 444: 21 10 17 4 16 27 7 22 36 44 35 1 14 26 31 23 8 3 39 29 48 15 25 34 11 43 6 19 41 47 45 30 40 9 18 32 42 28 46 50 37 2 49 5 24 13 33 20 12 38 
student 445: 23 14 18 7 17 19 4 31 34 44 36 3 13 35 38 27 8 1 39 20 46 26 29 24 12 48 10 15 42 37 45 32 40 9 16 30 41 21 50 49 33 2 47 5 22 11 25 28 6 43 
student 446: 20 25 19 7 15 22 6 36 35 47 43 1 10 29 31 23 4 2 33 24 40 18 26 30 11 45 9 17 34 48 41 28 37 8 14 32 42 21 46 50 39 3 49 12 16 5 38 27 13 44 
student 447: 18 16 21 9 13 26 2 23 29 36 44 1 6 30 28 22 5 4 39 24 42 11 31 37 15 48 12 14 35 47 45 32 43 8 19 33 34 25 46 50 38 3 49 17 20 10 40 27 7 41 
student 448: 20 12 16 4 7 24 13 29 28 41 32 1 14 31 27 21 18 3 37 25 48 23 22 36 9 49 5 15 38 42 43 34 45 8 17 35 39 30 44 47 40 6 50 10 19 11 33 26 2 46 
student 449: 19 13 20 5 17 27 1 30 33 41 34 3 12 31 35 14 4 2 43 28 44 21 24 32 10 48 6 16 40 47 45 29 36 8 22 38 39 23 50 49 37 7 46 9 18 15 26 25 11 42 
student 450: 21 14 18 3 15 24 4 27 22 40 31 1 12 36 30 23 8 2 43 29 46 20 28 35 17 48 7 13 37 42 44 26 41 6 16 33 39 25 50 49 38 5 45 11 19 10 32 34 9 47 
student 451: 23 11 22 4 17 24 3 27 31 49 38 2 9 33 30 20 12 1 41 29 43 19 36 34 14 45 6 16 37 44 47 26 42 7 21 32 39 25 50 46 35 8 48 5 15 13 28 18 10 40 
student 452: 21 17 19 1 13 22 3 31 28 41 37 8 20 33 23 24 9 2 40 29 46 15 30 38 12 49 4 18 34 42 44 27 43 11 14 35 39 25 50 48 36 6 47 7 16 10 32 26 5 45 
student 453: 19 16 23 6 10 26 1 21 30 42 35 4 18 37 31 25 7 2 38 22 45 15 27 32 11 48 8 14 33 39 47 29 44 12 17 40 41 24 50 46 36 5 49 3 20 9 34 28 13 43 
student 454: 26 14 15 1 16 30 7 19 32 43 34 4 12 28 33 22 2 6 42 23 47 20 25 37 11 50 10 17 36 40 41 31 39 3 18 38 46 24 49 48 35 8 44 13 21 9 29 27 5 45 
student 455: 20 18 19 3 16 23 2 28 31 40 36 1 14 39 33 22 8 4 45 24 47 17 27 35 12 48 5 13 37 41 42 30 34 7 15 29 44 25 49 50 38 6 43 11 21 10 32 26 9 46 
student 456: 27 15 20 6 13 24 4 30 21 40 50 1 14 36 28 18 9 3 41 25 43 17 29 33 7 45 2 16 38 46 42 32 39 12 19 35 34 26 48 49 37 11 47 5 22 8 31 23 10 44 
student 457: 20 11 17 1 19 27 5 29 33 45 37 4 14 35 32 26 7 2 40 22 47 23 21 25 15 49 6 10 36 41 44 30 42 8 16 28 39 24 50 48 38 3 46 9 18 12 34 31 13 43 
student 458: 21 13 18 6 9 22 3 26 30 43 31 1 12 32 36 20 10 4 38 25 44 19 27 33 8 47 2 16 42 39 45 29 41 15 14 40 37 24 49 50 34 7 48 5 23 11 35 28 17 46 
student 459: 25 16 24 4 20 22 6 28 32 37 36 2 14 31 30 19 8 1 40 26 47 17 27 43 9 49 5 10 38 48 42 29 39 7 15 33 41 21 45 50 35 3 44 12 18 13 34 23 11 46 
student 460: 23 12 17 5 16 24 6 21 33 42 39 1 15 38 30 18 9 4 40 25 47 14 27 31 8 44 10 13 34 43 46 35 41 2 19 29 37 26 45 49 36 7 48 11 20 3 32 28 22 50 
student 461: 17 12 23 10 13 22 1 30 33 40 37 7 11 36 27 20 8 6 47 26 43 19 25 32 14 45 3 16 31 46 50 29 41 4 15 34 39 24 44 49 38 2 48 5 21 18 35 28 9 42 
student 462: 10 26 19 11 14 21 7 29 28 41 35 2 15 30 32 24 3 1 43 23 42 17 20 34 9 48 8 16 40 39 46 33 38 12 18 31 45 25 50 44 37 4 49 13 22 6 36 27 5 47 
student 463: 11 14 17 8 16 23 4 31 40 42 37 5 15 30 29 25 12 1 41 27 43 18 24 33 6 44 2 20 36 47 48 32 39 9 26 35 38 21 49 46 34 3 50 7 19 10 28 22 13 45 
student 464: 21 16 19 2 14 24 8 27 31 40 33 1 13 35 37 17 7 4 43 30 48 18 23 29 11 38 10 9 44 45 47 28 34 5 22 39 41 25 49 46 36 3 42 15 20 6 32 26 12 50 
student 465: 21 9 19 2 17 24 8 33 32 41 43 1 12 31 27 22 5 3 39 26 44 16 28 37 10 46 6 15 36 42 47 30 40 13 18 35 23 29 50 48 38 4 49 11 20 14 34 25 7 45 
student 466: 20 19 23 8 13 25 2 31 24 43 35 1 11 33 30 26 6 3 37 22 46 16 29 34 7 47 5 15 40 45 44 32 41 12 18 36 38 21 49 48 39 10 50 4 17 14 28 27 9 42 
student 467: 21 19 18 6 15 23 3 29 35 43 37 2 10 32 30 25 7 1 40 24 46 16 22 34 14 47 4 11 44 45 39 27 42 9 17 33 38 26 49 50 36 5 48 8 20 13 31 28 12 41 
student 468: 23 9 15 6 17 24 5 28 30 39 36 1 10 37 31 20 2 7 34 22 42 19 26 38 4 45 11 18 43 44 50 29 41 8 16 40 35 25 48 49 33 3 47 12 21 13 32 27 14 46 
student 469: 26 19 11 4 3 20 10 25 39 40 42 1 13 33 30 24 5 2 37 23 48 22 27 31 16 43 6 9 34 45 49 29 36 12 15 38 41 21 44 50 35 8 46 14 17 18 28 32 7 47 
student 470: 20 15 17 3 13 24 5 32 31 42 39 1 10 38 18 22 9 2 41 27 44 16 26 30 14 47 4 19 36 45 43 29 37 12 23 35 40 25 48 49 33 6 50 11 21 7 34 28 8 46 
student 471: 25 14 21 4 13 20 1 30 32 42 29 3 10 33 31 23 9 2 39 19 48 16 27 38 5 41 6 15 34 49 45 35 40 17 18 26 37 24 47 50 43 8 46 7 22 12 36 28 11 44 
student 472: 25 11 24 5 13 19 2 22 28 40 35 1 16 34 33 23 6 4 42 20 44 15 29 32 12 50 3 21 39 46 41 30 43 9 18 36 37 26 47 49 38 7 48 10 14 17 31 27 8 45 
student 473: 19 17 20 6 14 22 1 29 34 36 26 2 9 24 31 23 11 5 41 28 44 21 27 37 12 46 4 15 39 49 47 32 43 7 16 33 38 25 50 45 35 3 48 8 18 10 40 30 13 42 
student 474: 18 20 16 8 17 19 1 32 30 46 33 2 11 37 34 27 7 3 45 23 43 21 28 40 13 44 6 15 38 41 47 26 35 10 9 36 39 29 49 48 31 5 50 12 22 4 25 24 14 42 
student 475: 20 12 18 3 11 23 4 25 24 42 39 2 14 33 29 28 5 1 41 26 47 19 22 30 16 48 7 17 32 45 44 31 37 8 15 36 40 27 43 49 34 6 50 13 21 10 35 38 9 46 
student 476: 21 15 17 2 9 26 4 23 33 38 37 1 8 31 29 24 6 3 40 20 48 18 28 32 16 45 5 19 36 43 41 27 47 10 12 34 39 25 46 50 42 7 49 11 22 14 35 30 13 44 
student 477: 19 13 18 1 17 23 6 26 30 46 38 3 8 33 27 25 10 2 44 29 43 16 24 35 12 49 4 9 34 37 41 32 40 14 20 36 39 22 50 47 45 5 48 7 21 15 31 28 11 42 
student 478: 24 13 17 3 14 22 2 20 32 45 38 1 15 30 26 18 8 6 41 28 36 21 29 35 12 44 5 16 34 46 49 23 43 10 19 37 40 27 48 47 39 4 50 7 25 11 31 33 9 42 
student 479: 23 16 27 4 15 19 1 32 25 44 41 3 11 38 30 14 8 2 40 21 50 18 24 36 12 49 7 17 35 46 45 26 39 10 22 33 34 31 37 48 42 5 47 9 20 13 29 28 6 43 
student 480: 18 19 17 13 14 24 2 39 35 45 34 4 9 25 30 23 3 1 43 22 46 21 32 27 11 48 5 15 36 41 38 31 42 6 16 28 40 29 50 49 37 7 47 8 20 12 33 26 10 44 
student 481: 22 13 20 5 12 24 7 30 34 49 36 1 16 35 33 27 10 2 38 18 46 15 26 23 14 47 11 17 40 45 39 29 37 3 21 41 44 25 50 43 32 9 48 8 19 6 31 28 4 42 
student 482: 22 15 19 3 17 27 2 28 33 44 36 1 8 34 29 21 7 4 39 24 47 12 25 30 9 48 11 16 40 43 42 32 41 13 18 35 38 31 49 50 37 5 46 10 20 14 26 23 6 45 
student 483: 20 19 23 5 15 22 2 31 30 45 37 3 12 36 29 18 8 1 40 25 44 16 24 33 11 49 4 14 38 43 41 28 35 13 17 34 42 27 50 48 39 6 46 9 21 10 32 26 7 47 
student 484: 15 6 16 3 14 25 5 23 30 37 38 1 8 35 28 21 11 4 44 26 49 20 31 34 19 45 2 17 36 40 47 33 39 7 18 32 43 27 48 50 41 10 46 9 24 12 29 22 13 42 
student 485: 27 17 19 6 13 22 4 41 31 40 30 2 14 25 26 16 5 3 44 28 48 15 24 33 12 47 7 20 35 42 46 32 36 8 18 37 39 23 49 50 38 1 43 9 21 11 34 29 10 45 
student 486: 18 14 17 7 15 22 5 28 33 44 40 2 16 31 32 23 3 1 37 29 49 19 24 34 13 47 6 12 35 50 45 25 41 9 20 36 39 27 46 48 38 4 42 8 21 10 26 30 11 43 
student 487: 20 15 13 5 14 24 2 27 31 42 36 1 11 32 33 22 8 7 38 23 47 18 25 39 3 48 6 19 37 40 41 28 43 9 21 26 46 30 45 49 35 4 50 16 17 12 34 29 10 44 
student 488: 15 17 22 11 16 19 7 30 34 44 33 2 14 32 29 8 4 1 41 20 48 21 25 31 12 42 6 18 38 35 45 26 37 3 28 39 40 23 50 49 43 9 47 10 24 13 36 27 5 46 
student 489: 21 14 18 10 16 24 4 28 31 48 34 1 11 32 26 23 6 3 44 19 42 9 25 35 12 45 2 17 38 50 43 39 37 13 27 33 36 20 46 49 41 5 47 7 22 15 30 29 8 40 
student 490: 17 11 20 4 14 23 2 29 36 43 35 1 13 33 28 21 5 3 40 25 48 22 32 30 16 49 6 18 38 42 45 27 41 8 19 34 37 26 46 50 39 7 44 10 15 9 31 24 12 47 
student 491: 17 20 15 1 13 25 2 29 33 43 39 3 11 27 31 24 9 5 42 21 48 19 22 35 12 46 10 14 38 41 45 37 36 7 23 32 34 26 50 49 40 6 47 8 16 18 28 30 4 44 
student 492: 21 12 18 6 15 23 2 26 31 48 42 1 17 33 28 24 7 4 39 19 44 20 27 35 11 49 5 14 37 34 45 36 40 9 16 38 29 25 50 46 41 3 47 10 22 13 32 30 8 43 
student 493: 22 15 18 2 14 24 5 23 27 40 39 1 13 35 33 28 6 4 42 19 43 26 29 31 12 50 7 20 36 45 41 25 34 11 16 37 44 21 49 48 38 3 47 10 17 9 32 30 8 46 
student 494: 20 17 19 9 14 23 1 29 26 41 33 4 13 31 25 22 5 2 40 27 38 12 30 32 11 48 8 18 44 43 46 24 37 6 16 36 42 28 47 50 39 3 49 15 21 10 34 35 7 45 
student 495: 21 17 18 16 14 23 5 38 32 39 36 4 13 33 29 24 2 3 37 26 42 19 22 28 9 45 1 12 43 48 40 31 44 8 15 35 34 25 49 50 41 7 47 6 20 10 27 30 11 46 
student 496: 21 17 19 6 12 26 4 25 27 44 38 1 11 32 34 18 3 5 41 22 47 15 24 31 16 39 7 10 36 42 46 29 48 8 20 37 40 30 50 49 35 2 43 13 23 9 33 28 14 45 
student 497: 27 17 18 4 14 21 1 32 34 42 36 3 12 29 28 24 6 2 43 31 35 13 25 33 11 47 8 19 45 41 46 26 38 7 20 37 40 22 50 49 39 10 48 9 16 15 30 23 5 44 
student 498: 20 2 18 3 15 23 4 27 33 43 34 1 24 35 32 21 11 8 40 30 47 14 25 31 10 50 5 16 36 45 44 29 42 7 17 37 38 26 49 48 41 6 46 12 19 13 22 28 9 39 
student 499: 20 15 19 4 14 22 1 29 31 44 40 3 9 30 32 24 2 5 42 28 43 17 26 39 12 46 8 18 37 48 45 25 38 7 16 35 36 23 49 47 34 6 50 11 21 13 33 27 10 41 
