student 0: 49 10 41 30 46 29 8 33 7 48 38 36 22 25 39 18 23 1 3 34 17 43 5 42 32 14 31 50 35 2 19 24 9 16 26 12 15 40 6 20 13 37 11 4 27 45 47 28 21 44 
student 1: 49 17 37 31 38 23 6 35 13 45 44 32 16 29 34 21 19 4 3 39 12 41 5 43 30 15 40 50 36 1 25 22 11 20 28 14 8 48 10 26 9 33 7 2 27 46 47 24 18 42 
student 2: 49 18 36 34 48 20 10 40 11 47 45 30 12 26 46 15 24 4 2 39 7 41 3 31 38 9 33 50 32 1 21 19 14 22 25 23 16 37 13 29 6 35 5 8 28 42 44 27 17 43 
student 3: 45 13 30 26 44 23 6 37 10 49 43 42 15 33 38 24 21 5 3 39 16 40 2 36 22 17 32 50 34 1 28 20 7 27 18 11 14 46 12 25 8 35 4 9 31 47 48 29 19 41 
student 4: 48 12 42 33 43 23 4 34 6 50 45 37 18 30 39 31 21 3 1 41 15 38 11 35 28 17 29 49 32 2 24 13 9 22 19 16 10 44 14 25 8 40 7 5 27 46 36 26 20 47 
student 5: 49 20 44 31 41 23 10 35 14 33 40 34 16 27 46 24 17 5 1 42 15 39 4 38 28 7 32 50 36 3 25 19 12 22 29 13 9 45 11 26 8 37 2 6 30 43 48 21 18 47 
student 6: 44 16 41 28 40 23 2 35 9 47 37 34 20 33 42 22 15 5 4 45 12 50 6 31 29 11 38 43 39 1 25 19 3 21 27 13 10 48 18 26 7 36 14 8 30 46 49 24 17 32 
student 7: 46 19 40 33 43 20 3 36 10 49 39 32 15 28 37 16 24 2 5 41 12 47 4 38 23 17 29 50 34 1 27 18 7 21 26 9 14 44 13 22 6 35 11 8 25 45 48 30 31 42 
student 8: 48 17 39 29 42 24 7 37 10 50 45 31 18 26 43 21 20 3 1 38 15 40 4 33 35 12 28 49 32 2 25 23 9 19 30 16 13 46 11 34 8 36 6 5 27 44 47 22 14 41 
student 9: 46 16 39 32 45 20 10 33 8 50 43 30 29 28 34 22 14 2 4 40 13 42 5 37 23 17 35 49 38 3 24 18 15 19 27 21 12 44 11 25 6 36 7 9 31 48 47 26 1 41 
student 10: 47 16 38 29 46 26 4 36 10 50 42 34 20 30 45 22 23 2 1 35 15 41 5 40 24 13 32 49 37 11 28 19 9 18 27 14 6 43 12 21 3 33 7 8 31 44 48 25 17 39 
student 11: 50 14 36 31 44 22 5 33 10 48 45 35 18 27 37 23 19 7 1 38 16 40 3 30 25 12 39 49 34 2 24 21 6 20 29 15 11 46 13 28 8 41 4 9 32 47 43 26 17 42 
student 12: 49 16 36 30 46 26 11 32 8 47 38 31 18 20 43 23 19 4 3 35 10 41 2 34 29 15 37 50 39 1 21 22 9 24 33 12 14 44 13 27 7 40 5 6 25 48 42 28 17 45 
student 13: 45 11 39 32 47 25 9 33 6 49 42 36 16 31 43 21 20 5 2 40 19 38 1 34 26 12 30 50 35 3 22 18 4 23 29 13 15 46 8 24 7 37 10 14 27 48 44 28 17 41 
student 14: 44 14 35 33 47 19 6 36 7 49 45 34 16 28 41 22 18 5 3 37 24 42 4 32 27 13 29 50 38 1 23 20 12 21 26 10 15 40 9 25 8 46 2 11 31 48 43 30 17 39 
student 15: 45 8 34 28 40 20 15 35 5 50 43 31 17 32 39 24 26 7 1 42 13 49 2 37 29 14 27 48 38 3 23 22 11 19 30 12 18 46 6 21 10 33 9 4 36 44 47 25 16 41 
student 16: 47 22 39 31 48 27 2 33 7 45 43 36 21 28 40 19 20 3 1 38 11 44 6 32 30 17 29 50 37 5 23 15 10 18 34 16 12 46 9 24 8 35 4 14 26 49 42 25 13 41 
student 17: 48 18 39 24 42 11 6 35 2 49 44 37 19 34 38 25 22 8 4 36 14 45 5 31 29 16 30 50 40 3 27 20 12 17 23 15 13 47 1 28 7 33 9 10 32 43 46 21 26 41 
student 18: 49 13 35 29 46 19 7 37 10 50 41 36 18 33 45 28 20 6 4 39 16 38 2 34 26 12 30 47 32 5 22 21 11 23 31 17 3 43 14 24 8 42 1 9 27 44 48 25 15 40 
student 19: 48 13 39 30 43 18 5 34 14 49 44 32 22 31 40 23 20 3 1 38 9 41 4 37 27 7 36 50 35 2 26 17 11 24 21 19 15 47 10 33 8 29 6 12 28 46 45 25 16 42 
student 20: 46 19 43 28 49 23 6 32 10 50 44 36 17 24 40 22 14 1 5 38 12 39 8 33 30 13 34 48 35 2 25 21 9 20 31 16 11 42 15 26 7 41 3 4 29 45 47 27 18 37 
student 21: 48 13 38 33 43 21 5 35 10 49 40 34 12 28 41 24 18 2 1 37 14 42 4 31 22 17 30 46 39 3 23 20 6 25 26 15 16 47 11 29 9 36 8 7 27 45 50 32 19 44 
student 22: 49 14 37 34 41 22 10 40 5 44 47 31 15 27 35 21 32 2 1 38 17 45 6 39 28 9 29 43 36 3 24 20 11 19 30 13 12 42 16 23 4 33 7 8 25 48 50 26 18 46 
student 23: 49 14 40 33 41 28 7 38 5 48 39 30 16 29 47 22 17 2 1 45 13 37 3 36 24 18 35 50 34 6 23 19 10 20 32 11 9 44 15 26 4 31 8 12 27 42 43 25 21 46 
student 24: 50 14 36 28 42 20 2 35 11 49 40 41 17 31 39 15 18 5 3 37 12 45 9 33 32 16 30 48 34 1 22 24 8 25 26 21 10 46 4 27 7 38 6 13 29 43 47 23 19 44 
student 25: 50 17 35 28 46 22 5 36 10 47 44 31 14 32 43 25 15 3 2 39 13 40 4 34 23 16 30 49 38 1 37 20 9 19 27 18 11 45 12 26 7 41 6 8 29 42 48 24 21 33 
student 26: 50 17 33 32 41 23 5 34 9 47 46 31 12 29 45 22 18 4 2 36 13 38 3 43 28 20 35 49 40 1 26 15 7 21 27 16 10 39 11 25 14 44 8 6 24 48 37 30 19 42 
student 27: 48 16 37 25 40 26 5 35 14 50 45 33 18 30 46 28 20 1 4 42 12 41 6 36 27 15 31 49 38 3 17 21 10 24 32 9 2 44 13 19 7 34 11 8 29 47 39 23 22 43 
student 28: 47 18 34 26 49 24 1 37 9 48 44 31 8 27 41 22 19 6 2 36 15 39 3 35 33 16 30 50 40 4 32 23 12 20 25 13 11 42 14 28 10 45 7 5 29 46 43 21 17 38 
student 29: 46 20 40 33 45 26 9 38 7 50 37 32 10 27 42 19 21 8 3 41 13 43 5 34 25 15 24 49 36 2 28 22 14 16 31 17 12 44 4 29 11 35 1 6 30 48 47 23 18 39 
student 30: 45 17 39 30 40 25 3 38 7 49 50 34 15 31 46 24 16 5 1 41 10 44 8 32 29 13 35 48 37 2 27 22 11 21 36 12 20 43 14 19 6 28 4 9 26 42 47 23 18 33 
student 31: 47 15 37 30 48 22 2 33 14 50 42 40 11 31 34 25 16 3 4 44 12 41 6 36 27 13 32 46 38 1 26 19 9 23 28 18 17 49 8 24 5 35 10 7 29 39 43 21 20 45 
student 32: 49 17 35 37 45 18 3 33 11 50 42 34 16 28 41 19 20 1 2 47 14 38 6 30 27 15 32 44 39 7 21 24 5 23 29 13 12 46 10 25 8 36 4 9 31 48 43 26 22 40 
student 33: 49 13 38 30 45 23 3 35 4 50 41 32 17 31 39 21 18 8 1 40 16 42 2 34 27 12 33 48 36 6 24 20 5 19 28 15 11 43 10 25 14 37 7 9 29 47 46 26 22 44 
student 34: 48 11 39 35 44 17 7 33 10 46 42 37 14 31 34 24 21 5 1 45 13 38 3 36 25 15 28 50 32 2 23 22 6 16 27 19 12 43 18 26 9 41 4 8 30 47 49 29 20 40 
student 35: 45 15 39 33 44 25 6 37 13 50 43 35 19 26 40 22 16 3 9 34 7 41 12 36 23 14 27 48 38 1 20 17 10 21 29 18 11 47 8 32 2 30 5 4 24 49 46 28 31 42 
student 36: 49 14 38 27 46 22 6 39 8 45 43 35 17 28 41 23 19 11 1 37 15 36 4 34 31 16 29 50 32 3 24 21 12 18 30 20 7 44 2 26 13 40 5 10 33 47 48 25 9 42 
student 37: 50 12 41 32 42 24 7 38 13 47 39 33 14 30 37 23 19 3 2 43 17 40 4 31 26 16 34 49 35 1 25 20 6 10 29 18 9 44 15 22 8 36 5 11 27 48 46 28 21 45 
student 38: 44 14 39 33 45 26 4 35 10 50 43 37 15 30 42 24 25 5 1 38 19 40 3 34 21 13 32 48 31 2 18 20 6 17 22 23 12 47 11 27 9 36 7 8 28 49 46 29 16 41 
student 39: 45 14 42 30 47 24 5 35 15 50 48 32 12 29 41 18 19 6 4 39 13 40 3 28 34 17 31 49 37 1 25 23 8 21 27 16 9 43 10 22 11 36 2 7 33 46 44 26 20 38 
student 40: 45 18 36 34 41 28 7 30 10 49 46 35 25 32 42 21 17 4 1 39 11 43 3 26 27 15 24 50 37 2 22 19 9 20 31 16 13 47 12 23 6 38 8 5 29 40 48 33 14 44 
student 41: 42 19 39 31 41 24 7 38 6 50 45 33 16 36 48 20 22 4 1 34 18 44 5 29 26 15 27 47 37 3 21 23 11 17 30 13 12 43 9 25 10 35 2 8 32 46 49 28 14 40 
student 42: 48 17 40 31 45 22 6 34 9 49 41 32 18 30 38 20 19 2 3 39 11 42 1 33 21 15 36 47 37 5 23 26 12 25 24 13 10 43 8 27 14 35 7 4 29 46 50 28 16 44 
student 43: 39 14 42 33 46 27 8 36 6 49 43 35 17 30 40 23 15 3 2 41 13 34 4 32 25 11 31 50 37 1 19 21 9 20 26 12 16 45 7 29 18 38 5 10 28 47 48 24 22 44 
student 44: 48 11 32 33 47 27 1 36 12 49 40 30 14 29 42 21 16 5 3 41 19 45 4 44 31 13 34 50 35 2 24 17 10 23 28 18 20 39 7 22 8 37 6 9 26 46 43 25 15 38 
student 45: 45 13 42 29 46 26 6 31 16 50 38 32 21 28 40 20 23 2 4 39 12 43 7 36 27 18 35 47 33 1 24 15 8 22 10 17 9 41 11 25 14 37 3 5 30 48 49 34 19 44 
student 46: 50 19 39 28 43 20 4 32 7 49 44 38 8 30 37 18 24 2 1 41 14 35 3 34 31 12 33 47 36 5 25 15 10 22 29 17 13 45 16 23 9 40 6 11 27 48 46 26 21 42 
student 47: 45 12 43 28 44 24 8 36 3 48 40 33 18 26 49 22 20 4 2 37 13 39 1 29 34 14 35 50 31 5 23 16 9 21 30 17 11 42 15 25 6 38 7 10 32 46 47 27 19 41 
student 48: 50 18 39 30 42 23 5 34 12 48 44 38 17 27 43 24 20 1 4 40 15 41 8 32 29 7 35 49 36 3 19 14 11 22 33 16 10 37 13 26 9 31 2 6 28 46 45 25 21 47 
student 49: 49 17 36 29 44 27 6 32 11 47 40 30 14 25 34 21 19 3 1 43 12 42 4 33 31 10 28 50 37 2 23 22 8 20 26 15 16 39 13 35 9 38 5 7 24 46 48 41 18 45 
student 50: 43 13 39 27 49 25 7 42 11 47 41 29 16 31 45 23 17 5 1 37 8 36 3 32 34 15 33 50 35 2 28 19 12 20 30 18 6 40 14 24 10 38 4 9 26 46 48 21 22 44 
student 51: 49 25 39 38 43 23 5 32 7 48 40 37 22 31 44 18 12 6 2 41 16 47 1 30 24 14 34 50 35 3 26 15 11 21 19 17 10 45 8 28 13 36 9 4 29 46 42 27 20 33 
student 52: 47 10 41 36 48 20 12 28 11 49 40 35 17 33 44 27 22 1 4 45 14 30 5 26 34 15 31 50 37 2 29 19 8 23 21 18 13 46 9 25 3 38 7 6 24 42 43 32 16 39 
student 53: 48 16 37 25 47 19 5 32 9 49 40 28 17 31 44 21 27 1 2 38 13 42 4 34 30 15 35 50 45 3 24 23 10 18 33 14 11 41 12 20 7 39 6 8 29 46 43 26 22 36 
student 54: 50 15 41 30 46 20 7 35 10 48 44 33 16 25 40 24 21 2 3 38 12 37 5 29 26 14 31 49 36 4 23 19 9 22 32 18 11 39 13 28 8 42 6 1 27 47 45 34 17 43 
student 55: 48 21 38 24 46 25 1 37 9 49 44 33 15 31 42 22 23 2 5 40 13 35 3 34 27 16 30 50 39 4 26 14 11 19 32 18 12 45 10 29 7 36 6 8 28 41 47 20 17 43 
student 56: 46 20 41 30 48 26 3 37 13 47 43 31 18 34 44 22 14 6 1 35 17 36 2 33 27 11 32 49 39 4 23 21 10 15 28 19 12 42 9 25 7 40 5 8 29 45 50 24 16 38 
student 57: 48 11 43 29 46 20 5 34 6 49 38 32 14 28 36 19 22 3 1 41 12 42 4 37 27 13 31 50 39 2 26 15 18 17 30 25 10 45 16 24 9 35 8 7 33 47 44 23 21 40 
student 58: 50 17 39 27 44 21 2 34 12 48 38 33 16 29 49 25 19 1 7 41 14 35 3 36 26 15 32 46 37 4 30 22 8 20 23 13 10 40 11 24 6 43 9 5 31 45 47 28 18 42 
student 59: 50 22 40 29 47 27 4 38 11 46 44 33 13 26 41 25 12 1 2 35 7 42 3 36 23 10 30 48 32 8 34 17 5 20 28 18 16 43 14 21 15 39 6 9 31 45 49 24 19 37 
student 60: 48 15 37 30 47 23 6 36 10 44 40 35 18 31 38 20 17 2 1 39 16 43 3 33 24 29 28 50 34 5 26 19 7 21 27 11 13 42 14 22 9 46 8 4 32 49 45 25 12 41 
student 61: 45 19 41 30 42 22 8 36 10 50 43 40 20 28 38 23 14 2 4 35 16 39 3 33 27 12 32 48 34 1 25 21 7 15 31 17 11 44 13 29 9 37 6 5 26 49 47 24 18 46 
student 62: 49 16 39 33 44 17 5 37 11 48 47 32 27 30 42 24 13 4 8 40 12 43 1 34 25 14 29 50 35 7 22 15 2 23 26 18 10 36 21 19 6 38 9 3 28 45 41 31 20 46 
student 63: 42 14 38 35 44 23 5 34 11 50 41 31 16 29 43 18 20 1 3 40 12 46 7 32 25 17 33 48 36 2 21 22 9 24 28 15 13 49 10 26 6 37 4 8 27 47 45 30 19 39 
student 64: 50 15 41 34 46 24 7 33 2 47 44 32 17 28 39 20 18 6 1 43 12 36 3 35 26 14 29 49 38 5 23 21 4 22 27 16 13 42 9 25 10 37 8 11 30 48 45 31 19 40 
student 65: 46 16 31 35 45 21 4 33 6 49 40 36 17 29 37 24 10 3 2 42 7 38 5 30 34 15 32 50 41 1 22 23 13 19 28 18 12 43 14 26 11 39 9 8 27 48 47 25 20 44 
student 66: 47 11 37 24 49 25 3 36 9 48 45 34 22 31 38 23 16 6 2 41 19 42 4 32 33 15 29 50 35 1 21 20 8 14 28 17 10 44 12 26 13 39 7 5 30 46 43 27 18 40 
student 67: 50 12 43 31 48 25 5 36 7 45 38 33 19 29 41 26 13 3 2 39 15 42 10 35 27 16 32 47 37 1 22 14 11 20 28 18 9 46 17 23 8 34 6 4 24 49 44 30 21 40 
student 68: 49 20 32 33 47 19 6 37 5 48 43 29 17 30 40 21 18 4 1 39 10 41 8 34 24 16 35 50 36 3 26 23 13 22 31 11 9 44 14 28 12 38 2 7 27 46 45 25 15 42 
student 69: 50 16 40 31 45 18 11 37 6 46 43 35 13 28 36 22 20 7 1 38 17 42 8 33 27 12 32 47 41 2 26 23 5 19 29 10 9 44 15 25 3 34 4 14 30 49 48 24 21 39 
student 70: 48 15 36 33 46 24 6 37 12 50 41 25 14 32 42 27 21 4 3 39 13 40 8 35 26 16 30 49 38 1 29 19 5 23 31 17 11 45 10 22 7 34 9 2 28 43 47 20 18 44 
student 71: 49 13 41 31 43 34 4 35 9 47 45 33 16 28 40 24 18 3 1 39 20 44 5 32 27 14 29 42 37 2 26 23 8 21 30 17 10 46 12 25 6 36 11 7 22 50 48 19 15 38 
student 72: 48 14 37 31 46 22 7 39 10 49 44 33 18 34 43 20 19 2 4 40 16 41 3 35 26 15 29 50 32 1 25 21 6 24 27 12 13 42 11 28 9 36 5 8 30 47 45 23 17 38 
student 73: 45 14 29 26 44 20 4 28 13 50 43 35 18 25 41 33 12 5 3 39 16 37 1 38 23 19 32 49 36 2 30 21 10 22 27 15 11 42 9 24 6 40 7 8 34 47 48 31 17 46 
student 74: 50 16 36 31 47 17 7 38 12 44 43 34 14 30 42 19 20 4 1 41 21 35 8 32 28 3 33 45 39 6 26 24 5 22 29 13 15 48 10 23 2 37 9 11 27 49 46 25 18 40 
student 75: 45 14 36 28 43 25 8 33 5 47 50 37 15 24 48 27 17 1 2 38 13 40 3 34 30 18 31 49 32 6 22 21 9 19 23 16 11 39 10 29 12 41 7 4 35 44 46 26 20 42 
student 76: 47 18 42 38 48 17 8 40 9 49 39 30 19 33 37 28 22 1 2 41 4 44 3 36 21 13 31 50 34 5 20 26 7 23 29 16 11 43 14 25 6 27 10 12 35 46 45 24 15 32 
student 77: 49 21 39 26 40 19 4 31 8 47 44 30 11 27 43 23 15 5 1 37 16 41 12 36 34 14 24 50 38 3 20 17 6 32 29 13 18 45 7 28 10 35 9 2 33 46 48 22 25 42 
student 78: 44 17 32 42 48 24 6 36 7 50 40 31 19 30 47 22 18 4 1 39 10 37 5 29 26 11 35 49 34 2 25 21 16 23 28 13 3 45 12 27 8 38 9 14 33 46 41 20 15 43 
student 79: 48 17 36 28 47 23 4 35 12 46 40 34 25 31 43 21 18 1 2 38 15 42 6 39 26 10 32 50 33 3 24 20 14 16 37 19 11 41 8 13 9 27 5 7 30 45 49 29 22 44 
student 80: 49 16 37 33 44 35 8 34 2 43 46 32 20 28 48 19 17 5 1 41 10 38 3 39 30 15 31 50 36 6 25 27 9 22 26 13 14 47 11 21 7 29 12 4 23 42 45 24 18 40 
student 81: 47 14 34 29 49 26 7 36 9 48 45 37 16 31 35 22 20 1 2 39 12 40 8 32 30 13 33 50 38 6 24 21 11 19 25 10 15 43 18 23 4 41 3 5 27 42 46 28 17 44 
student 82: 48 14 37 30 49 29 2 36 11 50 47 33 16 27 42 20 17 1 3 40 12 41 7 38 25 19 32 39 35 4 24 22 6 23 28 13 10 45 8 21 9 34 18 5 31 43 44 26 15 46 
student 83: 48 24 38 30 41 21 12 37 20 50 46 34 17 28 40 23 18 5 2 39 9 44 4 36 33 13 32 47 31 1 22 8 11 15 25 16 14 43 7 26 3 35 6 10 29 45 49 27 19 42 
student 84: 47 22 35 27 40 21 3 34 8 49 46 38 18 28 36 23 11 5 1 41 13 44 4 37 29 14 31 50 32 2 26 20 9 19 30 15 12 42 16 24 6 45 7 10 33 43 48 25 17 39 
student 85: 47 19 38 27 33 25 1 36 10 49 43 35 14 34 41 22 24 4 6 39 8 44 2 32 26 12 31 50 37 3 15 20 17 16 23 18 13 42 11 28 7 40 5 9 29 45 48 30 21 46 
student 86: 46 15 30 31 43 22 8 37 12 48 34 36 16 35 45 21 19 1 5 42 10 39 4 33 27 17 32 44 38 3 26 18 7 23 29 14 13 40 6 24 11 41 9 2 28 50 49 25 20 47 
student 87: 49 19 38 35 46 17 6 34 9 45 44 32 13 31 41 15 21 4 1 39 5 43 3 33 30 18 27 50 36 2 26 23 12 22 28 16 14 40 8 25 10 37 7 11 24 48 42 29 20 47 
student 88: 49 15 40 31 45 20 8 35 13 50 41 34 19 30 39 21 17 2 1 38 18 42 4 32 28 11 33 48 36 3 22 23 12 25 29 14 16 43 7 24 9 37 5 6 26 47 46 27 10 44 
student 89: 46 23 37 30 48 25 10 39 8 49 44 35 14 32 42 21 19 9 1 40 13 38 3 33 31 16 28 50 34 2 22 17 7 15 29 18 11 43 12 26 6 36 4 5 24 47 45 27 20 41 
student 90: 44 15 36 30 34 25 12 37 9 50 48 35 17 32 42 27 18 3 2 41 16 38 7 33 26 14 31 49 39 5 24 21 8 23 29 13 11 43 10 20 6 40 4 1 22 47 45 28 19 46 
student 91: 43 13 38 33 42 25 3 34 10 47 40 36 21 28 44 24 18 1 4 39 14 46 6 26 27 16 35 50 37 2 22 19 15 17 23 12 8 45 11 29 5 32 7 9 31 48 49 30 20 41 
student 92: 49 15 37 26 42 27 8 34 5 47 40 31 20 25 43 12 21 7 1 38 18 44 4 39 33 10 30 50 35 2 23 16 6 22 29 17 14 45 13 24 11 36 3 9 32 41 48 28 19 46 
student 93: 47 16 35 29 46 21 8 32 11 48 42 34 17 31 40 26 22 7 1 33 5 36 6 37 27 15 38 49 39 3 25 20 2 19 30 14 13 43 12 23 10 44 9 4 28 50 45 24 18 41 
student 94: 47 14 40 27 44 23 8 37 10 49 42 31 15 35 38 20 21 2 3 46 17 41 6 36 28 9 29 50 33 1 22 24 11 18 34 16 13 43 7 26 12 30 5 4 32 45 48 25 19 39 
student 95: 48 13 42 26 44 25 4 32 8 50 40 37 19 29 43 20 11 7 1 35 16 45 2 28 33 23 36 47 38 3 15 21 14 22 31 17 12 41 10 24 6 34 9 5 27 46 49 30 18 39 
student 96: 49 15 39 28 48 26 3 35 12 46 41 36 17 29 42 18 23 6 1 38 8 43 10 32 27 14 31 50 34 2 24 21 7 33 25 16 9 44 13 22 5 37 4 11 30 47 40 19 20 45 
student 97: 46 16 34 31 41 20 4 36 9 50 39 29 13 32 43 23 22 14 3 40 21 45 19 33 30 25 37 48 38 1 24 11 6 15 27 12 10 42 8 18 5 35 2 7 28 44 49 26 17 47 
student 98: 46 16 41 30 49 21 7 26 9 45 42 31 20 36 43 28 17 1 2 38 14 37 3 34 29 15 33 48 40 6 22 35 10 19 24 18 12 44 11 23 8 32 5 4 27 50 47 25 13 39 
student 99: 47 11 39 31 43 27 6 37 24 49 44 30 22 29 36 21 18 4 1 34 12 45 5 35 32 8 33 50 38 2 23 16 7 19 20 17 13 46 15 25 10 42 3 9 28 41 48 26 14 40 
student 100: 48 18 42 38 35 28 4 33 10 49 32 30 20 36 34 15 16 3 6 43 14 44 2 39 25 13 29 50 37 1 23 21 9 22 26 19 12 46 11 17 5 40 7 8 31 45 47 27 24 41 
student 101: 44 15 32 31 40 25 6 33 9 45 47 38 18 30 43 24 19 2 3 37 12 28 4 36 27 14 34 46 39 1 22 23 13 20 35 17 11 50 8 21 10 41 5 7 29 48 49 26 16 42 
student 102: 46 13 38 29 43 27 1 35 9 50 45 33 18 30 40 20 19 5 4 36 12 48 3 32 25 11 37 47 39 2 22 14 15 23 28 17 16 41 10 24 7 44 6 8 31 49 42 26 21 34 
student 103: 50 13 36 28 41 20 5 34 12 44 45 39 19 33 40 22 21 3 1 30 7 37 4 27 29 18 35 46 38 2 23 17 6 31 26 15 14 42 11 25 8 43 9 10 32 47 49 24 16 48 
student 104: 50 17 43 33 46 22 2 31 4 47 39 35 19 28 37 23 13 7 8 38 9 36 18 41 27 10 29 49 32 3 24 26 11 21 34 15 12 44 14 16 5 42 1 6 25 48 45 30 20 40 
student 105: 49 19 41 30 40 25 9 34 14 46 42 29 20 31 37 18 12 5 1 39 4 44 8 36 26 15 32 50 33 3 22 17 7 23 35 21 13 48 11 27 6 38 2 10 28 45 47 24 16 43 
student 106: 50 14 37 33 44 21 9 41 11 48 45 25 12 32 42 26 20 6 3 40 7 38 4 36 23 17 34 49 30 2 28 22 10 18 31 16 13 43 15 19 8 35 1 5 27 46 47 29 24 39 
student 107: 47 20 36 32 44 21 5 31 12 45 48 28 18 34 41 23 14 6 3 38 7 40 2 35 25 16 39 50 37 1 24 17 9 22 27 11 13 43 15 30 8 33 10 4 29 46 49 26 19 42 
student 108: 48 18 41 36 46 26 5 33 11 49 47 34 13 29 43 19 25 6 4 39 15 42 1 32 24 16 28 50 38 3 22 14 9 23 31 17 2 45 12 27 10 35 7 8 30 37 44 20 21 40 
student 109: 48 17 37 25 45 22 4 36 10 49 44 35 18 29 39 27 19 2 1 42 13 43 6 31 24 12 34 50 32 3 26 20 8 21 33 16 14 40 11 28 9 38 5 7 30 41 47 23 15 46 
student 110: 49 12 38 33 48 23 4 26 14 50 42 34 11 30 45 22 18 1 5 39 21 41 6 31 25 13 35 46 36 2 28 20 10 15 27 16 8 44 17 29 9 37 3 7 32 47 43 24 19 40 
student 111: 49 17 43 27 34 22 6 31 13 50 44 33 23 30 40 20 19 2 5 37 12 41 4 35 24 11 36 45 38 3 21 16 10 26 32 14 9 42 18 28 7 39 8 1 25 46 47 29 15 48 
student 112: 50 15 37 30 45 21 5 34 29 47 40 36 13 27 42 20 18 2 4 41 11 39 6 33 31 16 26 49 35 1 25 22 9 19 24 14 3 43 10 28 8 38 7 12 23 46 44 32 17 48 
student 113: 46 17 40 37 45 24 9 31 11 50 44 32 20 30 43 23 18 1 2 36 13 42 7 35 34 14 27 49 39 4 15 21 8 22 28 16 12 38 10 25 3 33 5 6 29 47 48 26 19 41 
student 114: 45 15 39 33 46 28 3 35 11 48 42 44 25 21 40 23 16 7 5 36 17 41 10 27 31 14 29 49 26 6 24 19 8 18 34 9 12 43 13 22 1 37 2 4 32 47 50 30 20 38 
student 115: 48 1 47 36 45 24 4 35 12 46 41 34 21 30 40 25 23 5 2 37 11 42 6 33 28 15 32 50 38 3 17 19 10 22 26 14 16 39 13 18 9 31 8 7 29 44 49 27 20 43 
student 116: 44 16 37 33 47 19 3 29 6 48 42 46 20 31 45 26 17 4 1 39 11 38 5 30 28 15 34 49 36 2 23 21 7 18 25 22 13 40 9 24 10 35 8 12 32 43 50 27 14 41 
student 117: 44 6 36 31 46 21 10 41 9 49 43 27 16 29 39 18 17 5 1 40 15 42 4 34 23 20 37 50 35 8 24 19 3 22 26 11 12 45 14 32 13 33 2 7 30 47 48 25 28 38 
student 118: 49 21 36 31 48 26 3 35 12 45 46 32 15 29 44 22 18 5 1 39 13 40 6 33 38 14 34 50 30 2 23 17 10 19 25 16 11 42 9 24 7 37 4 8 27 47 43 28 20 41 
student 119: 49 14 39 27 45 22 4 35 5 48 40 34 17 33 42 21 20 3 2 36 9 44 7 32 24 13 28 50 38 1 23 18 8 16 26 15 29 43 12 30 11 37 10 6 31 46 47 25 19 41 
student 120: 47 20 44 31 45 23 2 33 9 48 39 34 17 32 35 21 18 3 6 43 11 46 7 37 24 14 28 50 36 1 22 26 13 19 27 15 10 41 8 25 12 40 4 5 29 42 49 30 16 38 
student 121: 44 17 38 29 46 24 6 37 16 48 41 35 22 26 34 21 13 5 4 42 10 40 3 36 30 11 32 49 39 2 20 28 12 19 27 14 9 43 15 23 8 33 7 1 31 47 50 25 18 45 
student 122: 49 14 37 36 44 20 7 31 10 46 48 28 19 30 41 24 16 3 2 40 11 42 6 25 26 15 38 47 33 1 21 13 23 17 27 18 12 50 4 29 5 35 8 9 34 45 43 32 22 39 
student 123: 47 16 36 32 48 23 2 39 17 50 41 28 19 34 38 22 20 5 1 42 12 45 3 37 30 15 31 49 33 4 26 21 6 13 24 10 11 43 8 25 9 35 14 7 29 46 40 27 18 44 
student 124: 46 15 38 34 44 22 5 37 8 47 40 29 18 28 41 26 19 7 3 39 16 42 2 32 25 14 35 50 36 1 21 20 9 24 31 12 11 49 13 27 6 33 4 10 23 45 48 30 17 43 
student 125: 49 17 36 32 44 24 5 34 11 50 46 30 20 28 39 21 22 4 2 41 15 37 3 33 23 19 35 48 38 1 25 12 8 18 29 13 14 42 7 26 6 40 9 10 31 45 47 27 16 43 
student 126: 47 14 36 27 42 22 6 29 4 48 41 35 18 40 38 24 17 7 1 43 15 44 5 37 25 9 32 49 33 3 28 19 16 21 31 13 10 39 12 23 8 34 11 2 30 46 50 26 20 45 
student 127: 45 19 38 31 41 25 3 35 6 49 47 33 18 29 39 17 21 7 1 44 12 40 5 34 28 16 32 50 36 2 23 15 11 22 27 14 8 46 13 26 10 37 9 4 30 48 43 24 20 42 
student 128: 48 12 39 32 45 23 2 37 9 46 42 38 21 29 35 24 19 4 1 31 16 40 6 36 25 14 34 49 43 3 26 18 8 20 27 11 15 44 13 22 5 33 7 10 28 47 50 30 17 41 
student 129: 49 14 41 27 47 20 7 38 8 45 42 29 17 30 39 22 26 6 1 35 12 40 3 34 24 10 36 50 32 2 25 18 15 21 28 11 9 44 19 23 13 37 5 4 33 46 48 31 16 43 
student 130: 48 17 40 35 37 22 3 32 8 49 47 43 19 34 33 23 18 5 1 36 12 41 4 38 26 14 28 50 39 6 20 21 9 24 31 16 13 44 10 25 2 30 11 7 27 46 45 29 15 42 
student 131: 50 18 35 30 46 24 4 34 7 49 39 32 17 31 40 23 19 5 2 47 12 44 3 36 25 11 33 48 37 1 28 16 9 21 22 15 13 43 8 29 14 38 6 10 27 45 42 26 20 41 
student 132: 47 14 42 31 45 24 5 36 8 48 49 30 17 34 37 27 19 4 1 41 10 43 2 32 26 20 35 46 33 9 25 21 7 22 23 15 12 44 13 18 11 38 3 6 29 39 50 28 16 40 
student 133: 50 14 39 34 45 23 6 31 12 47 44 32 18 24 40 26 20 3 1 36 13 38 4 37 27 16 33 49 35 2 17 22 9 21 29 19 11 46 10 28 8 42 7 5 30 43 48 25 15 41 
student 134: 47 16 36 33 43 24 4 34 10 49 44 32 12 31 37 23 18 1 5 42 14 40 3 41 29 15 30 48 35 6 19 20 9 21 28 17 13 45 11 27 8 38 2 7 25 46 50 26 22 39 
student 135: 45 21 40 30 44 25 2 36 11 48 49 32 19 23 43 18 17 9 3 41 6 38 13 37 26 14 34 50 33 1 16 24 5 27 31 15 10 42 12 29 7 35 4 8 22 39 47 28 20 46 
student 136: 48 19 31 33 46 23 5 37 10 49 44 30 17 29 38 21 15 9 1 36 13 42 2 34 28 14 32 50 43 4 25 20 8 22 27 16 12 47 7 26 6 39 3 11 35 45 40 24 18 41 
student 137: 49 14 35 38 47 23 3 40 10 48 46 33 20 31 37 25 19 8 2 42 15 39 1 32 28 9 27 50 34 4 29 21 6 22 30 18 13 45 16 17 7 36 5 11 26 43 44 24 12 41 
student 138: 50 10 37 30 45 23 1 32 8 48 42 40 16 31 39 22 19 4 13 41 5 43 6 36 33 14 28 46 34 3 24 21 12 20 27 17 9 44 15 25 11 38 2 7 29 47 49 26 18 35 
student 139: 50 19 35 32 44 22 6 36 4 49 46 33 5 30 40 20 15 1 9 38 13 41 7 39 29 14 28 45 37 2 23 21 12 18 27 24 16 42 10 25 3 34 11 8 31 47 48 26 17 43 
student 140: 46 12 40 29 44 23 5 36 8 49 42 33 20 31 37 21 16 2 1 41 15 43 3 32 25 14 35 50 34 6 27 19 4 22 28 18 11 47 10 26 7 39 9 13 30 45 48 24 17 38 
student 141: 46 20 32 29 44 10 3 35 13 50 43 33 21 27 40 22 34 4 1 47 15 42 2 37 28 9 31 49 36 5 19 17 8 26 25 11 18 41 14 16 6 39 7 12 30 45 48 24 23 38 
student 142: 49 17 38 30 46 21 9 32 10 50 47 31 13 28 43 20 18 1 5 39 15 40 7 33 25 8 29 45 36 3 23 24 2 22 35 16 14 42 12 26 4 34 6 11 37 48 44 27 19 41 
student 143: 48 17 39 32 43 21 7 35 12 50 41 30 11 31 42 20 18 6 1 40 10 49 9 34 27 14 36 45 38 3 25 22 16 26 24 15 13 47 4 29 2 33 8 5 28 44 46 23 19 37 
student 144: 45 18 38 33 44 19 3 36 8 49 42 32 20 25 46 24 21 5 1 39 11 43 2 35 29 14 28 50 34 7 27 22 9 17 26 16 12 41 10 23 13 37 4 6 30 47 48 31 15 40 
student 145: 43 18 40 30 47 27 8 32 12 48 44 34 15 31 42 24 21 3 2 39 11 38 1 36 23 13 33 46 35 7 22 17 6 20 25 14 16 45 10 29 4 37 5 9 26 49 50 28 19 41 
student 146: 48 16 37 34 43 23 2 32 11 49 39 35 17 31 45 24 19 4 1 40 15 38 10 33 28 9 27 50 44 3 25 21 8 20 30 14 13 41 12 26 6 36 5 7 29 46 42 22 18 47 
student 147: 49 7 38 33 48 23 15 35 11 43 46 36 19 27 40 22 17 5 1 42 12 41 3 31 26 14 30 44 34 2 25 21 9 20 29 16 8 47 13 24 6 37 4 10 32 45 50 28 18 39 
student 148: 47 17 35 27 50 23 4 31 12 48 43 34 18 32 40 19 20 7 5 38 13 42 2 36 30 10 28 49 37 3 26 16 8 22 24 14 15 45 1 25 9 39 11 6 33 46 44 29 21 41 
student 149: 49 18 47 24 46 22 6 43 13 50 41 34 19 29 38 23 15 5 1 35 10 36 8 44 30 17 32 45 33 2 28 21 7 20 27 9 4 48 14 25 12 40 3 11 31 42 39 26 16 37 
student 150: 48 16 35 30 44 25 3 38 10 49 46 36 17 31 43 19 22 4 5 33 12 40 1 32 24 15 34 50 39 2 20 23 8 21 28 13 14 41 11 26 9 42 6 7 27 45 47 29 18 37 
student 151: 38 17 33 29 46 18 15 36 12 49 44 37 23 26 43 22 10 2 3 42 16 40 4 30 27 21 35 45 34 1 24 19 6 25 31 14 7 47 8 32 20 39 5 11 28 50 48 13 9 41 
student 152: 47 15 39 31 45 27 3 33 16 48 44 38 14 30 37 22 18 4 1 43 10 40 5 36 25 13 26 49 34 2 23 20 8 19 32 21 12 46 11 24 9 35 6 7 28 41 50 29 17 42 
student 153: 48 13 36 33 41 21 2 38 6 43 47 29 17 28 37 19 20 8 5 39 15 42 7 40 24 16 34 50 35 1 26 23 4 25 30 11 14 46 10 27 3 22 9 12 32 49 44 31 18 45 
student 154: 49 18 34 33 43 25 3 39 7 48 42 36 20 31 41 21 19 5 1 40 17 35 4 28 23 9 27 50 37 2 26 24 13 22 32 14 12 46 11 30 8 38 10 6 29 45 47 15 16 44 
student 155: 47 6 35 33 44 21 9 41 13 49 46 30 20 31 37 17 19 3 1 43 15 40 8 36 25 18 34 50 32 2 22 23 5 24 27 11 10 42 16 26 12 39 7 4 28 45 48 29 14 38 
student 156: 50 13 39 31 46 23 6 35 10 48 41 33 21 30 40 17 20 2 1 37 5 43 4 38 27 19 29 49 34 3 25 18 14 22 28 16 15 42 11 24 12 36 7 8 32 47 44 26 9 45 
student 157: 49 13 37 36 43 22 6 35 14 44 46 30 16 31 40 21 17 2 4 39 12 41 8 33 27 23 26 50 34 3 29 19 10 20 32 1 7 47 15 24 9 38 5 11 28 45 48 25 18 42 
student 158: 44 20 37 32 47 25 8 35 12 48 40 34 14 29 41 16 21 1 4 38 15 46 6 33 28 13 30 49 36 3 24 22 9 23 27 17 11 43 10 26 7 39 2 5 31 42 50 19 18 45 
student 159: 47 14 39 41 46 22 3 34 11 44 40 30 17 36 45 24 19 4 1 31 13 43 8 33 28 18 32 49 35 2 26 16 10 20 27 15 9 42 12 25 7 37 5 6 29 50 48 23 21 38 
student 160: 47 15 41 27 45 21 1 37 14 50 38 35 22 30 44 28 16 7 2 39 13 40 6 34 23 12 31 49 36 3 24 25 11 20 33 17 9 43 5 26 10 32 4 8 29 48 42 19 18 46 
student 161: 45 15 39 31 48 24 7 37 9 49 41 40 19 29 36 18 22 5 1 35 16 42 6 30 32 11 33 50 38 2 21 20 12 23 28 10 14 44 3 26 8 34 13 4 27 46 47 25 17 43 
student 162: 49 15 33 30 45 20 1 34 16 48 46 36 9 29 35 19 18 7 2 40 13 38 6 44 31 14 32 50 26 4 25 23 5 17 27 11 22 41 10 28 8 42 3 12 37 43 47 24 21 39 
student 163: 49 22 38 30 42 20 7 37 10 50 41 33 15 34 40 23 17 2 1 44 14 43 3 28 26 9 31 48 39 4 25 19 12 18 27 21 13 36 5 16 8 35 11 6 32 45 47 29 24 46 
student 164: 49 17 39 29 45 24 5 31 6 50 47 36 11 27 37 30 18 2 4 40 14 42 7 38 26 15 34 48 33 1 32 23 9 20 25 16 12 43 13 22 3 35 8 10 28 41 46 19 21 44 
student 165: 45 14 35 31 47 20 1 32 6 48 42 33 11 29 38 23 18 4 3 37 12 39 8 34 27 22 28 49 36 7 26 24 13 16 30 15 10 41 19 25 9 43 5 2 40 50 44 21 17 46 
student 166: 48 15 44 33 45 29 4 36 6 50 42 31 18 27 40 20 17 3 1 28 12 39 8 30 22 11 35 46 37 2 21 24 9 19 26 13 10 49 16 32 14 34 7 5 38 43 47 23 25 41 
student 167: 46 17 34 32 50 20 5 37 11 45 43 30 16 31 39 25 19 3 2 36 14 42 4 35 28 9 33 48 38 1 21 24 8 22 23 15 12 44 18 26 10 40 6 7 29 49 47 27 13 41 
student 168: 47 7 37 31 45 24 5 39 14 46 41 34 19 30 40 17 20 4 1 44 21 48 2 33 26 13 29 49 36 3 18 25 9 22 28 15 12 35 11 27 10 38 8 6 32 43 50 23 16 42 
student 169: 49 23 40 34 44 24 5 35 9 48 42 33 15 27 41 16 18 4 1 38 17 43 7 32 22 13 29 50 36 3 26 20 11 28 31 14 12 45 10 30 2 37 6 8 25 46 47 21 19 39 
student 170: 45 15 38 34 42 21 4 31 8 46 44 32 24 22 40 20 16 6 5 39 11 43 2 36 28 17 30 47 35 1 26 23 13 25 19 14 10 48 9 33 7 37 12 3 29 49 50 27 18 41 
student 171: 47 14 41 33 45 20 7 38 8 46 37 31 16 29 43 19 17 5 2 35 9 40 3 32 26 15 30 48 39 1 23 22 6 25 34 18 11 49 12 24 4 42 13 10 27 50 44 28 21 36 
student 172: 48 14 49 29 43 22 6 36 10 42 40 33 21 28 41 17 20 7 1 38 16 44 4 30 26 9 32 50 35 2 25 23 5 15 31 18 8 47 11 34 12 37 3 13 27 45 46 24 19 39 
student 173: 45 17 37 24 44 26 3 36 11 46 41 30 16 35 43 27 19 5 1 39 13 40 2 34 29 15 31 48 33 4 23 20 9 21 28 14 10 42 12 32 8 38 6 7 25 49 50 22 18 47 
student 174: 48 10 36 34 45 23 6 35 12 46 39 33 21 26 42 25 18 3 1 38 17 41 4 31 29 15 32 50 40 2 24 20 5 19 22 14 11 43 13 28 7 37 8 9 30 49 47 27 16 44 
student 175: 49 13 34 30 45 24 4 38 10 47 42 33 16 28 39 21 22 3 2 37 14 40 6 32 27 15 31 50 35 1 23 19 8 18 41 12 17 44 11 25 9 36 7 5 29 48 46 26 20 43 
student 176: 43 18 40 30 45 25 9 38 10 49 47 33 14 31 44 20 16 5 2 42 12 48 3 36 28 19 34 50 41 1 21 22 8 24 37 11 15 32 13 26 7 35 4 6 29 46 39 23 17 27 
student 177: 48 17 39 35 45 29 6 37 5 49 38 26 12 25 42 21 18 4 7 44 15 41 8 36 30 14 33 47 32 3 22 24 1 23 31 20 13 43 11 16 10 34 2 9 28 46 50 27 19 40 
student 178: 47 14 38 32 43 22 2 35 9 45 41 34 18 31 42 23 21 7 3 37 11 40 6 33 27 15 26 46 36 1 24 20 10 17 30 16 13 48 4 29 8 39 12 5 28 49 50 25 19 44 
student 179: 48 17 40 36 46 20 5 37 10 50 44 33 16 29 39 19 23 3 2 38 15 41 4 27 31 13 30 47 34 1 21 25 8 24 32 12 11 45 14 22 6 35 7 9 28 43 49 26 18 42 
student 180: 50 15 37 33 45 18 2 34 8 47 43 31 16 28 40 26 19 1 4 38 13 41 6 32 30 14 35 49 36 3 23 20 5 21 24 22 12 44 11 27 10 39 9 7 25 46 48 29 17 42 
student 181: 50 13 37 32 45 27 3 35 11 46 43 31 17 28 39 18 16 1 5 42 12 44 2 34 24 14 33 49 36 8 23 19 15 22 26 20 9 41 4 25 7 38 10 6 30 48 47 29 21 40 
student 182: 48 18 39 34 42 22 6 35 12 50 44 33 17 32 40 21 7 2 1 41 13 43 4 36 20 16 27 49 38 3 30 28 10 25 26 14 9 47 15 23 5 37 11 8 31 46 45 24 19 29 
student 183: 48 20 38 29 49 23 6 37 12 50 43 31 17 35 40 22 13 1 2 41 10 42 7 34 27 15 32 46 33 5 24 21 9 18 28 19 3 44 16 25 11 36 8 4 30 45 47 26 14 39 
student 184: 48 17 33 31 47 23 3 34 13 49 45 32 19 28 41 18 14 4 1 40 11 43 6 37 29 12 36 50 38 2 24 21 10 22 30 16 15 42 9 27 7 35 5 8 26 44 46 25 20 39 
student 185: 49 17 42 34 43 18 3 32 13 48 41 37 19 31 39 15 25 5 4 40 12 38 7 30 28 14 35 47 33 1 23 20 9 22 29 16 11 46 8 24 2 36 10 6 27 45 50 26 21 44 
student 186: 45 16 37 32 38 21 5 34 12 44 46 31 19 29 40 22 17 1 2 41 13 49 4 36 26 18 33 50 35 3 24 25 9 15 27 14 11 47 7 23 6 43 8 10 30 42 48 28 20 39 
student 187: 46 15 34 33 38 21 3 36 9 44 45 29 14 27 39 23 16 4 1 43 19 40 5 32 25 13 35 50 37 2 28 24 7 22 26 18 12 42 10 20 11 48 8 6 31 49 41 30 17 47 
student 188: 45 18 46 34 41 26 9 35 19 49 44 28 14 33 43 22 16 1 3 36 12 37 4 38 24 7 32 50 30 2 17 20 5 21 29 15 13 42 11 23 6 40 10 8 31 47 39 27 25 48 
student 189: 44 17 35 30 46 24 6 34 7 49 43 32 21 31 38 19 13 2 1 42 12 40 8 41 28 16 33 48 37 3 25 14 10 22 26 18 15 45 11 20 9 36 4 5 29 47 50 27 23 39 
student 190: 46 12 29 40 43 21 3 31 10 47 42 34 18 33 41 22 16 2 1 36 13 44 5 38 27 17 32 50 37 7 26 24 4 20 30 15 14 48 11 23 9 35 6 8 28 49 45 25 19 39 
student 191: 49 11 40 28 44 23 9 39 12 48 45 33 18 32 30 24 19 6 1 41 16 34 13 35 27 15 36 50 37 5 25 22 3 21 31 17 8 42 10 20 4 43 7 2 26 47 46 29 14 38 
student 192: 45 14 34 33 47 25 1 32 13 50 43 42 17 31 39 19 15 5 2 40 22 37 6 30 24 12 35 48 41 3 18 21 11 26 28 16 9 44 10 27 8 36 4 7 29 49 46 23 20 38 
student 193: 44 13 37 47 46 34 7 38 9 45 32 31 14 24 43 26 15 4 1 41 18 35 3 27 23 21 22 50 39 2 20 25 6 17 29 16 19 36 11 28 8 40 10 5 33 49 48 30 12 42 
student 194: 45 16 34 28 48 20 6 33 9 49 40 31 19 24 38 26 21 3 1 42 14 44 2 41 23 17 35 50 36 4 27 18 8 22 37 15 13 46 11 25 10 32 7 5 29 43 47 30 12 39 
student 195: 50 17 42 32 43 24 7 31 10 48 37 38 19 30 41 22 18 2 1 46 12 40 6 33 28 15 35 49 34 5 25 23 3 21 27 13 14 47 9 26 11 36 8 4 29 45 39 16 20 44 
student 196: 49 14 37 32 47 28 3 34 4 48 43 35 21 31 36 25 16 5 1 38 15 40 6 33 20 19 29 50 39 2 26 22 10 24 27 12 9 44 13 18 11 42 7 8 23 46 45 30 17 41 
student 197: 46 16 35 29 45 19 6 37 9 49 40 33 23 31 41 24 15 1 3 48 10 36 4 32 26 18 28 50 38 2 25 20 11 22 30 14 13 44 12 21 7 39 5 8 34 43 47 27 17 42 
student 198: 49 19 39 33 46 21 10 35 12 47 41 34 16 31 37 18 17 1 7 40 11 43 3 32 26 22 27 50 36 9 24 20 13 25 23 14 8 45 6 28 2 38 4 5 29 44 48 30 15 42 
student 199: 48 20 33 23 46 22 4 38 11 49 41 24 13 27 37 21 17 2 1 40 9 42 5 35 26 18 32 47 36 6 25 19 8 29 34 14 10 44 16 28 3 39 12 7 30 50 45 31 15 43 
student 200: 46 19 41 33 50 22 10 32 6 49 40 44 14 30 43 26 17 8 1 34 13 38 5 31 27 15 35 47 36 2 21 18 12 23 28 16 11 39 9 25 3 37 4 7 29 42 48 24 20 45 
student 201: 50 13 37 35 47 24 10 32 7 46 42 31 22 27 45 23 11 3 5 41 19 44 12 33 25 14 29 49 38 1 18 17 15 21 34 9 6 43 16 30 2 39 4 8 26 36 48 28 20 40 
student 202: 50 23 39 35 46 19 4 33 13 42 45 36 14 27 43 21 18 1 2 34 6 48 3 31 24 12 40 47 28 7 25 22 9 16 30 17 10 44 15 29 5 38 8 11 32 37 49 26 20 41 
student 203: 46 16 39 35 43 21 3 28 10 45 49 29 15 33 42 22 20 1 2 37 11 41 6 36 32 12 30 47 38 4 24 17 9 18 27 14 23 40 13 26 7 34 8 5 31 50 48 25 19 44 
student 204: 45 18 39 31 37 23 5 34 10 49 47 27 15 33 38 25 20 1 2 35 12 42 3 46 28 13 30 48 36 4 22 16 8 21 26 17 14 44 11 32 6 40 7 9 29 41 50 24 19 43 
student 205: 47 16 36 26 40 17 2 33 8 50 41 34 19 31 42 25 20 6 4 43 13 39 1 35 28 15 30 49 37 3 22 24 10 18 32 14 11 48 7 23 5 38 12 9 29 44 46 27 21 45 
student 206: 47 17 44 31 48 24 2 40 8 49 41 35 19 28 43 25 20 4 11 38 3 37 5 32 30 16 29 50 36 1 21 18 12 22 27 15 10 45 7 23 6 34 9 13 33 46 39 26 14 42 
student 207: 45 17 38 32 46 34 6 31 9 43 48 30 19 28 50 22 16 3 2 41 15 40 7 35 29 11 24 47 37 1 23 25 8 20 33 13 14 42 12 27 10 36 5 4 18 44 49 26 21 39 
student 208: 42 17 36 28 39 23 5 37 4 48 49 31 22 34 38 20 18 9 2 41 10 44 6 40 26 13 29 50 33 1 25 19 8 21 32 14 15 47 12 24 3 35 7 11 30 46 45 27 16 43 
student 209: 50 17 40 29 39 12 6 34 5 43 45 32 14 21 37 23 19 2 4 41 8 44 7 35 28 20 33 48 38 1 24 25 13 22 30 15 16 47 11 26 9 36 10 3 31 46 49 27 18 42 
student 210: 48 21 39 31 45 17 12 32 11 50 43 29 9 33 40 22 8 4 2 44 16 41 14 38 27 15 30 49 34 1 23 26 3 18 28 19 13 37 10 24 7 36 6 5 35 46 47 25 20 42 
student 211: 49 14 37 33 44 26 9 34 7 48 40 30 16 32 41 23 20 6 1 36 8 39 11 29 28 15 43 46 31 2 27 19 5 22 21 13 18 47 10 25 12 35 4 3 38 50 45 24 17 42 
student 212: 50 16 36 29 45 25 5 34 11 49 44 32 19 28 40 22 23 7 6 42 10 37 1 33 31 15 30 47 39 3 21 20 14 12 24 18 13 43 2 26 9 35 4 8 38 46 48 27 17 41 
student 213: 47 16 34 30 44 27 7 39 11 49 46 36 15 32 31 22 21 2 3 43 8 42 6 37 25 18 35 50 41 4 23 20 9 19 29 14 13 40 10 24 12 33 5 1 28 48 45 26 17 38 
student 214: 50 20 38 31 45 24 6 33 11 49 42 32 17 29 39 18 19 4 1 40 12 41 2 36 28 15 34 48 35 3 21 22 9 23 25 13 14 43 10 27 8 37 5 7 26 47 46 30 16 44 
student 215: 43 13 44 32 41 26 7 29 11 48 46 37 16 30 36 21 15 8 4 40 19 45 1 38 28 10 33 50 42 2 24 20 9 27 25 18 12 47 14 23 6 35 3 5 31 49 39 22 17 34 
student 216: 43 23 28 30 46 16 5 32 13 48 44 36 19 31 39 25 22 1 3 41 12 40 7 38 27 9 33 50 35 2 34 18 11 24 29 15 14 47 4 26 8 37 6 10 20 49 45 21 17 42 
student 217: 44 15 36 32 46 24 6 35 12 49 45 34 18 30 40 20 27 2 4 42 16 43 7 31 25 19 33 50 37 3 21 14 9 17 26 11 10 38 13 28 8 39 1 5 29 48 47 22 23 41 
student 218: 45 19 40 34 48 23 8 31 9 50 41 28 17 27 42 21 20 2 1 38 13 44 10 35 26 16 30 49 36 3 24 15 12 22 29 18 6 47 11 25 7 39 5 4 32 46 37 33 14 43 
student 219: 42 18 38 28 46 23 5 33 21 48 45 32 13 31 41 17 15 3 4 39 12 44 14 36 29 8 34 49 37 1 22 19 16 24 26 11 9 40 10 27 2 35 6 7 30 47 50 25 20 43 
student 220: 48 17 31 33 44 11 1 35 12 49 43 37 13 29 38 24 20 6 2 34 8 41 10 30 28 18 32 50 36 4 23 19 3 22 27 16 15 42 14 25 9 40 7 5 26 46 47 39 21 45 
student 221: 48 15 41 32 44 23 4 36 12 49 47 33 18 29 40 20 21 2 1 37 13 42 3 34 28 17 26 50 30 5 25 16 11 22 24 14 9 46 10 31 7 38 6 8 35 43 45 27 19 39 
student 222: 49 20 38 30 40 24 2 36 12 48 45 37 14 26 41 19 16 3 1 39 13 42 5 33 28 15 34 50 43 4 17 21 10 22 25 11 8 46 18 31 7 35 6 9 27 44 47 23 29 32 
student 223: 48 12 39 30 50 26 3 32 11 47 45 34 16 33 42 17 19 2 1 29 15 44 5 28 24 14 41 49 37 4 25 20 8 22 27 21 13 43 10 23 9 36 7 6 35 40 46 31 18 38 
student 224: 47 18 39 21 43 16 4 33 7 49 41 29 15 32 40 22 25 5 1 37 14 38 3 34 24 8 36 50 42 2 28 19 11 26 31 13 12 45 17 23 10 35 6 9 30 46 48 27 20 44 
student 225: 47 19 37 31 48 24 7 33 8 50 44 29 9 26 42 17 21 3 1 39 14 46 4 34 32 16 38 49 35 2 27 18 13 23 28 12 15 43 11 20 10 40 6 5 30 36 45 25 22 41 
student 226: 46 13 43 28 47 22 4 41 12 48 45 33 23 32 42 19 18 1 2 36 11 35 6 34 26 10 37 49 30 3 25 21 16 27 29 17 7 44 15 24 9 39 5 8 31 38 50 20 14 40 
student 227: 46 16 37 28 38 25 7 39 6 47 45 35 17 29 43 24 22 1 2 41 14 40 5 30 26 15 33 50 32 3 23 10 4 19 34 20 12 42 13 21 9 36 11 8 27 48 49 31 18 44 
student 228: 48 17 35 32 46 26 3 36 7 44 43 29 11 28 37 21 19 2 1 40 16 45 10 34 25 13 33 50 39 4 24 20 8 22 30 18 12 38 15 23 9 41 5 6 31 49 47 27 14 42 
student 229: 45 15 48 36 43 22 5 35 10 50 47 32 18 33 42 21 16 4 1 41 17 44 2 30 27 12 31 49 34 3 25 23 19 14 28 13 11 39 8 20 7 37 6 9 29 40 46 24 26 38 
student 230: 48 15 37 33 42 25 4 36 8 50 47 34 17 30 39 19 20 3 1 40 16 41 6 38 27 13 32 49 35 2 23 21 7 24 31 10 14 44 12 26 9 29 5 11 28 45 46 22 18 43 
student 231: 48 17 39 32 50 21 4 33 11 47 43 35 15 34 44 19 16 5 1 40 14 41 3 37 29 20 36 49 27 2 25 23 7 28 24 12 10 45 9 26 8 38 18 6 30 46 31 22 13 42 
student 232: 46 21 37 32 43 24 4 30 13 49 47 34 10 26 40 14 15 7 1 35 12 45 3 36 22 16 29 48 39 2 19 31 5 23 28 17 8 42 18 27 9 33 6 11 38 50 44 25 20 41 
student 233: 47 19 39 31 41 25 4 34 10 45 42 28 18 22 36 21 24 5 2 43 14 40 3 35 29 13 32 50 44 1 9 26 7 20 30 17 15 49 12 16 8 37 6 11 33 48 46 27 23 38 
student 234: 48 17 44 31 42 22 4 40 13 49 43 28 16 29 37 21 25 7 3 38 8 36 5 34 33 10 35 47 32 2 24 23 12 18 20 11 19 46 9 30 6 41 15 1 27 45 50 26 14 39 
student 235: 50 16 39 31 40 24 6 35 10 44 41 29 15 30 37 21 19 1 5 38 14 42 4 33 20 11 34 48 36 2 22 18 9 23 28 17 12 45 13 25 8 46 3 7 32 47 49 27 26 43 
student 236: 49 12 29 36 45 24 8 35 7 43 25 34 18 32 40 22 21 4 2 38 11 44 5 37 27 15 33 48 41 3 26 19 10 20 31 16 13 42 9 30 14 39 1 6 28 50 47 23 17 46 
student 237: 49 18 44 29 42 24 6 35 10 47 43 33 16 30 38 22 14 11 1 40 7 39 3 32 23 15 31 50 41 2 25 21 9 19 28 17 12 37 13 27 8 36 5 4 34 45 48 26 20 46 
student 238: 47 21 38 29 40 25 3 28 8 50 39 32 19 33 44 22 16 5 2 34 15 45 7 31 24 13 30 49 36 1 26 23 9 18 27 14 12 48 11 41 6 37 4 10 35 43 46 20 17 42 
student 239: 46 19 42 29 48 23 3 37 7 49 39 31 17 27 40 24 21 8 2 38 13 50 1 35 33 15 30 47 32 10 26 18 5 22 25 16 12 41 11 20 9 36 4 6 34 44 43 28 14 45 
student 240: 50 16 37 29 42 27 8 25 9 49 43 35 14 31 38 22 20 3 1 34 12 39 4 33 30 13 32 48 40 2 24 21 11 23 36 15 5 46 18 26 10 45 6 7 19 47 44 28 17 41 
student 241: 46 13 38 28 45 18 11 30 9 48 40 34 17 32 41 19 16 6 1 47 26 42 5 35 25 15 31 50 36 2 20 23 3 21 27 12 14 43 10 24 8 37 4 7 33 49 44 29 22 39 
student 242: 48 17 41 31 47 30 4 40 11 50 44 36 16 34 42 25 19 2 6 35 9 37 8 39 27 13 32 49 33 1 21 20 3 22 28 14 15 43 12 23 10 26 7 5 29 46 45 24 18 38 
student 243: 49 13 34 21 42 22 4 38 6 47 40 27 19 32 43 26 16 11 3 35 15 44 1 29 30 17 36 50 39 2 33 20 10 24 31 9 12 41 14 25 8 37 5 7 23 45 48 28 18 46 
student 244: 50 16 37 27 43 24 8 39 9 49 42 32 17 33 44 23 18 5 1 28 19 36 3 38 34 12 31 48 35 2 21 20 14 22 25 15 7 46 10 26 11 40 4 6 30 47 45 29 13 41 
student 245: 46 14 40 28 49 21 7 35 9 48 42 33 12 32 44 20 23 2 3 41 18 37 4 34 26 11 30 50 38 1 22 13 8 17 29 10 6 39 19 25 15 36 5 16 31 47 43 27 24 45 
student 246: 46 15 28 32 45 26 3 37 13 47 39 33 18 29 40 25 9 4 1 44 10 42 5 36 30 16 34 49 35 2 22 21 8 19 27 14 17 43 12 23 11 41 6 7 31 48 50 24 20 38 
student 247: 50 17 39 27 48 19 2 41 12 46 40 33 18 30 35 16 14 1 4 38 13 42 6 37 28 20 32 49 34 3 24 21 9 23 31 15 11 44 5 29 10 36 7 8 26 47 43 25 22 45 
student 248: 45 14 34 35 47 25 6 36 10 50 40 33 19 31 38 23 16 3 1 43 11 39 5 30 22 15 27 48 37 2 29 17 9 20 28 18 12 42 13 32 8 44 4 7 26 46 49 24 21 41 
student 249: 45 16 38 33 46 26 6 29 13 47 43 39 19 32 40 23 17 3 1 41 11 44 7 42 25 10 36 50 34 2 30 18 8 22 31 15 12 28 9 21 14 35 4 5 27 49 48 24 20 37 
student 250: 48 25 35 33 45 24 3 34 14 49 44 30 2 32 40 19 12 9 5 38 17 41 4 37 26 20 29 50 36 1 27 15 7 18 28 22 13 43 11 21 10 39 8 6 31 46 47 23 16 42 
student 251: 50 12 38 30 45 22 3 32 10 42 44 31 26 29 41 21 18 6 4 43 15 39 2 36 25 5 33 48 37 1 23 19 11 20 35 14 13 46 16 27 8 34 9 7 28 49 40 24 17 47 
student 252: 48 17 44 34 43 27 8 41 6 46 37 31 16 36 40 15 19 7 2 33 11 35 3 32 23 13 25 50 38 5 22 24 12 20 26 21 10 45 14 28 9 39 4 1 29 47 49 30 18 42 
student 253: 42 17 36 32 46 16 10 38 11 50 44 29 20 31 40 22 14 3 2 35 18 45 1 37 26 12 34 49 33 5 25 19 7 23 28 15 8 39 13 27 9 41 6 4 30 47 48 24 21 43 
student 254: 46 7 38 32 42 24 4 31 9 48 45 36 15 30 43 25 14 12 1 40 13 41 8 37 29 16 35 50 34 3 21 22 5 23 27 18 11 33 19 26 10 39 2 6 28 47 49 20 17 44 
student 255: 48 16 46 37 49 22 5 30 11 47 40 28 17 29 35 18 25 8 1 39 23 36 6 42 32 9 38 50 33 2 26 20 3 15 34 7 13 44 4 24 12 31 10 14 21 45 41 27 19 43 
student 256: 43 13 38 31 45 20 2 37 5 50 41 34 16 30 39 28 19 7 1 42 14 40 9 35 25 15 32 46 33 3 24 29 8 12 23 17 11 44 21 27 10 36 6 4 26 48 49 22 18 47 
student 257: 44 15 34 36 38 20 5 40 7 48 46 30 19 31 41 22 16 2 4 43 14 37 1 33 23 12 32 50 39 3 21 24 11 26 27 17 13 47 8 29 9 35 6 10 28 45 49 25 18 42 
student 258: 44 10 36 34 43 25 7 38 12 49 41 29 22 31 40 15 19 3 2 37 14 46 9 32 27 8 33 47 30 4 23 20 11 21 28 17 16 45 6 26 5 39 13 1 35 48 50 24 18 42 
student 259: 47 15 37 31 48 27 2 38 9 50 42 24 19 34 46 11 21 6 1 39 14 40 5 32 23 16 36 44 35 3 28 25 8 18 29 13 12 43 10 22 4 33 7 20 30 45 49 26 17 41 
student 260: 47 13 37 30 45 23 3 34 10 46 43 40 17 31 32 24 29 2 1 42 15 44 6 35 28 14 33 50 39 7 22 20 8 19 27 16 11 49 12 21 9 36 4 5 26 41 48 25 18 38 
student 261: 48 10 37 25 43 19 8 42 16 50 45 27 14 33 41 32 24 6 2 40 15 39 4 34 29 22 28 49 35 3 20 26 9 21 31 11 13 46 12 23 7 36 1 5 18 44 47 30 17 38 
student 262: 49 19 33 32 44 29 7 37 13 47 48 40 14 28 35 25 20 3 1 41 8 36 5 34 27 12 31 50 39 2 18 22 6 23 30 11 17 43 9 21 16 38 4 10 26 45 46 24 15 42 
student 263: 50 11 39 36 48 23 3 35 9 45 47 33 15 31 44 29 21 5 13 40 12 41 2 34 28 14 32 49 24 1 18 16 8 20 30 17 22 37 10 25 7 38 4 6 27 43 46 26 19 42 
student 264: 47 20 41 31 46 24 8 36 9 49 48 35 23 27 44 11 13 1 2 33 10 39 5 34 29 17 32 45 38 4 18 21 6 25 28 16 15 43 14 22 12 42 7 3 30 50 40 26 19 37 
student 265: 40 18 39 31 44 21 7 35 10 48 42 26 14 34 46 23 20 4 2 38 8 41 3 32 24 12 33 50 36 1 22 19 9 25 29 13 15 47 17 28 6 37 11 5 30 45 49 27 16 43 
student 266: 50 15 38 30 41 24 6 40 11 48 47 26 17 34 33 21 19 4 2 32 13 46 5 39 20 16 36 49 42 1 22 23 10 27 28 14 12 37 3 31 9 35 7 8 29 44 45 25 18 43 
student 267: 46 15 29 31 44 21 9 40 4 49 47 32 24 37 34 23 20 3 1 38 12 43 5 33 26 8 30 45 35 2 19 17 18 22 28 13 11 36 7 27 14 41 10 6 39 48 50 25 16 42 
student 268: 49 16 37 31 45 33 5 34 10 39 44 32 21 30 42 18 19 3 7 41 12 38 2 35 28 13 29 50 43 1 25 23 8 24 20 15 11 46 14 22 4 36 9 6 26 47 48 27 17 40 
student 269: 48 17 37 22 43 29 6 33 1 50 41 32 15 31 40 24 20 4 2 39 12 42 5 38 30 14 35 46 36 3 25 19 9 23 26 16 13 45 10 27 8 34 7 11 28 47 49 21 18 44 
student 270: 46 18 36 37 45 20 3 33 11 49 43 35 17 27 40 25 21 1 2 42 14 44 8 26 28 12 31 50 38 5 24 23 9 19 29 15 13 39 10 22 6 34 4 7 32 48 41 30 16 47 
student 271: 46 15 38 33 45 20 6 35 11 48 44 34 16 31 39 21 19 1 2 37 17 29 4 36 32 14 30 50 40 3 25 22 10 23 27 8 13 41 12 26 9 42 5 7 28 49 47 24 18 43 
student 272: 46 17 41 25 45 19 4 28 7 48 40 36 22 27 39 21 20 5 3 37 16 42 2 38 29 13 33 50 34 1 23 15 9 26 31 14 12 44 10 30 11 35 8 6 32 43 47 24 18 49 
student 273: 47 19 39 26 46 28 7 34 11 48 44 29 18 36 40 24 15 3 2 33 14 32 4 37 23 8 31 50 38 1 25 22 16 20 30 17 12 45 9 21 6 41 5 10 35 43 49 27 13 42 
student 274: 50 17 35 32 43 25 3 34 13 45 41 29 14 33 42 20 15 1 2 40 12 39 7 30 26 21 36 48 38 4 28 18 6 22 27 16 11 46 10 23 5 37 9 8 31 49 47 24 19 44 
student 275: 50 15 39 28 47 21 5 37 10 44 34 33 16 30 43 25 20 6 3 40 12 41 2 35 29 13 32 49 38 1 22 23 11 19 24 17 8 45 14 26 7 36 9 4 31 42 48 27 18 46 
student 276: 50 12 37 34 45 22 1 32 13 46 43 33 15 29 41 19 16 3 5 40 9 44 6 36 27 18 28 49 38 4 23 21 8 24 26 14 17 42 2 25 11 35 7 10 30 48 47 31 20 39 
student 277: 43 15 37 26 46 25 5 36 11 49 40 34 19 31 38 22 16 1 2 42 13 45 7 33 24 14 35 50 44 3 23 18 4 20 27 17 10 41 12 29 9 32 6 8 28 47 48 30 21 39 
student 278: 47 15 45 31 48 25 5 34 14 44 38 27 24 32 35 20 19 2 1 36 16 43 9 37 30 17 39 50 42 6 26 10 4 22 28 13 11 46 12 23 8 33 3 7 29 41 49 21 18 40 
student 279: 50 18 38 30 45 27 9 36 12 48 42 31 16 28 33 23 14 4 2 39 13 43 3 40 22 8 34 49 32 6 24 17 15 21 25 20 11 46 10 26 7 37 1 5 29 44 47 35 19 41 
student 280: 47 22 36 30 42 15 3 32 8 49 41 33 16 35 37 20 21 4 2 43 11 39 5 38 28 12 31 50 40 1 18 24 13 23 27 19 14 44 9 25 7 34 6 10 29 48 46 26 17 45 
student 281: 50 21 41 32 40 18 2 37 10 48 45 33 16 38 39 28 17 6 1 35 14 34 5 36 23 15 29 49 31 3 22 27 8 19 26 13 12 43 11 24 9 42 4 7 30 46 47 25 20 44 
student 282: 47 11 36 33 44 24 6 37 9 48 42 35 17 31 40 16 21 2 1 43 18 39 3 34 25 14 26 50 32 4 27 23 7 28 29 15 13 49 12 22 10 38 5 8 20 45 46 30 19 41 
student 283: 50 15 38 19 45 24 3 34 12 42 47 30 17 32 39 20 22 5 2 40 13 41 4 36 27 14 37 48 35 1 25 28 9 23 18 16 10 46 11 26 7 33 8 6 31 43 49 29 21 44 
student 284: 47 18 36 35 48 21 10 32 8 44 42 34 14 30 43 22 17 3 2 37 11 41 1 33 27 24 31 50 39 4 20 23 7 28 25 15 12 46 9 19 6 38 5 13 29 40 49 26 16 45 
student 285: 49 15 35 31 41 21 3 30 10 48 40 32 16 29 37 18 23 13 5 39 11 42 6 33 28 19 36 50 38 1 25 24 7 20 34 17 14 47 8 22 2 46 12 4 27 44 45 26 9 43 
student 286: 41 14 40 31 45 25 5 35 16 47 37 30 17 32 44 22 19 3 1 42 9 36 4 34 26 12 33 49 38 2 27 18 15 21 23 13 6 48 11 24 10 43 7 8 28 50 46 29 20 39 
student 287: 49 15 32 34 47 26 5 41 10 48 43 42 21 31 36 23 17 3 4 35 12 44 8 39 28 14 33 46 30 1 24 19 7 22 25 11 16 45 13 27 6 37 2 9 29 50 40 20 18 38 
student 288: 40 18 39 28 43 27 3 36 10 49 44 33 16 30 41 23 14 6 1 34 13 42 4 35 26 20 31 50 37 2 24 22 8 19 32 15 12 45 9 25 11 38 5 7 29 47 46 21 17 48 
student 289: 50 16 36 31 46 26 5 37 12 49 45 30 15 32 39 21 19 1 4 44 14 41 2 34 29 10 33 47 35 3 23 20 9 18 28 13 17 43 8 24 11 40 6 7 27 38 48 25 22 42 
student 290: 49 14 32 31 44 19 3 40 9 48 45 33 17 34 38 23 21 4 1 39 15 43 5 35 24 8 29 50 36 2 28 22 11 20 27 18 12 42 7 26 13 37 10 6 25 46 47 30 16 41 
student 291: 42 19 39 31 49 16 7 30 12 50 43 29 15 28 41 18 24 4 1 40 14 36 3 32 27 11 37 48 35 2 25 20 6 22 26 17 9 45 13 23 8 38 10 5 33 46 47 34 21 44 
student 292: 46 17 33 36 48 19 10 31 1 49 37 39 18 30 42 24 14 4 2 40 6 43 3 35 28 15 26 47 41 5 22 23 12 21 27 16 11 38 13 29 9 34 8 7 32 45 50 25 20 44 
student 293: 48 15 38 33 47 22 7 35 8 50 45 29 18 36 42 19 16 4 2 32 13 39 3 37 30 14 24 49 44 1 25 26 6 20 31 17 12 41 9 23 11 34 5 10 27 46 40 28 21 43 
student 294: 49 17 36 30 32 20 8 38 7 50 45 37 26 29 43 21 11 4 2 41 14 42 3 31 18 16 34 48 35 1 24 15 9 23 22 25 12 40 19 27 5 39 6 10 33 46 47 28 13 44 
student 295: 48 17 41 35 44 25 5 32 8 49 46 31 16 33 37 19 18 3 1 43 15 45 6 34 26 14 30 50 36 2 23 21 11 22 28 13 12 38 10 24 4 39 9 7 29 47 42 27 20 40 
student 296: 40 20 37 31 44 25 5 34 6 48 46 36 17 30 41 19 18 1 3 32 14 43 2 39 29 12 27 50 35 4 26 22 11 21 33 16 13 38 10 24 9 42 8 7 28 45 47 23 15 49 
student 297: 48 17 33 29 49 21 6 30 5 47 46 38 18 35 43 20 16 1 2 39 12 41 4 31 32 13 37 50 34 3 24 19 11 22 25 15 8 40 14 26 10 36 7 9 27 42 45 28 23 44 
student 298: 46 15 37 33 43 22 6 36 19 45 40 47 16 28 38 21 18 2 1 50 12 41 4 35 27 8 32 48 31 7 25 20 13 23 29 14 10 49 11 24 9 34 3 5 30 42 44 26 17 39 
student 299: 43 17 37 31 47 21 9 32 10 44 48 35 16 30 40 20 19 4 1 39 15 46 5 34 22 12 29 50 36 3 26 23 7 25 27 13 2 42 14 24 6 41 11 8 33 49 45 28 18 38 
student 300: 49 21 42 31 47 24 7 35 6 48 46 34 8 30 38 20 18 1 3 39 14 40 4 37 29 19 33 50 36 2 26 23 12 17 32 15 10 45 13 28 11 22 5 9 27 44 43 25 16 41 
student 301: 50 19 36 27 45 22 11 33 12 46 40 32 21 30 43 25 16 2 4 39 14 41 6 37 29 13 35 47 38 3 23 28 5 20 26 18 9 44 10 17 1 34 8 7 31 49 48 24 15 42 
student 302: 43 21 40 35 45 22 2 31 8 49 34 33 18 26 42 25 16 4 3 38 14 47 9 37 30 11 32 50 36 1 23 20 10 17 27 15 7 41 13 28 12 39 6 5 29 46 48 24 19 44 
student 303: 47 18 40 28 45 26 6 31 3 46 41 37 15 32 38 24 20 4 1 34 13 43 7 33 29 16 36 50 39 2 23 21 5 17 22 14 19 44 12 25 8 35 10 11 30 48 49 27 9 42 
student 304: 48 18 38 34 47 23 5 32 9 45 49 37 17 28 44 26 8 1 4 43 15 39 7 33 25 16 35 50 29 6 19 20 13 21 27 22 11 42 10 31 12 36 2 3 24 46 40 30 14 41 
student 305: 49 17 40 31 46 21 5 33 10 48 41 32 11 23 39 29 16 2 1 38 19 43 4 37 22 15 34 50 36 3 24 20 7 28 27 18 14 44 13 25 9 35 6 8 30 47 45 26 12 42 
student 306: 47 18 40 32 38 24 6 35 8 49 46 37 16 21 39 26 15 2 3 41 12 43 10 34 25 14 31 45 33 1 29 19 11 23 20 17 9 48 4 22 13 36 5 7 30 44 50 28 27 42 
student 307: 50 12 39 36 41 23 4 33 8 48 40 27 18 34 42 19 20 3 1 35 15 43 2 30 29 16 31 49 37 13 22 17 7 28 25 14 9 44 11 24 6 38 5 10 32 47 46 26 21 45 
student 308: 46 18 41 27 49 22 7 35 12 47 45 40 19 37 29 20 15 1 2 43 13 38 4 33 31 14 32 50 36 3 23 21 5 25 30 17 11 42 10 28 8 34 6 9 24 44 48 26 16 39 
student 309: 46 19 34 32 38 24 9 35 6 50 44 31 25 30 42 20 13 5 2 43 10 41 4 33 23 14 29 48 37 1 27 16 15 21 36 17 7 45 12 28 11 39 3 8 26 40 49 22 18 47 
student 310: 46 17 38 30 47 19 8 33 14 48 43 35 6 28 39 23 22 5 4 40 13 37 7 34 31 16 29 45 36 1 27 21 9 20 26 15 12 49 10 25 3 41 2 11 32 42 50 24 18 44 
student 311: 48 16 39 30 43 24 8 36 7 50 35 34 17 29 42 21 27 2 1 38 15 40 6 37 32 13 31 47 41 4 23 19 10 20 28 14 12 44 11 25 3 33 5 9 22 49 45 26 18 46 
student 312: 49 12 39 18 46 31 6 40 11 47 42 34 17 27 37 21 20 8 3 38 13 35 5 36 28 14 33 50 41 4 26 16 9 24 29 15 10 44 25 22 1 32 2 7 30 43 45 23 19 48 
student 313: 49 20 41 34 45 19 5 33 13 50 44 32 15 26 39 30 18 2 1 38 11 43 3 36 28 16 29 46 35 4 21 25 7 23 31 14 12 40 8 24 10 37 9 6 27 47 48 22 17 42 
student 314: 43 16 36 29 42 23 4 44 12 49 40 37 15 35 38 22 17 5 1 45 8 41 3 34 27 14 31 47 33 2 21 18 10 20 28 13 19 46 11 24 9 32 7 6 26 48 50 30 25 39 
student 315: 46 15 39 32 40 22 6 36 8 49 42 34 23 30 45 31 21 10 2 41 13 44 4 33 26 11 27 50 35 1 25 18 5 19 29 16 14 43 12 20 3 38 7 9 24 47 48 28 17 37 
student 316: 48 19 42 32 46 21 1 33 10 43 39 29 22 28 45 26 9 2 3 34 15 41 4 30 31 14 36 49 38 8 40 18 7 20 24 11 12 44 16 27 13 37 6 5 25 50 47 23 17 35 
student 317: 50 16 38 26 46 27 4 39 13 49 45 34 18 29 37 21 20 3 2 40 15 44 1 36 24 12 31 43 35 6 22 23 8 17 28 9 14 42 11 25 7 32 5 10 33 48 47 30 19 41 
student 318: 49 16 40 29 41 21 7 33 12 44 39 31 23 26 37 24 27 2 1 43 19 42 4 36 34 14 32 50 35 5 22 17 8 18 28 10 13 45 11 20 3 38 6 9 30 48 46 25 15 47 
student 319: 47 19 37 29 46 32 8 38 12 49 45 33 15 31 42 22 16 3 4 39 13 43 6 36 26 17 24 50 35 5 23 18 9 21 27 11 7 44 14 25 10 34 2 1 28 40 48 30 20 41 
student 320: 44 15 37 38 47 23 6 31 7 50 43 30 14 32 35 22 16 4 1 39 8 40 3 33 28 13 34 48 36 2 19 20 9 26 27 21 5 46 18 24 12 41 11 10 29 49 45 25 17 42 
student 321: 47 17 37 30 43 28 12 38 9 49 40 31 19 33 42 24 18 2 1 39 10 44 6 34 25 16 32 48 36 3 26 14 11 22 27 13 15 46 8 20 5 35 4 7 29 50 41 23 21 45 
student 322: 49 18 34 30 35 23 8 33 11 45 43 31 19 27 40 24 21 7 4 42 15 47 3 36 26 13 38 46 39 1 22 14 12 20 29 16 10 44 9 25 5 37 6 2 32 48 50 28 17 41 
student 323: 45 14 35 30 46 28 1 37 16 48 42 36 17 29 38 24 20 5 2 39 10 43 6 33 23 12 32 47 34 3 19 22 7 11 27 9 26 49 8 21 4 40 13 15 25 50 44 31 18 41 
student 324: 50 16 36 30 45 26 6 37 10 46 44 33 21 28 39 19 18 2 1 41 11 42 3 34 24 15 32 47 35 5 23 14 9 20 29 13 17 48 12 27 8 40 7 4 25 49 38 31 22 43 
student 325: 45 14 37 29 43 28 9 38 5 49 41 34 18 27 40 24 23 2 1 39 10 42 3 33 25 12 31 48 32 4 30 19 7 22 21 15 16 44 13 26 6 35 8 11 36 50 46 20 17 47 
student 326: 42 21 33 29 45 23 3 41 11 44 47 31 15 28 40 22 19 6 1 38 10 39 7 34 27 8 32 50 36 2 24 18 12 20 26 16 14 46 4 30 13 37 9 5 35 48 49 25 17 43 
student 327: 48 19 36 32 42 15 3 33 9 50 44 38 24 30 40 23 20 2 1 39 13 41 10 34 26 5 31 46 35 4 28 22 11 18 29 17 16 47 12 21 7 37 8 6 27 45 49 25 14 43 
student 328: 49 16 38 27 44 24 7 43 13 46 40 33 18 34 48 17 26 3 1 36 15 42 5 32 21 14 37 47 35 2 23 20 12 22 30 10 11 41 9 25 6 39 4 8 29 45 50 28 19 31 
student 329: 47 20 34 29 48 24 2 31 13 49 46 39 16 27 40 33 18 6 1 42 11 32 4 35 28 14 36 50 38 3 22 21 9 17 30 15 8 41 12 23 7 37 10 5 26 44 45 25 19 43 
student 330: 49 20 38 29 50 23 9 40 8 45 30 33 19 22 36 21 15 6 1 31 13 44 5 35 27 10 37 48 39 4 25 18 7 24 32 16 14 43 12 26 2 42 3 11 34 41 46 28 17 47 
student 331: 47 14 35 34 46 26 5 36 8 48 40 32 17 30 39 20 25 6 2 43 13 42 7 28 29 18 31 49 38 1 27 12 16 21 33 15 4 50 9 24 10 37 3 11 23 41 45 22 19 44 
student 332: 45 19 40 29 46 22 7 35 9 49 43 39 14 38 42 16 18 6 2 33 12 36 3 34 28 15 30 50 31 1 27 20 10 24 26 13 21 44 11 25 5 41 8 4 32 47 48 23 17 37 
student 333: 49 12 37 29 47 19 5 32 6 50 45 31 17 34 41 27 21 8 1 36 14 38 3 30 15 18 33 43 35 2 24 22 7 23 26 16 13 48 10 28 11 42 4 9 40 46 39 25 20 44 
student 334: 46 14 38 34 40 21 8 31 6 50 48 33 17 24 41 20 23 5 2 47 13 39 3 32 25 15 35 49 36 1 16 29 11 22 28 18 12 43 10 26 7 37 9 4 30 45 42 27 19 44 
student 335: 44 16 38 32 41 21 3 33 9 49 45 28 17 36 39 24 27 2 1 40 11 42 4 29 35 15 30 50 37 5 18 19 10 22 23 12 14 47 13 25 6 34 8 7 26 48 46 31 20 43 
student 336: 49 17 37 27 45 19 4 35 11 50 39 33 18 38 41 22 16 3 2 43 12 42 9 32 28 14 29 44 34 1 25 20 8 31 26 15 10 47 13 21 7 36 6 5 30 46 48 24 23 40 
student 337: 46 17 43 30 40 22 5 34 8 49 44 32 15 29 41 21 24 4 1 36 13 39 2 37 26 14 33 48 38 3 23 18 10 19 27 16 12 47 11 25 9 35 6 7 31 42 50 28 20 45 
student 338: 47 17 38 37 41 25 2 34 12 49 36 33 20 31 43 22 18 4 1 42 10 39 6 30 27 16 32 50 35 3 21 19 5 23 28 11 13 46 14 24 9 40 7 8 29 48 45 26 15 44 
student 339: 44 16 34 33 50 24 1 39 8 48 43 31 17 30 41 23 20 6 4 45 15 38 7 36 25 13 27 49 35 2 22 18 12 21 28 14 11 42 9 26 10 32 3 5 37 46 47 29 19 40 
student 340: 48 18 38 31 47 22 7 30 11 50 42 36 15 33 37 19 21 4 1 34 14 40 5 41 28 3 29 49 39 6 27 25 10 20 26 16 13 45 12 23 9 32 2 8 24 46 44 35 17 43 
student 341: 47 18 38 30 43 25 1 36 10 50 45 34 17 24 40 20 16 5 3 39 12 41 6 35 29 9 33 49 28 2 22 19 11 21 23 13 15 44 14 27 7 37 4 8 32 46 48 26 31 42 
student 342: 48 14 36 31 44 27 1 32 9 50 43 30 17 29 39 21 19 2 6 41 12 38 5 34 26 13 40 46 35 3 25 24 10 20 28 16 15 42 11 22 8 37 4 7 33 49 47 23 18 45 
student 343: 43 23 37 30 47 20 9 36 3 45 40 34 14 33 46 21 19 7 2 39 16 42 8 38 26 11 35 49 44 1 22 15 6 18 27 17 13 32 10 29 12 31 4 5 28 48 50 25 24 41 
student 344: 50 15 39 26 44 25 2 34 10 48 47 38 19 28 40 31 18 5 3 41 16 36 8 33 27 14 30 46 35 4 20 21 9 24 29 17 12 45 7 23 1 37 6 11 32 43 49 22 13 42 
student 345: 49 18 34 30 44 22 4 37 10 47 42 32 6 24 40 23 20 3 11 38 13 39 12 33 28 7 31 48 43 1 25 19 8 21 35 16 15 46 14 27 2 36 9 5 29 50 45 26 17 41 
student 346: 50 16 44 28 45 22 3 31 9 49 40 33 17 32 47 23 18 2 1 38 13 39 7 36 30 15 34 43 37 10 27 21 8 19 29 20 11 42 12 25 5 35 4 6 26 46 41 24 14 48 
student 347: 47 16 42 31 44 24 5 33 12 46 40 32 14 27 43 23 22 2 1 39 11 34 3 36 26 17 35 49 38 4 25 21 6 19 29 15 13 48 10 20 9 37 8 7 28 45 50 30 18 41 
student 348: 40 16 45 32 46 14 3 31 9 47 44 34 18 30 39 17 20 2 1 36 15 38 7 35 26 10 27 48 41 4 23 24 11 21 28 19 8 42 13 33 12 37 5 6 29 49 50 25 22 43 
student 349: 49 17 35 28 48 23 9 32 11 47 41 33 21 16 43 20 24 8 1 39 18 40 2 34 27 12 30 50 37 3 22 15 7 25 31 13 10 46 14 26 5 38 6 4 36 42 45 29 19 44 
student 350: 49 18 48 31 43 24 5 38 11 46 37 29 13 28 41 25 16 7 1 36 22 40 2 39 30 14 33 50 34 3 23 20 6 21 26 15 10 45 9 19 12 32 4 8 35 44 47 27 17 42 
student 351: 48 11 38 30 40 24 6 34 8 46 44 33 16 28 39 22 21 4 1 37 15 42 3 35 29 19 32 49 36 2 23 18 10 17 26 12 14 50 9 25 13 41 7 5 31 45 47 27 20 43 
student 352: 46 13 37 28 50 22 7 33 12 47 44 40 23 34 43 20 30 1 3 39 11 45 4 36 32 17 29 49 35 5 19 18 8 24 26 15 14 42 10 21 9 27 2 6 31 48 38 25 16 41 
student 353: 49 14 39 30 50 28 1 37 13 46 40 44 17 27 43 21 22 3 8 35 16 36 5 32 24 12 33 47 31 2 29 15 4 26 25 19 10 41 11 20 9 45 6 7 34 48 42 23 18 38 
student 354: 49 18 37 33 48 22 6 27 14 50 43 31 13 29 41 25 19 1 3 38 17 42 4 34 26 8 35 47 36 7 24 20 12 21 23 15 11 45 10 28 5 40 2 9 30 39 46 32 16 44 
student 355: 49 18 38 33 44 21 1 35 4 46 42 32 10 26 41 23 24 8 3 40 9 48 12 31 29 13 30 50 34 6 22 17 5 15 27 16 14 43 11 36 20 37 2 7 28 47 45 25 19 39 
student 356: 48 20 39 34 50 18 4 37 10 47 44 32 12 31 35 23 15 3 2 45 17 41 5 33 25 21 29 49 36 1 30 16 8 13 28 19 11 42 14 24 7 38 9 6 27 46 43 26 22 40 
student 357: 50 16 41 29 47 19 4 33 5 49 40 36 18 27 39 20 22 2 1 38 7 34 3 32 30 13 31 46 37 6 24 14 15 21 28 17 12 44 10 26 9 42 11 8 35 43 48 25 23 45 
student 358: 48 15 37 30 46 23 3 25 10 49 44 35 20 31 42 27 16 7 4 40 14 39 2 38 28 18 34 47 33 1 22 19 11 21 29 12 5 43 13 24 6 36 9 8 32 45 50 26 17 41 
student 359: 46 19 37 31 44 22 6 38 12 49 43 36 18 33 41 23 14 3 4 35 13 40 7 30 17 11 32 50 39 1 26 21 10 24 28 15 16 45 9 25 5 34 2 8 29 47 48 27 20 42 
student 360: 36 17 39 38 45 23 5 31 10 49 41 26 13 33 44 24 21 2 1 32 15 42 3 35 29 16 30 50 37 4 28 20 8 19 34 12 11 48 14 22 6 43 9 7 27 46 47 25 18 40 
student 361: 48 13 39 24 47 19 8 33 22 45 43 31 23 32 46 15 17 2 3 44 14 41 5 35 27 12 36 49 38 1 25 18 11 26 30 21 6 42 10 28 9 37 7 4 29 40 50 20 16 34 
student 362: 45 15 37 31 42 23 7 39 13 47 46 33 18 32 38 22 17 11 3 40 8 43 5 34 25 16 28 49 36 4 27 21 12 20 30 6 14 41 10 24 2 35 1 9 26 44 50 29 19 48 
student 363: 48 13 38 26 44 21 7 33 9 42 37 30 20 39 43 22 18 3 1 36 15 46 4 31 27 16 34 49 35 5 23 17 11 29 28 19 10 47 12 24 8 40 2 6 32 45 50 25 14 41 
student 364: 49 16 35 26 44 24 4 36 11 47 43 31 17 33 37 15 18 5 2 41 12 38 6 34 20 19 32 50 39 3 23 22 9 29 30 13 14 45 10 25 1 40 7 8 28 46 48 27 21 42 
student 365: 50 16 35 32 44 22 4 42 8 48 38 34 17 31 40 20 15 1 3 41 18 37 12 33 24 11 28 47 39 2 26 23 7 19 29 14 9 46 13 25 10 36 5 6 30 45 49 27 21 43 
student 366: 46 15 41 30 43 18 7 34 11 45 48 33 24 31 38 22 20 4 1 37 14 40 2 35 23 10 32 50 39 3 21 17 9 25 26 16 12 42 13 28 6 36 5 8 29 44 47 27 19 49 
student 367: 48 20 42 40 45 19 4 30 12 47 41 36 34 26 38 23 22 5 3 32 13 43 6 33 27 15 28 50 31 2 35 21 11 17 29 16 9 37 14 24 7 39 8 1 25 49 46 18 10 44 
student 368: 46 18 35 31 42 24 7 36 5 49 44 33 16 27 37 23 20 3 1 43 11 41 6 32 25 15 30 50 38 2 21 22 4 19 28 13 9 48 10 26 12 39 8 14 29 45 47 34 17 40 
student 369: 46 17 36 31 43 24 5 30 16 47 44 35 18 34 41 23 14 2 3 39 8 40 4 33 28 15 29 48 37 1 26 22 6 20 21 19 12 42 13 25 9 38 10 7 27 45 50 32 11 49 
student 370: 45 17 40 31 49 23 10 37 16 47 42 34 15 28 41 19 25 7 3 39 12 38 9 36 22 13 33 50 32 2 30 18 4 26 27 14 6 46 11 24 8 35 1 5 29 44 48 20 21 43 
student 371: 48 16 40 32 47 29 4 39 14 45 42 35 20 31 43 23 17 3 2 33 15 41 1 37 26 12 34 49 28 6 24 19 11 18 30 22 13 44 8 5 9 36 7 10 27 50 38 25 21 46 
student 372: 48 18 39 32 50 24 6 38 15 46 40 33 11 29 37 21 36 3 1 41 13 42 4 30 23 14 27 49 34 2 25 19 12 17 28 16 10 43 8 22 5 35 9 7 31 44 45 26 20 47 
student 373: 49 18 42 33 47 20 5 35 13 50 41 38 14 29 44 24 21 7 4 37 17 30 3 34 25 15 31 45 36 2 23 22 9 16 26 11 10 43 8 27 12 39 6 1 32 48 46 28 19 40 
student 374: 50 14 37 34 45 24 5 38 13 49 44 36 17 30 39 23 16 4 2 40 15 41 1 31 25 12 35 42 32 3 20 19 8 22 27 21 10 46 9 29 6 33 11 7 28 48 47 26 18 43 
student 375: 48 19 36 28 44 23 3 35 11 49 43 39 16 34 38 20 18 4 1 47 14 40 5 29 31 13 32 50 37 2 25 21 9 22 27 15 12 42 10 24 8 33 6 7 26 45 46 30 17 41 
student 376: 48 19 37 30 43 23 5 31 10 50 42 32 17 28 44 18 21 1 2 40 12 41 4 39 27 11 35 49 36 3 24 16 7 22 25 15 14 45 13 33 9 34 8 6 29 46 47 26 20 38 
student 377: 47 16 39 30 43 23 9 36 7 48 34 33 10 37 40 22 15 3 1 42 11 41 4 35 20 17 25 50 27 2 24 21 12 29 26 13 19 45 14 28 5 38 6 8 32 46 49 31 18 44 
student 378: 50 15 40 32 46 17 1 29 9 49 41 34 20 30 38 24 19 8 3 37 13 42 10 35 23 18 33 48 36 4 26 21 11 27 25 5 12 43 14 31 7 39 2 6 28 47 45 22 16 44 
student 379: 44 22 37 29 41 26 6 38 8 50 47 36 18 32 35 21 16 2 1 39 13 42 4 40 33 10 28 49 31 5 23 20 3 17 30 7 19 43 14 24 12 34 9 15 25 46 48 27 11 45 
student 380: 50 10 42 29 47 22 3 37 6 48 46 34 15 31 41 21 18 4 2 35 17 39 1 33 32 13 26 44 40 9 23 20 8 19 28 16 14 38 12 27 7 36 5 11 30 49 45 24 25 43 
student 381: 46 16 40 28 45 25 4 30 10 49 41 37 20 33 42 26 15 2 5 36 13 38 6 35 32 14 29 43 34 1 22 17 8 19 31 18 12 47 3 24 9 44 11 7 27 48 50 23 21 39 
student 382: 49 19 37 34 38 23 7 33 11 50 43 30 17 31 46 16 15 6 2 42 12 35 8 27 24 14 36 47 41 1 26 22 10 20 28 21 13 44 9 25 5 40 3 4 29 45 48 32 18 39 
student 383: 48 19 44 27 47 25 7 39 9 50 41 35 20 24 40 23 18 4 1 37 14 42 2 32 31 11 26 49 34 3 21 22 12 16 30 17 13 43 6 28 5 38 10 8 33 46 45 29 15 36 
student 384: 47 25 36 32 42 17 7 31 10 48 45 35 13 30 44 18 23 2 5 38 16 40 6 37 29 15 33 49 34 1 21 20 9 24 28 14 11 46 12 26 3 39 4 8 22 43 50 27 19 41 
student 385: 48 15 45 31 43 24 2 38 8 49 40 39 19 29 37 27 17 5 9 34 16 44 3 36 21 14 33 50 32 1 20 25 7 22 30 12 13 42 11 26 10 35 4 6 28 41 46 23 18 47 
student 386: 48 5 36 30 41 22 7 35 12 47 43 38 20 28 39 25 21 6 2 37 14 40 4 34 26 16 31 49 33 1 19 18 3 23 27 17 11 44 13 29 8 50 9 10 32 45 46 24 15 42 
student 387: 49 13 35 27 44 28 7 36 8 47 39 34 19 32 38 23 14 5 2 40 10 41 6 31 25 12 33 50 37 4 22 20 3 15 26 18 17 45 16 24 11 46 1 9 30 43 48 29 21 42 
student 388: 45 18 42 31 44 20 6 33 15 49 41 37 14 26 48 19 25 4 1 38 10 40 5 32 23 12 30 50 36 3 27 21 9 24 22 17 7 43 11 28 8 35 16 2 34 47 46 29 13 39 
student 389: 48 15 41 28 39 30 9 29 4 50 45 32 14 33 40 24 18 3 1 36 13 38 5 43 25 12 31 49 34 2 20 19 7 21 35 16 22 46 11 23 10 37 6 8 27 44 47 26 17 42 
student 390: 48 8 37 23 44 25 13 35 5 49 46 36 18 32 41 15 21 1 2 38 17 39 4 31 27 9 33 50 34 3 26 19 16 20 30 14 12 45 10 24 11 40 7 6 28 43 47 29 22 42 
student 391: 49 16 37 33 48 23 8 36 12 46 45 34 13 28 38 18 20 4 3 43 14 39 2 32 27 15 30 50 42 1 22 29 9 21 25 17 10 41 7 26 5 35 11 6 31 47 44 24 19 40 
student 392: 49 17 41 32 46 27 11 29 10 47 44 35 18 31 40 20 22 2 1 38 13 39 5 34 26 16 33 50 37 3 21 19 7 24 28 12 9 43 14 23 6 36 8 4 30 45 48 25 15 42 
student 393: 48 19 30 28 44 18 4 33 9 46 37 31 16 27 42 23 15 1 3 39 13 43 2 32 34 20 35 49 38 7 25 21 10 22 41 14 12 45 11 24 8 36 5 6 29 50 47 26 17 40 
student 394: 47 17 40 33 41 23 2 28 10 46 44 32 15 31 39 22 21 1 3 38 12 45 5 35 27 13 34 50 36 7 24 18 9 20 25 14 19 48 11 26 8 37 4 6 29 43 49 30 16 42 
student 395: 42 17 40 34 45 19 4 36 7 44 43 29 16 28 33 22 25 3 2 39 14 41 5 35 26 13 30 50 38 1 27 20 12 21 32 15 11 47 9 24 10 37 6 8 31 49 48 18 23 46 
student 396: 49 13 39 23 46 24 2 27 15 48 41 30 16 31 34 22 21 7 3 40 10 45 9 36 29 11 35 50 38 5 25 18 1 20 32 14 8 43 6 28 4 37 12 19 33 44 47 26 17 42 
student 397: 45 17 36 32 42 23 5 35 8 50 43 28 20 33 39 22 18 4 1 46 13 41 2 31 30 16 37 48 34 3 24 19 9 21 29 14 11 44 12 25 7 38 6 10 27 47 49 26 15 40 
student 398: 49 17 44 39 46 20 7 38 8 48 37 40 11 31 41 23 16 2 1 36 10 32 3 35 27 15 29 50 33 4 19 22 14 24 28 18 13 45 9 26 6 42 12 5 30 43 47 25 21 34 
student 399: 48 13 39 30 44 21 7 37 9 47 42 38 14 31 43 23 18 1 3 40 19 36 5 35 26 12 29 50 34 2 22 20 10 24 27 15 17 45 8 25 11 32 6 4 33 46 49 28 16 41 
student 400: 47 17 36 29 44 23 6 34 10 46 48 32 16 27 38 24 21 4 1 41 14 42 3 35 30 18 33 49 37 2 15 19 8 22 28 13 12 43 11 25 5 39 7 9 31 50 45 26 20 40 
student 401: 48 17 41 30 45 19 2 33 13 50 44 35 15 25 34 21 20 3 5 37 14 42 7 36 31 18 32 49 39 1 27 24 9 22 23 12 11 47 4 26 10 40 6 8 28 46 38 29 16 43 
student 402: 50 14 40 30 48 25 8 34 7 46 44 32 17 31 36 23 18 1 6 35 16 41 2 38 29 12 37 49 33 4 22 20 15 21 27 13 10 42 11 24 9 39 5 3 28 43 45 26 19 47 
student 403: 48 17 40 30 45 21 2 36 10 49 42 33 16 29 39 20 22 6 8 43 12 41 4 35 26 13 28 50 38 1 24 19 7 25 27 14 11 44 5 23 15 37 3 9 31 47 46 32 18 34 
student 404: 50 19 41 27 47 26 6 22 10 44 45 34 21 32 40 25 17 2 1 35 15 42 5 37 29 16 33 49 36 4 28 12 9 20 31 11 13 46 14 18 7 38 3 8 30 48 43 24 23 39 
student 405: 48 16 36 30 41 29 5 40 10 47 45 34 15 28 38 23 19 3 2 44 9 39 13 37 32 12 31 50 33 6 22 21 7 20 27 18 11 46 14 24 4 35 1 8 25 42 49 26 17 43 
student 406: 46 11 45 29 42 22 3 36 27 47 40 34 14 28 38 23 13 4 1 39 12 41 2 37 25 15 31 49 35 7 24 20 5 21 32 18 10 44 8 30 9 33 6 16 26 43 50 19 17 48 
student 407: 45 23 37 34 47 26 4 46 11 49 40 35 15 31 33 22 16 3 5 32 13 36 2 38 28 20 30 44 39 1 24 18 8 27 25 19 9 42 12 17 7 43 6 10 29 48 50 21 14 41 
student 408: 50 9 36 24 46 22 5 35 17 49 44 31 14 27 42 25 18 1 4 37 3 43 6 38 28 15 33 40 34 2 23 20 12 21 30 16 13 45 10 26 8 41 11 7 32 48 47 29 19 39 
student 409: 47 15 38 29 43 24 2 32 14 49 42 37 12 34 44 28 23 6 1 40 17 36 3 33 27 9 31 50 39 4 22 18 8 19 26 11 20 46 10 21 7 35 5 13 30 48 45 25 16 41 
student 410: 49 16 36 28 44 26 8 35 18 50 45 42 11 30 40 24 19 3 2 38 17 41 4 33 31 6 32 47 34 5 25 15 14 23 20 9 13 39 10 22 12 37 7 1 29 48 43 27 21 46 
student 411: 46 16 37 24 35 26 3 33 11 47 41 32 12 31 42 17 22 5 4 34 14 43 6 36 21 15 38 49 39 1 25 23 13 20 30 18 8 48 9 27 10 40 2 7 28 45 50 29 19 44 
student 412: 45 15 36 31 41 28 5 35 11 50 44 32 18 29 42 23 20 2 3 40 13 43 4 34 30 17 33 49 38 1 27 16 7 19 24 12 10 46 14 21 6 37 8 9 26 48 47 25 22 39 
student 413: 50 23 40 32 46 41 4 31 13 47 44 25 20 28 36 16 9 2 1 42 14 38 5 34 24 17 33 48 35 3 26 18 10 22 30 21 7 43 12 19 6 37 8 11 29 45 49 27 15 39 
student 414: 49 19 38 35 47 20 4 39 14 46 44 31 21 28 37 30 16 2 3 40 10 42 1 34 29 11 32 50 36 5 24 18 13 22 26 12 17 41 9 25 7 33 6 8 27 43 48 23 15 45 
student 415: 35 14 39 29 49 23 3 37 9 48 46 33 18 28 43 27 17 4 2 42 15 40 6 32 34 16 31 50 38 1 22 20 12 21 25 13 10 45 8 24 11 36 7 5 30 44 47 26 19 41 
student 416: 48 18 35 28 47 21 5 36 12 49 46 33 14 23 39 17 22 2 1 43 15 44 3 34 26 27 30 50 38 6 20 31 4 19 24 8 13 41 9 29 10 37 7 11 32 42 45 25 16 40 
student 417: 50 11 37 31 45 23 4 36 9 49 32 40 17 30 39 20 19 12 1 38 14 44 3 34 25 8 33 47 35 5 27 24 10 16 26 21 15 41 2 28 6 42 13 7 29 46 48 22 18 43 
student 418: 48 17 42 31 40 26 7 37 8 50 34 32 19 27 36 23 15 1 2 43 12 44 5 35 25 13 33 49 38 4 29 18 14 20 28 16 9 47 11 24 10 39 3 6 30 46 45 21 22 41 
student 419: 48 19 40 31 45 28 3 33 10 49 41 35 23 25 43 21 15 8 1 37 14 39 5 27 32 20 29 50 36 6 18 22 9 17 24 13 12 44 11 26 2 38 7 4 34 46 47 30 16 42 
student 420: 49 14 39 33 47 21 6 38 9 45 41 42 19 30 35 17 24 3 1 44 18 37 4 34 26 16 32 48 36 2 27 22 12 20 23 13 7 50 10 25 11 31 8 5 29 46 43 28 15 40 
student 421: 49 18 35 28 47 29 2 34 13 50 40 33 12 31 38 24 21 1 6 41 14 46 5 36 25 16 32 44 37 3 19 22 9 27 26 17 11 45 8 20 7 39 4 10 30 48 43 23 15 42 
student 422: 47 16 42 33 44 23 5 35 10 49 45 32 19 29 39 24 17 4 1 40 18 43 3 31 26 14 34 50 36 2 25 20 7 21 30 12 13 41 11 27 8 37 9 6 28 46 48 22 15 38 
student 423: 43 19 36 29 49 24 5 38 12 46 40 34 16 30 45 20 23 4 1 37 15 41 2 33 21 14 31 48 44 3 22 25 9 18 27 11 10 47 13 26 8 35 7 6 28 50 42 32 17 39 
student 424: 49 20 40 31 50 29 3 36 8 43 44 37 12 32 41 21 22 2 1 34 18 42 4 28 27 14 30 48 35 10 25 16 11 19 24 13 9 46 15 23 6 39 5 7 33 47 45 26 17 38 
student 425: 50 19 32 29 45 18 2 34 10 49 43 38 15 28 42 17 14 4 3 41 20 35 1 36 33 12 30 46 37 6 31 21 11 23 24 22 13 44 9 26 7 39 8 5 25 47 48 27 16 40 
student 426: 48 17 37 25 46 23 6 33 13 50 42 28 12 32 39 22 15 4 1 43 16 44 2 31 24 7 35 49 41 3 29 18 10 20 30 19 14 40 11 26 8 34 5 9 38 45 47 27 21 36 
student 427: 47 14 35 30 44 26 4 33 11 45 42 28 16 25 46 24 23 1 3 37 13 38 7 27 32 20 36 49 39 2 22 17 6 19 29 18 12 48 9 21 10 31 5 8 41 43 40 34 15 50 
student 428: 49 15 38 29 44 27 3 34 10 47 41 35 20 33 42 24 16 2 1 39 13 40 9 36 28 11 23 48 37 5 22 21 8 31 32 18 14 45 12 25 7 30 4 6 26 50 43 19 17 46 
student 429: 49 15 40 30 46 22 2 38 9 47 44 29 25 28 41 19 20 7 5 39 14 37 3 35 31 18 33 48 34 1 23 16 13 21 27 12 10 42 11 24 8 36 6 4 32 45 50 26 17 43 
student 430: 46 13 34 35 48 22 4 33 12 49 40 32 19 29 36 18 16 2 1 47 15 42 6 39 27 17 30 50 41 3 28 21 8 23 24 20 10 43 9 25 5 37 11 7 31 45 44 26 14 38 
student 431: 44 18 38 31 47 23 8 39 16 48 46 32 14 28 43 21 15 4 3 37 13 41 2 34 27 12 33 49 35 1 19 29 10 20 22 24 7 42 5 26 6 36 9 11 30 45 50 25 17 40 
student 432: 47 15 38 40 46 19 7 32 9 45 48 27 17 26 42 22 16 2 1 34 14 43 5 31 25 24 33 50 35 3 23 20 10 21 30 12 13 41 11 28 8 36 6 4 37 44 49 29 18 39 
student 433: 48 17 34 37 47 21 6 35 7 50 43 38 16 31 41 20 22 3 1 39 11 44 2 32 26 15 30 49 33 4 23 19 9 25 27 14 18 45 13 28 12 36 5 8 29 40 42 24 10 46 
student 434: 48 18 45 28 42 26 2 36 12 47 38 37 21 29 41 20 24 7 3 39 15 40 6 35 25 13 30 50 33 8 22 19 4 17 32 14 9 49 10 27 1 34 11 5 31 46 44 23 16 43 
student 435: 48 20 37 30 44 23 5 32 6 49 46 36 18 28 43 17 21 3 1 41 13 40 8 35 31 12 33 50 34 4 19 26 2 22 25 16 14 42 10 27 9 38 7 11 29 45 47 24 15 39 
student 436: 47 19 35 30 43 32 3 38 4 48 44 28 14 27 37 24 17 1 6 42 18 45 5 33 21 7 31 49 40 2 23 20 10 26 25 12 9 39 16 22 11 29 8 13 36 46 50 34 15 41 
student 437: 46 13 38 29 44 24 3 35 7 50 42 36 15 30 41 23 20 5 4 39 12 40 2 32 28 19 34 49 33 1 25 17 10 22 26 18 9 43 14 27 8 37 6 11 31 48 47 21 16 45 
student 438: 44 15 36 35 37 19 6 31 12 42 30 38 16 28 40 22 18 3 1 45 13 48 5 34 29 11 33 49 41 2 32 26 8 24 23 17 9 50 10 25 14 46 7 4 27 43 47 20 21 39 
student 439: 49 18 38 26 44 23 5 36 10 48 46 29 16 32 34 22 20 4 1 42 11 39 2 35 25 15 41 50 37 3 19 21 7 33 31 12 14 47 13 27 9 30 6 8 28 45 40 24 17 43 
student 440: 47 15 35 31 39 29 9 38 8 49 43 40 17 32 41 21 18 1 2 36 16 44 7 22 28 12 24 48 34 4 20 23 13 27 33 10 14 45 5 25 11 37 6 3 30 50 42 26 19 46 
student 441: 49 19 40 29 41 27 13 31 10 45 47 30 16 28 33 20 18 3 1 35 2 44 5 34 26 9 32 48 39 6 23 22 14 21 25 15 12 43 11 38 4 36 7 8 37 46 50 24 17 42 
student 442: 48 18 37 31 45 24 5 36 9 50 43 35 14 26 38 22 16 3 1 39 20 40 8 34 30 11 28 47 44 2 21 25 12 13 29 17 15 41 10 27 6 33 7 4 32 46 49 23 19 42 
student 443: 47 16 38 32 42 24 3 44 9 49 41 34 18 26 39 22 20 7 1 48 13 37 6 33 29 17 28 50 36 5 30 23 11 21 27 14 10 46 12 19 4 35 2 8 31 45 43 25 15 40 
student 444: 46 25 38 27 41 18 4 31 8 49 40 32 17 36 42 22 19 3 2 39 15 43 6 35 33 13 29 47 34 1 21 23 5 20 28 16 12 50 11 26 10 37 7 9 30 44 48 24 14 45 
student 445: 48 19 41 22 46 21 3 35 6 44 49 33 24 32 36 26 15 2 1 43 5 42 14 40 29 17 34 50 31 4 23 20 12 16 27 18 11 47 10 28 8 38 7 9 30 37 45 25 13 39 
student 446: 50 14 37 27 39 20 6 35 10 48 42 28 16 26 41 29 21 3 1 36 13 44 4 38 31 18 34 45 40 2 22 17 8 24 32 15 11 47 7 25 9 33 5 12 23 43 49 30 19 46 
student 447: 48 17 43 28 47 19 6 31 11 50 41 36 18 33 37 25 22 4 1 35 21 44 5 34 27 12 30 49 40 2 24 16 9 20 23 14 13 42 10 32 7 38 3 8 29 46 45 26 15 39 
student 448: 49 16 37 29 47 22 3 36 12 50 43 32 17 35 38 27 19 6 4 39 14 41 9 31 28 13 30 48 34 7 21 20 1 25 26 18 11 46 5 23 8 40 2 10 33 45 44 24 15 42 
student 449: 49 21 38 33 47 23 8 35 12 48 45 34 5 26 41 29 15 4 7 40 16 39 6 36 31 18 27 50 32 1 20 14 9 22 30 17 13 44 10 24 2 37 3 11 28 43 42 25 19 46 
student 450: 48 13 38 33 47 27 1 35 11 49 42 32 18 30 39 23 15 2 5 37 17 41 6 36 29 20 31 50 34 4 26 19 12 22 24 14 16 43 10 25 7 40 8 3 9 45 46 28 21 44 
student 451: 43 16 32 27 45 22 5 36 11 48 46 31 18 35 42 20 17 2 3 38 10 44 9 33 26 14 29 47 37 1 23 21 12 34 30 15 8 41 13 24 7 40 6 4 28 49 50 25 19 39 
student 452: 47 12 38 37 45 20 6 27 10 50 43 33 18 35 39 22 15 3 1 40 13 44 8 30 25 14 26 48 34 4 24 23 16 21 32 17 11 42 2 29 9 36 7 5 31 46 49 28 19 41 
student 453: 50 15 40 32 41 17 4 30 16 49 46 33 11 24 44 22 21 3 1 39 8 38 2 36 29 12 34 43 42 6 27 20 10 25 28 14 19 45 13 26 5 37 9 7 31 47 48 23 18 35 
student 454: 49 11 39 33 42 28 13 36 14 46 41 26 19 29 37 25 18 4 1 34 12 40 2 31 30 8 35 47 38 3 27 20 7 23 24 15 17 50 10 21 6 43 5 9 32 48 45 22 16 44 
student 455: 49 13 37 31 46 18 2 34 12 47 41 33 15 30 35 21 17 3 6 43 11 45 4 38 27 14 32 50 39 1 22 23 10 20 29 19 16 42 9 24 5 36 8 7 28 44 48 26 25 40 
student 456: 47 17 32 30 46 25 4 38 12 49 43 35 18 29 41 22 21 1 11 36 15 39 5 37 28 9 31 50 34 2 20 19 8 26 24 16 14 44 10 27 6 40 3 7 33 45 48 23 13 42 
student 457: 49 8 40 27 46 16 12 36 15 45 42 29 19 32 43 21 22 10 2 37 7 38 6 34 30 17 31 48 35 1 25 20 5 23 33 18 13 44 11 24 9 39 4 3 28 41 47 26 14 50 
student 458: 44 16 42 32 38 25 6 33 8 50 41 39 17 29 48 20 21 3 4 35 11 37 12 30 28 14 36 49 34 1 23 19 15 18 31 13 10 40 7 24 9 43 5 2 27 46 47 26 22 45 
student 459: 49 16 29 32 48 25 4 30 7 50 43 37 17 31 34 19 20 1 12 42 9 41 8 40 27 13 33 46 38 2 22 24 10 21 28 15 11 45 14 35 5 36 3 6 23 47 44 26 18 39 
student 460: 43 18 33 30 47 23 6 35 12 49 45 36 17 28 39 21 20 5 2 41 13 40 11 32 25 14 34 50 37 4 22 10 9 24 31 16 15 44 8 26 3 38 7 1 29 46 48 27 19 42 
student 461: 50 21 38 34 47 25 8 37 7 45 43 32 20 35 41 17 12 6 1 39 16 40 4 29 27 13 28 49 33 2 30 18 5 15 31 11 19 44 3 26 14 36 10 9 24 46 48 22 23 42 
student 462: 50 14 39 32 43 23 3 38 9 45 42 37 15 31 40 27 21 6 1 34 12 47 7 29 28 17 33 48 35 2 30 18 16 26 25 13 4 49 11 20 5 36 10 8 24 46 44 22 19 41 
student 463: 47 15 36 28 45 20 7 33 9 50 44 30 19 29 38 22 21 5 1 39 11 43 2 34 27 13 32 46 35 4 24 18 12 23 31 14 6 41 17 26 8 40 3 10 37 42 49 25 16 48 
student 464: 46 18 36 31 41 20 2 38 9 50 42 32 15 29 43 23 19 5 3 40 13 45 6 37 26 16 34 49 35 1 28 21 14 24 30 12 10 44 11 22 8 33 4 7 27 48 47 25 17 39 
student 465: 47 17 36 27 43 22 9 34 13 45 44 25 19 38 39 28 16 3 1 37 18 40 10 30 32 15 42 49 35 2 31 21 7 23 20 12 11 46 8 24 6 33 4 5 26 48 50 29 14 41 
student 466: 47 10 42 32 43 18 4 33 9 48 40 31 16 29 35 22 20 2 1 37 7 44 8 39 25 15 34 50 41 3 28 21 13 23 26 17 12 46 14 27 5 36 6 11 30 49 45 24 19 38 
student 467: 46 18 34 32 44 22 5 37 12 49 39 35 19 31 38 20 17 2 1 43 6 40 3 33 30 14 41 50 29 4 25 21 9 23 24 16 15 45 10 27 8 36 7 11 28 47 48 26 13 42 
student 468: 48 18 34 32 44 19 7 36 15 50 41 27 20 31 40 24 16 3 1 39 9 42 2 33 29 14 35 49 38 4 23 17 10 22 28 13 8 43 11 25 12 37 5 6 30 47 45 26 21 46 
student 469: 47 16 45 33 44 26 6 35 13 48 41 34 17 28 40 18 20 2 1 39 12 38 5 30 24 14 32 49 36 3 21 25 9 22 27 15 10 46 11 29 7 37 4 8 31 42 43 23 19 50 
student 470: 47 17 38 26 44 23 6 30 8 48 41 34 10 36 39 19 20 3 1 43 14 46 2 29 28 9 33 50 37 13 24 21 11 18 31 15 16 42 12 27 7 35 4 5 32 45 49 25 22 40 
student 471: 45 17 39 28 40 21 6 35 5 44 50 31 22 30 48 20 23 3 8 37 14 42 4 34 27 10 32 47 33 1 25 19 9 16 29 11 15 41 12 26 7 38 2 13 36 43 49 24 18 46 
student 472: 49 16 38 37 44 21 4 36 11 50 45 29 17 31 34 24 25 3 1 41 9 40 6 35 26 18 33 48 42 2 19 13 10 22 30 12 15 39 14 23 8 32 7 5 27 46 47 28 20 43 
student 473: 49 13 40 34 45 27 7 32 15 50 43 30 26 31 37 17 16 4 2 38 18 39 9 35 21 24 33 48 36 3 28 19 11 20 23 10 1 44 14 29 5 41 6 8 25 46 47 22 12 42 
student 474: 50 19 38 32 46 24 10 40 8 49 43 31 21 28 35 18 22 2 3 42 14 39 4 34 26 13 27 44 36 1 25 23 11 20 37 9 17 45 16 12 6 33 7 5 30 47 48 29 15 41 
student 475: 47 15 37 33 40 18 6 43 11 48 44 35 16 25 39 27 22 5 1 38 14 42 2 31 26 19 34 50 28 9 23 20 4 21 32 12 13 46 7 24 10 36 3 8 30 45 49 29 17 41 
student 476: 50 18 41 27 47 20 4 31 8 48 42 35 14 34 40 23 21 6 1 38 13 45 2 33 29 15 32 49 36 3 22 16 7 24 26 17 11 43 12 25 10 37 9 5 30 44 46 28 19 39 
student 477: 47 12 40 30 46 20 5 36 9 49 45 38 15 28 39 18 17 2 1 34 19 44 8 41 23 11 33 50 37 3 22 13 14 29 27 24 10 43 16 26 7 32 4 6 31 42 48 25 21 35 
student 478: 45 13 41 31 36 22 3 38 11 49 42 29 18 30 40 20 17 2 8 48 14 44 4 32 27 15 34 50 33 1 24 19 5 23 28 16 9 47 7 25 12 37 6 10 35 43 46 26 21 39 
student 479: 48 16 38 32 45 26 9 37 8 47 42 34 19 31 40 22 21 5 7 35 13 39 1 33 27 14 28 50 36 2 24 17 6 20 29 11 15 44 12 23 10 41 3 4 30 46 49 25 18 43 
student 480: 50 11 38 25 45 26 7 35 10 46 44 33 14 31 40 29 20 6 2 42 16 41 4 34 30 18 32 49 36 1 22 23 9 21 28 15 13 39 12 24 8 37 5 3 19 47 48 27 17 43 
student 481: 47 12 40 33 41 26 4 34 8 49 42 32 19 22 45 21 18 3 2 39 14 35 7 37 23 16 29 48 38 1 25 15 10 20 30 17 13 44 11 28 9 36 5 6 31 50 46 27 24 43 
student 482: 46 16 36 27 43 26 4 34 10 47 50 33 19 40 41 15 17 1 3 37 13 39 12 35 31 21 28 48 29 5 20 23 8 25 24 9 11 44 14 30 7 38 2 6 32 49 45 22 18 42 
student 483: 47 18 40 29 49 23 6 30 11 41 46 38 20 31 37 16 19 4 1 36 15 42 5 34 22 7 33 48 39 2 25 21 3 24 32 13 17 45 8 26 10 35 9 14 28 50 43 27 12 44 
student 484: 43 14 37 35 48 26 6 34 11 50 46 33 16 25 36 21 19 4 2 38 13 39 1 31 28 17 29 49 40 3 22 24 8 23 30 10 15 42 12 18 7 41 9 5 32 44 47 27 20 45 
student 485: 49 13 41 32 45 20 12 38 3 48 43 33 18 28 36 27 25 8 6 40 16 37 9 31 22 14 30 50 39 1 29 19 4 17 24 5 7 44 15 35 11 34 2 10 26 46 47 21 23 42 
student 486: 48 17 37 27 47 22 6 35 15 50 42 30 13 36 38 24 16 5 2 41 3 45 4 34 26 14 32 49 40 1 28 23 9 20 31 11 19 46 12 25 8 33 7 10 29 44 43 21 18 39 
student 487: 48 12 36 29 43 24 5 35 10 50 39 34 17 30 41 25 16 2 4 38 13 44 7 32 31 15 33 49 37 1 21 18 11 20 19 22 8 42 14 26 9 40 3 6 28 45 47 27 23 46 
student 488: 48 11 38 31 35 24 6 36 12 47 44 34 16 29 43 18 20 4 2 40 15 45 3 32 27 14 39 50 33 1 26 21 9 22 30 17 13 46 8 23 7 37 10 5 28 49 42 25 19 41 
student 489: 47 24 41 29 45 22 5 28 8 49 43 37 19 30 44 23 21 1 2 40 11 31 3 39 26 12 38 48 33 4 10 16 9 17 27 18 14 42 15 25 6 36 13 7 32 46 50 34 20 35 
student 490: 45 19 40 35 47 21 3 33 14 48 46 31 20 27 39 18 24 4 2 37 25 41 1 34 32 15 30 50 36 6 22 16 9 7 26 11 10 43 13 29 12 38 8 5 28 49 42 23 17 44 
student 491: 49 12 38 32 45 24 8 36 7 50 44 34 17 25 41 20 18 3 1 37 15 39 5 30 29 19 33 47 35 2 28 22 9 16 31 14 13 48 10 23 11 40 6 4 27 42 46 26 21 43 
student 492: 48 16 38 30 36 19 3 37 14 50 46 31 20 34 40 25 18 2 1 44 12 42 5 33 24 13 32 41 35 6 23 17 4 22 27 9 15 49 11 26 8 39 10 7 29 47 45 28 21 43 
student 493: 49 16 40 30 41 19 3 33 8 46 48 32 15 28 38 27 17 5 1 45 14 43 2 36 34 12 22 50 35 4 25 21 11 20 24 18 13 47 10 26 9 37 7 6 31 42 44 29 23 39 
student 494: 49 12 38 33 47 22 2 29 17 45 40 34 15 32 39 25 19 3 1 41 14 44 8 35 24 10 28 50 36 5 27 20 9 21 26 16 7 43 11 23 4 37 13 6 31 42 46 30 18 48 
student 495: 50 15 37 32 41 17 4 36 5 46 43 33 19 25 44 26 8 7 3 40 18 42 2 34 24 16 30 49 38 1 21 23 14 20 31 13 12 45 10 27 6 35 11 9 28 47 48 29 22 39 
student 496: 47 16 33 28 49 21 1 39 11 48 37 35 22 32 42 23 18 2 4 41 12 38 5 30 29 14 34 50 36 3 27 17 8 19 26 15 13 44 10 25 9 40 6 7 31 45 46 24 20 43 
student 497: 50 19 35 27 49 22 7 32 13 46 44 34 23 31 37 26 18 6 3 40 15 41 5 36 30 14 29 47 33 1 21 17 8 20 25 11 10 48 12 24 9 39 4 2 43 42 45 28 16 38 
student 498: 48 8 43 32 46 20 14 35 15 47 41 33 24 23 37 25 18 1 3 42 17 39 2 36 29 10 31 50 38 12 19 27 5 16 28 22 9 45 11 21 6 34 4 7 30 44 49 26 13 40 
student 499: 47 16 36 32 43 25 8 39 10 48 41 33 18 31 44 21 19 1 4 40 2 46 5 30 24 15 35 50 37 6 22 20 14 23 28 13 12 42 11 27 9 38 7 3 29 45 49 26 17 34 
