student 0: 21 10 2 7 24 33 14 34 45 41 4 28 20 50 43 36 27 31 22 49 1 6 5 15 9 30 11 23 35 38 25 16 37 19 17 12 32 13 29 40 48 26 39 46 8 3 18 44 42 47 
student 1: 36 5 2 8 28 33 16 29 44 39 4 27 26 47 40 42 23 35 21 49 3 14 12 6 9 25 10 19 30 34 37 15 24 17 22 11 31 13 38 50 45 18 32 41 7 1 20 48 46 43 
student 2: 30 5 2 1 26 35 14 33 47 39 7 27 22 46 37 45 20 25 19 50 6 8 4 16 10 24 13 23 40 34 32 18 36 12 21 11 28 15 31 49 48 17 38 42 9 3 29 44 41 43 
student 3: 38 4 1 6 24 33 13 37 50 39 3 25 18 43 31 42 19 34 22 48 2 7 8 16 12 23 9 20 36 35 28 14 30 15 27 17 26 11 32 46 49 21 40 41 10 5 29 47 44 45 
student 4: 35 5 1 7 23 25 19 31 45 38 6 36 28 43 40 42 26 30 20 50 3 9 4 16 12 27 8 18 37 34 29 22 32 15 17 13 24 11 33 47 48 14 39 41 10 2 21 49 44 46 
student 5: 40 3 2 5 18 29 24 33 46 45 8 26 30 48 42 38 15 28 21 50 6 7 4 11 12 22 10 23 37 34 32 14 35 16 19 13 27 17 31 47 49 20 36 43 9 1 25 44 39 41 
student 6: 38 6 5 4 20 29 10 32 47 40 2 26 34 45 39 42 22 30 19 46 3 9 8 13 16 25 11 27 44 35 31 12 37 14 17 21 23 15 28 49 50 18 33 41 7 1 24 36 48 43 
student 7: 37 11 4 5 17 31 14 32 42 39 6 27 23 43 41 44 25 28 21 49 1 2 9 13 10 29 8 26 36 35 30 22 34 15 19 12 24 18 33 50 48 16 38 45 7 3 20 46 40 47 
student 8: 40 7 1 4 24 28 17 35 48 44 3 27 25 39 41 30 19 26 20 43 10 8 5 15 12 31 9 21 37 36 33 16 34 11 18 13 29 14 32 50 49 22 38 42 2 6 23 46 47 45 
student 9: 43 16 1 5 40 30 17 29 46 37 4 26 20 47 38 44 18 33 15 48 3 6 7 12 10 25 11 21 34 31 28 14 32 22 23 13 35 9 27 49 50 19 36 39 8 2 24 45 41 42 
student 10: 33 6 1 10 31 26 21 30 48 40 8 25 29 43 36 42 17 24 19 50 3 9 5 13 4 27 7 23 34 35 39 16 37 15 11 20 32 14 28 45 49 18 38 41 12 2 22 47 44 46 
student 11: 31 2 1 4 32 29 17 30 41 38 5 24 21 45 39 42 20 28 16 46 7 6 12 10 14 25 8 23 40 35 33 11 37 15 27 9 26 18 34 48 50 19 36 43 13 3 22 44 49 47 
student 12: 37 5 6 7 29 30 14 32 48 40 3 28 27 46 26 39 21 23 24 50 2 4 8 10 11 25 9 16 41 36 34 18 35 20 19 13 31 15 33 47 49 17 42 44 12 1 22 45 38 43 
student 13: 35 2 4 8 32 30 15 31 47 39 7 23 22 42 37 46 26 29 17 50 3 6 5 13 11 28 10 19 43 33 25 16 36 20 21 14 27 12 34 45 49 18 44 38 9 1 24 41 40 48 
student 14: 36 6 1 4 32 25 16 28 44 40 2 34 22 46 39 41 15 24 23 49 8 10 5 14 11 26 7 30 37 31 27 18 33 17 21 13 29 12 35 50 43 19 38 42 9 3 20 47 45 48 
student 15: 33 6 4 1 31 28 15 30 48 43 11 24 22 49 41 38 20 29 21 47 3 5 7 17 12 25 9 23 37 35 34 13 40 16 19 10 26 14 32 46 50 18 36 39 8 2 27 42 44 45 
student 16: 36 7 9 6 26 31 11 33 49 42 1 30 20 43 37 48 25 29 21 46 4 8 12 15 5 24 10 16 35 34 28 23 39 19 14 17 27 13 32 50 40 18 38 41 3 2 22 44 47 45 
student 17: 38 6 3 7 26 29 10 14 47 39 2 27 30 43 41 40 21 33 19 50 4 17 11 22 9 24 5 23 37 34 31 12 36 16 13 15 28 20 35 48 49 25 32 44 8 1 18 45 42 46 
student 18: 38 4 5 3 32 30 15 34 44 43 6 29 25 46 37 42 18 27 22 49 1 8 7 11 9 20 13 24 36 33 28 12 35 17 21 16 26 19 31 47 48 14 40 39 10 2 23 45 41 50 
student 19: 35 1 5 8 27 30 12 33 50 37 6 29 19 48 36 44 16 28 22 49 7 3 11 20 13 25 9 21 38 34 31 15 39 18 24 14 26 4 32 46 47 17 43 45 10 2 23 41 40 42 
student 20: 45 4 2 9 28 33 19 23 47 34 3 27 21 46 38 39 24 26 16 48 7 6 15 14 11 29 10 25 31 37 35 17 30 12 20 8 32 13 36 43 50 18 40 44 5 1 22 42 41 49 
student 21: 36 1 2 5 24 30 20 31 50 38 6 28 25 42 41 39 12 29 19 48 3 9 13 7 11 23 10 21 37 34 33 18 35 15 22 16 26 14 32 45 49 17 40 46 8 4 27 44 43 47 
student 22: 36 7 5 6 27 26 17 29 47 38 4 28 30 41 37 40 22 23 20 48 3 11 1 12 9 33 14 18 39 35 32 16 34 15 19 13 25 10 31 50 46 21 43 42 8 2 24 44 49 45 
student 23: 34 9 2 3 23 30 7 33 40 46 4 28 26 50 36 42 21 27 20 47 5 8 14 13 6 24 15 22 32 39 29 18 35 17 19 10 31 12 37 49 44 16 38 43 11 1 25 41 48 45 
student 24: 35 9 1 2 28 34 17 29 45 37 4 21 25 43 40 42 23 27 16 49 10 13 7 11 8 24 6 19 41 38 30 20 32 14 22 15 33 12 36 50 47 18 31 46 3 5 26 39 48 44 
student 25: 36 13 2 6 28 30 18 31 47 39 4 32 24 46 41 42 16 22 26 50 3 7 5 17 9 29 10 19 37 35 34 14 33 15 23 8 27 11 25 48 49 21 40 45 12 1 20 38 43 44 
student 26: 45 4 3 5 27 30 15 32 46 37 6 28 25 38 43 36 20 26 16 49 1 14 8 13 9 22 7 24 35 31 39 19 34 17 23 12 29 11 33 48 50 18 40 42 10 2 21 47 41 44 
student 27: 32 5 3 7 31 25 22 27 49 44 6 33 26 37 42 39 20 30 21 40 1 9 4 14 10 28 11 19 38 36 34 15 35 18 17 13 24 12 29 48 50 16 45 41 8 2 23 47 46 43 
student 28: 36 11 1 5 23 33 14 35 47 40 10 27 26 43 38 44 24 28 21 50 3 7 4 18 15 25 9 19 37 34 32 6 31 17 16 12 29 13 30 46 49 20 41 45 8 2 22 48 39 42 
student 29: 36 11 4 9 27 35 15 34 46 43 2 24 25 47 39 40 14 28 20 49 8 12 3 17 10 19 5 26 38 30 29 6 33 22 18 13 31 21 32 50 48 16 37 41 7 1 23 42 44 45 
student 30: 40 7 2 5 29 27 17 28 49 48 4 30 26 45 44 37 22 34 23 39 3 6 8 14 12 24 10 15 33 35 31 18 38 16 19 13 25 9 32 46 50 20 36 42 11 1 21 43 41 47 
student 31: 38 1 3 7 27 33 14 34 43 46 4 26 25 49 39 41 20 28 22 50 11 5 10 9 12 23 8 18 30 35 32 24 36 17 16 15 29 13 31 45 48 19 37 40 6 2 21 47 42 44 
student 32: 32 7 3 5 31 29 17 35 49 40 1 26 24 47 37 41 22 28 25 46 4 8 6 12 11 21 9 18 33 39 30 13 36 16 23 14 27 15 34 48 45 19 38 42 10 2 20 43 50 44 
student 33: 38 5 3 4 25 36 16 35 44 46 10 27 26 43 30 33 21 29 17 50 6 7 1 14 12 24 9 20 39 37 32 23 31 15 19 11 28 8 34 48 49 18 41 42 13 2 22 40 45 47 
student 34: 41 6 2 4 27 30 11 29 47 39 5 24 28 44 40 38 18 23 21 49 3 10 7 9 13 26 14 22 36 33 32 15 34 12 19 20 31 17 35 48 46 16 37 42 8 1 25 45 43 50 
student 35: 35 3 7 5 25 29 13 36 44 42 4 27 23 48 33 43 22 30 28 50 1 11 8 14 6 20 12 18 34 37 32 21 38 17 19 10 26 9 31 46 49 16 41 45 15 2 24 40 39 47 
student 36: 35 8 2 6 23 27 14 34 48 38 3 29 32 43 42 45 19 28 20 49 4 7 9 12 13 25 11 21 39 31 33 16 37 15 24 17 30 5 26 50 47 18 41 44 10 1 22 36 40 46 
student 37: 33 7 3 5 24 29 15 34 39 43 4 22 23 46 42 37 19 28 25 48 2 9 6 16 8 26 12 21 38 36 30 17 31 14 20 13 32 11 35 50 49 18 45 44 10 1 27 40 47 41 
student 38: 35 5 2 4 31 36 13 29 43 40 3 25 26 48 42 37 17 27 20 50 9 7 15 12 10 23 6 24 34 39 28 22 33 18 19 11 30 8 38 47 49 14 32 46 16 1 21 44 41 45 
student 39: 36 7 5 2 29 34 14 35 50 45 4 28 23 48 41 42 27 26 22 49 3 10 6 15 9 24 12 20 38 25 30 16 31 18 19 13 32 11 37 44 46 17 39 40 8 1 21 33 43 47 
student 40: 35 8 3 1 27 28 14 34 44 39 4 26 21 45 38 49 24 29 23 50 5 9 6 16 12 31 7 20 37 33 25 18 36 10 19 13 32 17 30 46 47 15 41 40 11 2 22 48 43 42 
student 41: 38 7 1 4 29 22 18 28 45 36 3 16 27 44 42 43 26 31 20 50 11 8 5 17 10 33 9 19 37 34 32 24 35 14 23 15 25 12 30 46 47 13 40 39 6 2 21 49 41 48 
student 42: 33 9 1 6 23 24 16 39 46 41 3 26 31 42 40 43 27 29 19 50 4 5 11 14 13 25 7 20 35 34 32 18 36 15 21 12 30 8 28 48 49 17 37 38 10 2 22 47 44 45 
student 43: 39 7 2 4 30 18 13 34 40 42 9 27 24 47 38 45 17 28 19 50 3 6 5 21 12 26 8 25 36 32 31 16 33 22 20 15 29 11 35 48 49 14 37 43 10 1 23 41 46 44 
student 44: 37 5 2 12 25 32 9 33 50 38 3 26 23 49 39 44 13 30 22 46 4 7 6 19 8 24 14 27 36 28 31 20 35 11 17 18 29 10 34 47 48 16 40 45 15 1 21 42 41 43 
student 45: 38 7 2 5 27 30 9 32 48 42 3 17 21 45 40 39 25 28 19 50 4 8 11 14 15 26 10 24 31 34 36 20 37 16 23 13 33 12 29 47 49 18 41 35 6 1 22 43 44 46 
student 46: 30 8 1 7 25 24 10 29 46 40 3 27 26 45 42 41 17 31 20 49 5 14 9 21 13 28 4 23 37 35 34 15 32 12 16 18 33 11 39 48 50 22 36 47 6 2 19 38 43 44 
student 47: 33 9 2 8 23 29 21 34 48 41 6 27 20 50 36 39 30 26 24 43 1 7 3 11 12 25 5 22 37 35 28 16 38 14 17 15 31 13 32 46 44 18 40 42 10 4 19 49 45 47 
student 48: 37 4 9 8 26 27 17 32 44 40 3 28 30 47 39 41 20 31 22 49 1 5 7 13 10 19 12 21 36 35 29 23 34 15 18 14 25 11 33 46 50 16 38 43 6 2 24 45 42 48 
student 49: 34 7 2 6 25 30 23 28 50 39 3 26 31 45 37 42 15 33 19 49 5 4 11 13 12 21 14 22 40 38 24 8 29 16 20 9 32 17 36 44 48 18 35 46 10 1 27 41 43 47 
student 50: 28 11 6 5 25 32 21 43 47 41 8 29 24 49 37 39 20 34 19 50 3 14 2 13 4 26 7 22 40 35 33 17 31 15 18 16 27 12 30 48 45 10 36 38 9 1 23 42 44 46 
student 51: 38 7 2 5 24 27 10 35 49 41 3 26 28 47 40 31 20 29 22 50 1 6 11 15 18 21 8 23 37 36 33 17 34 13 16 12 30 9 32 45 48 19 39 42 14 4 25 46 43 44 
student 52: 42 4 3 9 25 30 14 41 40 33 6 28 21 47 34 44 22 27 26 50 2 12 5 15 10 23 7 18 31 36 32 16 37 19 20 11 29 8 35 46 49 17 43 45 13 1 24 39 38 48 
student 53: 35 5 4 6 25 29 17 31 49 39 3 27 26 44 47 43 23 32 22 50 2 9 7 14 8 20 10 24 36 30 37 15 33 16 21 13 28 12 34 40 46 18 41 38 11 1 19 42 45 48 
student 54: 34 4 1 10 24 32 20 27 50 46 3 26 25 41 42 40 22 28 19 49 5 7 6 14 15 30 9 13 36 37 29 23 35 16 18 12 31 11 33 48 47 17 38 39 8 2 21 44 43 45 
student 55: 36 4 2 3 31 28 20 33 43 38 5 27 30 50 40 44 16 26 24 49 8 10 6 15 7 22 13 18 42 25 29 21 34 17 23 12 35 11 32 48 45 14 37 46 9 1 19 39 41 47 
student 56: 32 3 2 5 23 28 15 33 46 38 4 27 22 47 36 40 18 26 21 49 9 8 6 7 11 31 10 20 35 41 30 25 37 17 16 14 34 13 29 50 48 19 39 43 12 1 24 44 45 42 
student 57: 45 6 4 2 20 30 17 37 47 35 5 25 27 43 39 44 21 33 18 48 1 10 7 15 11 26 8 22 32 34 29 13 38 16 24 19 31 12 28 49 50 14 36 40 9 3 23 46 41 42 
student 58: 38 6 1 3 26 29 13 34 39 41 5 30 17 50 46 42 18 27 25 48 4 10 12 15 8 21 11 24 33 32 35 20 37 16 19 14 28 9 31 49 45 22 36 47 7 2 23 43 40 44 
student 59: 34 3 4 11 25 31 15 32 50 41 2 26 17 46 36 37 20 27 24 48 7 6 5 18 12 23 9 21 39 29 30 16 38 14 22 10 28 13 33 47 49 35 40 42 8 1 19 44 43 45 
student 60: 35 9 3 6 25 29 11 31 50 36 4 28 24 48 30 40 23 26 17 47 2 5 8 12 13 27 10 14 32 42 39 21 38 15 20 16 34 18 33 46 49 19 41 37 7 1 22 44 43 45 
student 61: 35 12 1 6 24 33 16 28 44 39 4 27 26 45 43 37 21 30 19 50 3 5 7 13 10 22 8 23 38 34 29 11 32 17 18 14 31 9 36 49 48 20 40 46 15 2 25 41 47 42 
student 62: 34 6 2 5 28 31 13 33 48 44 3 23 29 40 42 36 18 30 16 46 4 12 7 11 9 21 17 25 39 37 32 19 35 15 20 14 26 10 27 49 50 22 38 43 8 1 24 47 45 41 
student 63: 45 8 2 5 25 29 20 31 46 39 3 30 17 37 41 42 21 26 23 50 4 9 6 18 10 24 7 22 44 33 34 14 40 13 15 12 28 11 38 43 49 19 32 47 16 1 27 36 35 48 
student 64: 32 7 6 2 34 26 19 23 42 39 5 24 11 46 37 45 22 17 18 50 3 14 13 15 10 27 8 30 41 28 29 16 33 20 25 12 31 9 35 47 49 21 38 43 4 1 36 40 44 48 
student 65: 44 4 1 3 27 29 14 30 47 39 8 26 22 49 38 41 24 28 21 48 2 7 6 15 18 25 9 23 31 34 35 17 37 16 19 11 32 13 33 50 43 10 36 40 12 5 20 42 46 45 
student 66: 36 5 3 1 29 27 22 33 46 35 4 23 25 48 40 43 20 31 17 49 2 7 6 16 10 26 8 24 38 34 28 19 37 13 14 12 32 15 30 50 47 18 39 41 9 11 21 42 44 45 
student 67: 37 9 5 1 25 26 14 32 50 40 8 30 23 45 36 41 17 27 22 48 4 10 2 7 3 31 11 24 38 28 33 18 35 16 20 13 29 12 34 46 49 15 42 39 19 6 21 47 44 43 
student 68: 37 4 3 9 26 30 18 34 49 40 5 22 21 44 39 42 20 27 19 48 2 6 8 14 10 25 16 29 33 36 31 15 32 13 23 12 28 11 35 50 43 17 38 45 7 1 24 47 46 41 
student 69: 35 15 1 9 25 27 11 32 47 41 3 26 23 49 38 39 21 28 12 45 8 4 5 18 16 29 6 22 37 30 33 20 31 17 14 13 34 10 36 50 48 19 40 43 7 2 24 44 46 42 
student 70: 38 4 2 11 23 29 8 32 47 39 3 25 24 45 41 44 20 30 19 50 6 5 7 16 13 27 12 22 37 35 34 15 31 18 21 14 33 10 28 40 49 17 36 46 9 1 26 42 43 48 
student 71: 38 6 1 5 26 43 18 29 47 36 3 31 23 45 39 42 20 28 15 49 2 7 8 19 14 25 13 24 35 32 30 16 34 10 17 11 27 9 33 48 50 21 37 40 12 4 22 44 41 46 
student 72: 30 1 3 6 28 33 12 25 49 39 2 29 24 47 35 50 20 27 21 48 4 7 8 10 11 26 9 22 32 40 34 15 41 14 19 16 31 13 36 45 46 18 37 42 17 5 23 44 43 38 
student 73: 38 10 2 9 23 35 22 27 43 40 4 31 24 48 36 41 26 32 19 50 3 6 5 13 7 18 11 20 33 34 29 12 37 21 17 16 25 15 28 45 49 14 39 46 8 1 30 42 47 44 
student 74: 34 3 2 4 26 31 14 32 47 45 5 27 23 46 41 40 20 29 21 50 1 9 7 11 19 25 8 18 37 35 28 12 33 13 17 16 30 10 36 39 48 24 38 42 15 6 22 49 43 44 
student 75: 44 2 3 14 24 29 10 32 46 37 4 28 26 42 40 39 23 27 21 50 5 6 9 13 16 25 11 19 33 36 31 12 38 18 17 15 30 8 34 48 49 20 35 41 7 1 22 43 45 47 
student 76: 32 4 1 2 33 35 16 28 47 39 8 25 21 43 36 42 23 24 20 49 3 9 6 14 11 26 7 27 37 38 34 18 31 15 17 13 29 12 30 48 44 19 41 45 10 5 22 40 50 46 
student 77: 37 6 3 4 25 30 13 32 50 41 5 27 22 48 39 42 19 28 20 47 2 10 7 23 12 26 14 24 36 33 34 9 35 16 18 8 29 15 31 49 43 17 40 38 11 1 21 45 44 46 
student 78: 31 7 1 5 24 45 15 33 46 39 3 27 26 43 36 41 20 30 14 50 2 13 4 17 10 18 8 22 34 35 32 19 38 21 25 12 28 9 29 49 47 16 37 42 11 6 23 40 48 44 
student 79: 34 6 2 5 24 28 16 32 47 41 4 30 25 46 37 40 26 33 19 48 3 8 10 18 11 22 9 21 38 36 29 7 27 14 20 15 31 13 35 49 50 17 39 42 12 1 23 44 43 45 
student 80: 36 2 3 6 40 29 16 32 44 39 4 27 24 49 37 41 22 26 23 50 5 7 8 14 13 28 9 18 35 34 30 21 31 15 20 12 25 11 33 48 47 17 46 42 10 1 19 38 43 45 
student 81: 36 4 5 7 18 33 16 28 44 40 3 25 22 43 35 39 20 37 21 46 1 15 8 13 9 30 10 23 45 34 31 17 27 19 24 14 26 11 32 48 50 12 38 47 6 2 29 41 42 49 
student 82: 36 2 4 1 24 31 14 30 43 42 10 25 26 49 40 46 19 27 21 47 6 8 7 13 12 28 9 22 41 33 37 17 35 16 18 15 29 11 32 45 50 20 38 34 5 3 23 44 39 48 
student 83: 37 9 1 5 22 28 18 33 46 38 3 30 25 45 40 41 23 26 20 50 4 7 10 16 8 29 6 24 36 34 32 14 35 17 21 15 27 11 31 48 49 13 39 47 12 2 19 43 42 44 
student 84: 35 2 1 7 26 31 17 33 47 37 5 28 24 45 41 49 21 23 13 50 6 10 8 14 15 22 9 27 36 30 32 20 38 18 16 11 29 12 34 46 42 19 40 44 3 4 25 43 39 48 
student 85: 40 4 3 7 24 31 11 34 41 36 5 25 21 46 38 45 10 33 17 47 2 12 15 14 6 29 9 22 37 32 30 20 39 16 18 19 27 13 28 49 50 23 35 43 8 1 26 42 48 44 
student 86: 34 7 4 5 32 28 16 33 47 40 3 24 26 43 38 44 23 27 20 50 2 8 6 19 13 25 11 21 37 35 30 18 39 12 17 15 29 14 31 49 48 10 36 41 9 1 22 42 45 46 
student 87: 33 9 1 4 28 25 16 41 48 39 13 29 24 49 38 42 18 26 19 50 5 11 2 15 8 27 6 23 36 34 32 12 37 10 21 17 30 14 31 44 45 20 35 40 7 3 22 46 43 47 
student 88: 32 11 1 9 24 30 19 29 49 42 5 27 28 48 39 40 17 26 15 47 4 7 2 16 13 22 6 21 41 34 31 18 35 10 23 8 37 14 33 50 44 20 38 36 12 3 25 45 46 43 
student 89: 36 9 2 5 27 29 17 26 49 41 4 31 23 48 34 37 24 32 20 47 1 8 6 14 11 25 10 21 40 35 30 13 39 18 19 16 28 12 33 50 45 15 46 42 7 3 22 44 38 43 
student 90: 33 11 3 8 26 28 22 31 47 41 4 21 29 50 45 35 17 25 23 48 2 7 6 16 12 19 15 27 36 32 37 20 39 18 13 10 30 9 34 49 38 14 40 43 5 1 24 42 44 46 
student 91: 33 4 1 9 36 29 18 32 46 37 3 26 28 48 45 42 21 20 22 47 6 17 13 10 5 23 14 24 34 38 25 12 39 19 16 11 30 8 31 50 44 15 35 43 7 2 27 49 40 41 
student 92: 34 1 5 9 24 29 7 30 48 41 8 31 26 36 38 40 20 25 19 49 6 2 10 15 18 27 12 22 35 32 33 11 37 17 21 14 28 13 39 50 46 16 43 45 4 3 23 44 42 47 
student 93: 39 4 1 9 27 28 14 32 49 38 6 23 22 40 41 43 19 30 17 46 2 8 5 10 11 24 18 25 34 36 29 20 33 15 21 13 35 7 31 50 48 16 42 44 12 3 26 47 37 45 
student 94: 36 12 7 6 34 28 15 27 42 43 2 32 24 41 45 38 18 26 21 47 4 5 3 13 9 25 10 23 37 29 33 19 35 11 17 16 31 14 30 50 49 20 39 40 8 1 22 44 46 48 
student 95: 35 5 7 4 23 26 16 36 48 44 6 28 27 39 40 42 24 31 20 50 2 1 13 10 15 22 8 21 37 34 30 19 38 12 17 11 29 14 33 49 46 18 32 43 9 3 25 47 41 45 
student 96: 39 5 2 4 26 25 14 30 48 38 3 31 27 33 37 42 23 22 17 50 6 9 7 12 8 24 13 20 35 36 28 18 40 16 19 10 29 15 32 46 49 21 43 44 11 1 34 47 41 45 
student 97: 38 10 3 8 24 25 17 30 47 40 2 33 31 49 36 39 23 26 18 50 6 5 1 12 11 21 9 27 35 29 32 16 37 13 19 14 28 15 34 48 41 20 42 44 7 4 22 45 43 46 
student 98: 41 6 3 4 33 29 16 31 46 36 7 24 28 48 39 43 18 26 17 47 2 10 11 21 8 25 5 20 30 35 37 22 38 15 12 14 27 13 32 50 49 19 45 40 9 1 23 34 42 44 
student 99: 37 9 2 6 20 35 14 30 46 41 5 26 27 50 38 40 18 29 17 49 3 8 13 12 11 24 10 23 28 34 36 21 33 16 19 4 31 15 32 47 48 25 45 39 7 1 22 43 42 44 
student 100: 36 6 5 4 23 31 16 33 49 37 3 30 25 45 40 41 20 28 19 50 8 7 2 14 13 27 11 24 35 38 32 18 29 22 17 12 26 10 34 48 44 15 39 42 9 1 21 46 43 47 
student 101: 38 2 1 4 27 31 15 32 47 44 5 37 26 40 36 42 24 21 22 50 6 8 7 13 11 25 9 18 35 34 29 14 30 16 23 10 28 17 33 46 48 20 39 41 12 3 19 45 49 43 
student 102: 31 10 1 5 28 27 20 32 42 34 4 24 26 45 39 40 19 33 18 50 3 6 21 14 2 23 11 22 38 37 30 12 36 15 16 13 29 8 35 46 47 17 43 44 9 7 25 49 48 41 
student 103: 34 9 1 3 24 39 22 27 40 42 5 31 32 45 36 38 28 25 14 48 2 10 4 13 8 20 6 19 35 33 29 16 37 17 21 15 26 11 30 47 49 18 41 44 12 7 23 50 43 46 
student 104: 33 11 2 5 24 28 20 31 47 40 6 21 30 45 41 37 19 27 15 50 1 8 3 12 16 26 7 14 34 39 32 17 42 18 22 10 23 13 29 49 46 35 36 44 4 9 25 38 43 48 
student 105: 42 5 2 12 29 30 13 37 47 41 4 26 32 46 35 36 19 28 20 44 3 9 6 17 10 18 15 21 34 33 31 24 39 23 7 16 22 14 27 48 50 11 38 45 8 1 25 43 40 49 
student 106: 34 6 2 3 24 30 15 33 50 38 8 31 26 46 39 40 18 28 23 45 4 5 10 11 7 27 13 20 37 42 32 16 29 17 19 14 25 9 35 47 48 22 36 41 12 1 21 49 43 44 
student 107: 37 9 2 5 31 27 7 29 43 40 1 28 22 47 34 42 23 26 18 50 6 11 8 15 13 24 3 25 38 35 30 21 36 17 19 12 32 14 33 48 49 16 41 45 10 4 20 39 44 46 
student 108: 33 7 8 5 34 29 19 39 46 37 2 28 24 42 38 41 21 27 26 48 3 6 9 18 15 23 11 20 36 25 31 16 35 12 17 13 30 4 32 50 49 14 40 43 10 1 22 47 44 45 
student 109: 38 7 12 3 27 31 15 34 48 33 2 25 23 41 36 43 22 29 18 49 4 8 5 13 14 26 9 20 35 30 32 21 42 19 16 10 28 11 37 50 46 17 44 45 6 1 24 39 47 40 
student 110: 31 4 1 2 26 30 18 28 48 38 7 32 19 45 42 40 23 27 22 50 5 14 10 15 9 25 6 24 36 37 33 11 35 16 21 13 29 12 34 49 46 17 39 41 8 3 20 44 47 43 
student 111: 38 3 1 6 23 25 9 33 48 40 2 27 32 46 36 39 24 28 17 50 4 8 11 15 12 26 10 21 37 34 29 19 35 18 14 16 30 13 31 47 49 20 41 43 5 7 22 42 44 45 
student 112: 33 7 2 6 24 26 18 31 44 46 3 34 23 45 43 49 21 28 17 48 5 4 13 10 11 27 9 25 41 38 30 20 32 16 19 14 29 12 35 50 47 15 37 42 8 1 22 36 39 40 
student 113: 32 6 3 2 26 35 18 34 48 33 4 22 29 46 39 37 21 23 10 49 11 13 7 14 12 20 5 24 36 38 28 17 42 16 25 15 27 8 30 50 47 19 44 40 9 1 31 45 43 41 
student 114: 41 5 2 1 27 29 14 30 44 48 6 25 24 43 38 39 23 32 15 46 4 10 8 17 7 26 11 20 33 35 31 22 40 16 19 12 28 13 36 47 49 18 34 45 9 3 21 42 50 37 
student 115: 33 12 7 6 23 32 10 41 46 38 3 31 20 42 43 40 22 21 19 50 2 4 1 11 18 28 15 25 35 37 29 16 44 14 17 9 27 13 30 47 49 24 36 34 8 5 26 48 39 45 
student 116: 34 6 1 3 20 27 18 31 48 36 4 29 24 46 42 50 21 30 23 43 10 5 7 17 8 26 11 25 35 28 39 15 37 14 22 16 32 12 33 49 47 19 40 38 9 2 13 45 41 44 
student 117: 35 6 3 1 29 27 9 30 47 36 5 32 21 48 37 40 12 31 17 49 4 8 7 25 13 23 10 26 38 34 28 16 42 20 15 14 24 19 33 46 50 18 39 44 11 2 22 45 41 43 
student 118: 35 6 1 3 28 27 16 36 46 38 4 24 17 42 40 45 23 25 20 47 5 8 7 14 18 26 10 29 37 30 33 19 34 15 11 13 31 12 32 48 49 22 39 43 9 2 21 41 44 50 
student 119: 37 8 2 5 21 34 15 32 45 42 3 29 27 48 50 35 22 25 18 46 6 13 7 4 11 24 9 23 38 31 30 19 36 20 16 17 26 14 33 49 47 12 40 39 10 1 28 41 43 44 
student 120: 34 10 1 9 25 30 15 31 48 41 5 26 18 43 40 44 21 32 24 47 6 8 3 13 4 27 12 19 38 35 28 20 33 14 23 7 29 16 37 49 50 17 39 36 11 2 22 45 46 42 
student 121: 35 6 1 8 29 31 14 33 49 40 5 26 24 47 37 43 27 30 25 46 3 9 2 12 10 21 18 22 34 38 23 17 39 15 19 11 28 13 32 44 50 16 36 45 7 4 20 42 41 48 
student 122: 31 4 2 11 27 33 14 32 48 37 6 28 24 45 41 36 22 29 21 50 3 9 7 13 10 26 12 25 38 34 30 19 35 15 20 18 23 8 39 47 49 17 42 46 1 5 16 44 43 40 
student 123: 36 7 4 8 22 29 17 33 43 37 5 25 27 48 39 42 21 28 16 50 1 11 6 13 12 23 9 26 40 34 32 15 31 14 19 20 30 10 35 49 46 18 38 47 2 3 24 44 41 45 
student 124: 38 13 3 5 26 31 21 33 50 39 4 24 17 49 40 43 20 30 23 48 2 7 8 12 19 25 11 28 35 27 32 15 36 9 16 14 29 10 34 45 44 22 37 41 6 1 18 42 46 47 
student 125: 37 7 3 5 30 28 14 31 46 43 6 27 22 39 41 42 17 33 20 48 4 8 1 19 15 24 10 23 40 32 26 12 35 11 18 16 25 29 34 49 47 13 36 44 9 2 21 45 38 50 
student 126: 27 3 1 6 31 32 12 33 47 41 5 26 24 49 39 42 21 30 19 50 4 11 7 13 16 22 8 25 28 36 29 17 37 18 20 14 38 10 34 48 45 15 40 43 9 2 23 46 44 35 
student 127: 32 11 1 6 27 29 12 34 46 35 2 31 23 47 41 43 19 30 22 50 5 8 4 15 7 25 9 18 39 33 40 20 36 16 24 14 28 13 26 49 48 17 38 37 10 3 21 42 44 45 
student 128: 33 5 1 9 28 35 15 20 50 40 4 27 26 44 36 41 25 31 16 49 3 6 2 14 11 24 10 21 32 37 30 19 38 17 22 13 29 12 34 47 48 18 39 42 8 7 23 45 46 43 
student 129: 40 4 1 7 27 32 14 30 49 39 3 28 25 47 42 43 22 29 19 50 5 8 6 11 13 23 9 24 33 37 34 18 36 17 20 10 26 16 31 38 48 15 35 41 12 2 21 45 44 46 
student 130: 33 5 1 4 22 28 17 36 45 40 8 26 27 43 42 41 16 29 23 50 3 11 6 19 12 25 10 21 37 31 35 18 34 14 20 13 30 7 32 48 49 15 38 46 9 2 24 39 44 47 
student 131: 35 4 3 8 25 29 14 31 47 41 6 28 22 45 39 40 16 30 26 49 2 5 9 13 12 23 7 18 37 38 36 21 33 17 20 11 24 15 32 50 46 27 34 43 10 1 19 48 44 42 
student 132: 33 6 1 5 24 19 12 34 48 39 4 29 26 46 43 41 21 28 20 49 2 7 8 13 10 25 9 27 36 35 32 16 37 17 15 23 31 14 30 50 47 18 38 45 11 3 22 42 44 40 
student 133: 37 5 6 9 32 24 13 29 46 36 3 26 30 47 40 41 21 22 25 50 10 4 7 15 12 18 2 23 38 33 31 16 35 20 17 19 34 14 28 48 49 11 39 45 8 1 27 44 42 43 
student 134: 33 10 4 5 22 29 16 30 45 37 2 26 28 47 42 44 24 23 19 50 3 6 1 17 12 25 8 21 34 35 32 9 43 15 20 11 36 14 31 49 48 18 39 41 7 13 27 40 38 46 
student 135: 36 8 1 14 20 30 15 31 46 40 3 23 24 50 38 45 21 32 25 49 4 6 5 12 11 26 9 22 39 35 29 17 33 16 19 13 28 10 34 48 43 18 42 47 7 2 27 41 44 37 
student 136: 33 8 1 4 27 28 16 32 46 41 3 31 23 48 37 39 21 24 20 50 7 9 6 14 12 26 5 29 38 34 36 17 35 11 19 13 25 15 30 49 47 18 43 40 10 2 22 44 45 42 
student 137: 37 7 1 5 26 28 21 38 50 40 4 29 25 47 39 41 18 30 15 48 2 8 6 16 10 23 12 24 36 32 33 20 31 13 19 14 27 11 34 49 46 17 35 45 9 3 22 42 43 44 
student 138: 32 2 6 14 23 34 9 26 45 42 3 29 24 40 43 39 19 28 21 48 4 5 8 12 10 22 16 25 38 41 35 18 33 17 20 11 30 15 31 50 49 13 37 36 7 1 27 46 44 47 
student 139: 41 4 8 7 28 33 16 36 45 47 2 20 27 46 40 34 19 30 18 43 3 13 5 15 12 25 9 26 39 38 29 21 32 22 23 10 24 11 31 48 50 17 35 37 6 1 14 42 44 49 
student 140: 34 6 1 10 24 31 16 32 45 37 3 28 26 50 36 40 23 35 18 49 5 9 4 20 8 27 11 19 38 30 29 17 33 13 21 15 25 14 44 47 48 12 41 42 7 2 22 43 39 46 
student 141: 35 7 3 9 29 25 13 28 44 34 4 30 22 48 38 41 20 27 19 49 2 5 10 8 17 21 14 23 37 40 32 15 36 26 16 12 31 11 33 45 50 18 39 43 6 1 24 47 46 42 
student 142: 35 6 4 1 24 27 17 32 50 42 2 26 25 44 38 40 19 30 14 49 7 8 10 13 16 28 9 22 37 34 31 20 33 18 21 12 29 11 36 45 41 15 39 46 5 3 23 47 43 48 
student 143: 44 5 3 8 24 30 17 33 50 38 6 26 25 48 39 40 21 29 23 46 1 14 12 9 15 22 7 28 36 35 31 19 34 13 18 4 27 11 32 49 43 16 37 41 10 2 20 45 47 42 
student 144: 33 7 1 2 24 32 17 29 50 45 5 27 25 49 37 43 11 30 22 48 4 13 12 16 10 26 6 20 42 36 34 21 31 18 9 14 28 15 40 44 47 19 35 39 8 3 23 46 38 41 
student 145: 34 4 2 1 19 29 13 30 47 40 9 26 25 46 39 41 16 32 27 50 3 6 5 15 10 22 11 18 37 35 31 17 36 14 21 20 28 12 33 48 49 24 38 42 7 8 23 44 43 45 
student 146: 35 7 2 5 27 30 18 32 46 37 6 28 25 47 36 41 20 33 21 48 3 12 4 15 9 23 11 22 38 34 29 19 39 13 16 14 26 10 31 44 49 17 40 45 8 1 24 43 42 50 
student 147: 38 3 6 7 29 31 5 26 48 33 2 27 24 47 39 40 22 28 20 45 8 11 9 13 15 25 10 23 37 34 32 19 36 18 17 16 30 14 35 49 50 12 42 46 4 1 21 43 44 41 
student 148: 39 3 2 7 32 29 15 35 43 31 1 26 22 47 41 37 21 28 23 44 4 5 10 13 11 24 12 25 40 33 27 19 36 14 20 18 30 9 34 49 46 16 38 50 8 6 17 45 42 48 
student 149: 33 5 3 6 27 31 15 38 47 37 7 22 24 49 36 39 23 25 20 50 4 8 11 9 16 28 14 18 35 42 32 13 29 17 19 10 30 12 34 46 48 21 41 43 2 1 26 40 45 44 
student 150: 40 12 3 5 24 30 14 38 50 42 4 26 27 48 39 37 20 28 19 45 1 7 11 16 10 25 8 18 36 29 32 22 34 17 23 15 31 13 33 46 49 9 35 47 6 2 21 43 41 44 
student 151: 43 5 1 6 26 27 17 33 45 40 3 39 24 48 42 37 21 28 19 46 4 8 12 7 10 22 13 25 29 34 31 15 35 18 23 11 32 14 30 50 49 16 36 38 9 2 20 44 47 41 
student 152: 35 7 4 3 25 30 17 33 49 40 2 29 28 47 41 42 22 24 16 39 6 5 8 18 10 23 9 31 38 37 26 14 34 13 20 11 27 15 32 45 50 19 36 44 12 1 21 43 46 48 
student 153: 33 3 1 8 28 29 12 34 48 36 6 27 30 42 43 41 20 21 18 46 5 7 4 16 10 23 11 22 38 39 31 25 26 19 14 17 35 13 32 45 50 15 40 47 9 2 24 44 37 49 
student 154: 31 7 5 1 23 32 10 37 45 42 15 28 20 49 36 34 22 35 21 50 3 8 9 13 14 24 2 26 41 38 33 17 27 16 19 11 30 12 29 47 48 18 39 40 6 4 25 46 43 44 
student 155: 34 3 1 8 27 30 16 32 46 42 6 23 26 47 40 43 22 29 20 49 4 9 7 18 5 25 11 17 38 33 31 13 39 15 19 14 24 12 36 48 50 21 35 41 10 2 28 37 44 45 
student 156: 38 14 2 5 27 30 8 37 50 41 3 22 23 47 36 40 20 28 16 49 4 9 6 12 11 25 7 15 35 32 33 19 34 13 26 10 29 18 39 46 48 21 31 44 17 1 24 43 45 42 
student 157: 38 5 2 6 23 27 14 37 48 39 3 25 26 46 30 41 22 31 17 49 4 10 11 18 7 29 12 21 44 33 35 16 32 9 20 15 28 13 34 50 47 19 40 45 8 1 24 42 36 43 
student 158: 32 4 9 7 28 24 11 44 50 42 1 33 12 48 41 36 18 27 22 46 3 5 6 15 13 25 10 26 40 31 29 17 30 16 20 14 38 19 35 47 49 21 37 34 8 2 23 43 39 45 
student 159: 34 5 3 2 27 31 15 32 50 38 4 29 21 47 45 41 18 24 23 49 1 9 7 17 10 26 8 25 35 36 28 13 33 16 19 14 30 12 40 42 46 20 37 44 11 6 22 48 43 39 
student 160: 36 9 1 5 26 33 14 31 45 42 4 30 25 48 38 44 18 28 19 50 8 7 6 12 15 24 3 21 37 32 29 16 41 22 17 20 27 10 34 49 46 13 35 43 11 2 23 39 40 47 
student 161: 44 2 3 10 26 30 15 28 46 39 4 27 23 41 40 42 25 31 24 49 1 5 6 7 12 22 8 17 35 36 29 14 33 16 18 19 34 11 32 48 47 21 37 43 13 9 20 50 45 38 
student 162: 34 10 3 2 31 28 12 30 45 39 6 27 23 50 36 40 20 26 22 48 5 9 4 16 14 25 13 21 37 32 38 18 33 17 24 8 42 7 29 43 47 15 35 41 11 1 19 46 44 49 
student 163: 34 4 2 6 25 35 12 31 47 40 8 29 24 44 39 45 15 26 23 46 3 9 5 14 13 22 11 21 33 37 30 17 32 16 18 10 27 19 36 49 50 20 38 41 7 1 28 43 42 48 
student 164: 35 6 2 7 28 30 17 34 47 36 4 29 27 45 40 43 25 24 23 50 3 5 8 10 9 18 14 20 37 38 32 16 31 13 21 15 26 12 33 48 46 19 39 42 11 1 22 49 41 44 
student 165: 31 6 4 3 26 30 14 32 49 41 1 27 12 45 38 39 21 28 17 46 5 9 8 16 13 23 7 24 43 33 34 20 42 18 22 11 29 15 35 47 50 19 36 37 10 2 25 40 48 44 
student 166: 35 11 2 1 25 32 10 37 47 29 4 26 30 46 42 45 19 27 22 50 3 8 6 16 9 23 7 20 41 33 31 18 36 14 17 13 28 12 34 48 49 21 38 44 15 5 24 40 39 43 
student 167: 33 9 5 4 23 32 11 35 48 46 2 25 28 43 38 34 26 29 22 50 3 6 7 12 8 20 16 13 40 37 30 19 36 21 24 14 31 18 27 44 49 15 39 45 10 1 17 47 42 41 
student 168: 39 3 2 4 27 28 19 36 46 49 1 22 32 35 40 47 25 29 18 50 5 7 9 14 11 23 8 17 31 37 33 16 38 12 20 13 30 10 26 45 48 24 41 34 15 6 21 44 43 42 
student 169: 41 4 3 9 22 30 11 35 44 38 1 26 27 47 32 34 20 31 29 50 6 10 8 18 15 25 5 24 33 36 28 19 37 12 14 17 23 13 39 45 46 16 40 43 7 2 21 48 42 49 
student 170: 37 5 1 3 27 29 13 33 43 39 9 26 25 47 45 41 23 28 22 50 6 7 10 15 4 21 12 20 35 32 31 14 34 18 17 16 30 11 36 49 48 19 38 40 8 2 24 42 46 44 
student 171: 31 8 7 3 25 33 17 29 49 40 4 32 26 47 37 38 16 24 20 46 2 10 5 11 19 27 13 22 34 36 30 14 39 18 15 9 28 12 35 44 48 21 50 42 6 1 23 43 41 45 
student 172: 35 4 2 5 24 31 14 30 47 38 3 26 28 40 41 43 19 25 23 50 11 7 6 12 9 29 15 20 36 34 27 16 33 22 18 13 32 10 37 48 49 17 39 44 8 1 21 46 45 42 
student 173: 37 7 2 3 23 24 16 32 43 44 1 31 22 50 41 42 19 30 26 49 6 9 5 15 13 27 10 20 36 39 29 21 34 17 18 8 28 14 33 48 45 12 47 35 11 4 25 46 40 38 
student 174: 38 4 6 3 36 28 15 32 45 39 7 25 22 50 40 44 19 29 21 48 5 8 2 17 11 23 14 26 37 30 27 13 34 16 20 12 31 9 33 47 49 18 35 41 10 1 24 46 42 43 
student 175: 30 9 4 3 25 28 17 36 50 42 5 26 24 41 33 43 15 27 18 37 6 7 2 8 12 31 10 22 39 29 34 23 40 20 16 14 32 13 35 47 45 19 38 44 11 1 21 48 46 49 
student 176: 33 10 1 6 26 34 16 39 43 38 5 27 25 46 40 41 22 29 18 50 4 7 9 13 8 19 11 24 37 31 32 21 36 17 14 15 23 12 28 45 49 20 48 44 3 2 30 47 35 42 
student 177: 39 6 1 9 27 26 12 38 42 37 5 25 21 49 34 40 19 31 23 50 3 8 7 13 11 22 10 20 35 33 29 16 36 17 24 14 28 18 32 47 46 15 41 43 4 2 30 45 48 44 
student 178: 36 15 3 6 19 30 16 38 47 41 2 25 24 46 44 35 23 27 22 49 4 7 9 13 11 29 10 20 37 34 32 17 33 14 18 8 28 12 31 50 45 21 39 40 5 1 26 48 42 43 
student 179: 37 5 4 8 25 30 16 32 49 36 6 26 24 43 41 44 23 33 12 50 2 3 10 15 9 29 11 20 39 31 28 22 35 17 19 13 27 14 34 47 48 18 40 46 7 1 21 45 42 38 
student 180: 32 6 9 7 29 30 20 35 41 37 2 21 25 43 45 40 18 10 19 50 1 12 8 15 13 27 5 26 36 34 31 22 38 17 24 14 28 11 33 39 42 16 46 48 3 4 23 44 47 49 
student 181: 38 4 2 5 25 31 14 33 46 40 7 27 17 49 47 34 20 28 18 41 1 13 6 15 11 22 21 19 37 35 32 23 29 12 16 8 30 10 36 48 50 24 45 39 9 3 26 42 44 43 
student 182: 40 4 3 9 24 29 18 26 45 43 2 28 25 46 41 44 20 30 22 48 6 10 5 8 7 27 12 21 39 36 32 15 34 13 16 14 31 17 33 47 49 19 35 38 11 1 23 42 37 50 
student 183: 39 9 1 5 29 30 19 32 50 40 3 28 24 48 43 34 22 17 23 45 8 7 6 16 13 27 11 25 33 37 31 18 35 15 4 14 26 12 36 42 49 21 41 44 10 2 20 47 38 46 
student 184: 38 3 4 2 28 27 9 32 47 41 12 26 20 31 40 44 22 36 19 50 6 8 15 14 7 25 10 24 37 29 33 17 34 13 21 11 30 5 35 46 48 18 39 42 16 1 23 45 43 49 
student 185: 34 8 4 1 26 30 16 32 44 38 9 24 21 45 36 48 23 29 13 47 2 5 10 22 11 28 15 14 37 39 31 25 35 17 18 12 27 7 33 50 49 19 40 42 6 3 20 41 46 43 
student 186: 36 4 8 3 28 31 17 30 49 38 11 29 25 47 42 35 23 21 22 50 5 12 10 9 6 26 13 18 34 33 27 14 41 19 20 16 32 7 40 45 48 15 37 39 2 1 24 46 43 44 
student 187: 37 6 3 14 26 27 16 32 44 38 2 24 31 48 39 46 21 25 20 50 1 7 8 15 5 23 12 22 40 35 28 18 34 17 19 9 30 13 33 43 49 10 41 36 11 4 29 45 42 47 
student 188: 35 13 7 5 34 29 15 30 47 42 8 27 22 45 39 41 20 26 23 50 2 3 1 14 6 24 11 25 33 37 28 16 38 17 19 12 31 9 32 44 49 18 36 46 10 4 21 40 43 48 
student 189: 46 6 2 7 28 25 18 36 50 44 4 31 24 35 33 39 23 30 21 47 1 5 8 16 9 22 11 26 42 38 27 14 34 19 17 12 29 13 37 48 43 15 32 45 10 3 20 41 40 49 
student 190: 38 7 4 5 27 30 13 33 48 41 3 28 19 46 34 40 23 25 21 49 8 6 10 18 11 24 1 20 37 32 31 16 35 14 22 12 29 9 36 50 44 15 39 42 17 2 26 45 43 47 
student 191: 33 9 5 1 24 29 12 37 46 41 3 26 27 50 38 40 19 31 22 47 7 10 6 14 2 25 15 18 35 30 36 17 32 16 21 13 28 11 34 48 49 20 42 44 8 4 23 45 39 43 
student 192: 35 10 1 9 23 32 16 34 48 41 2 30 28 46 44 43 22 31 11 39 5 3 6 18 13 25 8 24 36 42 27 20 33 17 15 14 29 12 37 49 50 19 26 38 4 7 21 45 40 47 
student 193: 40 4 1 8 25 31 12 33 36 39 6 27 24 50 38 42 17 28 30 48 2 9 7 20 13 23 11 18 41 34 26 22 37 10 19 15 29 14 32 46 49 21 35 44 5 3 16 47 43 45 
student 194: 38 3 1 8 29 26 14 32 46 37 9 31 20 49 36 41 24 30 22 45 4 5 10 15 11 28 7 21 40 34 27 13 35 17 25 12 23 16 33 50 48 19 39 44 6 2 18 43 42 47 
student 195: 30 5 1 10 26 29 17 31 45 39 6 32 21 44 38 42 23 28 14 46 3 4 15 13 9 16 8 25 40 34 33 24 35 18 22 12 27 11 36 48 49 20 37 41 7 2 19 43 50 47 
student 196: 39 5 1 3 29 30 10 34 49 42 9 27 21 47 37 45 28 25 18 50 2 8 7 17 6 23 14 15 40 38 32 22 35 16 20 12 19 13 33 43 48 26 31 36 11 4 24 46 44 41 
student 197: 48 9 3 8 28 27 15 30 44 35 6 25 24 45 34 40 29 26 20 47 4 14 1 13 10 22 5 19 32 37 33 11 39 17 21 16 31 12 36 43 50 23 41 38 7 2 18 49 46 42 
student 198: 34 3 1 4 28 29 15 37 48 43 2 32 26 41 40 44 19 21 18 49 7 10 5 14 9 23 13 22 35 33 31 25 38 12 27 16 30 11 24 42 47 17 36 39 8 6 20 50 45 46 
student 199: 39 9 1 7 26 32 17 31 44 40 11 28 24 48 35 43 21 23 16 50 2 8 5 18 3 30 12 22 38 36 34 19 37 15 13 14 29 10 25 49 47 20 33 46 6 4 27 42 41 45 
student 200: 34 5 3 4 31 27 14 33 46 36 2 26 24 42 41 43 25 29 21 50 6 10 8 12 13 23 7 22 38 28 32 17 39 15 16 18 30 9 35 49 48 19 44 37 11 1 20 47 40 45 
student 201: 34 2 1 9 26 31 8 33 50 41 10 30 25 46 37 39 16 27 21 49 4 7 6 14 12 23 17 24 38 28 32 18 36 19 15 5 29 13 35 48 47 20 40 43 11 3 22 44 42 45 
student 202: 32 8 2 5 24 30 14 36 48 39 7 27 19 46 33 38 26 28 20 50 1 3 6 12 11 23 10 25 35 44 37 17 34 15 18 16 29 13 31 49 47 21 41 42 9 4 22 45 40 43 
student 203: 38 1 4 3 27 35 16 33 50 34 2 26 24 46 45 39 21 28 18 42 6 10 9 19 8 25 14 17 41 36 29 12 37 23 15 13 30 7 31 49 48 20 40 32 11 5 22 44 47 43 
student 204: 34 8 1 7 30 36 20 43 49 42 3 24 26 46 38 44 17 28 16 50 2 4 9 14 11 21 10 23 33 35 27 18 32 19 13 12 31 15 29 47 48 22 40 41 6 5 25 45 37 39 
student 205: 33 9 1 8 30 29 16 38 46 44 5 26 24 48 35 42 22 36 20 47 2 6 4 13 11 23 10 18 34 32 31 17 37 15 25 7 28 14 27 50 49 19 39 41 12 3 21 43 45 40 
student 206: 31 4 2 7 36 29 14 32 48 39 1 33 26 45 41 43 23 24 21 50 3 10 5 15 11 22 9 25 37 38 28 16 30 18 19 13 27 12 35 49 47 17 40 42 8 6 20 46 44 34 
student 207: 26 4 2 7 27 28 16 34 48 38 3 29 24 42 43 39 21 32 19 49 5 6 9 13 8 25 14 20 35 31 33 18 30 10 22 17 37 12 36 47 50 15 41 40 11 1 23 45 44 46 
student 208: 40 3 8 5 35 30 19 31 48 41 9 27 22 46 34 39 20 29 24 50 2 12 4 18 10 23 13 25 28 36 33 21 37 11 16 14 26 7 32 47 49 15 42 38 6 1 17 43 45 44 
student 209: 37 11 2 6 25 27 16 35 48 40 7 31 24 50 38 41 20 30 17 49 3 5 4 14 8 28 13 22 34 33 32 18 36 15 19 12 29 10 26 47 43 21 45 44 9 1 23 42 39 46 
student 210: 35 4 2 3 23 29 11 38 48 40 5 27 26 47 37 41 21 25 20 49 7 6 12 15 8 30 13 22 33 34 31 17 39 16 18 19 28 10 32 50 46 14 36 42 9 1 24 43 44 45 
student 211: 39 5 3 6 25 35 10 30 49 34 4 23 19 48 40 41 27 26 18 50 1 12 8 17 9 29 7 22 36 32 37 13 38 20 15 16 28 11 33 47 46 24 43 42 14 2 21 44 31 45 
student 212: 39 6 1 5 23 28 15 35 48 38 3 31 27 41 37 46 20 24 21 50 4 8 13 10 11 22 9 25 36 32 34 19 43 16 17 14 30 12 29 42 49 18 33 45 7 2 26 40 44 47 
student 213: 42 5 2 3 27 31 17 38 48 43 12 26 23 37 39 41 16 28 24 50 4 10 6 15 21 19 9 22 34 32 30 20 36 18 14 7 29 13 33 46 49 8 35 40 11 1 25 47 44 45 
student 214: 36 2 4 6 25 28 19 29 47 37 9 30 24 40 43 44 20 32 18 49 3 5 12 13 17 22 10 23 35 39 34 16 31 14 21 8 27 11 33 42 48 15 50 46 7 1 26 38 41 45 
student 215: 34 2 3 4 29 28 16 32 45 39 12 27 25 44 37 41 14 30 23 50 5 15 8 19 10 20 9 22 43 36 31 17 35 11 21 7 24 13 33 46 47 18 38 40 6 1 26 49 42 48 
student 216: 34 8 3 5 20 21 16 30 50 40 4 28 19 47 39 42 29 24 22 49 2 7 6 15 14 26 13 23 36 32 33 18 37 11 25 9 31 12 35 45 44 17 48 41 10 1 27 43 38 46 
student 217: 38 8 2 5 27 33 20 31 46 32 3 18 24 45 41 37 15 29 17 50 4 6 7 21 14 25 10 26 39 34 30 19 36 22 11 13 28 16 35 48 49 12 40 42 9 1 23 47 43 44 
student 218: 38 3 5 10 25 28 8 37 45 41 4 26 24 43 40 39 18 29 19 49 6 7 11 13 12 27 14 20 32 35 30 21 31 16 22 17 33 2 34 46 50 15 36 42 9 1 23 44 47 48 
student 219: 38 6 8 5 28 29 12 30 47 35 3 37 24 46 31 39 19 26 23 50 2 7 4 16 13 22 9 21 40 34 33 20 36 15 18 11 32 10 27 48 49 17 41 43 14 1 25 42 44 45 
student 220: 34 3 2 6 27 33 13 29 48 43 5 28 24 42 37 38 21 30 25 44 11 7 4 12 10 17 9 23 39 32 31 16 35 18 19 15 22 14 36 50 49 20 40 45 8 1 26 46 47 41 
student 221: 39 12 1 4 21 32 19 31 49 42 11 36 23 47 38 40 24 28 20 50 3 8 6 14 7 30 9 18 34 29 22 16 33 13 26 15 25 10 35 41 45 17 37 43 2 5 27 48 46 44 
student 222: 35 5 4 3 26 23 16 31 48 40 6 32 20 46 41 36 22 28 24 49 2 7 9 13 12 27 10 25 39 34 30 18 38 17 15 11 29 14 33 45 50 21 37 43 8 1 19 47 42 44 
student 223: 32 7 9 8 28 29 14 30 45 41 2 27 25 48 37 40 23 31 22 50 1 15 4 12 10 24 13 20 39 36 33 18 38 16 19 6 26 3 34 46 49 17 42 35 11 5 21 47 43 44 
student 224: 28 7 1 5 24 30 17 33 46 39 2 34 27 48 38 40 12 26 21 50 3 9 6 20 11 25 8 19 37 31 36 13 35 22 18 16 29 15 32 45 47 14 41 43 10 4 23 44 42 49 
student 225: 34 5 2 7 21 32 16 38 49 43 4 24 27 46 36 41 20 26 23 50 11 9 6 14 8 28 3 22 39 37 30 17 31 13 18 12 29 15 33 47 42 19 40 35 10 1 25 44 48 45 
student 226: 34 6 4 5 27 29 13 33 50 43 3 25 22 46 39 42 21 28 20 48 1 8 14 19 10 24 7 26 41 35 30 17 37 15 18 11 32 12 31 47 49 16 36 38 9 2 23 45 40 44 
student 227: 34 8 7 4 24 35 15 32 49 44 5 26 22 45 36 43 19 27 17 50 2 3 6 16 10 23 9 21 40 33 29 31 38 14 20 13 28 12 30 47 48 18 37 41 11 1 25 42 39 46 
student 228: 36 5 2 12 27 26 17 33 45 40 6 29 24 43 39 44 11 31 19 50 3 4 8 16 9 25 10 21 42 32 30 18 35 15 20 14 34 13 28 47 49 23 37 41 7 1 22 48 38 46 
student 229: 36 5 1 3 25 29 16 33 47 37 7 27 20 49 38 43 23 28 19 48 4 6 12 15 8 22 13 31 34 40 32 18 35 11 21 14 26 9 30 44 50 17 39 42 10 2 24 41 45 46 
student 230: 34 7 3 2 31 30 15 29 46 39 5 27 20 43 45 40 24 28 19 48 4 12 6 14 11 25 17 23 37 35 36 16 32 9 18 13 26 10 33 49 50 22 38 41 8 1 21 44 47 42 
student 231: 37 5 4 10 33 26 15 29 50 38 6 28 27 45 43 40 19 25 17 49 2 3 11 14 12 22 8 18 35 32 30 23 36 16 24 13 31 9 34 48 47 20 39 41 7 1 21 44 42 46 
student 232: 36 4 1 3 27 34 18 33 48 46 2 29 22 45 41 37 21 25 20 49 6 8 10 12 11 24 7 23 39 32 26 15 35 16 19 13 30 14 31 50 47 17 43 38 9 5 28 40 42 44 
student 233: 32 3 1 5 29 25 12 33 49 39 6 24 27 48 38 41 19 28 22 44 2 7 8 11 18 30 9 23 36 37 26 17 35 16 20 14 31 15 34 50 46 13 40 43 10 4 21 42 45 47 
student 234: 42 13 1 4 28 31 15 33 45 38 3 27 24 49 39 40 20 32 26 48 5 8 7 12 6 22 10 23 35 37 36 16 34 18 19 11 25 14 29 41 50 17 30 47 9 2 21 44 43 46 
student 235: 36 5 3 4 24 33 15 35 46 39 9 28 25 47 40 42 16 27 20 50 1 7 6 11 13 21 14 19 32 37 30 17 41 12 22 10 29 26 34 48 49 18 31 38 8 2 23 44 43 45 
student 236: 39 3 4 5 21 35 14 33 47 42 6 25 23 44 41 37 24 29 20 50 1 8 12 15 11 28 9 22 34 27 31 18 36 17 19 13 30 10 32 48 49 16 40 38 7 2 26 45 43 46 
student 237: 35 3 10 7 30 31 6 29 45 39 2 22 28 48 43 46 15 27 20 50 1 19 9 12 8 24 18 25 40 37 32 14 33 16 23 11 26 13 34 44 49 17 36 38 5 4 21 42 41 47 
student 238: 39 6 5 4 20 28 14 33 46 42 1 27 26 48 36 41 19 32 16 50 3 10 7 17 8 24 9 25 40 38 31 18 35 13 22 15 29 11 34 49 43 21 30 45 12 2 23 47 37 44 
student 239: 40 5 3 6 23 29 18 32 47 36 2 28 26 43 37 39 21 30 16 49 1 7 8 17 12 25 9 24 35 34 31 19 33 14 13 10 27 15 38 48 50 22 41 45 11 4 20 42 46 44 
student 240: 36 7 4 1 26 30 17 33 45 38 5 27 24 46 39 44 19 29 21 50 2 9 6 15 14 25 12 20 40 34 31 16 35 10 11 8 28 23 32 48 49 18 37 47 13 3 22 41 42 43 
student 241: 33 5 6 4 24 27 18 32 47 40 2 31 26 45 41 39 23 28 19 49 3 9 8 12 11 22 10 20 37 35 34 17 36 14 21 13 29 16 30 48 50 15 43 42 7 1 25 46 44 38 
student 242: 36 5 8 1 26 30 18 32 44 39 7 17 24 46 31 43 23 28 21 48 3 11 9 14 10 29 4 25 37 38 34 19 33 13 16 15 27 6 35 42 50 20 40 45 12 2 22 47 49 41 
student 243: 29 2 4 12 26 31 17 36 47 35 7 23 21 45 42 41 22 27 18 48 3 8 5 11 10 25 6 28 37 32 34 24 38 15 16 14 33 13 30 50 49 19 39 40 9 1 20 46 44 43 
student 244: 43 4 2 6 28 23 14 35 49 41 5 32 26 40 33 38 18 27 19 50 7 12 3 10 16 21 8 24 29 34 37 22 39 20 17 13 30 11 31 47 48 15 36 44 9 1 25 46 42 45 
student 245: 36 13 1 3 29 26 14 34 48 41 5 20 28 42 37 40 9 25 21 49 2 6 10 12 15 27 4 31 38 24 33 18 35 19 23 16 32 8 30 47 46 17 39 43 7 11 22 44 50 45 
student 246: 32 4 2 10 20 35 14 30 50 39 8 27 22 46 40 41 13 23 25 49 3 7 12 16 6 28 5 26 38 34 31 18 36 15 21 17 33 11 29 48 47 19 37 44 9 1 24 43 42 45 
student 247: 36 4 3 7 26 27 13 32 50 42 5 28 18 46 38 45 22 30 12 49 2 6 9 17 10 24 14 25 39 34 31 21 35 20 15 11 29 16 33 47 48 19 37 40 8 1 23 44 43 41 
student 248: 42 13 1 7 29 30 15 31 43 39 9 27 25 37 36 41 18 26 23 45 6 4 3 11 10 21 8 20 35 34 32 17 33 16 22 14 28 12 38 48 40 19 47 44 5 2 24 50 49 46 
student 249: 41 5 4 1 32 35 19 33 47 37 3 26 22 45 39 42 21 23 9 50 7 13 6 14 12 24 11 29 38 30 27 17 34 15 18 8 25 16 40 48 49 20 31 36 10 2 28 46 44 43 
student 250: 37 6 8 2 26 31 17 36 47 40 7 24 28 45 41 42 25 27 19 50 3 11 4 15 12 23 5 22 39 30 32 18 35 16 14 10 29 13 34 46 48 20 33 38 9 1 21 49 43 44 
student 251: 35 9 2 6 25 28 12 38 44 39 5 27 26 47 40 42 21 34 22 49 3 8 4 18 11 24 7 23 33 32 31 16 36 14 20 17 30 13 29 50 48 19 37 46 10 1 15 43 41 45 
student 252: 34 2 1 5 23 30 16 32 47 41 8 29 19 44 37 39 21 31 20 45 4 7 6 22 12 25 9 24 38 35 27 14 36 17 18 10 28 13 33 49 50 15 40 43 11 3 26 46 42 48 
student 253: 35 8 4 5 25 30 16 31 44 39 2 27 21 49 41 42 24 28 23 50 3 9 7 15 14 26 10 19 36 34 33 12 32 20 18 11 37 13 29 48 47 17 38 43 6 1 22 46 40 45 
student 254: 44 11 3 2 28 32 14 37 48 36 6 26 25 40 35 39 21 29 18 50 7 9 5 19 12 27 4 23 33 34 31 17 38 15 16 10 24 8 30 46 49 20 43 41 13 1 22 42 47 45 
student 255: 36 4 2 5 37 33 8 29 50 40 7 26 18 44 38 45 17 28 16 47 3 9 6 21 10 25 11 23 35 32 31 15 34 20 19 14 27 12 30 43 49 22 41 42 13 1 24 39 48 46 
student 256: 38 6 2 4 24 34 13 33 49 37 3 28 25 44 43 41 20 29 23 50 5 8 7 11 12 18 9 19 31 36 35 17 32 15 21 22 27 10 30 46 45 16 39 40 14 1 26 42 47 48 
student 257: 31 6 3 2 26 30 18 29 42 43 5 23 27 47 38 40 22 32 21 49 13 8 4 16 9 25 12 19 37 24 36 15 33 10 20 11 34 14 35 46 48 17 39 50 7 1 28 45 41 44 
student 258: 38 5 4 8 29 32 12 33 45 44 3 28 23 50 34 43 16 26 20 47 2 10 6 15 9 24 14 21 46 42 31 13 35 19 17 11 30 18 25 40 49 27 39 37 7 1 22 41 36 48 
student 259: 32 12 2 5 23 21 14 26 43 37 1 19 31 47 40 42 22 34 18 48 3 11 8 7 9 33 16 28 30 41 25 13 39 20 24 6 35 17 38 49 50 15 27 45 10 4 29 46 36 44 
student 260: 38 7 6 4 27 22 19 32 44 43 2 29 25 42 41 36 24 30 20 50 3 5 16 15 12 26 9 21 39 34 31 18 33 11 13 8 28 14 35 47 49 17 37 46 10 1 23 40 48 45 
student 261: 28 13 1 8 27 34 18 36 48 42 4 25 24 46 41 40 23 26 16 49 3 5 7 15 9 29 12 21 37 31 30 10 33 20 19 11 35 14 32 50 47 17 38 39 6 2 22 45 43 44 
student 262: 42 2 3 7 27 28 12 32 44 29 1 31 25 45 38 46 21 23 17 49 5 9 6 22 14 24 11 19 36 34 33 16 35 15 20 13 30 8 37 48 50 18 39 40 4 10 26 41 47 43 
student 263: 37 6 3 4 23 33 15 32 45 42 2 29 24 47 44 39 22 35 16 48 1 7 8 14 12 27 11 25 20 36 28 21 38 19 18 13 30 10 31 50 49 17 34 43 9 5 26 41 40 46 
student 264: 33 4 3 9 22 27 14 32 49 42 2 26 25 44 41 39 21 30 17 48 6 5 7 16 10 28 11 23 37 36 34 18 29 15 20 13 31 12 35 47 50 19 40 46 8 1 24 43 38 45 
student 265: 36 5 1 6 20 29 18 32 48 38 2 30 24 46 40 41 19 31 21 47 3 7 4 17 8 25 9 26 37 34 28 22 35 13 16 11 27 14 33 49 50 15 39 42 10 12 23 45 44 43 
student 266: 32 3 1 10 24 28 14 33 48 37 6 23 27 46 38 42 22 25 18 49 4 7 12 17 5 31 11 21 39 36 30 9 35 19 16 13 34 15 29 50 47 20 41 44 8 2 26 40 45 43 
student 267: 35 13 1 4 27 29 17 30 47 39 9 26 28 43 41 37 15 24 20 50 2 8 5 14 11 23 6 22 34 38 32 18 36 19 25 10 31 12 33 48 46 16 40 44 7 3 21 45 42 49 
student 268: 37 8 1 3 27 33 9 29 43 40 2 28 23 45 38 42 20 25 22 49 5 6 13 19 10 24 7 21 36 32 35 14 34 11 18 12 30 15 31 48 50 17 39 46 16 4 26 47 41 44 
student 269: 34 4 5 2 25 30 18 36 48 37 9 21 33 47 35 38 27 26 22 50 1 10 6 12 11 28 8 20 44 31 29 15 32 16 19 14 24 13 41 40 49 17 39 42 7 3 23 45 43 46 
student 270: 40 6 1 8 25 28 13 29 48 39 3 36 23 43 38 42 17 27 21 49 4 7 9 16 5 26 11 20 34 30 33 19 37 15 22 10 32 12 31 47 50 18 41 44 14 2 24 45 35 46 
student 271: 36 8 4 2 30 27 14 34 42 43 5 32 24 50 38 45 21 22 18 49 3 6 7 13 11 25 9 23 37 31 28 19 33 17 15 16 26 10 35 48 41 20 39 46 12 1 29 40 44 47 
student 272: 41 6 3 5 31 28 18 32 47 33 4 25 21 48 39 44 24 29 20 43 1 10 9 15 17 14 11 23 37 36 30 16 38 19 22 12 26 8 35 49 50 13 34 42 7 2 27 46 40 45 
student 273: 35 3 9 2 25 36 14 30 45 40 8 20 26 50 38 42 29 28 19 48 6 5 10 15 11 21 7 17 39 32 31 18 34 16 24 13 27 12 33 49 47 23 37 41 4 1 22 44 43 46 
student 274: 30 5 10 4 26 29 17 33 48 43 2 32 25 44 47 36 14 35 21 50 1 11 8 12 6 24 7 22 42 34 23 15 37 13 19 18 28 9 31 49 46 27 38 39 16 3 20 40 41 45 
student 275: 36 6 3 2 26 33 20 28 48 41 5 25 22 49 35 45 23 27 10 47 9 8 4 14 11 29 7 21 38 37 31 16 34 15 18 12 30 19 32 46 42 17 40 44 13 1 24 50 39 43 
student 276: 40 8 2 5 25 32 17 30 42 44 4 26 21 47 37 38 20 28 23 49 3 11 10 13 6 27 12 19 36 34 31 18 33 22 15 7 29 14 35 46 50 16 41 39 9 1 24 45 43 48 
student 277: 37 7 3 5 26 31 4 27 42 40 9 24 25 44 39 41 21 28 29 49 1 10 8 15 14 23 12 20 38 35 32 17 30 6 19 16 34 13 33 47 50 18 36 43 11 2 22 46 45 48 
student 278: 38 5 2 4 25 28 13 31 46 43 1 27 26 40 34 39 19 29 22 50 3 8 9 17 10 23 15 21 36 35 41 18 32 12 20 14 30 11 33 49 47 16 37 44 7 6 24 45 42 48 
student 279: 31 4 7 6 28 24 14 32 50 39 8 29 25 46 38 41 17 33 20 49 2 10 3 15 5 27 9 22 37 36 26 18 35 16 21 13 30 12 34 48 47 19 40 42 11 1 23 45 43 44 
student 280: 36 3 1 6 29 25 13 31 46 40 12 27 22 47 39 41 17 24 15 50 8 5 2 23 18 34 10 19 37 33 28 20 35 16 21 11 30 9 32 48 49 14 38 42 7 4 26 43 44 45 
student 281: 38 11 6 7 26 32 18 29 44 39 3 33 24 47 35 40 25 27 22 48 4 5 9 13 10 23 8 16 42 34 36 14 37 19 20 15 30 12 28 49 46 17 31 43 2 1 21 45 41 50 
student 282: 38 5 9 4 21 30 13 41 50 40 3 31 24 44 43 45 27 25 20 48 1 12 6 17 10 26 2 22 36 32 29 19 35 7 16 14 28 18 33 46 49 15 34 47 11 8 23 37 42 39 
student 283: 33 8 2 5 27 29 23 32 40 38 3 30 25 47 34 37 20 28 15 50 6 7 4 16 10 19 12 21 35 41 26 17 43 13 22 18 31 9 36 48 49 11 42 39 14 1 24 46 44 45 
student 284: 38 2 4 3 32 29 17 28 46 39 11 23 30 44 37 41 18 25 20 50 7 6 1 14 9 21 8 26 40 36 33 13 34 19 22 10 24 16 31 49 47 15 35 42 12 5 27 48 43 45 
student 285: 40 7 2 4 27 28 17 35 41 38 5 30 23 46 33 42 24 31 14 50 3 6 9 10 12 25 8 20 43 32 34 21 29 18 19 13 22 15 36 49 48 16 37 44 11 1 26 39 45 47 
student 286: 34 5 3 7 25 26 13 32 47 44 2 29 24 46 41 37 19 30 20 50 4 6 15 14 10 27 16 22 39 35 36 18 31 9 17 11 28 12 33 49 48 21 38 40 8 1 23 42 43 45 
student 287: 33 17 5 6 29 27 16 37 43 40 1 28 26 47 38 41 24 23 19 50 2 9 7 8 11 22 10 21 35 34 30 15 39 14 20 13 31 12 32 48 49 18 42 36 4 3 25 46 44 45 
student 288: 34 4 1 8 30 32 17 31 46 44 5 29 20 43 37 41 22 23 16 50 2 6 7 18 10 27 12 24 35 40 33 21 36 15 11 14 26 13 28 48 49 19 38 45 9 3 25 47 42 39 
student 289: 36 1 3 8 26 33 15 27 46 40 4 30 23 43 39 41 20 22 21 48 9 6 10 14 11 25 5 28 37 31 35 17 34 16 19 12 29 13 32 47 49 18 38 44 7 2 24 45 42 50 
student 290: 36 3 2 10 26 32 19 25 44 39 14 28 24 42 31 40 20 27 21 48 4 8 6 16 9 30 7 17 34 38 29 18 37 15 11 13 35 12 33 50 49 22 41 43 5 1 23 45 46 47 
student 291: 37 6 5 3 28 35 17 34 47 43 2 31 24 42 32 41 20 21 19 50 1 13 9 16 11 27 7 22 38 36 33 18 26 10 23 14 30 12 25 49 48 15 39 40 8 4 29 45 44 46 
student 292: 37 3 6 7 27 31 16 29 49 42 4 25 24 41 36 43 19 28 26 47 2 13 8 14 11 23 9 22 38 35 34 15 33 12 18 20 32 10 30 50 48 17 39 45 1 5 21 40 46 44 
student 293: 39 3 7 1 26 28 18 33 46 36 4 29 22 48 44 38 23 34 16 49 9 11 5 12 14 25 10 24 35 32 30 19 37 13 21 17 27 8 31 47 50 15 40 45 6 2 20 41 42 43 
student 294: 42 2 4 5 27 31 16 30 47 38 6 25 24 45 40 39 17 29 26 50 7 3 8 12 15 23 11 20 37 33 32 10 35 14 18 19 28 13 34 48 49 21 36 43 9 1 22 46 41 44 
student 295: 34 6 4 8 27 28 9 30 44 38 3 23 26 43 41 45 29 31 18 48 1 11 5 15 10 21 25 19 37 33 32 13 36 14 20 16 24 12 35 46 50 17 39 42 7 2 22 49 47 40 
student 296: 35 6 3 4 29 30 13 27 45 41 5 26 23 48 39 47 21 25 19 50 1 7 10 15 11 18 14 22 36 33 31 12 32 16 24 8 34 20 38 46 49 17 37 40 9 2 28 43 42 44 
student 297: 37 9 5 8 24 29 14 32 45 38 1 26 25 46 41 39 21 27 18 50 2 6 3 19 11 23 7 28 40 34 33 10 35 13 16 12 31 20 30 49 48 17 36 43 4 15 22 44 42 47 
student 298: 40 5 2 3 24 34 22 35 46 39 10 30 25 47 38 42 21 27 20 48 4 8 6 16 15 28 11 19 36 32 29 17 37 18 12 14 31 7 26 50 49 9 33 41 13 1 23 44 43 45 
student 299: 36 7 6 3 24 27 17 31 46 41 2 29 28 43 40 42 21 26 19 49 1 9 5 12 10 23 8 25 39 32 33 15 35 16 18 13 30 11 34 48 47 22 37 45 14 4 20 38 50 44 
student 300: 36 5 1 2 26 27 14 31 50 39 9 28 24 44 41 40 25 29 18 47 6 7 3 13 15 23 12 21 37 34 32 16 35 20 17 10 30 11 33 45 48 19 42 38 8 4 22 43 49 46 
student 301: 38 4 5 1 30 25 17 33 48 43 2 28 20 45 41 40 18 31 15 50 8 7 6 14 12 29 10 24 37 35 34 13 32 19 22 16 23 11 26 47 49 21 39 36 9 3 27 44 42 46 
student 302: 37 4 3 5 24 30 14 33 46 39 1 22 25 48 43 40 18 23 26 50 2 9 7 10 6 29 15 21 36 32 35 20 34 17 19 16 27 13 31 41 49 12 38 44 11 8 28 42 47 45 
student 303: 34 3 2 8 25 30 7 33 46 40 9 24 27 48 39 42 17 26 21 49 4 12 6 14 13 28 5 22 38 43 29 11 32 20 15 19 37 16 35 44 50 18 31 41 10 1 23 47 45 36 
student 304: 30 6 5 4 28 31 16 34 49 38 3 36 24 45 40 41 21 18 19 48 1 7 14 8 11 26 13 23 39 33 32 15 37 20 22 17 27 10 29 47 50 12 35 43 9 2 25 42 44 46 
student 305: 33 5 1 6 24 30 18 26 45 41 2 29 32 46 37 44 19 22 20 49 9 11 7 8 14 25 3 23 38 34 36 15 40 16 27 10 28 13 31 50 47 17 35 39 12 4 21 43 42 48 
student 306: 34 7 6 3 24 36 14 32 46 41 4 30 29 49 33 37 23 27 21 50 2 10 9 12 16 25 8 20 44 38 31 15 40 18 22 13 19 11 28 42 45 17 35 47 5 1 26 43 39 48 
student 307: 38 5 4 7 24 25 9 34 48 39 6 27 20 45 35 40 26 30 19 49 1 3 11 16 17 21 8 28 33 31 29 13 32 10 22 18 23 15 42 43 50 14 36 46 12 2 37 47 44 41 
student 308: 35 6 3 5 16 36 17 31 48 34 2 27 26 46 44 38 25 32 23 49 9 14 7 15 4 22 10 24 37 33 30 21 40 13 18 12 28 11 29 47 50 19 41 42 8 1 20 45 39 43 
student 309: 38 4 2 3 24 32 15 31 43 37 7 28 27 50 41 40 19 29 22 49 6 9 14 12 10 26 11 18 35 36 33 17 34 21 20 16 30 8 25 45 48 13 46 42 1 5 23 39 47 44 
student 310: 33 8 2 4 34 32 15 31 50 45 10 24 29 44 37 35 22 28 21 46 3 7 5 13 11 27 9 26 41 39 30 17 25 18 16 12 14 20 36 48 49 19 38 43 6 1 23 42 40 47 
student 311: 37 3 2 8 31 25 16 30 43 41 4 23 21 45 42 44 19 28 20 50 5 7 1 12 11 27 10 22 38 34 33 17 36 24 18 14 29 13 32 48 49 15 35 47 9 6 26 46 40 39 
student 312: 35 6 1 8 29 27 19 32 46 36 11 26 24 48 39 41 22 30 20 50 4 15 9 17 12 25 13 23 37 28 31 14 38 10 16 3 33 5 34 47 49 18 44 40 7 2 21 43 45 42 
student 313: 37 8 1 4 26 29 15 27 46 40 5 31 20 44 43 45 23 28 18 49 2 12 7 11 13 25 6 21 34 32 30 19 36 14 16 17 33 9 35 50 48 22 38 39 10 3 24 47 42 41 
student 314: 36 4 1 5 23 27 14 31 47 40 6 28 30 46 41 42 26 29 20 50 3 12 10 15 9 18 7 25 37 32 34 17 33 16 22 11 24 8 35 49 48 19 38 39 13 2 21 45 43 44 
student 315: 34 7 6 5 28 30 16 33 46 41 4 24 23 47 48 39 22 21 32 45 3 8 9 13 12 26 2 19 40 37 31 17 38 15 20 14 29 10 27 49 50 18 35 42 11 1 25 44 36 43 
student 316: 43 6 3 4 32 30 18 35 45 40 7 22 28 34 37 41 21 29 16 49 1 5 9 19 13 26 11 25 38 36 33 12 31 20 17 15 23 10 27 44 48 14 47 50 8 2 24 46 39 42 
student 317: 37 6 3 7 24 30 17 32 43 33 4 29 23 46 40 41 18 31 22 48 5 2 9 14 10 26 8 21 28 36 35 15 38 12 19 13 25 11 34 49 50 20 45 39 16 1 27 44 42 47 
student 318: 33 7 2 6 28 35 17 25 46 45 3 29 26 49 39 40 22 24 18 50 5 4 9 16 8 21 10 15 37 34 31 20 38 11 23 14 30 13 32 48 44 19 36 41 12 1 27 43 42 47 
student 319: 40 6 4 5 26 31 17 29 49 39 8 32 22 46 37 44 25 23 16 50 2 10 3 11 13 21 7 27 33 30 35 18 34 12 20 15 28 9 38 48 47 24 36 41 14 1 19 43 42 45 
student 320: 38 7 5 2 25 28 13 32 50 39 1 26 27 47 43 48 20 29 24 45 4 9 8 19 10 23 14 21 37 36 33 17 31 15 16 12 30 11 35 46 49 18 34 40 6 3 22 42 41 44 
student 321: 33 6 3 5 28 30 17 34 46 40 4 27 24 44 38 45 22 29 20 50 2 10 7 15 9 25 8 18 36 35 32 13 31 21 19 12 26 14 37 47 49 16 39 42 11 1 23 41 43 48 
student 322: 28 7 1 4 22 30 13 33 48 39 6 32 27 45 46 37 25 26 18 50 3 5 8 17 10 16 14 21 43 36 29 19 38 20 23 9 24 11 35 42 49 15 31 40 12 2 34 41 44 47 
student 323: 43 9 5 6 27 31 18 35 46 38 8 25 24 47 34 40 17 30 16 49 1 2 4 7 14 26 11 20 39 33 29 13 36 22 21 12 28 15 32 48 50 19 37 41 10 3 23 44 45 42 
student 324: 37 8 1 6 26 29 12 35 45 47 4 27 19 46 40 36 24 30 21 50 2 7 5 14 9 23 13 22 34 33 32 16 48 17 25 11 28 15 31 44 43 18 39 41 10 3 20 42 38 49 
student 325: 30 9 5 7 34 28 12 36 43 42 3 32 22 40 45 46 21 26 20 49 1 10 4 18 11 25 6 23 37 35 31 15 33 16 19 14 27 13 29 47 50 17 39 44 8 2 24 48 38 41 
student 326: 37 9 5 6 17 28 16 33 49 44 4 26 23 30 39 42 20 31 25 46 3 2 7 11 14 24 19 22 36 35 29 21 34 13 15 12 32 10 40 41 47 18 38 48 8 1 27 45 50 43 
student 327: 38 8 3 5 21 27 13 32 47 40 1 29 25 50 42 43 26 24 20 44 7 12 6 15 9 22 4 23 41 35 34 18 37 17 16 14 30 11 31 49 48 19 33 39 10 2 28 36 46 45 
student 328: 32 4 2 6 27 29 12 33 49 41 8 21 26 47 36 44 22 24 18 43 5 3 11 10 14 28 9 25 39 34 31 19 35 16 20 15 30 17 37 48 50 13 38 40 7 1 23 45 42 46 
student 329: 34 4 1 7 29 24 9 32 45 38 5 25 23 49 36 44 15 33 19 50 3 10 8 12 6 28 13 22 42 37 31 20 27 17 16 14 26 18 39 48 47 21 35 40 11 2 30 41 43 46 
student 330: 38 2 1 3 28 29 15 30 45 40 6 24 25 44 37 41 22 26 21 49 7 12 4 13 14 27 11 17 33 34 31 19 36 16 18 10 35 9 32 50 48 20 39 46 5 8 23 42 43 47 
student 331: 36 9 1 7 25 31 14 28 48 38 4 26 19 44 37 41 20 30 18 49 3 8 5 13 11 27 15 21 34 40 32 16 23 29 22 12 35 10 33 47 50 17 42 43 6 2 24 45 39 46 
student 332: 34 11 2 8 20 32 14 28 45 40 4 25 24 48 41 42 23 27 19 50 3 5 7 17 13 33 10 21 36 30 35 18 37 15 22 12 31 9 26 49 47 16 39 43 6 1 29 38 44 46 
student 333: 35 4 3 7 27 29 16 37 46 47 8 28 24 44 38 40 15 30 23 49 2 11 9 6 19 26 12 18 39 32 31 20 34 5 17 13 25 14 33 50 48 22 36 41 10 1 21 45 42 43 
student 334: 34 7 3 6 26 24 18 29 49 41 1 28 25 45 38 42 20 31 21 50 4 8 10 13 12 27 14 22 35 36 37 16 30 15 19 11 33 9 32 48 46 17 40 39 5 2 23 44 43 47 
student 335: 33 1 4 10 25 29 19 31 44 37 5 14 34 48 38 39 23 24 21 45 2 11 6 15 13 30 9 22 36 35 28 17 40 16 18 7 27 12 32 46 50 20 41 43 8 3 26 49 47 42 
student 336: 42 4 12 3 27 28 15 32 47 43 2 30 24 45 39 44 22 31 19 50 5 7 6 21 11 25 8 20 34 38 23 14 33 16 17 9 36 13 29 46 49 18 35 37 10 1 26 41 40 48 
student 337: 39 3 1 5 29 31 17 30 48 47 7 32 24 46 33 42 23 36 15 50 4 8 9 13 10 28 6 20 40 26 27 21 35 12 22 14 25 16 34 44 49 18 37 41 11 2 19 38 45 43 
student 338: 35 4 1 9 23 28 15 37 50 39 2 21 22 48 32 40 19 31 27 49 6 10 3 17 11 24 8 25 43 33 29 20 38 14 18 13 30 12 34 46 45 16 36 42 7 5 26 44 41 47 
student 339: 38 3 6 5 28 23 15 29 49 40 2 27 33 45 39 41 20 34 21 50 4 11 7 14 12 24 9 22 32 35 31 19 36 18 17 13 25 10 30 47 48 16 37 42 8 1 26 44 43 46 
student 340: 37 3 4 7 28 31 15 33 50 42 6 32 25 45 43 38 22 26 17 49 1 8 5 13 9 21 11 27 36 34 30 16 35 18 20 10 24 14 29 46 48 19 39 41 12 2 23 40 47 44 
student 341: 35 6 3 4 25 29 20 36 45 44 5 28 24 46 39 37 19 26 22 48 1 10 7 8 11 27 9 21 38 32 31 13 34 14 18 16 30 15 33 47 49 17 40 41 12 2 23 42 50 43 
student 342: 36 6 3 4 22 30 15 34 43 42 1 29 25 47 41 44 21 28 19 37 2 9 5 12 11 27 10 23 39 33 31 16 32 17 20 14 26 13 35 48 50 18 40 45 8 7 24 49 38 46 
student 343: 35 6 1 4 29 27 16 30 48 36 5 25 28 44 41 37 20 24 17 49 3 13 9 10 12 43 11 23 38 33 31 19 34 18 22 7 26 14 32 42 50 15 40 46 8 2 21 39 45 47 
student 344: 41 10 2 5 17 31 13 34 50 40 7 24 27 48 39 37 19 28 25 49 3 8 4 12 14 29 9 20 33 38 30 18 22 16 23 15 32 11 35 44 46 21 36 42 6 1 26 43 45 47 
student 345: 39 5 3 6 25 27 19 35 47 44 1 16 22 38 40 37 23 31 21 49 4 11 7 15 13 30 12 24 34 33 32 18 29 17 14 9 28 8 36 45 48 20 46 43 10 2 26 41 50 42 
student 346: 40 6 3 5 25 28 16 30 44 39 4 31 26 43 36 45 18 27 21 50 2 8 9 15 14 23 10 19 38 37 32 13 33 20 17 12 29 7 34 49 46 24 35 47 11 1 22 41 42 48 
student 347: 37 7 2 5 29 31 18 28 45 46 3 27 21 47 34 35 20 38 14 49 6 11 9 12 10 25 4 26 33 36 22 17 40 19 23 13 30 15 32 48 50 24 39 41 8 1 16 43 42 44 
student 348: 38 6 1 3 26 31 13 32 49 40 7 28 30 48 37 41 19 29 20 43 4 8 5 16 14 21 12 22 39 35 23 10 36 18 25 17 24 15 33 50 46 9 34 45 11 2 27 44 42 47 
student 349: 40 6 4 5 28 30 10 31 47 42 3 25 26 46 38 49 21 27 20 48 8 1 9 13 17 24 7 19 35 33 32 18 39 15 14 16 34 12 36 50 44 22 29 37 11 2 23 45 41 43 
student 350: 31 4 1 5 24 30 23 29 49 44 2 25 22 46 42 40 21 28 19 47 3 6 13 18 12 27 9 26 37 32 36 17 35 10 16 15 33 14 34 50 48 11 38 39 8 7 20 45 43 41 
student 351: 32 3 5 6 22 33 13 36 42 37 4 23 31 40 44 48 24 29 20 49 2 7 8 21 14 27 16 18 35 38 28 11 41 17 15 12 26 10 30 45 50 19 34 43 9 1 25 39 46 47 
student 352: 36 6 1 3 28 34 14 29 46 39 5 26 24 45 37 41 20 22 27 47 2 9 4 13 16 25 11 19 33 35 32 21 38 17 18 12 30 10 31 50 48 15 44 43 8 7 23 49 42 40 
student 353: 33 13 7 5 20 27 14 38 42 37 6 30 28 43 36 39 16 31 23 46 3 12 1 15 2 24 9 25 34 32 29 21 41 17 11 10 26 18 35 48 50 19 40 45 8 4 22 49 44 47 
student 354: 36 2 1 6 24 34 16 27 50 39 4 30 25 45 43 37 20 26 23 49 5 11 8 15 10 21 12 22 38 31 32 13 33 17 19 9 29 14 35 46 48 18 41 40 7 3 28 42 47 44 
student 355: 35 5 1 6 27 28 8 32 46 43 4 23 26 45 41 39 20 29 17 50 3 14 9 19 13 24 11 22 37 31 33 18 36 16 21 7 30 12 34 44 48 15 38 40 10 2 25 42 47 49 
student 356: 35 6 4 2 29 27 15 30 47 38 7 25 17 46 31 41 16 26 21 50 9 3 5 14 12 28 8 20 39 36 32 22 37 18 24 13 33 11 34 48 44 19 40 43 10 1 23 45 42 49 
student 357: 35 2 5 6 32 29 16 36 48 38 3 28 24 41 42 40 27 22 18 47 4 7 11 21 10 25 8 20 37 33 31 19 34 14 15 12 26 13 30 49 50 17 39 43 9 1 23 45 44 46 
student 358: 34 5 6 17 26 27 13 31 47 38 1 29 28 48 39 44 16 24 19 50 4 3 8 11 10 22 9 20 36 32 30 21 37 15 23 18 25 12 33 43 49 14 35 41 7 2 42 45 40 46 
student 359: 35 1 10 5 23 26 17 30 49 36 4 28 27 48 32 43 22 24 21 38 3 12 7 13 15 31 9 19 39 37 29 16 41 14 20 8 33 11 34 50 46 18 40 42 6 2 25 45 44 47 
student 360: 35 5 7 1 26 30 17 31 47 38 3 24 19 45 36 44 21 34 18 49 2 6 8 12 14 29 9 25 40 37 32 15 41 11 20 13 28 23 27 48 50 16 33 39 10 4 22 46 42 43 
student 361: 33 7 1 5 24 30 14 32 46 45 4 28 25 50 36 39 23 31 22 49 2 8 6 13 11 27 9 20 40 26 38 19 37 17 16 10 29 15 34 47 48 18 35 41 12 3 21 43 42 44 
student 362: 38 6 7 5 25 32 4 26 44 45 1 28 22 47 39 42 20 29 30 49 8 2 9 17 13 23 16 31 35 34 33 21 37 15 18 11 24 14 36 48 50 10 27 40 12 3 19 43 46 41 
student 363: 37 3 1 10 27 22 14 36 45 39 5 32 21 49 41 34 25 30 24 50 2 8 6 15 16 28 12 23 35 33 29 11 38 18 19 17 31 7 26 44 47 9 43 42 13 4 20 40 48 46 
student 364: 35 1 7 6 26 27 14 32 50 41 9 25 23 46 37 44 21 33 20 48 2 4 5 10 11 29 13 24 38 34 28 15 36 18 19 16 31 12 30 49 47 17 40 42 8 3 22 45 39 43 
student 365: 36 4 2 12 26 35 7 30 47 41 1 27 25 43 39 38 22 24 21 49 3 8 5 18 16 28 9 19 44 34 31 17 33 11 20 14 29 10 32 48 50 13 37 42 15 6 23 45 40 46 
student 366: 38 4 5 10 31 32 15 27 48 41 1 23 22 40 44 47 24 26 21 49 2 6 7 11 9 25 8 19 30 33 34 20 35 14 17 18 36 13 29 50 46 16 37 45 12 3 28 39 43 42 
student 367: 37 7 3 10 28 27 16 30 44 40 4 29 22 49 39 41 18 25 23 46 2 14 5 11 8 24 15 26 35 34 32 21 36 19 13 6 31 12 33 50 48 17 38 42 9 1 20 43 45 47 
student 368: 34 7 3 6 27 31 15 33 43 39 8 26 23 49 37 41 20 25 19 48 1 9 5 14 2 24 11 28 40 32 35 21 38 17 18 12 29 16 30 47 45 13 36 46 10 4 22 44 42 50 
student 369: 35 6 1 5 26 30 20 31 48 45 3 29 23 46 43 44 17 28 24 50 9 12 7 14 15 22 13 19 38 32 34 18 37 8 16 11 27 10 33 41 49 21 36 40 4 2 25 42 47 39 
student 370: 36 7 6 3 26 30 18 42 48 38 2 33 23 44 37 41 24 32 22 50 1 11 4 14 12 25 10 16 34 29 35 17 27 19 13 9 28 15 31 45 47 21 40 49 8 5 20 46 39 43 
student 371: 40 8 3 5 25 33 12 36 47 44 7 32 22 46 38 41 27 24 21 50 1 4 9 18 6 26 10 28 30 35 29 20 34 13 14 15 23 11 31 48 49 17 37 42 19 2 16 43 39 45 
student 372: 32 6 5 7 29 33 15 34 49 40 1 27 22 43 39 41 20 28 21 48 3 12 8 16 14 23 13 24 38 31 26 11 35 17 19 10 36 4 30 47 44 18 37 46 9 2 25 45 42 50 
student 373: 37 7 1 2 27 29 13 32 39 41 8 28 22 47 43 46 26 30 19 50 3 10 5 15 11 24 6 17 35 34 33 21 42 18 20 9 25 14 31 49 48 16 36 38 12 4 23 45 40 44 
student 374: 34 7 1 9 24 31 11 28 48 40 4 27 21 47 41 43 19 29 17 49 2 6 3 15 12 25 14 26 35 36 32 16 37 22 20 13 30 10 33 46 50 18 39 38 8 5 23 44 42 45 
student 375: 36 8 3 2 26 28 15 33 47 41 5 23 20 42 38 35 30 27 16 48 4 10 7 14 6 21 11 24 40 32 29 18 34 19 22 17 37 12 31 44 49 9 43 50 13 1 25 45 46 39 
student 376: 37 2 5 4 15 32 10 29 43 40 8 25 26 44 34 38 20 24 23 50 3 9 12 14 6 33 11 22 41 30 28 16 35 18 21 17 31 13 39 47 49 19 46 36 7 1 27 48 45 42 
student 377: 34 1 5 8 22 23 13 33 47 46 7 25 27 41 43 42 21 29 12 50 4 6 3 14 16 30 10 18 39 38 32 26 36 15 20 11 28 19 31 49 48 17 35 40 9 2 24 37 44 45 
student 378: 36 8 4 3 22 33 15 31 47 37 6 23 27 46 41 40 25 26 28 50 2 10 7 11 13 24 19 18 39 35 29 16 32 14 17 9 30 5 34 49 48 21 38 44 12 1 20 42 43 45 
student 379: 36 4 2 1 26 25 15 37 46 42 6 29 28 45 38 41 24 23 27 49 9 7 5 17 11 22 10 18 39 30 34 14 35 13 20 19 31 12 32 47 50 21 33 43 8 3 16 48 44 40 
student 380: 36 10 1 5 25 31 18 30 38 40 4 27 20 50 42 39 13 19 21 48 3 8 7 17 9 26 14 28 43 33 32 15 34 11 24 16 29 12 37 49 47 22 35 44 6 2 23 46 41 45 
student 381: 36 2 1 4 25 31 17 34 47 39 3 26 23 45 42 40 21 27 20 50 5 11 8 16 9 14 10 18 38 32 33 19 28 13 24 7 30 12 35 44 48 29 37 41 15 6 22 46 43 49 
student 382: 39 12 2 5 27 31 13 34 48 38 3 29 22 46 40 44 14 25 21 50 10 6 1 18 9 24 8 23 30 36 32 17 37 15 16 19 28 11 33 49 43 20 35 41 7 4 26 47 42 45 
student 383: 32 4 1 3 24 39 13 29 43 40 15 30 25 42 36 45 21 27 22 49 6 5 8 17 9 16 7 19 35 37 28 23 33 20 18 11 34 14 31 48 50 12 41 38 10 2 26 47 46 44 
student 384: 35 4 5 2 30 29 11 39 48 40 3 24 25 47 37 42 21 33 20 50 7 9 6 13 8 27 10 22 36 31 34 18 32 17 19 15 23 14 28 49 45 16 38 43 12 1 26 41 44 46 
student 385: 41 3 1 9 25 30 19 31 43 39 5 29 23 46 36 44 17 28 22 48 2 6 7 15 14 26 10 24 37 34 32 20 35 18 13 12 27 8 33 49 47 21 38 40 11 4 16 50 45 42 
student 386: 40 7 2 10 30 26 14 33 46 37 5 24 28 36 45 39 22 27 18 49 3 9 6 4 12 25 11 23 38 35 31 16 34 13 21 15 29 20 32 47 50 19 42 41 8 1 17 48 43 44 
student 387: 34 7 2 15 22 33 13 31 49 40 4 25 28 48 38 43 19 26 27 50 5 8 3 17 16 24 11 21 39 35 32 9 37 12 6 14 29 18 30 47 46 20 36 41 10 1 23 45 42 44 
student 388: 37 8 3 5 22 25 17 29 47 41 2 34 28 49 36 42 20 31 23 48 7 11 4 16 9 30 6 26 33 39 35 13 27 18 15 12 24 14 38 50 45 19 32 43 10 1 21 44 46 40 
student 389: 34 8 3 4 26 31 15 35 46 38 1 23 27 41 44 45 20 33 25 48 5 14 6 16 12 24 10 19 36 32 30 9 42 18 22 13 29 11 28 47 50 17 39 49 7 2 21 37 40 43 
student 390: 35 6 2 4 27 31 13 33 48 36 5 24 19 47 38 45 23 26 17 49 3 7 9 16 15 25 12 28 39 32 37 18 30 11 21 14 29 10 34 46 50 22 40 42 8 1 20 44 41 43 
student 391: 41 6 1 4 28 30 14 31 50 45 2 27 19 47 38 39 25 22 18 48 5 7 9 10 11 26 12 21 36 33 29 16 34 15 24 13 35 8 32 44 42 17 37 40 23 3 20 43 49 46 
student 392: 35 4 2 7 26 33 13 30 46 41 5 27 22 45 39 37 21 28 20 43 3 8 6 15 16 25 12 23 36 40 29 18 34 14 19 10 32 11 31 48 50 17 47 38 9 1 24 49 42 44 
student 393: 38 7 5 2 26 28 22 29 48 34 8 31 24 47 37 43 11 23 19 50 3 12 6 18 14 25 13 21 36 35 33 10 32 17 20 9 27 4 39 46 49 16 41 40 15 1 30 45 44 42 
student 394: 43 3 4 2 28 21 10 30 48 41 11 29 25 40 42 37 19 33 23 50 8 6 5 17 12 26 7 24 36 35 31 15 47 14 18 13 27 16 32 46 49 20 39 38 9 1 22 44 34 45 
student 395: 35 8 2 7 30 29 21 34 45 40 11 26 28 49 41 36 23 24 16 50 3 9 5 6 4 18 15 22 37 38 32 14 33 10 20 17 27 12 31 48 46 19 42 43 13 1 25 44 39 47 
student 396: 38 8 1 10 26 43 9 29 45 37 4 23 30 47 33 40 25 34 19 50 2 5 7 13 14 20 12 32 41 36 27 15 21 17 24 16 28 6 35 48 49 18 31 42 11 3 22 39 44 46 
student 397: 37 5 8 2 23 35 13 30 48 38 3 27 22 45 40 42 21 29 20 50 1 7 4 12 11 25 18 26 34 32 31 17 33 9 19 15 28 14 36 49 43 16 39 46 10 6 24 41 44 47 
student 398: 32 3 1 5 29 31 14 37 42 45 2 25 23 43 39 40 19 28 18 50 10 8 6 13 21 27 11 22 36 35 26 12 33 16 20 7 30 15 34 47 46 24 38 49 9 4 17 48 41 44 
student 399: 35 4 1 9 31 28 14 29 45 40 2 30 20 38 43 47 17 32 23 50 3 10 6 18 12 25 8 22 39 36 27 15 37 16 24 11 26 13 33 44 48 21 34 46 7 5 19 49 42 41 
student 400: 41 8 1 4 29 24 11 32 44 40 3 26 27 45 39 38 23 30 18 50 7 5 10 17 12 19 13 21 37 31 33 16 34 15 28 14 25 9 35 42 49 20 36 48 6 2 22 43 47 46 
student 401: 40 7 11 3 21 30 18 32 47 39 6 27 26 45 41 36 23 25 20 43 2 5 15 17 10 24 9 29 37 35 31 19 38 14 16 12 28 8 33 49 50 13 34 44 4 1 22 46 42 48 
student 402: 39 10 1 5 25 33 16 31 49 45 4 28 27 46 42 41 22 24 20 48 3 6 7 13 12 21 11 17 32 37 29 19 40 15 26 9 30 14 34 36 50 18 38 44 8 2 23 47 35 43 
student 403: 36 6 3 4 25 27 12 34 47 39 7 28 23 45 38 42 20 31 22 50 5 9 10 14 11 26 8 15 40 33 30 19 32 21 18 16 29 13 37 48 49 17 35 43 1 2 24 44 46 41 
student 404: 35 6 1 5 24 33 15 32 50 38 4 27 25 44 46 39 20 28 22 47 3 7 8 18 12 30 10 26 37 31 23 21 36 9 19 14 29 13 34 43 49 16 42 48 11 2 17 45 41 40 
student 405: 37 4 2 6 28 32 16 30 43 46 3 27 19 50 45 47 24 25 18 48 5 8 7 21 14 23 9 26 34 36 29 15 35 12 20 13 33 10 31 49 44 17 40 39 11 1 22 38 42 41 
student 406: 42 4 2 8 28 30 12 32 37 40 9 24 20 49 36 43 21 26 19 50 6 13 3 7 5 27 11 25 33 34 39 23 38 17 18 15 29 14 31 47 48 16 35 41 10 1 22 44 46 45 
student 407: 37 3 5 6 26 29 12 28 43 39 4 25 31 47 35 40 22 23 18 49 2 7 11 15 10 21 8 20 32 33 34 17 38 14 27 13 24 16 36 48 50 30 42 41 9 1 19 45 46 44 
student 408: 36 8 5 3 28 27 16 30 49 39 2 26 22 48 38 45 19 29 20 50 9 7 4 14 6 25 11 23 43 32 31 18 34 13 21 10 24 12 33 47 46 35 41 37 15 1 17 42 40 44 
student 409: 35 7 1 5 32 28 13 27 48 40 4 25 24 49 43 38 22 30 16 50 2 8 6 20 10 31 9 18 36 34 33 12 37 17 15 14 26 21 29 47 44 23 41 39 11 3 19 46 42 45 
student 410: 37 7 3 2 34 27 14 33 44 38 6 30 26 48 42 40 22 25 19 50 1 5 11 8 20 24 9 23 31 36 35 17 32 13 21 16 28 12 41 46 49 15 29 39 10 4 18 47 43 45 
student 411: 39 8 5 4 25 28 13 34 43 40 7 26 19 48 37 41 20 29 22 46 1 12 11 15 16 23 9 24 32 35 36 14 31 2 21 17 30 10 38 49 47 18 33 44 6 3 27 42 50 45 
student 412: 38 8 2 7 24 31 17 39 48 45 3 29 23 49 43 34 20 27 19 46 5 4 11 14 15 25 13 26 36 33 30 16 32 18 21 12 28 10 37 42 50 9 35 41 6 1 22 44 40 47 
student 413: 37 5 3 10 28 27 14 33 38 42 2 32 25 48 34 44 22 26 21 46 1 12 8 20 6 24 7 18 36 35 29 15 39 11 19 9 30 13 31 43 49 16 40 47 17 4 23 50 41 45 
student 414: 42 4 7 10 30 37 15 29 46 34 3 40 21 41 45 38 26 33 19 48 6 5 9 12 14 25 8 22 32 27 35 11 31 16 20 18 24 13 28 49 47 17 44 43 2 1 23 50 36 39 
student 415: 33 3 4 8 25 34 12 28 45 36 1 27 31 44 41 40 19 26 20 50 10 5 6 15 21 24 7 22 38 29 37 13 32 16 18 9 30 14 35 48 49 17 39 43 11 2 23 42 46 47 
student 416: 40 10 1 7 26 28 5 38 45 39 8 23 21 49 37 41 19 32 20 47 6 11 2 16 9 25 13 24 36 34 29 27 33 14 15 4 31 17 30 46 48 18 35 43 12 3 22 50 42 44 
student 417: 35 7 3 4 27 32 18 29 47 44 2 28 26 45 40 38 19 24 22 50 1 10 6 14 15 23 11 20 37 33 30 16 31 17 21 9 34 13 36 48 49 12 39 42 8 5 25 43 41 46 
student 418: 39 2 3 7 26 29 9 30 45 37 1 32 24 42 35 47 21 28 17 48 6 10 8 19 11 20 13 14 49 33 31 23 41 16 18 15 27 12 34 43 44 22 36 46 5 4 25 50 38 40 
student 419: 35 5 2 4 24 30 18 32 39 48 8 28 21 47 40 37 27 25 26 49 1 12 11 15 13 23 9 19 38 33 31 14 34 10 17 7 29 16 45 50 46 20 36 43 3 6 22 42 41 44 
student 420: 33 5 1 6 28 29 17 34 45 40 8 25 23 47 41 44 18 31 14 50 2 4 3 16 13 24 10 21 38 35 32 22 36 11 19 7 26 15 30 46 49 20 39 42 12 9 27 48 43 37 
student 421: 37 9 3 6 28 29 13 33 46 38 2 31 20 47 40 41 24 27 19 50 1 5 11 14 7 21 15 18 35 34 30 23 36 22 16 12 25 10 32 49 48 17 39 42 8 4 26 45 44 43 
student 422: 33 3 5 7 29 28 16 26 47 44 4 25 27 49 42 41 17 34 22 50 2 9 8 12 11 24 10 19 40 35 32 20 37 14 21 15 31 13 30 43 48 18 38 39 6 1 23 46 36 45 
student 423: 39 3 4 10 24 26 13 35 46 43 1 22 30 45 38 40 20 28 18 48 2 15 5 14 11 29 6 25 36 27 32 23 34 16 19 12 33 8 31 47 50 17 37 41 9 7 21 44 42 49 
student 424: 39 3 5 7 26 38 19 31 48 40 6 28 25 45 37 41 22 29 20 49 2 10 4 15 14 24 8 21 34 35 27 17 33 16 18 13 30 9 32 50 46 12 36 43 11 1 23 44 42 47 
student 425: 37 5 3 8 21 35 27 34 46 38 9 26 24 49 43 40 22 30 15 50 4 11 2 13 7 25 6 23 39 29 36 12 32 16 18 17 31 10 28 44 48 20 33 45 14 1 19 41 42 47 
student 426: 37 6 4 9 26 32 15 42 46 36 7 28 21 35 38 43 18 27 25 44 2 17 5 14 12 24 10 20 34 29 33 16 31 22 19 8 30 11 40 50 49 13 45 47 3 1 23 48 41 39 
student 427: 37 9 14 5 28 32 16 35 44 43 2 21 19 41 45 40 15 25 22 47 3 13 4 17 8 23 7 24 38 36 29 27 34 20 18 11 30 10 33 49 50 12 39 46 6 1 26 48 42 31 
student 428: 36 1 4 6 28 26 17 31 46 40 5 23 25 48 42 41 21 30 19 50 2 9 7 10 13 20 12 37 39 34 27 18 35 16 24 14 32 11 29 47 49 15 33 44 8 3 22 43 38 45 
student 429: 37 2 1 6 21 29 12 32 48 38 5 30 28 46 36 40 18 25 22 50 7 8 4 15 9 26 11 23 41 39 31 17 34 16 20 14 27 13 35 45 49 19 33 42 10 3 24 44 43 47 
student 430: 36 6 9 3 15 29 18 32 48 40 2 28 22 43 45 39 25 27 23 49 4 10 13 11 8 21 14 19 38 33 30 31 37 16 24 5 26 12 34 35 47 17 41 42 7 1 20 44 46 50 
student 431: 39 9 2 3 31 29 16 28 48 40 10 22 17 47 34 41 21 33 20 50 4 7 11 14 5 25 8 19 38 32 27 18 37 15 26 12 30 6 36 46 49 24 35 42 13 1 23 45 43 44 
student 432: 38 3 1 11 27 30 19 39 47 41 7 26 23 45 42 34 17 28 21 50 2 6 4 12 13 25 9 24 33 36 31 14 32 16 18 10 29 15 35 49 48 22 37 40 8 5 20 43 46 44 
student 433: 30 5 2 6 19 29 20 36 48 40 3 31 27 44 32 42 23 25 21 49 4 8 9 13 7 26 10 22 38 33 34 18 39 14 16 12 28 11 37 46 50 15 35 45 17 1 24 47 41 43 
student 434: 34 9 5 4 22 30 12 31 50 36 1 28 25 48 32 39 24 27 20 49 2 7 6 11 16 23 8 21 40 38 37 14 35 18 17 15 29 13 33 43 46 19 47 44 10 3 26 41 42 45 
student 435: 38 5 2 6 24 26 13 28 48 41 3 25 20 44 40 43 19 30 31 49 4 8 9 11 16 23 10 22 39 33 35 15 37 17 18 14 29 12 34 45 50 21 32 42 7 1 27 47 36 46 
student 436: 42 5 1 7 22 30 16 38 50 39 15 28 26 47 37 40 17 25 21 46 4 2 6 13 9 27 11 23 35 31 29 12 36 19 14 8 34 20 33 43 41 18 32 48 10 3 24 45 44 49 
student 437: 36 6 5 4 28 30 10 31 50 43 3 27 24 42 35 40 23 29 21 45 1 7 9 17 14 25 8 22 39 33 32 12 38 20 15 16 26 11 34 46 49 18 37 41 13 2 19 48 44 47 
student 438: 30 3 2 8 28 31 21 32 43 40 4 29 20 49 36 42 19 22 23 48 7 10 5 6 16 24 9 25 39 34 33 18 35 14 17 13 27 12 37 46 50 15 38 41 11 1 26 44 45 47 
student 439: 37 10 5 2 30 24 16 33 48 43 1 26 28 47 39 38 21 29 20 46 7 6 4 12 15 27 13 25 41 36 31 17 32 14 19 9 22 8 35 44 49 18 34 50 11 3 23 40 45 42 
student 440: 31 6 5 7 22 29 16 34 47 41 1 15 27 45 38 42 24 32 28 50 4 12 11 10 13 19 8 25 39 33 30 20 35 17 21 9 23 2 37 48 49 18 36 40 14 3 26 44 43 46 
student 441: 25 7 2 8 23 36 18 39 46 44 4 24 22 48 40 41 21 29 20 49 3 6 5 13 14 27 9 26 38 33 31 15 37 17 19 11 32 12 30 45 50 16 34 35 10 1 28 42 47 43 
student 442: 35 5 2 14 26 28 10 31 47 41 4 24 25 46 39 43 21 27 22 48 7 3 9 15 13 30 6 23 37 34 33 18 36 16 17 12 29 8 32 49 50 20 38 40 11 1 19 45 44 42 
student 443: 33 6 1 5 27 30 14 32 45 37 7 28 22 44 36 40 21 29 19 50 2 4 8 11 10 23 13 17 41 35 31 20 34 16 24 12 26 9 38 49 46 18 43 47 15 3 25 39 42 48 
student 444: 38 2 1 7 24 33 19 30 45 47 6 25 23 49 37 42 16 27 28 50 9 8 5 15 12 22 4 10 40 29 35 17 34 14 26 18 31 13 32 44 46 21 36 39 11 3 20 41 43 48 
student 445: 40 6 1 2 25 30 14 33 46 37 5 28 21 44 39 41 20 32 16 47 8 13 9 15 3 23 10 24 38 36 26 27 31 17 19 12 29 7 34 48 50 18 35 45 11 4 22 43 42 49 
student 446: 37 3 2 9 24 35 15 36 48 41 4 27 25 44 39 40 18 34 21 49 7 6 5 13 11 23 10 16 38 30 26 22 31 19 20 14 32 12 29 50 46 17 33 47 8 1 28 45 42 43 
student 447: 37 3 2 8 28 27 16 36 44 43 4 23 26 49 40 46 22 31 21 47 7 11 1 15 12 25 10 24 39 33 32 17 38 20 6 13 29 14 30 45 50 18 35 41 9 5 19 48 34 42 
student 448: 38 8 2 5 23 27 13 31 45 40 4 26 28 44 37 41 22 29 16 48 7 1 11 6 14 24 10 18 35 34 32 15 36 20 19 21 30 12 33 49 47 17 39 42 9 3 25 43 46 50 
student 449: 34 4 2 10 18 30 11 33 47 37 7 28 17 50 43 35 22 26 21 49 5 3 6 13 14 25 12 24 36 39 27 16 41 15 20 23 29 8 38 46 45 19 32 44 9 1 31 48 40 42 
student 450: 37 3 1 8 26 29 15 33 47 46 4 23 20 45 38 39 22 30 18 50 5 7 9 13 10 24 11 25 36 34 31 16 32 14 19 17 28 12 35 48 49 21 44 43 6 2 27 41 40 42 
student 451: 32 5 1 9 22 28 14 33 39 38 6 25 26 49 43 44 21 30 19 45 3 4 7 11 8 27 10 24 41 37 29 18 40 16 15 13 31 17 34 50 42 20 35 47 12 2 23 48 36 46 
student 452: 34 9 8 3 28 31 13 32 46 38 2 23 27 44 43 36 19 26 24 48 5 4 7 16 10 22 11 18 39 37 30 15 35 20 21 12 29 17 33 47 50 25 41 40 6 1 14 45 42 49 
student 453: 36 10 2 5 23 29 16 28 44 38 1 24 26 39 37 45 12 35 21 48 3 7 6 15 9 32 13 20 40 34 27 17 33 18 22 14 30 11 31 47 50 19 41 46 8 4 25 49 42 43 
student 454: 33 8 1 12 29 30 11 27 46 41 2 20 22 44 42 40 23 26 28 48 3 7 10 17 14 19 9 25 38 34 31 16 36 15 18 13 32 6 37 50 49 21 35 47 4 5 24 39 45 43 
student 455: 35 5 2 3 28 37 17 33 42 45 6 26 23 41 39 50 19 25 21 49 4 12 7 15 8 27 9 22 36 29 31 14 34 16 18 11 30 13 32 47 48 20 44 46 10 1 24 40 38 43 
student 456: 35 4 3 6 28 26 5 33 45 38 10 27 23 46 44 41 20 29 16 48 1 9 8 12 7 22 13 24 39 32 30 19 36 18 17 21 31 11 34 49 50 15 37 43 14 2 25 47 40 42 
student 457: 38 4 2 3 27 31 19 32 48 49 6 22 21 43 42 30 26 28 17 50 5 9 8 15 12 25 11 24 35 39 29 18 33 16 23 10 37 13 34 47 45 20 41 36 7 1 14 40 44 46 
student 458: 36 21 5 10 24 30 11 32 40 42 3 29 25 44 39 43 20 27 19 50 6 8 2 23 9 22 7 18 37 33 31 12 38 17 16 14 28 13 34 47 48 26 35 45 4 1 15 49 41 46 
student 459: 38 7 4 6 20 27 16 26 45 44 2 28 24 47 37 32 29 25 19 49 1 5 10 14 11 31 9 23 42 35 21 17 36 15 22 13 33 12 30 46 50 18 40 48 8 3 34 43 39 41 
student 460: 39 12 1 8 24 30 17 35 48 40 2 27 18 46 37 36 25 26 14 50 3 7 6 16 11 29 9 22 47 32 34 21 33 19 20 5 28 15 31 49 45 13 41 42 10 4 23 44 38 43 
student 461: 41 8 1 7 28 19 11 32 45 38 4 29 18 46 42 40 25 26 27 44 3 6 5 10 12 30 9 23 36 34 24 13 37 22 21 16 31 15 33 48 49 20 35 39 17 2 14 47 43 50 
student 462: 30 1 3 6 26 35 11 34 46 41 5 24 21 43 42 44 19 29 25 45 4 7 8 13 12 27 9 22 39 37 32 15 36 16 17 18 28 14 31 50 49 20 40 33 10 2 23 48 38 47 
student 463: 27 1 4 6 28 33 18 35 45 43 7 26 23 49 40 47 22 29 19 50 2 10 8 12 9 24 5 20 38 34 31 14 37 16 17 13 30 11 36 42 46 25 32 39 15 3 21 48 41 44 
student 464: 34 4 1 7 27 30 22 28 41 42 6 26 21 45 38 40 20 32 15 50 2 3 10 8 9 18 12 23 39 36 31 16 35 14 25 13 29 17 33 47 49 19 37 44 5 11 24 46 48 43 
student 465: 34 5 4 7 33 32 12 29 48 39 1 26 24 47 37 41 14 27 25 49 3 8 9 13 17 21 10 15 31 38 40 23 30 20 22 11 28 18 35 46 50 19 36 44 6 2 16 42 43 45 
student 466: 32 6 2 4 24 28 13 34 46 40 3 23 18 47 36 39 26 29 20 50 5 8 7 15 10 27 9 17 31 35 38 19 33 16 21 14 30 11 37 49 44 22 41 42 12 1 25 45 43 48 
student 467: 29 1 7 8 25 33 10 35 48 39 2 28 22 50 42 41 19 27 21 47 4 6 11 18 12 23 9 20 38 34 31 30 36 13 16 17 24 14 32 49 46 15 37 43 5 3 26 45 40 44 
student 468: 42 11 3 8 20 33 9 31 47 44 7 26 25 46 38 39 18 28 22 49 2 5 12 16 10 27 6 23 40 34 29 15 32 14 19 21 30 13 35 48 50 17 36 37 4 1 24 43 41 45 
student 469: 36 5 6 7 29 39 14 26 45 46 2 23 24 49 35 40 31 25 20 50 1 9 3 17 10 27 11 22 37 28 32 15 38 21 19 13 30 12 33 47 48 16 34 42 8 4 18 41 44 43 
student 470: 34 4 7 9 31 33 14 30 43 40 3 27 29 47 38 44 21 25 22 50 1 5 2 16 12 24 11 18 41 37 32 13 26 17 20 10 28 15 39 49 48 19 35 36 8 6 23 42 46 45 
student 471: 33 4 5 3 23 35 11 31 44 40 2 24 25 45 37 39 17 28 22 47 6 13 10 14 7 26 9 30 42 36 32 15 38 8 20 18 27 16 34 48 50 19 29 43 12 1 21 41 46 49 
student 472: 26 9 1 7 16 33 14 29 48 40 4 27 28 45 42 35 22 30 18 50 3 5 11 15 13 25 8 24 34 38 32 21 46 17 20 6 31 10 39 43 49 19 36 37 12 2 23 44 41 47 
student 473: 36 12 1 8 24 29 18 30 44 37 4 28 23 49 39 40 20 32 25 50 2 6 10 15 7 27 9 26 35 31 22 19 34 17 13 14 33 11 38 46 47 16 43 41 5 3 21 42 48 45 
student 474: 35 1 3 2 23 30 10 25 50 40 6 11 32 48 39 38 18 33 21 47 9 4 15 22 8 26 12 17 34 31 28 24 36 19 16 13 37 14 29 44 49 27 42 43 7 5 20 45 41 46 
student 475: 35 9 2 5 26 31 19 30 46 45 3 25 22 44 43 41 18 32 17 50 10 7 4 12 8 24 14 27 38 39 28 20 34 16 15 6 33 11 29 36 49 23 37 48 13 1 21 42 40 47 
student 476: 40 7 1 8 26 31 14 35 48 44 2 30 27 45 37 41 22 23 25 46 6 4 3 18 9 21 10 12 38 28 33 17 34 16 20 15 32 13 29 50 49 24 36 42 11 5 19 43 39 47 
student 477: 38 5 8 7 26 30 16 31 48 45 2 27 21 47 40 39 24 28 19 46 4 10 3 18 9 25 13 22 35 32 33 17 36 12 11 14 29 15 34 49 50 20 37 42 6 1 23 44 41 43 
student 478: 39 9 8 1 28 27 18 29 47 40 10 26 23 42 37 45 19 32 21 50 6 2 5 14 13 25 11 22 34 36 33 17 31 16 20 7 30 12 35 38 48 15 43 44 4 3 24 46 41 49 
student 479: 32 8 1 7 28 30 16 34 48 38 4 26 24 46 40 47 20 27 18 49 5 10 19 15 6 25 12 23 37 36 31 11 33 17 22 3 29 9 35 44 41 14 39 43 13 2 21 45 42 50 
student 480: 33 9 2 8 31 30 21 29 35 39 3 28 25 48 41 47 19 23 15 50 4 11 6 17 10 27 7 20 37 36 32 18 40 16 24 14 26 13 34 44 46 12 42 45 5 1 22 43 38 49 
student 481: 37 7 4 5 26 33 14 31 45 41 1 29 24 48 43 49 22 25 19 46 2 8 6 11 13 21 10 27 42 34 30 18 35 20 17 12 28 16 32 44 50 15 36 38 9 3 23 47 40 39 
student 482: 37 8 1 4 23 47 15 33 49 42 3 27 20 50 48 41 22 24 28 46 5 9 6 16 13 26 11 25 32 31 30 21 38 17 19 12 35 7 29 39 45 18 40 34 10 2 14 43 44 36 
student 483: 35 3 8 5 28 26 15 33 45 40 4 29 25 44 37 43 20 23 19 49 2 7 6 11 10 22 9 27 38 34 31 17 36 14 18 16 32 13 30 47 50 24 39 41 12 1 21 48 46 42 
student 484: 34 3 1 4 23 33 15 31 42 41 5 30 28 49 45 44 16 26 21 47 7 8 6 20 12 25 11 24 39 35 27 18 36 14 17 10 32 13 29 50 48 22 38 43 9 2 19 37 46 40 
student 485: 32 6 9 5 28 30 13 38 47 39 4 26 24 48 40 42 20 31 18 49 2 12 3 14 7 25 8 23 35 33 29 16 34 15 21 19 27 11 37 44 50 17 36 41 10 1 22 43 46 45 
student 486: 32 6 2 5 27 31 18 30 49 36 3 21 25 48 43 42 16 28 22 50 4 8 7 14 10 15 13 26 39 37 33 24 35 20 19 9 29 23 34 47 38 12 40 41 11 1 17 44 45 46 
student 487: 34 7 3 5 25 32 10 35 48 41 4 24 18 44 39 47 21 27 20 49 2 13 6 15 12 26 14 23 37 33 31 28 36 17 19 11 29 9 30 50 46 16 38 40 8 1 22 45 42 43 
student 488: 39 6 4 5 25 32 13 31 50 40 2 26 22 47 34 44 18 28 21 48 3 10 9 15 12 24 14 29 38 36 30 11 35 20 19 8 27 16 33 49 43 17 37 42 7 1 23 45 41 46 
student 489: 38 6 3 7 29 28 15 30 48 42 4 25 20 49 40 37 26 24 17 46 2 14 5 11 18 27 8 21 39 32 33 12 35 22 19 13 31 9 34 44 50 16 36 41 10 1 23 43 47 45 
student 490: 37 9 3 2 24 27 14 31 47 41 7 25 19 45 39 43 26 29 17 49 4 6 8 18 11 23 13 21 33 36 30 15 35 22 20 12 32 10 34 50 48 16 38 44 5 1 28 42 40 46 
student 491: 38 12 3 5 29 32 15 31 47 42 9 30 26 49 35 34 19 24 23 48 4 6 8 11 10 25 1 20 37 39 28 13 40 22 16 18 27 14 33 44 50 17 41 36 7 2 21 45 43 46 
student 492: 38 2 4 6 25 26 14 32 50 42 5 29 20 48 37 41 22 28 21 49 1 7 8 13 10 27 16 23 35 40 31 15 33 19 18 11 30 12 36 47 44 17 34 39 9 3 24 46 43 45 
student 493: 35 9 1 10 27 30 19 34 41 39 2 26 23 47 38 40 31 28 18 50 5 4 6 17 11 29 7 16 36 37 24 21 33 15 25 13 22 14 32 49 46 12 42 44 8 3 20 48 43 45 
student 494: 35 9 3 6 30 32 19 29 46 40 5 24 21 45 38 41 16 27 23 39 2 4 7 14 10 25 12 20 42 31 28 17 34 22 15 11 26 13 37 48 50 18 36 43 8 1 33 44 49 47 
student 495: 37 7 2 1 24 31 17 32 48 43 5 27 21 41 35 45 19 28 16 47 6 9 3 12 14 25 8 26 39 34 29 20 38 13 23 11 30 15 33 49 50 18 36 44 10 4 22 42 40 46 
student 496: 29 8 2 7 30 32 15 34 47 40 12 25 24 39 35 37 21 22 17 48 4 6 9 14 11 26 5 18 42 33 31 20 38 16 27 13 28 10 36 46 50 19 41 45 3 1 23 44 43 49 
student 497: 36 1 9 2 24 34 13 29 49 40 5 31 16 45 39 48 22 27 20 47 4 7 8 14 15 21 12 25 38 35 28 19 30 17 18 11 32 10 33 46 50 23 37 43 6 3 26 42 41 44 
student 498: 35 8 3 5 20 32 16 36 50 44 4 24 19 42 40 39 27 31 25 48 1 6 10 21 9 30 11 22 34 26 33 7 41 15 18 13 28 14 29 49 45 17 37 38 12 2 23 46 43 47 
student 499: 37 7 2 5 26 32 11 35 50 40 4 30 17 46 41 42 23 21 20 48 3 12 6 9 16 28 8 24 36 29 31 22 34 18 19 14 27 13 33 47 45 15 39 43 10 1 25 49 38 44 
