student 0: 12 50 49 19 44 21 8 34 40 16 25 31 33 32 6 36 20 9 2 4 28 15 35 7 13 48 47 37 1 24 26 10 45 46 29 14 39 23 27 42 17 18 11 38 3 22 30 43 41 5 
student 1: 1 41 46 17 44 21 9 29 35 14 19 27 36 34 6 37 22 10 3 12 18 16 39 8 7 50 49 33 2 30 25 13 45 48 28 24 40 26 31 42 15 20 11 38 4 32 23 47 43 5 
student 2: 6 45 46 14 39 21 8 34 42 12 25 30 35 37 7 36 20 15 3 5 29 13 33 11 10 49 50 38 1 27 22 19 48 43 31 18 44 28 26 41 16 17 9 40 2 32 23 47 24 4 
student 3: 6 49 45 17 42 19 7 29 46 20 23 36 32 33 8 38 21 9 4 12 35 14 31 11 5 44 43 34 1 18 25 10 40 50 26 16 39 24 27 47 15 22 13 41 2 28 30 48 37 3 
student 4: 12 44 47 20 38 22 4 35 43 19 26 28 31 32 9 36 21 13 1 6 30 15 34 7 8 48 49 40 2 18 29 10 41 50 27 14 46 25 23 39 11 17 16 42 5 33 24 45 37 3 
student 5: 5 45 44 21 41 22 9 32 38 15 25 36 34 40 10 31 19 7 2 8 29 16 33 6 11 48 43 35 3 20 26 13 46 47 27 17 39 28 23 42 14 18 12 37 1 24 30 49 50 4 
student 6: 12 45 47 23 39 26 6 35 40 21 18 28 33 34 5 44 25 10 1 9 19 14 32 3 7 49 48 36 4 20 24 11 42 50 30 15 37 27 22 41 17 16 13 38 2 29 31 46 43 8 
student 7: 7 42 44 23 47 24 13 36 38 14 18 31 26 35 3 39 17 12 5 4 21 16 32 6 8 50 45 30 1 25 15 11 43 48 37 20 41 28 27 46 22 19 10 33 2 29 34 49 40 9 
student 8: 5 45 44 20 41 27 12 32 38 11 16 26 33 34 7 36 22 9 2 8 25 19 37 6 10 50 48 35 3 23 24 13 47 49 31 14 40 18 28 43 17 21 15 39 1 30 29 46 42 4 
student 9: 8 46 44 13 38 19 9 33 45 15 23 28 29 31 4 35 20 14 7 5 26 16 36 2 11 43 49 42 3 22 18 10 41 50 32 24 40 30 25 48 17 21 12 37 1 27 34 47 39 6 
student 10: 10 45 48 20 44 26 9 31 38 14 21 29 34 36 4 39 17 19 1 5 23 15 37 7 16 50 49 33 2 25 22 8 43 47 30 11 42 24 28 41 18 13 12 35 3 27 32 46 40 6 
student 11: 10 49 39 18 43 22 12 28 45 16 19 30 33 38 6 42 20 3 4 8 29 15 36 7 11 48 47 34 2 23 21 13 35 46 27 14 40 32 31 41 9 24 17 37 5 25 26 50 44 1 
student 12: 12 42 49 11 41 23 14 36 40 19 15 29 28 35 6 47 22 9 2 10 24 5 34 8 7 50 45 33 1 21 27 20 44 48 32 13 43 31 25 46 18 17 16 38 3 30 26 39 37 4 
student 13: 12 46 39 13 41 20 11 36 40 16 23 30 29 34 6 38 18 14 3 5 21 17 35 7 8 50 49 43 2 24 26 10 48 47 32 9 33 27 25 45 15 22 19 37 1 28 31 42 44 4 
student 14: 12 38 48 21 43 18 10 37 42 14 23 26 33 28 5 36 25 17 2 4 20 15 35 7 3 50 49 34 9 29 27 11 44 46 32 13 41 24 22 45 16 19 8 39 1 30 31 47 40 6 
student 15: 6 50 44 12 43 26 25 34 37 15 18 28 32 30 7 38 19 11 1 9 20 16 36 4 14 49 46 40 2 31 22 8 42 47 33 10 41 24 29 45 17 21 13 39 5 23 27 48 35 3 
student 16: 10 44 40 11 43 21 14 34 48 17 20 32 28 36 8 33 24 4 1 9 26 18 37 5 6 50 49 35 2 23 22 13 39 47 31 16 42 25 27 46 19 15 12 38 3 30 29 45 41 7 
student 17: 15 48 47 20 43 19 9 34 37 12 22 29 33 31 7 36 23 13 2 6 24 10 39 8 5 45 49 38 3 21 25 14 44 50 32 18 41 26 28 46 16 17 11 40 4 27 30 35 42 1 
student 18: 9 45 46 19 39 22 8 40 37 21 25 27 33 32 4 38 17 13 1 6 26 15 34 7 11 50 47 35 5 24 20 12 44 49 31 10 43 28 23 42 16 18 14 41 2 29 30 48 36 3 
student 19: 6 50 41 19 42 20 11 32 37 16 21 36 33 31 5 43 23 12 4 8 27 14 35 7 9 49 48 34 1 28 22 13 47 46 30 18 40 29 24 44 15 17 10 39 3 25 26 45 38 2 
student 20: 7 47 48 17 44 18 8 34 41 14 16 31 33 32 6 38 20 13 1 5 25 22 36 9 11 45 50 35 3 23 21 10 43 49 26 15 42 30 27 40 12 24 19 37 2 29 28 46 39 4 
student 21: 15 44 42 20 46 27 4 33 37 14 18 22 32 35 7 38 21 10 1 12 26 13 28 3 9 39 49 40 8 23 24 6 45 48 31 11 41 30 25 47 16 19 17 43 5 36 29 50 34 2 
student 22: 10 49 46 18 42 19 6 30 40 13 23 31 33 32 2 39 26 15 1 14 24 17 36 5 8 45 50 37 4 22 20 7 48 44 29 16 34 35 25 41 21 11 12 43 3 27 28 47 38 9 
student 23: 7 47 43 16 42 24 14 28 33 12 20 31 36 35 5 30 21 11 2 6 26 19 37 8 9 50 49 38 1 23 22 10 45 48 32 15 44 25 27 41 17 18 13 40 4 29 34 46 39 3 
student 24: 5 46 44 21 40 25 9 39 48 16 22 29 28 32 8 36 20 10 3 7 26 19 35 6 11 50 49 33 1 17 24 12 41 47 34 15 42 30 27 43 13 18 14 38 2 23 31 45 37 4 
student 25: 6 46 45 21 37 17 11 41 35 19 16 27 30 39 7 40 25 13 1 5 32 14 36 12 10 43 47 33 3 24 23 8 48 50 28 18 42 22 26 44 15 20 9 34 2 31 29 49 38 4 
student 26: 13 50 46 21 44 20 11 32 35 15 23 30 27 31 10 38 22 6 1 3 26 19 36 7 8 49 48 37 2 25 24 12 42 45 33 14 43 29 16 41 17 18 9 39 5 34 28 47 40 4 
student 27: 7 48 44 14 42 22 12 36 45 16 13 26 33 31 8 39 21 15 3 5 37 19 34 9 6 50 47 32 2 29 24 11 43 49 30 17 35 20 25 38 18 23 10 40 4 28 27 46 41 1 
student 28: 8 49 41 15 37 18 14 36 46 13 21 24 32 31 3 39 16 10 7 6 28 11 35 5 12 50 45 40 2 22 23 9 38 48 33 17 43 27 25 44 26 20 19 34 1 30 29 47 42 4 
student 29: 9 49 46 19 41 22 11 30 39 18 20 28 31 33 4 45 26 10 1 7 27 12 38 2 3 50 48 40 5 24 23 13 43 47 34 14 36 21 25 37 16 17 15 44 6 29 32 42 35 8 
student 30: 14 45 43 18 48 21 8 32 39 17 12 28 31 37 5 36 22 7 2 10 23 16 33 6 9 49 50 35 4 29 26 11 41 47 40 13 44 30 24 38 20 19 15 42 3 27 25 46 34 1 
student 31: 10 47 46 31 43 20 8 29 39 15 16 26 28 36 7 33 25 12 1 18 32 17 30 4 6 49 50 38 3 24 22 9 42 48 34 11 40 27 21 45 13 19 14 37 5 35 23 44 41 2 
student 32: 10 46 49 16 38 27 8 34 39 14 23 24 37 33 7 31 21 12 4 3 22 18 36 5 11 43 50 40 6 20 30 13 45 48 29 15 41 25 26 42 19 17 9 44 1 28 32 47 35 2 
student 33: 9 47 45 18 43 14 15 37 44 19 22 24 32 31 3 38 23 10 5 7 26 16 40 6 4 49 42 35 1 17 27 12 34 50 30 13 39 28 29 48 20 21 11 36 8 33 25 46 41 2 
student 34: 9 49 44 19 43 22 12 35 42 15 21 24 27 33 10 37 25 13 3 2 28 18 40 4 6 50 45 31 8 16 29 11 48 47 32 7 41 23 26 46 20 17 14 38 5 30 36 39 34 1 
student 35: 5 47 41 19 39 27 12 36 42 14 23 24 29 38 6 32 22 16 1 8 10 18 35 4 9 48 50 37 2 26 20 11 44 49 34 21 43 25 28 45 15 17 13 33 7 30 31 46 40 3 
student 36: 7 47 46 13 48 24 8 34 43 14 19 35 37 25 1 36 21 16 2 9 22 18 32 4 5 33 45 29 12 27 26 10 42 50 30 11 44 28 23 38 20 17 15 41 6 40 31 49 39 3 
student 37: 7 46 45 12 50 24 11 31 40 16 18 30 33 37 6 36 22 13 5 10 26 21 32 3 8 49 48 39 4 25 19 9 42 47 28 17 41 23 27 44 20 14 15 35 2 34 29 43 38 1 
student 38: 4 47 44 19 43 17 14 33 46 11 26 25 35 38 12 31 23 6 2 8 36 13 39 5 9 49 48 37 3 24 21 10 45 50 30 16 41 28 22 40 18 20 15 32 1 27 29 34 42 7 
student 39: 8 44 46 18 47 21 9 36 40 12 16 25 30 37 1 39 23 13 4 7 27 17 35 5 3 49 48 34 2 24 22 11 45 43 29 14 38 31 26 42 19 20 15 33 10 32 28 50 41 6 
student 40: 13 46 41 16 35 25 7 32 39 15 18 21 31 34 6 38 22 9 1 2 26 12 37 14 11 49 50 36 3 23 20 8 43 48 33 10 45 27 28 47 19 24 17 42 5 30 29 44 40 4 
student 41: 7 46 43 22 49 20 9 36 34 15 19 27 33 35 5 38 23 11 1 12 29 17 21 6 10 50 48 44 2 25 24 13 42 47 32 8 37 28 26 41 14 16 18 39 4 30 31 45 40 3 
student 42: 10 46 39 19 41 23 13 32 40 17 22 34 33 36 4 38 20 8 3 7 15 16 30 6 9 50 48 37 2 25 28 12 45 49 31 14 42 24 27 35 21 18 11 43 1 29 26 47 44 5 
student 43: 12 50 44 16 39 24 11 32 41 15 21 25 33 36 4 29 20 14 2 10 37 19 35 5 7 49 48 34 1 23 22 8 43 46 30 9 42 28 26 47 17 18 13 40 6 27 31 45 38 3 
student 44: 10 50 46 24 39 22 11 29 41 20 19 27 31 32 4 37 18 9 5 6 26 14 33 2 8 49 45 40 1 21 25 12 47 48 34 15 43 23 28 42 17 16 13 35 3 30 38 44 36 7 
student 45: 13 50 41 20 43 18 8 31 38 22 17 21 30 40 4 33 24 9 1 11 26 19 34 7 6 47 46 36 2 25 23 15 45 44 32 14 42 27 29 49 16 12 10 39 3 28 35 48 37 5 
student 46: 10 50 46 24 41 16 12 36 38 15 21 28 37 33 8 32 25 5 2 6 23 17 34 4 7 47 49 43 1 31 18 14 45 48 26 13 39 27 19 42 22 20 11 35 9 29 30 44 40 3 
student 47: 8 47 46 26 41 25 14 31 42 24 21 34 28 33 6 37 29 13 3 5 18 9 35 1 7 43 50 38 2 22 16 12 44 48 32 17 40 30 23 45 15 19 10 36 11 20 27 49 39 4 
student 48: 12 45 47 20 42 23 7 41 39 11 21 28 35 34 8 31 17 13 1 6 24 14 30 4 10 49 48 37 2 25 19 15 46 50 33 9 40 26 27 44 16 22 18 38 3 32 29 43 36 5 
student 49: 5 44 48 19 38 25 16 35 41 20 12 24 28 32 1 33 22 14 2 7 26 18 34 3 8 50 49 36 13 29 21 11 47 45 30 17 42 31 23 43 10 15 9 37 6 27 40 46 39 4 
student 50: 10 44 45 23 43 21 5 35 42 14 20 29 32 36 3 37 19 13 4 8 27 16 33 7 9 49 50 39 1 22 25 11 41 47 28 12 40 26 24 46 17 18 15 38 2 30 31 48 34 6 
student 51: 13 46 49 20 41 18 9 39 38 14 23 28 33 35 5 31 25 8 1 7 21 15 34 10 6 48 47 36 2 26 22 12 45 50 32 16 44 27 24 42 19 17 11 37 4 29 30 43 40 3 
student 52: 9 43 50 18 40 22 11 32 44 15 19 28 33 34 2 35 21 8 4 3 24 12 36 7 10 48 49 37 1 20 25 13 41 42 31 16 45 26 29 46 17 23 14 39 5 30 27 47 38 6 
student 53: 12 47 44 24 39 17 4 35 40 13 14 28 34 33 8 36 22 15 1 7 25 16 37 5 9 48 50 38 2 21 20 11 45 49 31 23 41 30 26 43 18 19 10 29 6 27 32 46 42 3 
student 54: 10 43 46 17 42 21 14 34 41 18 19 26 31 35 3 33 24 11 2 7 22 12 28 5 6 50 44 38 1 29 20 15 45 49 36 16 47 25 30 39 13 23 9 37 8 27 32 48 40 4 
student 55: 14 42 44 18 45 23 7 31 41 10 20 30 29 32 5 39 22 12 1 9 25 17 36 8 6 50 48 35 3 21 24 16 47 49 27 13 43 33 28 38 15 19 11 40 2 26 34 46 37 4 
student 56: 9 41 49 23 39 18 11 33 42 14 25 29 31 34 7 35 22 5 1 2 19 20 36 10 4 50 47 37 8 26 21 16 43 48 28 13 45 27 24 40 15 17 12 38 3 30 32 46 44 6 
student 57: 6 45 43 21 42 15 7 34 41 11 22 23 28 35 3 36 26 14 1 5 25 13 33 8 10 50 49 37 2 24 19 12 44 48 31 9 39 29 27 46 16 20 17 40 4 30 32 47 38 18 
student 58: 8 47 43 19 46 20 7 31 39 17 21 25 34 30 4 40 24 10 2 5 23 15 38 6 16 48 50 32 1 26 22 12 42 49 37 13 35 28 27 45 18 14 11 36 3 29 33 41 44 9 
student 59: 12 44 45 22 43 24 9 33 36 13 20 26 37 38 11 39 10 6 1 5 29 18 40 8 7 50 49 31 3 25 21 16 46 47 34 17 48 30 23 28 19 15 14 35 4 27 32 42 41 2 
student 60: 15 50 46 19 42 23 9 35 36 14 20 30 26 37 5 34 21 10 2 6 25 16 33 8 7 39 49 40 1 27 24 17 44 45 31 11 43 28 22 47 13 18 12 38 3 32 29 48 41 4 
student 61: 11 41 50 21 34 22 9 36 43 15 18 25 33 39 5 35 23 13 2 8 29 16 42 3 6 48 49 37 10 24 20 14 45 47 32 7 46 31 28 44 19 17 12 38 1 27 30 26 40 4 
student 62: 12 47 42 22 41 21 14 28 40 15 20 30 34 36 6 32 24 9 1 3 31 16 43 7 8 48 49 35 4 13 25 11 44 50 33 19 38 26 23 45 17 18 10 39 2 27 29 46 37 5 
student 63: 16 45 47 20 39 19 15 31 40 9 22 32 34 33 4 44 23 11 3 5 21 13 35 10 8 49 48 36 1 25 14 7 42 50 30 12 43 24 27 41 26 17 18 38 6 29 28 46 37 2 
student 64: 10 50 42 17 31 24 18 37 40 15 19 33 29 34 7 38 22 11 8 4 21 12 36 9 6 49 47 39 1 30 23 13 41 48 32 14 44 27 25 45 20 16 5 43 2 28 26 46 35 3 
student 65: 8 50 40 17 44 22 9 30 43 14 16 28 34 35 3 37 23 12 2 1 26 19 31 10 11 49 45 41 4 21 24 6 48 47 33 15 39 32 27 38 18 20 13 42 5 29 25 46 36 7 
student 66: 8 45 46 23 33 19 9 32 35 25 17 29 30 36 7 38 21 11 2 4 26 18 37 10 6 48 50 39 1 20 22 12 42 49 34 13 41 24 27 44 16 14 15 40 3 31 28 47 43 5 
student 67: 15 48 39 19 47 21 9 37 38 11 22 28 30 36 4 41 25 14 1 8 26 16 32 7 13 50 46 35 2 24 18 6 45 49 31 10 42 27 23 40 12 20 17 34 3 33 29 44 43 5 
student 68: 7 47 46 24 44 28 13 32 43 20 22 29 34 33 8 38 19 9 1 6 25 15 35 5 11 50 41 36 3 21 16 12 45 49 31 17 42 23 26 40 10 18 14 37 2 30 27 48 39 4 
student 69: 7 42 41 16 39 21 10 37 43 15 22 25 33 34 6 40 23 14 4 9 26 18 35 5 8 49 50 32 2 24 28 12 48 47 29 13 44 19 31 45 17 20 11 38 1 27 30 46 36 3 
student 70: 8 48 47 21 39 29 11 34 42 15 20 30 27 19 2 36 23 10 5 9 28 17 35 3 7 50 45 44 4 24 18 12 43 40 33 14 38 26 25 46 16 22 13 37 1 31 32 49 41 6 
student 71: 15 47 46 19 39 25 11 34 37 16 21 22 31 32 9 36 18 12 2 6 33 13 35 5 7 49 48 38 3 23 24 10 44 50 29 8 42 26 27 45 20 17 14 40 1 30 28 43 41 4 
student 72: 4 44 45 21 39 23 5 34 40 14 19 26 31 36 6 33 20 11 1 12 28 15 37 3 9 50 47 35 2 22 25 10 49 48 32 17 43 27 24 41 16 18 13 38 8 29 30 42 46 7 
student 73: 10 48 40 24 42 18 8 37 41 16 15 29 31 30 6 35 25 12 1 7 27 22 34 5 9 49 50 38 4 20 23 11 47 45 32 17 39 26 28 44 14 19 13 36 2 33 21 46 43 3 
student 74: 9 45 42 21 44 23 11 32 40 12 16 30 37 33 2 36 22 6 3 7 24 15 35 4 10 50 46 41 8 25 20 14 48 39 31 17 38 27 28 47 19 18 13 26 1 34 29 49 43 5 
student 75: 11 45 38 20 44 24 12 30 42 15 21 28 31 41 4 40 23 10 1 7 22 17 34 3 8 46 49 35 6 18 26 13 47 50 33 9 39 32 29 43 19 16 14 36 2 27 25 48 37 5 
student 76: 13 47 48 18 49 23 21 30 42 5 22 31 33 41 8 36 17 9 3 2 25 16 32 12 6 50 45 34 4 19 24 10 46 39 28 11 43 29 26 37 20 14 15 38 7 27 40 44 35 1 
student 77: 8 47 42 19 45 20 9 34 39 17 24 27 28 33 5 36 21 15 1 7 26 16 40 11 6 49 50 38 2 25 23 14 48 46 32 12 44 31 22 37 13 18 10 41 3 29 30 43 35 4 
student 78: 15 47 38 19 34 26 7 32 42 17 18 25 30 37 1 33 14 8 6 9 28 12 36 5 11 50 49 41 2 21 27 10 44 48 29 13 45 24 23 46 20 22 16 39 3 31 35 43 40 4 
student 79: 9 49 50 15 39 30 6 33 40 14 25 27 35 37 8 36 22 7 3 10 24 18 41 2 13 48 47 38 1 23 20 12 42 45 31 19 44 29 17 46 21 16 11 32 5 26 28 43 34 4 
student 80: 7 48 43 19 41 21 11 38 35 14 17 30 37 27 9 36 29 8 2 3 25 18 39 10 6 49 50 31 4 20 26 12 33 46 34 16 45 22 24 42 15 23 13 40 1 32 28 44 47 5 
student 81: 13 46 44 19 42 20 8 31 39 12 17 27 33 34 3 35 21 11 2 9 23 16 36 7 6 50 48 38 4 24 32 14 49 47 29 18 40 26 25 43 15 22 10 45 5 28 30 41 37 1 
student 82: 13 45 36 20 43 24 9 30 49 15 16 28 31 32 3 33 19 8 6 11 38 23 39 7 10 48 50 35 5 22 27 14 44 46 34 12 42 21 26 40 17 18 4 37 1 25 29 47 41 2 
student 83: 7 45 47 10 39 21 13 34 43 15 28 29 32 33 4 38 18 11 3 8 23 16 37 5 9 50 49 35 1 22 24 17 44 48 25 14 41 26 30 46 20 19 12 36 2 27 31 42 40 6 
student 84: 13 47 40 18 42 21 8 28 38 12 26 30 35 32 4 39 22 9 1 11 23 20 34 10 7 49 50 36 2 27 19 5 45 48 33 17 41 24 29 43 15 16 14 37 6 25 31 44 46 3 
student 85: 7 49 45 18 39 21 11 34 41 19 20 28 33 35 2 29 24 10 3 9 27 15 40 6 8 44 46 36 1 22 25 13 47 50 32 12 43 23 26 42 16 17 14 37 4 31 30 48 38 5 
student 86: 9 45 42 15 43 25 11 30 41 13 22 27 24 32 4 34 23 10 1 7 18 17 35 6 8 50 48 39 2 31 26 16 46 49 28 12 36 21 33 47 19 20 14 38 5 29 37 44 40 3 
student 87: 6 50 45 21 36 22 10 34 41 16 19 27 28 31 5 38 23 13 1 8 26 18 33 4 9 44 49 37 2 20 24 14 47 48 32 15 43 29 25 46 12 17 11 39 7 30 35 42 40 3 
student 88: 9 48 46 17 42 22 14 36 44 7 20 28 27 32 3 41 21 12 2 10 26 13 34 8 6 50 49 33 1 25 23 11 45 43 35 19 40 24 29 39 18 15 16 37 5 30 31 47 38 4 
student 89: 6 46 50 18 39 23 12 36 41 14 15 28 32 35 7 31 21 9 1 11 25 17 34 10 4 48 47 42 5 27 20 13 37 44 33 16 45 24 26 40 19 22 8 49 3 30 29 43 38 2 
student 90: 7 44 47 17 45 13 11 32 36 10 27 22 34 35 9 38 23 12 6 5 25 18 33 4 21 46 50 37 3 19 28 8 39 49 31 16 42 30 26 43 20 15 14 40 2 24 29 48 41 1 
student 91: 11 46 37 19 48 24 13 35 43 16 21 28 30 33 6 38 23 9 1 5 20 18 39 7 8 49 50 40 2 27 22 14 45 47 32 12 44 25 26 36 17 15 10 34 4 31 29 41 42 3 
student 92: 4 45 47 16 40 20 10 35 37 14 22 28 31 34 6 44 18 11 2 17 25 8 36 5 9 50 48 33 7 24 23 13 43 49 32 15 38 27 26 41 19 21 12 42 1 29 30 46 39 3 
student 93: 15 46 43 18 36 24 8 32 38 13 21 31 33 40 6 34 20 10 1 11 25 16 35 7 9 49 50 37 2 19 23 5 45 48 30 22 41 26 27 42 14 17 12 39 4 28 29 47 44 3 
student 94: 2 47 46 21 41 22 8 30 39 18 17 24 32 38 4 36 27 12 5 1 33 19 34 10 9 44 50 35 3 29 14 13 42 49 25 16 40 26 23 45 15 20 11 43 7 31 28 48 37 6 
student 95: 10 48 45 15 38 20 8 36 35 12 21 31 33 34 3 41 19 16 1 6 29 23 32 5 9 50 49 37 4 24 25 11 44 47 26 14 42 22 28 43 18 17 13 39 7 30 27 46 40 2 
student 96: 26 43 45 14 38 20 11 40 44 18 21 28 32 35 3 34 19 10 2 15 25 24 33 9 7 49 48 36 4 17 27 6 47 46 22 16 50 29 23 42 13 8 12 41 1 30 31 39 37 5 
student 97: 14 47 49 24 43 7 8 26 40 15 22 28 32 34 2 42 23 10 6 12 27 18 35 5 16 50 48 33 4 25 21 13 44 46 31 9 41 29 17 38 19 20 11 37 1 30 36 45 39 3 
student 98: 7 48 47 16 45 22 10 32 39 15 19 31 28 38 14 34 17 13 4 3 27 21 36 5 8 46 50 35 6 25 23 12 41 49 30 9 42 24 26 43 18 20 11 40 1 33 29 44 37 2 
student 99: 11 48 49 22 38 19 10 26 43 16 17 28 36 42 2 39 18 8 1 5 24 21 30 6 7 41 45 29 3 20 23 14 44 50 33 15 46 34 27 31 12 13 32 37 4 35 25 40 47 9 
student 100: 8 48 44 15 42 18 9 35 39 13 21 26 29 31 7 41 22 14 2 10 27 17 33 4 3 50 49 34 6 28 23 16 45 47 36 11 40 25 24 43 19 20 12 38 5 30 32 46 37 1 
student 101: 8 44 46 13 45 27 7 36 40 17 24 25 31 39 6 35 22 11 1 9 30 19 32 4 10 50 49 34 2 23 15 12 47 48 29 18 41 26 33 42 14 20 16 37 5 21 28 38 43 3 
student 102: 11 45 42 17 44 21 9 31 41 20 24 27 32 35 3 34 25 19 1 7 28 10 39 5 8 50 47 37 4 23 22 13 46 49 29 18 43 33 16 40 12 15 14 36 6 26 30 48 38 2 
student 103: 13 47 46 28 40 21 8 34 38 14 20 27 30 35 5 37 17 10 1 9 22 18 33 7 6 48 49 39 4 24 25 11 41 50 32 19 44 29 23 43 15 16 12 36 3 26 31 45 42 2 
student 104: 7 49 42 20 39 23 9 29 35 16 19 26 32 38 5 45 21 11 1 6 22 17 41 12 10 50 40 33 2 27 24 14 46 44 34 15 37 28 25 47 13 18 8 43 3 31 30 48 36 4 
student 105: 12 45 43 17 39 21 10 32 34 13 27 24 31 33 7 36 20 16 2 8 29 19 35 5 6 49 46 38 3 25 23 9 42 50 28 11 41 26 30 48 18 14 15 47 1 22 40 44 37 4 
student 106: 10 43 46 29 39 23 13 35 41 17 25 31 20 33 7 40 22 15 2 9 27 14 36 3 5 50 49 37 6 24 21 8 48 45 30 12 47 26 28 38 18 16 11 34 1 19 32 44 42 4 
student 107: 10 47 48 23 40 21 13 30 39 9 12 28 37 29 4 32 20 11 2 8 27 15 34 6 7 50 49 36 5 31 26 14 41 44 42 17 35 22 24 46 19 18 16 33 1 43 25 45 38 3 
student 108: 10 50 45 20 37 13 16 31 41 15 11 28 30 33 8 35 21 14 1 7 22 24 38 2 5 44 49 36 3 27 23 9 43 47 32 18 42 29 26 48 19 17 12 39 6 34 25 46 40 4 
student 109: 12 48 46 22 40 18 13 32 41 14 24 30 35 28 4 42 17 9 3 7 25 19 33 8 6 49 50 34 1 20 23 10 38 45 26 15 43 29 27 47 11 21 16 39 2 31 36 44 37 5 
student 110: 14 47 43 20 37 18 15 35 38 11 22 33 28 32 4 40 23 12 2 7 24 19 34 9 8 49 50 41 1 27 25 5 44 48 26 16 42 21 30 39 10 17 13 45 3 31 29 46 36 6 
student 111: 8 50 39 19 42 17 11 32 35 14 21 30 28 34 7 41 22 12 1 6 25 15 36 10 3 49 48 37 4 24 29 18 44 45 33 13 38 27 26 43 20 16 9 46 2 31 23 47 40 5 
student 112: 10 46 49 23 40 19 1 32 33 16 21 28 29 34 2 37 27 11 7 9 25 17 35 8 6 50 48 38 4 22 18 13 45 47 31 15 41 26 24 43 20 14 12 42 3 36 30 44 39 5 
student 113: 8 38 46 19 47 23 12 28 39 16 21 25 33 41 10 34 20 13 7 11 24 15 32 3 1 48 49 37 6 27 22 5 43 45 31 4 44 29 26 42 18 17 14 35 2 30 40 50 36 9 
student 114: 9 46 45 20 44 23 6 34 41 12 22 28 32 33 11 35 19 7 8 4 26 18 37 2 5 48 50 39 1 29 24 10 42 49 27 13 43 25 15 40 14 21 16 36 3 30 31 47 38 17 
student 115: 12 48 44 25 43 33 9 37 39 13 21 26 32 38 2 35 22 10 4 8 23 18 31 6 7 50 49 36 1 19 20 15 41 45 29 17 46 27 24 42 14 16 11 40 3 28 34 47 30 5 
student 116: 10 48 46 16 45 22 8 36 38 12 18 30 34 35 7 33 21 11 5 3 24 20 31 9 4 50 49 42 1 27 25 14 43 40 32 23 41 28 29 39 15 19 13 44 2 26 17 47 37 6 
student 117: 5 43 45 22 38 19 16 32 39 18 26 28 29 41 7 35 20 14 4 8 13 21 36 2 6 50 48 34 1 27 25 12 44 49 24 10 37 31 23 47 17 15 11 40 3 33 30 46 42 9 
student 118: 9 50 43 17 48 23 7 30 46 15 16 25 33 35 3 39 20 14 1 10 26 12 37 4 11 49 47 38 2 24 22 8 42 41 31 13 36 27 28 40 21 18 19 34 6 29 32 45 44 5 
student 119: 9 47 41 18 43 26 14 36 40 16 17 21 30 38 7 37 20 15 1 10 27 13 34 4 6 48 50 39 3 24 23 11 42 46 25 12 49 29 28 44 22 19 8 31 2 32 33 45 35 5 
student 120: 8 47 45 23 37 20 11 40 38 15 17 29 36 33 9 39 21 10 2 1 22 19 32 3 7 50 48 34 6 26 25 12 41 46 31 14 42 27 24 43 16 18 13 35 4 30 28 49 44 5 
student 121: 7 46 42 17 44 18 13 37 39 14 33 25 27 32 3 35 20 8 1 10 21 22 40 5 9 50 49 36 6 24 26 11 45 47 30 12 41 28 23 29 16 19 15 38 4 31 34 48 43 2 
student 122: 2 47 48 23 43 16 14 36 41 13 17 33 34 28 8 40 22 12 5 9 24 19 29 1 6 50 49 37 4 21 26 10 44 46 30 11 38 31 25 42 20 15 18 39 7 32 27 45 35 3 
student 123: 1 47 46 20 40 23 10 29 38 19 21 28 39 30 7 36 24 9 3 8 25 16 31 2 11 50 49 41 6 22 18 13 44 43 32 17 45 27 33 42 14 12 15 34 4 35 26 48 37 5 
student 124: 4 45 42 21 40 27 7 34 48 14 20 30 31 29 1 36 26 9 12 6 32 16 35 8 18 50 46 41 3 25 19 10 44 49 33 13 38 22 23 39 17 11 15 37 2 24 28 47 43 5 
student 125: 9 42 40 21 44 22 10 33 38 18 23 29 31 35 13 34 19 15 2 5 26 11 36 8 14 50 48 45 1 12 25 6 49 47 30 16 41 24 27 46 20 17 7 37 3 32 28 43 39 4 
student 126: 5 43 44 19 38 20 3 36 40 7 21 25 32 35 1 31 24 14 10 9 27 18 33 6 12 50 48 41 4 23 28 15 47 46 34 17 42 29 22 45 13 16 11 37 2 26 30 49 39 8 
student 127: 7 48 45 24 47 17 12 35 33 21 29 26 32 34 10 37 30 5 2 9 25 15 38 3 8 50 49 36 1 18 19 14 44 46 28 13 43 23 22 41 16 20 11 40 4 31 27 42 39 6 
student 128: 12 48 43 15 46 17 10 33 36 13 24 27 37 32 2 34 20 11 5 6 26 19 35 4 7 47 49 38 1 23 22 18 45 50 31 9 42 25 28 41 21 14 16 40 8 29 30 44 39 3 
student 129: 9 48 43 23 46 16 10 29 44 15 18 27 38 34 8 32 19 6 1 5 25 13 35 11 17 50 49 36 2 26 22 14 42 47 28 12 37 24 30 39 21 20 7 41 4 31 33 45 40 3 
student 130: 11 48 49 20 44 22 9 34 36 14 21 27 38 37 8 33 18 12 2 6 26 16 32 7 4 50 46 41 3 24 23 10 43 45 31 19 40 25 28 42 15 17 13 39 1 29 30 47 35 5 
student 131: 17 46 47 6 41 22 15 35 42 16 24 30 34 33 4 36 20 5 1 7 27 18 32 9 8 49 50 38 2 23 19 21 43 48 31 12 44 28 25 40 13 14 11 39 3 26 29 45 37 10 
student 132: 7 50 47 18 40 27 11 33 43 19 22 25 34 37 9 32 20 10 1 4 24 15 35 8 5 42 49 39 2 23 21 12 46 44 30 16 41 29 26 45 14 17 13 38 3 31 28 48 36 6 
student 133: 10 34 42 20 50 21 9 32 39 17 18 33 29 30 7 41 19 11 1 6 25 14 37 8 4 46 49 36 3 22 24 12 45 40 27 15 38 28 26 44 16 23 13 48 2 31 35 47 43 5 
student 134: 5 45 43 20 41 19 13 32 40 16 10 23 31 34 6 37 22 9 3 7 25 21 36 8 11 46 49 38 2 26 30 14 47 48 27 15 33 28 24 44 17 18 12 39 4 35 29 50 42 1 
student 135: 9 48 46 17 41 21 4 33 38 15 11 25 29 34 5 36 32 16 6 7 23 14 35 1 10 45 49 37 8 28 22 13 47 50 31 18 40 26 27 42 19 20 3 39 2 30 24 43 44 12 
student 136: 6 48 47 17 41 20 8 32 44 14 23 31 29 33 5 35 24 9 2 11 26 18 34 10 7 50 45 37 4 19 30 15 43 49 27 13 46 36 28 42 22 16 12 39 1 21 25 40 38 3 
student 137: 20 50 49 19 40 23 8 31 38 14 21 24 36 35 3 34 22 10 2 7 28 16 37 6 9 48 46 39 1 15 27 12 42 45 33 13 43 25 29 44 17 18 11 32 4 30 26 47 41 5 
student 138: 9 45 47 18 43 24 10 36 39 11 21 29 31 34 8 33 23 13 1 7 25 15 35 3 5 49 50 38 2 26 22 17 46 44 32 20 41 28 27 40 12 16 14 42 4 19 30 48 37 6 
student 139: 12 47 44 21 43 26 9 23 42 16 20 31 34 32 10 35 22 13 2 6 18 19 37 11 5 50 48 36 1 25 24 7 39 49 33 14 40 27 28 45 15 17 8 38 3 29 30 46 41 4 
student 140: 9 49 44 20 42 18 13 30 39 12 21 32 29 33 3 38 23 14 1 10 27 15 34 7 4 48 43 35 5 25 22 8 47 50 31 11 41 26 24 45 16 19 17 40 2 37 28 46 36 6 
student 141: 7 41 45 19 39 21 9 37 46 12 14 30 24 31 4 35 20 17 8 6 23 15 34 13 10 48 47 38 2 29 25 5 43 49 33 11 44 27 26 42 18 22 16 36 3 28 32 50 40 1 
student 142: 7 47 50 16 49 28 12 27 41 9 17 30 29 37 3 38 20 11 4 10 32 22 34 5 6 48 46 39 1 23 19 13 44 42 26 14 35 31 24 45 18 21 15 40 8 25 33 43 36 2 
student 143: 10 49 40 19 42 20 8 39 41 18 24 26 34 31 5 33 16 12 1 6 23 13 36 7 11 50 46 45 3 28 22 9 43 48 30 14 37 25 32 44 21 15 17 38 2 27 29 47 35 4 
student 144: 11 47 45 17 42 21 9 35 40 13 20 23 27 31 6 43 16 10 1 7 29 14 36 4 8 50 41 32 2 24 25 15 48 44 34 19 49 28 26 39 22 18 12 38 3 33 30 46 37 5 
student 145: 11 49 48 20 41 21 10 40 39 13 22 25 37 35 5 38 17 12 4 8 28 18 34 7 9 46 50 31 1 27 24 16 47 44 29 14 36 26 19 42 15 23 6 33 2 30 32 45 43 3 
student 146: 5 48 46 20 37 22 11 34 43 18 14 30 35 41 10 33 25 9 7 4 24 12 29 6 13 50 49 36 3 23 21 8 44 47 32 16 42 27 26 45 15 17 19 38 2 31 28 40 39 1 
student 147: 15 42 49 18 46 20 9 32 44 16 24 30 31 34 4 36 22 17 5 6 25 11 35 8 10 47 48 38 3 21 27 7 50 39 26 14 37 23 29 43 19 13 12 40 2 28 33 45 41 1 
student 148: 2 48 45 20 42 19 8 38 47 14 18 31 30 27 9 28 22 11 3 7 23 16 35 6 10 50 44 37 4 26 25 15 43 49 33 13 40 29 21 41 24 17 12 36 5 34 32 46 39 1 
student 149: 7 49 46 13 43 24 11 29 42 17 20 35 37 31 2 41 16 12 1 10 27 19 33 5 6 50 47 32 8 30 28 9 44 48 25 14 38 23 21 40 26 18 15 34 4 22 39 45 36 3 
student 150: 8 43 47 19 45 21 10 29 37 16 23 26 34 33 2 36 17 11 1 6 30 18 41 5 12 50 48 35 4 22 32 15 44 49 31 13 39 28 24 42 14 20 7 40 3 27 25 46 38 9 
student 151: 7 42 41 20 47 21 8 32 40 16 15 22 24 34 13 33 23 14 2 12 28 19 35 6 4 48 49 37 1 25 18 10 46 50 43 31 45 26 29 36 17 11 9 38 3 30 27 44 39 5 
student 152: 13 50 46 19 44 32 9 37 43 18 23 27 35 34 8 33 15 14 2 3 26 17 38 12 5 49 47 41 6 22 20 4 48 40 28 10 29 30 25 45 16 21 11 39 1 31 24 42 36 7 
student 153: 13 49 47 22 41 19 8 35 37 9 25 27 33 30 6 40 15 12 2 3 24 20 39 7 11 48 45 34 4 29 21 10 43 50 32 14 42 28 26 46 18 17 16 31 1 23 36 44 38 5 
student 154: 11 47 48 19 40 23 10 38 39 13 20 30 32 31 6 35 21 8 1 5 26 12 33 9 7 50 49 37 2 24 22 14 41 45 29 16 43 28 25 44 17 18 15 34 4 27 36 46 42 3 
student 155: 6 50 43 23 37 19 4 35 45 12 16 28 32 31 11 33 17 13 2 5 25 15 44 8 10 41 49 36 3 27 20 9 48 42 29 18 40 30 24 47 21 22 14 34 7 26 38 46 39 1 
student 156: 7 47 45 21 39 20 10 34 38 14 22 26 35 32 2 37 19 11 1 6 23 18 36 4 8 50 48 40 5 27 24 15 43 46 31 12 42 25 28 44 17 16 13 33 3 29 30 49 41 9 
student 157: 9 49 44 22 46 17 16 24 42 18 20 30 41 33 5 35 15 11 1 2 29 13 34 10 7 48 50 38 3 25 21 8 43 47 28 19 39 23 26 40 14 27 12 37 6 32 31 45 36 4 
student 158: 4 47 42 18 41 19 11 31 44 17 20 28 37 35 6 33 25 14 1 9 23 12 36 2 7 50 49 34 5 22 21 10 38 48 30 13 45 26 27 40 24 16 15 43 8 29 32 46 39 3 
student 159: 11 46 38 15 45 23 10 35 39 20 18 27 32 41 6 36 22 12 1 7 26 16 33 2 9 48 50 34 5 24 19 17 47 49 30 8 40 31 21 44 13 25 14 37 3 28 29 43 42 4 
student 160: 8 46 42 19 43 24 11 33 32 16 17 28 49 35 4 40 20 12 5 2 25 21 34 7 10 50 48 39 6 26 22 23 44 45 30 14 38 31 18 36 15 13 3 41 9 29 27 47 37 1 
student 161: 8 44 43 13 35 26 10 33 34 15 25 23 36 38 7 45 20 12 1 9 29 16 40 6 4 48 50 31 3 21 18 11 46 39 32 22 42 28 24 47 17 19 14 41 5 30 27 49 37 2 
student 162: 5 48 42 23 40 22 9 37 44 16 15 34 30 35 2 32 25 14 4 6 26 20 38 13 7 50 49 33 1 19 21 8 43 47 29 10 39 24 28 45 17 18 11 36 3 27 31 46 41 12 
student 163: 6 47 42 21 43 20 9 33 38 13 18 27 29 31 4 34 26 8 5 10 32 25 35 1 11 50 49 36 3 22 16 12 41 48 30 15 39 24 23 46 19 17 14 40 7 28 45 44 37 2 
student 164: 13 44 48 19 43 22 10 34 35 14 23 25 30 32 5 39 21 17 2 12 28 16 36 1 9 50 49 37 3 20 24 7 46 47 33 6 42 29 27 41 15 18 11 38 4 26 31 45 40 8 
student 165: 8 45 47 18 42 28 10 33 39 16 25 29 34 36 1 41 17 9 2 7 24 15 32 5 13 48 50 23 3 22 20 12 44 46 27 14 40 30 26 43 19 21 11 37 4 35 31 49 38 6 
student 166: 7 49 44 18 45 21 10 35 40 25 22 31 32 36 3 33 19 12 1 4 23 16 37 13 6 50 46 34 9 29 20 8 43 48 28 14 47 27 24 41 17 15 11 38 5 26 30 42 39 2 
student 167: 8 46 41 14 42 22 12 35 38 15 17 25 30 34 1 39 23 10 7 9 26 16 37 4 6 45 47 32 2 24 21 11 43 50 33 13 40 28 27 49 18 19 20 36 3 31 29 44 48 5 
student 168: 2 48 42 20 40 24 12 31 41 14 23 25 33 34 3 36 22 9 1 5 21 17 35 8 10 49 47 37 4 18 28 11 45 50 30 13 43 27 26 46 16 19 15 38 6 29 32 44 39 7 
student 169: 2 48 44 15 45 23 9 37 41 16 21 28 30 34 1 43 22 13 7 11 26 4 35 3 12 50 49 40 5 31 24 6 42 47 27 20 38 19 18 39 25 17 14 29 8 33 32 46 36 10 
student 170: 8 47 39 19 40 18 10 41 42 13 23 24 32 33 1 36 25 9 3 7 22 11 44 4 12 49 50 31 2 30 21 14 48 46 29 17 38 35 28 37 20 15 16 34 5 27 26 45 43 6 
student 171: 12 46 44 19 37 21 10 39 41 15 22 18 29 32 6 35 23 17 1 8 24 13 40 3 5 47 49 36 4 28 26 11 45 48 31 9 42 30 25 43 14 20 16 33 2 27 34 50 38 7 
student 172: 9 45 48 23 40 21 7 36 42 15 22 32 30 20 3 39 19 11 2 10 27 16 34 5 6 49 38 41 4 24 25 12 43 50 29 13 47 26 28 44 18 14 17 35 8 31 33 46 37 1 
student 173: 10 46 42 19 48 25 1 32 43 18 23 24 33 36 2 34 21 11 3 6 28 15 41 4 12 50 35 45 7 20 22 9 49 47 30 16 40 31 26 37 14 17 13 38 5 29 27 44 39 8 
student 174: 12 48 43 20 44 21 10 33 40 17 16 27 31 34 1 35 22 11 2 5 24 18 36 8 7 50 49 42 3 25 19 9 41 45 29 14 37 30 23 46 15 28 13 38 4 26 32 47 39 6 
student 175: 9 47 50 18 45 24 8 32 41 12 20 28 30 34 5 40 23 11 1 10 22 17 39 7 3 42 49 35 2 25 21 14 46 48 33 16 44 27 26 38 13 19 15 36 4 29 31 43 37 6 
student 176: 11 48 47 16 45 26 12 34 37 17 22 20 32 35 4 41 23 5 1 9 33 13 36 8 10 49 50 42 3 25 19 7 43 44 30 15 38 27 28 39 21 18 14 31 2 24 29 46 40 6 
student 177: 9 47 48 22 42 26 7 34 43 14 25 24 31 36 8 33 17 12 1 13 21 5 32 6 10 50 49 37 2 19 27 16 44 46 30 11 38 29 23 41 20 15 18 40 3 35 28 45 39 4 
student 178: 13 47 49 19 38 25 8 32 42 15 23 29 33 34 2 36 21 12 1 10 24 20 35 6 9 46 50 37 4 17 22 7 43 48 30 16 41 31 26 45 18 14 11 40 3 27 28 44 39 5 
student 179: 12 41 44 19 38 20 10 30 43 14 21 28 33 36 4 39 22 11 1 6 26 18 37 9 8 50 49 35 2 24 23 7 42 48 31 15 45 25 29 46 16 17 13 40 5 32 27 47 34 3 
student 180: 5 46 47 18 44 25 11 33 40 22 19 26 37 36 7 32 24 9 1 13 28 15 39 8 4 50 45 34 2 20 21 10 42 48 29 14 41 27 30 43 17 16 12 35 3 23 31 49 38 6 
student 181: 6 45 47 18 40 24 8 33 37 15 23 31 32 36 4 35 19 10 2 11 22 16 34 5 9 50 49 38 3 27 21 14 41 48 30 7 39 29 25 44 17 20 12 42 13 28 26 46 43 1 
student 182: 11 45 48 20 40 21 9 30 37 17 18 25 35 34 1 32 23 14 3 6 27 13 36 5 7 50 47 38 2 24 22 10 43 46 31 16 42 28 26 49 12 19 15 39 8 29 33 44 41 4 
student 183: 7 49 41 18 42 22 14 33 44 15 20 24 31 34 4 35 21 9 1 6 28 16 37 8 13 50 47 39 2 25 23 10 46 48 32 12 36 27 26 43 17 19 11 38 3 30 29 45 40 5 
student 184: 7 49 46 20 40 24 15 32 41 23 14 27 35 31 2 37 21 16 4 10 26 17 33 6 9 50 48 38 1 25 19 8 45 47 30 12 42 28 22 43 13 18 11 36 5 29 34 44 39 3 
student 185: 9 47 46 21 36 20 14 34 38 13 18 28 35 33 7 37 32 10 1 4 24 15 29 3 8 50 48 41 2 23 25 12 42 49 31 11 40 27 22 45 17 19 16 39 5 26 30 43 44 6 
student 186: 4 50 44 20 42 22 16 31 40 18 23 27 34 36 6 35 19 11 3 5 26 14 33 9 8 48 49 37 7 25 24 10 41 47 30 13 43 21 32 45 17 15 12 39 1 29 28 46 38 2 
student 187: 19 46 47 20 42 22 10 35 40 11 21 23 31 32 3 37 18 6 2 5 24 13 36 7 15 50 49 34 8 27 26 9 43 48 29 17 41 28 14 44 16 25 12 39 4 30 33 45 38 1 
student 188: 12 46 50 18 41 24 9 35 40 11 21 36 30 39 2 23 20 6 7 4 27 17 29 15 8 48 49 37 3 22 25 16 44 47 34 13 42 31 26 45 14 19 10 32 5 28 33 43 38 1 
student 189: 5 48 43 16 35 21 9 33 40 19 22 27 28 34 6 37 29 15 1 8 23 14 36 10 3 50 47 39 2 24 17 11 49 46 31 12 41 25 26 42 18 20 13 38 7 30 32 45 44 4 
student 190: 9 47 44 19 46 22 18 32 41 13 20 37 36 33 4 34 21 10 1 6 24 17 38 7 8 49 50 35 2 23 26 11 45 48 25 15 39 29 27 42 12 16 14 28 5 30 31 43 40 3 
student 191: 12 48 45 22 42 24 10 29 40 13 21 20 31 35 6 41 18 11 1 4 23 15 38 5 7 50 46 37 2 27 25 14 44 49 30 17 39 26 36 43 16 19 8 32 3 28 34 47 33 9 
student 192: 10 46 49 18 45 21 12 33 42 15 19 27 34 36 7 38 20 9 3 6 25 17 40 4 8 47 48 37 1 23 24 11 35 50 31 13 32 28 26 43 16 22 14 39 2 29 30 41 44 5 
student 193: 13 48 46 26 43 21 5 34 40 12 27 25 28 39 3 31 20 9 4 2 23 16 29 10 8 45 47 37 6 30 14 15 44 49 32 17 42 22 35 38 19 18 11 41 1 24 33 50 36 7 
student 194: 14 49 46 15 35 20 10 34 41 12 19 24 31 37 3 33 25 7 1 8 28 13 36 5 6 48 50 38 2 23 18 22 44 47 32 16 43 26 27 42 17 21 11 39 4 29 30 45 40 9 
student 195: 9 47 42 17 40 22 4 34 41 15 14 25 29 32 8 35 19 13 5 6 23 20 36 10 12 50 49 37 1 24 26 16 45 48 28 18 43 30 27 44 21 11 7 38 3 31 33 46 39 2 
student 196: 8 43 39 9 42 20 10 34 47 15 28 30 32 33 7 45 23 11 6 4 24 16 36 12 5 50 48 35 1 29 25 14 46 49 22 17 40 27 21 44 18 19 13 37 3 26 31 41 38 2 
student 197: 16 44 41 18 40 27 7 32 39 13 21 26 42 34 4 35 23 12 3 2 22 19 37 10 5 50 49 38 1 25 20 11 47 43 30 15 46 24 28 45 9 17 14 33 6 31 29 48 36 8 
student 198: 10 41 45 5 50 24 11 36 42 13 29 28 33 35 4 37 16 14 1 7 22 15 38 9 6 49 48 30 3 23 19 17 40 47 27 12 43 26 25 44 18 21 20 34 8 32 31 46 39 2 
student 199: 2 45 44 19 37 23 12 30 40 15 24 29 31 35 6 34 32 4 1 8 21 13 43 7 18 50 49 38 5 16 22 17 42 46 33 9 47 25 28 39 20 14 11 41 3 27 26 48 36 10 
student 200: 13 45 49 14 42 20 11 26 40 10 24 33 21 34 6 36 23 9 1 7 22 17 28 5 8 50 48 37 3 35 25 12 38 47 32 19 41 30 27 43 15 18 16 39 2 29 31 46 44 4 
student 201: 7 38 46 23 41 22 10 29 34 13 25 36 27 30 5 44 21 11 4 6 18 14 31 9 3 50 49 32 2 24 26 12 45 48 37 17 40 28 20 42 16 19 15 39 1 33 35 47 43 8 
student 202: 13 49 46 20 42 22 6 44 39 12 21 28 33 31 5 34 23 11 1 8 25 18 37 7 9 48 50 35 4 26 17 10 45 47 29 14 41 27 24 40 15 19 16 36 2 32 30 43 38 3 
student 203: 15 43 46 12 48 21 9 35 36 18 17 30 34 28 5 33 20 11 3 10 23 26 42 8 2 49 47 40 6 24 19 13 38 50 32 16 45 27 29 41 7 22 14 37 1 25 31 44 39 4 
student 204: 7 47 46 20 43 24 5 28 41 11 16 29 32 37 6 38 21 14 3 8 27 17 33 4 9 50 49 36 2 23 18 15 48 45 35 10 44 26 30 42 22 19 12 34 1 25 31 40 39 13 
student 205: 8 48 47 13 39 17 11 34 36 15 20 30 37 33 3 42 21 7 1 5 28 27 31 6 2 50 46 35 4 19 25 12 43 49 24 14 44 29 26 41 22 18 16 38 10 32 23 45 40 9 
student 206: 8 50 42 16 44 21 11 31 41 17 22 29 35 32 7 40 19 12 6 5 24 15 33 4 9 49 47 37 2 27 23 14 45 46 34 13 38 26 28 43 10 20 18 39 1 30 25 48 36 3 
student 207: 11 49 43 19 41 26 10 34 45 16 21 33 28 31 5 36 22 12 1 6 23 9 30 4 8 48 50 37 3 15 24 13 47 40 25 14 38 32 27 46 18 17 20 42 2 35 29 44 39 7 
student 208: 5 47 44 23 43 19 12 33 36 18 25 17 30 32 3 37 26 10 1 7 29 22 34 2 8 50 48 38 4 16 28 21 46 49 27 9 42 20 24 41 14 15 13 35 11 39 31 45 40 6 
student 209: 7 47 42 17 43 21 4 34 39 16 19 33 30 31 8 37 22 11 2 9 28 13 32 6 10 50 48 40 5 24 23 12 41 46 29 15 49 26 25 45 18 20 14 35 3 36 27 44 38 1 
student 210: 11 46 45 19 41 23 9 32 42 14 17 27 31 33 5 37 28 12 4 7 26 16 38 3 10 50 49 36 2 22 21 8 44 48 35 15 39 24 25 43 18 20 13 40 6 29 30 47 34 1 
student 211: 13 48 49 12 40 23 6 29 41 16 20 28 37 33 8 35 21 15 1 3 24 22 36 5 10 50 47 38 2 25 19 11 46 45 32 17 39 27 26 43 9 18 14 34 7 30 31 42 44 4 
student 212: 8 50 45 22 49 19 7 32 39 23 16 25 31 33 2 34 20 13 1 11 27 15 36 4 9 43 48 37 5 21 24 10 42 47 38 14 44 18 26 41 17 28 12 35 3 29 30 46 40 6 
student 213: 5 47 45 19 39 21 9 35 41 17 20 30 33 37 4 36 25 13 2 10 22 15 34 7 8 46 48 44 1 27 24 11 42 49 32 16 40 23 26 50 12 18 14 38 3 28 31 43 29 6 
student 214: 12 44 49 23 39 21 9 35 41 15 24 28 34 31 4 37 18 11 1 8 29 17 36 6 10 46 48 38 2 26 19 14 40 50 27 7 45 33 32 43 13 20 16 42 5 22 30 47 25 3 
student 215: 4 47 46 18 39 17 11 32 40 15 21 35 31 36 9 33 29 8 1 5 27 20 34 6 10 48 50 38 3 25 19 13 44 49 26 16 43 23 22 42 12 24 14 41 7 30 28 45 37 2 
student 216: 11 47 48 22 45 16 12 33 40 14 23 26 34 31 13 32 27 4 2 8 19 17 39 1 9 49 46 41 3 29 25 7 42 50 35 15 38 24 21 43 18 20 10 36 5 28 30 44 37 6 
student 217: 15 48 44 20 42 16 11 31 38 14 21 29 39 32 6 43 24 8 2 4 23 13 33 5 7 49 47 26 1 30 18 9 34 46 36 17 40 28 27 41 19 22 12 37 3 25 35 50 45 10 
student 218: 10 47 45 22 37 23 9 32 39 12 17 30 31 33 4 34 21 20 2 8 27 16 36 6 15 48 50 35 3 29 19 7 42 44 26 11 41 28 24 43 14 18 13 38 1 46 25 49 40 5 
student 219: 15 49 38 22 44 21 7 30 40 17 23 27 31 34 6 35 18 10 8 5 24 16 36 9 3 50 47 42 2 25 20 12 43 45 33 14 41 28 26 39 19 11 13 37 1 29 32 48 46 4 
student 220: 9 47 42 18 49 22 12 36 43 17 20 30 32 37 5 33 19 10 3 6 26 16 31 8 7 50 46 34 1 25 23 15 45 48 29 14 40 27 24 41 11 21 13 39 2 28 35 44 38 4 
student 221: 11 46 48 21 45 23 8 35 36 15 20 25 31 37 4 33 18 10 2 9 26 14 39 7 6 49 50 32 1 22 24 12 41 47 34 13 43 28 27 38 17 19 16 40 3 29 30 44 42 5 
student 222: 4 46 44 17 40 23 9 27 39 10 19 34 29 30 3 38 20 14 8 11 22 16 37 7 6 50 49 32 1 26 25 15 47 48 36 18 33 21 28 42 13 24 12 41 5 31 35 43 45 2 
student 223: 6 46 44 19 48 22 4 43 38 13 21 24 32 34 8 35 25 12 1 7 23 14 30 5 10 49 50 36 2 20 26 11 45 47 28 16 39 27 29 42 17 18 15 37 3 33 31 40 41 9 
student 224: 7 44 47 18 42 27 12 35 43 22 23 28 32 41 5 34 17 15 1 9 25 8 33 4 11 46 50 36 2 29 21 16 40 48 30 10 39 24 19 45 14 20 13 37 6 26 31 49 38 3 
student 225: 12 46 42 19 43 34 5 36 44 14 25 29 28 38 4 37 26 17 3 7 16 8 32 10 13 50 49 35 9 24 21 2 41 48 31 11 45 18 23 40 22 20 15 39 1 27 30 47 33 6 
student 226: 4 45 49 21 38 18 9 35 43 17 20 26 29 33 3 34 22 14 5 2 27 13 42 7 15 50 48 36 6 23 31 12 44 47 32 8 41 28 24 40 19 16 10 37 1 30 25 46 39 11 
student 227: 2 44 48 20 32 19 8 26 38 13 24 34 33 36 7 35 18 11 5 17 25 16 39 9 6 49 47 40 4 27 22 12 41 46 31 10 37 30 23 43 14 15 21 45 3 28 29 50 42 1 
student 228: 6 43 46 14 45 21 11 30 40 17 16 28 35 33 4 36 20 12 1 7 25 19 39 8 9 50 47 41 2 24 22 13 44 49 34 18 42 26 29 31 10 23 15 48 5 27 32 38 37 3 
student 229: 8 34 46 17 44 24 6 38 37 15 18 32 35 41 4 39 22 9 1 11 30 14 33 3 12 50 48 29 5 19 26 10 45 47 31 13 40 23 28 49 20 16 21 36 2 25 27 42 43 7 
student 230: 9 47 39 20 45 26 11 35 34 16 22 18 33 31 3 36 21 13 1 6 27 14 37 8 4 50 48 38 7 24 23 10 44 49 28 15 43 25 29 42 17 19 12 41 2 30 32 46 40 5 
student 231: 12 50 44 9 40 3 11 32 39 16 24 29 31 34 10 36 14 15 5 7 23 21 37 6 8 49 48 43 4 28 17 20 47 45 27 18 41 30 22 42 26 13 19 35 1 25 33 46 38 2 
student 232: 4 48 45 21 40 23 10 29 36 14 19 30 37 41 11 32 22 9 1 7 24 17 31 3 8 49 50 34 2 25 26 15 44 47 28 12 42 27 33 43 18 13 16 38 6 20 35 46 39 5 
student 233: 7 49 48 16 37 27 10 36 47 17 22 21 26 39 2 43 24 8 4 9 28 19 32 6 3 40 50 33 11 23 18 12 46 42 31 13 35 30 25 34 20 15 14 38 1 29 41 44 45 5 
student 234: 8 49 47 33 41 19 4 31 43 16 15 29 28 30 7 35 24 12 1 10 27 18 32 5 11 50 46 38 3 23 22 9 36 48 37 14 40 26 21 45 20 17 13 39 6 34 25 42 44 2 
student 235: 11 47 45 17 40 21 12 32 41 19 25 28 30 35 7 36 13 5 1 4 27 20 33 6 9 48 50 37 8 22 18 15 42 49 26 16 43 24 29 44 10 23 14 34 2 31 39 46 38 3 
student 236: 7 47 38 17 43 26 15 33 41 14 25 32 27 34 6 40 23 16 2 1 22 18 39 11 8 50 44 35 4 20 30 10 46 48 29 9 42 19 24 45 21 12 13 36 3 28 31 49 37 5 
student 237: 5 45 43 19 40 23 8 32 44 21 18 24 33 34 6 36 31 10 1 4 22 15 35 11 9 50 49 37 2 29 20 13 47 48 30 7 42 26 25 41 16 17 12 38 3 28 27 46 39 14 
student 238: 6 44 46 20 40 21 11 32 39 16 22 29 25 35 7 37 19 10 1 8 17 24 36 4 9 42 49 38 2 27 26 13 41 47 31 14 43 23 28 45 12 18 15 33 3 30 34 50 48 5 
student 239: 13 46 43 18 41 24 9 34 45 12 22 21 28 31 4 40 20 14 8 2 25 15 44 5 7 48 50 33 6 27 23 10 49 47 30 17 37 35 29 39 16 19 11 36 3 26 32 42 38 1 
student 240: 8 50 48 17 47 23 19 29 44 12 21 32 34 33 5 38 22 13 1 16 24 18 35 6 7 49 45 41 3 26 20 9 43 46 31 10 39 30 25 40 14 15 11 37 4 28 27 42 36 2 
student 241: 10 49 50 19 41 27 9 24 38 16 21 28 34 31 6 36 20 12 5 4 25 17 32 8 7 47 48 35 1 23 22 13 46 43 26 14 37 30 29 45 15 18 11 39 2 33 44 42 40 3 
student 242: 6 40 42 18 47 21 10 38 39 12 19 30 31 32 8 35 20 14 1 5 23 24 41 4 9 48 49 36 2 22 29 13 43 46 33 11 45 26 25 34 17 15 16 37 3 27 28 50 44 7 
student 243: 15 48 40 20 45 25 8 27 46 16 12 26 35 33 6 38 23 9 1 7 24 21 36 5 13 44 50 30 2 28 31 11 39 49 32 10 37 18 22 47 19 17 14 42 3 29 34 43 41 4 
student 244: 13 42 49 20 46 22 8 35 37 15 21 23 32 30 6 34 19 14 1 7 25 18 41 2 11 50 48 38 3 26 24 12 45 44 31 9 43 29 28 47 16 17 10 39 5 27 33 40 36 4 
student 245: 8 47 43 19 38 21 14 31 36 17 23 30 35 33 4 39 16 10 6 1 27 13 32 7 9 45 50 37 2 20 24 12 40 48 29 11 42 34 25 49 22 18 15 41 5 26 28 46 44 3 
student 246: 12 47 38 20 43 22 9 33 41 11 17 30 27 34 7 35 25 18 1 8 23 14 37 6 5 48 50 36 2 26 16 10 42 49 32 15 46 28 21 40 19 24 13 39 3 29 31 45 44 4 
student 247: 8 46 43 19 42 24 11 36 40 15 28 26 30 34 6 33 17 13 2 9 23 12 37 4 7 48 50 35 1 32 22 10 47 49 29 14 44 25 21 41 18 20 16 38 3 31 27 45 39 5 
student 248: 9 45 47 18 42 19 5 25 38 15 21 29 33 35 2 36 26 6 1 10 30 20 27 4 12 49 50 37 3 23 22 11 46 41 34 13 39 24 31 44 17 16 14 43 8 32 28 48 40 7 
student 249: 11 47 45 14 44 21 7 36 43 17 16 27 31 32 4 33 22 10 1 9 25 23 37 3 6 50 39 41 8 24 20 15 42 48 35 13 40 29 28 46 19 12 18 38 2 30 26 49 34 5 
student 250: 8 48 50 19 49 27 12 32 38 14 30 28 33 45 3 34 25 13 4 5 22 15 35 6 7 46 47 43 2 23 20 16 41 44 31 9 39 24 26 37 11 17 18 36 10 29 21 42 40 1 
student 251: 7 40 47 19 42 23 12 30 41 15 22 29 31 34 4 36 17 10 2 6 27 16 33 5 9 49 48 37 1 25 20 14 45 46 35 11 43 24 26 44 18 21 13 38 3 32 28 50 39 8 
student 252: 8 47 38 19 46 28 11 32 43 15 17 27 33 34 5 36 21 10 1 7 22 16 37 6 4 49 50 35 2 23 25 20 39 48 31 13 40 24 26 45 14 18 12 41 3 29 30 44 42 9 
student 253: 5 43 45 16 46 20 13 33 38 12 19 29 30 41 2 35 21 9 6 7 40 17 32 11 8 49 48 37 3 25 24 10 42 50 28 14 44 27 26 36 22 18 15 39 4 23 31 47 34 1 
student 254: 9 39 45 21 42 20 10 33 36 15 17 28 32 34 1 40 22 12 5 6 26 18 37 8 2 50 49 41 3 24 23 11 44 48 31 14 38 30 25 43 13 19 16 47 7 27 29 46 35 4 
student 255: 15 46 44 17 47 16 19 32 41 13 28 24 33 34 5 39 25 2 4 12 23 14 38 10 8 50 48 43 3 22 18 7 37 49 30 11 36 27 26 42 20 21 9 35 1 31 29 45 40 6 
student 256: 9 44 41 20 48 24 11 34 37 18 17 32 33 36 1 38 21 12 5 3 22 14 30 4 8 50 47 35 2 25 26 15 43 49 31 13 45 27 23 42 19 10 16 39 6 28 29 46 40 7 
student 257: 9 50 44 25 40 15 8 30 38 11 22 29 39 36 4 41 26 14 1 6 27 12 35 5 7 49 47 32 2 24 16 10 43 46 33 20 45 31 19 42 17 21 18 37 13 23 28 48 34 3 
student 258: 7 42 39 15 45 20 10 31 40 13 19 28 33 34 6 38 23 16 2 8 26 17 36 5 11 49 48 35 3 25 24 12 46 47 32 9 41 27 22 43 21 14 18 44 4 30 29 50 37 1 
student 259: 9 47 46 25 42 30 3 37 43 17 20 29 31 38 5 36 22 16 1 10 24 21 34 8 6 50 48 33 2 23 14 19 45 49 32 11 41 18 26 39 15 13 12 35 7 28 27 44 40 4 
student 260: 7 50 45 18 42 23 10 39 40 14 9 17 31 35 6 33 22 19 3 11 26 13 34 4 8 48 44 37 1 24 25 15 47 46 32 12 41 29 27 49 16 21 20 36 2 28 30 43 38 5 
student 261: 8 48 44 14 43 24 13 35 39 17 21 26 32 33 3 34 20 12 1 10 28 16 36 6 4 49 47 37 7 27 22 9 50 46 31 11 41 25 29 40 18 19 15 42 2 23 30 45 38 5 
student 262: 8 50 48 23 42 24 15 31 39 12 21 28 27 38 5 40 18 20 1 7 26 17 37 6 11 49 46 36 3 30 14 10 47 45 32 16 41 25 22 33 19 9 13 34 4 29 35 44 43 2 
student 263: 10 39 45 18 44 22 1 31 42 14 26 27 33 34 12 38 20 9 2 8 23 15 36 7 6 49 50 41 3 28 19 11 48 46 29 21 43 24 25 37 16 17 13 40 5 32 30 47 35 4 
student 264: 7 45 47 20 40 22 8 32 34 14 15 26 31 30 10 36 21 12 4 1 27 16 39 9 6 49 50 29 2 25 24 11 46 48 35 13 41 23 33 43 17 19 18 38 5 28 37 44 42 3 
student 265: 9 48 46 20 42 27 10 34 41 6 22 37 26 43 4 31 21 14 7 11 28 15 32 5 8 44 49 35 2 25 19 12 39 50 30 18 38 29 24 45 16 17 13 40 3 23 33 47 36 1 
student 266: 11 47 42 21 41 27 6 28 45 19 20 32 30 40 3 33 18 12 1 9 24 14 31 7 8 50 49 36 2 23 39 10 46 37 25 16 43 34 22 35 15 17 13 38 4 26 29 44 48 5 
student 267: 9 48 47 15 39 21 16 36 37 13 26 28 30 38 5 33 19 14 1 6 22 17 41 7 10 50 49 42 4 24 29 8 45 46 27 12 40 25 23 43 18 20 11 32 2 34 31 44 35 3 
student 268: 10 48 46 23 43 36 12 32 42 14 25 20 22 39 1 34 21 16 4 5 27 18 31 9 7 47 45 37 3 30 19 11 40 41 26 13 44 24 29 49 17 15 8 35 2 33 28 50 38 6 
student 269: 11 49 43 6 40 22 9 33 44 17 21 30 32 36 3 39 20 13 2 4 23 16 34 8 10 46 50 41 1 24 19 18 47 45 29 14 38 25 27 42 26 15 12 37 5 28 35 48 31 7 
student 270: 8 47 46 19 39 23 14 41 38 10 18 30 26 29 7 43 22 12 1 11 24 16 33 9 6 48 49 36 3 21 25 5 44 50 31 15 40 27 28 45 20 17 13 37 2 35 32 42 34 4 
student 271: 8 46 44 12 41 23 10 34 39 15 27 35 31 32 11 42 19 13 4 7 17 18 29 3 6 49 47 36 1 21 28 14 45 50 25 16 43 30 33 38 26 20 9 37 2 22 24 48 40 5 
student 272: 16 45 46 20 42 24 9 39 40 13 18 25 29 32 2 34 22 14 6 4 27 15 33 8 5 49 50 35 1 26 31 10 41 48 44 17 38 23 28 43 19 21 11 36 3 12 30 47 37 7 
student 273: 9 45 47 23 40 24 20 25 33 11 19 31 26 39 6 38 18 14 4 10 28 12 34 7 1 48 49 35 5 22 21 13 42 50 36 8 43 30 27 44 16 17 15 41 3 29 32 46 37 2 
student 274: 11 42 43 20 50 24 10 34 40 13 15 31 30 35 4 28 18 17 5 7 22 16 36 3 6 49 48 38 1 25 23 9 41 47 32 14 39 27 26 46 19 21 12 37 2 29 33 45 44 8 
student 275: 7 48 47 25 36 19 10 38 40 9 14 29 31 35 5 39 32 17 1 6 28 16 33 4 18 49 50 27 3 26 21 13 46 45 34 8 44 23 20 41 22 15 12 37 2 24 30 43 42 11 
student 276: 7 47 45 22 40 23 11 35 44 13 12 28 32 36 6 34 21 10 1 8 27 24 38 4 18 50 48 37 2 19 25 9 49 41 31 16 33 20 26 43 15 17 14 42 3 29 30 46 39 5 
student 277: 9 50 45 21 41 17 12 33 40 14 19 25 31 36 6 34 22 4 1 10 24 18 35 7 13 46 49 37 2 20 23 8 43 48 32 15 42 28 27 47 11 26 16 39 3 29 30 44 38 5 
student 278: 9 46 45 20 42 24 12 33 39 11 21 25 32 34 5 37 19 13 3 7 26 16 40 1 8 50 49 35 2 22 23 14 44 48 30 10 43 27 31 38 17 18 15 36 4 28 29 47 41 6 
student 279: 7 41 47 17 42 23 8 35 40 14 16 30 33 31 3 44 18 11 1 6 22 20 34 4 13 50 49 36 2 24 29 10 45 48 28 12 38 27 25 46 21 26 15 37 5 19 32 43 39 9 
student 280: 5 43 45 19 37 16 14 36 32 18 20 34 28 40 6 35 23 10 2 8 24 21 33 7 12 48 50 38 4 25 22 11 44 49 31 9 42 29 26 39 15 13 17 46 3 30 27 47 41 1 
student 281: 10 44 47 13 39 18 14 33 38 17 22 26 31 35 3 34 25 9 1 7 29 12 42 4 8 49 50 36 2 23 24 11 40 48 30 20 43 28 27 45 21 15 16 41 6 19 32 46 37 5 
student 282: 7 49 45 19 41 22 1 33 39 16 21 25 34 35 13 36 24 8 2 6 26 17 31 3 9 44 50 38 4 28 20 15 48 47 30 11 42 23 27 43 14 18 12 37 10 29 32 46 40 5 
student 283: 9 46 41 16 43 22 6 33 35 12 21 28 30 36 4 25 20 13 2 8 34 17 37 3 7 49 50 38 1 23 15 11 48 47 32 18 44 27 24 45 19 29 14 39 10 26 31 42 40 5 
student 284: 12 45 38 18 48 19 8 33 42 15 20 32 28 30 7 37 22 9 2 13 25 14 34 10 5 49 50 36 6 21 23 4 46 47 35 16 39 31 26 43 24 17 11 41 1 27 29 44 40 3 
student 285: 7 45 41 20 47 19 11 34 43 16 22 26 33 37 8 27 21 9 5 13 29 17 30 4 6 49 46 42 3 24 23 12 50 48 32 10 38 28 25 40 15 18 14 39 1 35 31 44 36 2 
student 286: 13 50 48 23 32 24 5 29 43 15 19 27 35 34 14 37 25 7 1 2 22 16 41 6 10 49 46 36 3 20 21 11 40 47 31 12 42 30 26 44 18 17 8 39 4 33 28 45 38 9 
student 287: 10 50 42 18 43 21 7 36 40 12 20 27 32 38 5 34 22 15 6 8 26 16 33 9 13 49 45 37 2 25 23 4 44 46 28 11 47 35 29 41 19 17 14 39 3 31 24 48 30 1 
student 288: 12 49 42 17 41 22 15 34 35 13 27 19 32 39 4 33 21 9 5 6 25 16 30 8 7 48 46 37 2 24 23 11 47 50 31 20 45 28 26 43 14 18 10 38 1 29 36 44 40 3 
student 289: 8 45 49 22 43 19 16 34 38 17 21 28 32 35 2 31 18 10 1 4 25 15 37 7 9 48 46 36 3 24 23 12 47 50 33 14 42 26 27 40 11 20 13 39 5 30 29 44 41 6 
student 290: 3 45 49 20 38 25 13 32 39 16 23 29 26 36 7 37 19 9 4 10 22 17 35 12 2 50 48 40 1 27 21 8 44 47 28 14 42 24 31 41 18 15 11 34 5 33 30 46 43 6 
student 291: 11 46 47 19 43 22 9 33 38 15 17 24 29 39 4 35 21 8 5 10 30 12 34 6 7 45 44 40 1 23 25 16 42 50 27 18 41 26 28 48 14 20 13 32 2 36 31 49 37 3 
student 292: 8 49 46 17 39 24 7 31 41 12 20 29 27 37 4 36 23 13 2 9 25 16 34 10 6 50 47 38 3 21 22 14 42 48 32 11 44 28 33 40 18 19 15 35 1 30 26 45 43 5 
student 293: 10 47 44 11 48 20 13 36 41 7 18 22 33 25 4 38 19 16 1 8 29 23 28 5 9 50 46 43 3 24 26 15 49 45 34 12 39 31 30 40 21 17 14 27 2 35 32 42 37 6 
student 294: 3 42 47 20 41 18 10 32 45 14 22 25 37 40 5 35 21 6 2 7 23 15 30 9 12 50 49 43 1 24 29 11 39 44 31 19 38 27 26 46 16 17 13 36 8 28 33 48 34 4 
student 295: 8 48 39 19 43 24 12 36 42 15 17 29 33 34 3 38 20 5 1 6 23 14 37 2 10 50 49 35 4 21 25 11 46 47 31 13 44 27 28 45 22 18 16 32 7 30 26 40 41 9 
student 296: 3 42 45 17 39 27 12 32 50 16 19 21 31 34 1 35 20 10 4 9 25 23 38 8 13 48 46 36 7 22 24 14 43 47 33 6 40 30 26 44 11 18 15 37 5 29 28 49 41 2 
student 297: 6 46 45 20 42 21 14 33 38 11 19 26 37 34 3 30 23 10 4 7 25 15 35 1 8 49 50 48 2 24 22 12 44 47 32 18 41 27 29 39 16 17 13 36 9 28 31 43 40 5 
student 298: 8 46 43 20 41 21 7 31 40 15 24 34 30 36 6 35 23 12 5 9 19 17 32 3 4 49 50 37 11 22 28 10 48 47 25 16 39 29 26 44 18 13 14 38 2 33 27 45 42 1 
student 299: 9 43 47 14 41 38 12 30 44 6 23 25 26 36 7 31 16 15 1 10 21 13 32 2 8 49 48 37 5 28 24 11 45 50 33 19 40 22 29 42 18 20 17 35 3 27 34 46 39 4 
student 300: 13 47 44 21 42 23 7 32 38 18 20 27 31 34 2 37 26 12 1 10 28 17 36 8 4 50 46 41 3 25 16 9 48 49 30 11 40 22 29 39 15 19 14 35 6 24 33 45 43 5 
student 301: 9 47 44 16 40 23 15 33 43 17 19 29 31 35 5 34 25 8 1 3 28 13 38 4 11 48 46 39 2 26 21 7 41 49 32 10 37 24 22 50 20 18 14 36 12 27 30 45 42 6 
student 302: 14 46 48 16 44 31 12 35 41 8 19 26 27 37 3 38 20 11 5 10 21 18 33 7 6 45 50 32 4 25 22 9 39 49 34 17 40 29 23 47 15 24 13 43 1 28 30 42 36 2 
student 303: 12 48 42 20 43 25 2 32 36 16 22 26 31 33 5 39 21 7 1 11 27 15 34 9 14 46 45 37 4 23 19 8 38 50 30 13 41 29 40 49 18 17 10 35 6 28 24 44 47 3 
student 304: 7 47 46 19 38 21 8 30 42 12 18 26 35 32 4 36 23 13 1 6 24 16 33 9 11 49 50 37 5 25 29 10 40 45 31 15 43 27 28 44 20 14 17 39 2 34 22 48 41 3 
student 305: 4 43 47 25 41 24 9 32 39 18 21 28 36 34 12 35 17 11 5 2 22 13 37 1 7 49 48 44 3 20 26 15 45 46 31 16 40 27 23 42 19 10 14 38 8 33 30 50 29 6 
student 306: 6 47 45 16 46 26 8 36 33 15 9 24 35 37 5 39 18 11 1 7 25 19 32 13 10 50 49 29 4 23 22 12 41 48 27 20 43 28 31 42 17 21 14 38 2 34 30 44 40 3 
student 307: 7 47 38 19 46 22 10 33 45 15 21 24 30 36 6 35 16 17 1 8 25 18 41 5 11 49 48 34 2 26 23 9 50 43 31 14 42 29 27 40 13 20 12 37 4 32 28 44 39 3 
student 308: 11 46 44 19 41 22 12 30 42 17 14 25 34 36 3 32 26 13 1 5 29 18 38 7 6 48 47 35 4 20 28 15 43 50 33 16 40 24 23 45 10 21 9 39 8 27 31 49 37 2 
student 309: 14 50 42 18 41 23 15 40 38 1 20 30 29 33 4 39 31 12 2 9 22 7 32 6 13 48 49 35 5 21 26 8 34 47 37 16 44 28 24 43 19 10 17 36 11 27 25 46 45 3 
student 310: 20 47 41 18 43 17 9 32 40 15 23 27 33 34 3 37 24 12 2 6 19 16 36 5 4 50 49 45 8 26 25 10 38 48 30 13 39 28 22 44 11 21 14 35 7 31 29 46 42 1 
student 311: 4 45 44 19 41 21 10 32 39 20 27 29 35 33 7 43 18 12 3 6 23 13 36 9 15 47 49 34 1 22 25 14 42 50 30 16 40 28 24 48 17 8 11 37 2 26 31 46 38 5 
student 312: 10 49 46 15 45 23 11 31 40 13 22 27 34 36 4 38 25 7 2 8 26 18 33 5 9 50 44 35 1 19 32 20 43 48 29 14 39 28 24 42 16 17 12 41 3 30 21 47 37 6 
student 313: 14 45 47 22 41 24 8 38 43 15 13 31 35 33 4 30 19 10 1 5 21 18 26 7 9 49 44 34 6 27 23 11 36 50 32 12 40 29 25 42 20 17 16 48 2 28 37 39 46 3 
student 314: 13 45 42 15 35 22 7 27 39 14 24 46 29 40 6 34 16 11 1 2 23 17 37 12 5 50 49 30 4 31 28 9 47 48 36 20 33 25 19 38 18 21 10 44 8 32 26 43 41 3 
student 315: 11 49 37 18 42 23 7 35 40 17 19 30 36 34 3 31 21 15 2 9 26 16 28 4 8 50 47 38 6 22 25 10 44 48 29 12 41 27 24 45 20 13 14 39 5 33 32 46 43 1 
student 316: 9 48 47 19 41 29 10 32 40 15 24 31 36 35 5 37 23 11 4 6 14 16 30 7 8 49 43 38 2 20 25 13 44 50 33 12 42 26 22 45 17 21 18 34 1 27 28 46 39 3 
student 317: 10 47 48 23 45 22 7 29 38 5 14 35 28 37 11 31 18 12 3 8 21 16 41 6 15 50 49 42 4 24 26 17 40 44 34 20 36 27 25 43 9 19 13 32 2 30 33 46 39 1 
student 318: 11 41 48 20 40 24 12 39 42 10 15 28 22 27 4 38 23 13 2 1 32 14 35 7 8 47 50 36 5 26 17 16 45 49 33 19 44 25 34 43 21 9 18 29 6 30 31 46 37 3 
student 319: 8 46 42 20 44 24 14 37 41 11 26 25 35 31 4 34 19 7 3 6 27 18 47 9 10 49 50 38 1 21 22 12 43 48 33 13 40 28 23 32 17 15 16 36 5 29 30 45 39 2 
student 320: 6 45 44 25 49 21 11 34 38 17 16 27 31 33 3 36 28 12 2 9 26 15 35 8 10 50 46 47 1 24 18 5 40 48 37 13 39 22 29 42 19 20 14 32 4 30 23 43 41 7 
student 321: 9 48 44 22 38 15 13 33 39 11 26 28 27 34 10 35 25 12 1 6 19 14 30 4 7 49 50 40 2 29 23 8 45 47 36 20 42 21 32 41 17 16 18 37 5 31 24 46 43 3 
student 322: 10 47 41 26 43 18 8 31 42 15 19 30 32 34 1 35 21 17 4 6 24 12 33 7 9 50 48 38 14 22 23 5 45 49 29 11 40 27 25 44 16 20 13 36 3 37 28 46 39 2 
student 323: 7 46 40 22 43 19 12 33 42 15 23 31 29 32 5 36 20 9 1 6 24 18 37 3 8 49 50 35 10 21 25 11 45 48 27 14 41 26 28 44 17 16 13 38 4 34 30 47 39 2 
student 324: 5 46 43 20 37 22 9 36 42 10 19 25 33 28 7 32 21 11 1 14 23 16 40 4 8 48 50 35 2 27 26 15 41 49 29 17 44 24 30 39 13 18 12 47 3 34 31 45 38 6 
student 325: 4 46 43 16 41 23 11 29 42 13 17 30 32 34 8 36 20 12 5 9 27 22 33 7 10 48 47 37 1 21 24 6 49 50 35 15 40 28 31 44 14 18 19 39 3 26 25 45 38 2 
student 326: 12 46 48 22 41 24 1 36 39 16 25 26 30 37 2 40 23 13 6 10 29 15 33 8 4 50 49 34 3 19 20 11 44 45 32 9 38 14 27 47 17 21 18 42 5 28 31 43 35 7 
student 327: 13 31 46 18 48 23 10 40 42 15 21 25 37 32 3 35 17 6 1 2 22 19 34 7 4 50 49 38 8 27 30 9 45 47 33 16 44 26 24 41 20 12 14 39 11 29 28 43 36 5 
student 328: 6 46 44 17 39 25 16 29 41 14 19 30 37 32 7 33 21 12 2 8 28 20 38 4 10 48 50 42 5 22 24 11 45 47 31 9 40 27 26 43 18 15 13 35 1 34 23 49 36 3 
student 329: 7 48 37 28 34 21 12 30 39 10 19 29 31 35 9 36 22 11 3 5 25 16 33 8 6 50 49 40 1 20 26 13 43 46 32 14 44 27 23 47 15 17 18 38 4 24 41 45 42 2 
student 330: 2 47 45 22 44 26 12 35 41 16 15 27 32 36 6 38 18 11 1 8 24 19 33 4 10 50 48 37 3 20 23 9 49 43 31 21 46 25 28 40 13 17 14 34 5 29 39 42 30 7 
student 331: 5 49 45 19 41 24 16 30 43 10 18 14 25 34 6 36 27 13 1 7 23 17 33 9 8 46 48 39 2 22 28 12 50 40 31 20 44 29 26 47 21 15 11 37 4 32 35 42 38 3 
student 332: 6 48 47 21 41 20 8 34 40 15 17 27 31 36 3 35 26 10 9 5 23 18 37 12 4 45 43 29 2 33 22 11 50 49 32 14 46 25 24 42 19 16 13 39 1 28 30 44 38 7 
student 333: 6 47 46 18 40 22 10 25 38 12 26 24 32 33 8 34 17 5 1 11 28 21 29 4 14 50 48 37 2 19 23 9 45 49 35 15 42 27 30 44 20 16 13 39 3 31 36 43 41 7 
student 334: 8 42 45 21 37 17 11 33 44 16 15 28 32 35 2 40 20 9 3 12 25 22 34 10 7 50 49 38 5 29 23 14 43 46 30 6 36 24 31 41 19 18 13 39 1 26 27 48 47 4 
student 335: 9 49 50 21 38 17 12 34 37 11 19 33 26 35 5 31 23 8 1 14 24 20 36 6 7 47 45 39 3 27 22 16 48 44 32 10 42 29 25 40 15 18 13 46 2 28 30 43 41 4 
student 336: 8 45 47 20 36 22 12 33 42 13 21 27 28 43 2 38 11 7 6 9 30 17 50 5 14 49 46 32 3 24 23 19 41 48 16 15 35 26 25 40 18 29 10 37 4 34 31 44 39 1 
student 337: 13 49 47 20 41 21 8 36 38 19 23 24 29 34 3 33 22 9 1 7 25 17 37 4 5 48 50 39 12 15 30 10 42 46 27 16 45 31 26 44 18 11 14 40 2 28 32 43 35 6 
student 338: 9 45 48 17 42 23 8 29 40 15 21 25 34 32 3 36 16 12 2 7 26 18 35 5 10 50 47 31 1 24 20 11 49 41 33 13 43 27 28 44 22 19 14 37 6 38 30 46 39 4 
student 339: 3 46 45 16 44 18 6 37 43 15 25 26 31 34 9 41 19 13 1 4 20 17 33 10 11 50 47 32 5 23 29 14 42 48 35 7 39 27 21 49 24 22 12 36 2 28 30 40 38 8 
student 340: 10 44 48 17 43 16 8 31 38 22 19 23 35 33 5 36 21 11 1 2 27 13 34 6 7 45 46 41 4 28 24 14 50 49 32 12 37 29 25 40 20 18 15 42 3 26 30 47 39 9 
student 341: 6 49 48 18 40 23 14 28 38 8 20 26 35 34 2 37 24 15 4 10 25 17 31 7 21 50 43 39 1 22 19 9 41 44 30 13 46 32 27 45 16 11 12 42 3 33 29 47 36 5 
student 342: 15 46 43 24 50 22 8 29 36 10 18 28 30 33 4 35 21 13 2 7 32 12 37 6 11 48 47 41 1 25 23 14 44 49 27 9 40 26 20 42 16 19 17 38 3 31 34 45 39 5 
student 343: 8 41 47 15 37 17 11 31 38 22 20 29 32 35 1 39 19 13 2 5 23 14 40 7 6 50 49 34 3 24 26 10 46 44 25 18 42 28 27 45 16 21 12 33 9 36 30 48 43 4 
student 344: 10 45 49 21 42 14 12 40 41 13 18 22 31 37 2 36 23 8 11 6 25 20 33 3 5 50 48 38 1 24 27 15 46 47 34 19 43 30 26 39 17 16 9 32 4 29 28 44 35 7 
student 345: 8 44 41 20 42 21 19 34 40 13 17 30 32 31 1 39 25 14 6 2 23 4 38 10 9 49 50 35 7 18 26 15 45 48 33 12 43 27 22 47 16 24 11 36 5 28 29 46 37 3 
student 346: 6 40 46 17 43 23 11 31 38 15 26 29 30 39 3 33 21 14 1 10 25 18 34 2 4 50 49 36 5 20 22 16 44 48 27 12 41 28 24 37 9 19 13 42 8 32 35 47 45 7 
student 347: 10 42 48 22 43 19 15 33 40 14 20 31 35 37 3 36 21 9 2 7 25 16 32 6 8 49 50 39 1 26 24 12 47 45 29 11 34 28 23 41 17 18 13 46 5 27 30 44 38 4 
student 348: 6 49 44 23 37 26 16 31 45 15 18 27 29 34 1 42 14 8 4 12 32 13 35 7 10 50 48 36 5 25 21 9 43 47 33 19 39 22 30 41 20 17 11 40 2 24 28 46 38 3 
student 349: 6 46 40 18 43 23 9 37 42 15 20 29 31 38 7 35 21 10 1 12 28 13 32 8 2 50 48 39 5 25 22 11 49 45 30 14 33 27 26 47 16 19 17 41 3 34 24 44 36 4 
student 350: 7 42 46 19 43 17 13 27 31 12 20 26 32 36 10 39 22 9 1 3 23 15 28 4 8 45 50 37 6 25 21 11 48 49 35 18 38 34 29 40 24 16 14 44 2 33 30 47 41 5 
student 351: 7 42 45 22 37 20 13 36 48 9 14 28 30 43 4 32 19 11 1 5 24 17 40 10 8 44 49 39 3 23 25 12 50 46 34 16 41 26 27 47 21 18 15 29 6 31 33 38 35 2 
student 352: 3 45 44 18 40 27 12 29 39 17 20 25 26 31 6 41 22 7 2 10 23 15 35 8 11 50 48 37 1 24 21 9 47 49 28 14 42 32 34 46 19 13 16 33 4 30 36 43 38 5 
student 353: 7 46 44 17 34 27 12 32 43 18 23 33 25 35 10 31 21 13 5 2 26 19 39 6 11 49 47 38 8 22 20 3 41 50 30 9 37 28 24 40 16 15 14 42 4 36 29 45 48 1 
student 354: 6 46 45 17 41 22 12 35 40 14 20 28 30 34 5 37 18 13 1 7 19 9 33 8 11 48 47 43 4 23 25 15 44 49 31 21 39 27 26 42 16 24 10 38 2 32 29 50 36 3 
student 355: 4 49 44 16 39 25 10 32 43 12 21 26 27 37 6 33 20 17 2 7 30 13 38 15 5 50 47 35 3 23 22 18 45 48 28 9 41 24 29 42 14 19 8 36 1 31 34 46 40 11 
student 356: 9 42 46 7 37 22 8 35 45 15 18 24 30 31 5 36 13 23 3 17 32 12 26 4 11 50 47 41 2 19 29 10 43 49 38 16 40 25 28 48 20 21 14 33 6 27 34 44 39 1 
student 357: 10 46 47 18 41 22 12 27 37 20 21 28 29 34 5 35 19 14 2 13 23 8 36 9 6 40 50 45 3 30 24 7 44 43 33 16 42 26 25 48 15 17 11 38 1 31 32 49 39 4 
student 358: 8 46 42 16 39 23 11 34 41 18 22 31 33 36 9 38 17 7 1 10 27 14 30 4 5 49 50 37 3 24 21 12 35 48 26 15 44 28 25 47 20 19 13 40 2 32 29 45 43 6 
student 359: 6 47 44 20 39 22 9 30 38 11 17 25 35 33 5 37 26 10 1 8 23 15 36 7 18 50 48 42 2 24 21 13 40 49 29 14 43 32 27 45 16 19 4 41 3 31 28 46 34 12 
student 360: 7 50 38 17 43 25 9 34 39 14 20 30 33 41 8 35 28 12 3 6 21 19 40 2 10 49 48 32 5 24 26 11 47 44 31 18 42 23 22 45 15 13 16 36 1 29 27 46 37 4 
student 361: 9 45 40 21 43 22 14 34 42 20 19 23 33 30 7 39 17 8 1 6 25 16 36 10 5 49 50 35 4 24 27 13 44 47 31 11 41 29 26 46 18 15 12 37 3 28 32 48 38 2 
student 362: 8 48 44 20 46 27 11 35 41 12 16 31 36 38 5 34 21 17 1 6 24 13 32 4 7 49 50 33 15 25 23 19 40 47 30 10 43 22 26 42 14 18 9 37 2 28 29 45 39 3 
student 363: 7 43 47 23 39 22 10 31 44 14 17 24 35 33 2 36 19 11 4 5 26 18 38 6 9 48 50 34 1 27 12 13 42 49 30 16 37 25 28 45 20 21 8 41 15 29 32 46 40 3 
student 364: 7 40 47 21 37 26 9 35 44 14 17 34 27 38 2 32 23 10 1 13 24 19 46 8 12 49 50 41 3 20 18 5 42 48 33 16 36 30 25 43 15 22 11 39 4 31 29 45 28 6 
student 365: 6 47 45 19 43 18 8 34 44 15 21 28 30 35 5 36 23 9 2 10 31 16 33 7 12 49 50 37 1 22 24 13 41 48 27 14 40 25 26 42 20 17 11 39 3 29 32 46 38 4 
student 366: 8 49 47 17 37 20 11 34 38 22 21 29 31 36 4 35 16 15 2 1 24 9 33 7 10 50 41 44 5 27 19 14 46 45 32 18 48 28 25 40 13 26 12 43 3 30 23 39 42 6 
student 367: 17 49 48 12 40 20 6 35 39 15 19 28 34 29 2 33 21 9 1 7 26 18 36 5 8 50 46 37 4 24 23 11 44 42 32 14 45 22 27 47 16 25 13 38 3 31 30 41 43 10 
student 368: 10 47 41 15 40 21 5 34 36 17 19 27 29 31 6 32 25 13 2 4 20 12 38 9 7 49 50 37 1 30 28 8 44 48 24 16 43 23 26 45 18 22 14 42 3 35 33 46 39 11 
student 369: 8 49 46 21 43 18 14 35 40 13 20 38 29 32 9 33 24 5 1 2 26 22 39 3 12 48 50 37 7 17 25 11 45 42 31 6 47 27 23 41 19 15 16 36 10 28 30 44 34 4 
student 370: 10 44 47 19 45 23 11 35 38 16 20 26 29 33 2 34 28 13 6 14 22 15 42 5 9 49 50 39 4 25 18 17 43 48 31 8 37 24 30 41 12 21 7 40 1 27 32 46 36 3 
student 371: 12 46 48 17 40 19 8 34 37 16 23 29 32 33 5 35 25 6 1 3 21 14 36 9 15 42 50 38 7 26 24 11 45 47 31 13 44 27 20 43 18 22 10 39 2 30 28 41 49 4 
student 372: 7 48 44 21 43 19 9 34 40 20 23 29 35 33 5 32 22 10 2 11 16 15 37 6 8 50 47 38 1 24 28 13 46 45 27 18 42 30 25 41 14 17 12 36 4 31 26 49 39 3 
student 373: 13 49 44 19 46 18 6 32 37 10 22 30 29 39 4 33 23 17 3 11 21 14 43 8 5 50 47 38 7 20 25 12 36 48 31 9 40 24 28 42 27 16 15 34 2 26 35 45 41 1 
student 374: 9 48 45 23 37 21 10 41 40 15 20 32 29 33 6 34 16 11 1 3 25 18 31 4 7 49 50 38 2 22 24 12 44 46 39 17 36 30 27 42 19 14 13 35 5 28 26 47 43 8 
student 375: 9 48 42 25 34 18 7 35 44 16 17 23 33 37 4 36 20 13 2 6 29 12 32 5 8 50 49 38 3 24 21 14 43 47 31 11 40 27 26 45 22 19 15 39 10 30 28 46 41 1 
student 376: 6 47 40 22 42 23 7 35 34 16 19 29 27 32 5 31 20 13 3 10 26 15 37 4 9 48 50 36 2 25 24 12 45 49 43 14 41 30 28 44 17 18 11 39 1 21 33 46 38 8 
student 377: 8 48 45 20 40 24 14 33 39 17 23 25 35 34 5 38 21 11 2 7 19 9 42 6 10 43 50 37 1 18 27 12 41 46 31 16 32 30 28 44 13 22 15 49 3 29 26 47 36 4 
student 378: 9 47 37 18 46 27 8 34 38 11 20 29 33 35 7 41 21 17 2 1 26 19 36 6 10 50 49 32 3 22 28 14 44 48 30 15 42 24 23 43 16 13 12 39 4 25 31 45 40 5 
student 379: 14 47 48 17 41 22 7 34 38 16 15 32 36 39 6 40 19 12 1 8 25 18 30 11 5 42 50 33 2 20 23 10 45 49 35 9 43 28 27 44 24 21 13 37 4 26 29 46 31 3 
student 380: 9 50 43 14 41 24 8 28 44 16 20 31 38 33 4 40 22 13 1 10 25 18 37 11 6 49 47 30 2 23 21 7 46 39 29 12 45 27 26 36 17 19 15 35 3 32 34 48 42 5 
student 381: 8 50 45 19 36 23 9 29 47 15 12 34 28 35 3 39 30 13 2 6 22 17 37 5 11 41 48 40 4 20 26 10 46 42 33 24 43 25 21 44 16 18 14 31 7 27 32 49 38 1 
student 382: 8 47 45 20 43 24 9 30 42 19 15 36 33 34 3 32 26 13 2 4 27 16 40 7 6 49 50 37 1 21 18 11 35 48 31 12 44 29 23 41 22 17 14 38 5 25 28 46 39 10 
student 383: 15 44 48 14 42 24 5 30 40 11 23 36 32 35 6 34 22 8 2 16 21 17 33 10 7 49 47 37 4 25 26 9 46 50 29 13 39 27 12 45 18 20 19 38 1 28 31 43 41 3 
student 384: 14 43 42 18 39 25 13 34 41 11 22 27 31 33 4 36 21 15 7 9 32 10 35 5 6 47 49 38 2 26 20 8 44 46 29 12 48 28 16 50 23 19 17 37 1 24 30 45 40 3 
student 385: 11 45 44 13 43 20 17 29 32 14 24 25 34 39 9 38 23 10 5 6 27 12 35 1 2 50 47 36 4 21 22 8 42 49 31 19 41 30 33 46 3 18 15 40 7 26 28 48 37 16 
student 386: 5 46 44 19 42 22 10 38 37 15 14 28 27 32 4 33 18 12 3 7 25 16 36 6 9 50 49 34 1 24 17 11 43 47 48 21 41 30 26 40 23 20 13 39 8 31 29 45 35 2 
student 387: 13 49 47 11 43 17 15 31 41 10 16 34 30 37 9 32 21 6 1 5 24 20 35 4 8 50 48 28 7 29 22 14 45 42 38 18 40 27 25 44 23 19 12 39 2 26 33 46 36 3 
student 388: 10 49 44 20 40 24 7 32 43 13 19 27 35 34 6 39 30 11 5 9 22 16 36 2 8 48 46 38 1 28 21 12 50 47 29 15 42 25 23 41 18 17 14 33 3 26 31 45 37 4 
student 389: 5 50 47 22 45 21 9 33 42 16 18 25 29 34 7 39 26 10 1 6 27 19 38 4 11 41 49 37 2 28 20 13 36 44 31 17 43 24 23 46 14 15 12 35 3 32 30 48 40 8 
student 390: 9 49 43 23 44 21 13 32 39 14 18 28 33 34 4 38 20 7 3 10 26 16 37 11 8 47 48 40 1 24 19 12 45 50 29 15 42 27 25 41 22 17 2 35 5 31 30 46 36 6 
student 391: 8 44 43 21 40 22 10 32 46 9 24 33 30 37 1 31 19 13 2 6 26 15 34 7 11 48 49 38 3 25 18 20 45 50 35 14 41 27 23 42 12 17 16 36 4 28 29 47 39 5 
student 392: 9 47 48 19 44 23 12 36 41 16 20 30 29 31 6 39 18 13 1 11 26 15 34 3 7 49 45 35 2 32 25 8 42 50 33 17 37 24 22 38 10 14 21 40 4 27 28 46 43 5 
student 393: 10 48 47 20 43 27 9 39 42 16 19 30 32 34 2 36 23 7 3 4 21 22 35 11 5 46 49 37 8 25 18 13 41 44 31 14 33 26 24 45 17 15 12 38 1 29 28 50 40 6 
student 394: 9 46 45 14 40 23 11 35 41 20 21 29 30 36 3 37 19 4 1 7 27 17 33 8 16 50 47 32 6 24 22 13 48 49 31 18 43 25 26 42 12 15 10 38 5 28 34 44 39 2 
student 395: 2 47 49 21 39 24 10 30 38 15 18 28 33 35 6 31 23 11 4 8 25 17 36 7 9 48 50 37 5 20 22 12 46 45 29 14 32 27 26 41 13 19 16 43 1 34 40 42 44 3 
student 396: 8 46 43 18 41 29 11 34 42 19 25 26 23 32 5 37 21 10 2 7 30 16 36 6 9 47 49 39 4 15 24 12 50 48 33 14 44 31 27 38 20 17 13 35 3 22 28 45 40 1 
student 397: 7 50 36 17 43 25 16 29 40 13 21 27 31 38 19 30 15 10 1 3 28 11 41 5 8 46 49 39 2 22 18 14 48 47 26 9 42 23 33 45 24 20 12 34 6 35 37 44 32 4 
student 398: 9 43 45 19 41 22 10 31 44 12 14 27 32 34 5 38 21 16 1 4 25 13 36 7 6 50 49 33 8 24 23 17 42 48 30 11 40 28 26 46 15 20 18 37 2 39 29 47 35 3 
student 399: 13 45 42 18 41 24 9 34 40 22 19 30 32 36 5 35 17 11 6 7 23 14 29 2 8 50 47 33 3 26 21 16 48 46 28 15 44 27 25 43 10 20 12 38 4 31 37 49 39 1 
student 400: 13 47 39 22 42 23 8 27 36 17 20 29 30 33 6 35 18 9 1 3 32 16 38 10 7 49 50 40 2 21 24 19 44 48 25 14 45 34 26 43 12 15 11 41 5 28 31 46 37 4 
student 401: 10 47 45 17 43 23 13 39 40 16 19 25 29 32 4 34 20 8 6 18 26 14 35 9 7 48 50 38 5 22 24 11 44 49 33 12 37 27 31 42 15 21 1 41 3 28 30 46 36 2 
student 402: 7 47 44 21 46 28 9 29 41 18 19 31 33 36 2 34 22 10 1 14 26 12 30 5 8 49 37 40 3 25 23 16 43 50 35 13 45 17 24 42 15 20 11 32 4 27 38 48 39 6 
student 403: 6 44 46 19 42 26 12 29 40 10 22 31 25 33 1 32 17 14 2 11 20 18 39 5 7 47 43 36 4 21 27 13 48 50 34 15 35 28 30 41 16 24 8 45 3 37 23 49 38 9 
student 404: 19 47 38 14 46 27 12 33 42 18 20 31 26 39 7 34 17 13 1 8 29 15 36 3 4 49 50 35 6 23 25 9 45 44 30 10 37 28 22 48 16 21 11 41 2 32 24 43 40 5 
student 405: 7 46 50 11 42 24 12 36 40 17 31 26 33 43 9 34 15 14 1 10 25 18 38 3 8 49 48 35 2 23 22 4 28 47 30 13 45 27 20 44 16 21 19 39 5 32 29 41 37 6 
student 406: 12 49 45 16 43 24 6 35 41 13 19 25 32 31 4 34 20 10 2 5 26 8 33 1 7 46 50 37 3 18 28 22 47 44 36 17 39 30 23 42 14 15 11 38 9 27 29 48 40 21 
student 407: 8 48 45 17 44 20 11 37 42 14 16 30 34 33 6 36 21 5 3 7 23 13 35 10 9 49 47 38 2 25 24 12 41 50 32 15 43 28 29 40 18 19 22 39 1 31 27 46 26 4 
student 408: 9 39 41 19 43 18 7 44 37 15 20 34 31 30 8 33 23 12 1 10 22 16 29 2 6 49 50 38 3 26 21 11 46 47 25 13 42 27 24 45 17 32 14 35 4 36 28 48 40 5 
student 409: 13 47 48 21 43 23 10 31 41 15 17 27 34 32 5 36 20 12 3 11 29 18 39 6 8 44 50 38 2 25 22 7 40 49 28 14 35 30 24 46 16 19 9 42 4 26 37 45 33 1 
student 410: 14 40 42 20 46 27 9 35 45 15 18 28 33 29 3 37 24 6 2 8 22 16 34 4 11 50 49 36 1 23 19 10 39 48 26 13 43 31 25 41 17 21 12 44 5 32 30 47 38 7 
student 411: 7 45 46 19 43 31 12 37 41 16 23 24 36 29 8 30 25 13 2 3 35 10 33 6 11 50 49 32 1 26 22 9 47 48 34 15 42 27 21 44 17 18 14 38 5 20 28 39 40 4 
student 412: 11 50 41 25 46 23 8 30 37 17 19 29 39 35 1 38 20 9 2 3 32 14 33 7 6 48 44 36 4 28 22 12 43 49 34 13 31 24 21 45 16 18 15 40 5 27 26 47 42 10 
student 413: 10 45 48 19 40 25 14 34 37 12 20 29 33 36 2 26 23 9 5 7 21 16 38 6 8 47 50 39 3 24 22 11 42 46 32 13 49 31 30 44 15 18 17 41 1 27 28 43 35 4 
student 414: 10 45 46 18 40 22 17 31 39 15 20 28 30 50 1 34 26 7 2 9 25 12 37 8 4 43 48 36 3 27 24 13 42 49 33 16 44 29 21 41 14 19 11 35 5 23 32 47 38 6 
student 415: 6 49 43 17 40 22 10 32 38 15 21 27 33 35 5 34 24 11 2 12 23 14 36 7 9 45 48 37 3 20 25 16 46 50 30 13 42 28 26 44 18 19 8 39 1 31 29 47 41 4 
student 416: 13 49 46 29 43 21 11 32 31 15 20 27 33 40 3 36 10 7 2 8 25 18 30 6 9 44 50 38 1 22 23 16 47 48 34 12 39 35 26 42 17 19 14 41 4 24 28 45 37 5 
student 417: 9 45 42 21 39 20 15 35 40 17 19 29 36 31 4 28 22 7 1 6 33 16 44 3 10 46 48 32 2 23 26 12 47 49 25 14 43 24 34 41 18 13 8 37 11 27 30 50 38 5 
student 418: 9 48 44 21 38 20 8 31 42 14 22 28 34 32 5 35 18 11 4 10 25 15 36 3 7 50 46 37 2 24 23 13 47 45 29 16 41 27 26 43 17 19 12 40 6 39 30 49 33 1 
student 419: 10 43 46 22 42 19 8 33 41 17 20 30 31 34 5 36 27 12 3 9 21 14 37 6 2 50 47 38 4 25 23 11 45 49 29 13 39 26 24 44 18 16 15 40 1 28 35 48 32 7 
student 420: 6 47 44 19 49 22 13 31 45 17 20 29 30 33 9 38 21 8 2 1 24 18 35 3 5 50 41 37 12 23 25 10 43 48 34 11 39 32 27 40 14 16 15 36 7 28 26 46 42 4 
student 421: 13 50 46 15 41 20 5 32 40 9 22 31 30 35 8 37 18 24 6 10 25 17 34 3 7 49 48 36 2 23 21 14 45 47 27 12 42 29 26 44 16 19 11 38 4 28 33 43 39 1 
student 422: 16 43 48 14 46 19 10 29 42 11 18 27 39 32 6 40 30 7 1 12 23 13 36 3 5 50 47 34 2 21 22 8 38 49 33 20 37 26 25 45 17 24 15 44 4 28 31 41 35 9 
student 423: 2 48 36 15 40 25 12 33 43 16 18 29 31 42 4 32 17 10 3 9 30 19 39 5 11 50 44 35 1 21 20 8 41 47 34 23 45 27 22 46 24 13 14 37 7 28 26 49 38 6 
student 424: 9 49 43 19 42 20 8 29 35 11 16 24 31 36 3 37 21 12 1 4 28 18 34 5 7 50 47 39 6 23 25 15 40 48 26 17 44 30 27 46 14 22 13 32 10 33 38 45 41 2 
student 425: 20 47 40 21 44 15 11 32 38 13 19 31 35 39 9 33 22 10 2 6 25 16 28 4 18 50 46 34 3 24 23 8 45 49 36 12 43 30 26 42 14 17 7 41 1 27 29 48 37 5 
student 426: 15 48 47 18 42 22 11 31 36 13 16 25 30 38 6 34 21 10 3 2 29 12 40 7 9 50 49 37 1 26 23 14 46 43 35 20 39 33 24 45 17 19 8 44 4 28 27 41 32 5 
student 427: 9 45 49 20 41 23 5 31 39 16 26 25 35 40 7 33 21 11 2 6 19 13 29 4 8 50 48 38 1 28 27 18 44 47 34 12 42 22 24 46 15 17 14 36 3 32 30 43 37 10 
student 428: 12 48 46 17 41 23 11 32 40 15 22 33 34 35 3 36 19 9 1 4 25 20 45 5 6 50 49 26 8 21 27 10 38 47 31 13 44 28 24 42 14 16 18 39 2 30 29 43 37 7 
student 429: 21 48 45 16 42 27 6 29 38 12 19 26 34 33 4 39 20 7 1 5 30 13 35 9 3 50 49 36 2 22 24 15 44 46 31 14 41 23 25 43 17 18 10 37 8 32 28 47 40 11 
student 430: 12 48 49 15 41 22 11 34 43 16 19 25 31 35 7 32 20 10 3 5 24 18 37 8 4 50 47 38 2 23 29 13 30 40 27 14 45 33 26 46 21 17 9 42 1 28 36 44 39 6 
student 431: 9 48 42 20 47 21 8 40 41 14 19 27 32 33 5 36 22 11 2 6 25 12 34 3 16 46 50 39 1 23 24 10 43 49 35 13 45 26 29 37 18 15 17 31 4 28 30 44 38 7 
student 432: 8 48 32 19 44 38 15 31 41 13 26 29 33 36 4 34 20 12 2 7 22 14 39 3 9 49 50 35 1 24 23 11 45 46 27 10 40 30 25 43 16 17 18 37 5 21 28 47 42 6 
student 433: 6 49 44 20 45 21 7 30 33 15 26 25 31 28 4 32 22 16 3 12 18 14 39 8 13 41 46 36 2 29 23 10 47 50 35 11 43 27 24 38 17 9 19 37 1 34 40 48 42 5 
student 434: 1 45 46 17 43 25 10 32 39 15 21 29 40 31 7 37 19 16 5 8 24 12 28 3 11 49 50 34 2 26 22 9 47 48 35 14 44 23 33 41 18 20 13 36 4 27 30 42 38 6 
student 435: 9 46 45 19 43 22 10 33 41 14 20 30 31 34 5 35 21 11 1 8 32 18 38 3 6 49 50 29 7 25 23 12 40 47 28 17 42 27 26 44 16 15 13 37 4 24 36 48 39 2 
student 436: 10 46 47 16 43 19 9 36 41 13 23 30 35 31 4 34 15 11 2 3 27 20 33 8 6 49 48 37 7 25 22 12 42 50 32 14 38 26 21 44 24 18 17 39 1 28 29 45 40 5 
student 437: 8 46 44 20 42 21 12 39 43 15 24 27 33 34 5 35 19 14 1 7 25 17 32 6 9 50 47 37 4 23 22 10 40 49 31 11 45 26 28 36 18 13 16 38 2 30 29 48 41 3 
student 438: 10 46 43 16 42 22 6 32 41 14 21 25 36 29 3 31 23 9 8 7 20 19 37 5 12 50 48 39 1 24 27 13 44 49 33 15 45 26 34 40 17 18 11 35 2 28 30 47 38 4 
student 439: 11 50 41 19 44 29 10 32 43 15 20 33 31 34 6 39 21 7 1 5 24 16 37 8 9 49 48 38 3 25 22 14 40 46 28 12 35 23 26 45 17 18 13 42 2 30 27 47 36 4 
student 440: 10 44 42 7 48 25 11 36 43 16 19 31 28 37 9 35 20 12 2 13 21 23 33 4 5 50 46 39 6 27 22 14 41 47 30 18 45 26 24 34 15 17 8 38 1 29 32 49 40 3 
student 441: 4 45 44 27 38 17 3 28 39 14 20 25 37 30 7 32 13 10 2 12 23 16 35 11 9 50 49 43 5 21 24 8 41 48 31 22 42 29 34 47 15 19 18 40 6 26 33 46 36 1 
student 442: 4 45 48 25 41 20 8 33 42 15 24 30 27 37 6 38 22 1 2 11 29 16 32 7 10 49 50 34 3 18 21 14 44 47 23 12 40 28 26 43 17 19 13 36 5 35 31 46 39 9 
student 443: 8 44 47 18 40 22 13 33 42 11 25 27 34 35 1 36 28 12 2 6 24 16 32 5 7 50 45 39 4 23 20 15 46 41 31 19 48 30 26 43 14 17 9 38 3 21 29 49 37 10 
student 444: 9 43 48 20 42 14 8 32 39 21 19 30 28 31 6 37 22 10 1 11 23 16 36 2 4 49 50 41 5 24 27 12 44 46 34 18 35 29 25 40 15 17 13 45 7 33 26 47 38 3 
student 445: 6 47 45 19 35 21 14 32 44 13 18 30 36 29 7 40 24 9 1 4 26 17 33 12 10 49 50 37 3 22 25 8 42 48 31 15 41 34 23 43 16 20 11 38 2 28 27 46 39 5 
student 446: 10 50 48 15 45 20 7 33 40 16 13 28 31 30 5 39 18 14 1 6 27 23 37 8 9 47 49 34 4 25 24 11 44 46 32 17 38 26 21 43 19 22 12 36 2 29 35 42 41 3 
student 447: 15 49 44 18 42 23 8 32 43 13 21 24 34 33 6 35 20 10 1 3 27 11 37 9 5 50 48 36 7 25 22 14 45 46 30 17 40 31 29 41 16 19 12 38 2 26 28 47 39 4 
student 448: 9 48 44 15 42 24 4 32 38 17 22 27 35 36 11 34 19 12 3 2 23 16 30 7 10 49 47 37 6 26 21 5 45 50 25 13 41 28 33 40 18 20 14 39 1 29 31 46 43 8 
student 449: 6 50 44 20 48 22 9 31 42 17 16 27 32 35 8 36 24 11 2 1 25 14 34 7 10 49 45 33 3 26 21 12 40 43 30 15 46 28 23 39 18 19 13 38 4 29 37 47 41 5 
student 450: 10 42 43 25 40 16 9 29 47 19 26 31 35 32 6 28 5 13 1 11 20 12 37 8 4 48 50 36 2 24 23 17 44 49 34 14 38 30 22 45 18 21 15 41 3 33 27 46 39 7 
student 451: 3 40 48 18 45 24 8 35 39 15 20 27 37 33 6 34 17 14 4 9 28 12 31 7 10 47 46 38 1 26 23 13 44 49 30 19 42 25 22 43 21 16 11 41 2 36 29 50 32 5 
student 452: 10 45 47 20 42 25 11 37 40 18 21 29 33 32 3 31 22 14 1 7 24 13 38 5 4 48 43 44 6 23 15 9 39 50 30 19 41 28 26 35 16 17 12 36 2 34 27 49 46 8 
student 453: 5 45 46 26 47 22 10 32 40 16 20 23 33 36 13 31 28 18 4 7 24 14 34 11 8 50 49 37 1 30 25 2 41 48 27 12 42 19 21 44 17 15 9 39 3 29 35 43 38 6 
student 454: 7 47 43 18 39 19 11 33 45 15 23 30 31 37 5 36 20 9 1 10 21 17 49 8 6 42 50 38 2 27 26 13 44 48 32 14 41 24 28 35 16 22 12 34 4 25 29 46 40 3 
student 455: 7 48 41 19 42 20 10 35 44 14 25 27 34 31 5 36 21 11 2 9 28 16 32 4 6 46 50 43 1 24 22 12 49 47 30 17 37 26 23 39 15 18 13 45 3 33 29 40 38 8 
student 456: 7 42 48 20 43 22 11 32 36 15 18 27 34 29 2 37 23 9 3 8 24 16 35 5 10 46 49 40 4 28 21 14 47 45 33 12 39 25 26 44 19 17 13 38 1 30 31 50 41 6 
student 457: 7 44 46 18 41 21 3 36 40 16 24 29 26 43 8 33 23 13 1 9 19 15 31 11 2 50 42 35 4 22 27 10 47 49 28 12 37 32 25 45 20 17 14 39 5 30 34 48 38 6 
student 458: 13 49 45 23 42 15 10 34 41 24 22 33 31 32 7 35 20 11 2 6 26 14 37 8 4 47 48 38 1 21 17 12 36 50 29 16 40 27 25 43 19 18 9 44 5 30 28 46 39 3 
student 459: 6 44 47 22 45 19 7 33 27 9 21 26 31 29 4 41 13 10 2 5 30 17 40 8 1 50 49 34 16 23 24 11 42 46 32 15 39 28 35 43 18 20 14 38 3 25 37 48 36 12 
student 460: 9 49 45 11 40 24 12 34 41 15 20 28 36 38 18 35 13 16 7 8 25 19 32 2 3 47 50 39 5 21 23 6 43 46 27 10 42 26 31 44 17 22 14 37 1 30 33 48 29 4 
student 461: 6 47 46 21 42 12 13 33 34 11 17 24 26 29 7 37 22 8 2 3 28 18 35 14 5 50 48 38 4 23 20 10 41 45 40 15 44 30 25 43 19 27 16 36 1 31 32 49 39 9 
student 462: 9 49 39 18 36 21 12 31 43 16 20 29 28 32 6 40 15 19 3 5 24 13 38 8 10 47 46 41 1 22 33 11 50 45 35 14 42 25 27 44 17 23 7 34 4 26 30 48 37 2 
student 463: 4 47 44 15 39 23 12 35 40 10 21 22 29 41 5 37 25 11 2 6 28 13 33 7 9 42 50 38 8 26 18 17 49 46 32 16 48 24 27 45 20 19 14 34 1 31 30 43 36 3 
student 464: 10 46 48 21 43 18 9 31 35 19 22 27 32 36 3 33 13 11 1 6 20 15 39 4 7 49 44 34 5 25 23 12 38 47 41 24 40 26 28 45 16 17 14 42 8 30 29 50 37 2 
student 465: 3 47 43 25 42 17 9 34 40 14 18 32 31 35 4 41 23 13 2 12 15 10 37 1 7 44 49 33 6 21 26 22 45 50 28 16 39 30 27 48 19 20 11 36 5 24 29 46 38 8 
student 466: 11 50 49 17 42 24 7 32 40 15 30 29 33 34 8 36 20 13 3 6 23 16 35 5 12 47 48 39 2 22 28 9 44 45 27 14 41 26 21 43 18 19 10 37 1 31 25 46 38 4 
student 467: 10 46 45 20 42 22 5 32 40 15 23 26 30 33 7 37 17 6 1 2 19 14 34 9 18 48 49 36 3 24 28 16 41 50 35 13 38 25 29 47 21 11 8 43 4 27 31 44 39 12 
student 468: 7 47 49 21 42 22 10 32 39 16 24 30 33 35 8 34 17 15 4 9 23 18 36 3 12 48 45 38 1 19 25 6 46 43 31 14 41 27 26 44 13 20 11 37 5 28 29 50 40 2 
student 469: 9 45 46 17 40 25 12 33 42 11 23 30 28 35 5 36 20 1 10 3 24 13 32 7 8 49 50 37 4 19 22 16 43 48 31 18 39 29 26 44 21 14 15 34 6 27 41 47 38 2 
student 470: 11 48 47 21 37 23 8 33 46 22 19 27 31 34 1 36 17 10 2 6 25 16 35 9 12 50 49 39 3 20 26 14 42 45 30 13 41 28 24 44 7 18 15 38 4 29 32 43 40 5 
student 471: 13 50 43 18 42 21 12 32 48 16 19 30 37 33 5 39 20 10 4 2 23 15 38 3 6 49 46 35 7 24 25 9 44 45 31 14 40 29 26 41 17 22 11 34 1 28 27 47 36 8 
student 472: 6 48 47 18 42 22 11 23 41 12 21 35 37 32 9 40 16 7 2 8 24 17 39 10 5 49 45 33 4 30 26 13 43 50 27 19 46 28 25 38 15 20 14 34 1 31 29 44 36 3 
student 473: 12 45 49 20 40 11 10 39 42 15 25 26 36 28 4 32 19 16 8 7 27 17 37 3 9 50 46 34 1 21 35 13 43 44 31 14 38 24 22 48 23 18 5 29 2 30 33 47 41 6 
student 474: 8 46 43 14 45 25 10 32 41 16 18 33 35 39 7 36 21 9 6 2 31 19 28 5 11 50 40 34 1 23 24 12 47 49 27 13 38 20 26 48 22 15 17 37 3 29 30 42 44 4 
student 475: 10 49 46 20 43 23 7 28 34 17 21 31 26 37 8 39 19 16 5 13 25 11 35 2 6 50 48 38 1 33 22 12 45 42 36 14 41 27 24 44 15 18 9 32 3 29 30 47 40 4 
student 476: 10 48 42 20 41 21 9 30 43 15 18 32 28 35 4 33 23 16 1 6 25 13 40 7 8 50 49 34 3 24 22 17 45 44 38 12 37 27 26 46 14 19 11 36 5 29 31 47 39 2 
student 477: 11 47 39 20 37 25 9 29 38 14 12 27 45 31 3 36 18 10 2 4 26 16 34 17 8 50 49 42 1 23 22 7 46 48 32 15 43 30 24 44 19 21 13 33 5 28 35 41 40 6 
student 478: 3 49 46 25 41 23 15 30 38 14 17 28 31 36 4 35 22 16 2 10 29 18 37 8 7 50 47 44 1 21 20 13 42 48 33 11 32 27 24 43 9 19 12 40 5 26 34 45 39 6 
student 479: 8 45 42 19 50 21 11 34 44 12 17 22 32 36 9 37 23 13 1 7 30 20 33 6 10 49 46 39 2 25 24 18 48 47 31 14 41 27 26 40 16 15 4 35 3 28 29 43 38 5 
student 480: 11 50 46 13 43 23 8 32 39 16 18 22 33 35 1 36 24 15 2 10 28 12 34 4 7 47 40 37 6 27 21 17 49 41 26 5 45 30 31 44 14 20 19 42 9 25 29 48 38 3 
student 481: 10 46 43 23 42 18 6 38 40 16 22 29 32 28 1 33 19 8 7 5 24 21 26 4 3 45 50 41 2 25 17 12 47 49 35 14 44 27 31 36 20 15 9 34 13 30 37 48 39 11 
student 482: 3 49 42 22 36 20 12 30 44 18 16 31 29 39 2 32 25 11 6 8 27 17 37 9 4 50 48 40 1 24 23 10 45 46 38 15 41 19 28 43 21 14 13 34 5 26 33 47 35 7 
student 483: 3 49 46 22 45 24 21 33 37 19 23 18 31 26 4 40 12 11 1 9 27 14 34 5 8 47 48 36 2 17 25 13 44 50 35 6 43 28 29 39 20 16 15 41 7 30 32 42 38 10 
student 484: 9 46 43 22 44 21 10 31 42 18 25 30 32 29 3 37 20 15 1 6 24 19 35 8 2 50 47 38 5 16 23 12 45 48 28 14 34 33 26 40 11 13 17 39 7 27 36 49 41 4 
student 485: 6 46 49 18 40 20 8 27 41 12 19 25 38 35 3 32 31 10 9 2 23 14 39 11 5 44 48 36 1 22 24 13 43 50 28 16 47 29 26 33 21 17 15 42 7 30 34 45 37 4 
student 486: 13 47 42 19 44 26 11 32 41 14 20 29 30 35 4 40 22 12 1 9 21 15 34 5 6 50 48 37 2 28 23 10 49 46 24 16 43 31 25 38 17 18 8 39 7 27 36 45 33 3 
student 487: 14 38 47 24 45 21 10 32 44 18 23 29 26 34 4 33 17 9 1 5 27 19 39 8 7 49 50 36 6 28 20 11 41 48 31 15 43 25 22 46 13 16 12 37 3 30 35 42 40 2 
student 488: 10 50 45 22 46 25 11 31 39 15 23 34 26 38 3 35 19 12 4 9 29 18 33 2 7 37 47 36 1 27 16 13 43 49 32 8 40 28 20 42 17 21 14 41 5 24 30 48 44 6 
student 489: 10 48 46 21 43 24 7 30 41 17 23 31 32 39 14 34 19 9 1 4 20 12 33 2 8 49 38 35 6 26 28 11 45 47 22 16 40 27 25 42 18 15 13 37 3 29 36 50 44 5 
student 490: 6 48 43 16 39 21 10 29 38 13 18 31 27 36 7 37 19 15 1 5 22 14 35 8 9 50 47 41 4 26 24 11 45 49 30 17 40 34 25 46 20 23 12 33 2 28 32 44 42 3 
student 491: 4 47 45 20 40 24 10 33 42 18 23 34 35 32 7 31 16 15 5 8 27 12 37 3 9 46 50 36 6 25 22 11 48 49 28 17 39 21 29 43 19 14 13 41 1 26 30 44 38 2 
student 492: 10 47 46 22 40 25 11 38 37 19 18 30 31 33 3 39 23 9 1 8 24 16 42 7 5 48 50 35 6 21 20 17 41 49 27 13 36 29 28 45 12 15 14 34 2 26 32 44 43 4 
student 493: 11 50 45 15 44 17 10 37 43 25 22 28 31 33 5 40 14 8 3 9 26 18 34 7 13 48 47 32 2 27 23 4 46 49 35 12 36 20 30 42 19 21 16 38 1 29 24 41 39 6 
student 494: 14 40 44 18 42 23 13 34 45 12 21 36 32 35 4 37 24 9 3 8 29 10 33 7 2 50 49 38 5 28 22 17 48 43 26 15 31 27 25 39 19 16 11 46 6 20 30 47 41 1 
student 495: 7 48 40 18 39 21 8 33 44 19 11 30 27 35 10 31 23 13 2 6 26 15 34 5 12 50 46 38 1 22 25 9 43 49 32 14 36 29 24 45 16 20 17 37 3 28 41 47 42 4 
student 496: 15 49 48 18 39 23 10 36 44 16 20 28 31 37 9 32 26 11 2 8 21 7 25 6 5 45 50 42 3 24 29 13 47 43 33 14 35 22 30 41 19 17 12 40 4 27 34 46 38 1 
student 497: 8 46 45 16 41 21 19 30 39 17 18 25 24 35 5 37 20 10 1 14 26 15 38 12 7 50 48 36 3 29 31 9 44 49 33 11 42 22 32 43 23 4 13 40 6 27 28 47 34 2 
student 498: 9 48 44 16 33 19 7 32 41 18 21 28 40 30 8 38 20 13 2 11 26 10 24 4 3 49 47 36 1 22 25 23 43 46 35 17 50 29 27 42 14 12 15 39 5 31 34 45 37 6 
student 499: 9 45 46 19 41 23 10 35 39 13 20 28 32 34 4 36 22 8 1 7 27 16 33 6 11 50 47 40 3 24 25 12 44 49 37 15 42 30 26 43 18 17 14 29 5 31 21 48 38 2 
