student 0: 29 38 36 45 3 14 34 7 12 42 41 20 11 1 49 9 26 27 5 2 16 33 31 28 24 50 17 18 22 10 40 25 32 37 48 21 39 30 4 13 46 43 44 15 35 19 23 47 6 8 
student 1: 31 41 34 48 7 19 40 6 15 45 39 32 11 4 47 13 27 29 2 1 20 36 33 26 23 49 14 18 22 12 44 25 28 35 42 8 37 24 3 9 46 43 38 16 30 21 17 50 5 10 
student 2: 30 47 31 41 1 18 49 13 12 42 37 22 11 3 50 10 33 29 7 5 15 38 28 23 20 43 14 17 19 9 34 26 27 35 46 16 39 32 6 8 45 44 40 21 36 25 24 48 4 2 
student 3: 27 41 33 46 5 14 34 6 16 42 40 20 13 3 50 12 28 29 1 2 15 38 32 31 24 49 18 21 25 9 35 19 26 37 45 11 43 30 4 10 48 44 36 23 39 22 17 47 7 8 
student 4: 30 38 34 43 1 14 36 6 11 42 33 22 2 9 49 17 26 29 4 5 13 28 39 32 20 47 16 18 23 8 37 25 27 35 48 15 50 31 3 10 45 44 41 24 40 19 21 46 12 7 
student 5: 26 37 31 41 5 17 38 7 10 47 39 27 12 4 48 16 25 28 3 1 18 33 30 35 24 50 14 15 20 6 44 23 34 40 42 11 43 29 9 8 45 46 32 19 36 21 22 49 2 13 
student 6: 34 49 32 41 3 20 40 8 13 39 42 28 10 4 46 12 17 29 1 2 24 30 33 31 25 47 19 22 21 11 38 27 26 36 43 14 50 18 5 9 45 44 37 23 35 16 15 48 6 7 
student 7: 29 37 35 50 4 17 34 5 15 48 36 26 6 7 47 13 18 27 2 1 21 30 33 32 23 46 12 20 25 10 40 24 28 38 49 11 42 31 3 9 43 44 39 16 41 22 19 45 14 8 
student 8: 27 43 33 42 6 15 41 13 14 44 36 24 10 4 50 11 29 32 1 3 18 31 34 30 22 46 12 16 26 7 37 23 28 40 38 17 39 25 2 5 49 47 45 21 35 20 19 48 8 9 
student 9: 37 40 38 46 8 21 43 7 18 45 34 22 9 6 49 12 26 27 4 1 16 30 28 35 17 47 11 14 25 5 33 19 31 36 42 24 41 29 2 10 48 44 39 20 32 23 15 50 3 13 
student 10: 31 40 34 47 13 17 37 8 15 41 45 26 10 2 48 7 32 28 9 1 19 21 35 27 24 49 14 25 23 5 36 18 29 33 46 16 39 30 3 4 44 43 42 11 38 22 20 50 6 12 
student 11: 34 42 33 41 2 12 39 6 19 47 37 24 10 3 50 14 31 28 4 1 17 30 38 40 23 49 13 16 22 8 36 26 27 32 44 18 43 29 7 11 46 45 35 20 25 15 21 48 5 9 
student 12: 37 39 30 46 3 16 35 9 12 44 38 24 11 1 50 13 27 26 8 4 19 28 36 29 25 48 15 17 21 6 40 23 31 34 42 14 43 32 2 10 49 45 41 18 33 22 20 47 5 7 
student 13: 35 46 41 48 6 17 37 3 15 39 38 23 16 1 50 11 24 25 5 2 9 28 32 36 29 44 12 21 22 13 34 27 26 33 42 18 40 30 4 14 49 47 43 10 31 20 19 45 7 8 
student 14: 31 40 29 50 4 14 37 6 16 41 47 25 11 2 49 7 22 30 1 3 15 33 26 35 24 46 13 19 23 9 44 27 34 28 48 18 38 32 12 10 43 42 36 17 39 20 21 45 5 8 
student 15: 31 39 29 45 4 15 37 10 12 48 42 23 11 3 47 14 26 27 2 1 18 33 32 38 24 43 13 21 20 8 36 25 30 34 46 16 44 28 5 7 50 41 40 17 35 19 22 49 6 9 
student 16: 29 42 35 38 3 16 34 5 14 45 37 26 12 4 49 9 27 25 1 2 17 33 32 31 23 50 18 15 21 11 39 24 28 40 41 10 47 30 7 13 48 43 46 19 36 22 20 44 6 8 
student 17: 29 40 35 43 2 14 47 7 15 41 33 26 9 4 49 13 32 27 1 3 10 28 34 30 24 50 16 19 23 8 37 21 25 36 45 20 39 31 5 12 44 42 46 17 38 18 22 48 6 11 
student 18: 27 37 33 43 10 23 35 11 15 46 36 28 6 3 49 7 21 18 5 4 14 29 32 34 24 50 9 19 26 12 39 30 31 38 45 16 42 25 1 13 48 40 44 20 41 17 22 47 2 8 
student 19: 31 43 34 45 5 9 37 6 24 42 40 27 7 1 50 12 30 26 3 4 20 28 32 33 18 49 15 16 14 11 41 23 29 36 44 22 35 17 2 13 46 39 48 19 38 21 25 47 8 10 
student 20: 30 34 31 46 5 17 33 6 13 44 43 25 9 2 49 11 27 26 1 4 18 37 38 28 24 48 15 12 21 3 41 22 29 36 50 16 35 32 8 14 45 40 42 19 39 20 23 47 7 10 
student 21: 28 37 30 45 10 18 36 2 8 38 41 26 15 3 49 14 29 24 9 7 16 32 34 35 20 46 6 19 27 13 39 23 33 31 47 11 43 25 1 12 48 44 40 17 42 21 22 50 4 5 
student 22: 31 36 35 43 9 19 37 8 12 38 48 27 10 1 50 14 24 30 6 4 17 33 29 32 26 45 13 16 18 5 41 23 28 34 44 11 40 25 2 15 49 42 46 20 39 21 22 47 3 7 
student 23: 31 44 39 43 1 11 47 12 8 46 36 27 3 4 50 17 29 24 2 5 15 33 34 37 20 49 10 19 22 13 30 21 28 32 48 18 38 26 9 16 45 40 42 14 35 25 23 41 6 7 
student 24: 30 40 35 44 2 18 37 8 14 43 39 17 13 7 50 12 27 28 3 1 22 31 32 33 21 47 11 23 24 4 34 25 29 41 45 16 42 26 6 9 46 48 38 19 36 15 20 49 10 5 
student 25: 31 39 42 46 7 13 38 9 15 41 37 26 6 1 45 11 29 28 4 2 17 33 32 30 25 50 14 23 21 8 34 22 27 35 48 16 40 24 5 10 49 47 44 19 36 18 20 43 3 12 
student 26: 29 40 33 45 12 15 35 7 11 43 42 24 9 2 49 16 30 27 1 5 19 31 34 32 18 48 13 20 23 6 37 22 26 39 46 14 41 25 4 10 50 44 36 17 38 28 21 47 3 8 
student 27: 25 43 32 46 13 12 37 4 15 38 40 24 9 3 50 10 29 27 7 2 19 28 36 30 23 48 16 18 22 5 39 26 33 35 45 20 44 31 8 1 42 47 41 11 34 17 21 49 6 14 
student 28: 32 40 35 41 1 24 43 6 14 45 39 28 10 2 46 15 22 29 3 8 20 31 34 33 23 44 18 12 25 11 36 21 27 30 47 13 42 26 5 9 49 48 38 17 37 16 19 50 4 7 
student 29: 28 38 37 47 10 16 33 4 12 40 39 24 14 7 50 13 27 26 5 1 17 29 30 32 36 48 22 9 19 2 35 20 25 34 46 15 41 31 3 8 49 44 43 23 42 21 18 45 6 11 
student 30: 33 37 35 44 3 14 39 8 9 43 40 26 13 2 48 7 34 25 4 1 18 29 28 42 24 50 16 17 23 15 31 21 27 32 49 12 41 30 5 6 47 46 36 19 38 22 20 45 10 11 
student 31: 29 42 37 44 6 16 36 12 19 47 43 32 15 5 49 10 28 22 1 3 18 33 34 30 20 38 13 21 27 7 35 23 31 39 46 11 48 24 2 8 50 45 40 14 26 17 25 41 4 9 
student 32: 31 39 29 46 3 20 35 6 12 42 40 25 4 2 49 14 24 30 1 7 23 32 38 33 17 48 15 19 27 9 41 22 28 37 50 13 45 26 5 10 44 43 36 16 34 21 18 47 8 11 
student 33: 26 44 28 48 5 17 35 8 11 36 38 24 12 2 46 13 29 33 3 1 18 31 30 40 22 49 14 16 20 7 41 25 27 34 42 15 45 37 4 10 47 43 39 19 32 21 23 50 6 9 
student 34: 38 41 30 49 9 22 36 6 14 40 34 27 12 1 47 11 31 28 3 7 17 25 33 29 15 50 16 13 23 10 39 24 35 32 42 19 44 26 5 8 48 45 37 20 43 21 18 46 4 2 
student 35: 27 42 35 47 8 14 37 11 16 36 34 28 2 1 50 7 31 19 4 3 22 32 38 33 23 44 15 18 25 13 40 17 29 39 48 12 46 26 6 10 45 49 41 24 30 21 20 43 9 5 
student 36: 29 34 30 43 4 17 40 8 15 37 41 19 10 1 50 12 22 24 3 9 18 39 36 32 28 45 16 14 27 7 35 20 26 38 47 23 49 33 2 5 46 42 44 13 31 25 21 48 6 11 
student 37: 21 43 30 42 3 18 36 7 10 49 39 26 8 4 50 13 27 33 2 1 16 29 31 37 24 47 14 12 22 9 38 23 32 41 45 19 44 28 5 15 48 46 40 17 35 20 25 34 6 11 
student 38: 29 42 34 44 1 20 37 8 7 43 30 22 12 2 48 14 25 28 5 9 19 31 38 32 23 47 17 16 21 4 36 33 27 41 49 11 39 24 6 13 46 45 40 15 35 18 26 50 3 10 
student 39: 40 41 32 50 7 17 35 4 14 45 43 26 12 2 49 9 25 34 5 3 20 27 33 30 23 47 13 15 22 11 37 31 24 39 42 16 44 28 6 10 48 46 36 19 29 21 18 38 1 8 
student 40: 27 38 34 41 5 15 42 9 17 47 37 25 7 3 49 18 29 24 1 2 11 26 33 32 28 50 13 16 20 12 45 23 30 35 44 14 43 31 4 10 46 39 40 22 36 19 21 48 8 6 
student 41: 31 40 39 43 5 19 33 7 12 45 41 22 11 6 48 13 23 25 1 4 21 32 30 35 28 50 18 29 17 10 38 20 27 34 49 15 46 26 2 9 42 44 36 16 37 24 14 47 3 8 
student 42: 28 39 31 44 5 10 34 9 11 41 38 25 15 4 49 14 26 27 1 6 20 29 36 32 22 48 18 17 16 13 42 21 33 30 47 12 40 37 3 2 50 46 45 23 35 24 19 43 7 8 
student 43: 21 44 34 48 12 14 36 8 17 43 38 27 9 2 45 13 32 28 3 1 18 33 30 37 23 49 10 22 15 7 39 20 29 31 41 11 42 25 4 5 47 46 40 19 35 26 24 50 6 16 
student 44: 27 44 32 39 3 20 36 6 7 46 40 25 12 4 50 11 28 26 9 2 19 29 33 31 18 48 14 16 17 13 35 24 34 38 47 15 45 37 1 10 42 43 41 21 30 22 23 49 5 8 
student 45: 26 41 39 42 7 13 33 8 10 43 40 23 15 2 49 18 22 30 3 1 16 35 32 29 27 50 14 19 25 9 36 24 31 37 45 12 46 28 4 11 48 44 38 20 34 17 21 47 5 6 
student 46: 31 35 37 46 4 17 38 9 10 45 40 26 6 7 42 15 30 32 3 2 20 29 33 27 23 49 16 13 24 8 34 25 28 39 48 12 43 22 1 5 50 44 41 18 36 19 21 47 14 11 
student 47: 33 43 35 39 8 16 40 10 13 45 41 24 9 2 50 12 22 23 5 1 25 29 36 30 19 44 15 18 26 4 37 27 32 38 49 14 46 31 3 6 47 42 28 17 34 21 20 48 7 11 
student 48: 36 41 30 48 6 17 34 8 13 43 45 21 15 4 49 11 29 24 2 1 23 37 33 28 20 50 12 16 26 10 39 25 31 22 46 14 44 35 3 9 38 42 40 18 27 19 32 47 5 7 
student 49: 29 46 35 44 2 15 31 12 10 43 38 27 21 7 48 9 25 28 5 1 13 32 37 34 17 50 16 14 23 4 39 24 30 33 49 19 41 26 3 6 45 40 42 18 36 22 20 47 11 8 
student 50: 31 42 35 46 8 15 30 2 14 41 44 27 7 3 49 9 28 29 4 6 21 33 34 32 25 45 17 18 24 5 40 23 26 39 47 12 38 20 1 13 48 43 37 19 36 16 22 50 11 10 
student 51: 32 44 34 46 5 17 36 6 10 40 41 26 11 2 50 15 27 28 1 3 19 37 33 31 24 45 13 14 20 7 38 25 29 35 49 16 43 23 4 12 47 42 39 21 30 18 22 48 8 9 
student 52: 28 36 33 41 7 12 38 5 16 48 42 26 9 1 50 18 25 29 3 4 20 27 37 30 24 49 13 14 19 10 34 17 31 39 44 11 45 32 15 6 46 43 40 23 35 21 22 47 2 8 
student 53: 30 38 42 46 8 23 35 5 13 44 41 27 7 2 50 10 25 28 4 3 17 34 33 32 16 49 18 19 20 12 36 26 21 31 39 14 43 29 1 11 48 47 40 15 37 24 22 45 6 9 
student 54: 28 36 41 44 2 15 35 8 6 42 40 27 11 1 50 12 29 26 3 4 16 32 34 24 22 47 14 25 18 10 37 21 31 33 48 17 38 30 13 9 46 45 43 19 39 23 20 49 5 7 
student 55: 28 38 33 45 2 17 36 11 15 35 43 25 8 7 44 18 27 34 3 1 20 31 39 30 24 50 13 16 10 9 46 23 26 32 48 14 37 40 6 12 41 49 42 22 29 21 19 47 5 4 
student 56: 30 42 37 46 4 12 36 8 14 43 40 23 5 2 50 13 28 32 1 7 18 24 34 27 21 49 19 16 22 11 35 26 31 38 45 15 39 29 3 10 48 44 41 20 33 17 25 47 6 9 
student 57: 28 37 39 47 6 13 42 1 14 38 43 27 10 4 44 19 24 26 2 5 15 30 33 32 18 50 8 17 23 12 40 21 34 31 48 16 35 29 3 11 46 45 41 25 36 20 22 49 7 9 
student 58: 26 45 36 44 3 15 39 5 14 43 41 20 17 4 50 13 23 25 11 2 21 32 34 35 24 49 7 16 28 1 33 27 30 38 46 9 42 31 8 10 47 37 40 22 29 19 18 48 6 12 
student 59: 34 43 32 46 5 21 39 8 15 44 36 24 12 3 50 7 26 25 2 1 17 29 30 31 23 48 16 19 14 6 41 27 38 35 47 10 40 28 4 11 45 42 37 20 33 18 22 49 13 9 
student 60: 28 45 33 44 6 17 36 4 9 43 40 24 10 3 50 7 23 35 2 1 25 29 34 30 26 48 15 16 20 8 39 22 27 32 46 14 42 31 5 11 49 37 41 21 38 18 19 47 13 12 
student 61: 32 35 34 43 7 15 39 8 11 44 40 17 14 6 49 10 29 24 3 1 20 30 33 31 16 50 12 23 28 13 45 27 26 37 46 18 42 25 5 9 41 38 47 22 36 21 19 48 2 4 
student 62: 30 36 26 44 8 16 38 1 14 43 37 25 5 11 50 13 22 31 2 3 24 32 34 33 27 49 20 12 21 6 42 29 28 35 47 15 41 23 10 9 48 45 39 17 40 19 18 46 4 7 
student 63: 28 38 31 43 2 13 41 11 9 48 44 26 18 4 50 12 25 24 1 8 10 27 33 36 23 47 15 20 17 19 34 30 29 35 46 14 42 32 5 7 45 37 39 22 40 21 16 49 3 6 
student 64: 28 41 34 49 8 16 35 1 14 42 36 27 13 2 48 10 23 24 3 5 17 31 32 29 21 47 15 19 25 11 38 30 33 39 45 12 43 26 7 6 44 46 40 22 37 20 18 50 9 4 
student 65: 33 44 29 39 6 20 28 4 12 46 42 24 11 5 48 17 27 31 3 2 22 35 32 37 23 49 13 15 21 7 36 26 30 40 45 14 43 25 1 9 50 41 38 18 34 16 19 47 8 10 
student 66: 27 41 31 46 9 19 37 5 15 43 39 26 13 2 48 7 24 25 8 1 16 33 35 29 23 50 12 18 21 6 36 30 32 38 42 14 44 28 4 11 49 45 40 20 34 22 17 47 3 10 
student 67: 31 39 33 42 5 16 36 8 12 46 43 20 9 3 47 11 30 25 4 1 27 22 35 32 23 50 21 15 29 6 37 24 28 38 49 14 41 26 2 10 48 44 34 17 40 19 18 45 7 13 
student 68: 26 36 34 45 3 13 39 6 17 49 38 21 5 2 48 10 28 25 1 4 18 37 32 31 22 50 15 14 27 9 43 24 30 33 46 16 41 29 8 7 40 44 42 19 35 23 20 47 12 11 
student 69: 34 37 29 48 10 12 36 5 11 44 43 25 9 2 50 17 30 26 3 1 20 35 32 19 22 47 14 18 21 15 40 31 28 38 45 7 41 27 4 8 46 42 39 23 33 24 16 49 13 6 
student 70: 35 46 34 44 4 16 30 9 13 42 39 24 8 2 47 10 25 28 1 6 22 32 33 31 27 49 17 19 20 5 36 21 29 38 48 15 40 26 3 11 50 45 41 14 37 18 23 43 7 12 
student 71: 30 41 34 47 5 12 35 8 11 48 38 27 13 3 49 18 24 26 4 1 14 28 33 36 25 45 16 20 23 9 40 22 31 32 50 15 43 29 7 10 44 42 39 17 37 19 21 46 2 6 
student 72: 37 42 33 48 4 14 40 7 12 43 35 22 8 3 49 9 27 31 1 2 18 36 29 30 24 47 16 17 23 10 38 26 28 32 46 15 44 20 5 13 50 45 41 21 34 25 19 39 6 11 
student 73: 31 34 33 45 5 18 41 9 10 48 36 24 13 2 50 4 27 28 8 1 15 30 38 32 22 46 17 12 19 7 39 25 29 37 47 20 43 26 3 11 40 44 42 21 35 23 14 49 16 6 
student 74: 27 46 35 48 7 18 37 4 8 42 38 25 16 1 50 20 23 33 5 2 21 31 34 30 24 47 6 14 17 10 36 19 32 39 45 13 40 28 3 11 49 44 43 15 29 26 22 41 12 9 
student 75: 31 40 34 48 5 17 39 11 13 41 37 29 12 2 47 7 26 25 3 6 19 32 27 30 21 50 16 14 23 8 44 28 33 38 46 15 35 24 1 10 43 42 45 18 36 22 20 49 4 9 
student 76: 31 42 36 44 4 19 40 11 15 39 43 20 14 7 50 9 23 27 1 6 32 26 35 33 24 49 10 12 16 8 34 25 28 30 45 17 41 29 2 13 48 47 37 21 38 18 22 46 5 3 
student 77: 32 41 33 42 2 17 35 7 16 44 39 36 11 3 49 5 26 27 4 1 20 31 30 29 24 50 13 19 22 9 40 25 28 34 47 14 45 23 6 12 48 43 38 15 37 21 18 46 10 8 
student 78: 25 40 35 47 1 19 37 4 13 39 49 32 10 9 50 11 24 28 3 2 18 31 29 33 30 46 14 17 22 5 36 21 16 38 48 12 41 27 7 15 44 43 45 23 34 20 26 42 8 6 
student 79: 29 32 31 43 7 21 35 8 15 46 33 26 12 3 50 16 30 27 1 2 22 34 38 37 23 47 14 17 20 10 48 25 28 39 42 5 41 19 4 11 49 45 40 24 36 13 18 44 9 6 
student 80: 33 37 36 44 4 14 38 9 12 41 34 24 11 3 48 10 28 25 6 2 17 26 29 32 23 49 13 19 18 16 39 30 27 45 50 15 40 31 5 8 46 43 42 22 35 21 20 47 7 1 
student 81: 30 46 34 42 4 3 38 9 12 44 39 29 14 6 50 18 31 26 2 1 15 28 33 32 24 49 13 16 22 11 36 25 27 35 47 17 41 23 7 8 43 45 40 19 37 21 20 48 5 10 
student 82: 32 45 33 43 6 21 37 11 5 40 34 27 16 3 50 8 22 28 4 1 23 30 31 46 19 48 15 12 26 13 36 20 29 35 44 14 41 24 9 10 49 42 38 17 39 18 25 47 2 7 
student 83: 18 34 33 45 4 13 38 6 8 37 43 24 7 1 49 19 26 30 2 3 16 36 31 32 25 50 14 21 23 12 41 27 28 35 47 15 42 29 11 10 46 44 40 17 39 22 20 48 5 9 
student 84: 27 41 34 44 7 16 38 4 15 43 42 18 6 9 48 13 32 26 3 2 20 31 30 33 21 50 17 14 24 10 37 28 22 36 46 12 40 29 1 11 47 45 39 25 35 19 23 49 8 5 
student 85: 31 42 35 48 10 15 40 2 11 46 41 24 17 6 50 7 26 29 1 3 18 27 36 32 20 49 14 12 22 5 34 23 30 37 39 25 43 28 4 13 45 44 38 19 33 21 16 47 8 9 
student 86: 28 41 35 47 4 11 39 6 15 43 38 24 14 5 50 9 30 26 3 2 21 33 31 27 22 48 20 17 25 12 40 23 32 36 42 13 44 29 1 10 46 45 34 16 37 18 19 49 7 8 
student 87: 32 40 37 43 5 18 31 3 20 44 38 28 4 2 47 14 29 22 6 1 15 35 36 33 24 48 13 23 26 8 34 19 27 39 46 16 41 30 7 12 49 45 25 21 42 17 10 50 9 11 
student 88: 30 34 32 43 8 20 37 4 11 45 39 17 10 5 48 16 24 27 3 2 14 25 35 28 29 46 13 21 22 12 44 23 33 41 47 19 38 31 1 9 50 42 40 26 36 15 18 49 7 6 
student 89: 32 41 31 44 6 13 39 8 18 38 37 30 15 3 48 11 23 25 1 4 16 36 33 27 21 43 12 17 22 9 40 26 29 35 47 10 50 28 2 20 46 45 42 19 34 14 24 49 5 7 
student 90: 29 40 30 42 5 16 43 6 12 39 36 26 13 3 45 15 22 27 4 1 23 32 31 34 25 46 11 18 24 10 35 21 33 38 50 14 49 28 2 9 44 48 41 17 37 20 19 47 7 8 
student 91: 30 39 35 49 7 16 37 8 17 42 32 26 10 3 41 12 24 27 4 1 20 28 34 31 21 50 13 15 23 11 40 25 33 38 44 14 48 29 2 9 46 43 45 18 36 22 19 47 5 6 
student 92: 32 39 29 44 3 21 35 8 5 43 38 25 7 4 50 10 27 26 2 1 17 37 28 34 20 49 15 16 22 9 40 19 31 36 45 24 41 30 11 13 46 47 42 18 33 23 14 48 6 12 
student 93: 30 40 33 49 3 11 37 8 9 39 38 27 14 4 47 15 23 24 1 2 26 29 35 28 25 50 6 17 22 12 41 21 34 36 43 13 45 32 5 16 46 44 42 19 31 20 18 48 7 10 
student 94: 32 43 29 45 10 19 38 5 14 40 41 18 7 2 50 11 25 24 6 1 17 33 36 31 28 49 15 12 22 3 39 26 30 37 42 16 44 27 4 13 46 47 34 20 35 23 21 48 8 9 
student 95: 31 43 32 44 4 18 38 11 12 46 40 23 14 2 50 9 26 28 3 1 13 39 34 30 25 48 16 15 22 7 35 24 29 33 45 20 37 27 6 8 41 49 42 17 36 21 19 47 5 10 
student 96: 27 42 37 46 5 18 34 6 13 45 32 23 10 4 47 11 40 25 7 2 20 31 33 30 24 44 14 17 22 12 35 26 29 39 48 21 43 28 1 9 49 38 41 15 36 19 16 50 3 8 
student 97: 30 43 31 42 1 24 33 6 15 45 41 25 12 3 49 11 20 27 5 2 21 38 32 34 22 48 16 18 13 4 40 26 29 36 47 14 35 28 10 9 50 44 37 23 39 17 19 46 7 8 
student 98: 32 39 27 47 2 19 38 10 15 49 37 28 9 5 48 11 25 30 1 7 14 36 35 29 18 50 16 20 22 8 40 24 26 33 44 12 42 31 3 4 45 43 41 21 34 17 23 46 6 13 
student 99: 32 36 37 48 8 10 33 9 6 43 45 24 12 3 49 15 25 38 5 2 17 28 39 34 26 44 16 19 13 14 35 22 29 27 50 18 42 30 7 1 40 47 41 20 31 23 21 46 4 11 
student 100: 28 38 33 41 3 12 36 8 10 43 40 24 13 2 49 7 25 26 5 1 15 39 32 29 20 48 11 17 19 18 37 22 27 45 50 21 46 31 4 14 42 44 30 16 34 35 23 47 9 6 
student 101: 27 42 32 35 3 17 43 9 12 46 40 28 8 6 50 16 19 20 1 2 18 24 36 37 29 48 13 15 25 5 30 31 38 39 45 14 41 26 7 10 47 44 34 21 33 22 23 49 4 11 
student 102: 29 43 38 50 2 16 36 6 17 44 37 28 11 4 47 14 27 30 7 1 19 32 31 33 25 49 13 12 20 8 35 22 34 26 42 15 45 24 3 10 46 48 39 21 40 23 18 41 5 9 
student 103: 37 42 34 46 3 22 35 13 8 39 38 26 10 6 50 16 27 28 9 1 14 29 33 32 23 49 15 21 19 7 40 24 30 36 48 12 43 31 5 11 44 45 41 20 25 18 17 47 4 2 
student 104: 26 39 34 50 4 22 36 5 15 40 45 28 11 7 48 12 24 16 1 2 20 30 32 31 23 47 13 14 21 6 35 27 33 43 41 17 38 29 3 10 44 42 49 25 37 19 18 46 8 9 
student 105: 36 39 35 47 10 18 34 7 16 45 37 26 15 3 50 12 30 27 1 2 13 31 33 29 21 49 14 22 23 9 40 24 28 38 44 17 43 25 5 8 48 42 41 20 32 11 19 46 6 4 
student 106: 34 37 33 45 4 18 36 7 13 40 44 32 9 5 49 14 24 26 1 3 17 27 28 29 21 47 16 12 23 11 39 20 25 38 48 15 41 31 2 6 43 50 42 22 35 30 19 46 8 10 
student 107: 32 42 34 50 6 19 37 8 18 38 35 30 15 5 48 12 24 26 3 1 20 28 31 33 22 49 13 10 21 9 40 23 27 39 45 17 41 29 2 7 46 44 43 16 36 25 14 47 4 11 
student 108: 34 39 31 45 6 23 33 9 13 41 36 20 10 4 50 8 28 24 1 3 17 25 32 38 22 48 21 12 19 2 35 30 29 42 46 15 44 26 5 7 49 43 40 16 37 18 27 47 14 11 
student 109: 28 39 29 41 14 19 34 4 15 43 44 26 10 5 50 12 21 25 1 3 16 33 31 32 20 48 17 13 22 8 42 23 35 36 45 11 49 30 2 9 47 38 40 27 37 24 18 46 6 7 
student 110: 28 44 34 49 4 18 38 7 13 42 41 25 9 8 50 12 23 26 5 3 15 32 35 33 22 45 11 17 19 6 39 24 29 36 48 16 40 31 1 14 46 43 30 27 37 21 20 47 2 10 
student 111: 28 41 37 43 3 16 36 6 13 45 34 20 7 2 47 11 27 30 5 4 18 31 32 40 22 50 19 10 25 14 38 26 23 39 48 21 42 29 8 12 49 46 35 17 33 24 15 44 1 9 
student 112: 29 38 35 43 8 15 32 6 17 42 39 22 11 4 48 12 28 27 3 2 16 31 36 33 23 49 10 18 25 7 37 24 26 41 47 14 45 30 5 13 44 46 40 19 34 21 20 50 1 9 
student 113: 30 40 34 44 9 19 35 10 13 42 37 31 12 8 49 14 26 24 2 1 18 27 33 29 23 46 4 17 25 15 38 21 32 36 48 11 43 28 7 6 45 50 41 16 39 22 20 47 3 5 
student 114: 25 39 35 48 5 18 36 8 15 44 40 27 10 9 50 11 21 32 1 4 14 34 29 31 24 49 17 20 19 2 38 26 28 37 46 12 42 30 6 13 47 43 41 22 33 16 23 45 7 3 
student 115: 31 39 35 40 6 13 36 1 10 47 43 26 15 4 50 9 22 24 3 2 19 32 34 30 23 45 14 18 17 7 37 20 29 41 46 16 49 27 5 11 44 48 38 25 33 28 21 42 12 8 
student 116: 32 36 34 47 7 15 37 8 14 40 39 19 13 3 50 11 27 30 1 2 24 21 33 31 26 49 12 22 20 10 41 28 29 38 45 16 43 17 4 5 44 46 42 18 35 25 23 48 6 9 
student 117: 28 46 35 39 1 19 44 11 14 42 38 27 7 5 50 12 30 36 8 3 22 29 33 32 23 47 16 13 21 6 34 24 26 31 48 15 41 25 9 10 43 49 40 20 37 17 18 45 2 4 
student 118: 26 37 33 43 3 14 41 9 10 47 39 25 13 6 50 17 22 27 2 1 18 31 36 30 24 49 12 15 23 7 35 28 29 40 48 16 42 32 4 11 46 44 38 19 34 21 20 45 5 8 
student 119: 33 44 29 43 8 18 32 5 12 46 40 25 14 2 49 9 26 28 1 4 17 34 38 36 23 37 13 16 22 10 35 24 27 31 48 15 39 30 3 6 50 45 42 21 41 20 19 47 7 11 
student 120: 29 40 34 49 6 16 35 7 12 43 37 22 4 1 45 13 26 25 3 2 19 31 33 32 23 47 15 14 18 10 38 24 27 36 46 21 42 28 5 8 48 44 41 17 39 30 20 50 11 9 
student 121: 26 39 34 43 8 15 41 6 19 46 37 22 12 2 49 9 29 27 3 1 17 31 30 33 21 50 13 14 24 7 38 25 32 36 44 16 42 28 5 11 45 48 40 20 35 23 18 47 10 4 
student 122: 32 44 28 42 3 16 39 5 15 40 41 29 6 2 50 11 24 26 4 1 13 31 30 36 25 47 18 21 19 10 35 27 23 37 48 14 43 33 7 12 46 45 38 17 34 22 20 49 8 9 
student 123: 29 40 33 45 3 16 42 5 12 38 39 25 14 6 50 10 26 28 2 1 18 34 37 31 22 47 11 17 24 13 36 23 32 41 48 15 43 27 4 9 46 44 30 21 35 19 20 49 7 8 
student 124: 31 44 30 46 8 20 45 7 13 42 37 27 3 1 49 9 24 32 2 4 15 33 35 29 26 50 17 16 22 10 36 23 28 41 43 11 39 25 6 14 48 40 38 18 34 19 21 47 5 12 
student 125: 23 38 34 49 4 14 37 6 16 45 42 22 11 1 48 7 27 26 3 2 19 30 32 33 29 47 13 15 24 10 40 25 31 35 43 17 41 28 5 12 44 46 36 18 39 21 20 50 8 9 
student 126: 31 41 30 46 2 10 36 12 9 45 42 26 4 3 48 5 24 27 6 1 14 34 47 33 23 49 17 16 22 15 38 21 28 35 43 19 39 29 7 13 40 50 37 18 32 25 20 44 11 8 
student 127: 24 43 42 45 5 19 33 7 14 34 39 23 11 2 50 12 30 26 6 1 16 29 36 32 22 49 15 18 27 8 38 25 31 35 46 9 41 28 3 10 48 47 40 17 37 20 21 44 4 13 
student 128: 30 39 35 45 3 13 33 9 16 42 38 24 11 4 48 8 25 27 2 6 15 28 29 34 26 49 21 14 22 10 36 23 32 37 46 12 41 31 7 19 47 43 40 18 44 17 20 50 5 1 
student 129: 30 44 34 45 5 17 35 6 13 41 36 21 12 1 50 9 24 29 15 3 18 31 32 27 26 48 11 16 14 7 39 22 38 33 47 20 42 25 2 4 46 43 40 23 37 19 28 49 8 10 
student 130: 29 40 41 45 12 16 39 3 11 44 36 25 6 5 50 4 26 34 7 2 20 28 32 38 22 49 15 14 23 8 35 24 30 33 46 21 27 37 1 13 47 43 42 19 31 17 18 48 10 9 
student 131: 30 43 34 46 12 11 36 13 9 45 42 25 5 7 50 16 26 27 4 1 17 29 33 31 21 47 18 10 24 6 40 22 32 38 39 14 44 28 8 15 41 48 35 23 37 20 19 49 2 3 
student 132: 21 40 35 44 10 14 36 4 16 46 34 27 12 3 50 15 18 28 2 1 19 29 41 37 26 49 13 20 17 8 42 24 30 32 48 9 39 31 5 11 43 47 38 23 33 25 22 45 6 7 
student 133: 32 44 38 40 5 11 43 6 13 35 39 25 7 3 49 12 27 29 8 2 16 33 31 36 24 50 20 18 22 15 41 23 30 34 47 14 45 21 4 9 48 42 28 19 37 17 26 46 10 1 
student 134: 29 37 33 43 2 19 39 7 14 42 41 24 11 4 45 10 27 28 6 3 17 31 30 32 22 49 13 21 16 12 40 36 25 38 46 15 34 26 1 8 48 44 50 18 35 23 20 47 5 9 
student 135: 32 41 31 46 8 12 38 4 7 42 43 26 15 6 50 11 25 24 2 1 19 33 35 28 23 47 17 13 20 9 39 27 30 36 44 16 45 29 3 5 48 37 40 21 34 18 22 49 14 10 
student 136: 29 45 33 43 5 15 41 6 16 44 31 21 13 2 50 11 32 24 3 1 18 30 36 35 25 49 17 14 23 9 34 28 27 38 47 7 42 26 4 10 48 40 39 19 37 22 20 46 8 12 
student 137: 27 42 32 43 5 17 39 9 18 38 40 25 10 1 49 12 26 31 2 7 21 30 36 35 24 50 8 13 23 14 33 16 28 34 48 19 45 29 4 6 46 44 41 20 37 15 22 47 3 11 
student 138: 25 43 38 41 9 16 42 8 15 45 32 30 14 1 49 11 26 28 6 5 20 31 34 36 22 50 10 12 21 13 37 23 27 35 47 18 44 29 7 2 48 40 39 19 33 17 24 46 3 4 
student 139: 29 41 33 50 5 16 30 4 12 40 38 28 8 2 48 11 26 27 9 1 20 34 32 35 24 47 14 17 21 13 39 19 31 37 46 15 43 25 3 6 44 49 42 18 36 23 22 45 7 10 
student 140: 23 42 41 47 8 16 37 12 11 43 40 21 10 2 50 13 26 22 5 1 19 31 36 32 25 46 14 17 27 9 38 28 30 33 44 15 39 29 3 7 49 45 35 24 34 20 18 48 4 6 
student 141: 34 42 32 49 5 17 33 8 9 43 39 23 16 2 47 15 27 28 3 1 19 35 37 29 21 48 12 10 25 14 36 24 30 44 41 11 45 26 4 6 46 38 40 18 31 22 20 50 13 7 
student 142: 26 41 36 49 10 14 37 3 7 42 31 22 11 9 50 8 23 30 2 5 17 29 32 27 20 43 16 13 33 15 38 25 35 40 47 21 46 28 1 12 48 45 44 18 34 19 24 39 4 6 
student 143: 33 36 30 43 7 10 39 5 18 44 35 28 9 4 48 14 26 31 1 2 21 27 37 32 17 46 19 13 23 8 40 25 24 34 49 16 45 29 3 12 50 42 41 20 38 22 15 47 11 6 
student 144: 32 42 30 45 6 14 35 7 12 49 38 31 13 2 50 16 22 23 3 1 19 29 34 27 25 46 11 17 21 10 44 28 26 40 47 8 36 33 4 9 43 39 41 18 37 20 24 48 5 15 
student 145: 28 42 36 45 4 22 34 8 12 41 39 29 1 2 50 10 20 25 5 3 17 32 31 33 24 49 16 14 15 13 37 19 30 35 46 18 44 27 6 11 47 43 40 21 38 23 26 48 7 9 
student 146: 27 45 35 46 12 18 41 4 15 44 34 28 7 13 50 9 25 29 1 2 19 33 31 38 22 39 10 17 26 8 43 23 30 37 47 11 36 21 3 6 48 42 40 16 32 24 20 49 5 14 
student 147: 34 36 37 43 4 14 41 7 10 46 40 30 11 1 47 12 25 28 6 2 17 31 32 29 26 49 16 18 22 13 44 23 27 38 45 15 42 24 3 5 48 39 35 21 33 20 19 50 9 8 
student 148: 29 40 32 45 2 17 42 12 11 43 39 25 5 3 49 9 26 27 1 4 19 34 36 31 24 50 13 16 21 7 38 20 28 37 41 14 35 30 8 15 46 44 47 18 33 23 22 48 6 10 
student 149: 34 40 36 46 5 18 32 7 14 42 38 25 6 4 49 19 26 31 2 1 12 27 35 33 20 50 15 17 22 13 29 24 28 39 47 11 41 30 3 8 44 43 45 16 37 23 21 48 9 10 
student 150: 29 39 33 43 8 18 40 7 12 46 38 24 11 2 50 14 26 28 1 4 17 32 34 31 21 47 16 15 25 3 42 23 30 35 44 13 45 27 10 6 48 41 36 19 37 22 20 49 5 9 
student 151: 34 46 36 44 6 18 42 7 14 43 40 26 12 5 50 17 24 28 4 1 15 30 32 33 21 49 11 13 19 8 35 23 29 38 48 16 31 27 3 10 45 41 39 20 37 25 22 47 2 9 
student 152: 28 40 36 44 4 14 37 3 10 43 33 23 9 2 50 17 26 25 5 1 15 34 32 29 31 48 18 12 22 7 41 20 30 38 49 11 42 27 13 8 46 45 39 19 35 24 21 47 16 6 
student 153: 27 39 37 48 1 14 31 5 10 29 40 23 9 2 47 8 24 25 7 6 17 33 42 34 30 50 13 20 18 16 38 26 32 35 43 15 41 28 3 12 49 44 45 21 36 22 19 46 4 11 
student 154: 27 40 36 46 2 18 37 9 12 42 38 28 10 6 50 17 26 23 3 1 15 33 35 32 21 43 13 14 20 5 39 25 29 34 47 16 48 31 8 11 45 44 41 19 30 24 22 49 4 7 
student 155: 31 38 29 45 12 18 35 3 13 39 41 26 11 5 49 8 24 27 6 1 15 32 36 33 30 47 10 17 25 19 37 20 28 40 48 14 42 22 4 9 46 44 43 21 34 23 16 50 7 2 
student 156: 30 41 33 47 11 17 38 3 13 48 36 29 9 10 49 8 26 27 1 2 20 31 39 25 24 46 14 16 19 7 35 21 32 34 42 15 40 37 4 6 50 43 28 18 44 23 22 45 12 5 
student 157: 33 46 32 47 2 20 39 7 13 36 40 17 4 5 50 12 25 27 3 1 18 19 35 30 31 44 10 16 29 8 34 23 26 37 45 15 38 24 6 14 49 42 43 28 41 21 22 48 11 9 
student 158: 23 41 38 46 6 18 40 2 12 47 42 26 8 1 50 10 28 27 3 4 21 33 34 30 24 49 17 15 22 9 36 29 31 32 37 16 44 25 5 13 43 45 39 14 35 19 20 48 11 7 
student 159: 31 44 32 43 9 10 45 6 8 39 41 20 16 1 50 12 23 29 4 3 21 28 33 30 27 48 19 13 26 14 38 18 35 36 46 15 42 25 2 5 49 37 40 17 34 24 22 47 7 11 
student 160: 27 40 32 43 3 18 33 4 14 44 39 21 13 1 45 11 25 28 2 7 22 36 35 30 31 48 10 17 19 8 47 26 29 38 41 16 42 24 5 12 50 49 37 20 34 23 15 46 9 6 
student 161: 27 39 28 47 8 19 38 9 6 41 34 29 12 7 48 14 18 23 2 1 20 35 31 37 22 44 15 16 26 13 33 24 30 42 49 5 46 32 3 11 45 36 43 21 40 17 25 50 10 4 
student 162: 27 42 32 49 5 15 39 8 14 46 37 31 11 1 47 13 25 26 4 2 17 34 35 28 30 50 16 20 19 10 38 18 22 36 40 12 43 29 3 9 45 48 41 21 33 24 23 44 6 7 
student 163: 26 42 36 44 1 17 40 9 14 31 41 23 11 10 47 13 24 28 4 2 19 29 30 35 27 50 12 15 22 6 34 21 33 38 46 16 49 32 5 8 45 43 39 20 37 18 25 48 7 3 
student 164: 32 37 28 49 1 23 33 5 14 44 38 26 13 8 48 10 27 25 4 2 16 40 35 36 24 45 11 15 21 9 41 17 30 29 46 20 39 31 3 12 43 47 42 22 34 19 18 50 7 6 
student 165: 28 45 35 43 1 15 38 11 17 46 44 24 12 3 50 13 30 29 5 2 19 32 34 36 21 48 16 14 22 8 31 25 27 41 49 9 37 26 4 6 40 42 39 20 33 18 23 47 10 7 
student 166: 34 43 33 44 1 14 35 2 11 41 40 22 8 4 49 10 30 31 9 5 17 27 32 26 24 50 12 16 23 3 36 25 28 37 46 19 42 29 13 7 48 45 39 18 38 20 21 47 15 6 
student 167: 27 39 33 44 4 15 40 8 12 41 36 24 11 2 49 14 26 32 3 1 17 30 28 31 25 50 16 19 22 10 38 23 43 35 46 5 42 29 6 13 45 48 37 18 34 20 21 47 9 7 
student 168: 32 34 35 40 6 21 43 8 12 44 39 25 14 2 42 13 23 27 5 1 17 31 33 29 24 50 11 20 28 9 37 18 30 38 48 16 45 26 4 10 49 46 41 19 36 15 22 47 3 7 
student 169: 29 39 30 47 5 12 42 4 17 45 36 25 10 7 44 14 26 28 8 3 21 32 22 33 27 49 16 15 19 9 38 20 35 37 46 18 43 31 2 11 48 40 34 13 41 23 24 50 1 6 
student 170: 20 44 33 47 3 17 39 6 13 41 38 30 8 1 50 15 23 18 7 4 19 28 42 32 29 48 14 16 25 10 35 21 36 31 43 12 37 26 2 11 45 49 40 24 34 22 27 46 5 9 
student 171: 29 42 33 46 6 20 34 9 16 44 38 25 7 4 49 13 30 26 2 1 22 28 39 32 19 45 11 14 21 3 36 24 40 35 47 15 43 27 8 10 48 37 41 23 31 18 17 50 5 12 
student 172: 30 41 36 50 4 10 38 7 14 42 39 23 12 5 49 15 25 27 2 3 20 34 37 31 24 46 16 19 26 8 33 21 29 35 43 13 44 28 1 9 45 47 40 17 32 22 18 48 6 11 
student 173: 32 38 31 43 3 19 34 7 13 47 37 23 15 1 48 12 27 29 5 2 18 30 40 33 17 49 14 9 26 6 39 22 25 36 44 16 42 24 4 11 46 41 45 20 35 21 28 50 8 10 
student 174: 28 42 32 45 6 16 39 11 15 38 37 29 5 1 50 7 26 34 4 2 17 30 31 27 22 44 18 14 23 9 41 21 36 33 47 13 43 25 8 12 48 46 40 19 35 24 20 49 10 3 
student 175: 27 37 30 42 5 17 36 12 14 40 44 22 13 3 46 9 32 26 10 1 23 34 31 29 24 50 7 16 21 11 38 25 28 35 43 15 41 33 4 8 48 47 39 18 45 20 19 49 6 2 
student 176: 29 41 42 44 8 16 30 4 11 38 45 18 7 1 50 14 27 25 2 3 21 32 33 35 26 46 15 20 22 10 40 24 28 34 36 12 47 31 5 13 49 48 39 17 37 19 23 43 9 6 
student 177: 36 39 31 42 4 18 37 6 10 47 40 34 7 5 50 12 29 24 1 3 16 28 35 30 25 48 15 17 20 11 38 26 27 32 49 14 41 22 2 9 45 44 43 19 33 23 21 46 8 13 
student 178: 27 37 46 45 5 13 38 8 15 40 35 28 9 1 49 14 29 26 2 3 18 24 34 39 21 48 19 23 20 4 41 31 32 25 47 16 43 33 6 12 50 42 36 11 30 17 22 44 7 10 
student 179: 28 44 37 43 6 18 33 3 13 41 42 17 11 1 50 16 29 24 5 4 21 31 32 39 19 47 15 14 27 12 40 23 30 36 46 10 38 25 2 8 48 45 34 20 35 26 22 49 9 7 
student 180: 27 48 33 45 4 19 42 9 10 40 35 22 13 3 47 14 23 30 5 1 17 29 39 32 24 41 16 20 21 6 38 28 31 36 49 8 43 25 2 7 50 44 37 15 34 26 18 46 11 12 
student 181: 30 43 34 47 4 17 41 5 11 40 37 26 7 1 48 12 24 29 3 2 15 31 35 32 22 49 13 23 19 14 39 27 28 33 44 16 42 25 9 8 45 46 38 20 36 18 21 50 6 10 
student 182: 29 39 33 45 4 21 37 5 11 42 38 30 14 1 47 12 25 22 3 2 24 31 32 34 20 50 13 17 15 8 36 26 27 35 49 16 44 28 7 9 48 43 41 19 40 23 18 46 6 10 
student 183: 30 41 34 46 3 18 38 7 14 43 39 24 12 2 49 5 28 25 4 1 16 35 22 31 26 48 15 17 27 11 42 33 29 36 50 13 32 20 6 10 47 44 45 21 37 23 19 40 8 9 
student 184: 29 40 42 41 9 21 38 6 12 44 39 26 11 2 48 8 27 25 5 1 17 30 37 36 24 47 16 14 19 7 32 22 28 31 45 15 50 33 3 13 46 43 34 18 35 20 23 49 4 10 
student 185: 33 41 35 45 11 15 38 13 18 42 40 25 9 2 50 14 29 26 6 1 19 27 32 30 24 49 7 16 21 10 37 23 28 36 44 12 34 31 3 8 48 46 43 17 39 20 22 47 4 5 
student 186: 33 44 31 45 5 14 34 9 17 43 37 26 6 2 41 8 23 27 3 1 13 32 35 30 24 49 15 19 21 10 38 25 28 39 50 11 42 29 4 12 47 46 40 16 36 18 22 48 7 20 
student 187: 27 38 34 46 9 19 41 8 12 37 43 24 11 3 50 13 17 29 1 5 16 31 33 28 26 42 14 18 22 10 35 25 32 36 47 15 40 30 2 7 49 45 44 21 39 23 20 48 6 4 
student 188: 27 46 41 43 2 15 38 9 17 47 34 24 8 6 50 11 28 26 3 1 13 37 36 29 22 49 19 14 25 12 48 21 33 31 35 20 44 30 10 7 40 45 32 18 42 16 23 39 4 5 
student 189: 29 42 34 46 3 13 37 8 14 43 38 25 11 4 49 9 31 23 5 1 16 27 26 36 28 48 15 21 19 2 39 30 33 35 45 17 41 24 6 10 50 44 40 18 32 20 22 47 7 12 
student 190: 28 41 29 44 7 18 37 6 15 46 43 30 12 3 49 13 27 26 2 1 22 31 36 33 16 47 10 19 21 17 38 25 32 35 45 5 39 23 8 11 50 40 42 14 34 24 20 48 4 9 
student 191: 31 41 35 42 5 15 36 7 2 45 40 29 14 1 49 11 27 26 4 3 17 30 34 32 22 48 12 19 21 13 39 24 28 38 50 16 43 25 6 9 44 47 37 20 33 18 23 46 8 10 
student 192: 32 47 35 42 7 11 41 5 17 45 39 20 10 1 49 14 27 28 4 6 16 26 38 30 24 48 19 13 15 8 37 21 33 34 46 18 43 29 9 2 44 40 36 23 31 22 25 50 3 12 
student 193: 32 44 39 46 7 21 38 12 15 47 37 26 11 2 45 8 30 19 6 3 18 29 33 31 25 50 13 17 24 9 36 27 28 34 48 14 41 22 1 10 49 43 40 20 35 23 16 42 5 4 
student 194: 29 41 35 43 8 18 38 10 17 42 39 23 7 2 48 6 20 22 3 1 21 34 36 26 27 44 12 16 24 14 37 28 33 31 49 15 40 30 5 13 45 46 47 19 32 25 9 50 4 11 
student 195: 34 42 31 50 3 11 32 7 15 46 39 23 10 6 41 14 25 26 4 1 20 33 27 36 21 44 8 22 29 13 35 19 28 38 48 18 43 30 2 12 49 45 40 17 37 24 16 47 5 9 
student 196: 32 39 36 42 2 18 34 5 15 41 44 23 14 1 49 9 28 20 3 8 27 30 31 33 29 48 17 12 19 11 38 26 25 37 50 13 40 24 4 6 45 47 43 22 35 21 16 46 10 7 
student 197: 28 40 38 43 2 18 35 14 17 41 39 25 8 5 50 13 26 27 7 1 10 29 34 30 20 48 15 21 23 9 31 24 33 37 46 12 42 32 6 11 49 45 44 22 36 16 19 47 3 4 
student 198: 32 41 26 47 5 19 38 9 16 39 37 22 11 3 50 12 27 28 6 1 17 31 36 34 25 49 13 15 23 8 33 21 42 40 46 14 44 30 4 7 43 45 29 18 35 24 20 48 2 10 
student 199: 29 39 35 49 9 16 37 6 19 44 43 26 10 1 50 12 28 30 7 5 8 32 34 31 23 48 17 18 22 3 40 25 20 36 46 15 38 27 2 11 45 41 42 21 33 14 24 47 4 13 
student 200: 27 39 34 35 12 19 47 4 8 40 38 26 13 2 49 21 24 25 5 1 14 29 36 33 28 43 17 15 20 7 42 22 31 37 44 6 46 23 10 11 48 50 45 18 32 16 30 41 3 9 
student 201: 29 42 34 41 6 21 37 11 14 44 40 24 12 1 48 15 26 30 4 2 18 32 38 33 25 49 16 13 19 3 39 22 28 35 50 17 46 27 5 10 45 47 36 9 31 23 20 43 7 8 
student 202: 31 44 34 45 7 21 36 15 11 43 39 25 14 4 50 1 24 17 2 6 20 33 32 35 27 49 5 18 22 3 37 23 28 30 47 19 41 29 10 12 40 46 42 13 38 16 26 48 9 8 
student 203: 30 41 34 44 7 17 32 2 11 45 36 28 14 5 50 15 33 26 1 3 20 29 35 37 21 47 24 19 22 8 40 25 27 38 46 10 43 18 4 12 48 42 39 13 31 23 16 49 6 9 
student 204: 24 38 34 46 5 17 36 7 13 42 47 33 11 4 50 12 21 29 2 1 19 25 32 30 26 45 15 16 23 9 39 27 31 37 49 14 48 28 3 10 41 40 44 18 35 22 20 43 6 8 
student 205: 30 43 35 47 5 17 37 9 18 42 39 25 12 1 50 11 23 29 4 3 19 31 34 33 21 48 13 15 26 8 36 22 27 32 40 14 46 28 2 10 45 44 41 16 38 24 20 49 7 6 
student 206: 32 37 35 45 2 33 36 6 14 43 40 25 13 4 47 9 26 29 8 1 16 30 34 28 22 50 17 19 23 10 31 20 27 39 48 18 44 24 5 12 41 46 42 21 38 11 15 49 3 7 
student 207: 30 35 36 41 5 14 43 4 11 44 37 22 13 2 49 8 27 29 3 1 19 31 32 34 18 50 15 16 20 10 39 26 23 38 45 24 42 28 7 12 47 46 40 17 33 21 25 48 6 9 
student 208: 32 42 22 48 1 18 33 7 12 44 39 29 9 6 50 8 24 30 3 2 20 35 36 31 23 47 13 16 19 10 38 25 28 34 45 15 43 26 4 14 46 40 41 27 37 21 17 49 5 11 
student 209: 32 44 35 46 2 16 40 4 11 42 39 24 12 1 48 8 22 23 5 9 17 33 30 27 20 45 14 15 21 6 38 31 28 37 49 13 41 25 3 10 47 43 36 19 34 29 18 50 7 26 
student 210: 30 41 35 45 9 18 34 4 14 42 40 21 12 6 50 16 24 26 2 1 19 31 33 32 27 49 13 15 25 10 39 22 28 38 48 8 46 29 3 11 47 43 36 20 37 23 17 44 5 7 
student 211: 28 43 36 50 7 12 37 9 16 45 40 26 8 2 48 11 25 20 1 6 15 33 30 31 21 46 19 22 18 10 34 29 35 38 47 17 41 27 4 5 44 42 39 14 32 24 23 49 3 13 
student 212: 30 42 35 44 4 24 39 11 8 45 41 22 6 12 49 7 28 23 1 2 14 31 34 33 25 48 17 18 20 15 40 26 27 37 46 16 38 32 3 10 50 43 36 21 29 9 13 47 5 19 
student 213: 31 40 36 41 7 21 32 5 13 44 37 27 8 6 47 10 25 26 1 4 16 29 33 30 22 49 14 18 23 12 42 24 28 34 48 17 39 50 2 9 43 46 38 15 35 19 20 45 3 11 
student 214: 35 39 34 45 3 17 31 7 18 40 44 27 10 9 50 12 23 32 4 2 19 26 36 30 22 47 14 13 21 6 33 24 25 43 49 15 48 29 1 11 41 42 38 16 37 28 20 46 5 8 
student 215: 31 38 33 50 5 18 30 8 11 48 44 25 10 3 45 13 24 26 2 1 19 35 34 29 23 41 17 21 20 12 36 28 32 37 47 15 39 27 4 7 40 49 43 16 42 22 14 46 6 9 
student 216: 31 48 34 47 4 18 32 10 14 42 41 27 11 2 50 12 24 25 6 1 19 33 30 37 22 44 17 15 23 13 35 26 29 39 40 9 45 28 7 8 46 43 38 16 36 20 21 49 5 3 
student 217: 27 42 36 40 8 16 44 7 13 41 39 24 12 1 49 6 30 26 2 3 19 35 32 31 23 47 15 14 22 11 33 25 29 38 46 17 45 28 5 9 48 43 34 21 37 20 18 50 4 10 
student 218: 31 41 27 48 2 17 36 1 13 44 38 24 11 5 47 12 32 29 4 3 20 35 33 30 25 49 18 6 16 9 39 21 28 37 46 15 45 23 7 10 43 42 40 19 34 26 22 50 8 14 
student 219: 32 41 26 46 7 16 40 3 18 44 29 28 15 1 49 11 25 27 5 2 17 33 34 35 22 48 12 13 21 9 38 24 30 39 45 14 42 31 6 10 50 47 37 19 36 23 20 43 4 8 
student 220: 28 37 35 43 6 15 36 11 16 30 38 31 10 4 48 12 26 27 3 2 18 34 33 32 22 47 19 17 25 9 39 20 29 45 42 14 49 23 1 8 46 44 41 13 40 21 24 50 5 7 
student 221: 30 34 33 41 2 16 32 8 10 49 39 25 4 3 48 14 42 27 5 1 19 35 29 31 21 50 18 26 23 9 37 22 28 40 46 11 44 24 7 12 38 45 43 15 36 17 20 47 6 13 
student 222: 25 35 34 50 5 19 36 7 12 47 43 29 13 1 46 11 24 30 6 3 20 28 33 32 17 48 15 14 23 9 41 27 31 38 39 16 37 26 2 10 45 42 44 18 40 22 21 49 4 8 
student 223: 29 40 35 47 3 16 39 8 11 44 38 28 12 1 50 13 26 21 4 2 14 34 31 27 22 48 17 18 25 9 37 24 32 33 45 15 46 30 7 10 42 43 41 19 36 20 23 49 6 5 
student 224: 28 40 31 46 13 17 39 7 16 37 43 24 11 4 48 3 27 29 6 1 18 32 38 34 26 47 23 15 22 8 41 21 14 35 49 12 44 30 5 10 42 45 36 19 33 25 20 50 2 9 
student 225: 29 42 27 46 2 18 33 10 13 43 41 22 6 3 45 14 24 28 4 1 23 34 37 35 15 50 17 12 20 9 36 25 30 39 47 19 38 32 5 11 48 44 40 16 31 26 21 49 7 8 
student 226: 34 37 33 47 3 6 39 7 15 35 38 25 16 1 42 13 28 29 2 4 14 26 43 32 30 49 11 19 21 10 44 22 31 40 45 17 41 23 5 12 48 46 36 20 27 18 24 50 9 8 
student 227: 27 40 32 46 4 17 37 5 11 45 36 26 15 2 50 10 29 28 9 1 14 35 31 34 25 48 23 16 19 12 38 21 30 39 44 13 41 20 3 6 49 42 43 18 33 24 22 47 8 7 
student 228: 27 40 35 42 3 22 39 6 13 46 33 19 10 2 49 7 28 25 9 1 18 32 34 29 21 48 14 15 24 5 37 26 30 36 45 12 43 31 4 8 50 44 41 23 38 17 20 47 11 16 
student 229: 32 43 30 45 3 19 34 8 15 44 38 26 13 4 50 12 27 28 6 2 18 31 35 42 23 48 10 20 22 5 37 21 29 36 49 17 41 25 1 9 47 46 33 14 39 16 24 40 7 11 
student 230: 26 41 39 47 4 20 38 7 14 42 40 28 9 2 45 10 31 33 5 1 16 37 34 32 25 50 19 12 21 13 35 18 24 27 43 15 44 30 6 11 48 46 36 17 29 23 22 49 3 8 
student 231: 26 38 33 43 1 23 36 7 9 45 41 19 13 10 47 14 24 25 3 2 16 31 32 37 20 50 17 18 22 12 39 28 30 35 49 15 42 29 5 6 48 44 40 27 34 21 8 46 11 4 
student 232: 31 36 38 47 2 14 42 4 17 44 37 27 10 1 49 18 21 23 6 3 19 28 29 34 30 50 13 11 25 12 39 32 24 35 48 15 43 26 7 5 46 45 40 22 33 16 20 41 8 9 
student 233: 29 43 33 44 10 15 37 17 12 45 40 23 11 1 48 20 25 26 8 3 18 22 32 30 28 50 13 14 16 7 39 27 31 36 41 9 42 34 2 4 47 38 46 24 35 19 21 49 5 6 
student 234: 30 39 35 46 10 17 37 11 8 44 41 26 15 2 50 16 24 28 5 1 22 32 34 33 27 49 20 13 19 6 38 23 29 31 43 14 42 25 7 12 48 40 45 21 36 18 9 47 3 4 
student 235: 29 41 32 44 6 20 35 7 13 37 40 23 11 2 45 12 26 24 4 1 15 39 30 34 27 46 16 19 21 9 36 22 31 33 47 14 43 28 5 8 49 48 42 17 38 25 18 50 3 10 
student 236: 29 41 43 42 2 12 40 4 16 44 34 25 9 3 50 13 32 26 6 1 14 30 31 35 24 49 17 18 20 5 36 23 28 33 48 15 38 27 10 11 47 45 37 21 39 19 22 46 7 8 
student 237: 30 41 36 46 12 15 37 3 11 48 40 29 13 2 44 9 23 24 6 1 21 33 35 25 14 45 19 18 22 7 31 17 28 39 43 20 42 27 4 8 50 47 38 16 34 26 32 49 10 5 
student 238: 27 40 34 44 5 14 36 8 10 42 38 24 17 3 49 21 16 26 2 1 15 30 35 32 25 48 12 23 19 9 39 22 28 37 50 13 41 31 7 11 45 43 47 18 33 29 20 46 4 6 
student 239: 27 43 35 42 5 18 34 10 13 46 41 26 6 2 49 14 25 23 4 1 16 31 36 38 22 50 15 17 28 7 32 24 30 40 37 11 44 29 3 9 47 45 39 20 33 19 21 48 8 12 
student 240: 31 24 29 47 4 17 39 5 12 43 37 25 8 2 50 6 30 26 3 1 18 36 34 32 22 49 15 13 20 14 45 28 27 40 48 16 38 33 11 10 46 41 42 21 35 23 19 44 9 7 
student 241: 31 41 30 45 2 14 37 7 10 43 40 23 6 1 50 8 29 27 4 5 16 32 38 34 24 49 19 13 22 11 39 26 28 36 35 12 47 25 3 18 46 44 42 15 33 20 21 48 9 17 
student 242: 30 42 36 48 3 16 35 11 8 44 38 25 13 2 49 10 21 26 5 1 17 32 34 33 27 50 22 15 19 7 37 23 28 40 47 14 43 29 4 12 45 39 41 20 31 24 18 46 6 9 
student 243: 30 35 33 48 3 21 37 7 13 44 43 22 9 12 50 8 26 31 2 1 15 32 29 40 25 46 14 17 16 10 36 23 28 39 47 18 38 27 4 11 49 45 41 20 34 24 19 42 6 5 
student 244: 38 36 31 41 6 17 40 3 11 49 39 25 15 1 47 8 32 26 12 5 16 35 30 28 22 50 13 20 21 7 42 24 29 37 43 14 33 27 2 10 46 45 44 18 34 19 23 48 9 4 
student 245: 25 49 34 42 5 18 40 8 12 41 45 28 7 2 48 9 24 29 1 3 20 32 33 31 23 50 19 13 17 10 38 27 30 37 44 16 39 26 4 14 46 43 36 21 35 15 22 47 6 11 
student 246: 40 47 30 46 9 17 33 8 10 41 37 27 4 1 48 11 25 28 7 6 15 34 29 32 23 49 16 18 22 5 35 19 26 36 45 14 39 31 3 13 50 43 38 20 42 24 21 44 2 12 
student 247: 30 39 28 43 8 19 37 7 18 46 38 27 9 5 50 11 24 29 2 1 17 34 35 31 25 36 6 14 20 10 41 22 32 40 48 13 44 26 4 15 49 45 42 23 33 21 16 47 3 12 
student 248: 27 45 37 41 5 18 35 6 11 47 44 25 16 1 50 12 24 29 4 2 15 30 34 36 22 49 9 19 14 10 38 26 28 32 46 17 40 31 3 13 42 43 39 21 33 23 20 48 8 7 
student 249: 27 47 31 44 3 16 42 5 11 38 36 28 15 2 49 13 32 29 4 6 10 35 33 30 21 46 19 17 20 8 43 25 23 40 41 14 45 24 1 12 50 39 34 18 37 22 26 48 9 7 
student 250: 35 39 36 47 1 16 37 8 14 50 40 32 10 7 48 12 25 24 2 5 22 28 34 31 23 49 20 13 21 9 33 29 26 38 44 15 41 30 4 11 46 42 43 17 27 19 18 45 3 6 
student 251: 30 36 35 41 10 12 40 8 15 37 45 22 13 3 50 11 28 27 1 6 17 29 33 31 24 49 14 16 21 4 44 25 26 38 42 18 39 32 2 9 47 43 34 19 46 23 20 48 5 7 
student 252: 32 42 30 46 5 15 40 7 17 43 33 25 6 2 50 12 26 23 3 1 18 36 38 31 20 47 9 14 24 11 34 22 28 39 45 27 37 29 4 13 48 44 41 16 35 21 19 49 10 8 
student 253: 34 42 32 41 6 21 36 7 14 49 37 26 10 2 50 9 25 28 3 1 11 29 39 31 20 46 13 15 19 8 38 27 23 35 48 17 44 30 5 16 43 45 40 18 33 24 22 47 4 12 
student 254: 29 40 24 44 3 23 37 9 5 45 34 27 11 1 50 16 22 35 2 8 14 36 39 32 25 49 12 17 21 10 41 26 28 33 47 13 43 30 7 15 46 42 38 19 31 20 18 48 4 6 
student 255: 37 33 27 45 2 16 35 5 15 44 38 26 4 6 47 7 28 34 8 3 20 31 36 30 22 48 18 14 21 12 40 24 32 39 42 11 43 25 1 13 50 49 41 19 29 23 17 46 10 9 
student 256: 31 47 35 45 10 17 38 11 7 42 44 18 9 4 49 13 26 19 2 3 21 28 34 29 27 48 30 12 15 6 41 24 33 36 46 20 39 25 1 8 50 40 37 22 32 23 16 43 5 14 
student 257: 33 35 32 46 4 12 38 5 13 42 41 21 6 7 48 11 30 25 2 1 15 26 29 34 23 50 17 18 22 10 39 24 27 36 45 20 43 31 8 14 47 44 40 37 28 19 16 49 3 9 
student 258: 29 41 38 44 4 16 37 9 13 46 40 23 11 5 49 10 27 25 8 1 24 34 33 35 32 48 14 18 21 12 39 20 26 30 47 17 42 28 3 6 43 50 36 19 31 22 15 45 7 2 
student 259: 29 39 31 44 7 15 34 9 1 42 40 26 14 3 49 12 28 36 5 2 20 41 30 33 19 50 18 16 21 13 35 24 23 37 46 11 38 27 4 10 48 43 45 25 32 22 17 47 8 6 
student 260: 35 43 32 46 6 18 41 8 3 47 36 23 11 1 50 16 29 28 2 4 20 39 34 27 26 45 14 17 22 9 38 19 24 33 42 12 37 31 5 13 49 44 40 21 30 25 15 48 10 7 
student 261: 34 39 35 47 6 24 38 8 14 41 32 25 11 5 50 10 27 26 4 3 17 29 33 30 18 49 13 16 22 9 43 23 31 36 48 12 40 28 1 15 46 45 44 19 37 21 20 42 2 7 
student 262: 26 40 35 44 3 18 36 2 11 48 37 23 10 4 50 14 24 28 6 1 17 34 32 29 30 47 12 15 25 8 38 21 27 41 45 16 39 31 5 13 49 43 42 19 33 20 22 46 7 9 
student 263: 32 41 30 47 3 16 31 4 9 45 35 21 5 6 50 15 22 25 14 10 19 44 33 29 20 37 8 17 26 11 34 28 38 36 48 13 42 27 1 12 46 40 39 23 43 24 18 49 2 7 
student 264: 31 44 37 48 9 21 34 6 15 45 43 23 14 4 50 12 26 28 3 1 13 29 36 32 19 49 18 17 20 8 38 24 30 33 41 11 46 27 2 10 42 39 40 16 35 25 22 47 7 5 
student 265: 33 39 32 49 8 17 37 14 10 44 41 23 6 3 48 16 27 24 1 4 13 31 30 28 26 46 15 21 19 12 36 20 34 38 50 11 43 29 2 7 47 45 40 18 35 25 22 42 5 9 
student 266: 30 38 39 44 2 16 34 1 11 41 40 29 12 5 49 14 28 25 6 4 15 37 33 26 27 47 21 17 18 9 35 23 32 31 46 13 36 24 7 10 48 45 43 22 42 19 20 50 8 3 
student 267: 30 43 35 42 8 18 27 9 13 44 45 23 11 5 50 16 21 31 4 1 15 34 32 33 22 49 7 19 20 12 38 26 29 39 46 17 37 24 2 6 47 41 40 28 36 14 25 48 3 10 
student 268: 31 41 34 45 3 15 40 6 13 39 42 26 17 1 50 12 25 24 8 4 19 36 33 30 23 44 16 9 21 2 38 29 28 32 49 11 43 27 5 7 46 48 35 18 37 22 20 47 14 10 
student 269: 29 43 33 45 2 20 37 6 12 41 38 24 11 1 49 16 25 26 8 4 17 30 31 27 23 50 13 14 22 5 35 32 40 36 48 7 44 28 10 15 46 42 39 19 34 21 18 47 3 9 
student 270: 34 39 45 44 8 17 38 5 11 36 43 27 6 1 49 16 29 25 4 2 23 31 32 28 22 48 21 14 24 10 33 19 26 37 41 9 47 30 7 13 42 46 40 15 35 20 18 50 3 12 
student 271: 30 33 38 43 4 17 37 9 14 45 41 29 10 5 47 16 26 25 2 1 22 31 40 32 24 50 13 19 28 8 39 18 20 35 49 12 42 27 6 11 46 44 36 21 34 23 15 48 3 7 
student 272: 32 37 34 49 5 14 41 9 20 45 38 27 12 3 47 2 24 26 13 1 17 28 33 30 25 50 11 18 7 10 36 23 29 35 48 21 44 31 4 15 43 42 40 19 39 16 22 46 6 8 
student 273: 25 33 36 43 2 22 48 12 8 39 42 19 10 3 50 14 29 15 9 1 20 41 30 31 26 44 11 16 24 4 40 28 27 37 38 18 45 32 5 13 49 47 34 21 35 17 23 46 6 7 
student 274: 28 38 33 45 2 14 41 12 11 40 44 25 8 3 48 9 22 32 5 1 20 30 35 29 26 49 16 18 24 10 37 23 31 36 43 15 42 27 4 13 47 46 39 17 34 19 21 50 6 7 
student 275: 31 42 33 44 5 19 36 8 16 43 38 27 7 1 50 6 30 24 10 11 18 22 35 29 25 46 9 21 17 12 37 32 28 41 49 20 45 26 2 15 48 39 40 14 34 23 13 47 3 4 
student 276: 38 36 34 47 7 20 41 8 15 43 33 22 3 1 50 12 25 26 6 11 16 31 29 39 24 49 14 21 23 10 37 27 32 35 48 9 42 28 4 13 45 44 40 18 30 19 17 46 5 2 
student 277: 29 36 33 46 5 16 37 2 17 45 41 26 9 6 50 18 27 25 3 1 20 30 32 31 28 48 12 15 19 13 38 22 35 34 44 10 42 24 4 11 47 43 39 23 40 21 14 49 7 8 
student 278: 28 42 32 49 4 21 34 11 8 44 41 23 10 1 50 13 17 25 6 5 20 31 36 35 18 48 14 22 26 12 39 27 29 38 46 16 40 37 3 2 45 43 33 15 30 24 19 47 9 7 
student 279: 29 43 31 49 4 17 38 7 12 40 35 27 15 2 50 16 26 32 3 1 18 30 36 33 22 46 14 13 25 8 39 24 23 34 42 11 47 28 6 9 45 44 41 19 37 21 20 48 5 10 
student 280: 29 46 36 43 4 17 34 5 8 39 37 22 7 1 50 9 24 28 6 3 19 32 31 33 27 48 13 14 25 15 38 23 30 42 49 16 41 26 10 12 44 45 40 18 35 21 20 47 11 2 
student 281: 25 40 33 44 7 18 39 2 13 41 38 22 12 4 50 11 30 20 10 1 19 31 35 32 26 48 14 15 17 8 36 27 28 34 46 16 43 29 5 9 49 45 42 21 37 24 23 47 6 3 
student 282: 30 37 29 43 8 20 35 6 7 44 41 25 14 1 50 10 28 33 3 5 23 31 39 34 22 48 15 18 19 13 38 26 27 32 47 12 40 24 4 16 46 42 45 17 36 21 11 49 2 9 
student 283: 31 42 34 44 5 17 33 6 12 43 46 21 8 2 50 13 25 29 4 1 16 32 35 28 27 49 14 18 24 10 36 19 26 40 45 15 41 30 3 11 47 48 39 23 38 20 22 37 7 9 
student 284: 30 38 35 41 6 21 34 9 14 42 43 23 10 4 47 8 25 32 3 2 19 31 39 27 26 50 15 16 24 11 37 18 36 28 45 13 44 22 7 12 48 46 40 17 33 29 20 49 1 5 
student 285: 29 41 34 45 1 15 33 9 10 37 30 26 11 2 47 17 23 27 3 7 16 31 36 35 22 49 14 19 21 6 39 25 28 40 50 4 44 32 12 8 48 42 43 20 38 24 18 46 5 13 
student 286: 30 45 36 46 4 19 35 9 15 41 39 25 13 5 49 14 26 28 2 1 16 32 33 31 21 50 12 11 18 7 37 24 27 34 44 17 42 29 3 10 47 43 38 23 40 20 22 48 6 8 
student 287: 29 43 31 45 7 19 40 8 18 44 34 27 5 3 48 13 24 25 1 2 21 32 33 35 23 50 10 14 26 9 41 22 30 37 46 17 36 28 4 11 47 38 42 12 39 20 15 49 6 16 
student 288: 29 40 42 47 5 22 39 8 21 46 33 23 12 3 49 16 25 27 4 2 13 32 28 34 20 50 6 14 19 10 37 26 31 35 48 15 36 30 7 11 43 41 45 18 38 24 17 44 1 9 
student 289: 29 44 34 42 5 16 41 11 12 40 43 26 10 1 50 17 25 23 3 2 19 31 33 35 15 49 6 18 22 14 37 27 30 36 47 20 46 28 4 8 45 38 39 21 32 24 13 48 7 9 
student 290: 31 41 36 45 3 18 38 12 16 42 43 25 7 2 50 8 26 28 1 6 17 32 33 34 23 49 13 20 22 9 37 24 29 39 44 14 40 30 10 11 47 46 35 21 27 19 15 48 5 4 
student 291: 31 40 32 43 4 17 35 7 16 47 39 23 10 2 50 13 25 29 5 1 11 30 36 33 24 48 15 14 22 6 37 20 28 38 44 12 41 21 9 8 45 46 42 26 34 27 19 49 3 18 
student 292: 28 39 33 42 6 14 41 7 21 45 40 19 15 1 49 13 26 30 2 5 20 32 29 34 18 50 12 16 24 10 37 23 31 36 48 11 43 27 3 9 46 47 38 22 35 17 25 44 4 8 
student 293: 29 35 33 42 9 25 28 5 7 40 43 24 12 1 46 16 21 26 2 4 14 34 36 32 19 50 13 18 22 6 41 23 30 39 45 15 47 27 3 8 48 44 38 17 37 31 20 49 11 10 
student 294: 28 43 31 46 6 17 38 8 13 44 39 29 9 3 50 10 24 26 1 5 21 33 34 35 23 45 14 11 22 15 37 25 27 36 42 16 41 30 2 4 47 48 40 18 32 20 19 49 7 12 
student 295: 31 45 35 40 11 19 36 14 13 39 48 21 7 4 49 9 15 24 3 1 17 30 33 32 22 50 10 16 20 12 37 29 27 44 46 23 43 25 5 6 47 38 41 26 34 28 18 42 2 8 
student 296: 28 40 35 47 10 15 36 7 11 41 39 24 14 1 49 12 25 29 3 2 19 30 33 31 26 48 16 13 22 5 32 23 34 38 45 18 42 27 4 9 46 44 43 20 37 21 17 50 6 8 
student 297: 31 42 35 44 8 20 39 6 13 45 40 29 11 2 50 12 24 25 3 1 19 26 32 28 27 49 15 18 16 7 34 22 37 36 47 17 41 30 4 9 48 43 38 23 33 14 21 46 5 10 
student 298: 33 41 35 45 1 20 38 8 19 42 37 26 16 7 46 10 31 29 3 2 11 34 28 32 24 49 14 21 23 12 40 25 17 27 47 13 39 30 5 9 50 43 44 15 36 18 22 48 4 6 
student 299: 28 42 37 44 5 12 41 10 9 46 38 33 15 2 45 8 22 25 3 1 20 31 40 32 21 48 13 18 16 11 34 19 27 35 43 17 47 30 7 14 50 39 36 24 29 26 23 49 4 6 
student 300: 31 42 32 33 9 4 38 13 17 49 47 26 3 2 50 15 25 27 5 1 14 35 30 36 23 48 12 19 21 11 39 24 29 37 43 18 44 28 7 6 45 41 40 16 34 20 22 46 10 8 
student 301: 29 40 34 43 7 12 39 13 14 42 41 28 11 3 50 10 30 27 2 1 21 31 33 32 24 48 15 20 23 9 37 25 26 35 44 16 38 22 5 6 45 49 47 17 36 19 18 46 4 8 
student 302: 27 41 36 48 10 18 42 12 9 39 40 26 13 6 50 8 28 22 2 1 20 29 35 33 30 47 15 17 24 4 37 14 32 34 45 16 38 25 3 11 49 43 44 23 31 19 21 46 5 7 
student 303: 32 45 38 42 7 20 36 1 10 44 41 27 17 4 50 14 31 24 2 3 12 28 34 29 25 48 16 19 23 5 40 22 26 35 39 15 49 30 11 8 43 46 37 13 33 18 21 47 6 9 
student 304: 32 43 29 49 12 16 36 13 8 46 40 25 9 4 47 10 22 26 3 2 19 28 34 33 20 50 11 15 23 6 30 31 27 35 44 17 45 42 1 14 39 37 41 24 38 21 18 48 5 7 
student 305: 29 38 34 46 9 18 39 7 11 45 40 22 10 6 49 15 25 23 3 1 19 32 31 30 27 47 16 12 26 8 44 20 35 37 48 17 36 28 4 14 42 41 43 13 33 21 24 50 5 2 
student 306: 28 38 33 43 1 17 40 8 13 44 39 27 10 4 50 12 26 35 3 2 19 30 29 31 22 49 16 18 20 11 34 25 37 32 46 14 42 24 6 7 47 45 41 21 36 15 23 48 5 9 
student 307: 27 39 37 41 5 17 40 2 10 43 33 24 15 3 50 11 29 21 1 7 23 30 28 31 22 48 14 18 19 6 42 26 34 36 47 16 44 32 9 12 46 45 35 20 38 25 13 49 4 8 
student 308: 30 37 29 44 4 17 40 11 16 42 39 23 6 8 49 13 28 34 3 1 21 38 35 33 25 48 7 18 20 10 32 24 27 36 46 14 43 26 2 12 47 41 50 19 31 22 15 45 5 9 
student 309: 31 38 34 44 6 15 39 10 19 42 40 17 7 5 46 14 30 25 1 4 16 29 36 32 22 50 12 13 20 11 41 23 26 35 45 18 43 27 3 2 49 47 37 21 33 28 24 48 8 9 
student 310: 36 41 33 44 3 13 34 4 9 39 42 25 11 2 49 15 23 29 5 1 19 31 37 26 22 38 16 17 24 14 40 21 30 32 48 7 43 28 8 10 50 46 45 27 35 18 20 47 6 12 
student 311: 33 40 27 45 5 17 32 2 8 47 34 26 9 10 49 14 24 30 4 3 20 35 29 37 25 42 15 18 22 12 39 28 23 38 48 13 46 31 1 7 50 41 44 16 36 19 21 43 11 6 
student 312: 34 39 31 45 3 19 38 6 15 43 36 29 12 2 50 10 25 26 1 5 21 41 35 33 20 48 17 13 23 8 37 24 27 32 44 18 42 28 4 9 47 46 40 16 30 11 22 49 7 14 
student 313: 34 45 33 43 8 22 32 6 12 46 37 26 11 3 50 13 25 24 1 2 21 28 31 35 23 47 14 16 17 9 41 29 27 39 38 15 42 30 4 10 49 44 40 18 36 20 19 48 5 7 
student 314: 28 42 29 49 2 19 35 4 9 41 36 25 6 5 47 14 26 38 1 11 13 32 31 33 24 44 17 12 23 15 40 22 37 34 45 18 43 27 3 10 46 48 30 16 39 20 21 50 8 7 
student 315: 28 36 38 42 1 16 33 8 12 40 47 25 11 4 49 15 26 29 2 3 18 31 30 37 27 48 13 19 20 6 43 23 34 32 45 14 41 22 7 10 46 39 44 17 35 21 24 50 5 9 
student 316: 30 42 35 48 5 17 34 6 14 40 39 25 8 2 50 4 26 28 3 1 21 33 32 31 22 47 12 15 19 10 37 24 29 38 45 11 43 27 18 13 49 44 41 16 36 23 20 46 7 9 
student 317: 34 38 36 49 5 17 46 9 11 40 39 21 13 2 50 7 31 23 3 1 20 30 35 29 24 44 16 22 27 8 33 28 26 42 48 14 43 19 4 12 47 41 32 25 37 18 15 45 6 10 
student 318: 30 37 38 49 2 18 35 7 8 39 42 24 11 3 48 14 26 25 9 1 22 32 27 21 23 46 16 17 20 10 41 29 33 31 44 15 45 34 6 12 47 43 36 28 40 19 13 50 5 4 
student 319: 36 39 32 46 4 18 37 9 10 45 38 26 16 2 41 11 25 27 1 8 15 30 31 35 28 49 12 17 24 7 40 20 29 42 47 19 43 22 5 13 48 44 33 14 34 21 23 50 3 6 
student 320: 29 37 34 41 4 15 36 5 17 40 46 18 9 1 48 12 21 27 2 3 25 31 32 33 20 47 11 14 24 13 42 26 30 43 45 22 49 28 6 8 39 50 38 16 35 23 19 44 7 10 
student 321: 32 43 33 42 5 18 40 10 13 44 39 24 11 2 49 17 31 26 9 1 19 28 34 30 22 47 12 16 21 8 38 25 29 37 48 6 45 27 3 14 50 41 36 15 35 23 20 46 7 4 
student 322: 30 42 28 47 6 20 43 11 14 40 45 21 10 1 50 8 29 18 5 2 13 32 35 33 26 49 7 17 23 15 31 22 39 41 37 16 44 24 3 9 48 38 36 25 34 27 19 46 4 12 
student 323: 33 40 35 48 9 16 43 3 11 47 36 22 10 6 50 12 25 26 2 1 19 29 34 31 18 45 14 15 21 13 30 24 28 38 46 17 41 32 7 8 49 42 39 20 37 27 23 44 4 5 
student 324: 26 46 36 48 8 21 38 7 11 42 40 28 4 2 47 12 29 25 1 3 17 33 32 30 24 49 13 16 22 10 34 23 35 37 50 15 45 27 5 14 43 39 41 20 31 18 19 44 6 9 
student 325: 30 46 34 42 7 17 44 8 13 40 38 25 11 2 48 14 26 29 5 1 18 31 36 32 27 49 12 16 20 9 35 22 33 39 47 15 37 28 4 10 45 43 41 19 23 24 21 50 6 3 
student 326: 28 37 39 45 6 15 34 7 12 43 41 26 10 2 49 9 29 30 8 4 20 31 36 27 23 48 14 13 22 16 38 25 32 35 44 17 42 21 1 11 46 47 40 18 33 19 24 50 3 5 
student 327: 31 41 34 44 1 16 33 5 14 43 35 25 12 6 45 11 24 29 4 2 19 36 32 26 28 47 13 17 23 3 37 21 30 38 48 15 42 22 7 9 50 46 40 27 39 20 18 49 8 10 
student 328: 27 43 34 41 5 21 37 7 20 46 39 26 10 1 47 12 23 18 4 3 13 30 33 31 29 49 16 11 22 15 38 25 28 36 48 17 44 32 2 9 42 45 40 14 35 19 24 50 6 8 
student 329: 32 33 41 45 4 14 37 6 17 39 38 25 11 2 50 10 27 21 3 1 18 30 35 34 26 48 15 12 24 8 42 23 28 36 46 22 43 29 7 13 47 40 44 16 31 20 19 49 9 5 
student 330: 36 40 34 42 6 16 38 10 12 44 35 26 13 3 46 15 29 28 4 1 19 30 32 31 25 50 21 7 17 8 39 22 27 37 48 9 41 24 2 11 49 43 45 14 33 23 20 47 5 18 
student 331: 33 39 34 49 8 16 43 3 12 42 35 26 7 2 50 13 24 28 11 1 20 32 31 29 25 48 15 18 22 4 40 23 27 37 44 14 41 30 5 9 46 47 38 17 36 19 21 45 10 6 
student 332: 29 41 39 45 6 20 38 9 10 43 40 25 8 1 50 13 24 31 4 3 22 37 32 36 23 49 15 14 19 12 33 27 28 34 46 21 47 26 5 2 44 42 30 16 35 17 18 48 7 11 
student 333: 32 41 38 48 3 18 35 5 12 45 44 26 9 4 50 16 24 30 8 1 25 29 31 34 17 49 14 13 22 6 36 27 23 33 46 15 43 28 2 11 42 39 40 19 37 20 21 47 7 10 
student 334: 33 41 34 47 6 18 38 11 13 46 39 27 10 4 50 12 17 23 3 2 21 29 32 28 24 48 14 19 26 8 35 25 31 37 42 15 43 30 1 9 44 45 40 16 36 22 20 49 7 5 
student 335: 25 40 31 43 2 23 37 11 12 45 46 24 13 5 50 14 28 35 3 1 19 27 32 30 15 49 17 20 26 10 38 29 33 36 44 16 41 18 8 6 48 42 34 21 39 4 22 47 7 9 
student 336: 32 43 33 41 6 14 37 8 16 49 42 28 12 5 50 13 30 31 1 3 19 25 36 35 22 48 18 15 26 10 34 23 21 39 46 9 45 27 2 11 47 40 38 17 29 24 20 44 4 7 
student 337: 35 41 36 46 4 17 37 5 11 42 43 26 16 1 49 12 29 28 3 2 18 30 34 33 24 50 7 13 25 14 40 23 31 32 39 15 45 22 6 10 44 48 38 19 27 21 20 47 9 8 
student 338: 32 41 31 43 6 18 36 5 14 44 39 22 10 3 49 12 28 26 8 1 19 37 35 30 17 50 7 16 23 11 38 25 29 34 45 15 40 27 4 13 47 46 42 24 33 20 21 48 9 2 
student 339: 35 44 32 47 4 18 39 11 12 41 42 20 10 3 48 13 25 28 2 1 16 27 36 31 26 50 15 14 24 7 29 19 34 37 45 22 38 30 5 9 46 43 40 23 33 21 17 49 6 8 
student 340: 26 43 31 40 4 12 37 11 18 46 42 27 9 2 50 17 29 33 5 1 19 28 35 30 24 49 16 14 22 8 38 25 23 32 48 13 45 34 3 10 44 47 36 20 39 15 21 41 7 6 
student 341: 34 39 31 47 8 16 30 6 12 45 40 24 15 2 49 11 25 32 3 1 14 28 33 36 29 50 13 19 18 9 37 23 26 38 43 17 41 27 4 10 46 42 35 20 44 21 22 48 5 7 
student 342: 30 39 28 45 8 15 35 5 11 43 42 22 16 7 49 14 21 29 6 1 13 25 32 26 24 48 19 20 23 9 38 34 31 33 50 12 40 37 4 2 46 41 44 18 36 17 27 47 3 10 
student 343: 32 39 38 42 3 16 40 4 9 43 41 21 15 1 49 12 29 23 2 6 17 33 36 30 18 47 13 20 25 10 37 22 27 35 45 26 46 28 5 11 50 44 34 14 31 19 24 48 8 7 
student 344: 31 41 33 43 7 12 30 5 13 44 37 22 10 4 50 11 36 20 3 1 25 35 38 34 26 48 14 18 17 8 40 23 27 29 47 24 42 28 2 15 39 45 46 19 32 21 16 49 6 9 
student 345: 33 40 34 46 9 17 35 6 15 44 39 29 12 2 50 11 25 24 3 1 18 28 38 26 22 48 13 16 30 7 37 23 31 36 42 14 43 27 5 8 49 45 41 19 32 20 21 47 4 10 
student 346: 31 43 34 47 4 18 35 7 12 50 42 17 13 5 48 11 28 20 6 2 22 29 36 33 26 46 14 15 25 19 37 24 27 38 45 10 39 23 1 9 41 40 44 30 32 16 21 49 3 8 
student 347: 30 42 34 45 3 16 41 7 14 43 36 26 10 1 48 12 25 27 8 2 15 35 33 31 17 49 13 20 21 11 32 24 29 37 46 18 40 28 4 6 47 44 39 23 38 22 19 50 9 5 
student 348: 30 40 31 38 7 21 41 6 12 45 37 25 11 1 49 14 24 27 5 2 20 28 39 33 29 50 17 10 22 13 34 23 35 36 47 19 42 26 4 9 46 48 43 15 32 16 18 44 3 8 
student 349: 33 37 38 43 9 14 39 2 16 46 41 23 7 6 45 8 26 28 1 5 19 35 30 27 20 50 17 13 24 11 42 21 31 34 49 15 44 25 3 12 48 40 36 22 32 29 18 47 10 4 
student 350: 28 39 35 49 2 19 37 5 15 44 42 24 8 3 48 9 25 26 4 6 16 30 38 31 32 46 13 17 18 12 40 23 27 36 50 11 41 29 1 14 45 43 34 22 33 20 21 47 7 10 
student 351: 30 38 39 44 5 13 37 10 14 48 40 23 22 2 46 8 20 29 1 3 21 35 33 31 19 49 11 16 24 9 34 18 25 41 47 15 42 28 4 6 50 43 36 26 32 27 17 45 7 12 
student 352: 28 38 32 47 2 21 40 3 14 44 30 27 9 4 50 12 29 25 5 1 22 31 35 37 23 45 18 16 13 7 34 24 33 41 46 15 42 26 6 10 48 43 39 17 36 20 19 49 8 11 
student 353: 32 42 35 37 5 17 41 2 15 34 40 20 12 1 50 9 30 26 3 4 21 31 38 29 23 48 13 16 22 10 44 25 28 36 43 14 39 27 7 11 49 45 46 18 33 24 19 47 6 8 
student 354: 27 41 33 46 5 15 35 9 2 39 43 31 13 1 50 14 32 26 8 4 21 18 30 29 20 49 10 17 25 12 40 22 34 37 47 16 42 28 3 7 44 45 38 19 36 24 23 48 6 11 
student 355: 33 45 35 43 6 20 37 7 12 38 40 26 13 2 50 10 24 31 1 5 14 39 32 30 27 49 15 17 21 4 34 22 29 36 46 16 41 23 3 8 48 44 42 18 28 19 25 47 9 11 
student 356: 29 42 30 48 3 18 33 15 10 36 40 25 8 1 50 16 27 31 6 2 19 32 35 34 23 49 12 13 22 9 39 24 28 37 46 11 45 26 7 14 44 43 41 17 38 20 21 47 4 5 
student 357: 31 41 35 44 5 20 32 6 13 42 38 26 16 2 49 17 29 23 4 1 18 30 34 33 25 50 14 10 21 9 40 22 27 39 48 12 47 28 3 7 46 45 37 24 36 15 19 43 8 11 
student 358: 29 41 33 46 8 15 39 6 11 43 37 27 9 3 49 7 28 30 1 2 16 25 34 32 22 48 10 18 21 13 38 26 31 35 45 12 36 24 4 17 47 42 50 19 40 23 20 44 5 14 
student 359: 32 47 36 43 6 19 34 5 14 41 39 27 9 2 49 13 24 26 1 3 20 31 33 28 25 48 10 15 23 8 42 17 30 35 45 16 38 29 4 12 46 44 37 22 40 18 21 50 7 11 
student 360: 29 37 38 45 4 18 36 7 12 48 39 26 14 1 50 10 24 17 5 2 19 30 34 32 25 46 13 16 23 9 35 28 31 33 44 15 43 27 3 8 49 47 42 20 41 22 21 40 6 11 
student 361: 31 37 30 42 1 19 38 6 14 43 39 24 11 2 49 12 29 27 7 3 22 32 33 36 25 40 15 18 23 8 34 16 28 41 47 13 46 26 4 10 48 45 44 20 35 17 21 50 5 9 
student 362: 38 40 28 45 4 19 39 6 16 42 36 24 8 3 47 10 25 26 5 2 12 35 32 27 29 49 7 20 23 13 37 31 22 34 44 17 46 30 1 14 50 43 41 21 33 18 15 48 11 9 
student 363: 33 37 30 38 6 12 36 7 18 42 41 25 11 2 48 16 32 22 3 1 21 29 40 31 24 49 15 14 20 9 39 23 28 34 45 10 47 26 5 13 46 43 50 19 35 17 27 44 4 8 
student 364: 31 42 28 44 7 19 37 6 11 46 36 25 10 5 49 18 26 27 2 1 20 32 34 33 22 48 15 13 21 12 38 24 29 35 40 16 39 30 3 4 50 43 45 17 41 23 14 47 9 8 
student 365: 29 40 34 45 4 18 36 7 13 44 35 24 12 1 48 11 28 32 5 2 15 30 37 31 23 50 17 16 26 9 42 22 27 39 46 21 41 25 3 10 47 43 38 14 33 20 19 49 6 8 
student 366: 36 41 28 45 3 16 38 8 17 43 37 22 11 2 49 13 30 25 4 1 20 29 33 31 23 47 14 15 24 9 39 27 32 34 48 12 42 26 7 10 50 40 44 19 35 18 21 46 5 6 
student 367: 30 41 33 47 3 21 35 9 16 43 44 24 5 4 50 10 28 25 6 2 17 34 32 31 22 48 12 15 23 1 38 27 26 37 45 14 42 29 8 11 39 46 40 18 36 20 19 49 7 13 
student 368: 29 41 31 44 10 15 37 7 5 42 38 21 16 1 50 11 26 24 3 4 18 30 35 33 20 49 14 17 22 8 39 27 32 34 45 13 48 28 2 12 46 43 40 23 36 25 19 47 6 9 
student 369: 26 39 37 47 5 17 38 6 19 45 41 23 11 1 49 13 27 30 3 2 22 32 33 21 29 43 14 16 20 10 35 24 31 36 42 12 44 28 4 9 48 46 40 15 34 25 18 50 7 8 
student 370: 28 44 31 46 7 19 37 9 15 41 39 25 12 2 50 13 27 24 8 1 21 29 32 35 20 49 16 14 22 4 38 26 30 33 43 17 42 36 5 11 48 45 40 23 34 18 10 47 6 3 
student 371: 28 39 33 44 8 15 38 7 12 43 37 27 10 4 48 16 25 30 3 2 21 29 35 31 19 49 13 11 18 9 40 23 22 36 47 20 42 34 5 24 46 45 41 14 32 26 17 50 1 6 
student 372: 27 39 34 45 4 15 35 6 14 40 41 24 13 5 50 8 29 32 1 3 16 30 33 31 23 46 12 18 19 7 38 25 26 37 47 17 42 28 2 10 48 43 44 21 36 20 22 49 9 11 
student 373: 30 34 32 43 1 15 38 12 17 46 35 21 8 2 50 9 28 36 7 4 14 26 27 33 24 48 13 10 25 19 41 23 29 39 44 16 42 31 11 5 47 45 40 18 37 20 22 49 3 6 
student 374: 25 41 34 49 2 13 36 6 9 44 38 30 8 3 50 18 20 24 5 1 23 32 29 27 26 45 16 11 21 14 43 28 31 33 46 12 47 35 10 17 39 42 40 15 37 19 22 48 7 4 
student 375: 30 39 38 36 9 24 35 11 8 43 42 23 21 1 50 7 25 13 6 2 17 29 34 32 20 49 12 16 27 10 37 26 28 33 40 18 46 31 4 15 47 44 45 14 41 22 19 48 5 3 
student 376: 26 44 38 42 3 22 40 6 16 49 37 27 11 1 43 12 31 24 7 2 21 33 25 30 29 48 13 15 18 9 35 20 28 34 50 14 47 32 5 10 46 41 39 19 36 23 17 45 4 8 
student 377: 29 43 35 42 5 18 41 7 11 44 33 26 12 1 50 13 24 28 3 2 16 34 30 37 25 49 15 14 21 8 39 22 31 36 45 17 38 27 4 10 47 46 32 20 40 19 23 48 9 6 
student 378: 32 41 25 47 4 19 36 6 17 43 39 26 16 3 50 13 27 28 9 1 15 30 35 34 22 48 10 14 21 11 40 33 24 37 45 12 42 29 7 8 49 44 38 18 31 20 23 46 5 2 
student 379: 27 43 41 47 1 16 36 9 15 40 38 24 10 3 44 8 25 33 7 2 17 26 34 31 22 49 14 13 23 11 37 21 28 32 46 18 39 29 5 12 50 45 42 20 35 19 30 48 4 6 
student 380: 35 42 37 41 7 14 39 9 17 43 34 22 13 5 48 10 27 24 2 1 15 30 29 31 25 46 18 19 20 11 33 26 32 36 49 12 45 28 3 8 47 44 40 21 38 23 16 50 4 6 
student 381: 36 46 35 32 7 17 37 3 13 39 42 24 11 6 50 12 23 30 1 5 19 26 31 28 18 49 14 16 29 8 45 22 27 33 48 15 44 25 2 10 43 38 40 20 41 34 21 47 9 4 
student 382: 30 42 32 44 2 15 41 18 14 43 38 26 11 5 50 8 29 22 6 4 19 33 31 34 17 48 16 13 21 9 36 23 28 35 47 12 40 27 1 7 49 45 37 20 39 24 25 46 3 10 
student 383: 30 44 34 49 5 14 39 10 16 45 37 28 9 1 48 12 25 32 3 2 19 27 36 35 23 50 15 22 21 13 40 24 29 33 43 11 42 26 8 4 47 41 38 17 31 20 18 46 6 7 
student 384: 34 35 33 44 5 19 41 13 10 40 37 28 12 6 50 17 27 26 3 1 18 32 30 31 23 49 7 15 22 8 38 25 24 39 48 16 45 29 4 14 47 42 43 9 36 21 20 46 2 11 
student 385: 30 44 26 40 8 18 39 4 14 46 38 29 19 1 49 10 28 27 3 2 16 35 31 33 22 50 12 15 24 6 34 23 32 36 47 11 45 13 7 17 41 42 43 20 37 21 25 48 5 9 
student 386: 39 40 29 41 4 20 37 7 12 45 43 24 11 3 50 9 25 32 6 1 19 33 38 34 21 48 13 14 23 8 31 22 27 35 46 26 44 28 2 10 49 42 36 16 30 18 17 47 5 15 
student 387: 29 39 37 48 4 17 38 6 10 46 36 30 13 5 50 18 22 27 2 1 16 31 34 32 23 44 12 14 21 11 33 26 28 40 43 15 45 25 3 8 47 41 42 19 35 24 20 49 9 7 
student 388: 27 39 32 49 6 19 37 9 12 42 40 25 3 1 50 10 26 30 2 4 17 36 31 33 23 41 14 18 22 8 38 24 28 34 47 15 43 29 5 11 46 44 45 21 35 20 16 48 7 13 
student 389: 24 42 34 45 4 19 41 6 7 39 40 27 11 1 50 15 32 26 5 3 20 28 30 33 21 49 13 14 23 12 38 25 31 35 47 16 44 29 2 8 46 43 37 18 36 22 17 48 9 10 
student 390: 31 43 25 48 8 18 28 5 10 46 33 23 19 1 50 6 22 34 3 7 27 38 24 32 21 49 12 15 20 14 39 29 37 36 45 13 42 30 4 16 44 41 40 11 35 17 26 47 2 9 
student 391: 24 40 30 46 6 13 38 8 10 41 34 29 14 4 49 17 33 21 2 3 18 27 36 32 22 47 15 16 19 7 37 26 28 43 48 12 42 31 5 11 50 44 39 25 35 23 20 45 1 9 
student 392: 33 42 28 45 8 18 41 13 12 36 40 23 10 1 50 11 30 25 4 3 17 26 35 37 27 49 9 16 24 14 38 22 29 32 48 15 44 31 2 7 46 43 39 19 34 21 20 47 6 5 
student 393: 32 40 33 35 6 19 34 7 15 48 49 23 13 3 45 10 26 29 4 1 22 31 36 30 25 50 17 14 20 9 38 24 28 37 43 12 47 27 8 11 46 41 39 18 42 21 16 44 5 2 
student 394: 36 39 34 44 10 19 38 2 4 43 37 26 11 3 47 13 27 30 5 1 14 31 32 28 22 50 8 16 15 12 33 25 29 35 48 21 40 24 6 9 49 45 41 18 42 20 23 46 7 17 
student 395: 27 44 30 45 2 15 36 6 9 39 38 26 12 1 47 13 31 25 5 3 23 34 35 32 20 50 14 17 21 7 40 24 28 37 41 16 42 29 4 11 46 48 43 18 33 22 19 49 8 10 
student 396: 30 41 34 46 5 21 32 8 11 43 38 27 17 3 45 9 28 29 6 1 22 26 35 33 19 49 15 13 23 16 37 25 31 40 47 12 42 24 2 7 50 44 39 20 36 18 14 48 10 4 
student 397: 36 46 33 47 5 13 38 12 14 41 40 28 9 3 45 16 25 23 1 2 15 26 32 31 20 49 18 11 19 8 34 27 30 37 42 17 43 29 6 4 50 44 39 22 35 24 21 48 10 7 
student 398: 24 38 26 44 4 17 34 8 13 43 41 30 12 3 49 9 23 31 2 1 15 36 35 28 19 50 14 20 25 7 37 32 27 40 48 16 42 29 11 10 46 45 39 18 33 22 21 47 6 5 
student 399: 31 36 33 47 7 21 38 10 13 40 42 23 4 1 50 16 25 32 3 2 17 30 27 37 24 48 12 20 22 9 34 29 28 43 45 15 39 26 5 11 49 44 35 14 41 19 18 46 8 6 
student 400: 29 39 32 41 10 17 35 6 12 43 31 25 9 1 50 8 26 28 2 5 18 33 34 30 16 47 15 19 23 7 36 22 21 38 45 13 42 37 3 11 46 44 49 24 40 20 27 48 4 14 
student 401: 31 42 36 44 14 17 37 6 13 41 38 25 12 2 47 8 26 27 3 1 10 29 32 33 22 50 18 19 23 11 34 28 30 40 48 15 39 24 4 16 45 46 43 9 35 20 21 49 5 7 
student 402: 29 42 34 46 8 18 38 2 17 39 41 28 11 9 50 15 27 26 1 3 20 30 31 37 23 44 14 5 16 12 40 25 33 35 43 19 48 24 4 10 47 49 32 21 36 22 13 45 7 6 
student 403: 28 48 34 38 3 16 27 6 14 46 42 26 7 11 45 12 29 23 2 1 17 33 40 35 25 44 10 15 22 5 41 21 30 36 39 20 43 31 4 9 49 47 37 24 32 18 19 50 8 13 
student 404: 31 45 33 41 8 16 36 10 13 43 37 27 12 2 49 11 23 30 7 1 15 34 32 35 24 50 18 20 17 6 40 25 26 39 47 14 42 28 5 9 48 44 38 21 29 22 19 46 3 4 
student 405: 23 40 37 46 12 17 39 6 14 48 41 22 15 3 50 13 29 35 1 2 21 33 34 31 24 47 11 16 25 5 27 20 30 43 38 10 44 32 4 8 42 45 28 26 36 19 18 49 7 9 
student 406: 27 39 33 45 9 16 36 1 12 49 38 29 10 3 48 11 25 31 6 2 24 30 35 32 22 46 13 15 20 5 37 21 28 42 47 14 44 26 7 19 50 40 41 18 34 17 23 43 4 8 
student 407: 24 40 35 39 5 22 36 7 9 45 37 25 12 1 50 10 32 27 4 3 20 33 34 42 26 48 13 15 21 11 41 23 29 30 44 16 38 28 2 14 47 46 43 17 31 19 18 49 6 8 
student 408: 34 48 29 44 1 16 38 11 21 39 42 27 10 4 49 19 25 30 2 8 17 22 31 28 23 46 15 13 18 7 36 24 35 37 50 12 40 32 5 9 45 43 41 26 33 20 14 47 3 6 
student 409: 29 45 36 47 4 15 37 5 8 39 38 21 13 2 50 17 26 25 3 1 19 28 31 32 24 49 11 18 16 7 44 27 30 41 42 14 40 34 9 12 43 46 35 20 33 22 23 48 10 6 
student 410: 33 42 32 44 13 18 41 10 12 43 30 24 8 6 49 14 27 29 2 1 20 26 31 36 22 47 7 17 21 3 34 28 35 37 40 15 46 19 4 5 50 45 39 23 38 25 9 48 11 16 
student 411: 32 41 38 46 3 13 34 6 12 44 36 28 10 4 50 15 25 19 1 2 17 33 31 29 26 47 16 8 24 14 39 18 30 37 45 20 42 27 5 11 48 49 40 21 35 23 22 43 7 9 
student 412: 32 48 35 44 16 11 34 10 18 45 40 28 13 9 50 7 21 25 4 3 15 31 24 33 27 47 14 20 26 5 37 22 29 43 41 12 39 30 1 8 42 46 38 17 36 19 23 49 2 6 
student 413: 32 45 30 46 2 19 35 4 13 41 37 22 14 3 48 8 27 24 5 1 10 33 34 31 25 49 16 20 26 12 39 23 29 36 43 18 42 28 7 11 47 40 44 15 38 17 21 50 9 6 
student 414: 30 41 34 44 6 24 35 8 9 47 38 27 13 5 50 17 29 23 1 11 16 36 37 31 22 49 12 15 19 10 33 25 28 39 45 14 43 26 2 4 46 42 40 21 32 20 18 48 3 7 
student 415: 24 44 35 39 5 17 43 2 10 41 34 22 18 1 48 13 30 27 3 7 20 32 31 33 26 47 11 14 21 12 40 28 25 37 49 15 42 29 9 8 46 45 38 19 36 23 16 50 6 4 
student 416: 31 46 34 45 5 17 39 4 12 42 38 25 10 2 49 11 28 26 1 8 19 21 32 33 20 50 16 15 24 9 44 23 30 36 41 14 40 29 6 3 48 43 35 22 37 27 18 47 7 13 
student 417: 31 44 35 46 4 13 36 7 12 41 33 28 18 3 50 17 24 29 5 1 15 25 34 37 26 47 10 20 22 6 39 27 32 42 45 9 40 30 2 14 38 48 43 11 23 21 19 49 8 16 
student 418: 26 42 37 49 7 17 40 9 2 46 33 30 15 1 50 12 28 31 4 3 18 34 36 32 22 47 16 14 24 10 41 21 27 29 43 13 44 25 11 6 45 38 35 20 39 23 19 48 8 5 
student 419: 30 42 29 47 5 18 34 9 13 40 41 32 12 6 49 10 25 26 2 4 19 27 37 28 16 45 15 14 22 3 38 24 33 35 44 17 48 31 7 1 46 43 36 23 39 20 21 50 11 8 
student 420: 26 40 33 44 3 17 38 4 16 41 46 19 13 5 50 10 29 32 2 1 24 28 37 31 23 45 11 14 27 8 34 22 30 39 48 15 43 36 6 12 47 42 35 21 25 18 20 49 7 9 
student 421: 27 37 33 42 7 24 38 8 6 45 41 16 15 1 50 11 22 28 2 4 13 30 29 21 26 49 17 14 19 9 40 31 34 35 44 18 43 32 3 10 48 46 39 25 36 23 20 47 5 12 
student 422: 25 43 35 46 2 19 36 11 13 39 38 27 14 3 50 12 28 31 6 1 15 29 32 33 24 49 17 7 30 8 40 18 23 37 45 16 41 22 4 9 47 44 42 26 34 20 21 48 10 5 
student 423: 26 40 37 42 4 19 27 6 13 41 38 25 15 2 50 12 22 30 1 8 17 32 34 31 24 49 10 14 29 11 39 21 28 36 47 16 45 33 3 7 44 46 43 20 35 23 18 48 9 5 
student 424: 32 45 33 46 8 18 35 7 15 43 39 31 11 3 50 9 27 25 2 1 24 28 34 30 23 49 10 17 29 5 42 20 26 37 47 16 36 22 6 12 44 41 40 21 38 19 13 48 4 14 
student 425: 30 39 36 42 6 24 40 4 9 44 33 26 5 1 50 12 27 21 2 7 18 28 32 35 23 45 15 17 25 10 34 22 31 41 47 16 43 29 3 13 48 46 37 14 38 20 19 49 11 8 
student 426: 33 37 28 41 10 8 42 7 14 43 45 21 11 4 50 22 29 27 2 1 13 31 36 34 23 49 19 16 25 5 38 20 30 35 46 15 40 24 3 12 48 44 39 17 32 18 26 47 6 9 
student 427: 32 43 30 42 13 18 46 1 11 45 39 26 8 4 48 10 28 27 9 2 21 31 36 33 24 44 16 15 17 12 41 22 25 34 49 14 37 29 3 7 47 35 40 19 38 23 20 50 5 6 
student 428: 31 42 38 44 8 18 40 5 13 43 41 26 9 1 49 10 27 28 7 3 21 25 32 34 24 50 17 16 20 14 37 23 33 35 45 12 39 29 4 11 47 46 36 22 30 19 15 48 2 6 
student 429: 30 43 40 42 8 18 36 1 17 47 44 28 9 2 50 4 24 29 6 3 19 27 33 31 21 46 12 15 23 11 37 20 32 35 45 14 41 26 5 16 48 49 39 25 34 22 13 38 10 7 
student 430: 29 37 35 46 3 17 34 4 11 42 41 23 13 1 50 8 24 26 9 2 19 38 33 32 22 48 14 15 27 12 39 25 30 31 43 16 40 28 10 5 49 47 44 21 36 18 20 45 6 7 
student 431: 29 43 34 37 8 21 30 6 7 41 46 27 13 1 47 18 35 20 5 2 15 25 33 32 28 49 14 10 26 12 40 24 23 39 44 17 36 31 3 11 50 45 42 22 38 19 16 48 4 9 
student 432: 35 44 32 36 6 19 41 3 9 39 40 30 11 2 50 14 26 25 13 4 18 28 29 31 23 43 17 12 20 16 38 21 27 37 49 10 42 33 5 8 48 47 46 22 34 24 15 45 1 7 
student 433: 24 40 36 43 4 17 34 2 14 44 39 26 12 8 50 13 28 27 3 6 10 37 33 32 22 48 16 9 20 15 35 23 29 45 46 19 42 30 5 11 49 41 38 21 31 18 25 47 1 7 
student 434: 32 47 33 46 1 17 34 9 16 41 40 24 6 8 49 14 25 31 4 3 20 28 30 42 22 44 11 13 26 10 36 21 29 45 50 12 37 27 2 15 43 39 38 19 35 23 18 48 5 7 
student 435: 32 42 33 47 4 14 39 7 10 44 43 24 12 5 41 13 26 30 9 1 20 29 31 35 23 48 16 25 22 8 40 21 27 38 49 17 37 28 2 11 45 46 34 15 36 19 18 50 6 3 
student 436: 31 39 33 35 1 14 41 10 13 40 44 24 15 4 48 2 25 30 5 3 17 32 36 27 22 47 11 19 23 8 42 26 37 38 43 12 28 29 7 16 49 45 46 18 34 21 20 50 9 6 
student 437: 30 45 35 47 7 13 39 5 15 40 38 26 12 1 48 11 25 27 2 3 21 31 32 33 18 44 19 16 24 10 41 20 28 34 42 14 46 29 6 8 50 43 37 17 36 23 22 49 4 9 
student 438: 32 38 30 41 2 17 36 14 10 46 42 25 11 1 48 12 28 23 5 3 19 40 33 31 20 47 15 13 26 9 34 21 27 37 49 16 43 29 4 7 50 44 39 22 35 24 18 45 6 8 
student 439: 31 42 34 44 2 16 39 11 20 41 36 24 12 3 49 13 25 26 4 1 17 32 35 37 22 48 9 15 21 7 38 27 28 30 45 10 43 29 5 8 47 46 40 23 33 19 18 50 14 6 
student 440: 30 42 35 43 8 24 28 5 14 47 39 31 10 3 49 11 21 29 1 2 18 32 33 27 16 46 9 15 22 4 40 25 34 38 48 12 41 26 7 6 50 44 37 19 36 20 23 45 13 17 
student 441: 34 41 29 46 4 16 38 7 21 37 39 20 11 2 50 15 30 27 3 1 18 35 32 28 26 47 10 17 24 13 42 25 33 36 48 12 43 23 5 8 49 44 40 22 31 14 19 45 9 6 
student 442: 25 49 33 41 9 15 37 12 16 38 43 24 7 8 45 6 28 32 2 3 21 31 30 36 18 48 10 13 23 1 39 26 29 35 46 17 42 27 4 14 47 44 40 19 34 22 20 50 11 5 
student 443: 31 41 35 50 9 19 38 2 16 45 42 26 11 3 49 12 27 29 7 1 14 25 34 30 20 47 13 18 24 6 36 21 28 40 48 22 39 33 4 10 44 43 37 15 32 23 17 46 8 5 
student 444: 38 49 31 44 2 20 40 7 9 37 45 27 15 1 48 10 25 34 5 4 21 19 32 29 22 50 12 16 26 11 41 18 23 33 36 13 42 30 6 14 47 39 43 17 35 24 28 46 3 8 
student 445: 35 45 34 48 1 26 37 5 19 46 39 23 22 3 49 13 29 25 2 4 12 27 36 30 20 50 8 17 21 6 38 24 28 33 44 14 40 31 7 11 42 43 41 15 32 18 16 47 9 10 
student 446: 30 39 33 45 7 5 38 8 14 44 41 26 13 1 46 15 27 24 3 4 19 28 32 31 21 49 18 17 22 2 40 23 34 35 48 10 50 29 11 12 42 43 37 25 36 20 16 47 6 9 
student 447: 30 41 36 37 5 14 44 12 11 48 39 25 8 3 49 10 26 27 2 1 18 31 35 32 19 47 16 15 24 17 38 23 28 34 42 13 43 29 6 9 50 45 40 21 33 22 20 46 7 4 
student 448: 31 41 33 45 10 11 40 7 8 44 37 22 14 5 46 19 30 23 3 2 20 29 32 38 24 50 12 13 25 1 36 27 28 34 48 18 43 26 6 17 47 42 39 15 35 21 16 49 4 9 
student 449: 29 42 33 46 2 7 39 12 13 43 36 30 23 1 49 8 19 27 4 6 20 35 31 32 25 48 15 17 21 11 40 26 22 37 50 10 45 28 5 3 44 41 38 16 34 18 24 47 9 14 
student 450: 30 40 33 46 2 18 38 7 13 44 37 22 12 1 49 5 25 31 6 3 16 28 29 36 26 48 15 20 24 8 39 23 27 35 45 17 42 34 10 11 50 43 41 19 32 14 21 47 4 9 
student 451: 32 42 31 44 4 18 39 7 14 45 38 22 9 5 49 13 29 28 1 2 20 27 30 35 26 50 15 16 25 3 37 24 34 36 43 10 41 23 12 8 46 47 40 19 33 21 17 48 6 11 
student 452: 31 42 39 45 16 15 35 11 10 41 36 24 9 2 50 12 27 28 8 1 18 32 33 30 26 49 17 14 22 7 38 23 25 34 47 13 40 29 3 5 46 44 37 19 43 21 20 48 4 6 
student 453: 29 43 35 42 5 18 40 3 13 39 32 21 9 1 48 11 27 36 6 2 17 30 31 38 14 44 16 19 23 8 41 25 28 33 45 15 46 26 4 12 49 47 37 22 34 24 20 50 7 10 
student 454: 30 34 39 46 5 15 42 6 22 49 35 24 9 1 50 16 23 29 3 4 14 31 33 21 20 48 10 13 25 12 40 27 28 38 43 11 36 32 2 8 45 44 41 17 37 26 19 47 18 7 
student 455: 29 40 30 41 3 20 39 4 14 45 42 23 12 8 48 13 25 28 1 2 17 31 36 38 24 50 15 7 27 9 33 19 35 34 46 16 43 26 5 10 49 44 37 22 32 21 18 47 6 11 
student 456: 28 44 33 47 4 15 34 7 13 38 39 25 9 3 50 16 20 32 5 1 17 31 30 35 26 46 11 10 22 12 37 24 27 36 45 18 49 29 8 14 48 42 41 19 40 23 21 43 2 6 
student 457: 32 39 35 41 7 18 42 5 19 40 37 29 12 1 48 11 25 26 4 2 17 31 30 27 22 50 14 15 20 8 44 23 33 34 43 16 38 28 6 10 49 47 45 13 36 24 21 46 9 3 
student 458: 31 39 37 43 6 18 38 8 16 45 34 24 12 4 48 7 23 33 5 1 19 28 36 32 22 44 13 14 25 11 40 26 30 35 47 10 42 27 2 15 50 46 41 17 29 20 21 49 9 3 
student 459: 31 39 35 48 8 14 40 6 11 41 42 26 12 5 50 10 24 27 1 2 18 32 36 34 22 49 16 23 25 13 44 20 28 37 45 19 38 29 3 7 46 43 30 21 33 15 17 47 4 9 
student 460: 27 42 35 41 7 19 39 9 14 43 38 21 11 1 50 13 24 31 3 2 15 34 28 37 17 49 6 16 23 10 36 18 30 33 44 12 46 26 5 22 48 47 40 25 32 29 20 45 4 8 
student 461: 30 45 34 43 1 17 37 14 10 42 36 25 8 2 49 15 29 24 5 3 19 31 39 33 28 50 12 16 26 9 38 20 23 32 46 13 48 27 4 11 44 41 40 18 35 22 21 47 6 7 
student 462: 28 43 34 49 5 19 42 3 14 36 45 24 11 2 50 13 18 32 4 1 22 23 38 33 21 47 15 12 17 9 29 26 31 35 41 16 39 30 6 10 44 46 37 27 40 20 25 48 7 8 
student 463: 29 43 32 42 6 18 37 4 11 49 39 28 15 1 50 13 21 27 2 10 19 33 36 23 17 48 12 22 26 7 38 24 31 35 46 14 41 30 5 8 45 44 40 20 34 25 16 47 3 9 
student 464: 32 43 41 39 5 26 37 18 10 44 33 22 3 4 40 12 24 25 1 2 20 30 35 31 23 48 14 15 21 7 38 19 29 34 50 13 45 27 9 8 49 47 42 16 36 28 17 46 11 6 
student 465: 31 37 29 43 3 12 36 7 16 47 38 25 10 4 50 9 27 24 5 2 20 32 35 33 26 49 15 14 23 11 34 21 30 42 45 17 39 28 1 13 46 44 41 18 40 19 22 48 6 8 
student 466: 25 43 34 45 10 22 39 9 14 40 42 23 8 4 49 11 28 26 3 2 15 31 33 30 24 48 17 19 21 12 32 27 36 35 46 7 41 29 5 13 47 44 38 20 37 18 16 50 6 1 
student 467: 30 37 34 42 7 17 36 4 13 40 39 24 9 6 49 5 28 25 1 2 18 33 35 27 26 47 15 16 19 12 45 23 29 38 50 14 43 32 3 10 44 48 41 20 31 22 21 46 8 11 
student 468: 26 39 37 46 2 16 38 9 15 41 43 27 3 4 50 13 28 30 1 6 21 31 32 33 20 48 11 14 19 10 45 25 23 29 44 17 42 36 5 12 47 34 40 22 35 24 18 49 7 8 
student 469: 36 39 31 47 5 21 37 6 14 43 42 29 10 3 50 12 34 19 4 1 16 27 30 28 25 49 15 20 23 7 38 24 32 33 44 13 41 26 2 11 45 46 40 18 35 22 17 48 8 9 
student 470: 30 40 37 41 8 17 46 9 12 36 39 26 4 3 49 11 34 32 6 1 18 28 24 21 22 44 13 14 27 16 47 23 29 38 43 15 42 33 5 2 50 48 35 20 31 25 19 45 7 10 
student 471: 29 39 35 48 6 19 41 7 12 36 42 26 10 2 50 14 32 33 3 1 15 28 34 27 21 49 9 25 24 11 38 23 31 37 40 13 44 22 8 16 46 43 45 20 30 18 17 47 4 5 
student 472: 37 42 32 46 3 20 34 8 13 44 36 23 12 4 50 9 24 25 6 1 18 29 35 33 19 49 16 17 21 7 41 15 30 38 45 14 40 27 2 11 47 43 39 22 31 28 26 48 5 10 
student 473: 29 45 41 43 3 16 33 7 12 44 39 25 9 1 49 11 27 26 2 4 17 28 34 35 23 40 19 13 24 10 37 22 31 32 46 18 47 30 8 14 48 38 36 20 42 21 15 50 6 5 
student 474: 37 36 31 45 5 16 38 6 18 47 42 26 15 4 50 12 22 27 2 1 14 32 34 30 17 49 19 13 20 9 46 25 28 33 44 11 40 29 3 10 48 39 43 24 35 21 23 41 8 7 
student 475: 29 40 37 43 1 20 39 9 14 42 33 11 10 3 49 8 23 25 12 2 16 32 36 28 30 46 13 18 27 17 38 26 35 34 47 15 41 24 5 7 50 48 44 19 31 22 21 45 4 6 
student 476: 31 42 35 45 8 18 37 6 10 48 40 24 19 3 46 13 25 29 2 1 14 32 33 34 23 50 17 11 20 7 39 26 28 38 44 22 43 27 4 12 47 41 36 15 30 21 16 49 5 9 
student 477: 30 41 35 49 6 17 34 2 12 46 40 27 15 4 50 14 25 24 5 1 16 29 33 31 22 48 9 13 28 3 36 19 26 39 42 18 43 32 7 10 45 44 38 20 37 23 21 47 8 11 
student 478: 29 35 38 41 3 19 31 7 10 39 40 20 8 6 50 15 23 30 1 2 17 26 34 33 28 49 11 12 16 9 45 27 32 37 48 13 43 24 4 14 46 47 42 21 36 22 25 44 5 18 
student 479: 30 40 31 42 2 17 35 8 9 44 37 28 12 1 49 13 26 25 4 3 22 29 36 34 19 50 15 20 16 5 41 23 32 33 46 14 43 27 6 11 45 48 38 18 39 24 21 47 7 10 
student 480: 28 46 33 44 6 19 37 10 8 39 41 29 7 2 50 13 25 30 5 1 17 32 31 40 23 48 9 14 22 12 36 26 24 35 49 16 47 27 3 11 42 38 43 18 34 21 20 45 4 15 
student 481: 30 41 35 46 5 12 37 9 19 42 39 25 14 3 50 15 26 27 1 2 18 29 31 34 23 45 13 16 24 10 38 22 28 36 44 8 49 33 4 11 47 43 40 20 32 17 21 48 6 7 
student 482: 35 37 32 43 5 19 34 9 11 45 39 22 8 3 49 6 29 23 4 2 17 27 30 31 24 50 16 15 28 10 41 26 25 38 40 12 44 33 1 14 46 47 42 18 36 21 20 48 13 7 
student 483: 27 43 34 39 7 17 33 9 15 48 40 21 12 2 46 14 35 25 1 4 20 26 31 32 28 49 10 13 24 3 38 19 42 41 44 16 37 30 8 11 45 47 36 18 29 22 23 50 6 5 
student 484: 30 43 36 42 10 17 35 6 26 44 39 21 11 2 49 12 29 25 7 3 18 31 40 32 20 47 1 19 28 8 38 23 27 34 46 13 41 24 4 9 48 45 37 14 33 15 22 50 16 5 
student 485: 33 38 37 47 7 14 39 15 11 45 34 30 6 2 50 10 24 29 4 1 20 25 35 36 19 46 16 18 22 5 40 23 28 31 44 17 41 27 3 8 49 43 42 21 32 26 13 48 9 12 
student 486: 32 43 35 44 3 22 36 14 10 41 37 28 9 4 50 12 17 31 2 1 21 27 34 29 25 49 19 16 24 11 40 20 26 33 47 6 42 30 8 15 45 46 38 23 39 18 13 48 5 7 
student 487: 30 42 32 44 8 24 41 4 12 49 39 23 9 6 50 19 25 28 2 1 15 31 36 34 26 48 13 14 18 10 43 22 29 33 40 16 35 27 5 11 45 46 38 17 37 20 21 47 3 7 
student 488: 33 36 40 46 7 11 35 3 15 44 41 30 10 1 47 12 21 39 6 4 19 29 38 31 25 50 16 17 24 9 28 22 27 32 43 13 37 26 5 8 48 45 42 18 34 20 23 49 14 2 
student 489: 28 41 31 44 4 14 37 6 10 42 39 22 16 1 43 12 27 32 5 2 18 35 29 33 25 49 7 17 24 8 38 26 23 36 48 15 45 34 3 13 50 46 40 21 30 19 20 47 9 11 
student 490: 24 41 27 46 7 14 39 5 12 43 40 25 13 2 50 17 23 29 4 3 20 30 33 31 22 48 10 11 28 8 37 26 34 36 49 16 42 32 6 15 45 44 35 21 38 18 19 47 1 9 
student 491: 31 43 35 47 2 21 36 7 11 44 40 29 9 1 49 13 27 26 4 3 14 33 28 32 19 50 15 17 25 8 39 16 30 34 45 22 42 24 5 12 48 41 38 18 37 23 20 46 10 6 
student 492: 31 42 35 40 7 27 38 9 10 46 50 25 5 3 47 11 30 26 4 1 18 29 33 37 20 49 13 16 24 8 44 23 28 34 39 14 36 21 6 17 45 43 41 15 32 22 19 48 2 12 
student 493: 25 44 31 45 1 20 37 11 14 41 38 21 6 7 50 9 23 28 8 2 18 29 33 36 26 47 19 17 22 16 43 15 32 35 42 13 40 30 5 10 48 49 39 24 34 12 27 46 4 3 
student 494: 29 43 31 36 7 17 39 8 12 45 40 30 11 2 49 14 23 24 1 3 19 34 38 35 20 50 10 16 18 5 41 26 27 32 48 15 42 28 6 9 46 44 37 22 33 25 21 47 4 13 
student 495: 32 42 30 46 3 22 34 4 13 39 40 25 12 7 44 10 20 26 2 8 18 28 38 36 24 50 16 15 23 11 37 14 31 33 47 19 43 29 5 9 49 45 41 27 35 17 21 48 6 1 
student 496: 29 43 33 42 5 14 36 8 17 44 38 26 15 2 47 13 24 28 3 1 18 35 34 31 20 50 16 6 27 10 37 23 30 39 49 12 40 25 7 11 48 46 41 22 32 21 19 45 4 9 
student 497: 30 40 33 43 3 20 39 9 10 41 38 29 17 7 47 14 26 28 1 4 21 31 32 34 24 50 12 15 18 11 44 19 27 37 45 13 46 25 2 8 48 42 35 16 36 23 22 49 6 5 
student 498: 28 45 38 46 2 13 31 3 14 43 36 27 9 1 49 10 25 23 5 4 18 30 41 32 26 50 16 19 20 8 35 33 24 39 42 15 44 29 6 12 47 37 40 17 34 21 22 48 7 11 
student 499: 22 40 37 47 5 18 36 4 13 39 38 28 11 3 50 10 29 35 1 7 20 30 31 25 26 46 14 15 23 8 41 27 34 33 49 17 42 24 2 9 44 45 43 21 32 19 16 48 12 6 
