student 0: 12 20 41 47 1 31 2 49 44 19 37 40 11 34 23 18 13 4 3 29 43 30 10 28 46 22 42 48 45 7 14 36 26 32 17 27 8 15 38 35 6 9 25 16 5 50 24 39 21 33 
student 1: 19 16 48 46 11 28 3 44 49 22 39 41 5 42 18 21 8 12 2 27 43 25 9 30 40 32 38 47 37 6 14 33 26 35 15 31 4 13 36 29 1 7 24 17 10 50 20 45 23 34 
student 2: 15 20 49 44 4 28 7 50 43 21 37 38 11 36 19 22 13 5 2 30 42 27 9 29 46 26 41 47 45 1 12 34 24 33 17 31 6 16 40 32 3 8 23 14 10 48 18 39 25 35 
student 3: 14 21 49 39 2 35 3 48 41 23 37 36 9 33 18 16 12 4 1 29 40 27 7 25 45 28 43 46 47 13 11 34 20 32 15 31 5 19 38 30 6 8 26 17 10 50 22 44 24 42 
student 4: 14 22 46 50 3 28 2 45 48 21 39 37 13 38 17 15 16 6 1 30 40 29 11 24 42 18 44 49 47 10 9 35 26 31 20 34 4 8 43 32 7 5 25 19 12 41 27 36 23 33 
student 5: 12 15 49 47 2 30 3 46 45 23 39 42 7 36 18 20 14 8 1 29 38 31 5 26 44 27 43 50 40 6 11 34 25 37 19 32 4 17 35 28 10 9 22 21 13 48 16 33 24 41 
student 6: 11 22 44 47 1 32 2 46 49 16 36 39 6 41 14 15 18 7 3 25 40 29 13 19 43 28 42 45 50 9 12 34 27 37 20 30 4 17 31 33 5 8 24 21 10 48 26 35 23 38 
student 7: 14 20 46 50 6 31 8 47 40 21 41 38 11 35 23 17 10 1 3 26 42 28 15 18 44 25 43 48 45 9 13 34 27 36 22 32 4 16 37 29 2 5 24 19 12 49 7 39 30 33 
student 8: 15 18 43 50 3 29 1 46 47 17 44 37 6 34 16 20 12 7 2 32 36 28 14 23 42 27 39 45 48 9 10 38 31 33 21 26 5 13 41 25 4 8 19 22 11 49 30 40 24 35 
student 9: 14 17 44 46 1 35 7 43 39 22 33 45 3 36 19 15 11 16 2 27 42 29 4 24 38 23 41 50 49 12 10 40 30 32 21 28 5 6 34 37 8 9 25 18 13 48 20 47 26 31 
student 10: 10 18 48 49 3 31 2 50 46 17 39 36 8 34 25 12 22 7 4 32 41 27 13 20 40 23 44 45 43 9 11 35 24 29 15 30 6 19 37 33 5 1 28 16 14 47 21 38 26 42 
student 11: 16 25 48 50 3 33 1 49 46 19 32 41 8 38 20 17 11 5 6 31 39 26 7 22 44 24 42 45 43 14 9 36 23 29 13 27 10 12 37 35 4 2 21 18 15 47 28 40 30 34 
student 12: 11 22 48 46 2 31 5 42 44 16 36 47 3 40 20 19 17 10 1 32 39 23 6 21 45 24 43 49 41 7 4 35 25 37 15 28 9 12 34 33 8 13 27 18 14 50 26 38 29 30 
student 13: 19 23 49 45 2 28 7 48 41 20 40 38 5 36 13 14 15 8 1 27 42 32 9 22 46 26 44 47 39 10 12 43 34 33 21 30 6 17 35 31 4 3 16 18 11 50 24 37 25 29 
student 14: 18 15 41 49 5 32 4 47 43 28 39 33 7 31 20 16 12 8 3 25 44 30 10 11 45 34 40 46 38 9 17 27 26 35 21 29 2 13 42 36 1 6 23 19 14 50 22 48 24 37 
student 15: 16 19 44 50 3 34 2 47 46 21 39 40 12 32 20 7 13 11 1 29 41 23 14 27 45 28 43 48 42 8 10 38 26 35 18 31 5 15 37 30 4 6 22 17 9 49 24 36 25 33 
student 16: 10 18 46 48 3 31 4 49 44 24 39 30 9 37 22 17 16 1 2 28 36 26 13 20 45 29 41 42 47 7 12 35 25 33 19 32 6 14 43 34 5 11 27 15 8 50 23 40 21 38 
student 17: 19 17 43 48 2 30 1 50 46 22 36 41 6 38 20 16 11 9 3 32 45 29 10 21 37 27 42 44 47 12 14 34 25 33 13 28 4 15 39 31 5 8 23 18 7 49 24 40 26 35 
student 18: 6 17 40 49 1 31 4 46 48 21 38 37 10 47 18 16 20 7 2 34 42 24 14 19 43 29 44 41 45 11 13 39 22 32 28 27 3 12 33 30 5 8 25 15 9 50 23 36 26 35 
student 19: 12 19 46 47 1 29 4 49 40 21 38 39 9 35 17 16 15 3 2 33 45 32 10 23 48 25 43 44 41 5 11 31 24 34 13 30 7 14 37 28 6 8 27 20 18 50 22 42 26 36 
student 20: 11 18 44 48 3 30 5 49 42 23 41 46 9 38 21 15 14 4 1 29 40 31 13 27 45 26 36 47 39 8 12 34 24 32 20 28 7 16 37 33 6 2 22 17 10 50 19 43 25 35 
student 21: 15 23 47 50 5 29 10 48 45 16 35 37 8 32 24 14 7 3 2 28 43 30 13 27 40 41 44 46 39 9 11 36 18 33 19 26 1 22 38 31 4 6 21 20 12 49 17 42 25 34 
student 22: 13 28 49 48 2 23 3 45 41 20 40 42 8 36 19 15 14 7 1 29 43 25 12 18 50 24 47 39 46 10 11 35 27 33 21 32 4 16 38 31 5 6 30 17 9 44 26 37 22 34 
student 23: 11 20 48 50 2 31 3 49 45 21 40 37 9 38 24 18 15 7 1 29 42 28 12 26 43 23 44 47 41 8 13 34 27 35 14 30 6 10 36 33 4 5 25 19 17 46 16 39 22 32 
student 24: 11 15 48 50 3 29 2 46 47 24 45 34 7 35 12 19 17 4 1 27 37 31 16 18 43 28 42 44 39 8 13 33 30 41 23 25 9 14 36 32 5 6 21 20 10 49 26 40 22 38 
student 25: 14 23 46 48 3 32 6 49 47 20 38 42 9 37 21 18 15 7 1 29 36 28 2 24 45 27 34 40 39 10 12 44 25 35 16 33 5 13 30 31 8 4 22 19 11 50 17 43 26 41 
student 26: 10 17 45 47 2 31 3 49 46 25 34 48 11 37 27 16 18 9 1 26 41 32 6 23 39 30 43 40 42 8 15 38 24 29 12 28 7 21 36 33 4 5 14 19 13 50 20 44 22 35 
student 27: 12 19 50 44 4 29 2 48 40 17 38 39 10 34 18 14 13 6 1 36 42 30 11 23 46 26 47 43 45 5 8 33 28 37 20 25 7 16 35 32 3 9 27 22 15 49 21 41 24 31 
student 28: 14 21 46 48 1 34 7 49 45 22 38 39 5 37 16 17 12 6 2 29 41 27 11 30 44 26 42 43 47 10 13 36 25 32 18 28 9 15 35 31 4 3 24 19 8 50 20 40 23 33 
student 29: 13 18 48 49 2 32 4 46 41 25 38 42 12 35 23 10 20 5 6 29 45 28 8 22 44 31 43 47 40 7 14 37 26 33 15 27 3 16 36 30 1 9 19 11 17 50 21 39 24 34 
student 30: 20 19 45 44 8 32 3 49 48 24 35 42 12 37 22 16 14 6 1 27 40 28 13 26 46 25 43 47 41 9 7 30 21 36 18 33 4 11 38 34 2 10 23 17 5 50 15 39 29 31 
student 31: 16 18 47 49 3 30 2 48 44 19 36 41 10 33 12 20 9 4 1 29 39 24 15 25 46 28 43 45 42 8 11 34 27 40 22 31 7 14 38 32 5 6 21 17 13 50 23 37 26 35 
student 32: 18 19 42 49 1 28 10 48 40 21 44 41 6 33 23 17 8 4 3 27 38 30 13 20 45 25 39 46 47 12 9 43 31 35 15 26 5 11 37 32 2 7 24 14 16 50 29 34 22 36 
student 33: 16 21 49 48 1 30 4 45 43 14 36 39 8 41 19 17 18 5 2 29 37 28 10 25 40 34 42 44 47 11 13 31 26 33 12 24 7 15 46 32 3 6 27 20 9 50 22 35 23 38 
student 34: 12 16 41 50 4 28 2 46 47 22 43 37 5 39 23 15 13 8 1 29 38 27 14 21 48 19 42 44 45 9 11 32 25 34 17 20 7 18 36 33 3 10 30 24 6 49 26 35 31 40 
student 35: 17 24 48 49 2 32 4 47 46 16 34 37 9 30 22 13 18 8 3 31 38 15 1 20 44 29 39 45 42 11 12 43 27 36 21 26 10 14 40 33 6 5 25 19 7 50 23 41 28 35 
student 36: 16 17 50 47 3 30 2 40 46 27 36 43 14 37 21 19 11 6 4 32 39 24 9 25 45 28 42 49 44 8 13 41 15 35 12 34 1 18 38 29 5 7 22 20 10 48 23 33 26 31 
student 37: 16 20 44 46 1 31 9 49 45 23 33 41 8 40 18 15 17 2 7 28 39 21 6 24 47 30 42 48 43 4 3 35 25 34 13 32 10 14 38 27 11 12 26 19 5 50 22 37 29 36 
student 38: 14 20 47 39 6 32 2 50 46 22 37 40 12 35 19 16 13 3 1 30 43 25 10 24 45 26 41 48 49 9 11 38 23 34 17 29 8 18 42 33 7 4 21 15 5 44 31 36 28 27 
student 39: 11 23 48 50 3 27 2 49 42 21 41 43 7 33 18 16 14 8 1 34 39 31 12 24 47 26 36 45 44 15 10 37 28 30 17 29 5 13 40 35 4 6 22 19 9 46 20 38 25 32 
student 40: 14 22 45 48 3 37 1 41 49 20 38 42 6 39 18 16 15 8 4 29 40 25 10 21 47 27 43 46 44 11 12 36 31 32 17 33 5 13 30 28 2 9 26 19 7 50 24 35 23 34 
student 41: 20 16 44 47 4 21 6 48 39 25 42 46 11 38 22 14 5 1 3 32 45 36 9 23 41 30 40 43 49 13 8 31 28 33 19 29 2 15 37 34 7 12 26 17 10 50 18 35 27 24 
student 42: 14 16 46 50 2 29 3 40 48 20 37 38 9 35 22 18 7 6 1 32 39 28 12 24 42 27 45 47 44 10 11 41 26 33 17 31 5 15 30 34 4 8 23 19 13 49 21 36 25 43 
student 43: 9 16 44 49 2 34 6 50 42 22 38 40 7 31 19 15 14 8 1 33 41 30 10 29 46 25 37 45 43 11 13 32 28 39 17 23 3 26 36 27 5 4 18 20 12 47 21 35 24 48 
student 44: 13 20 39 48 2 32 4 49 45 22 25 36 7 35 21 11 15 8 1 29 41 31 9 28 47 27 42 46 44 16 3 34 23 37 14 30 6 12 38 33 5 10 26 19 18 50 17 40 24 43 
student 45: 11 19 42 48 3 28 2 46 50 24 43 38 6 35 17 20 7 12 1 31 40 32 10 23 47 27 41 44 45 13 14 33 26 36 16 30 5 15 39 34 4 9 25 18 8 49 21 37 22 29 
student 46: 11 12 45 50 2 46 3 49 47 20 32 39 4 38 22 18 10 7 1 34 35 29 6 27 44 30 40 43 41 9 14 37 25 28 17 26 8 21 42 36 5 13 24 16 15 48 19 31 23 33 
student 47: 15 20 50 46 1 33 2 48 47 17 43 39 9 29 16 18 13 8 3 30 41 27 11 24 44 28 40 45 42 6 14 37 25 31 10 34 4 22 36 32 5 12 23 19 7 49 21 38 26 35 
student 48: 7 18 48 45 3 28 6 47 49 14 38 42 5 35 22 16 13 10 1 27 41 34 19 23 44 29 39 46 43 11 9 31 26 33 21 37 4 15 36 30 2 8 25 17 12 50 20 40 24 32 
student 49: 10 20 45 47 3 35 7 50 42 19 34 39 5 36 25 17 12 8 2 30 40 31 14 26 46 27 43 49 44 9 11 41 29 32 16 23 1 15 37 28 4 6 22 18 24 48 13 38 21 33 
student 50: 12 17 48 43 4 29 2 49 39 27 35 36 8 32 18 14 13 3 1 34 40 21 10 25 44 22 41 45 47 5 9 38 26 46 19 28 7 24 33 37 6 16 23 15 11 50 20 42 30 31 
student 51: 17 18 44 50 1 34 2 48 40 22 41 37 10 35 20 16 14 3 4 32 45 25 7 21 46 26 43 47 42 11 12 36 29 33 19 30 6 13 38 27 5 9 23 15 8 49 24 39 28 31 
student 52: 14 17 50 47 2 29 9 48 46 21 42 35 7 39 22 10 11 5 1 28 38 31 12 24 40 27 44 45 43 4 13 36 26 34 19 32 3 15 41 30 6 16 20 23 8 49 18 37 25 33 
student 53: 12 23 50 47 4 30 5 48 45 21 41 37 10 35 34 15 14 6 1 29 39 28 11 19 40 33 44 42 49 9 13 22 24 38 17 32 3 16 43 26 2 7 27 20 8 46 18 36 25 31 
student 54: 20 16 46 48 7 28 2 49 44 18 37 39 6 36 32 15 12 11 1 33 42 27 9 22 47 25 45 43 41 8 13 38 24 34 17 26 4 14 35 31 3 5 23 21 10 50 19 40 30 29 
student 55: 12 19 47 46 6 32 2 50 43 22 36 39 7 33 18 14 13 5 1 28 42 34 17 20 40 24 48 45 44 9 10 35 29 31 16 30 4 11 37 26 3 15 21 25 8 49 27 41 23 38 
student 56: 18 24 49 45 4 33 3 47 44 25 41 38 9 39 19 17 11 7 2 23 42 27 12 29 50 28 40 46 43 1 10 36 26 32 20 31 8 14 37 30 5 6 21 16 15 48 22 34 13 35 
student 57: 10 18 48 49 1 24 3 47 45 22 37 44 6 33 21 14 12 4 2 34 42 30 7 32 46 26 39 41 43 8 16 31 20 29 19 28 9 17 36 35 5 11 15 23 13 50 25 40 27 38 
student 58: 10 19 44 49 4 29 1 47 48 13 38 39 15 37 22 16 11 6 2 30 41 23 12 24 46 31 50 42 43 20 9 33 26 34 14 32 5 8 35 25 3 7 18 17 21 45 27 40 28 36 
student 59: 12 26 46 49 1 35 2 48 45 17 39 41 7 34 21 15 11 6 5 33 38 22 13 27 44 20 42 47 43 8 10 24 30 31 16 29 3 14 36 25 4 18 32 23 9 50 19 40 28 37 
student 60: 12 16 47 48 8 30 1 46 43 20 40 38 11 36 18 21 5 6 2 29 41 28 9 22 49 27 42 44 45 10 13 35 26 33 15 31 4 17 37 32 3 7 25 24 14 50 19 39 23 34 
student 61: 13 15 44 50 5 35 1 48 43 19 36 41 9 42 25 17 11 10 3 31 46 23 6 29 39 30 47 49 40 8 16 32 28 27 18 34 2 20 38 26 4 7 22 14 12 45 21 37 24 33 
student 62: 10 20 48 49 4 30 3 45 46 17 40 38 6 37 24 21 14 5 1 34 41 25 11 27 43 26 39 47 44 8 13 35 23 31 15 22 2 18 33 29 9 7 32 16 12 50 19 42 28 36 
student 63: 16 28 45 50 5 33 3 49 46 13 36 40 2 35 18 20 14 11 1 29 37 27 9 23 42 26 38 47 43 6 12 31 25 39 17 30 7 15 44 32 4 8 22 19 10 48 21 34 24 41 
student 64: 15 19 45 44 2 25 4 47 48 22 41 37 7 36 21 16 12 6 3 23 42 32 13 17 46 26 39 50 43 5 11 33 30 34 27 28 8 10 38 31 1 9 29 18 14 49 20 40 24 35 
student 65: 11 21 45 49 3 28 6 50 43 23 39 40 9 34 22 17 12 5 1 35 41 30 10 19 47 25 42 46 44 4 16 33 27 36 24 29 2 14 37 31 8 7 26 18 13 48 20 38 15 32 
student 66: 18 20 49 50 1 28 5 47 45 19 36 38 8 44 21 14 9 13 3 30 37 34 12 25 39 27 41 46 43 11 10 35 26 32 16 29 2 17 42 31 4 6 22 15 7 48 24 40 23 33 
student 67: 18 19 44 50 3 28 7 49 46 23 45 42 9 37 15 20 14 5 2 27 34 29 12 22 47 26 41 40 48 11 8 36 31 32 16 25 4 10 39 33 1 6 24 17 13 43 21 35 30 38 
student 68: 15 17 50 48 1 29 5 47 43 21 38 39 8 35 20 13 16 7 2 24 44 28 9 25 42 30 41 46 45 6 14 34 27 36 12 33 3 19 40 31 4 10 23 18 11 49 22 37 26 32 
student 69: 12 19 47 48 1 34 3 49 44 26 31 41 2 36 17 21 11 7 5 32 37 27 4 24 43 23 42 45 46 13 14 38 20 29 25 28 6 15 39 30 10 9 35 16 8 50 18 40 22 33 
student 70: 14 27 50 49 4 29 2 48 46 21 34 39 7 40 17 20 13 5 1 32 38 31 8 18 43 25 41 47 44 11 12 42 28 36 15 26 6 16 37 33 3 9 23 22 10 45 19 30 24 35 
student 71: 14 21 48 49 3 29 8 47 45 19 37 33 6 35 18 12 15 1 4 36 46 27 7 23 44 28 42 43 39 10 13 41 24 32 16 31 5 17 38 30 2 11 22 25 9 50 20 40 26 34 
student 72: 13 23 49 48 2 29 4 46 41 20 37 35 5 40 19 15 11 10 3 27 45 31 9 24 47 26 34 44 43 12 7 38 28 32 18 33 8 14 39 30 1 6 22 17 16 50 21 42 25 36 
student 73: 9 22 48 47 1 32 8 50 45 18 36 41 10 42 20 17 13 7 4 29 37 28 11 24 39 27 44 46 38 3 16 31 26 35 19 34 5 15 33 43 2 14 21 6 12 49 23 40 25 30 
student 74: 15 17 43 46 2 29 7 48 45 21 37 39 14 32 26 20 16 4 1 28 47 23 8 24 44 25 41 49 42 6 13 38 30 35 11 36 3 9 33 34 5 10 22 18 12 50 19 40 27 31 
student 75: 16 21 47 50 2 30 3 49 46 20 33 38 10 32 18 14 13 6 9 34 39 28 12 23 43 29 42 45 44 7 8 37 27 41 17 26 5 15 40 35 1 4 22 19 11 48 25 36 24 31 
student 76: 10 18 45 48 3 31 2 43 41 25 33 38 7 40 20 16 13 8 1 29 39 28 17 27 46 24 44 47 50 11 9 35 21 34 14 30 4 15 37 36 5 6 23 19 12 49 22 42 26 32 
student 77: 14 23 46 50 3 38 2 47 39 22 36 42 9 35 25 13 12 5 1 31 43 30 10 19 45 28 44 48 40 6 11 29 27 34 15 17 7 16 37 32 4 8 26 20 18 49 24 41 21 33 
student 78: 15 19 44 49 2 46 1 45 42 22 38 40 12 37 21 11 14 9 3 34 39 18 10 25 47 32 41 48 43 7 6 26 29 33 17 31 5 20 30 24 4 8 28 23 13 50 16 35 27 36 
student 79: 13 17 50 45 3 34 5 48 41 24 42 39 10 37 20 11 15 7 1 32 47 27 8 26 49 29 40 44 46 9 14 35 23 31 18 30 2 16 38 28 4 6 19 25 12 43 21 36 22 33 
student 80: 14 17 47 49 11 34 6 50 43 20 41 48 8 35 21 13 15 2 1 29 42 33 10 25 40 28 44 45 38 5 12 32 31 26 18 27 4 19 37 30 3 9 24 16 7 46 22 39 23 36 
student 81: 15 18 49 48 1 31 4 45 43 23 40 44 8 32 22 13 16 5 2 35 42 24 11 25 38 26 41 50 46 6 12 37 30 33 17 28 7 14 39 36 3 9 27 19 10 47 21 34 20 29 
student 82: 12 19 47 50 6 29 3 48 49 22 37 41 2 40 27 17 14 4 1 30 36 24 13 21 44 28 43 45 42 8 10 39 23 31 20 35 9 16 38 32 11 7 25 15 5 46 18 34 26 33 
student 83: 1 20 46 50 3 39 5 49 45 21 35 40 6 43 23 19 14 8 2 30 44 27 12 24 42 34 36 47 41 11 15 32 29 31 13 28 4 18 38 26 9 7 22 16 10 48 17 37 25 33 
student 84: 13 18 46 50 1 43 2 48 47 21 37 39 9 34 20 15 17 5 3 28 41 32 8 25 45 27 42 44 40 12 11 35 31 36 16 26 6 10 30 29 4 7 22 19 14 49 24 38 23 33 
student 85: 18 21 41 49 5 32 1 48 47 16 37 44 10 40 15 12 11 6 3 27 38 31 8 24 43 28 39 45 46 7 20 29 26 42 17 34 2 13 36 33 4 14 22 19 9 50 23 35 25 30 
student 86: 11 23 43 45 3 31 4 48 49 26 35 37 8 40 20 18 17 7 2 29 41 30 9 25 42 33 44 50 47 10 14 32 24 38 19 22 6 15 39 34 1 5 16 13 12 46 21 36 27 28 
student 87: 11 21 49 44 3 25 4 42 48 27 39 36 13 35 23 15 12 9 1 26 43 29 10 28 41 24 45 46 47 6 14 37 19 34 2 32 5 18 31 33 7 8 22 16 17 50 20 40 30 38 
student 88: 12 20 47 48 3 36 8 49 43 22 40 39 9 32 24 13 17 4 2 31 42 25 6 27 41 26 45 46 44 10 14 37 28 29 16 30 7 15 38 35 5 1 19 18 11 50 23 34 21 33 
student 89: 12 18 44 47 3 30 4 49 46 22 42 41 6 34 15 13 14 2 1 28 43 26 9 21 40 25 45 48 37 10 11 33 27 32 19 38 8 16 35 36 7 5 24 23 17 50 20 31 29 39 
student 90: 9 19 47 48 1 34 2 49 44 23 38 43 11 35 21 12 8 5 4 39 41 27 14 26 45 29 40 46 42 13 10 33 25 32 15 28 6 16 36 31 3 7 24 18 17 50 20 37 22 30 
student 91: 13 24 43 50 7 30 2 48 45 20 40 38 9 36 21 15 17 4 5 28 41 23 12 22 44 26 46 47 42 8 11 35 25 29 18 34 10 14 37 32 1 3 31 19 6 49 16 39 27 33 
student 92: 10 19 46 49 3 29 2 47 45 20 43 30 7 38 17 16 8 5 1 34 39 28 13 26 42 27 40 48 44 9 14 32 24 33 12 35 21 18 37 31 4 6 22 11 15 50 25 41 23 36 
student 93: 20 26 48 49 6 33 2 50 45 24 40 42 11 38 18 21 13 5 1 27 43 29 8 22 41 30 37 47 44 10 9 35 23 34 16 31 4 12 39 28 3 7 19 14 15 46 17 36 25 32 
student 94: 16 21 43 46 1 35 2 50 44 23 40 33 10 38 22 17 15 8 4 28 36 29 3 20 41 27 48 49 45 5 12 31 25 39 14 30 7 13 42 32 6 11 19 18 9 47 24 37 26 34 
student 95: 13 25 48 45 4 23 1 47 43 21 44 36 6 40 18 17 16 5 3 27 41 26 8 29 42 30 49 39 38 10 15 35 24 32 28 31 9 14 37 33 2 7 19 12 11 50 22 46 20 34 
student 96: 15 19 46 45 2 33 4 50 49 20 35 44 12 40 21 18 17 7 3 27 39 28 14 24 41 31 43 42 47 6 9 34 25 32 10 30 5 13 36 26 1 8 23 16 11 48 22 37 29 38 
student 97: 23 22 50 47 2 27 5 45 43 20 32 46 6 41 18 15 16 3 1 30 49 28 8 24 37 29 34 44 42 4 11 36 25 35 12 38 13 10 40 33 7 9 17 19 14 48 21 39 26 31 
student 98: 13 20 47 49 2 28 4 40 45 21 42 37 14 38 18 17 15 7 3 35 43 22 9 25 48 30 44 46 33 12 8 39 27 36 10 29 5 16 32 31 1 6 24 19 11 50 23 41 26 34 
student 99: 15 21 46 48 3 32 2 44 43 18 38 42 17 35 22 14 20 4 1 28 47 27 7 19 45 26 41 49 39 6 13 40 24 33 16 29 8 11 36 34 9 5 25 12 10 50 23 37 30 31 
student 100: 15 18 45 50 2 32 4 48 47 24 38 39 6 31 17 22 14 3 5 36 43 27 9 19 40 29 41 49 44 13 10 37 28 34 12 30 8 16 33 25 1 7 23 20 11 46 21 42 26 35 
student 101: 10 21 49 36 1 29 2 50 44 16 39 40 8 38 25 13 12 7 3 26 43 32 19 27 47 30 42 46 45 14 11 37 24 33 15 28 6 23 35 31 4 9 20 17 5 48 18 41 22 34 
student 102: 11 19 42 47 2 26 3 50 45 17 38 39 6 37 20 15 13 7 1 29 41 33 9 21 43 28 46 49 44 10 14 35 30 36 16 34 8 12 31 32 4 5 24 23 18 48 22 40 25 27 
student 103: 11 19 45 46 4 32 10 49 41 25 43 39 5 34 20 18 14 1 6 26 40 24 15 31 47 23 37 48 44 8 16 42 27 28 12 30 3 13 36 33 7 2 22 17 9 50 29 38 21 35 
student 104: 12 17 47 44 3 28 2 50 45 24 41 40 4 38 23 14 13 7 1 26 42 30 9 22 46 25 39 48 36 11 16 31 27 35 19 33 8 15 43 37 5 6 21 20 10 49 18 32 29 34 
student 105: 11 20 50 48 1 37 7 44 47 22 36 46 10 42 15 14 19 4 2 27 35 30 17 25 43 29 32 45 40 6 9 38 23 33 18 28 3 13 39 31 5 8 24 16 12 49 21 41 26 34 
student 106: 12 21 48 49 1 29 7 46 42 20 36 40 6 37 23 17 15 5 2 31 43 25 9 26 41 30 45 44 47 14 13 35 24 32 18 27 4 16 38 34 3 8 19 11 10 50 22 39 28 33 
student 107: 13 21 44 46 1 32 4 50 48 23 38 42 8 36 19 14 17 7 5 31 49 33 11 22 45 24 37 43 39 9 12 30 25 29 15 28 2 18 40 35 3 6 20 16 10 47 27 41 26 34 
student 108: 13 19 50 49 3 30 4 47 42 21 37 38 1 35 20 16 14 5 2 28 45 33 12 22 43 31 41 44 46 10 11 36 25 29 17 27 6 18 39 32 8 9 23 15 7 48 26 40 24 34 
student 109: 5 18 47 46 1 28 6 44 50 23 38 35 3 43 21 20 15 4 2 36 45 26 11 22 41 31 42 48 40 9 13 32 25 33 16 29 8 14 37 30 7 10 19 17 12 49 27 39 24 34 
student 110: 10 15 49 48 7 30 9 46 43 14 38 37 2 34 23 17 21 4 1 33 40 25 12 24 39 29 44 47 42 6 13 35 20 36 22 26 3 11 45 31 16 5 28 18 8 50 27 41 19 32 
student 111: 14 16 43 47 3 35 2 48 45 19 39 44 11 37 21 20 18 5 1 32 46 30 13 23 42 28 41 49 36 12 10 34 25 29 15 27 8 17 40 31 6 9 24 4 7 50 22 38 26 33 
student 112: 14 18 46 49 2 30 1 50 47 19 36 41 5 35 21 12 17 7 4 31 39 29 11 24 44 26 42 45 43 8 20 37 27 33 15 28 10 9 38 32 3 6 16 22 13 48 25 40 23 34 
student 113: 10 18 43 47 1 32 5 46 45 22 37 39 6 35 19 16 15 3 2 34 48 30 14 21 50 31 40 42 44 8 13 29 25 28 20 26 7 11 36 33 4 9 24 17 12 49 23 41 27 38 
student 114: 8 24 46 50 3 37 4 49 41 34 31 38 10 36 18 17 15 6 1 27 45 29 12 20 39 22 44 47 43 7 14 42 25 30 13 28 5 19 35 33 2 9 16 26 11 48 23 40 21 32 
student 115: 14 24 46 47 6 34 5 48 44 25 33 42 3 50 23 10 15 11 2 26 45 30 12 28 41 20 38 43 40 13 9 36 19 31 17 29 7 18 35 32 4 1 27 16 8 49 21 37 22 39 
student 116: 16 25 49 50 6 29 8 45 36 19 37 35 9 39 22 20 11 3 4 38 42 31 14 24 44 23 41 46 48 1 10 34 26 30 13 32 5 12 43 27 2 7 21 17 15 47 18 40 28 33 
student 117: 15 17 46 45 3 31 2 49 44 22 40 36 8 37 19 18 12 7 1 29 42 30 11 20 47 25 43 50 41 4 14 34 28 33 21 24 5 13 38 32 6 9 23 16 10 48 27 39 26 35 
student 118: 14 21 45 48 5 32 1 47 46 12 39 41 8 38 13 16 15 3 4 27 42 25 9 19 50 28 36 43 44 10 11 34 26 30 23 37 6 18 35 31 2 7 22 20 17 49 29 40 24 33 
student 119: 15 13 42 45 4 28 1 48 49 17 35 38 8 34 18 25 12 5 2 29 46 31 7 30 39 33 41 44 47 14 10 43 24 32 19 26 6 20 36 27 3 9 22 16 11 50 21 40 23 37 
student 120: 17 12 46 48 3 24 4 47 44 21 40 38 10 30 20 18 15 5 1 29 42 32 8 25 45 28 41 50 39 11 13 37 26 33 19 34 7 9 43 35 6 2 22 16 14 49 23 36 27 31 
student 121: 21 24 44 46 7 31 1 49 47 20 42 37 6 40 15 18 12 3 4 27 41 25 11 28 45 17 43 48 36 9 19 34 30 33 13 29 5 10 38 35 2 8 23 16 14 50 22 39 26 32 
student 122: 15 20 46 48 3 30 9 47 45 23 38 39 11 37 21 18 16 7 2 29 40 26 6 27 41 32 43 49 44 10 13 35 28 34 14 19 4 12 36 33 1 5 25 17 8 50 24 42 22 31 
student 123: 13 23 49 47 1 30 3 50 46 20 38 36 10 34 22 17 12 8 6 32 43 31 5 26 44 27 42 41 45 9 11 33 18 35 19 28 7 16 29 39 2 4 24 21 14 48 15 40 25 37 
student 124: 12 13 47 48 3 29 5 50 44 19 33 39 9 32 23 14 17 2 1 30 40 28 10 22 46 27 45 42 43 4 8 36 24 31 16 34 7 20 37 35 6 11 21 18 15 49 25 41 26 38 
student 125: 15 24 46 48 4 32 5 47 45 19 35 42 3 34 20 18 22 12 2 37 40 27 1 17 44 29 41 50 43 9 11 39 25 30 14 36 6 13 33 28 10 8 21 16 7 49 26 38 23 31 
student 126: 15 18 50 49 4 24 1 48 44 20 37 40 9 29 21 14 5 7 3 35 38 27 10 23 43 31 41 46 45 11 17 39 25 34 22 32 6 13 36 33 2 8 28 16 12 47 26 42 19 30 
student 127: 17 18 44 43 2 29 4 49 47 20 36 42 6 35 13 12 15 11 1 34 37 26 8 23 48 27 41 45 46 7 14 38 30 31 16 32 10 25 33 28 3 5 19 21 9 50 22 40 24 39 
student 128: 9 22 50 48 1 18 3 47 38 28 40 42 8 39 23 17 14 15 6 24 49 34 12 25 35 29 36 44 46 2 7 33 19 37 13 27 4 16 43 31 10 5 26 20 11 45 21 41 30 32 
student 129: 7 17 48 49 4 30 8 44 46 21 36 37 10 43 20 13 14 2 1 23 38 35 9 27 45 24 42 47 39 5 15 33 28 34 19 29 11 18 40 31 6 3 22 25 12 50 16 41 26 32 
student 130: 11 19 44 48 5 32 6 50 42 26 33 37 12 39 22 16 10 3 1 31 41 13 20 24 45 27 43 47 46 4 15 40 23 34 18 29 9 17 36 30 2 7 21 14 8 49 25 38 28 35 
student 131: 16 20 47 46 3 34 2 49 44 23 36 42 8 35 17 18 7 5 1 28 30 26 6 25 43 27 45 50 40 14 12 32 29 33 13 37 9 10 38 31 4 11 22 19 15 48 21 41 24 39 
student 132: 14 22 47 44 3 28 5 49 45 18 31 38 7 37 29 16 20 6 2 27 41 26 10 19 42 25 46 48 43 9 12 35 34 33 13 30 4 17 40 32 1 8 23 15 11 50 21 39 24 36 
student 133: 16 17 47 48 6 21 4 50 44 22 37 40 9 35 27 13 15 10 1 32 41 26 8 28 46 23 43 45 42 11 5 31 24 39 18 29 3 12 34 33 7 2 25 20 14 49 19 36 30 38 
student 134: 10 12 46 42 4 30 3 47 45 25 48 40 6 39 24 14 18 1 2 31 38 28 11 22 41 26 33 50 44 7 16 37 20 35 17 29 9 21 32 34 5 13 23 15 8 49 19 43 27 36 
student 135: 10 23 50 45 3 31 5 43 42 18 32 44 4 35 16 11 17 7 1 30 37 27 14 21 39 22 47 48 46 6 13 33 36 34 19 28 2 15 38 29 8 9 24 26 12 49 20 41 25 40 
student 136: 17 22 50 47 7 32 1 46 49 21 38 35 3 31 19 12 11 9 2 24 43 30 4 26 44 27 42 40 48 10 8 37 23 36 14 34 5 20 41 28 6 13 25 16 15 45 18 33 29 39 
student 137: 14 10 44 50 2 34 1 48 46 24 31 41 6 40 20 19 16 7 4 26 36 30 9 18 47 27 43 45 42 13 15 37 22 32 29 23 3 12 35 33 8 5 28 17 11 49 25 39 21 38 
student 138: 15 18 40 48 4 33 3 49 38 22 37 42 5 35 17 21 16 6 7 32 43 30 2 20 47 26 45 46 44 8 9 31 25 36 13 27 11 19 28 34 1 12 24 14 10 50 23 39 29 41 
student 139: 15 22 50 47 1 30 5 46 43 19 42 31 8 36 20 16 11 13 2 25 34 27 7 29 44 23 48 37 45 12 9 33 35 39 17 38 4 14 40 26 3 6 24 18 10 49 21 41 28 32 
student 140: 15 23 44 46 1 34 3 49 47 19 26 42 9 36 18 13 12 2 5 28 41 29 14 25 31 37 43 48 45 6 11 35 27 30 16 32 7 20 38 33 4 8 21 22 10 50 17 39 24 40 
student 141: 19 23 47 49 3 31 2 48 46 17 41 40 9 45 15 13 10 6 1 38 44 29 14 22 39 24 37 42 43 12 11 36 28 30 8 27 4 20 32 33 5 7 25 21 16 50 18 35 26 34 
student 142: 15 21 48 50 1 37 6 43 47 24 40 36 10 33 19 13 14 8 3 29 39 32 7 22 44 27 45 46 42 9 11 31 28 35 17 30 5 18 38 34 4 2 20 16 12 49 26 41 23 25 
student 143: 8 20 49 50 2 31 3 45 46 21 39 30 9 36 18 7 16 4 1 29 40 32 10 22 47 34 42 48 44 5 13 37 23 38 17 26 15 12 41 28 6 11 25 19 14 43 24 33 27 35 
student 144: 11 23 49 45 1 36 3 50 47 19 40 42 7 28 17 15 14 4 2 30 34 24 8 26 46 29 39 48 41 5 13 37 27 32 18 35 6 16 33 38 12 10 22 20 9 44 21 43 25 31 
student 145: 11 26 49 48 3 34 2 50 46 19 40 37 10 38 18 17 9 7 1 22 39 32 13 23 44 31 42 47 43 12 14 36 25 33 16 28 4 15 30 27 5 8 20 21 6 45 29 41 24 35 
student 146: 9 19 49 48 2 31 4 44 43 21 39 42 7 45 23 18 13 5 1 28 37 29 8 22 46 26 38 47 41 10 11 36 24 35 17 30 6 15 32 33 3 12 25 16 14 50 20 40 27 34 
student 147: 11 18 48 50 2 29 4 49 43 22 37 40 5 41 20 16 12 9 1 30 39 27 6 23 42 28 45 44 46 10 15 33 25 35 14 31 3 17 34 32 7 8 26 19 13 47 21 38 24 36 
student 148: 15 19 46 49 2 25 3 48 45 18 38 40 13 29 17 23 14 4 1 30 42 27 8 28 44 22 43 47 41 11 6 35 26 31 7 32 10 9 36 34 5 12 20 16 21 50 24 37 39 33 
student 149: 12 23 49 50 2 32 3 43 44 28 34 48 11 38 22 18 14 10 1 30 40 29 6 26 47 27 42 45 41 8 13 35 24 33 21 25 7 15 31 37 9 5 20 17 4 46 16 39 19 36 
student 150: 7 22 49 47 10 28 3 46 45 26 40 39 9 35 24 18 21 11 1 34 41 27 15 16 43 25 42 48 44 8 12 31 30 32 14 33 4 13 37 36 2 6 19 17 5 50 20 38 23 29 
student 151: 10 19 48 45 6 30 2 44 49 20 37 43 11 38 21 18 12 5 1 28 39 22 9 29 47 26 42 46 41 7 13 34 24 35 16 31 8 15 36 33 4 14 25 17 3 50 23 40 27 32 
student 152: 14 17 43 48 3 26 2 45 50 22 41 38 8 35 19 11 18 4 1 30 40 33 16 21 46 27 44 47 42 12 13 32 25 31 15 29 7 10 37 36 5 6 24 20 9 49 23 39 28 34 
student 153: 15 17 50 45 2 37 4 44 47 23 36 46 9 32 19 21 11 8 3 29 39 27 13 26 43 28 40 48 41 12 7 34 25 30 16 31 6 18 42 33 5 1 20 14 10 49 24 38 22 35 
student 154: 10 20 46 50 2 25 3 45 43 23 38 41 4 37 21 14 11 7 1 29 40 27 13 22 49 28 42 44 47 12 18 30 26 33 19 34 5 17 35 31 6 9 24 16 8 48 15 39 32 36 
student 155: 15 17 48 49 4 33 6 47 46 22 38 39 8 36 21 18 16 5 2 27 41 30 9 26 43 20 44 42 45 10 11 35 29 32 19 28 3 13 37 31 1 7 23 14 12 50 25 40 24 34 
student 156: 15 16 38 49 1 34 4 48 46 23 39 43 9 40 21 20 14 5 3 26 36 18 13 22 45 30 50 44 41 11 8 35 27 32 17 29 7 12 37 31 2 6 25 19 10 47 24 42 28 33 
student 157: 16 15 49 50 4 34 2 47 43 21 33 42 7 31 26 19 20 11 1 29 40 22 8 25 45 24 46 48 41 3 5 37 23 35 18 27 9 14 39 32 6 10 28 13 12 44 17 36 30 38 
student 158: 2 19 48 45 5 36 4 43 46 20 41 37 11 38 18 16 17 10 1 35 40 31 6 21 47 26 39 50 44 9 13 32 27 33 15 30 3 14 29 28 8 7 22 23 12 49 24 42 25 34 
student 159: 8 18 47 49 2 32 3 50 43 20 40 37 9 35 19 17 12 6 1 33 42 31 11 27 46 26 41 45 39 4 14 25 22 34 21 24 10 15 38 28 5 7 30 23 13 48 16 44 29 36 
student 160: 9 16 48 50 2 32 3 46 44 21 35 37 11 38 17 15 13 4 1 28 41 26 12 25 49 24 40 43 45 10 18 36 29 34 19 31 6 14 42 33 5 8 22 20 7 47 27 39 23 30 
student 161: 13 19 46 49 3 29 4 48 45 20 40 41 9 37 24 18 25 2 1 28 34 31 12 22 44 26 42 47 43 10 14 38 21 36 11 32 6 15 39 33 5 8 23 17 7 50 16 35 27 30 
student 162: 8 15 46 50 1 25 3 49 42 22 37 41 7 32 19 17 12 5 2 31 29 30 24 26 44 27 38 45 40 9 10 48 23 33 14 39 6 13 43 34 4 11 28 16 20 47 18 36 21 35 
student 163: 11 22 44 50 4 32 8 47 40 21 43 36 5 38 27 17 13 6 1 24 41 23 9 26 45 20 42 48 46 15 10 34 30 35 16 31 2 14 39 33 3 7 25 19 12 49 18 37 28 29 
student 164: 16 20 48 49 2 31 1 47 45 17 38 34 11 37 22 12 18 13 3 33 39 28 14 27 43 6 41 46 42 7 9 35 26 36 15 29 8 21 44 30 4 5 25 19 10 50 23 40 24 32 
student 165: 10 15 47 49 7 30 1 50 43 22 42 35 11 39 21 17 13 24 4 28 48 29 9 16 40 26 38 45 44 6 12 31 25 36 18 33 5 14 34 32 2 3 20 19 8 46 23 41 27 37 
student 166: 11 20 43 45 2 32 3 44 49 26 38 33 8 40 19 13 14 10 1 30 39 25 6 23 47 31 42 48 46 9 17 37 27 34 15 28 5 16 36 35 4 7 21 18 12 50 22 41 24 29 
student 167: 14 19 39 42 5 24 4 49 45 11 35 41 10 40 21 15 16 7 3 37 38 20 8 23 47 32 46 48 44 9 13 36 26 28 17 33 6 22 43 34 1 2 29 25 12 50 18 31 27 30 
student 168: 16 17 49 46 6 27 8 45 43 21 35 42 9 36 12 15 19 3 5 31 41 29 10 26 47 25 40 48 44 4 14 38 24 30 20 22 1 11 37 28 2 7 23 18 13 50 32 39 33 34 
student 169: 13 16 47 48 6 30 2 44 43 23 39 41 11 37 21 12 15 7 1 32 36 29 4 18 45 22 42 49 40 8 14 35 25 31 19 28 5 20 38 33 3 9 27 17 10 50 24 46 26 34 
student 170: 11 23 46 49 3 36 2 45 42 22 43 41 7 33 20 15 13 9 1 27 39 29 14 25 50 21 40 44 47 4 12 34 28 31 17 38 6 16 35 26 5 8 24 19 10 48 18 37 32 30 
student 171: 16 17 50 48 6 33 3 49 47 21 39 41 12 31 14 15 20 10 4 32 37 27 13 24 44 29 42 46 43 18 11 40 25 35 19 30 7 8 34 38 5 2 22 9 1 45 23 36 28 26 
student 172: 5 20 47 49 1 28 7 48 42 25 38 45 10 33 22 19 11 8 2 36 41 27 13 24 39 26 43 46 40 12 14 35 30 32 21 23 6 17 37 31 3 4 29 15 9 50 18 44 16 34 
student 173: 13 20 46 47 5 29 1 45 43 21 34 39 9 32 19 16 14 6 3 30 42 31 10 27 48 28 49 44 41 7 11 37 24 35 17 26 2 18 40 33 8 4 23 15 12 50 22 38 25 36 
student 174: 11 19 45 38 6 31 8 48 50 21 40 44 3 35 23 18 12 1 5 28 49 25 17 27 43 30 39 47 46 9 10 33 26 32 15 29 4 16 37 36 2 7 24 22 13 41 14 42 20 34 
student 175: 10 19 45 49 5 30 1 50 43 22 36 39 3 41 20 16 13 4 2 34 47 25 18 27 42 23 38 46 44 8 12 35 24 32 15 29 11 17 33 31 6 7 28 14 9 48 26 40 21 37 
student 176: 16 21 49 48 1 26 4 47 44 22 33 46 9 35 18 34 12 7 2 29 41 25 11 24 37 27 43 39 45 10 5 32 23 36 15 30 6 14 38 31 3 8 20 19 13 50 17 42 28 40 
student 177: 13 24 48 49 4 31 2 46 39 19 40 37 9 38 21 18 17 6 3 29 44 27 12 22 43 30 47 45 41 7 5 32 23 28 16 33 8 15 42 35 1 10 26 14 11 50 25 36 20 34 
student 178: 8 18 48 49 2 31 5 46 45 21 40 42 13 38 19 14 16 4 1 30 41 27 15 22 43 28 39 47 44 7 10 37 29 32 23 25 11 17 34 33 3 6 26 20 9 50 12 36 24 35 
student 179: 14 20 47 48 17 29 3 45 44 22 40 38 13 36 21 19 11 7 4 32 42 25 9 28 43 27 41 46 49 2 5 35 23 34 15 26 1 10 37 33 8 6 24 16 12 50 18 39 30 31 
student 180: 18 22 49 48 3 31 2 47 44 25 33 37 8 36 13 20 12 5 4 38 39 28 9 26 45 29 41 43 42 10 11 40 27 30 19 24 1 15 46 32 6 7 23 16 14 50 21 34 17 35 
student 181: 16 17 45 50 1 32 6 48 44 20 40 41 2 37 19 12 18 14 5 30 42 31 11 23 46 28 38 47 43 10 13 35 26 33 15 29 8 9 36 27 4 3 21 24 7 49 22 39 25 34 
student 182: 11 18 44 50 3 34 1 47 48 30 39 37 4 35 22 20 13 6 2 31 40 32 10 25 45 26 42 49 43 7 12 36 21 28 15 29 5 14 38 27 9 8 24 17 16 46 19 41 23 33 
student 183: 12 25 47 50 5 34 10 49 43 21 31 41 9 38 18 20 14 7 2 29 32 24 13 17 42 33 44 48 46 11 4 40 26 36 16 35 1 15 39 30 8 3 27 19 6 45 22 37 23 28 
student 184: 12 18 47 49 2 29 5 50 44 22 41 39 8 32 21 16 13 6 1 37 42 28 10 25 40 27 43 46 45 11 14 34 26 35 19 30 3 15 33 31 9 7 24 17 4 48 23 38 20 36 
student 185: 14 26 50 46 1 32 2 44 49 20 40 39 12 38 19 6 16 8 9 33 41 30 11 23 43 22 42 48 45 5 15 36 29 31 17 25 4 13 34 27 3 10 24 18 7 47 21 37 28 35 
student 186: 10 19 48 49 1 24 2 46 45 21 35 41 8 42 18 14 6 9 5 29 38 28 11 23 44 31 40 47 43 12 16 34 26 33 15 32 3 13 39 30 4 7 25 22 17 50 20 36 27 37 
student 187: 16 21 43 47 5 31 3 50 48 20 40 42 8 39 19 14 13 6 1 24 45 28 10 25 38 30 41 46 44 9 15 33 26 37 18 29 2 17 32 36 4 7 27 12 11 49 23 35 22 34 
student 188: 13 21 49 45 3 29 6 47 43 22 39 40 7 30 19 17 14 8 1 32 38 31 10 24 46 28 42 41 44 5 12 37 26 35 18 27 4 15 34 33 2 9 23 16 11 50 20 48 25 36 
student 189: 13 17 46 50 1 35 9 47 44 21 37 38 8 34 19 15 16 2 3 28 39 25 11 26 43 29 40 49 42 12 4 36 24 32 20 27 7 6 41 30 10 5 23 18 14 48 22 45 31 33 
student 190: 16 14 48 49 1 36 2 47 45 20 43 40 9 37 32 19 17 5 6 28 35 29 10 21 44 26 42 46 41 15 13 38 25 30 11 33 4 7 34 27 8 3 24 18 12 50 22 39 23 31 
student 191: 15 20 46 48 6 30 3 50 42 21 36 39 14 34 13 8 10 2 1 31 45 28 11 24 44 29 40 47 43 12 16 41 27 32 19 26 7 18 37 35 4 9 25 17 5 49 22 38 23 33 
student 192: 14 21 49 47 2 36 4 50 45 15 37 42 7 32 17 18 13 8 1 35 46 27 10 24 39 30 44 48 43 11 12 33 28 38 20 31 3 16 34 29 9 5 23 19 6 41 26 40 25 22 
student 193: 20 23 48 49 4 32 6 50 37 19 36 39 5 38 13 12 11 1 2 30 47 28 16 21 43 27 41 44 46 14 15 35 26 31 18 29 8 9 42 33 3 7 24 17 10 45 25 34 22 40 
student 194: 21 18 44 49 5 30 2 50 45 22 40 39 6 36 16 17 10 3 1 27 37 32 7 23 46 28 42 47 43 9 14 34 26 35 13 29 4 12 38 25 8 11 20 15 19 48 24 41 31 33 
student 195: 10 24 45 47 2 29 4 34 49 13 40 43 12 36 19 16 11 1 3 32 41 26 8 21 44 23 42 48 46 14 17 39 30 38 20 28 5 15 37 35 6 9 27 18 7 50 25 33 22 31 
student 196: 12 20 49 50 3 31 6 42 46 18 37 41 8 35 23 15 16 2 5 25 40 30 10 27 45 22 44 48 43 9 11 36 19 32 21 24 1 13 38 34 4 7 28 17 14 47 26 39 29 33 
student 197: 13 20 38 44 1 30 3 48 50 21 40 37 8 36 22 16 10 2 5 31 42 28 9 25 49 35 41 47 45 11 15 43 27 34 19 29 6 14 39 32 7 4 23 18 12 46 17 33 24 26 
student 198: 13 21 47 49 1 29 5 50 42 23 35 41 6 39 18 14 11 20 3 19 40 36 10 27 44 30 43 45 46 9 8 34 28 33 17 26 2 16 32 31 7 4 25 15 12 48 22 38 24 37 
student 199: 11 21 47 48 1 38 7 50 44 19 37 39 6 40 20 10 17 4 3 27 34 30 15 29 41 31 46 42 49 5 13 35 26 33 18 24 2 14 28 36 8 12 25 16 9 45 22 43 23 32 
student 200: 8 18 39 49 2 32 3 48 46 19 35 40 7 37 21 16 9 1 4 31 47 28 14 27 41 25 45 42 44 12 15 30 26 33 20 29 6 13 43 34 5 11 24 17 10 50 23 36 22 38 
student 201: 13 17 44 47 5 28 3 48 46 19 38 45 8 34 23 16 14 4 2 32 42 31 12 20 40 24 41 50 43 9 11 36 30 35 21 29 6 15 37 27 1 7 26 22 10 49 18 39 25 33 
student 202: 21 19 49 47 2 33 6 46 45 22 37 36 11 35 13 17 8 3 5 27 39 26 14 25 43 32 48 44 41 9 16 31 20 38 18 30 1 10 42 34 7 12 24 15 4 50 23 40 28 29 
student 203: 9 20 45 48 3 30 5 49 39 19 37 42 1 38 14 17 22 11 2 33 43 32 8 25 47 27 44 46 41 7 13 36 21 35 16 29 10 15 31 34 4 6 26 12 18 50 23 40 28 24 
student 204: 21 17 48 50 2 30 6 43 46 23 39 40 4 33 18 16 14 7 1 32 44 31 5 25 36 22 42 49 45 9 12 37 28 35 15 26 10 11 38 27 8 3 24 19 13 47 20 41 29 34 
student 205: 7 19 45 48 8 32 5 47 50 20 35 41 14 38 23 13 17 10 4 40 43 27 9 22 37 28 44 46 39 2 16 34 26 33 15 24 1 11 36 31 6 3 25 18 12 49 29 42 21 30 
student 206: 15 14 47 50 2 36 1 49 42 25 37 40 9 34 16 5 22 10 3 35 38 30 4 26 45 28 44 48 43 13 12 33 24 29 18 31 6 17 39 27 8 7 20 19 11 46 23 41 21 32 
student 207: 15 17 40 46 2 37 1 49 34 22 41 44 12 33 25 16 14 3 4 28 42 24 10 23 47 26 39 50 45 5 11 27 21 38 18 31 7 13 36 35 8 9 19 20 6 48 29 43 30 32 
student 208: 17 18 46 48 2 31 8 49 43 21 39 42 7 36 19 13 15 3 1 28 41 27 10 25 44 24 45 47 50 9 12 35 33 34 20 32 4 16 37 30 6 5 23 11 14 40 22 38 26 29 
student 209: 13 14 47 50 4 30 2 49 43 26 41 40 9 34 17 16 12 7 1 29 44 28 21 20 42 27 45 46 39 10 11 33 22 35 19 25 6 15 36 31 3 5 23 18 8 48 32 38 24 37 
student 210: 16 20 48 50 5 30 6 47 45 21 38 26 8 33 22 9 18 1 4 37 41 32 11 27 43 24 42 46 44 7 14 31 13 29 15 35 3 17 36 28 2 10 23 19 12 49 25 40 34 39 
student 211: 12 19 40 45 2 28 1 48 43 22 36 41 7 39 20 17 13 9 3 31 42 29 10 25 49 21 46 50 44 8 11 35 23 34 16 26 6 15 37 32 5 4 27 18 14 47 24 38 30 33 
student 212: 12 20 48 46 3 37 1 47 43 22 33 38 8 44 16 17 18 7 2 30 41 29 5 25 45 28 49 42 40 6 11 39 24 32 15 31 4 19 36 35 10 9 23 14 13 50 21 34 26 27 
student 213: 15 17 47 48 1 31 3 50 43 21 37 39 12 33 23 16 10 6 2 30 42 25 5 22 46 28 40 45 44 8 13 32 19 34 18 27 4 14 41 38 7 24 29 11 9 49 20 35 26 36 
student 214: 1 18 47 48 2 32 6 49 41 24 40 45 8 37 23 16 15 4 3 28 36 31 11 21 46 22 39 43 44 12 14 38 19 33 13 27 10 9 34 35 5 7 20 26 17 50 29 42 30 25 
student 215: 13 17 47 46 3 33 1 49 48 26 41 38 6 32 22 14 10 5 4 24 40 29 11 23 44 27 39 43 45 9 12 37 21 36 19 28 2 15 34 31 7 8 30 20 16 50 18 42 25 35 
student 216: 16 22 50 49 2 30 1 47 42 19 37 40 7 35 21 14 20 8 3 39 46 23 12 25 38 29 43 45 44 11 13 34 27 36 18 28 4 17 33 32 6 5 10 15 9 48 26 41 24 31 
student 217: 13 16 45 50 2 28 3 42 47 22 40 38 7 36 19 17 14 8 1 26 44 34 11 23 46 33 41 49 43 10 12 32 20 25 18 35 6 15 39 31 4 5 29 21 9 48 24 37 27 30 
student 218: 16 20 41 47 3 32 5 49 48 25 36 42 7 34 22 9 11 12 1 31 38 26 8 17 46 27 40 43 50 15 14 35 24 39 18 29 2 13 44 30 4 6 28 19 10 45 21 37 23 33 
student 219: 16 20 48 45 2 32 3 50 44 19 39 40 8 33 18 9 17 5 1 30 41 26 11 23 47 27 46 43 42 10 13 35 25 31 28 24 7 12 36 34 4 6 21 14 15 49 22 38 29 37 
student 220: 11 21 49 47 1 30 3 50 46 24 39 42 7 40 18 16 12 6 2 35 36 28 10 23 45 29 41 44 43 9 17 33 25 37 14 27 5 15 38 31 4 8 19 20 13 48 22 34 26 32 
student 221: 19 17 38 46 2 32 5 43 49 20 36 40 7 35 21 10 14 6 1 33 47 28 11 25 48 26 45 50 41 12 13 29 22 31 16 30 4 15 37 34 3 9 24 18 8 42 27 44 23 39 
student 222: 15 18 48 46 2 30 4 41 45 19 47 40 8 32 20 14 16 6 5 29 49 27 10 22 50 33 38 43 44 9 13 35 24 37 21 31 1 11 36 34 3 7 23 17 12 42 25 39 26 28 
student 223: 14 19 47 49 2 30 7 46 44 21 38 42 6 35 20 18 11 4 5 26 41 33 22 24 40 29 43 48 45 1 8 32 27 34 17 28 3 16 39 31 9 12 23 13 10 50 15 37 25 36 
student 224: 8 18 45 48 4 29 3 47 35 24 40 46 6 32 25 19 15 9 1 30 43 21 10 26 49 22 42 41 44 11 12 36 31 34 13 33 5 16 39 37 2 7 27 17 14 50 23 28 20 38 
student 225: 13 18 42 50 2 32 6 49 43 22 40 36 12 38 20 11 5 3 4 29 44 31 16 21 47 28 46 48 41 9 15 34 27 37 19 33 8 17 35 26 1 7 24 14 10 45 23 39 25 30 
student 226: 8 17 47 49 3 31 2 48 45 24 40 42 7 36 22 13 16 6 1 28 38 29 12 23 44 26 43 46 41 9 10 33 27 34 20 30 4 15 37 32 5 11 21 18 14 50 19 39 25 35 
student 227: 15 24 45 49 4 37 6 50 48 21 36 39 7 33 19 12 17 3 1 30 38 28 8 26 43 27 42 44 46 14 11 31 32 35 16 29 5 10 40 25 2 9 20 18 13 47 22 41 23 34 
student 228: 14 27 49 47 2 28 4 46 44 20 36 42 6 39 21 15 10 7 3 29 43 32 12 22 41 25 40 45 48 9 13 35 26 33 19 24 5 16 38 31 1 8 18 17 11 50 23 37 30 34 
student 229: 11 21 45 48 1 35 2 47 44 23 40 34 12 32 17 18 6 8 9 27 42 31 13 24 43 28 49 41 46 5 14 36 25 33 19 29 4 16 38 30 3 7 15 20 10 50 26 39 22 37 
student 230: 17 19 44 48 2 26 6 49 43 22 37 40 9 39 20 18 14 8 1 31 42 23 7 24 41 29 45 47 46 10 12 34 27 36 16 28 4 15 35 32 5 3 30 13 11 50 25 38 21 33 
student 231: 12 22 48 49 1 29 7 47 45 24 38 39 2 36 18 14 15 8 3 34 37 20 10 23 41 27 43 42 40 4 13 35 25 32 17 31 6 16 33 30 5 9 28 19 11 50 21 46 26 44 
student 232: 14 19 41 47 3 35 4 49 48 18 40 38 11 32 21 16 15 7 1 30 43 31 2 22 42 26 37 50 45 10 12 33 23 34 17 29 6 9 39 27 5 8 25 20 13 46 24 36 28 44 
student 233: 19 22 42 49 2 33 6 50 48 21 31 39 14 37 20 13 15 8 1 34 44 28 4 27 41 26 40 47 45 9 10 36 25 30 18 29 5 11 38 32 3 7 16 17 12 46 23 43 24 35 
student 234: 12 19 40 49 5 31 1 50 47 21 36 38 9 34 18 15 20 4 3 39 41 26 10 23 46 25 45 43 44 6 11 42 29 30 16 28 7 14 35 33 2 8 24 17 13 48 22 37 27 32 
student 235: 12 23 48 50 1 40 6 47 45 20 44 37 8 38 18 19 14 7 4 29 39 27 10 25 42 24 41 43 46 13 11 35 26 34 16 28 2 15 30 31 3 5 32 17 9 49 21 36 22 33 
student 236: 12 28 45 48 4 37 2 47 46 15 38 36 9 31 21 17 13 6 1 27 44 26 11 22 49 35 43 42 41 10 14 33 29 39 16 20 7 18 34 30 3 8 25 19 5 50 23 40 24 32 
student 237: 10 19 47 49 1 37 4 45 48 23 39 40 7 32 24 15 12 8 2 28 36 27 9 26 44 34 42 46 43 11 18 35 25 29 14 22 6 13 41 30 3 5 21 17 16 50 20 38 33 31 
student 238: 17 20 47 49 1 30 5 46 48 21 39 41 14 35 23 9 12 3 6 29 42 28 13 31 43 24 45 44 37 10 19 38 26 33 11 27 2 15 40 32 7 8 22 16 4 50 18 36 25 34 
student 239: 9 16 44 49 4 30 5 46 42 23 38 43 6 36 19 15 21 8 1 31 39 33 2 22 40 24 45 48 41 14 7 35 27 34 17 26 10 11 37 28 13 3 20 18 12 50 25 47 29 32 
student 240: 18 20 49 50 2 35 1 42 40 17 47 38 6 37 24 21 11 10 4 33 39 26 15 23 41 27 44 45 46 7 12 34 13 28 14 30 5 16 36 31 8 3 22 19 9 48 25 43 29 32 
student 241: 14 15 48 49 3 24 7 47 45 19 37 39 8 36 18 11 17 12 4 31 43 28 9 35 38 25 40 44 42 6 10 29 27 34 13 33 1 21 41 46 2 5 22 20 16 50 23 30 26 32 
student 242: 19 21 48 47 2 35 6 50 46 24 34 36 1 30 22 5 13 4 3 32 43 27 10 26 44 29 41 42 38 14 11 45 28 33 16 31 7 12 39 20 8 9 25 17 15 49 18 40 23 37 
student 243: 7 16 46 50 2 31 3 47 48 24 40 33 15 38 21 11 13 6 1 29 39 28 5 19 42 22 44 45 37 9 10 35 26 43 27 30 8 14 34 32 4 12 25 17 18 49 20 41 23 36 
student 244: 14 17 48 47 1 32 6 50 41 18 37 40 13 34 20 15 12 4 2 29 39 25 7 23 45 19 44 46 43 21 11 35 28 38 26 30 8 5 36 31 3 10 22 27 9 49 24 42 16 33 
student 245: 13 19 48 47 2 33 4 50 46 17 36 29 8 42 16 14 20 10 7 32 39 26 6 28 37 27 44 43 45 11 12 40 23 34 21 31 3 18 35 30 1 5 22 15 9 49 24 41 25 38 
student 246: 14 20 43 47 8 34 1 50 45 17 41 42 12 38 26 16 15 7 4 29 44 31 9 24 49 28 39 40 46 6 23 36 22 30 18 27 5 10 32 35 2 3 21 13 11 48 19 37 25 33 
student 247: 16 17 47 50 5 37 7 45 39 21 40 44 9 33 18 15 4 8 3 32 34 26 11 24 49 27 43 46 35 10 12 38 25 36 20 28 6 23 41 31 1 2 22 14 13 48 19 42 30 29 
student 248: 16 12 44 50 1 29 5 47 49 20 45 39 7 37 17 18 14 6 2 28 35 22 8 32 43 27 41 46 42 10 11 34 25 33 24 30 4 19 38 31 3 9 21 13 15 48 23 36 26 40 
student 249: 12 27 47 48 4 24 2 46 40 23 36 41 8 39 22 14 15 6 1 31 50 29 11 20 43 30 42 38 45 9 13 35 26 28 16 32 3 17 37 34 5 7 21 18 10 49 19 44 25 33 
student 250: 13 15 47 48 3 26 1 46 44 21 45 40 4 34 18 14 12 9 6 33 39 29 8 25 49 31 43 42 41 5 7 37 27 35 20 30 10 11 32 28 2 16 24 19 17 50 23 38 22 36 
student 251: 14 19 49 46 13 28 3 41 47 22 37 43 1 35 15 16 11 7 2 30 44 27 6 23 45 29 42 48 40 10 9 34 26 38 20 32 5 21 36 33 4 12 24 18 8 50 17 39 25 31 
student 252: 13 18 47 48 7 28 2 49 40 19 37 38 9 39 25 14 12 6 1 31 41 20 16 24 46 27 45 44 43 11 10 33 26 34 17 30 4 21 36 29 3 5 22 15 8 50 32 42 23 35 
student 253: 12 15 47 50 1 31 2 49 48 18 41 39 13 35 21 16 17 5 3 30 40 27 11 23 38 26 45 43 42 10 9 37 32 36 14 28 8 19 46 33 4 6 24 20 7 44 22 29 25 34 
student 254: 8 18 46 44 4 30 2 47 50 20 40 39 1 36 19 12 17 9 11 25 38 31 13 27 42 26 41 43 48 3 15 33 29 32 14 21 6 16 37 35 7 5 23 22 10 49 28 45 24 34 
student 255: 6 18 47 49 2 32 1 48 44 21 43 33 11 39 20 14 9 5 3 27 40 29 10 25 42 31 41 46 45 13 12 38 26 35 17 24 8 19 34 30 7 4 22 15 16 50 23 36 28 37 
student 256: 11 22 47 48 6 33 3 49 43 21 39 37 7 35 14 8 15 5 2 20 42 27 10 24 44 30 40 45 46 12 16 38 26 34 19 31 1 17 32 28 4 9 23 18 13 50 25 41 29 36 
student 257: 9 19 46 48 3 32 1 50 41 24 33 36 8 39 16 15 13 7 2 27 40 30 18 21 49 26 42 43 45 6 10 31 20 38 17 35 4 12 44 29 5 11 23 22 14 47 25 37 28 34 
student 258: 10 21 47 48 5 34 2 49 45 22 44 42 8 37 18 16 11 9 1 31 43 26 17 20 40 24 39 46 41 13 7 35 28 32 19 27 3 12 29 33 4 6 25 15 14 50 23 38 30 36 
student 259: 15 21 41 50 5 35 1 45 49 25 43 38 6 44 17 18 14 8 3 26 37 29 10 20 48 28 40 47 42 9 13 34 33 31 16 30 7 12 36 32 2 4 24 19 11 46 22 27 23 39 
student 260: 13 14 49 45 1 26 2 50 42 22 41 39 6 38 21 18 16 4 12 31 35 28 10 23 43 27 40 46 44 8 11 34 24 33 20 30 3 17 37 32 7 5 29 15 9 47 19 48 25 36 
student 261: 14 24 47 48 2 32 5 49 44 20 38 41 7 39 18 17 15 11 1 31 34 30 13 23 42 29 40 46 43 6 9 35 25 21 19 26 3 8 37 33 10 4 22 16 12 50 27 45 28 36 
student 262: 12 23 46 50 5 33 1 47 45 25 42 38 10 40 24 16 9 7 6 32 44 26 8 17 41 28 36 49 43 4 20 39 29 31 11 22 3 15 34 30 2 13 27 21 14 48 19 35 18 37 
student 263: 16 19 48 44 1 28 2 49 47 22 32 38 6 37 17 13 11 5 4 33 43 30 12 21 40 31 42 46 45 10 14 36 24 29 18 26 3 20 41 35 7 8 27 15 9 50 25 39 23 34 
student 264: 18 17 44 47 3 28 5 49 45 22 39 42 7 38 21 12 14 2 1 35 43 29 8 23 48 26 36 46 41 10 11 37 25 33 19 30 6 20 40 32 4 13 24 15 9 50 16 31 27 34 
student 265: 7 15 44 46 1 30 3 50 45 18 39 41 2 37 20 16 12 6 4 31 38 24 8 22 47 27 43 49 40 13 14 36 28 32 19 29 11 17 35 34 5 9 23 21 10 48 25 42 26 33 
student 266: 10 21 46 49 3 24 2 47 50 22 38 39 12 35 20 16 13 5 1 25 40 19 8 34 44 29 42 45 43 14 11 37 28 36 17 23 4 15 32 31 7 9 26 18 6 48 27 41 30 33 
student 267: 5 17 47 49 2 38 7 48 45 22 35 36 9 37 19 10 18 6 1 30 41 27 11 21 42 32 44 46 43 12 16 34 24 33 15 29 8 14 39 31 4 3 26 20 13 50 23 40 25 28 
student 268: 9 17 45 47 4 28 1 43 36 26 35 41 5 33 22 16 15 3 2 32 42 31 12 23 48 25 50 46 44 8 20 34 21 37 18 24 7 14 38 39 6 13 29 11 10 49 19 40 30 27 
student 269: 14 19 48 47 1 29 7 49 46 22 36 41 10 33 21 13 16 2 3 34 37 31 6 27 45 26 42 43 50 15 9 32 30 38 17 28 5 11 40 25 4 8 23 18 12 44 20 39 24 35 
student 270: 16 14 49 41 2 32 3 46 45 22 36 40 6 38 21 13 18 5 1 31 43 17 11 30 47 29 44 48 42 12 19 33 26 35 9 27 4 15 37 28 7 10 24 20 8 50 23 39 25 34 
student 271: 12 13 48 47 3 29 1 50 49 26 36 38 7 40 23 8 16 5 4 37 39 24 10 22 45 21 41 42 43 17 18 35 28 33 11 27 6 20 34 30 2 9 25 14 15 46 19 44 31 32 
student 272: 18 24 44 50 2 35 3 49 45 12 39 40 8 31 13 14 10 4 1 33 36 25 15 22 43 23 46 41 42 9 16 34 28 30 21 26 5 17 37 29 7 6 27 32 11 47 19 48 20 38 
student 273: 9 15 46 47 3 32 2 44 49 25 38 39 7 29 16 17 19 8 1 34 41 21 12 26 48 31 43 45 40 10 14 35 27 33 18 23 5 13 42 28 4 6 24 22 11 50 20 37 30 36 
student 274: 13 19 47 49 9 28 3 44 48 21 43 31 8 37 26 18 16 6 1 30 41 24 10 23 38 33 45 46 42 5 12 35 25 36 20 27 4 11 40 32 2 7 22 15 14 50 29 39 17 34 
student 275: 8 18 39 49 7 34 3 47 48 24 37 43 6 36 23 11 10 2 1 31 33 29 12 20 45 21 40 46 41 14 16 44 28 35 22 30 4 19 38 27 5 13 26 15 9 50 17 42 25 32 
student 276: 14 29 42 47 1 32 2 45 48 23 31 44 6 37 20 15 13 7 3 36 39 27 9 25 46 21 40 49 38 5 11 34 26 33 12 28 22 19 41 30 4 8 18 17 10 50 16 43 24 35 
student 277: 7 15 46 49 8 32 5 44 47 26 40 41 10 37 23 17 13 4 1 31 42 29 14 24 43 25 45 48 39 9 22 34 18 36 16 30 6 11 38 27 2 12 20 21 3 50 19 35 28 33 
student 278: 19 22 37 47 6 26 3 48 44 21 46 41 11 31 17 16 15 12 2 25 38 40 13 20 42 23 45 50 43 5 10 30 29 33 18 32 9 7 39 27 4 8 28 14 1 49 34 35 24 36 
student 279: 14 21 50 47 5 33 3 49 42 19 39 38 10 25 20 8 15 1 2 27 46 30 11 28 41 26 37 48 44 13 16 36 29 31 12 32 7 17 45 34 6 9 22 18 4 43 23 40 24 35 
student 280: 13 21 48 50 1 30 6 38 45 16 39 40 9 36 19 17 20 10 3 28 42 29 8 22 46 33 41 47 44 12 7 43 26 32 11 27 4 15 34 31 2 5 24 18 14 49 23 37 25 35 
student 281: 3 24 45 47 6 31 1 49 48 19 40 39 5 36 15 22 17 9 2 34 41 29 13 23 42 27 46 44 43 4 12 30 28 33 11 21 10 14 38 32 8 7 20 26 16 50 18 35 25 37 
student 282: 14 17 49 41 1 33 6 48 45 19 36 43 8 39 21 16 15 4 2 30 37 28 11 27 38 25 42 47 44 9 13 32 24 34 20 29 5 18 46 31 3 7 22 12 10 50 23 40 26 35 
student 283: 13 15 44 50 2 31 5 46 47 18 39 38 1 36 17 16 14 10 3 33 41 28 19 26 40 29 45 43 49 9 12 37 25 34 22 27 8 11 42 30 7 6 24 20 4 48 23 35 21 32 
student 284: 14 17 47 49 6 35 1 44 48 24 41 45 5 36 16 12 15 8 3 29 38 33 10 25 43 26 40 46 42 7 9 39 23 30 21 27 2 18 37 34 4 11 28 22 13 50 20 32 19 31 
student 285: 17 19 47 48 5 33 2 43 49 22 38 40 4 37 27 8 13 7 1 31 44 24 14 15 41 29 45 46 42 9 10 35 25 36 18 30 6 12 32 34 3 11 23 21 16 50 20 39 28 26 
student 286: 17 15 44 50 1 30 2 47 43 21 38 41 7 34 25 13 10 5 4 29 42 23 12 20 45 16 40 46 48 11 9 36 31 35 18 28 6 19 37 33 3 14 26 24 8 49 22 39 27 32 
student 287: 12 19 46 48 5 26 2 50 44 21 37 39 4 38 20 17 14 7 1 28 43 33 8 24 35 27 41 45 40 9 10 49 25 34 18 31 3 15 32 30 6 13 23 16 11 47 29 42 22 36 
student 288: 15 19 42 48 1 32 6 50 47 20 44 39 9 36 21 17 8 11 3 31 38 23 10 28 43 29 40 45 46 12 18 34 26 33 14 27 4 13 41 30 2 7 24 16 5 49 22 35 25 37 
student 289: 12 21 38 50 1 27 2 43 48 23 41 45 3 32 19 15 20 6 5 34 42 31 8 17 47 30 40 44 46 10 13 36 29 37 14 25 7 16 33 28 4 11 22 24 9 49 18 39 26 35 
student 290: 17 19 49 47 4 31 2 46 44 23 42 43 8 34 21 15 18 5 3 29 38 39 11 14 48 32 40 45 41 9 13 35 28 33 16 24 7 12 36 26 1 6 22 20 10 50 30 37 27 25 
student 291: 15 16 48 47 3 28 4 50 46 17 35 41 10 36 23 18 2 7 1 32 45 27 8 19 44 26 42 43 40 9 14 38 29 31 33 30 6 13 37 25 5 12 24 20 11 49 22 39 21 34 
student 292: 14 19 45 50 4 33 5 48 46 21 37 41 10 36 20 17 6 7 3 30 42 28 9 24 44 27 39 49 43 11 13 34 25 40 18 29 2 15 35 31 1 8 23 16 12 47 22 38 26 32 
student 293: 13 26 45 49 2 32 3 47 43 19 42 38 9 36 20 18 16 6 1 27 40 28 11 23 46 31 44 48 41 8 10 35 25 39 14 33 4 17 37 29 5 7 22 15 12 50 21 34 24 30 
student 294: 12 25 48 50 5 38 10 49 44 19 39 42 6 36 16 15 11 8 2 30 40 29 3 22 46 26 41 45 43 9 17 35 24 31 13 27 4 20 33 32 1 14 28 18 7 47 21 37 23 34 
student 295: 8 16 48 47 4 32 2 49 43 20 35 36 7 38 21 11 14 9 1 29 46 28 13 27 44 31 42 45 41 10 18 37 24 25 17 30 6 12 39 33 3 5 26 19 15 50 23 40 22 34 
student 296: 15 21 45 46 6 27 3 49 47 18 37 38 9 30 20 12 13 7 1 32 41 31 14 25 44 23 39 50 43 8 16 40 22 26 11 28 2 17 36 34 5 10 24 19 4 48 29 42 33 35 
student 297: 17 18 50 48 3 28 2 42 47 22 41 39 7 36 4 10 16 8 1 31 43 27 12 24 33 26 44 49 46 15 9 37 34 32 14 30 5 21 38 29 6 11 23 19 13 45 25 40 20 35 
student 298: 18 20 47 46 3 31 7 49 42 23 32 43 13 33 16 24 14 12 2 30 48 29 17 21 38 27 44 45 37 4 1 35 26 36 15 25 11 9 39 34 6 5 28 10 8 50 19 40 22 41 
student 299: 16 19 50 47 2 32 3 49 48 22 38 41 10 33 21 13 8 6 1 29 40 27 12 26 45 25 42 46 43 11 9 37 28 34 18 30 5 15 35 31 4 7 23 17 14 44 20 39 24 36 
student 300: 15 19 40 49 1 27 4 48 44 23 38 34 6 36 21 16 10 7 5 29 42 26 11 24 47 32 43 46 45 9 12 31 39 35 18 28 3 17 37 33 2 8 25 22 13 50 20 41 14 30 
student 301: 15 19 50 46 2 32 3 41 48 20 34 42 6 33 23 13 14 4 1 31 43 30 10 22 44 27 40 47 38 7 11 37 24 35 18 25 5 16 36 39 12 8 28 21 9 49 17 45 26 29 
student 302: 13 18 45 49 1 30 4 46 48 21 38 40 9 35 19 16 12 7 2 36 31 26 14 22 47 28 44 43 41 11 17 37 25 34 15 29 5 8 42 32 6 3 20 23 10 50 24 39 27 33 
student 303: 15 18 46 47 3 33 2 48 45 22 38 40 11 37 24 19 13 4 1 20 42 28 12 26 43 30 41 49 35 9 8 36 21 34 17 29 7 14 31 39 6 5 25 16 10 50 23 44 27 32 
student 304: 14 17 48 47 3 29 6 49 46 21 37 38 12 36 15 20 10 9 2 30 44 28 7 22 42 27 43 45 41 5 13 33 26 34 19 31 8 16 39 32 1 4 24 18 11 50 23 40 25 35 
student 305: 11 22 42 50 6 36 1 49 46 19 38 40 9 34 29 14 13 4 3 31 43 25 10 20 48 27 39 28 45 7 12 35 24 30 17 26 8 16 41 37 2 5 23 18 21 47 15 44 32 33 
student 306: 11 24 45 47 1 27 3 50 42 15 39 40 10 32 22 20 17 8 2 31 43 21 9 28 46 23 44 48 41 7 16 36 29 33 13 30 6 19 38 35 4 5 26 12 14 49 25 37 18 34 
student 307: 13 20 44 41 6 31 7 46 49 22 32 36 11 39 15 18 14 3 1 30 43 21 5 26 47 29 40 50 45 8 12 35 25 37 10 27 2 16 38 33 4 9 24 19 17 48 23 42 28 34 
student 308: 14 16 47 50 2 35 6 49 48 22 32 34 7 38 18 17 12 1 4 30 42 27 11 25 40 20 43 44 45 8 10 37 28 29 19 31 9 13 39 36 3 5 24 21 15 46 23 41 26 33 
student 309: 16 25 48 45 2 28 5 47 46 31 38 34 14 42 23 19 11 8 1 27 41 33 6 24 29 26 40 49 44 9 12 36 21 39 15 30 4 13 37 32 3 7 20 18 10 50 22 43 17 35 
student 310: 12 28 46 50 10 32 7 48 49 15 37 39 3 33 19 18 13 8 4 35 44 30 14 24 42 27 40 43 47 6 11 25 23 41 20 26 5 17 36 31 2 1 22 16 9 45 29 38 21 34 
student 311: 17 19 48 47 3 32 6 49 46 16 34 38 8 36 22 11 10 4 1 35 41 30 14 25 45 27 43 44 42 9 12 40 23 26 18 28 5 15 29 31 2 7 21 20 13 50 24 37 33 39 
student 312: 23 16 46 48 5 30 4 49 47 26 37 36 8 38 18 15 13 10 1 33 40 28 11 25 42 22 45 43 44 6 12 41 27 31 17 29 7 14 35 32 3 2 24 20 9 50 19 39 21 34 
student 313: 14 16 42 50 6 29 10 46 45 28 38 44 5 32 27 18 13 3 2 31 41 23 9 24 48 30 39 47 43 8 12 37 26 33 17 25 7 20 36 35 1 4 21 15 11 49 19 40 22 34 
student 314: 23 17 49 43 8 22 2 44 45 19 39 40 10 37 20 14 13 12 1 31 41 33 7 29 48 27 42 47 50 11 9 35 25 32 21 26 6 15 38 28 3 4 30 18 5 46 16 36 24 34 
student 315: 13 20 45 49 3 43 1 48 44 18 34 38 9 37 19 16 15 6 2 25 36 29 12 23 47 26 40 41 46 8 10 35 24 31 21 28 5 17 39 30 4 7 27 14 11 50 22 42 32 33 
student 316: 13 21 47 46 4 33 3 43 48 23 40 36 8 41 14 17 9 6 1 27 37 26 16 24 45 18 44 49 42 7 12 35 29 31 15 20 2 11 39 32 5 10 22 19 30 50 25 38 28 34 
student 317: 13 20 45 49 1 23 14 42 43 24 40 38 7 37 21 18 15 6 5 31 50 28 12 22 47 32 41 44 46 10 9 34 27 29 17 30 4 11 39 36 2 3 26 16 8 48 19 35 25 33 
student 318: 13 19 45 48 4 34 2 49 44 25 38 43 10 35 15 16 12 8 6 24 40 29 9 26 47 27 39 46 41 14 11 33 22 42 18 30 1 17 37 31 3 5 21 20 7 50 28 36 23 32 
student 319: 14 13 50 48 6 32 7 45 46 19 37 41 3 34 21 16 12 5 1 29 40 27 4 25 43 28 44 49 42 8 17 35 22 31 15 30 10 11 38 36 2 9 24 20 18 47 23 39 26 33 
student 320: 15 21 35 48 4 33 1 46 41 22 36 43 7 37 19 11 16 9 3 32 49 29 8 26 40 31 44 47 45 12 14 34 23 42 17 28 2 20 38 18 5 6 24 25 10 50 30 39 27 13 
student 321: 13 20 48 45 2 28 3 49 41 22 35 37 12 34 15 21 14 4 1 29 39 32 6 25 44 26 40 50 46 9 16 33 19 38 17 27 11 8 36 30 5 7 23 18 10 47 31 43 24 42 
student 322: 13 19 48 50 2 38 5 46 40 24 34 39 8 37 21 15 12 6 1 23 31 29 11 27 42 26 45 47 41 10 9 44 22 30 17 36 7 14 33 43 3 4 28 20 16 49 25 35 18 32 
student 323: 10 19 47 45 1 25 4 48 50 24 40 43 8 37 23 18 12 6 5 27 39 22 7 30 44 31 36 46 42 14 17 32 28 35 15 34 2 13 33 29 3 9 26 20 11 49 21 41 16 38 
student 324: 10 24 44 48 3 31 2 45 49 22 38 41 15 35 13 18 12 5 1 26 46 33 11 29 43 27 39 47 42 8 16 36 21 32 19 28 4 14 37 34 6 7 25 20 9 50 17 40 23 30 
student 325: 11 18 47 50 1 34 2 48 46 22 42 41 7 36 27 23 15 12 3 28 39 31 5 25 44 37 40 43 45 9 10 33 21 35 16 32 4 14 29 30 6 8 24 17 13 49 20 38 26 19 
student 326: 8 18 41 50 1 35 4 49 44 20 40 39 16 36 21 11 13 9 2 34 37 26 12 23 42 29 43 46 45 6 7 30 27 33 17 28 5 15 38 31 3 10 24 19 14 47 22 48 25 32 
student 327: 6 18 46 50 1 26 2 49 48 23 34 40 9 39 19 10 14 8 7 24 41 31 12 29 42 30 43 45 44 5 11 33 25 36 20 27 3 16 38 35 4 15 28 17 13 47 21 37 22 32 
student 328: 18 22 46 49 2 28 6 48 47 25 34 39 10 30 24 17 14 4 1 29 43 38 7 26 37 19 50 44 40 13 15 41 20 35 11 23 9 16 36 33 3 5 32 12 8 45 21 42 27 31 
student 329: 14 23 45 44 5 35 4 49 47 20 43 36 11 37 17 18 12 6 1 27 41 25 10 31 42 26 38 46 48 9 16 39 24 32 19 30 2 8 33 28 3 7 22 15 13 50 21 40 29 34 
student 330: 11 22 45 49 5 26 2 47 48 16 42 40 13 38 17 3 18 4 1 25 43 34 12 24 35 32 44 46 41 10 14 33 27 30 20 37 6 9 39 29 7 8 23 21 15 50 19 31 28 36 
student 331: 13 19 45 47 6 28 7 50 48 16 37 33 4 41 22 14 18 11 2 31 38 24 15 26 42 25 39 46 44 9 12 35 29 36 8 30 3 20 40 32 1 5 27 17 10 49 21 43 23 34 
student 332: 13 21 48 50 1 31 6 47 45 22 37 44 9 40 20 17 15 5 2 25 43 30 16 27 38 28 42 46 41 7 11 36 19 33 14 24 3 12 35 32 8 4 34 18 10 49 23 39 29 26 
student 333: 12 25 46 50 1 37 3 49 44 22 32 36 4 40 23 17 20 7 5 31 43 33 8 13 48 29 39 45 41 10 14 38 26 34 18 27 6 15 28 30 2 9 19 16 11 47 21 42 24 35 
student 334: 5 22 48 50 2 36 3 42 40 21 49 41 10 37 20 16 13 4 1 31 39 28 7 23 45 27 46 43 35 8 19 34 24 32 15 29 6 14 44 30 11 9 26 17 12 47 18 33 25 38 
student 335: 19 17 48 45 9 40 2 41 38 27 35 42 7 39 24 14 13 4 5 31 44 23 10 18 46 30 47 50 43 8 15 33 26 34 11 32 6 21 25 36 3 1 22 20 12 49 16 37 28 29 
student 336: 12 16 42 47 3 30 2 49 48 21 31 43 10 34 18 19 14 4 1 32 38 28 13 27 46 22 41 44 45 9 7 37 25 35 15 29 8 11 39 33 6 5 24 20 17 50 23 40 26 36 
student 337: 13 17 46 50 1 31 6 47 42 21 35 44 7 39 20 15 18 3 4 29 43 25 8 24 45 28 38 48 40 10 12 36 26 34 14 27 2 16 37 32 9 5 22 19 11 49 23 41 33 30 
student 338: 18 21 41 49 5 39 4 50 46 19 33 47 14 43 20 16 15 9 1 37 40 25 2 26 45 27 35 44 42 7 8 32 28 34 22 30 6 13 36 29 11 3 24 12 10 48 23 31 17 38 
student 339: 16 23 43 49 5 32 4 47 48 22 27 42 10 41 18 19 13 3 1 31 37 29 11 26 39 30 36 45 40 7 14 35 28 44 20 25 9 12 38 34 2 6 15 17 8 50 21 46 24 33 
student 340: 10 20 47 48 1 29 5 49 44 17 40 37 9 36 24 13 23 2 4 34 43 27 7 21 42 28 41 45 46 12 11 35 25 32 14 31 6 15 38 30 18 8 22 16 3 50 19 39 26 33 
student 341: 13 16 46 47 2 34 3 50 44 17 38 45 6 37 24 15 18 10 1 36 40 22 8 27 41 30 48 43 42 11 12 33 26 28 14 31 4 21 35 29 5 7 20 19 9 49 25 39 23 32 
student 342: 13 16 48 50 2 33 3 49 44 20 34 37 5 40 18 17 24 6 4 29 39 27 10 26 42 23 47 46 43 7 14 35 19 32 15 28 1 11 36 31 9 8 21 25 12 45 30 41 22 38 
student 343: 14 20 46 50 4 30 12 48 49 19 37 43 9 36 21 17 8 1 2 31 40 27 13 25 45 29 41 44 42 10 7 33 26 34 16 28 5 15 38 32 3 6 22 18 11 47 23 39 24 35 
student 344: 9 18 45 50 10 30 2 46 43 19 37 39 6 34 20 14 15 3 1 29 40 28 11 23 49 26 47 44 41 7 13 35 27 33 17 31 5 16 42 32 8 4 22 24 12 48 21 38 25 36 
student 345: 7 12 39 50 8 28 1 42 45 24 35 44 6 30 20 18 19 5 4 38 40 32 13 26 48 22 47 41 46 9 15 31 29 34 23 25 11 14 43 33 3 2 27 16 10 49 21 37 17 36 
student 346: 10 19 45 47 3 28 2 48 49 20 35 43 11 34 21 5 12 4 14 31 44 29 16 25 39 23 41 46 42 17 6 30 27 36 15 33 8 13 37 32 1 7 22 18 9 50 24 38 26 40 
student 347: 12 20 47 49 2 33 4 45 42 18 39 36 8 37 22 15 16 14 1 31 41 24 6 26 43 23 44 38 48 3 9 32 27 40 17 30 7 13 34 35 5 10 25 21 11 50 19 46 29 28 
student 348: 12 21 48 46 2 30 6 45 49 20 39 43 7 36 22 15 10 3 1 33 42 26 9 25 37 28 41 47 44 4 13 35 27 32 16 29 5 17 38 34 14 8 23 18 11 50 19 40 24 31 
student 349: 16 10 47 50 4 32 5 46 45 28 38 41 11 37 23 13 12 8 1 30 36 29 14 26 48 25 44 42 43 9 15 39 18 31 17 27 3 21 40 34 2 7 22 19 6 49 24 33 20 35 
student 350: 15 21 46 50 1 31 2 48 41 25 38 34 10 37 20 12 16 5 3 29 43 26 6 23 47 28 42 44 39 4 11 35 30 33 18 27 7 13 40 45 9 8 24 19 14 49 17 36 22 32 
student 351: 13 19 48 49 1 34 7 46 45 23 39 37 8 35 22 15 14 6 4 32 40 29 9 25 44 31 42 47 43 10 12 36 26 28 17 27 2 16 33 30 3 5 24 18 11 50 20 41 21 38 
student 352: 14 22 49 50 3 31 8 48 45 24 37 38 9 39 20 17 10 2 1 28 40 27 6 25 43 33 41 46 42 11 13 29 21 34 19 30 7 15 35 32 5 4 23 18 12 47 16 44 26 36 
student 353: 11 19 45 49 3 33 4 43 44 28 35 41 12 34 23 15 14 7 2 29 42 30 9 24 47 26 37 48 46 8 22 32 21 31 13 27 1 17 36 38 5 6 20 18 10 50 16 40 25 39 
student 354: 19 18 48 47 2 39 4 49 38 25 36 42 8 35 20 12 14 3 1 32 43 31 11 22 45 24 44 46 37 5 15 33 27 34 13 30 7 17 40 26 6 9 23 16 10 50 21 41 28 29 
student 355: 12 17 46 49 3 35 5 42 50 22 40 44 11 37 20 13 14 4 1 30 39 25 10 26 47 31 45 41 33 2 19 34 23 32 15 28 9 18 38 27 7 8 24 21 6 43 29 48 16 36 
student 356: 11 24 48 46 3 32 5 42 50 14 37 40 10 39 20 18 12 7 1 31 43 28 8 25 44 27 41 47 45 13 17 35 22 36 16 29 4 15 33 34 6 2 21 23 9 49 19 38 26 30 
student 357: 15 22 48 47 5 33 3 49 44 20 40 41 11 30 16 17 10 9 1 31 35 24 7 27 46 26 42 45 43 8 13 34 25 32 18 37 6 14 39 28 4 2 21 19 12 50 29 36 23 38 
student 358: 9 15 44 50 2 30 1 49 45 29 41 37 8 40 17 11 22 7 4 26 43 28 13 20 46 27 39 47 42 12 10 31 25 34 21 32 6 18 38 33 3 5 23 16 14 48 19 35 24 36 
student 359: 14 18 47 50 2 29 3 48 45 20 38 39 7 36 25 17 12 6 1 33 41 27 8 19 46 26 44 42 43 10 11 34 16 30 21 31 4 22 40 35 5 9 24 15 13 49 23 37 28 32 
student 360: 8 17 48 49 5 32 2 45 46 24 33 39 9 38 16 12 14 3 1 30 40 29 13 19 43 28 44 47 42 10 11 37 26 31 20 27 6 25 34 36 4 7 21 23 22 50 15 41 18 35 
student 361: 17 24 44 48 2 33 3 47 49 20 37 39 8 42 19 15 11 7 1 29 40 27 5 22 43 25 45 46 41 9 12 35 30 32 16 28 4 14 31 36 10 13 23 18 6 50 21 38 26 34 
student 362: 13 16 45 50 3 29 5 49 44 19 32 40 6 37 23 15 14 8 1 20 39 35 9 25 42 28 43 47 46 10 12 30 24 36 26 34 4 17 33 31 7 2 22 18 11 48 21 41 27 38 
student 363: 22 19 46 49 3 34 2 48 43 24 37 39 5 41 21 13 15 10 1 32 40 29 6 26 44 28 47 45 38 7 9 30 18 25 17 27 4 12 36 33 8 14 23 16 11 50 20 42 31 35 
student 364: 10 20 45 48 4 29 1 47 41 21 38 42 8 37 12 17 16 5 3 35 44 31 11 23 46 28 40 50 43 13 14 34 26 32 18 27 2 15 33 30 6 7 24 19 9 49 22 39 25 36 
student 365: 10 17 50 49 2 35 4 48 45 18 39 40 12 36 22 16 14 9 1 32 41 29 13 24 42 28 44 46 43 11 6 33 26 34 23 30 3 15 37 31 5 7 21 19 8 47 20 38 25 27 
student 366: 12 13 48 46 6 29 1 45 50 23 37 39 7 32 22 19 18 15 8 27 40 25 9 26 47 28 42 43 44 5 4 41 14 38 20 33 3 16 35 30 2 10 24 21 11 49 17 36 31 34 
student 367: 17 18 50 49 4 27 5 48 43 19 36 40 8 38 26 15 14 2 1 30 41 28 11 23 45 25 42 46 44 10 12 37 29 31 16 39 7 9 35 32 3 6 24 22 13 47 21 34 20 33 
student 368: 10 23 48 44 2 30 9 50 41 24 36 39 6 35 17 20 12 7 1 28 40 31 8 19 42 25 45 46 47 11 14 37 29 32 22 27 4 16 38 33 3 5 21 15 13 49 18 43 26 34 
student 369: 14 22 42 49 6 32 3 48 40 21 44 39 9 35 20 15 13 2 4 36 38 27 18 24 46 25 43 45 47 5 8 34 29 30 19 33 12 17 41 26 1 7 23 16 11 50 10 37 28 31 
student 370: 11 23 48 50 3 34 2 47 45 17 41 40 13 35 26 14 16 7 1 33 39 30 8 22 43 31 44 46 38 4 12 36 27 29 19 24 10 18 37 25 6 9 21 15 5 49 20 42 28 32 
student 371: 15 20 47 49 3 32 2 48 42 24 29 41 6 37 10 16 9 7 1 28 43 27 11 22 44 25 40 45 46 5 19 36 30 31 23 33 12 14 38 34 4 8 21 17 13 50 26 39 18 35 
student 372: 12 17 48 43 4 31 6 47 42 18 41 49 8 36 21 15 13 5 2 28 34 27 1 25 46 24 44 45 38 11 14 39 30 32 16 29 9 19 37 33 3 7 23 20 10 50 22 40 26 35 
student 373: 7 19 46 50 1 29 3 49 48 20 38 42 9 35 26 13 11 8 2 33 40 31 10 28 41 25 43 45 44 12 15 30 27 34 21 32 4 16 36 22 6 5 23 18 14 47 17 39 24 37 
student 374: 12 20 49 42 4 29 6 47 46 22 39 44 8 41 25 15 14 5 3 26 35 32 10 27 45 19 40 48 43 7 9 34 31 37 23 28 11 13 36 30 1 2 18 17 16 50 21 38 24 33 
student 375: 11 14 44 45 3 31 6 49 40 20 46 42 8 37 24 19 17 9 2 26 41 29 10 21 47 27 43 48 35 13 12 36 25 34 22 30 1 15 38 33 5 4 23 16 7 50 18 39 28 32 
student 376: 13 17 46 50 2 29 1 48 47 26 35 39 8 42 18 14 19 5 3 33 40 25 11 23 41 30 43 45 44 6 15 37 27 36 16 28 9 10 31 32 7 4 21 22 12 49 20 38 24 34 
student 377: 16 14 50 48 1 27 5 45 43 21 36 39 8 35 20 15 11 6 3 30 42 29 12 26 46 24 40 47 44 10 7 32 28 34 17 33 4 18 37 31 2 9 23 19 13 49 22 41 25 38 
student 378: 14 20 48 43 3 28 1 50 49 15 37 40 12 39 21 10 18 2 5 26 46 29 13 22 47 30 38 45 41 8 11 35 31 33 19 32 7 16 34 36 4 6 23 17 9 44 24 42 25 27 
student 379: 11 20 50 43 2 29 5 49 47 22 33 39 7 28 21 18 12 9 3 32 45 23 13 30 40 25 37 44 48 16 8 36 24 35 14 31 6 15 38 34 4 1 27 19 10 46 17 41 26 42 
student 380: 15 19 45 46 1 35 5 49 47 31 41 37 7 43 20 8 14 3 4 25 39 29 10 17 40 23 48 44 42 9 22 36 27 33 11 28 13 18 34 32 6 2 21 16 12 50 26 38 24 30 
student 381: 10 19 47 44 1 31 2 50 39 18 34 41 13 36 23 14 17 3 12 27 40 30 15 22 48 25 46 42 37 6 8 45 26 33 29 28 9 20 38 32 4 5 21 11 7 49 16 43 24 35 
student 382: 17 15 47 48 2 23 6 46 44 21 37 36 9 39 10 14 18 8 1 30 45 29 11 25 41 24 43 50 40 12 16 38 27 35 13 31 3 19 32 34 4 5 28 20 7 49 22 42 26 33 
student 383: 11 21 46 48 4 30 2 49 47 20 36 39 6 38 14 18 16 3 1 32 42 27 13 25 41 28 43 44 45 8 15 31 24 37 17 29 10 12 35 34 5 7 33 19 9 50 22 40 23 26 
student 384: 15 22 47 48 3 29 12 49 44 19 39 40 5 38 17 10 13 7 2 34 42 31 9 27 46 28 41 45 43 6 11 32 21 33 18 24 4 16 37 30 1 8 25 23 14 50 20 36 26 35 
student 385: 17 14 42 46 6 32 13 49 48 15 40 44 12 36 19 20 18 7 3 22 37 26 2 23 43 33 41 45 47 8 21 38 31 29 11 27 1 10 34 30 5 4 16 28 9 50 24 39 25 35 
student 386: 13 26 47 49 3 32 5 46 41 21 37 38 11 34 20 17 14 8 1 29 45 22 9 27 40 30 43 42 48 7 12 33 23 31 16 28 4 15 44 35 2 6 25 19 10 50 18 39 24 36 
student 387: 7 14 46 49 6 30 2 44 45 24 39 43 8 37 19 15 12 1 9 33 40 28 18 25 41 27 42 47 48 4 16 32 22 34 21 29 10 11 36 31 3 5 26 20 13 50 23 38 17 35 
student 388: 11 23 45 49 1 30 6 44 50 16 39 42 9 40 22 15 14 3 4 29 38 21 12 27 47 28 41 48 43 10 8 31 26 35 19 32 5 17 34 33 2 7 24 18 13 37 25 36 20 46 
student 389: 9 18 48 50 3 31 5 40 43 22 37 42 8 36 19 16 12 7 1 32 41 33 11 26 38 25 45 47 46 13 14 34 24 30 17 27 10 4 39 35 2 6 21 20 15 49 23 44 28 29 
student 390: 11 20 48 50 6 32 3 47 43 22 39 42 2 35 30 19 14 4 1 29 40 28 13 21 41 27 44 46 45 10 15 34 25 33 16 23 8 12 36 31 5 7 24 18 9 49 26 37 17 38 
student 391: 11 21 47 49 5 31 1 43 46 20 40 35 7 41 19 17 13 8 2 32 36 27 10 28 37 22 50 42 39 6 12 33 24 34 14 29 4 16 44 30 3 15 18 23 9 48 26 45 25 38 
student 392: 22 18 50 48 2 31 7 47 46 20 38 40 5 39 21 13 10 6 1 33 41 27 11 28 44 26 43 45 42 12 14 37 25 35 17 29 4 15 36 32 3 8 19 16 9 49 24 30 23 34 
student 393: 12 25 48 46 4 30 1 47 49 20 38 43 6 34 17 16 14 9 3 27 39 19 8 32 45 24 41 42 44 10 11 29 28 40 18 22 7 15 36 31 5 2 23 21 13 50 35 37 26 33 
student 394: 16 13 50 47 3 34 7 49 42 19 40 41 8 35 21 22 17 6 1 29 33 32 4 24 44 28 46 48 37 15 11 31 25 45 18 26 5 12 39 38 2 9 23 14 10 43 20 36 27 30 
student 395: 14 24 45 46 1 33 5 37 49 21 38 44 8 39 23 15 10 6 3 31 41 28 11 20 48 27 42 43 47 9 13 36 25 32 18 29 2 12 35 26 4 7 30 16 17 50 19 40 22 34 
student 396: 16 15 44 49 1 32 3 48 42 14 43 38 5 36 17 19 18 11 4 29 40 30 9 22 45 26 46 47 41 7 10 37 25 35 20 24 6 13 34 31 2 8 23 27 12 50 21 39 28 33 
student 397: 11 21 48 50 3 29 2 45 46 23 40 35 14 38 22 12 10 5 1 27 44 26 8 19 41 30 42 43 47 18 16 31 24 36 13 25 4 6 34 37 7 9 28 17 15 49 20 39 32 33 
student 398: 11 17 47 49 1 25 3 46 45 22 39 41 12 35 20 19 14 5 2 33 37 31 16 23 48 24 44 43 42 9 10 34 28 30 13 29 7 15 36 38 4 6 26 18 8 50 21 40 27 32 
student 399: 12 19 46 47 4 38 2 49 48 21 37 44 8 31 15 20 11 6 3 30 39 26 13 23 43 25 45 42 41 9 16 33 28 34 18 29 5 24 36 32 1 7 22 14 10 50 17 40 27 35 
student 400: 11 29 47 50 3 30 4 49 46 21 37 40 2 35 18 16 14 6 12 27 42 26 1 25 45 23 41 44 43 7 10 31 34 36 22 24 13 19 39 32 5 8 17 15 9 48 28 38 20 33 
student 401: 10 22 47 49 2 29 8 48 44 30 37 35 9 36 20 23 13 5 1 34 41 32 6 19 46 21 43 45 42 12 14 38 25 28 15 26 4 16 39 31 3 11 18 27 7 50 17 40 24 33 
student 402: 14 19 48 49 1 28 5 47 44 22 36 38 8 35 20 17 15 2 3 26 40 29 4 24 43 31 46 45 39 11 10 32 27 37 16 30 6 9 41 33 7 12 21 23 13 50 18 42 25 34 
student 403: 13 19 48 49 1 22 4 46 50 27 37 35 10 34 21 16 11 3 9 32 39 26 15 25 40 24 38 47 44 8 14 43 29 36 20 30 2 12 33 31 6 7 17 28 5 45 23 42 18 41 
student 404: 8 20 36 47 3 32 2 49 46 19 42 40 5 38 18 10 9 6 1 30 44 28 7 24 45 29 43 48 41 15 11 33 25 34 23 31 12 17 39 27 4 13 22 16 14 50 21 35 26 37 
student 405: 14 22 49 48 3 33 1 45 47 13 37 42 10 41 19 18 16 4 2 29 39 26 8 25 44 23 46 43 40 15 17 36 28 32 6 27 5 12 35 31 9 7 24 20 11 50 21 38 30 34 
student 406: 12 25 42 49 4 29 2 47 46 19 45 37 3 44 20 15 16 9 1 24 43 31 14 23 39 30 48 40 38 6 8 35 26 33 13 28 7 17 36 32 5 10 22 18 11 50 21 41 27 34 
student 407: 12 21 45 49 4 31 2 46 47 23 39 41 7 34 18 15 14 10 3 29 42 28 9 19 44 26 40 48 43 6 13 38 24 33 17 32 8 16 35 30 5 1 25 22 11 50 20 37 27 36 
student 408: 10 18 47 48 2 30 3 50 46 22 37 38 7 33 21 15 9 11 1 29 42 24 19 14 41 26 43 44 45 13 8 35 31 36 17 25 6 16 32 34 5 12 20 23 4 49 27 39 28 40 
student 409: 12 19 48 50 1 27 5 45 46 23 39 38 3 31 20 18 13 7 2 37 40 26 9 25 44 30 42 43 41 8 11 33 24 34 15 29 6 14 47 32 4 16 21 17 10 49 28 36 22 35 
student 410: 9 18 41 50 1 31 4 48 49 25 40 43 7 32 20 16 19 5 2 30 42 28 11 27 45 26 37 46 44 14 10 36 23 33 15 29 6 13 38 35 12 8 21 17 3 47 24 39 22 34 
student 411: 12 19 50 45 1 28 6 47 44 24 36 38 9 35 25 18 11 5 4 33 39 21 10 23 46 29 43 49 42 8 16 30 27 34 14 31 2 13 40 32 3 7 15 22 17 48 20 41 26 37 
student 412: 13 21 47 49 1 35 4 45 46 19 38 42 5 30 25 7 15 8 2 28 43 27 12 22 34 33 41 48 44 10 23 36 26 39 18 29 3 11 37 32 6 9 14 17 16 50 20 40 24 31 
student 413: 19 22 42 49 2 35 3 50 41 24 39 36 10 40 20 15 14 5 1 33 43 27 12 23 46 26 38 47 44 6 11 30 25 34 17 28 9 16 37 32 4 8 18 13 7 48 21 45 29 31 
student 414: 15 22 39 46 2 33 3 50 48 25 37 43 12 40 24 11 17 5 4 29 38 28 6 21 45 27 42 49 44 8 9 31 23 34 14 30 1 20 41 32 10 7 19 16 13 47 18 35 26 36 
student 415: 10 15 49 48 9 26 4 44 46 23 32 42 6 37 19 22 12 5 1 39 45 29 11 17 41 28 40 50 43 7 16 31 25 30 13 33 3 18 38 34 2 8 27 21 14 47 20 35 24 36 
student 416: 12 17 49 50 1 24 4 44 46 21 34 43 6 32 19 16 18 2 3 29 40 35 14 28 45 27 41 47 42 10 11 33 26 38 15 31 5 13 36 30 7 9 23 20 8 48 25 39 22 37 
student 417: 16 15 47 49 1 30 5 46 44 20 38 37 4 41 17 13 19 6 3 35 42 28 7 23 43 25 45 48 40 11 12 36 27 32 18 29 2 10 31 33 9 14 22 21 8 50 26 39 24 34 
student 418: 14 23 48 50 7 30 1 47 40 25 38 41 3 34 21 22 17 10 2 31 43 28 8 19 46 27 37 44 45 9 13 35 26 33 18 32 5 15 42 29 4 6 11 16 12 49 24 39 20 36 
student 419: 16 20 45 49 1 34 2 46 48 24 42 40 8 38 22 21 12 9 4 26 41 25 13 29 43 32 33 44 19 10 11 35 17 31 18 30 5 14 39 36 3 6 23 15 7 50 27 47 28 37 
student 420: 14 19 45 49 1 33 8 48 40 25 36 39 7 35 30 15 16 5 3 31 42 27 10 20 47 23 38 44 43 9 11 34 28 29 17 32 4 12 41 24 2 6 26 22 13 50 18 46 21 37 
student 421: 16 19 47 48 1 31 3 50 46 22 42 32 12 37 23 10 21 9 5 29 40 28 7 18 41 33 45 49 43 8 15 36 26 35 14 27 2 13 39 30 4 6 24 17 11 44 20 38 25 34 
student 422: 11 16 49 47 1 35 6 50 40 20 37 41 7 33 17 18 13 5 2 30 38 28 10 25 46 22 43 45 44 9 14 32 24 34 21 27 4 15 36 31 3 8 26 19 12 48 23 39 29 42 
student 423: 11 16 44 49 2 39 5 48 46 21 38 45 7 29 20 12 18 13 3 31 40 30 8 25 43 27 42 47 41 4 10 36 22 28 15 35 1 14 32 33 6 9 24 19 17 50 23 37 26 34 
student 424: 13 23 47 49 4 29 5 48 43 22 39 41 9 38 20 19 16 6 1 31 40 28 8 27 50 25 42 44 46 10 12 33 26 32 14 30 7 17 36 34 3 2 15 21 11 45 24 37 18 35 
student 425: 17 11 48 46 3 29 4 49 45 26 35 38 8 39 16 25 14 7 2 32 47 23 9 24 43 21 41 44 42 1 10 33 28 37 18 31 6 15 40 30 5 12 22 19 13 50 20 34 27 36 
student 426: 8 19 48 49 3 23 2 47 37 28 36 39 12 38 22 14 11 4 1 33 44 29 6 27 45 30 43 46 42 10 15 35 25 34 17 31 9 20 40 26 5 7 24 18 13 50 16 41 21 32 
student 427: 13 24 50 49 1 30 4 46 44 21 39 38 7 37 17 16 14 8 2 26 40 32 12 29 43 27 45 48 41 9 11 34 20 33 18 31 5 15 36 25 6 3 28 19 10 47 22 42 23 35 
student 428: 12 23 45 50 1 34 2 44 43 18 38 37 9 39 26 17 14 7 3 31 42 30 11 22 41 25 46 48 49 10 19 35 27 33 13 29 6 28 36 21 5 4 20 16 8 47 15 40 24 32 
student 429: 13 19 46 49 2 33 3 44 47 23 40 45 6 36 31 18 12 7 1 29 39 17 11 32 48 22 41 43 42 5 14 34 25 28 20 27 4 15 38 35 8 9 26 24 10 50 16 37 21 30 
student 430: 12 22 40 48 3 32 2 47 45 26 25 38 7 37 18 15 14 5 1 35 39 28 10 23 46 30 42 49 44 8 13 33 27 34 19 20 9 16 41 31 4 6 21 17 11 50 29 43 24 36 
student 431: 12 14 49 50 2 35 4 48 43 20 40 31 10 38 25 18 13 8 1 36 41 32 9 24 44 23 45 46 42 15 16 33 26 29 22 34 6 17 28 30 3 5 21 11 7 47 19 39 27 37 
student 432: 13 17 46 50 2 31 3 47 44 16 38 40 7 35 22 10 15 5 1 28 39 25 12 26 45 32 41 42 48 11 8 30 29 36 14 27 18 19 37 34 4 6 23 21 9 49 24 43 20 33 
student 433: 9 19 49 50 1 31 2 45 47 22 40 46 8 36 20 17 18 7 6 29 39 27 13 24 42 34 43 44 41 11 14 37 23 32 15 28 4 16 33 30 5 3 25 12 10 48 21 38 26 35 
student 434: 14 19 43 49 1 31 3 50 48 21 44 36 11 23 29 17 10 6 2 27 38 32 12 25 45 22 42 46 41 8 13 33 24 35 18 30 5 16 37 34 4 7 28 15 9 47 20 39 26 40 
student 435: 12 28 48 45 2 27 1 49 47 22 35 46 7 39 18 11 16 5 4 34 40 31 13 19 44 26 37 43 41 17 10 32 33 36 20 29 8 15 38 25 6 3 24 14 9 50 21 42 23 30 
student 436: 14 16 45 47 3 31 4 50 46 19 41 36 10 38 28 9 15 6 1 27 42 24 5 21 48 23 39 44 43 11 12 35 22 37 20 30 7 18 34 32 2 13 26 17 8 49 25 40 33 29 
student 437: 11 17 46 49 2 29 1 48 47 28 34 40 5 33 19 14 10 9 3 24 42 27 8 22 44 32 43 38 41 12 13 31 37 35 20 23 7 18 39 30 4 6 26 16 15 50 21 45 25 36 
student 438: 10 14 46 48 4 33 7 35 45 18 37 39 11 38 25 21 15 9 1 31 44 27 2 24 50 29 43 42 40 3 12 36 22 32 16 28 6 20 41 30 5 13 23 17 8 49 19 47 26 34 
student 439: 15 23 47 49 2 31 3 48 39 22 36 45 5 33 18 17 12 9 6 30 35 25 8 27 46 29 38 43 40 7 11 41 28 34 19 42 1 13 37 32 4 10 16 20 14 50 24 44 21 26 
student 440: 12 24 48 50 1 29 6 45 46 20 40 37 14 36 18 16 17 7 3 27 42 28 11 25 47 26 44 43 41 8 9 33 22 38 15 34 5 10 32 30 2 4 23 19 13 49 21 39 31 35 
student 441: 15 19 45 47 1 31 2 48 46 24 43 44 3 33 17 16 18 6 4 27 39 32 11 20 40 25 41 49 42 8 10 36 23 34 14 28 12 13 35 30 5 7 26 22 9 50 21 37 29 38 
student 442: 14 19 41 48 3 31 4 47 44 20 36 37 8 32 25 15 10 11 1 30 39 26 6 21 40 27 43 45 49 5 13 42 28 34 23 29 2 18 38 33 9 7 16 17 12 50 22 46 24 35 
student 443: 10 27 47 50 1 39 3 48 46 20 33 41 16 38 18 15 13 6 2 32 43 28 9 24 35 23 44 45 42 12 14 34 26 25 19 30 5 11 40 36 4 7 22 17 8 49 21 37 29 31 
student 444: 10 24 48 50 7 30 3 43 45 26 46 36 9 38 20 18 17 6 1 29 37 23 12 27 44 35 41 42 47 8 11 40 28 34 16 32 2 15 33 31 4 5 21 19 13 49 22 39 14 25 
student 445: 13 17 48 49 1 39 4 47 44 23 34 37 9 38 21 20 15 7 3 29 40 28 10 27 42 24 45 46 41 2 11 31 22 33 16 26 6 14 32 30 5 12 19 18 8 50 25 35 43 36 
student 446: 14 15 48 49 4 34 1 45 43 19 38 42 13 37 21 16 12 2 3 29 41 27 20 24 46 33 40 50 44 9 10 31 26 30 18 28 8 6 35 36 5 11 23 17 7 47 22 39 25 32 
student 447: 19 27 45 46 1 24 2 49 50 20 40 44 6 34 21 16 11 7 3 30 41 28 8 23 43 18 36 47 42 12 13 33 26 32 14 29 4 15 37 38 5 9 22 17 10 48 31 39 25 35 
student 448: 12 21 48 41 4 29 3 44 47 23 36 40 8 37 19 20 11 6 16 31 42 30 7 28 45 26 46 49 38 10 14 34 24 35 18 25 5 9 39 33 1 2 22 15 13 50 17 43 27 32 
student 449: 9 14 47 48 2 23 1 46 50 17 28 37 8 36 20 19 15 12 4 30 38 31 3 21 45 34 43 44 40 11 16 35 26 33 13 29 6 22 39 32 5 7 25 18 10 49 24 42 27 41 
student 450: 17 22 42 50 1 31 2 47 41 25 37 39 12 35 14 13 16 4 3 23 43 30 9 21 45 28 44 48 46 8 15 38 27 32 19 29 6 11 36 33 7 5 24 18 10 49 20 40 26 34 
student 451: 11 23 35 44 2 34 3 47 48 25 36 46 5 33 16 12 19 6 1 39 45 31 13 22 43 29 49 41 42 9 14 32 20 30 18 38 7 21 37 28 4 10 27 15 8 50 17 40 24 26 
student 452: 15 23 48 49 2 34 3 47 41 20 25 42 8 39 24 14 16 6 1 36 43 28 12 21 46 22 45 44 40 9 13 35 26 31 17 30 4 10 37 32 7 5 27 18 11 50 19 38 29 33 
student 453: 14 31 44 46 1 32 2 47 43 19 37 41 11 36 18 17 15 7 5 30 40 23 9 25 48 29 39 49 42 8 12 35 26 45 20 28 4 13 33 27 3 6 24 16 10 50 21 38 22 34 
student 454: 15 18 45 46 5 37 6 43 48 19 31 38 4 35 24 21 13 9 2 25 41 28 7 20 39 23 36 50 44 10 17 34 30 32 14 33 3 12 47 42 1 8 27 16 11 49 26 40 29 22 
student 455: 13 16 48 47 2 29 9 50 45 20 40 38 5 34 18 19 17 11 4 31 43 30 8 27 44 26 42 46 41 7 12 35 24 33 14 28 6 15 36 32 1 3 23 21 10 49 25 39 22 37 
student 456: 13 19 47 49 3 34 5 50 45 23 41 40 2 37 20 17 15 1 6 29 38 28 10 25 46 21 43 44 39 7 14 35 26 33 12 30 8 16 36 31 4 9 22 18 11 48 24 42 27 32 
student 457: 10 14 48 46 3 31 2 47 49 19 36 41 12 39 16 18 20 6 1 30 38 28 8 23 44 22 43 45 42 7 15 35 29 34 17 33 4 24 40 26 5 11 27 13 9 50 21 37 25 32 
student 458: 15 23 49 43 2 42 1 50 46 19 37 39 8 38 20 14 12 7 6 36 31 27 9 25 41 29 47 44 45 10 11 33 26 32 16 28 3 21 34 35 4 5 22 17 13 48 18 40 24 30 
student 459: 10 18 46 49 1 35 4 48 37 22 34 42 6 38 24 16 15 5 2 32 43 29 11 26 44 28 41 47 45 9 13 33 23 31 17 30 3 12 39 27 8 7 20 19 14 50 25 40 21 36 
student 460: 9 23 47 50 6 32 2 43 48 21 39 44 10 38 25 15 13 5 1 31 34 24 8 30 36 27 40 46 45 11 19 42 26 29 16 28 4 14 41 37 3 7 18 17 12 49 20 35 22 33 
student 461: 8 15 47 48 1 31 6 49 42 22 46 36 11 32 12 18 16 9 2 30 40 23 13 29 41 25 37 45 44 10 7 39 21 38 17 28 5 20 35 34 3 4 27 24 14 50 19 43 26 33 
student 462: 14 29 46 49 1 28 5 50 44 23 36 38 12 35 20 19 17 9 2 30 41 40 10 18 42 26 48 45 43 8 11 32 27 31 16 21 4 13 37 33 3 6 24 15 7 47 22 39 25 34 
student 463: 16 20 49 47 7 30 2 43 46 21 38 45 14 29 24 17 11 6 1 32 41 23 13 26 39 25 42 44 48 10 15 37 22 40 9 31 4 18 35 33 5 3 27 19 8 50 12 36 28 34 
student 464: 19 22 47 48 1 31 5 50 44 14 35 37 13 32 23 17 10 11 4 34 39 25 8 21 45 30 43 46 42 9 15 38 28 33 18 26 3 16 40 36 6 2 27 12 7 49 24 41 20 29 
student 465: 12 19 50 47 1 21 2 48 42 27 43 44 8 36 17 15 13 18 4 32 38 25 11 24 45 29 41 46 39 7 9 37 30 34 16 31 5 14 40 26 3 10 23 20 6 49 22 35 28 33 
student 466: 10 13 50 48 3 32 6 46 45 20 34 38 8 40 17 19 14 2 1 31 39 30 15 24 44 26 41 47 43 9 5 42 28 33 18 29 7 11 27 35 4 16 22 21 12 49 23 37 25 36 
student 467: 14 16 45 49 3 32 2 47 40 23 37 38 4 29 20 19 17 9 1 25 50 24 7 31 39 22 42 48 44 13 15 35 30 34 12 26 6 11 43 36 5 8 27 18 10 46 21 41 28 33 
student 468: 11 26 46 48 2 23 4 47 43 18 39 41 6 34 16 14 15 5 3 33 35 28 10 25 42 29 44 49 45 13 7 38 30 36 12 32 1 17 37 31 8 9 24 21 19 50 20 40 27 22 
student 469: 11 16 47 49 2 29 9 45 43 17 40 42 13 36 20 22 15 12 5 34 37 24 7 23 48 27 44 41 46 4 8 35 31 33 18 30 3 14 39 28 1 6 21 19 10 50 25 38 26 32 
student 470: 17 22 42 50 5 29 2 49 47 19 40 38 9 36 23 16 21 7 1 27 44 26 10 25 46 32 43 39 45 11 12 35 30 31 18 28 3 14 37 33 4 6 24 15 8 48 20 41 13 34 
student 471: 21 20 45 49 1 28 5 44 48 22 38 47 7 35 29 14 13 4 6 27 41 30 2 19 43 23 40 46 42 8 12 32 25 34 16 33 3 17 37 31 9 10 24 15 11 50 18 39 26 36 
student 472: 11 25 43 48 2 30 4 50 46 21 40 36 8 37 15 16 14 6 3 31 39 33 13 22 41 26 42 47 45 12 10 32 24 28 18 27 5 17 44 35 1 7 20 23 9 49 19 38 34 29 
student 473: 10 20 50 49 4 31 5 40 45 25 34 44 3 43 19 17 16 2 1 38 42 28 11 22 41 30 46 47 37 9 14 36 24 32 15 27 7 12 33 29 6 8 23 18 13 48 21 39 26 35 
student 474: 14 18 44 50 1 30 5 47 46 26 43 35 7 37 25 22 15 4 3 24 39 29 11 19 45 28 40 49 42 9 12 31 27 33 23 32 6 16 41 34 2 10 21 13 8 48 17 38 20 36 
student 475: 15 20 47 50 12 34 2 42 43 24 38 39 6 28 19 13 17 5 1 32 45 29 9 21 48 27 41 44 46 4 11 36 23 33 16 31 7 14 37 30 3 8 26 18 10 49 25 40 22 35 
student 476: 17 16 45 49 1 30 3 48 42 18 35 43 9 34 24 15 12 6 2 26 46 28 10 25 40 23 38 47 44 11 4 41 31 32 21 29 5 19 37 36 7 8 22 14 13 50 20 39 27 33 
student 477: 13 20 46 49 2 35 7 50 45 21 41 36 11 38 22 16 15 5 1 30 39 28 9 23 44 25 42 47 43 10 12 40 24 32 14 19 4 17 33 34 3 6 27 18 8 48 26 29 31 37 
student 478: 23 17 45 50 4 32 1 47 46 21 35 41 9 40 20 13 12 7 3 31 44 27 11 18 42 24 43 49 39 10 5 37 30 26 15 29 6 14 34 33 2 8 25 16 19 48 22 36 28 38 
student 479: 10 20 43 50 8 28 1 49 46 24 44 37 5 34 23 19 14 4 3 31 41 25 9 27 38 32 42 48 45 7 15 35 22 36 11 21 6 17 29 39 2 16 30 13 12 47 18 40 26 33 
student 480: 9 18 49 48 3 24 4 43 47 21 30 38 6 39 17 19 10 8 5 40 42 34 15 23 37 26 41 46 45 14 16 35 33 29 13 36 2 12 31 27 1 11 28 20 7 50 22 32 25 44 
student 481: 18 14 40 48 3 29 6 49 43 21 39 44 9 36 20 15 11 2 1 30 41 25 8 26 47 24 42 45 35 5 13 34 31 33 16 27 7 12 37 32 4 17 23 19 10 50 22 46 28 38 
student 482: 14 19 43 48 7 28 1 49 40 25 41 42 4 36 23 12 16 9 5 26 45 30 8 29 50 27 39 47 46 10 13 37 24 34 20 31 6 15 35 32 3 2 22 17 11 44 18 38 21 33 
student 483: 10 19 49 47 7 33 1 45 48 29 38 36 11 35 18 20 12 4 3 28 40 30 9 17 42 26 43 44 46 5 22 37 27 34 15 23 6 14 39 31 2 8 24 16 13 50 21 41 25 32 
student 484: 15 21 50 47 2 30 3 46 42 20 37 34 6 33 19 16 14 7 1 28 40 27 11 22 45 26 43 48 44 12 13 36 35 32 23 29 9 10 39 31 5 4 17 18 8 49 25 41 24 38 
student 485: 18 16 43 45 4 34 1 48 46 24 37 36 10 35 19 21 14 3 5 29 40 32 13 26 39 27 41 47 42 12 8 33 22 28 17 30 2 9 44 25 6 11 31 15 7 50 23 38 20 49 
student 486: 14 18 46 48 4 34 2 47 50 20 39 41 8 37 17 19 15 7 1 28 40 30 9 25 44 29 42 45 43 11 16 32 24 33 23 26 3 12 38 31 6 5 21 13 10 49 22 36 27 35 
student 487: 17 20 47 48 3 31 4 49 44 26 32 39 9 34 25 15 13 8 1 33 40 29 6 27 41 23 43 45 46 10 14 36 30 38 19 35 7 12 42 24 2 5 22 16 11 50 18 37 21 28 
student 488: 13 21 48 43 6 32 4 46 41 23 39 40 10 28 16 18 15 8 1 30 45 29 3 27 49 26 44 47 42 7 12 37 24 34 17 31 5 14 38 33 2 11 22 19 9 50 20 36 25 35 
student 489: 12 25 49 44 2 28 6 50 48 17 38 47 7 39 23 19 15 3 1 29 33 27 10 20 43 24 41 45 42 11 13 37 30 34 14 35 5 16 36 31 4 8 26 22 9 46 18 40 21 32 
student 490: 8 20 49 48 4 35 2 47 44 14 37 38 9 34 23 11 15 3 1 32 40 29 10 24 45 28 42 46 43 13 17 36 25 31 21 27 6 18 41 30 5 12 22 16 7 50 19 39 26 33 
student 491: 9 19 39 50 1 32 3 49 44 20 38 45 13 37 12 16 17 6 4 27 41 29 8 28 46 24 40 48 42 7 11 35 26 33 18 30 2 15 36 34 5 14 22 23 10 47 25 43 21 31 
student 492: 8 18 49 50 11 28 2 48 45 20 35 39 5 40 10 9 16 14 1 32 36 22 7 25 44 24 41 46 43 15 4 33 29 34 26 37 6 17 38 27 12 3 30 19 13 47 23 42 21 31 
student 493: 11 22 48 46 1 34 5 50 47 21 40 38 7 35 15 18 16 8 3 33 37 28 9 24 45 29 44 41 43 10 17 39 26 36 19 32 4 14 30 31 2 6 23 12 13 49 20 42 25 27 
student 494: 8 15 50 45 3 27 1 43 44 17 37 38 7 36 21 10 9 13 11 26 46 29 6 24 49 28 40 48 42 18 12 31 25 32 19 33 5 16 35 34 2 4 20 22 14 47 23 39 30 41 
student 495: 7 16 50 47 2 32 3 48 49 23 38 40 12 37 24 13 9 5 1 26 33 30 18 22 42 27 44 46 43 11 20 36 28 34 14 29 4 10 39 31 6 15 17 21 19 45 8 41 25 35 
student 496: 13 21 46 49 3 35 11 44 37 20 41 39 8 40 19 18 16 5 1 27 47 32 14 23 43 25 36 48 45 7 10 33 24 38 12 31 6 17 34 30 2 4 26 15 9 50 22 42 28 29 
student 497: 4 15 48 50 3 24 2 44 47 18 41 40 13 35 22 21 9 6 1 30 42 29 17 26 45 28 43 46 33 7 12 36 27 32 19 31 8 14 38 34 5 10 20 16 11 49 25 39 23 37 
student 498: 9 16 46 49 3 29 2 48 44 17 40 34 5 37 24 15 20 8 6 30 41 31 11 23 45 26 43 47 42 7 18 36 27 33 19 28 4 12 38 35 1 10 21 13 14 50 22 39 25 32 
student 499: 14 20 48 49 10 30 4 45 47 27 37 39 8 38 21 15 11 2 1 29 40 28 5 24 41 26 46 44 42 13 9 36 22 31 18 33 3 16 32 35 7 6 23 17 12 50 19 43 25 34 
